

=== RX BOOT - BER TEST MODE ===
MOD=OOK (20 kHz carrier, adaptive threshold)
BPS_MODE=40 (HALF_SAMPLES=1000, 5000 samples/bit @ 200000 Hz)
Expect: 64-bit preamble + Barker13 (1F35h, gated by 8 preamble bits = 0x55) + 511-bit PRBS-9
Noise floor band: 5000 Hz; lock threshold: BER<0.10
Auto-stop: test will halt 25 min after the first sync.
RX: edge-tracking sync, center-3 voting
Starting decoder...

BER: SYNC #1 (gated)
CSV,5008,1000,1,0,0,67,17,2.537313e-01,0.000000e+00,2432.6,233483.2,3951.4,17.72,19.82
CSV,10008,2000,1,0,0,265,111,4.188679e-01,0.000000e+00,2469.6,211607.8,4932.7,16.32,19.33
CSV,15008,3000,1,0,0,465,216,4.645161e-01,0.000000e+00,2260.9,326671.6,3378.2,19.85,21.60
BER: END_SEQ #1 [SLIP] seq_err=237 BER_seq=4.6380e-01 | lock=0 slip=1 BER_cond=0.0000e+00 BER_cum=4.6380e-01
BER: SYNC #2 (gated)
CSV,20008,4000,2,0,1,592,268,4.527027e-01,0.000000e+00,2664.5,178362.7,4922.4,15.59,18.26
CSV,25008,5000,2,0,1,789,364,4.613435e-01,0.000000e+00,2604.3,102652.5,5172.7,12.98,15.96
CSV,30008,6000,2,0,1,987,455,4.609929e-01,0.000000e+00,2700.5,71208.5,4582.7,11.91,14.21
BER: END_SEQ #2 [SLIP] seq_err=234 BER_seq=4.5793e-01 | lock=0 slip=2 BER_cond=0.0000e+00 BER_cum=4.6086e-01
BER: SYNC #3 (gated)
CSV,35008,7000,3,0,2,1109,508,4.580703e-01,0.000000e+00,2803.1,46983.7,4507.2,10.18,12.24
CSV,40008,8000,3,0,2,1306,603,4.617152e-01,0.000000e+00,2345.2,36527.6,4046.3,9.56,11.92
CSV,45008,9000,3,0,2,1502,708,4.713715e-01,0.000000e+00,2540.0,39962.9,4475.0,9.51,11.97
BER: END_SEQ #3 [SLIP] seq_err=251 BER_seq=4.9119e-01 | lock=0 slip=3 BER_cond=0.0000e+00 BER_cum=4.7097e-01
CSV,50008,10000,3,0,3,1533,722,4.709719e-01,0.000000e+00,2456.2,36927.1,3929.9,9.73,11.77
CSV,55008,11000,3,0,3,1533,722,4.709719e-01,0.000000e+00,2339.6,31599.1,3902.0,9.08,11.31
CSV,60008,12000,3,0,3,1533,722,4.709719e-01,0.000000e+00,2452.2,34773.4,3781.5,9.64,11.52
CSV,65008,13000,3,0,3,1533,722,4.709719e-01,0.000000e+00,2373.2,33662.3,4100.6,9.14,11.52
CSV,70008,14000,3,0,3,1533,722,4.709719e-01,0.000000e+00,2378.9,30800.1,3850.6,9.03,11.12
CSV,75008,15000,3,0,3,1533,722,4.709719e-01,0.000000e+00,2200.7,32449.1,4175.1,8.91,11.69
BER: SYNC #4 (gated)
CSV,80008,16000,4,0,3,1650,771,4.672727e-01,0.000000e+00,2310.1,34121.4,4027.0,9.28,11.69
CSV,85008,17000,4,0,3,1846,869,4.707476e-01,0.000000e+00,2248.3,31946.2,3870.3,9.17,11.53
CSV,90008,18000,4,0,3,2042,975,4.774731e-01,0.000000e+00,2120.4,35724.8,4006.0,9.50,12.27
BER: END_SEQ #4 [SLIP] seq_err=254 BER_seq=4.9706e-01 | lock=0 slip=4 BER_cond=0.0000e+00 BER_cum=4.7750e-01
CSV,95008,19000,4,0,4,2044,976,4.774951e-01,0.000000e+00,2544.1,30292.7,3940.2,8.86,10.76
CSV,100008,20000,4,0,4,2044,976,4.774951e-01,0.000000e+00,2298.0,32919.5,3772.3,9.41,11.56
CSV,105008,21000,4,0,4,2044,976,4.774951e-01,0.000000e+00,2369.3,32980.8,3853.5,9.32,11.44
CSV,110008,22000,4,0,4,2044,976,4.774951e-01,0.000000e+00,2338.9,31490.1,3819.5,9.16,11.29
CSV,115008,23000,4,0,4,2044,976,4.774951e-01,0.000000e+00,2267.8,33422.6,3497.4,9.80,11.68
CSV,120008,24000,4,0,4,2044,976,4.774951e-01,0.000000e+00,2229.5,32760.5,3795.1,9.36,11.67
BER: SYNC #5 (gated)
CSV,125008,25000,5,0,4,2202,1023,4.645776e-01,0.000000e+00,2131.0,29452.4,3669.5,9.05,11.41
CSV,130008,26000,5,0,4,2395,1129,4.713987e-01,0.000000e+00,2242.7,31150.5,4069.4,8.84,11.43
BER: END_SEQ #5 [SLIP] seq_err=227 BER_seq=4.4423e-01 | lock=0 slip=5 BER_cond=0.0000e+00 BER_cum=4.7084e-01
CSV,135008,27000,5,0,5,2555,1203,4.708415e-01,0.000000e+00,2368.8,31146.8,4039.0,8.87,11.19
CSV,140008,28000,5,0,5,2555,1203,4.708415e-01,0.000000e+00,2223.6,30316.5,3817.9,9.00,11.35
CSV,145008,29000,5,0,5,2555,1203,4.708415e-01,0.000000e+00,2351.0,31696.8,4047.8,8.94,11.30
CSV,150008,30000,5,0,5,2555,1203,4.708415e-01,0.000000e+00,2412.9,31439.2,4061.8,8.89,11.15
BER: SYNC #6 (gated)
CSV,155008,31000,6,0,5,2736,1296,4.736842e-01,0.000000e+00,2462.9,29085.1,3946.4,8.67,10.72
CSV,160008,32000,6,0,5,2930,1398,4.771331e-01,0.000000e+00,2218.5,31498.5,3780.2,9.21,11.52
BER: END_SEQ #6 [SLIP] seq_err=259 BER_seq=5.0685e-01 | lock=0 slip=6 BER_cond=0.0000e+00 BER_cum=4.7684e-01
CSV,165008,33000,6,0,6,3066,1462,4.768428e-01,0.000000e+00,2525.1,31067.4,3843.6,9.08,10.90
CSV,170008,34000,6,0,6,3066,1462,4.768428e-01,0.000000e+00,2135.1,28779.6,3597.1,9.03,11.30
CSV,175008,35000,6,0,6,3066,1462,4.768428e-01,0.000000e+00,2274.8,32112.5,3696.7,9.39,11.50
BER: SYNC #7 (gated)
CSV,180008,36000,7,0,6,3072,1463,4.762370e-01,0.000000e+00,2213.3,33595.0,3935.8,9.31,11.81
CSV,185008,37000,7,0,6,3266,1561,4.779547e-01,0.000000e+00,2352.5,28964.5,3877.5,8.73,10.90
CSV,190008,38000,7,0,6,3464,1665,4.806582e-01,0.000000e+00,2254.3,32584.2,3764.6,9.37,11.60
BER: END_SEQ #7 [SLIP] seq_err=260 BER_seq=5.0881e-01 | lock=0 slip=7 BER_cond=0.0000e+00 BER_cum=4.8141e-01
BER: SYNC #8 (gated)
CSV,195008,39000,8,0,7,3596,1728,4.805339e-01,0.000000e+00,2618.6,33053.8,4190.7,8.97,11.01
CSV,200008,40000,8,0,7,3791,1828,4.821947e-01,0.000000e+00,2191.9,28198.8,3833.6,8.67,11.09
CSV,205008,41000,8,0,7,3989,1936,4.853347e-01,0.000000e+00,2319.3,31432.5,3872.4,9.09,11.32
BER: END_SEQ #8 [SLIP] seq_err=267 BER_seq=5.2250e-01 | lock=0 slip=8 BER_cond=0.0000e+00 BER_cum=4.8655e-01
BER: SYNC #9 (gated)
CSV,210008,42000,9,0,8,4119,2000,4.855548e-01,0.000000e+00,2482.5,32853.6,4149.0,8.99,11.22
CSV,215008,43000,9,0,8,4314,2101,4.870190e-01,0.000000e+00,2344.8,29275.1,4153.7,8.48,10.96
CSV,220008,44000,9,0,8,4510,2196,4.869180e-01,0.000000e+00,2262.2,31335.1,3755.8,9.21,11.41
BER: END_SEQ #9 [SLIP] seq_err=246 BER_seq=4.8141e-01 | lock=0 slip=9 BER_cond=0.0000e+00 BER_cum=4.8598e-01
CSV,225008,45000,9,0,9,4599,2235,4.859752e-01,0.000000e+00,2399.1,31455.2,3796.7,9.18,11.18
CSV,230008,46000,9,0,9,4599,2235,4.859752e-01,0.000000e+00,2320.3,27804.3,4025.6,8.39,10.79
CSV,235008,47000,9,0,9,4599,2235,4.859752e-01,0.000000e+00,2309.4,31375.9,3979.9,8.97,11.33
CSV,240008,48000,9,0,9,4599,2235,4.859752e-01,0.000000e+00,2404.9,30254.9,3845.7,8.96,11.00
CSV,245008,49000,9,0,9,4599,2235,4.859752e-01,0.000000e+00,2246.1,28583.2,3669.2,8.92,11.05
CSV,250008,50000,9,0,9,4599,2235,4.859752e-01,0.000000e+00,2356.0,32552.3,3954.1,9.16,11.40
BER: SYNC #10 (gated)
CSV,255008,51000,10,0,9,4661,2268,4.865909e-01,0.000000e+00,2158.4,31316.2,3748.5,9.22,11.62
CSV,260008,52000,10,0,9,4852,2349,4.841303e-01,0.000000e+00,2176.8,28068.0,3760.8,8.73,11.10
CSV,265008,53000,10,0,9,5050,2458,4.867327e-01,0.000000e+00,2238.7,31088.6,3686.1,9.26,11.43
BER: END_SEQ #10 [SLIP] seq_err=258 BER_seq=5.0489e-01 | lock=0 slip=10 BER_cond=0.0000e+00 BER_cum=4.8787e-01
BER: SYNC #11 (gated)
CSV,270008,54000,11,0,10,5185,2532,4.883317e-01,0.000000e+00,2556.7,33475.8,4023.0,9.20,11.17
CSV,275008,55000,11,0,10,5380,2625,4.879182e-01,0.000000e+00,2108.9,26714.8,3890.6,8.37,11.03
CSV,280008,56000,11,0,10,5575,2722,4.882511e-01,0.000000e+00,2340.8,33018.1,4045.3,9.12,11.49
BER: END_SEQ #11 [SLIP] seq_err=253 BER_seq=4.9511e-01 | lock=0 slip=11 BER_cond=0.0000e+00 BER_cum=4.8853e-01
BER: SYNC #12 (gated)
CSV,285008,57000,12,0,11,5710,2758,4.830123e-01,0.000000e+00,2515.3,32664.0,4266.9,8.84,11.13
CSV,290008,58000,12,0,11,5907,2860,4.841713e-01,0.000000e+00,2310.7,28460.9,3994.6,8.53,10.91
CSV,295008,59000,12,0,11,6104,2962,4.852556e-01,0.000000e+00,2166.9,30295.5,4036.3,8.75,11.46
BER: END_SEQ #12 [SLIP] seq_err=233 BER_seq=4.5597e-01 | lock=0 slip=12 BER_cond=0.0000e+00 BER_cum=4.8581e-01
BER: SYNC #13 (gated)
CSV,300008,60000,13,0,12,6231,3032,4.865993e-01,0.000000e+00,2668.4,33821.4,4117.8,9.15,11.03
CSV,305008,61000,13,0,12,6430,3140,4.883359e-01,0.000000e+00,2175.9,28689.2,3802.9,8.78,11.20
CSV,310008,62000,13,0,12,6629,3239,4.886107e-01,0.000000e+00,2242.5,31164.7,4360.3,8.54,11.43
BER: END_SEQ #13 [SLIP] seq_err=267 BER_seq=5.2250e-01 | lock=0 slip=13 BER_cond=0.0000e+00 BER_cum=4.8863e-01
CSV,315008,63000,13,0,13,6643,3246,4.886346e-01,0.000000e+00,2406.8,32974.2,3968.4,9.20,11.37
CSV,320008,64000,13,0,13,6643,3246,4.886346e-01,0.000000e+00,2246.8,27220.2,3947.1,8.39,10.83
CSV,325008,65000,13,0,13,6643,3246,4.886346e-01,0.000000e+00,2217.9,31991.8,3965.9,9.07,11.59
BER: SYNC #14 (gated)
CSV,330008,66000,14,0,13,6763,3301,4.880970e-01,0.000000e+00,2156.6,28864.6,3923.0,8.67,11.27
CSV,335008,67000,14,0,13,6959,3403,4.890071e-01,0.000000e+00,2254.4,29378.9,3979.3,8.68,11.15
BER: END_SEQ #14 [SLIP] seq_err=259 BER_seq=5.0685e-01 | lock=0 slip=14 BER_cond=0.0000e+00 BER_cum=4.8994e-01
CSV,340008,68000,14,0,14,7154,3505,4.899357e-01,0.000000e+00,2383.6,31873.8,4364.0,8.64,11.26
CSV,345008,69000,14,0,14,7154,3505,4.899357e-01,0.000000e+00,2328.0,27013.9,3964.3,8.33,10.65
CSV,350008,70000,14,0,14,7154,3505,4.899357e-01,0.000000e+00,2288.4,30492.7,4005.9,8.81,11.25
CSV,355008,71000,14,0,14,7154,3505,4.899357e-01,0.000000e+00,2412.7,31418.6,4132.5,8.81,11.15
BER: SYNC #15 (gated)
CSV,360008,72000,15,0,14,7302,3528,4.831553e-01,0.000000e+00,2276.5,28396.8,3689.5,8.86,10.96
CSV,365008,73000,15,0,14,7497,3624,4.833934e-01,0.000000e+00,2363.1,28748.7,3667.3,8.94,10.85
BER: END_SEQ #15 [SLIP] seq_err=210 BER_seq=4.1096e-01 | lock=0 slip=15 BER_cond=0.0000e+00 BER_cum=4.8467e-01
CSV,370008,74000,15,0,15,7665,3715,4.846706e-01,0.000000e+00,2313.5,30350.6,3959.9,8.84,11.18
CSV,375008,75000,15,0,15,7665,3715,4.846706e-01,0.000000e+00,2271.4,27628.8,3786.3,8.63,10.85
CSV,380008,76000,15,0,15,7665,3715,4.846706e-01,0.000000e+00,2228.5,29854.8,3628.2,9.15,11.27
CSV,385008,77000,15,0,15,7665,3715,4.846706e-01,0.000000e+00,2403.8,30644.4,3878.2,8.98,11.05
BER: SYNC #16 (gated)
CSV,390008,78000,16,0,15,7830,3785,4.833972e-01,0.000000e+00,2250.9,27090.1,3564.8,8.81,10.80
CSV,395008,79000,16,0,15,8029,3891,4.846182e-01,0.000000e+00,2327.1,29614.2,3887.7,8.82,11.05
BER: END_SEQ #16 [SLIP] seq_err=255 BER_seq=4.9902e-01 | lock=0 slip=16 BER_cond=0.0000e+00 BER_cum=4.8557e-01
CSV,400008,80000,16,0,16,8176,3970,4.855675e-01,0.000000e+00,2341.5,27645.8,3904.9,8.50,10.72
CSV,405008,81000,16,0,16,8176,3970,4.855675e-01,0.000000e+00,2299.8,27517.3,3891.9,8.49,10.78
CSV,410008,82000,16,0,16,8176,3970,4.855675e-01,0.000000e+00,2080.4,28740.9,3689.3,8.92,11.40
CSV,415008,83000,16,0,16,8176,3970,4.855675e-01,0.000000e+00,2269.0,30511.9,3773.1,9.08,11.29
CSV,420008,84000,16,0,16,8176,3970,4.855675e-01,0.000000e+00,2243.2,27022.4,3838.7,8.48,10.81
CSV,425008,85000,16,0,16,8176,3970,4.855675e-01,0.000000e+00,2298.9,30221.1,3807.0,9.00,11.19
BER: SYNC #17 (gated)
CSV,430008,86000,17,0,16,8182,3971,4.853337e-01,0.000000e+00,2236.5,31343.1,3972.2,8.97,11.47
CSV,435008,87000,17,0,16,8375,4058,4.845373e-01,0.000000e+00,2281.6,26198.1,3520.8,8.72,10.60
CSV,440008,88000,17,0,16,8572,4168,4.862342e-01,0.000000e+00,2270.4,28002.3,3767.6,8.71,10.91
BER: END_SEQ #17 [SLIP] seq_err=251 BER_seq=4.9119e-01 | lock=0 slip=17 BER_cond=0.0000e+00 BER_cum=4.8590e-01
CSV,445008,89000,17,0,17,8687,4221,4.858985e-01,0.000000e+00,2328.3,29015.9,3992.6,8.61,10.96
CSV,450008,90000,17,0,17,8687,4221,4.858985e-01,0.000000e+00,2268.1,26348.4,3887.8,8.31,10.65
CSV,455008,91000,17,0,17,8687,4221,4.858985e-01,0.000000e+00,2338.5,29822.5,3629.1,9.15,11.06
CSV,460008,92000,17,0,17,8687,4221,4.858985e-01,0.000000e+00,2224.7,31749.3,3767.5,9.26,11.54
CSV,465008,93000,17,0,17,8687,4221,4.858985e-01,0.000000e+00,2302.9,26308.2,3919.8,8.27,10.58
CSV,470008,94000,17,0,17,8687,4221,4.858985e-01,0.000000e+00,2488.9,28303.8,3774.4,8.75,10.56
BER: SYNC #18 (gated)
CSV,475008,95000,18,0,17,8729,4222,4.836751e-01,0.000000e+00,2261.0,28760.4,3963.5,8.61,11.05
CSV,480008,96000,18,0,17,8923,4316,4.836938e-01,0.000000e+00,2157.6,26563.3,3793.8,8.45,10.90
CSV,485008,97000,18,0,17,9117,4414,4.841505e-01,0.000000e+00,2300.2,28461.5,4060.0,8.46,10.92
BER: END_SEQ #18 [SLIP] seq_err=233 BER_seq=4.5597e-01 | lock=0 slip=18 BER_cond=0.0000e+00 BER_cum=4.8424e-01
BER: SYNC #19 (gated)
CSV,490008,98000,19,0,18,9252,4454,4.814094e-01,0.000000e+00,2480.2,30171.2,4051.0,8.72,10.85
CSV,495008,99000,19,0,18,9451,4536,4.799492e-01,0.000000e+00,2240.2,26384.7,3827.7,8.38,10.71
CSV,500008,100000,19,0,18,9648,4642,4.811360e-01,0.000000e+00,2345.1,28802.6,3922.8,8.66,10.89
BER: END_SEQ #19 [SLIP] seq_err=219 BER_seq=4.2857e-01 | lock=0 slip=19 BER_cond=0.0000e+00 BER_cum=4.8131e-01
BER: SYNC #20 (gated)
CSV,505008,101000,20,0,19,9773,4704,4.813261e-01,0.000000e+00,2340.9,29299.4,3937.8,8.72,10.97
CSV,510008,102000,20,0,19,9968,4800,4.815409e-01,0.000000e+00,2369.7,26329.7,3849.2,8.35,10.46
CSV,515008,103000,20,0,19,10165,4906,4.826365e-01,0.000000e+00,2234.5,28403.1,3825.5,8.71,11.04
BER: END_SEQ #20 [SLIP] seq_err=261 BER_seq=5.1076e-01 | lock=0 slip=20 BER_cond=0.0000e+00 BER_cum=4.8278e-01
CSV,520008,104000,20,0,20,10220,4934,4.827789e-01,0.000000e+00,2500.6,29397.4,3810.6,8.87,10.70
CSV,525008,105000,20,0,20,10220,4934,4.827789e-01,0.000000e+00,2296.7,24003.7,4049.5,7.73,10.19
CSV,530008,106000,20,0,20,10220,4934,4.827789e-01,0.000000e+00,2364.2,29436.6,3916.3,8.76,10.95
CSV,535008,107000,20,0,20,10220,4934,4.827789e-01,0.000000e+00,2351.7,29097.9,3926.2,8.70,10.92
CSV,540008,108000,20,0,20,10220,4934,4.827789e-01,0.000000e+00,2381.3,26165.8,4097.6,8.05,10.41
CSV,545008,109000,20,0,20,10220,4934,4.827789e-01,0.000000e+00,2335.8,28184.8,3970.2,8.51,10.82
CSV,550008,110000,20,0,20,10220,4934,4.827789e-01,0.000000e+00,2306.5,28785.1,3756.2,8.84,10.96
CSV,555008,111000,20,0,20,10220,4934,4.827789e-01,0.000000e+00,2095.0,24845.2,3774.0,8.18,10.74
CSV,560008,112000,20,0,20,10220,4934,4.827789e-01,0.000000e+00,2101.6,28488.7,3666.5,8.90,11.32
BER: SYNC #21 (gated)
CSV,565008,113000,21,0,20,10328,4988,4.829589e-01,0.000000e+00,2357.9,28472.8,3932.4,8.60,10.82
CSV,570008,114000,21,0,20,10522,5078,4.826079e-01,0.000000e+00,2314.5,25640.9,3968.6,8.10,10.44
CSV,575008,115000,21,0,20,10717,5175,4.828777e-01,0.000000e+00,2327.5,29092.1,3821.7,8.82,10.97
BER: END_SEQ #21 [SLIP] seq_err=248 BER_seq=4.8532e-01 | lock=0 slip=21 BER_cond=0.0000e+00 BER_cum=4.8290e-01
CSV,580008,116000,21,0,21,10731,5182,4.829000e-01,0.000000e+00,2476.6,27390.2,4096.1,8.25,10.44
CSV,585008,117000,21,0,21,10731,5182,4.829000e-01,0.000000e+00,2222.1,25850.4,3743.2,8.39,10.66
CSV,590008,118000,21,0,21,10731,5182,4.829000e-01,0.000000e+00,2175.1,28147.5,3674.4,8.84,11.12
CSV,595008,119000,21,0,21,10731,5182,4.829000e-01,0.000000e+00,2226.9,23767.7,3515.4,8.30,10.28
CSV,600008,120000,21,0,21,10731,5182,4.829000e-01,0.000000e+00,2151.2,27386.5,3839.7,8.53,11.05
CSV,605008,121000,21,0,21,10731,5182,4.829000e-01,0.000000e+00,2163.7,27565.7,3832.7,8.57,11.05
BER: SYNC #22 (gated)
CSV,610008,122000,22,0,21,10876,5251,4.828062e-01,0.000000e+00,2290.0,26215.8,3764.5,8.43,10.59
CSV,615008,123000,22,0,21,11070,5352,4.834688e-01,0.000000e+00,2224.9,29050.5,3597.5,9.07,11.16
BER: END_SEQ #22 [SLIP] seq_err=267 BER_seq=5.2250e-01 | lock=0 slip=22 BER_cond=0.0000e+00 BER_cum=4.8470e-01
CSV,620008,124000,22,0,22,11242,5449,4.847002e-01,0.000000e+00,2518.3,31246.3,4279.9,8.63,10.94
BER: SYNC #23 (gated)
CSV,625008,125000,23,0,22,11399,5519,4.841653e-01,0.000000e+00,2228.5,26595.6,3991.1,8.24,10.77
CSV,630008,126000,23,0,22,11591,5624,4.852040e-01,0.000000e+00,2161.2,28190.5,3725.0,8.79,11.15
BER: END_SEQ #23 [SLIP] seq_err=261 BER_seq=5.1076e-01 | lock=0 slip=23 BER_cond=0.0000e+00 BER_cum=4.8583e-01
CSV,635008,127000,23,0,23,11753,5710,4.858334e-01,0.000000e+00,2449.4,27781.4,3929.1,8.49,10.55
CSV,640008,128000,23,0,23,11753,5710,4.858334e-01,0.000000e+00,2244.8,24777.3,4059.3,7.86,10.43
CSV,645008,129000,23,0,23,11753,5710,4.858334e-01,0.000000e+00,2314.1,28910.4,3917.6,8.68,10.97
CSV,650008,130000,23,0,23,11753,5710,4.858334e-01,0.000000e+00,2190.4,27638.4,3964.4,8.43,11.01
CSV,655008,131000,23,0,23,11753,5710,4.858334e-01,0.000000e+00,2263.0,26474.8,4008.8,8.20,10.68
CSV,660008,132000,23,0,23,11753,5710,4.858334e-01,0.000000e+00,2188.7,28915.0,4208.6,8.37,11.21
CSV,665008,133000,23,0,23,11753,5710,4.858334e-01,0.000000e+00,2267.5,29162.5,3846.5,8.80,11.09
CSV,670008,134000,23,0,23,11753,5710,4.858334e-01,0.000000e+00,2354.1,25017.5,3801.7,8.18,10.26
CSV,675008,135000,23,0,23,11753,5710,4.858334e-01,0.000000e+00,2274.2,28161.6,3666.6,8.85,10.93
BER: SYNC #24 (gated)
CSV,680008,136000,24,0,23,11759,5710,4.855855e-01,0.000000e+00,2449.6,29846.0,3931.0,8.80,10.86
CSV,685008,137000,24,0,23,11954,5773,4.829346e-01,0.000000e+00,2289.8,25863.8,3694.1,8.45,10.53
CSV,690008,138000,24,0,23,12150,5872,4.832922e-01,0.000000e+00,2264.6,27743.1,3757.4,8.68,10.88
BER: END_SEQ #24 [SLIP] seq_err=223 BER_seq=4.3640e-01 | lock=0 slip=24 BER_cond=0.0000e+00 BER_cum=4.8377e-01
BER: SYNC #25 (gated)
CSV,695008,139000,25,0,24,12282,5933,4.830647e-01,0.000000e+00,2678.3,28978.3,4027.2,8.57,10.34
CSV,700008,140000,25,0,24,12474,6027,4.831650e-01,0.000000e+00,2377.5,24910.2,3878.7,8.08,10.20
CSV,705008,141000,25,0,24,12670,6133,4.840568e-01,0.000000e+00,2124.2,27472.2,3841.4,8.54,11.12
BER: END_SEQ #25 [SLIP] seq_err=248 BER_seq=4.8532e-01 | lock=0 slip=25 BER_cond=0.0000e+00 BER_cum=4.8384e-01
CSV,710008,142000,25,0,25,12775,6181,4.838356e-01,0.000000e+00,2437.1,29118.6,3843.9,8.79,10.77
CSV,715008,143000,25,0,25,12775,6181,4.838356e-01,0.000000e+00,2249.4,27043.4,3881.3,8.43,10.80
CSV,720008,144000,25,0,25,12775,6181,4.838356e-01,0.000000e+00,2253.2,28400.9,3887.6,8.64,11.01
BER: SYNC #26 (gated)
CSV,725008,145000,26,0,25,12813,6195,4.834933e-01,0.000000e+00,2234.0,29178.7,3904.8,8.73,11.16
CSV,730008,146000,26,0,25,13005,6294,4.839677e-01,0.000000e+00,2456.3,25801.6,4078.9,8.01,10.21
CSV,735008,147000,26,0,25,13199,6392,4.842791e-01,0.000000e+00,2276.3,28969.6,4092.2,8.50,11.05
BER: END_SEQ #26 [SLIP] seq_err=254 BER_seq=4.9706e-01 | lock=0 slip=26 BER_cond=0.0000e+00 BER_cum=4.8434e-01
CSV,740008,148000,26,0,26,13286,6435,4.843444e-01,0.000000e+00,2339.1,28172.4,3885.7,8.60,10.81
CSV,745008,149000,26,0,26,13286,6435,4.843444e-01,0.000000e+00,2187.3,26314.6,3552.6,8.70,10.80
CSV,750008,150000,26,0,26,13286,6435,4.843444e-01,0.000000e+00,2155.1,28974.7,3609.4,9.05,11.29
BER: SYNC #27 (gated)
CSV,755008,151000,27,0,26,13350,6464,4.841948e-01,0.000000e+00,2237.8,28177.9,3955.3,8.53,11.00
CSV,760008,152000,27,0,26,13544,6565,4.847165e-01,0.000000e+00,2216.0,24818.8,4019.0,7.91,10.49
CSV,765008,153000,27,0,26,13739,6666,4.851882e-01,0.000000e+00,2201.4,28905.6,3949.2,8.64,11.18
BER: END_SEQ #27 [SLIP] seq_err=252 BER_seq=4.9315e-01 | lock=0 slip=27 BER_cond=0.0000e+00 BER_cum=4.8467e-01
BER: SYNC #28 (gated)
CSV,770008,154000,28,0,27,13872,6719,4.843570e-01,0.000000e+00,2559.8,29490.2,3688.8,9.03,10.61
CSV,775008,155000,28,0,27,14066,6823,4.850704e-01,0.000000e+00,2185.1,25841.0,4256.7,7.83,10.73
CSV,780008,156000,28,0,27,14261,6924,4.855199e-01,0.000000e+00,2160.7,29445.9,3657.5,9.06,11.34
BER: END_SEQ #28 [SLIP] seq_err=256 BER_seq=5.0098e-01 | lock=0 slip=28 BER_cond=0.0000e+00 BER_cum=4.8525e-01
BER: SYNC #29 (gated)
CSV,785008,157000,29,0,28,14394,6987,4.854106e-01,0.000000e+00,2485.0,29533.0,3907.0,8.78,10.75
CSV,790008,158000,29,0,28,14590,7076,4.849897e-01,0.000000e+00,2251.9,24815.8,3632.8,8.34,10.42
CSV,795008,159000,29,0,28,14787,7172,4.850206e-01,0.000000e+00,2243.4,28531.0,3728.3,8.84,11.04
BER: END_SEQ #29 [SLIP] seq_err=245 BER_seq=4.7945e-01 | lock=0 slip=29 BER_cond=0.0000e+00 BER_cum=4.8505e-01
CSV,800008,160000,29,0,29,14819,7188,4.850530e-01,0.000000e+00,2422.5,27672.9,4068.0,8.33,10.58
CSV,805008,161000,29,0,29,14819,7188,4.850530e-01,0.000000e+00,2262.2,23787.4,3809.2,7.96,10.22
CSV,810008,162000,29,0,29,14819,7188,4.850530e-01,0.000000e+00,2261.0,28607.0,3889.4,8.67,11.02
CSV,815008,163000,29,0,29,14819,7188,4.850530e-01,0.000000e+00,2230.0,29295.0,3810.8,8.86,11.18
CSV,820008,164000,29,0,29,14819,7188,4.850530e-01,0.000000e+00,2263.1,24705.3,3956.3,7.95,10.38
CSV,825008,165000,29,0,29,14819,7188,4.850530e-01,0.000000e+00,2256.3,29452.9,3683.2,9.03,11.16
BER: SYNC #30 (gated)
CSV,830008,166000,30,0,29,14938,7238,4.845361e-01,0.000000e+00,2231.4,26030.2,3715.3,8.45,10.67
CSV,835008,167000,30,0,29,15131,7325,4.841055e-01,0.000000e+00,2302.1,25268.9,3661.0,8.39,10.40
CSV,840008,168000,30,0,29,15327,7431,4.848307e-01,0.000000e+00,2218.6,27163.5,3893.1,8.44,10.88
BER: END_SEQ #30 [SLIP] seq_err=244 BER_seq=4.7750e-01 | lock=0 slip=30 BER_cond=0.0000e+00 BER_cum=4.8480e-01
CSV,845008,169000,30,0,30,15330,7432,4.848011e-01,0.000000e+00,2303.3,25189.9,4036.3,7.95,10.39
CSV,850008,170000,30,0,30,15330,7432,4.848011e-01,0.000000e+00,2301.4,27441.6,3716.0,8.68,10.76
CSV,855008,171000,30,0,30,15330,7432,4.848011e-01,0.000000e+00,2346.8,25943.9,3662.9,8.50,10.44
CSV,860008,172000,30,0,30,15330,7432,4.848011e-01,0.000000e+00,2065.3,25007.7,3817.1,8.16,10.83
CSV,865008,173000,30,0,30,15330,7432,4.848011e-01,0.000000e+00,2210.1,26844.8,4105.2,8.16,10.84
CSV,870008,174000,30,0,30,15330,7432,4.848011e-01,0.000000e+00,2207.0,28739.6,3965.4,8.60,11.15
BER: SYNC #31 (gated)
CSV,875008,175000,31,0,30,15484,7500,4.843710e-01,0.000000e+00,2377.6,25260.8,3688.7,8.36,10.26
CSV,880008,176000,31,0,30,15678,7599,4.846919e-01,0.000000e+00,2253.9,26905.8,3947.9,8.33,10.77
BER: END_SEQ #31 [SLIP] seq_err=255 BER_seq=4.9902e-01 | lock=0 slip=31 BER_cond=0.0000e+00 BER_cum=4.8526e-01
CSV,885008,177000,31,0,31,15841,7687,4.852598e-01,0.000000e+00,2422.6,27466.2,4314.2,8.04,10.55
BER: SYNC #32 (gated)
CSV,890008,178000,32,0,31,16007,7762,4.849128e-01,0.000000e+00,2335.6,24670.7,3624.5,8.33,10.24
CSV,895008,179000,32,0,31,16203,7855,4.847868e-01,0.000000e+00,2285.9,29020.9,3886.3,8.73,11.04
BER: END_SEQ #32 [SLIP] seq_err=245 BER_seq=4.7945e-01 | lock=0 slip=32 BER_cond=0.0000e+00 BER_cum=4.8508e-01
CSV,900008,180000,32,0,32,16352,7932,4.850783e-01,0.000000e+00,2263.2,26397.7,3607.1,8.64,10.67
CSV,905008,181000,32,0,32,16352,7932,4.850783e-01,0.000000e+00,2315.5,25385.9,3891.5,8.14,10.40
CSV,910008,182000,32,0,32,16352,7932,4.850783e-01,0.000000e+00,2273.9,27040.2,4288.3,8.00,10.75
CSV,915008,183000,32,0,32,16352,7932,4.850783e-01,0.000000e+00,2124.8,27892.6,3677.5,8.80,11.18
BER: SYNC #33 (gated)
CSV,920008,184000,33,0,32,16542,8022,4.849474e-01,0.000000e+00,2275.3,24159.8,4068.7,7.74,10.26
CSV,925008,185000,33,0,32,16737,8122,4.852721e-01,0.000000e+00,2317.2,27345.6,4192.1,8.14,10.72
BER: END_SEQ #33 [SLIP] seq_err=255 BER_seq=4.9902e-01 | lock=0 slip=33 BER_cond=0.0000e+00 BER_cum=4.8550e-01
CSV,930008,186000,33,0,33,16863,8187,4.855008e-01,0.000000e+00,2426.8,27852.2,4141.7,8.28,10.60
CSV,935008,187000,33,0,33,16863,8187,4.855008e-01,0.000000e+00,2285.8,25136.7,3817.0,8.19,10.41
CSV,940008,188000,33,0,33,16863,8187,4.855008e-01,0.000000e+00,2042.5,27106.5,3790.6,8.54,11.23
CSV,945008,189000,33,0,33,16863,8187,4.855008e-01,0.000000e+00,2242.1,28634.3,4076.0,8.47,11.06
CSV,950008,190000,33,0,33,16863,8187,4.855008e-01,0.000000e+00,2269.9,23868.2,3708.4,8.09,10.22
CSV,955008,191000,33,0,33,16863,8187,4.855008e-01,0.000000e+00,2144.9,27579.1,3976.7,8.41,11.09
BER: SYNC #34 (gated)
CSV,960008,192000,34,0,33,16890,8197,4.853168e-01,0.000000e+00,2256.1,27595.6,3751.7,8.67,10.87
CSV,965008,193000,34,0,33,17082,8290,4.853062e-01,0.000000e+00,2080.3,23462.7,3610.0,8.13,10.52
CSV,970008,194000,34,0,33,17273,8380,4.851502e-01,0.000000e+00,2219.0,25793.5,3923.5,8.18,10.65
BER: END_SEQ #34 [SLIP] seq_err=245 BER_seq=4.7945e-01 | lock=0 slip=34 BER_cond=0.0000e+00 BER_cum=4.8532e-01
CSV,975008,195000,34,0,34,17374,8432,4.853229e-01,0.000000e+00,2476.5,28048.2,4199.4,8.25,10.54
CSV,980008,196000,34,0,34,17374,8432,4.853229e-01,0.000000e+00,2079.5,25482.6,3528.0,8.59,10.88
CSV,985008,197000,34,0,34,17374,8432,4.853229e-01,0.000000e+00,2233.3,27581.2,3941.2,8.45,10.92
CSV,990008,198000,34,0,34,17374,8432,4.853229e-01,0.000000e+00,2248.9,26337.0,3929.1,8.26,10.69
CSV,995008,199000,34,0,34,17374,8432,4.853229e-01,0.000000e+00,2289.5,25755.7,3783.9,8.33,10.51
CSV,1000008,200000,34,0,34,17374,8432,4.853229e-01,0.000000e+00,2266.2,26591.4,4094.9,8.12,10.69
BER: SYNC #35 (gated)
CSV,1005008,201000,35,0,34,17438,8433,4.835990e-01,0.000000e+00,2300.0,28359.6,3666.7,8.88,10.91
CSV,1010008,202000,35,0,34,17636,8528,4.835564e-01,0.000000e+00,2241.9,24907.5,3984.2,7.96,10.46
CSV,1015008,203000,35,0,34,17830,8613,4.830623e-01,0.000000e+00,2229.9,28277.1,3700.5,8.83,11.03
BER: END_SEQ #35 [SLIP] seq_err=208 BER_seq=4.0705e-01 | lock=0 slip=35 BER_cond=0.0000e+00 BER_cum=4.8309e-01
CSV,1020008,204000,35,0,35,17885,8640,4.830864e-01,0.000000e+00,2384.3,29006.1,3778.2,8.85,10.85
CSV,1025008,205000,35,0,35,17885,8640,4.830864e-01,0.000000e+00,2271.1,24260.1,3782.5,8.07,10.29
CSV,1030008,206000,35,0,35,17885,8640,4.830864e-01,0.000000e+00,2310.8,26993.3,3668.2,8.67,10.67
BER: SYNC #36 (gated)
CSV,1035008,207000,36,0,35,17969,8675,4.827759e-01,0.000000e+00,2361.1,29212.6,4021.6,8.61,10.92
CSV,1040008,208000,36,0,35,18166,8771,4.828251e-01,0.000000e+00,2293.2,25458.1,4000.5,8.04,10.45
CSV,1045008,209000,36,0,35,18360,8862,4.826797e-01,0.000000e+00,2377.2,29449.3,4067.2,8.60,10.93
BER: END_SEQ #36 [SLIP] seq_err=237 BER_seq=4.6380e-01 | lock=0 slip=36 BER_cond=0.0000e+00 BER_cum=4.8255e-01
BER: SYNC #37 (gated)
CSV,1050008,210000,37,0,36,18492,8919,4.823167e-01,0.000000e+00,2479.4,27711.6,3754.7,8.68,10.48
CSV,1055008,211000,37,0,36,18690,9020,4.826110e-01,0.000000e+00,2303.6,25768.5,3900.0,8.20,10.49
CSV,1060008,212000,37,0,36,18884,9112,4.825249e-01,0.000000e+00,2330.9,29427.1,4059.4,8.60,11.01
BER: END_SEQ #37 [SLIP] seq_err=244 BER_seq=4.7750e-01 | lock=0 slip=37 BER_cond=0.0000e+00 BER_cum=4.8241e-01
BER: SYNC #38 (gated)
CSV,1065008,213000,38,0,37,19013,9169,4.822490e-01,0.000000e+00,2353.7,28658.2,3923.6,8.64,10.86
CSV,1070008,214000,38,0,37,19208,9257,4.819346e-01,0.000000e+00,2253.9,24061.0,3900.9,7.90,10.28
CSV,1075008,215000,38,0,37,19406,9359,4.822735e-01,0.000000e+00,2292.8,28040.8,3819.9,8.66,10.87
BER: END_SEQ #38 [SLIP] seq_err=244 BER_seq=4.7750e-01 | lock=0 slip=38 BER_cond=0.0000e+00 BER_cum=4.8228e-01
BER: SYNC #39 (gated)
CSV,1080008,216000,39,0,38,19537,9394,4.808312e-01,0.000000e+00,2597.8,25339.3,4041.3,7.97,9.89
CSV,1085008,217000,39,0,38,19734,9489,4.808452e-01,0.000000e+00,2204.4,24078.9,3730.9,8.10,10.38
BER: END_SEQ #39 [SLIP] seq_err=223 BER_seq=4.3640e-01 | lock=0 slip=39 BER_cond=0.0000e+00 BER_cum=4.8111e-01
CSV,1090008,218000,39,0,39,19929,9588,4.811079e-01,0.000000e+00,2248.0,26687.8,4055.5,8.18,10.75
BER: SYNC #40 (gated)
CSV,1095008,219000,40,0,39,20062,9598,4.784169e-01,0.000000e+00,2169.2,24656.1,3873.9,8.04,10.56
CSV,1100008,220000,40,0,39,20258,9710,4.793168e-01,0.000000e+00,2173.3,27447.9,3638.6,8.78,11.01
BER: END_SEQ #40 [SLIP] seq_err=223 BER_seq=4.3640e-01 | lock=0 slip=40 BER_cond=0.0000e+00 BER_cum=4.7999e-01
CSV,1105008,221000,40,0,40,20440,9811,4.799902e-01,0.000000e+00,2516.7,27443.6,4209.5,8.14,10.38
BER: SYNC #41 (gated)
CSV,1110008,222000,41,0,40,20583,9881,4.800563e-01,0.000000e+00,2460.7,24498.9,3974.0,7.90,9.98
CSV,1115008,223000,41,0,40,20779,9976,4.801001e-01,0.000000e+00,2214.7,26430.1,3889.2,8.32,10.77
BER: END_SEQ #41 [SLIP] seq_err=257 BER_seq=5.0294e-01 | lock=0 slip=41 BER_cond=0.0000e+00 BER_cum=4.8055e-01
CSV,1120008,224000,41,0,41,20951,10068,4.805498e-01,0.000000e+00,2280.4,26500.9,4071.7,8.13,10.65
BER: SYNC #42 (gated)
CSV,1125008,225000,42,0,41,21106,10132,4.800531e-01,0.000000e+00,2149.0,24725.6,3775.6,8.16,10.61
CSV,1130008,226000,42,0,41,21299,10229,4.802573e-01,0.000000e+00,2167.7,25919.8,3723.0,8.43,10.78
BER: END_SEQ #42 [SLIP] seq_err=242 BER_seq=4.7358e-01 | lock=0 slip=42 BER_cond=0.0000e+00 BER_cum=4.8038e-01
CSV,1135008,227000,42,0,42,21462,10310,4.803839e-01,0.000000e+00,2226.1,26566.1,3713.1,8.55,10.77
BER: SYNC #43 (gated)
CSV,1140008,228000,43,0,42,21629,10390,4.803736e-01,0.000000e+00,2069.6,23837.4,3899.6,7.86,10.61
CSV,1145008,229000,43,0,42,21826,10491,4.806653e-01,0.000000e+00,2153.2,26400.8,3870.7,8.34,10.89
BER: END_SEQ #43 [SLIP] seq_err=252 BER_seq=4.9315e-01 | lock=0 slip=43 BER_cond=0.0000e+00 BER_cum=4.8068e-01
CSV,1150008,230000,43,0,43,21973,10562,4.806808e-01,0.000000e+00,2419.0,26898.8,3917.3,8.37,10.46
CSV,1155008,231000,43,0,43,21973,10562,4.806808e-01,0.000000e+00,2279.8,25237.2,3453.6,8.64,10.44
CSV,1160008,232000,43,0,43,21973,10562,4.806808e-01,0.000000e+00,2261.3,26649.5,3664.3,8.62,10.71
CSV,1165008,233000,43,0,43,21973,10562,4.806808e-01,0.000000e+00,2285.1,27125.5,3926.8,8.39,10.74
BER: SYNC #44 (gated)
CSV,1170008,234000,44,0,43,22162,10622,4.792889e-01,0.000000e+00,2308.1,23716.4,4293.0,7.42,10.12
CSV,1175008,235000,44,0,43,22356,10713,4.792002e-01,0.000000e+00,2152.6,26397.7,3699.6,8.53,10.89
BER: END_SEQ #44 [SLIP] seq_err=207 BER_seq=4.0509e-01 | lock=0 slip=44 BER_cond=0.0000e+00 BER_cum=4.7896e-01
BER: SYNC #45 (gated)
CSV,1180008,236000,45,0,44,22488,10769,4.788776e-01,0.000000e+00,2442.4,26156.8,3494.0,8.74,10.30
CSV,1185008,237000,45,0,44,22679,10866,4.791217e-01,0.000000e+00,2143.2,24082.3,3787.8,8.03,10.51
CSV,1190008,238000,45,0,44,22877,10971,4.795646e-01,0.000000e+00,2314.0,26085.5,3926.4,8.22,10.52
BER: END_SEQ #45 [SLIP] seq_err=262 BER_seq=5.1272e-01 | lock=0 slip=45 BER_cond=0.0000e+00 BER_cum=4.7971e-01
BER: SYNC #46 (gated)
CSV,1195008,239000,46,0,45,23009,11036,4.796384e-01,0.000000e+00,2308.4,26810.8,4226.1,8.02,10.65
CSV,1200008,240000,46,0,45,23203,11138,4.800241e-01,0.000000e+00,2213.3,23499.6,3913.0,7.79,10.26
CSV,1205008,241000,46,0,45,23394,11228,4.799521e-01,0.000000e+00,2191.9,26147.2,3934.4,8.23,10.77
BER: END_SEQ #46 [SLIP] seq_err=251 BER_seq=4.9119e-01 | lock=0 slip=46 BER_cond=0.0000e+00 BER_cum=4.7996e-01
BER: SYNC #47 (gated)
CSV,1210008,242000,47,0,46,23534,11283,4.794340e-01,0.000000e+00,2536.1,28750.1,4146.6,8.41,10.54
CSV,1215008,243000,47,0,46,23728,11373,4.793071e-01,0.000000e+00,2183.1,25152.2,3928.1,8.06,10.61
CSV,1220008,244000,47,0,46,23919,11459,4.790752e-01,0.000000e+00,2212.8,28058.3,4171.7,8.28,11.03
BER: END_SEQ #47 [SLIP] seq_err=231 BER_seq=4.5205e-01 | lock=0 slip=47 BER_cond=0.0000e+00 BER_cum=4.7937e-01
CSV,1225008,245000,47,0,47,24017,11513,4.793688e-01,0.000000e+00,2476.0,29419.9,3936.1,8.74,10.75
CSV,1230008,246000,47,0,47,24017,11513,4.793688e-01,0.000000e+00,2269.0,25869.8,3916.3,8.20,10.57
CSV,1235008,247000,47,0,47,24017,11513,4.793688e-01,0.000000e+00,2289.1,27208.8,4101.4,8.22,10.75
BER: SYNC #48 (gated)
CSV,1240008,248000,48,0,47,24066,11534,4.792654e-01,0.000000e+00,2334.3,27728.1,3779.6,8.65,10.75
CSV,1245008,249000,48,0,47,24262,11633,4.794741e-01,0.000000e+00,2272.2,27006.9,3768.1,8.55,10.75
CSV,1250008,250000,48,0,47,24458,11740,4.800065e-01,0.000000e+00,2196.1,26464.6,3719.5,8.52,10.81
BER: END_SEQ #48 [SLIP] seq_err=255 BER_seq=4.9902e-01 | lock=0 slip=48 BER_cond=0.0000e+00 BER_cum=4.7978e-01
CSV,1255008,251000,48,0,48,24528,11768,4.797782e-01,0.000000e+00,2367.0,28594.6,4124.6,8.41,10.82
CSV,1260008,252000,48,0,48,24528,11768,4.797782e-01,0.000000e+00,2292.4,24704.2,4046.0,7.86,10.32
CSV,1265008,253000,48,0,48,24528,11768,4.797782e-01,0.000000e+00,2303.5,28947.9,3707.6,8.93,10.99
CSV,1270008,254000,48,0,48,24528,11768,4.797782e-01,0.000000e+00,2278.2,28555.8,3877.5,8.67,10.98
CSV,1275008,255000,48,0,48,24528,11768,4.797782e-01,0.000000e+00,2265.0,23878.0,3809.8,7.97,10.23
CSV,1280008,256000,48,0,48,24528,11768,4.797782e-01,0.000000e+00,2290.5,28151.8,3836.5,8.66,10.90
BER: SYNC #49 (gated)
CSV,1285008,257000,49,0,48,24613,11796,4.792589e-01,0.000000e+00,2255.8,28419.1,3719.9,8.83,11.00
CSV,1290008,258000,49,0,48,24808,11889,4.792406e-01,0.000000e+00,2193.5,23492.3,3891.3,7.81,10.30
CSV,1295008,259000,49,0,48,25007,11980,4.790659e-01,0.000000e+00,2153.6,27513.3,3748.9,8.66,11.06
BER: END_SEQ #49 [SLIP] seq_err=231 BER_seq=4.5205e-01 | lock=0 slip=49 BER_cond=0.0000e+00 BER_cum=4.7921e-01
BER: SYNC #50 (gated)
CSV,1300008,260000,50,0,49,25134,12032,4.787141e-01,0.000000e+00,2477.8,27706.1,3940.7,8.47,10.49
CSV,1305008,261000,50,0,49,25329,12131,4.789372e-01,0.000000e+00,2210.3,24082.2,3895.2,7.91,10.37
CSV,1310008,262000,50,0,49,25526,12235,4.793152e-01,0.000000e+00,2176.9,27756.2,3796.8,8.64,11.06
BER: END_SEQ #50 [SLIP] seq_err=248 BER_seq=4.8532e-01 | lock=0 slip=50 BER_cond=0.0000e+00 BER_cum=4.7933e-01
CSV,1315008,263000,50,0,50,25550,12247,4.793347e-01,0.000000e+00,2377.8,28171.8,4231.7,8.23,10.74
CSV,1320008,264000,50,0,50,25550,12247,4.793347e-01,0.000000e+00,2433.9,24541.6,3787.5,8.12,10.04
CSV,1325008,265000,50,0,50,25550,12247,4.793347e-01,0.000000e+00,2423.0,28088.4,3956.3,8.51,10.64
CSV,1330008,266000,50,0,50,25550,12247,4.793347e-01,0.000000e+00,2199.4,25201.7,3634.3,8.41,10.59
CSV,1335008,267000,50,0,50,25550,12247,4.793347e-01,0.000000e+00,2281.3,23960.9,4032.8,7.74,10.21
CSV,1340008,268000,50,0,50,25550,12247,4.793347e-01,0.000000e+00,2383.3,28331.2,4217.2,8.27,10.75
BER: SYNC #51 (gated)
CSV,1345008,269000,51,0,50,25682,12299,4.788957e-01,0.000000e+00,1949.8,60140.2,2953.7,13.09,14.89
CSV,1350008,270000,51,0,50,25881,12406,4.793478e-01,0.000000e+00,1797.1,73108.2,2398.3,14.84,16.09
BER: END_SEQ #51 [SLIP] seq_err=242 BER_seq=4.7358e-01 | lock=0 slip=51 BER_cond=0.0000e+00 BER_cum=4.7922e-01
CSV,1355008,271000,51,0,51,26061,12489,4.792218e-01,0.000000e+00,2173.3,71357.8,2907.4,13.90,15.16
CSV,1360008,272000,51,0,51,26061,12489,4.792218e-01,0.000000e+00,3094.5,25108.4,6242.4,6.04,9.09
CSV,1365008,273000,51,0,51,26061,12489,4.792218e-01,0.000000e+00,2230.4,37439.1,3733.0,10.01,12.25
CSV,1370008,274000,51,0,51,26061,12489,4.792218e-01,0.000000e+00,2267.3,37803.3,4338.4,9.40,12.22
BER: SYNC #52 (gated)
CSV,1375008,275000,52,0,51,26213,12564,4.793042e-01,0.000000e+00,2140.0,34161.9,3842.8,9.49,12.03
CSV,1380008,276000,52,0,51,26411,12651,4.790049e-01,0.000000e+00,2067.3,39014.2,3849.0,10.06,12.76
BER: END_SEQ #52 [SLIP] seq_err=244 BER_seq=4.7750e-01 | lock=0 slip=52 BER_cond=0.0000e+00 BER_cum=4.7919e-01
CSV,1385008,277000,52,0,52,26572,12733,4.791886e-01,0.000000e+00,2242.0,37212.7,3649.7,10.08,12.20
BER: SYNC #53 (gated)
CSV,1390008,278000,53,0,52,26741,12750,4.767959e-01,0.000000e+00,2310.9,31358.5,3841.9,9.12,11.33
CSV,1395008,279000,53,0,52,26938,12807,4.754251e-01,0.000000e+00,2042.1,34619.4,3818.2,9.57,12.29
BER: END_SEQ #53 [SLIP] seq_err=152 BER_seq=2.9746e-01 | lock=0 slip=53 BER_cond=0.0000e+00 BER_cum=4.7576e-01
CSV,1400008,280000,53,0,53,27083,12885,4.757597e-01,0.000000e+00,2446.8,34049.6,4048.8,9.25,11.44
CSV,1405008,281000,53,0,53,27083,12885,4.757597e-01,0.000000e+00,2203.1,30572.2,3834.0,9.02,11.42
CSV,1410008,282000,53,0,53,27083,12885,4.757597e-01,0.000000e+00,2207.5,33192.0,3724.0,9.50,11.77
CSV,1415008,283000,53,0,53,27083,12885,4.757597e-01,0.000000e+00,2116.2,47073.8,3443.2,11.36,13.47
CSV,1420008,284000,53,0,53,27083,12885,4.757597e-01,0.000000e+00,2212.0,29934.6,4024.4,8.71,11.31
CSV,1425008,285000,53,0,53,27083,12885,4.757597e-01,0.000000e+00,2334.8,34270.3,3699.5,9.67,11.67
CSV,1430008,286000,53,0,53,27083,12885,4.757597e-01,0.000000e+00,2229.0,34482.6,4022.5,9.33,11.89
CSV,1435008,287000,53,0,53,27083,12885,4.757597e-01,0.000000e+00,2337.8,29475.4,3657.0,9.06,11.01
CSV,1440008,288000,53,0,53,27083,12885,4.757597e-01,0.000000e+00,2327.9,33129.0,3694.0,9.53,11.53
BER: SYNC #54 (gated)
CSV,1445008,289000,54,0,53,27098,12885,4.754964e-01,0.000000e+00,2275.2,33380.1,4042.6,9.17,11.66
CSV,1450008,290000,54,0,53,27297,12953,4.745210e-01,0.000000e+00,2116.8,28899.7,3728.5,8.89,11.35
CSV,1455008,291000,54,0,53,27495,13053,4.747409e-01,0.000000e+00,2106.2,65077.7,3028.3,13.32,14.90
BER: END_SEQ #54 [SLIP] seq_err=221 BER_seq=4.3249e-01 | lock=0 slip=54 BER_cond=0.0000e+00 BER_cum=4.7496e-01
BER: SYNC #55 (gated)
CSV,1460008,292000,55,0,54,27620,13109,4.746198e-01,0.000000e+00,2204.1,79617.2,2647.5,14.78,15.58
CSV,1465008,293000,55,0,54,27817,13206,4.747457e-01,0.000000e+00,1813.2,65072.3,2615.9,13.96,15.55
CSV,1470008,294000,55,0,54,28013,13308,4.750651e-01,0.000000e+00,1785.8,78226.6,2237.9,15.44,16.42
BER: END_SEQ #55 [SLIP] seq_err=251 BER_seq=4.9119e-01 | lock=0 slip=55 BER_cond=0.0000e+00 BER_cum=4.7525e-01
CSV,1475008,295000,55,0,55,28105,13357,4.752535e-01,0.000000e+00,1978.7,76981.9,2672.4,14.59,15.90
CSV,1480008,296000,55,0,55,28105,13357,4.752535e-01,0.000000e+00,1755.8,68628.1,2434.4,14.50,15.92
CSV,1485008,297000,55,0,55,28105,13357,4.752535e-01,0.000000e+00,1723.4,75734.9,2313.1,15.15,16.43
BER: SYNC #56 (gated)
CSV,1490008,298000,56,0,55,28155,13357,4.744095e-01,0.000000e+00,1788.0,73139.7,2317.6,14.99,16.12
CSV,1495008,299000,56,0,55,28354,13404,4.727375e-01,0.000000e+00,1739.7,66960.8,2367.9,14.51,15.85
CSV,1500008,300000,56,0,55,28551,13499,4.728031e-01,0.000000e+00,1685.5,72404.6,2352.3,14.88,16.33
BER: END_SEQ #56 [SLIP] seq_err=179 BER_seq=3.5029e-01 | lock=0 slip=56 BER_cond=0.0000e+00 BER_cum=4.7302e-01

=========================================
=== END OF TEST (duration=25 min) ===
=========================================
FINAL: syncs=56 lock=0 slip=56 slip_rate=1.0000
FINAL: bits_cum=28616 err_cum=13536 BER_cum=4.7302e-01
FINAL: bits_lock=0 err_lock=0 BER_cond=0.0000e+00
=========================================
=== STOP LOGGING NOW ===
=========================================
