

=== RX BOOT - BER TEST MODE ===
BPS_MODE=40 (HALF_SAMPLES=1000, 5000 samples/bit @ 200000 Hz)
Expect: 64-bit preamble + Barker13 (1F35h, gated by 8 preamble bits = 0x55) + 511-bit PRBS-9
Noise floor band: 5000 Hz; lock threshold: BER<0.10
Auto-stop: test will halt 25 min after the first sync.
RX: edge-tracking sync, center-3 voting
Starting decoder...

BER: SYNC #1 (gated)
CSV,5007,1000,1,0,0,39,0,0.000000e+00,0.000000e+00,55018766336.0,52893626368.0,1376621.1,46.02,0.17
CSV,10007,2000,1,0,0,239,0,0.000000e+00,0.000000e+00,57997393920.0,49909612544.0,1363843.8,46.29,0.65
CSV,15007,3000,1,0,0,439,0,0.000000e+00,0.000000e+00,54774525952.0,53552390144.0,1318375.8,46.19,0.10
BER: END_SEQ #1 [LOCK] seq_err=0 BER_seq=0.0000e+00 | lock=1 slip=0 BER_cond=0.0000e+00 BER_cum=0.0000e+00
BER: SYNC #2 (gated)
CSV,20007,4000,2,1,0,561,0,0.000000e+00,0.000000e+00,51935186944.0,54925377536.0,1646933.2,45.23,0.24
CSV,25007,5000,2,1,0,761,0,0.000000e+00,0.000000e+00,58830974976.0,49553874944.0,1413179.1,46.19,0.75
CSV,30007,6000,2,1,0,961,0,0.000000e+00,0.000000e+00,54568730624.0,53550407680.0,1575122.9,45.40,0.08
BER: END_SEQ #2 [LOCK] seq_err=0 BER_seq=0.0000e+00 | lock=2 slip=0 BER_cond=0.0000e+00 BER_cum=0.0000e+00
BER: SYNC #3 (gated)
CSV,35007,7000,3,2,0,1084,0,0.000000e+00,0.000000e+00,51436212224.0,55369711616.0,1510516.6,45.64,0.32
CSV,40007,8000,3,2,0,1284,0,0.000000e+00,0.000000e+00,61605789696.0,47271198720.0,1341130.4,46.62,1.15
CSV,45007,9000,3,2,0,1484,0,0.000000e+00,0.000000e+00,53025312768.0,54435155968.0,1429936.6,45.81,0.11
BER: END_SEQ #3 [LOCK] seq_err=0 BER_seq=0.0000e+00 | lock=3 slip=0 BER_cond=0.0000e+00 BER_cum=0.0000e+00
BER: SYNC #4 (gated)
CSV,50007,10000,4,3,0,1607,0,0.000000e+00,0.000000e+00,50889240576.0,56967589888.0,1534373.2,45.70,0.49
CSV,55007,11000,4,3,0,1807,0,0.000000e+00,0.000000e+00,61771673600.0,46154674176.0,1455722.1,46.28,1.27
CSV,60007,12000,4,3,0,2007,0,0.000000e+00,0.000000e+00,52873170944.0,55771824128.0,1415360.0,45.96,0.23
BER: END_SEQ #4 [LOCK] seq_err=0 BER_seq=0.0000e+00 | lock=4 slip=0 BER_cond=0.0000e+00 BER_cum=0.0000e+00
BER: SYNC #5 (gated)
CSV,65007,13000,5,4,0,2130,0,0.000000e+00,0.000000e+00,51430121472.0,54787923968.0,1622660.2,45.28,0.27
CSV,70007,14000,5,4,0,2330,0,0.000000e+00,0.000000e+00,60404195328.0,48872538112.0,1293160.1,46.69,0.92
CSV,75007,15000,5,4,0,2529,0,0.000000e+00,0.000000e+00,52507475968.0,54583054336.0,1493232.5,45.63,0.17
BER: END_SEQ #5 [LOCK] seq_err=0 BER_seq=0.0000e+00 | lock=5 slip=0 BER_cond=0.0000e+00 BER_cum=0.0000e+00
BER: SYNC #6 (gated)
CSV,80007,16000,6,5,0,2652,0,0.000000e+00,0.000000e+00,52716445696.0,56098189312.0,1643579.8,45.33,0.27
CSV,85007,17000,6,5,0,2852,0,0.000000e+00,0.000000e+00,59972833280.0,47514886144.0,1269329.6,46.74,1.01
CSV,90007,18000,6,5,0,3052,0,0.000000e+00,0.000000e+00,53253464064.0,55829229568.0,1200463.6,46.68,0.21
BER: END_SEQ #6 [LOCK] seq_err=0 BER_seq=0.0000e+00 | lock=6 slip=0 BER_cond=0.0000e+00 BER_cum=0.0000e+00
BER: SYNC #7 (gated)
CSV,95007,19000,7,6,0,3175,0,0.000000e+00,0.000000e+00,51466035200.0,54139478016.0,1597376.2,45.30,0.22
CSV,100007,20000,7,6,0,3375,0,0.000000e+00,0.000000e+00,61127249920.0,48625602560.0,1385497.4,46.45,0.99
CSV,105007,21000,7,6,0,3575,0,0.000000e+00,0.000000e+00,51128442880.0,55686774784.0,1251203.8,46.48,0.37
BER: END_SEQ #7 [LOCK] seq_err=0 BER_seq=0.0000e+00 | lock=7 slip=0 BER_cond=0.0000e+00 BER_cum=0.0000e+00
BER: SYNC #8 (gated)
CSV,110007,22000,8,7,0,3698,0,0.000000e+00,0.000000e+00,55250644992.0,53666746368.0,1691415.6,45.14,0.13
CSV,115007,23000,8,7,0,3898,0,0.000000e+00,0.000000e+00,58117275648.0,49065816064.0,1336020.2,46.38,0.74
BER: END_SEQ #8 [LOCK] seq_err=0 BER_seq=0.0000e+00 | lock=8 slip=0 BER_cond=0.0000e+00 BER_cum=0.0000e+00
CSV,120007,24000,8,8,0,4088,0,0.000000e+00,0.000000e+00,52578963456.0,56753004544.0,1346213.4,46.25,0.33
BER: SYNC #9 (gated)
CSV,125007,25000,9,8,0,4220,0,0.000000e+00,0.000000e+00,56893792256.0,49022869504.0,1541311.5,45.67,0.65
CSV,130007,26000,9,8,0,4420,0,0.000000e+00,0.000000e+00,55446917120.0,54077710336.0,1365629.8,46.09,0.11
BER: END_SEQ #9 [LOCK] seq_err=0 BER_seq=0.0000e+00 | lock=9 slip=0 BER_cond=0.0000e+00 BER_cum=0.0000e+00
CSV,135007,27000,9,9,0,4599,0,0.000000e+00,0.000000e+00,52185600000.0,53938978816.0,1525004.2,45.49,0.14
BER: SYNC #10 (gated)
CSV,140007,28000,10,9,0,4743,0,0.000000e+00,0.000000e+00,59924332544.0,49497260032.0,1487266.5,46.05,0.83
CSV,145007,29000,10,9,0,4943,0,0.000000e+00,0.000000e+00,53349261312.0,53151641600.0,1469086.0,45.60,0.02
BER: END_SEQ #10 [LOCK] seq_err=0 BER_seq=0.0000e+00 | lock=10 slip=0 BER_cond=0.0000e+00 BER_cum=0.0000e+00
CSV,150007,30000,10,10,0,5110,0,0.000000e+00,0.000000e+00,52893265920.0,55977271296.0,1645950.0,45.32,0.25
BER: SYNC #11 (gated)
CSV,155007,31000,11,10,0,5266,0,0.000000e+00,0.000000e+00,58409648128.0,48106881024.0,1455434.6,46.03,0.84
CSV,160007,32000,11,10,0,5466,0,0.000000e+00,0.000000e+00,53200961536.0,56081809408.0,1401626.4,46.02,0.23
BER: END_SEQ #11 [LOCK] seq_err=0 BER_seq=0.0000e+00 | lock=11 slip=0 BER_cond=0.0000e+00 BER_cum=0.0000e+00
CSV,165007,33000,11,11,0,5621,0,0.000000e+00,0.000000e+00,52884242432.0,52760895488.0,1658669.8,45.04,0.01
BER: SYNC #12 (gated)
CSV,170007,34000,12,11,0,5789,0,0.000000e+00,0.000000e+00,60008341504.0,49564536832.0,1409755.8,46.29,0.83
CSV,175007,35000,12,11,0,5988,0,0.000000e+00,0.000000e+00,52674904064.0,53705375744.0,1308509.9,46.13,0.08
BER: END_SEQ #12 [LOCK] seq_err=0 BER_seq=0.0000e+00 | lock=12 slip=0 BER_cond=0.0000e+00 BER_cum=0.0000e+00
CSV,180007,36000,12,12,0,6132,0,0.000000e+00,0.000000e+00,53253754880.0,55200366592.0,1569893.1,45.46,0.16
BER: SYNC #13 (gated)
CSV,185007,37000,13,12,0,6311,0,0.000000e+00,0.000000e+00,57616760832.0,49202835456.0,1457614.8,45.97,0.69
CSV,190007,38000,13,12,0,6511,0,0.000000e+00,0.000000e+00,53917437952.0,55157157888.0,1383816.6,46.01,0.10
BER: END_SEQ #13 [LOCK] seq_err=0 BER_seq=0.0000e+00 | lock=13 slip=0 BER_cond=0.0000e+00 BER_cum=0.0000e+00
CSV,195007,39000,13,13,0,6643,0,0.000000e+00,0.000000e+00,51323858944.0,53951303680.0,1656455.5,45.13,0.22
BER: SYNC #14 (gated)
CSV,200007,40000,14,13,0,6834,0,0.000000e+00,0.000000e+00,61405024256.0,48305565696.0,1329948.0,46.64,1.04
CSV,205007,41000,14,13,0,7034,0,0.000000e+00,0.000000e+00,53228384256.0,53105754112.0,1368158.9,45.90,0.01
BER: END_SEQ #14 [LOCK] seq_err=0 BER_seq=0.0000e+00 | lock=14 slip=0 BER_cond=0.0000e+00 BER_cum=0.0000e+00
BER: SYNC #15 (gated)
CSV,210007,42000,15,14,0,7157,0,0.000000e+00,0.000000e+00,52247478272.0,56449740800.0,1719305.2,45.16,0.34
CSV,215007,43000,15,14,0,7357,0,0.000000e+00,0.000000e+00,59728330752.0,47260925952.0,1326818.8,46.53,1.02
CSV,220007,44000,15,14,0,7557,0,0.000000e+00,0.000000e+00,53526003712.0,55412690944.0,1259498.9,46.43,0.15
BER: END_SEQ #15 [LOCK] seq_err=0 BER_seq=0.0000e+00 | lock=15 slip=0 BER_cond=0.0000e+00 BER_cum=0.0000e+00
BER: SYNC #16 (gated)
CSV,225007,45000,16,15,0,7679,0,0.000000e+00,0.000000e+00,49426239488.0,55928680448.0,1509951.9,45.69,0.54
CSV,230007,46000,16,15,0,7879,0,0.000000e+00,0.000000e+00,61465423872.0,47984513024.0,1337009.6,46.62,1.08
CSV,235007,47000,16,15,0,8079,0,0.000000e+00,0.000000e+00,53394079744.0,53176233984.0,1295110.5,46.15,0.02
BER: END_SEQ #16 [LOCK] seq_err=0 BER_seq=0.0000e+00 | lock=16 slip=0 BER_cond=0.0000e+00 BER_cum=0.0000e+00
BER: SYNC #17 (gated)
CSV,240007,48000,17,16,0,8202,0,0.000000e+00,0.000000e+00,51200454656.0,57240764416.0,1577666.1,45.60,0.48
CSV,245007,49000,17,16,0,8402,0,0.000000e+00,0.000000e+00,60404211712.0,46707748864.0,1421568.1,46.28,1.12
CSV,250007,50000,17,16,0,8602,0,0.000000e+00,0.000000e+00,54009438208.0,54749847552.0,1273931.9,46.33,0.06
BER: END_SEQ #17 [LOCK] seq_err=0 BER_seq=0.0000e+00 | lock=17 slip=0 BER_cond=0.0000e+00 BER_cum=0.0000e+00
BER: SYNC #18 (gated)
CSV,255007,51000,18,17,0,8725,0,0.000000e+00,0.000000e+00,51902177280.0,53894066176.0,1573536.8,45.35,0.16
CSV,260007,52000,18,17,0,8925,0,0.000000e+00,0.000000e+00,58469703680.0,50346696704.0,1359641.1,46.34,0.65
CSV,265007,53000,18,17,0,9125,0,0.000000e+00,0.000000e+00,53670309888.0,53195587584.0,1314350.4,46.11,0.04
BER: END_SEQ #18 [LOCK] seq_err=0 BER_seq=0.0000e+00 | lock=18 slip=0 BER_cond=0.0000e+00 BER_cum=0.0000e+00
BER: SYNC #19 (gated)
CSV,270007,54000,19,18,0,9248,0,0.000000e+00,0.000000e+00,52768428032.0,54823890944.0,1557922.5,45.46,0.17
CSV,275007,55000,19,18,0,9447,0,0.000000e+00,0.000000e+00,58290302976.0,49061601280.0,1468426.2,45.99,0.75
CSV,280007,56000,19,18,0,9647,0,0.000000e+00,0.000000e+00,54269468672.0,53911752704.0,1439658.8,45.76,0.03
BER: END_SEQ #19 [LOCK] seq_err=0 BER_seq=0.0000e+00 | lock=19 slip=0 BER_cond=0.0000e+00 BER_cum=0.0000e+00
BER: SYNC #20 (gated)
CSV,285007,57000,20,19,0,9770,0,0.000000e+00,0.000000e+00,51642908672.0,54621077504.0,1554690.0,45.46,0.24
CSV,290007,58000,20,19,0,9970,0,0.000000e+00,0.000000e+00,60781469696.0,47471206400.0,1383557.4,46.43,1.07
CSV,295007,59000,20,19,0,10170,0,0.000000e+00,0.000000e+00,53472227328.0,53780930560.0,1600373.1,45.26,0.03
BER: END_SEQ #20 [LOCK] seq_err=0 BER_seq=0.0000e+00 | lock=20 slip=0 BER_cond=0.0000e+00 BER_cum=0.0000e+00
BER: SYNC #21 (gated)
CSV,300007,60000,21,20,0,10293,0,0.000000e+00,0.000000e+00,49726124032.0,56738099200.0,1517249.6,45.73,0.57
CSV,305007,61000,21,20,0,10493,0,0.000000e+00,0.000000e+00,62411132928.0,45735559168.0,1339162.5,46.68,1.35
CSV,310007,62000,21,20,0,10693,0,0.000000e+00,0.000000e+00,52123344896.0,55143489536.0,1524980.0,45.58,0.24
BER: END_SEQ #21 [LOCK] seq_err=0 BER_seq=0.0000e+00 | lock=21 slip=0 BER_cond=0.0000e+00 BER_cum=0.0000e+00
BER: SYNC #22 (gated)
CSV,315007,63000,22,21,0,10816,0,0.000000e+00,0.000000e+00,51549564928.0,55564668928.0,1655579.1,45.26,0.33
CSV,320007,64000,22,21,0,11016,0,0.000000e+00,0.000000e+00,60101435392.0,47602548736.0,1312408.2,46.61,1.01
CSV,325007,65000,22,21,0,11216,0,0.000000e+00,0.000000e+00,52964020224.0,54869999616.0,1335378.9,46.14,0.15
BER: END_SEQ #22 [LOCK] seq_err=0 BER_seq=0.0000e+00 | lock=22 slip=0 BER_cond=0.0000e+00 BER_cum=0.0000e+00
BER: SYNC #23 (gated)
CSV,330007,66000,23,22,0,11338,0,0.000000e+00,0.000000e+00,50847834112.0,54937870336.0,1618332.9,45.31,0.34
CSV,335007,67000,23,22,0,11538,0,0.000000e+00,0.000000e+00,60591558656.0,47938080768.0,1458162.1,46.19,1.02
CSV,340007,68000,23,22,0,11738,0,0.000000e+00,0.000000e+00,52405714944.0,54263922688.0,1277165.6,46.28,0.15
BER: END_SEQ #23 [LOCK] seq_err=0 BER_seq=0.0000e+00 | lock=23 slip=0 BER_cond=0.0000e+00 BER_cum=0.0000e+00
BER: SYNC #24 (gated)
CSV,345007,69000,24,23,0,11861,0,0.000000e+00,0.000000e+00,52464259072.0,55397060608.0,1729727.0,45.06,0.24
CSV,350007,70000,24,23,0,12061,0,0.000000e+00,0.000000e+00,59230633984.0,47050203136.0,1315578.2,46.53,1.00
CSV,355007,71000,24,23,0,12261,0,0.000000e+00,0.000000e+00,52321693696.0,55373590528.0,1354458.6,46.12,0.25
BER: END_SEQ #24 [LOCK] seq_err=0 BER_seq=0.0000e+00 | lock=24 slip=0 BER_cond=0.0000e+00 BER_cum=0.0000e+00
BER: SYNC #25 (gated)
CSV,360007,72000,25,24,0,12384,0,0.000000e+00,0.000000e+00,52999397376.0,51354497024.0,1624480.6,45.14,0.14
CSV,365007,73000,25,24,0,12584,0,0.000000e+00,0.000000e+00,58328715264.0,49860685824.0,1266409.0,46.63,0.68
BER: END_SEQ #25 [LOCK] seq_err=0 BER_seq=0.0000e+00 | lock=25 slip=0 BER_cond=0.0000e+00 BER_cum=0.0000e+00
CSV,370007,74000,25,25,0,12775,0,0.000000e+00,0.000000e+00,51361083392.0,54287855616.0,1290447.0,46.24,0.24
BER: SYNC #26 (gated)
CSV,375007,75000,26,25,0,12907,0,0.000000e+00,0.000000e+00,57624629248.0,50389434368.0,1534332.5,45.75,0.58
CSV,380007,76000,26,25,0,13106,0,0.000000e+00,0.000000e+00,53696786432.0,51978596352.0,1362606.0,45.96,0.14
BER: END_SEQ #26 [LOCK] seq_err=0 BER_seq=0.0000e+00 | lock=26 slip=0 BER_cond=0.0000e+00 BER_cum=0.0000e+00
CSV,385007,77000,26,26,0,13286,0,0.000000e+00,0.000000e+00,53491900416.0,54285053952.0,1291996.4,46.23,0.06
BER: SYNC #27 (gated)
CSV,390007,78000,27,26,0,13429,0,0.000000e+00,0.000000e+00,57780207616.0,47400124416.0,1416222.2,46.11,0.86
CSV,395007,79000,27,26,0,13629,0,0.000000e+00,0.000000e+00,54316355584.0,53723873280.0,1368442.0,45.99,0.05
BER: END_SEQ #27 [LOCK] seq_err=0 BER_seq=0.0000e+00 | lock=27 slip=0 BER_cond=0.0000e+00 BER_cum=0.0000e+00
CSV,400007,80000,27,27,0,13797,0,0.000000e+00,0.000000e+00,50950066176.0,53796081664.0,1477696.9,45.61,0.24
BER: SYNC #28 (gated)
CSV,405007,81000,28,27,0,13952,0,0.000000e+00,0.000000e+00,59315859456.0,48828215296.0,1437374.8,46.16,0.84
CSV,410007,82000,28,27,0,14152,0,0.000000e+00,0.000000e+00,51554480128.0,53558439936.0,1377224.8,45.90,0.17
BER: END_SEQ #28 [LOCK] seq_err=0 BER_seq=0.0000e+00 | lock=28 slip=0 BER_cond=0.0000e+00 BER_cum=0.0000e+00
CSV,415007,83000,28,28,0,14308,0,0.000000e+00,0.000000e+00,53686845440.0,54100639744.0,1526484.4,45.50,0.03
BER: SYNC #29 (gated)
CSV,420007,84000,29,28,0,14475,0,0.000000e+00,0.000000e+00,58552619008.0,47199019008.0,1367666.8,46.32,0.94
CSV,425007,85000,29,28,0,14675,0,0.000000e+00,0.000000e+00,53213388800.0,54702432256.0,1339525.2,46.11,0.12
BER: END_SEQ #29 [LOCK] seq_err=0 BER_seq=0.0000e+00 | lock=29 slip=0 BER_cond=0.0000e+00 BER_cum=0.0000e+00
CSV,430007,86000,29,29,0,14819,0,0.000000e+00,0.000000e+00,51221876736.0,52912377856.0,1614045.8,45.16,0.14
BER: SYNC #30 (gated)
CSV,435007,87000,30,29,0,14997,0,0.000000e+00,0.000000e+00,58970701824.0,49403895808.0,1317445.2,46.51,0.77
CSV,440007,88000,30,29,0,15197,0,0.000000e+00,0.000000e+00,51690311680.0,53293797376.0,1459289.2,45.63,0.13
BER: END_SEQ #30 [LOCK] seq_err=0 BER_seq=0.0000e+00 | lock=30 slip=0 BER_cond=0.0000e+00 BER_cum=0.0000e+00
CSV,445007,89000,30,30,0,15330,0,0.000000e+00,0.000000e+00,52894044160.0,54394322944.0,1649267.9,45.18,0.12
BER: SYNC #31 (gated)
CSV,450007,90000,31,30,0,15520,0,0.000000e+00,0.000000e+00,59036950528.0,46881275904.0,1342736.6,46.43,1.00
CSV,455007,91000,31,30,0,15720,0,0.000000e+00,0.000000e+00,54248087552.0,53671985152.0,1512826.8,45.55,0.05
BER: END_SEQ #31 [LOCK] seq_err=0 BER_seq=0.0000e+00 | lock=31 slip=0 BER_cond=0.0000e+00 BER_cum=0.0000e+00
BER: SYNC #32 (gated)
CSV,460007,92000,32,31,0,15843,0,0.000000e+00,0.000000e+00,49882288128.0,53768372224.0,1658693.9,45.11,0.33
CSV,465007,93000,32,31,0,16043,0,0.000000e+00,0.000000e+00,60660555776.0,47843086336.0,1332115.0,46.58,1.03
CSV,470007,94000,32,31,0,16243,0,0.000000e+00,0.000000e+00,52306677760.0,53124206592.0,1457826.4,45.62,0.07
BER: END_SEQ #32 [LOCK] seq_err=0 BER_seq=0.0000e+00 | lock=32 slip=0 BER_cond=0.0000e+00 BER_cum=0.0000e+00
BER: SYNC #33 (gated)
CSV,475007,95000,33,32,0,16366,0,0.000000e+00,0.000000e+00,50975817728.0,57080631296.0,1681250.5,45.31,0.49
CSV,480007,96000,33,32,0,16565,0,0.000000e+00,0.000000e+00,59166625792.0,46507257856.0,1329012.9,46.49,1.05
CSV,485007,97000,33,32,0,16765,0,0.000000e+00,0.000000e+00,54112153600.0,53546049536.0,1359463.4,46.00,0.05
BER: END_SEQ #33 [LOCK] seq_err=0 BER_seq=0.0000e+00 | lock=33 slip=0 BER_cond=0.0000e+00 BER_cum=0.0000e+00
BER: SYNC #34 (gated)
CSV,490007,98000,34,33,0,16888,0,0.000000e+00,0.000000e+00,49590849536.0,54240284672.0,1512908.0,45.55,0.39
CSV,495007,99000,34,33,0,17088,0,0.000000e+00,0.000000e+00,60787441664.0,47255060480.0,1374670.8,46.46,1.09
CSV,500007,100000,34,33,0,17288,0,0.000000e+00,0.000000e+00,52363677696.0,52914982912.0,1379163.1,45.84,0.05
BER: END_SEQ #34 [LOCK] seq_err=0 BER_seq=0.0000e+00 | lock=34 slip=0 BER_cond=0.0000e+00 BER_cum=0.0000e+00
BER: SYNC #35 (gated)
CSV,505007,101000,35,34,0,17411,0,0.000000e+00,0.000000e+00,52792115200.0,54426116096.0,1577019.1,45.38,0.13
CSV,510007,102000,35,34,0,17611,0,0.000000e+00,0.000000e+00,57390538752.0,48335564800.0,1318309.1,46.39,0.75
CSV,515007,103000,35,34,0,17811,0,0.000000e+00,0.000000e+00,54120751104.0,53466521600.0,1390449.4,45.90,0.05
BER: END_SEQ #35 [LOCK] seq_err=0 BER_seq=0.0000e+00 | lock=35 slip=0 BER_cond=0.0000e+00 BER_cum=0.0000e+00
BER: SYNC #36 (gated)
CSV,520007,104000,36,35,0,17934,0,0.000000e+00,0.000000e+00,50885267456.0,53494935552.0,1651334.6,45.10,0.22
CSV,525007,105000,36,35,0,18134,0,0.000000e+00,0.000000e+00,59180269568.0,48684433408.0,1281231.4,46.65,0.85
CSV,530007,106000,36,35,0,18333,0,0.000000e+00,0.000000e+00,53101088768.0,52559003648.0,1291987.4,46.14,0.04
BER: END_SEQ #36 [LOCK] seq_err=0 BER_seq=0.0000e+00 | lock=36 slip=0 BER_cond=0.0000e+00 BER_cum=0.0000e+00
BER: SYNC #37 (gated)
CSV,535007,107000,37,36,0,18456,0,0.000000e+00,0.000000e+00,51954180096.0,54464651264.0,1673092.5,45.13,0.20
CSV,540007,108000,37,36,0,18656,0,0.000000e+00,0.000000e+00,59399467008.0,46898757632.0,1316973.8,46.54,1.03
CSV,545007,109000,37,36,0,18856,0,0.000000e+00,0.000000e+00,53783232512.0,53274959872.0,1172933.6,46.61,0.04
BER: END_SEQ #37 [LOCK] seq_err=0 BER_seq=0.0000e+00 | lock=37 slip=0 BER_cond=0.0000e+00 BER_cum=0.0000e+00
BER: SYNC #38 (gated)
CSV,550007,110000,38,37,0,18979,0,0.000000e+00,0.000000e+00,48873889792.0,56057094144.0,1550628.9,45.58,0.60
CSV,555007,111000,38,37,0,19179,0,0.000000e+00,0.000000e+00,62253666304.0,45138898944.0,1414771.8,46.43,1.40
CSV,560007,112000,38,37,0,19379,0,0.000000e+00,0.000000e+00,52033101824.0,53976322048.0,1173751.5,46.63,0.16
BER: END_SEQ #38 [LOCK] seq_err=0 BER_seq=0.0000e+00 | lock=38 slip=0 BER_cond=0.0000e+00 BER_cum=0.0000e+00
BER: SYNC #39 (gated)
CSV,565007,113000,39,38,0,19502,0,0.000000e+00,0.000000e+00,50561638400.0,55408181248.0,1593211.6,45.41,0.40
CSV,570007,114000,39,38,0,19702,0,0.000000e+00,0.000000e+00,60458504192.0,46848073728.0,1385414.1,46.40,1.11
CSV,575007,115000,39,38,0,19902,0,0.000000e+00,0.000000e+00,51952828416.0,54823432192.0,1308002.2,46.22,0.23
BER: END_SEQ #39 [LOCK] seq_err=0 BER_seq=0.0000e+00 | lock=39 slip=0 BER_cond=0.0000e+00 BER_cum=0.0000e+00
BER: SYNC #40 (gated)
CSV,580007,116000,40,39,0,20024,0,0.000000e+00,0.000000e+00,51826335744.0,54694391808.0,1499216.5,45.62,0.23
CSV,585007,117000,40,39,0,20224,0,0.000000e+00,0.000000e+00,59963265024.0,47243251712.0,1353510.4,46.46,1.04
CSV,590007,118000,40,39,0,20424,0,0.000000e+00,0.000000e+00,52751130624.0,54479564800.0,1388373.4,45.94,0.14
BER: END_SEQ #40 [LOCK] seq_err=0 BER_seq=0.0000e+00 | lock=40 slip=0 BER_cond=0.0000e+00 BER_cum=0.0000e+00
BER: SYNC #41 (gated)
CSV,595007,119000,41,40,0,20547,0,0.000000e+00,0.000000e+00,50935373824.0,54231732224.0,1572512.0,45.38,0.27
CSV,600007,120000,41,40,0,20747,0,0.000000e+00,0.000000e+00,59905613824.0,47805067264.0,1300543.6,46.63,0.98
CSV,605007,121000,41,40,0,20947,0,0.000000e+00,0.000000e+00,51664781312.0,54447624192.0,1348358.9,46.06,0.23
BER: END_SEQ #41 [LOCK] seq_err=0 BER_seq=0.0000e+00 | lock=41 slip=0 BER_cond=0.0000e+00 BER_cum=0.0000e+00
BER: SYNC #42 (gated)
CSV,610007,122000,42,41,0,21070,0,0.000000e+00,0.000000e+00,54165233664.0,53262938112.0,1600641.1,45.29,0.07
CSV,615007,123000,42,41,0,21270,0,0.000000e+00,0.000000e+00,57742942208.0,48724656128.0,1453880.4,45.99,0.74
BER: END_SEQ #42 [LOCK] seq_err=0 BER_seq=0.0000e+00 | lock=42 slip=0 BER_cond=0.0000e+00 BER_cum=0.0000e+00
CSV,620007,124000,42,42,0,21462,0,0.000000e+00,0.000000e+00,51988332544.0,55659081728.0,1412453.1,45.96,0.30
BER: SYNC #43 (gated)
CSV,625007,125000,43,42,0,21593,0,0.000000e+00,0.000000e+00,56013963264.0,49046687744.0,1673736.9,45.25,0.58
CSV,630007,126000,43,42,0,21793,0,0.000000e+00,0.000000e+00,55414255616.0,52613922816.0,1380857.8,46.03,0.23
BER: END_SEQ #43 [LOCK] seq_err=0 BER_seq=0.0000e+00 | lock=43 slip=0 BER_cond=0.0000e+00 BER_cum=0.0000e+00
CSV,635007,127000,43,43,0,21973,0,0.000000e+00,0.000000e+00,51900715008.0,53689782272.0,1526127.2,45.46,0.15
BER: SYNC #44 (gated)
CSV,640007,128000,44,43,0,22115,0,0.000000e+00,0.000000e+00,59221254144.0,48920981504.0,1520011.4,45.91,0.83
CSV,645007,129000,44,43,0,22315,0,0.000000e+00,0.000000e+00,53180862464.0,52343304192.0,1361803.5,45.92,0.07
BER: END_SEQ #44 [LOCK] seq_err=0 BER_seq=0.0000e+00 | lock=44 slip=0 BER_cond=0.0000e+00 BER_cum=0.0000e+00
CSV,650007,130000,44,44,0,22484,0,0.000000e+00,0.000000e+00,52346470400.0,55054139392.0,1561702.9,45.47,0.22
BER: SYNC #45 (gated)
CSV,655007,131000,45,44,0,22638,0,0.000000e+00,0.000000e+00,58003857408.0,47538896896.0,1489209.8,45.91,0.86
CSV,660007,132000,45,44,0,22838,0,0.000000e+00,0.000000e+00,53234872320.0,54858137600.0,1337539.8,46.13,0.13
BER: END_SEQ #45 [LOCK] seq_err=0 BER_seq=0.0000e+00 | lock=45 slip=0 BER_cond=0.0000e+00 BER_cum=0.0000e+00
CSV,665007,133000,45,45,0,22995,0,0.000000e+00,0.000000e+00,52192509952.0,52830138368.0,1464584.6,45.57,0.05
BER: SYNC #46 (gated)
CSV,670007,134000,46,45,0,23161,0,0.000000e+00,0.000000e+00,59620835328.0,48907816960.0,1442683.6,46.16,0.86
CSV,675007,135000,46,45,0,23361,0,0.000000e+00,0.000000e+00,52167512064.0,52798959616.0,1415335.8,45.72,0.05
BER: END_SEQ #46 [LOCK] seq_err=0 BER_seq=0.0000e+00 | lock=46 slip=0 BER_cond=0.0000e+00 BER_cum=0.0000e+00
CSV,680007,136000,46,46,0,23506,0,0.000000e+00,0.000000e+00,52827942912.0,54534377472.0,1562058.8,45.43,0.14
BER: SYNC #47 (gated)
CSV,685007,137000,47,46,0,23683,0,0.000000e+00,0.000000e+00,57596313600.0,48351911936.0,1481403.8,45.90,0.76
CSV,690007,138000,47,46,0,23883,0,0.000000e+00,0.000000e+00,53226143744.0,55033757696.0,1331053.0,46.16,0.15
BER: END_SEQ #47 [LOCK] seq_err=0 BER_seq=0.0000e+00 | lock=47 slip=0 BER_cond=0.0000e+00 BER_cum=0.0000e+00
CSV,695007,139000,47,47,0,24017,0,0.000000e+00,0.000000e+00,51465560064.0,52932399104.0,1719453.2,44.88,0.12
BER: SYNC #48 (gated)
CSV,700007,140000,48,47,0,24206,0,0.000000e+00,0.000000e+00,60318044160.0,48620630016.0,1218647.1,46.95,0.94
CSV,705007,141000,48,47,0,24406,0,0.000000e+00,0.000000e+00,52951236608.0,52452253696.0,1312275.5,46.06,0.04
BER: END_SEQ #48 [LOCK] seq_err=0 BER_seq=0.0000e+00 | lock=48 slip=0 BER_cond=0.0000e+00 BER_cum=0.0000e+00
BER: SYNC #49 (gated)
CSV,710007,142000,49,48,0,24529,0,0.000000e+00,0.000000e+00,51516645376.0,56154382336.0,1699631.4,45.19,0.37
CSV,715007,143000,49,48,0,24729,0,0.000000e+00,0.000000e+00,59767726080.0,46317056000.0,1297335.6,46.63,1.11
CSV,720007,144000,49,48,0,24929,0,0.000000e+00,0.000000e+00,53391630336.0,54761693184.0,1211027.6,46.55,0.11
BER: END_SEQ #49 [LOCK] seq_err=0 BER_seq=0.0000e+00 | lock=49 slip=0 BER_cond=0.0000e+00 BER_cum=0.0000e+00
BER: SYNC #50 (gated)
CSV,725007,145000,50,49,0,25052,0,0.000000e+00,0.000000e+00,49479618560.0,54690357248.0,1537917.8,45.51,0.43
CSV,730007,146000,50,49,0,25252,0,0.000000e+00,0.000000e+00,60134498304.0,48380809216.0,1342434.5,46.51,0.94
CSV,735007,147000,50,49,0,25451,0,0.000000e+00,0.000000e+00,52861001728.0,52480864256.0,1250169.1,46.26,0.03
BER: END_SEQ #50 [LOCK] seq_err=0 BER_seq=0.0000e+00 | lock=50 slip=0 BER_cond=0.0000e+00 BER_cum=0.0000e+00
BER: SYNC #51 (gated)
CSV,740007,148000,51,50,0,25574,0,0.000000e+00,0.000000e+00,52109869056.0,55948197888.0,1569579.8,45.52,0.31
CSV,745007,149000,51,50,0,25774,0,0.000000e+00,0.000000e+00,59461484544.0,46516228096.0,1381292.2,46.34,1.07
CSV,750007,150000,51,50,0,25974,0,0.000000e+00,0.000000e+00,53706481664.0,53975650304.0,1197560.9,46.54,0.02
BER: END_SEQ #51 [LOCK] seq_err=0 BER_seq=0.0000e+00 | lock=51 slip=0 BER_cond=0.0000e+00 BER_cum=0.0000e+00
BER: SYNC #52 (gated)
CSV,755007,151000,52,51,0,26097,0,0.000000e+00,0.000000e+00,50679308288.0,52701736960.0,1527515.5,45.38,0.17
CSV,760007,152000,52,51,0,26297,0,0.000000e+00,0.000000e+00,58565959680.0,48866619392.0,1396931.1,46.22,0.79
CSV,765007,153000,52,51,0,26497,0,0.000000e+00,0.000000e+00,52735365120.0,51977670656.0,1339147.8,45.95,0.06
BER: END_SEQ #52 [LOCK] seq_err=0 BER_seq=0.0000e+00 | lock=52 slip=0 BER_cond=0.0000e+00 BER_cum=0.0000e+00
BER: SYNC #53 (gated)
CSV,770007,154000,53,52,0,26620,0,0.000000e+00,0.000000e+00,52483485696.0,54033727488.0,1526975.6,45.49,0.13
CSV,775007,155000,53,52,0,26820,0,0.000000e+00,0.000000e+00,57403170816.0,47676219392.0,1350459.0,46.28,0.81
CSV,780007,156000,53,52,0,27020,0,0.000000e+00,0.000000e+00,53934211072.0,53082914816.0,1353283.4,46.00,0.07
BER: END_SEQ #53 [LOCK] seq_err=0 BER_seq=0.0000e+00 | lock=53 slip=0 BER_cond=0.0000e+00 BER_cum=0.0000e+00
BER: SYNC #54 (gated)
CSV,785007,157000,54,53,0,27142,0,0.000000e+00,0.000000e+00,51273187328.0,52745879552.0,1484801.8,45.51,0.12
CSV,790007,158000,54,53,0,27342,0,0.000000e+00,0.000000e+00,59752648704.0,47770030080.0,1428620.4,46.21,0.97
CSV,795007,159000,54,53,0,27542,0,0.000000e+00,0.000000e+00,52803522560.0,52358946816.0,1503442.8,45.46,0.04
BER: END_SEQ #54 [LOCK] seq_err=0 BER_seq=0.0000e+00 | lock=54 slip=0 BER_cond=0.0000e+00 BER_cum=0.0000e+00
BER: SYNC #55 (gated)
CSV,800007,160000,55,54,0,27665,0,0.000000e+00,0.000000e+00,49710424064.0,56188526592.0,1555456.5,45.58,0.53
CSV,805007,161000,55,54,0,27865,0,0.000000e+00,0.000000e+00,61404594176.0,44644286464.0,1350704.6,46.58,1.38
CSV,810007,162000,55,54,0,28065,0,0.000000e+00,0.000000e+00,52922028032.0,53682294784.0,1567275.0,45.35,0.06
BER: END_SEQ #55 [LOCK] seq_err=0 BER_seq=0.0000e+00 | lock=55 slip=0 BER_cond=0.0000e+00 BER_cum=0.0000e+00
BER: SYNC #56 (gated)
CSV,815007,163000,56,55,0,28188,0,0.000000e+00,0.000000e+00,49511243776.0,55012397056.0,1590839.2,45.39,0.46
CSV,820007,164000,56,55,0,28388,0,0.000000e+00,0.000000e+00,61021683712.0,46188068864.0,1278904.9,46.79,1.21
CSV,825007,165000,56,55,0,28588,0,0.000000e+00,0.000000e+00,51683246080.0,54246866944.0,1505877.2,45.57,0.21
BER: END_SEQ #56 [LOCK] seq_err=0 BER_seq=0.0000e+00 | lock=56 slip=0 BER_cond=0.0000e+00 BER_cum=0.0000e+00
BER: SYNC #57 (gated)
CSV,830007,166000,57,56,0,28711,0,0.000000e+00,0.000000e+00,51576246272.0,54311350272.0,1575812.8,45.37,0.22
CSV,835007,167000,57,56,0,28910,0,0.000000e+00,0.000000e+00,59904954368.0,47232901120.0,1362805.2,46.43,1.03
CSV,840007,168000,57,56,0,29110,0,0.000000e+00,0.000000e+00,52609703936.0,54182354944.0,1308851.0,46.17,0.13
BER: END_SEQ #57 [LOCK] seq_err=0 BER_seq=0.0000e+00 | lock=57 slip=0 BER_cond=0.0000e+00 BER_cum=0.0000e+00
BER: SYNC #58 (gated)
CSV,845007,169000,58,57,0,29233,0,0.000000e+00,0.000000e+00,51012186112.0,55185571840.0,1633693.8,45.29,0.34
CSV,850007,170000,58,57,0,29433,0,0.000000e+00,0.000000e+00,60032761856.0,46869549056.0,1480017.0,46.08,1.07
CSV,855007,171000,58,57,0,29633,0,0.000000e+00,0.000000e+00,52160520192.0,54780129280.0,1280081.9,46.31,0.21
BER: END_SEQ #58 [LOCK] seq_err=0 BER_seq=0.0000e+00 | lock=58 slip=0 BER_cond=0.0000e+00 BER_cum=0.0000e+00
BER: SYNC #59 (gated)
CSV,860007,172000,59,58,0,29756,0,0.000000e+00,0.000000e+00,52441440256.0,52564582400.0,1746369.1,44.79,0.01
CSV,865007,173000,59,58,0,29956,0,0.000000e+00,0.000000e+00,58855079936.0,48701222912.0,1276724.9,46.64,0.82
BER: END_SEQ #59 [LOCK] seq_err=0 BER_seq=0.0000e+00 | lock=59 slip=0 BER_cond=0.0000e+00 BER_cum=0.0000e+00
CSV,870007,174000,59,59,0,30149,0,0.000000e+00,0.000000e+00,51140935680.0,55056457728.0,1365845.1,46.05,0.32
BER: SYNC #60 (gated)
CSV,875007,175000,60,59,0,30279,0,0.000000e+00,0.000000e+00,56975409152.0,50693931008.0,1581540.0,45.57,0.51
CSV,880007,176000,60,59,0,30479,0,0.000000e+00,0.000000e+00,54991331328.0,51274469376.0,1284055.2,46.32,0.30
BER: END_SEQ #60 [LOCK] seq_err=0 BER_seq=0.0000e+00 | lock=60 slip=0 BER_cond=0.0000e+00 BER_cum=0.0000e+00
CSV,885007,177000,60,60,0,30660,0,0.000000e+00,0.000000e+00,52850593792.0,54626324480.0,1418807.9,45.85,0.14
BER: SYNC #61 (gated)
CSV,890007,178000,61,60,0,30801,0,0.000000e+00,0.000000e+00,57356034048.0,48125927424.0,1540500.5,45.71,0.76
CSV,895007,179000,61,60,0,31001,0,0.000000e+00,0.000000e+00,54792609792.0,53220421632.0,1315127.0,46.20,0.13
BER: END_SEQ #61 [LOCK] seq_err=0 BER_seq=0.0000e+00 | lock=61 slip=0 BER_cond=0.0000e+00 BER_cum=0.0000e+00
CSV,900007,180000,61,61,0,31171,0,0.000000e+00,0.000000e+00,51236315136.0,54125830144.0,1334425.2,46.08,0.24
BER: SYNC #62 (gated)
CSV,905007,181000,62,61,0,31324,0,0.000000e+00,0.000000e+00,59353513984.0,48910077952.0,1424886.4,46.20,0.84
CSV,910007,182000,62,61,0,31524,0,0.000000e+00,0.000000e+00,51875774464.0,53684396032.0,1399356.4,45.84,0.15
BER: END_SEQ #62 [LOCK] seq_err=0 BER_seq=0.0000e+00 | lock=62 slip=0 BER_cond=0.0000e+00 BER_cum=0.0000e+00
CSV,915007,183000,62,62,0,31682,0,0.000000e+00,0.000000e+00,53295321088.0,53969879040.0,1522338.5,45.50,0.05
BER: SYNC #63 (gated)
CSV,920007,184000,63,62,0,31847,0,0.000000e+00,0.000000e+00,58516418560.0,47305965568.0,1342989.2,46.39,0.92
CSV,925007,185000,63,62,0,32047,0,0.000000e+00,0.000000e+00,53260189696.0,54706782208.0,1353207.2,46.07,0.12
BER: END_SEQ #63 [LOCK] seq_err=0 BER_seq=0.0000e+00 | lock=63 slip=0 BER_cond=0.0000e+00 BER_cum=0.0000e+00
CSV,930007,186000,63,63,0,32193,0,0.000000e+00,0.000000e+00,51351814144.0,53231706112.0,1616954.6,45.17,0.16
BER: SYNC #64 (gated)
CSV,935007,187000,64,63,0,32370,0,0.000000e+00,0.000000e+00,58922725376.0,49545887744.0,1243801.2,46.76,0.75
CSV,940007,188000,64,63,0,32569,0,0.000000e+00,0.000000e+00,51710873600.0,53382328320.0,1441183.2,45.69,0.14
BER: END_SEQ #64 [LOCK] seq_err=0 BER_seq=0.0000e+00 | lock=64 slip=0 BER_cond=0.0000e+00 BER_cum=0.0000e+00
CSV,945007,189000,64,64,0,32704,0,0.000000e+00,0.000000e+00,53265850368.0,53876813824.0,1574511.5,45.34,0.05
BER: SYNC #65 (gated)
CSV,950007,190000,65,64,0,32892,0,0.000000e+00,0.000000e+00,58599682048.0,47466999808.0,1224963.1,46.80,0.92
CSV,955007,191000,65,64,0,33092,0,0.000000e+00,0.000000e+00,54285778944.0,53831733248.0,1380982.8,45.94,0.04
BER: END_SEQ #65 [LOCK] seq_err=0 BER_seq=0.0000e+00 | lock=65 slip=0 BER_cond=0.0000e+00 BER_cum=0.0000e+00
BER: SYNC #66 (gated)
CSV,960007,192000,66,65,0,33215,0,0.000000e+00,0.000000e+00,49408696320.0,54635323392.0,1564472.8,45.43,0.44
CSV,965007,193000,66,65,0,33415,0,0.000000e+00,0.000000e+00,61289648128.0,47526498304.0,1416930.9,46.36,1.10
CSV,970007,194000,66,65,0,33615,0,0.000000e+00,0.000000e+00,51640217600.0,53582565376.0,1507990.1,45.51,0.16
BER: END_SEQ #66 [LOCK] seq_err=0 BER_seq=0.0000e+00 | lock=66 slip=0 BER_cond=0.0000e+00 BER_cum=0.0000e+00
BER: SYNC #67 (gated)
CSV,975007,195000,67,66,0,33738,0,0.000000e+00,0.000000e+00,51755683840.0,55941730304.0,1503267.2,45.71,0.34
CSV,980007,196000,67,66,0,33938,0,0.000000e+00,0.000000e+00,58653589504.0,47150292992.0,1422819.1,46.15,0.95
CSV,985007,197000,67,66,0,34138,0,0.000000e+00,0.000000e+00,53686489088.0,54295871488.0,1518909.0,45.53,0.05
BER: END_SEQ #67 [LOCK] seq_err=0 BER_seq=0.0000e+00 | lock=67 slip=0 BER_cond=0.0000e+00 BER_cum=0.0000e+00
BER: SYNC #68 (gated)
CSV,990007,198000,68,67,0,34260,0,0.000000e+00,0.000000e+00,50016714752.0,54118780928.0,1586168.9,45.33,0.34
CSV,995007,199000,68,67,0,34460,0,0.000000e+00,0.000000e+00,61312667648.0,47291969536.0,1359337.6,46.54,1.13
CSV,1000007,200000,68,67,0,34660,0,0.000000e+00,0.000000e+00,52381650944.0,53022691328.0,1424287.1,45.71,0.05
BER: END_SEQ #68 [LOCK] seq_err=0 BER_seq=0.0000e+00 | lock=68 slip=0 BER_cond=0.0000e+00 BER_cum=0.0000e+00
BER: SYNC #69 (gated)
CSV,1005007,201000,69,68,0,34783,0,0.000000e+00,0.000000e+00,52612943872.0,55425363968.0,1621824.8,45.34,0.23
CSV,1010007,202000,69,68,0,34983,0,0.000000e+00,0.000000e+00,57203961856.0,48438050816.0,1320517.5,46.37,0.72
CSV,1015007,203000,69,68,0,35183,0,0.000000e+00,0.000000e+00,54688854016.0,53502853120.0,1385683.1,45.96,0.10
BER: END_SEQ #69 [LOCK] seq_err=0 BER_seq=0.0000e+00 | lock=69 slip=0 BER_cond=0.0000e+00 BER_cum=0.0000e+00
BER: SYNC #70 (gated)
CSV,1020007,204000,70,69,0,35306,0,0.000000e+00,0.000000e+00,51205300224.0,53006831616.0,1601316.1,45.20,0.15
CSV,1025007,205000,70,69,0,35506,0,0.000000e+00,0.000000e+00,58442104832.0,49902186496.0,1436183.5,46.10,0.69
CSV,1030007,206000,70,69,0,35706,0,0.000000e+00,0.000000e+00,52934717440.0,52559306752.0,1381243.1,45.83,0.03
BER: END_SEQ #70 [LOCK] seq_err=0 BER_seq=0.0000e+00 | lock=70 slip=0 BER_cond=0.0000e+00 BER_cum=0.0000e+00
BER: SYNC #71 (gated)
CSV,1035007,207000,71,70,0,35829,0,0.000000e+00,0.000000e+00,52873056256.0,54613377024.0,1568284.6,45.42,0.14
CSV,1040007,208000,71,70,0,36028,0,0.000000e+00,0.000000e+00,59408482304.0,46738915328.0,1372311.8,46.36,1.04
CSV,1045007,209000,71,70,0,36228,0,0.000000e+00,0.000000e+00,53608321024.0,54168408064.0,1369146.4,45.97,0.05
BER: END_SEQ #71 [LOCK] seq_err=0 BER_seq=0.0000e+00 | lock=71 slip=0 BER_cond=0.0000e+00 BER_cum=0.0000e+00
BER: SYNC #72 (gated)
CSV,1050007,210000,72,71,0,36351,0,0.000000e+00,0.000000e+00,49224249344.0,55419977728.0,1563524.5,45.50,0.51
CSV,1055007,211000,72,71,0,36551,0,0.000000e+00,0.000000e+00,61920591872.0,46378291200.0,1300525.9,46.78,1.26
CSV,1060007,212000,72,71,0,36751,0,0.000000e+00,0.000000e+00,52830380032.0,52983762944.0,1426713.5,45.70,0.01
BER: END_SEQ #72 [LOCK] seq_err=0 BER_seq=0.0000e+00 | lock=72 slip=0 BER_cond=0.0000e+00 BER_cum=0.0000e+00
BER: SYNC #73 (gated)
CSV,1065007,213000,73,72,0,36874,0,0.000000e+00,0.000000e+00,50218479616.0,56368140288.0,1641839.0,45.36,0.50
CSV,1070007,214000,73,72,0,37074,0,0.000000e+00,0.000000e+00,60704079872.0,45798014976.0,1272122.8,46.79,1.22
CSV,1075007,215000,73,72,0,37274,0,0.000000e+00,0.000000e+00,52289486848.0,55063621632.0,1196835.9,46.63,0.22
BER: END_SEQ #73 [LOCK] seq_err=0 BER_seq=0.0000e+00 | lock=73 slip=0 BER_cond=0.0000e+00 BER_cum=0.0000e+00
BER: SYNC #74 (gated)
CSV,1080007,216000,74,73,0,37397,0,0.000000e+00,0.000000e+00,50737422336.0,54580441088.0,1578457.2,45.39,0.32
CSV,1085007,217000,74,73,0,37597,0,0.000000e+00,0.000000e+00,60174495744.0,47491452928.0,1364122.4,46.45,1.03
CSV,1090007,218000,74,73,0,37796,0,0.000000e+00,0.000000e+00,52766916608.0,53447376896.0,1234986.0,46.36,0.06
BER: END_SEQ #74 [LOCK] seq_err=0 BER_seq=0.0000e+00 | lock=74 slip=0 BER_cond=0.0000e+00 BER_cum=0.0000e+00
BER: SYNC #75 (gated)
CSV,1095007,219000,75,74,0,37919,0,0.000000e+00,0.000000e+00,50319097856.0,55427547136.0,1627900.2,45.32,0.42
CSV,1100007,220000,75,74,0,38119,0,0.000000e+00,0.000000e+00,60304416768.0,46536728576.0,1306009.8,46.64,1.13
CSV,1105007,221000,75,74,0,38319,0,0.000000e+00,0.000000e+00,52087394304.0,54446604288.0,1286709.0,46.26,0.19
BER: END_SEQ #75 [LOCK] seq_err=0 BER_seq=0.0000e+00 | lock=75 slip=0 BER_cond=0.0000e+00 BER_cum=0.0000e+00
BER: SYNC #76 (gated)
CSV,1110007,222000,76,75,0,38442,0,0.000000e+00,0.000000e+00,52496850944.0,53563957248.0,1582833.8,45.29,0.09
CSV,1115007,223000,76,75,0,38642,0,0.000000e+00,0.000000e+00,59043577856.0,47996461056.0,1408503.5,46.22,0.90
BER: END_SEQ #76 [LOCK] seq_err=0 BER_seq=0.0000e+00 | lock=76 slip=0 BER_cond=0.0000e+00 BER_cum=0.0000e+00
CSV,1120007,224000,76,76,0,38836,0,0.000000e+00,0.000000e+00,51113095168.0,55639015424.0,1324913.4,46.23,0.37
BER: SYNC #77 (gated)
CSV,1125007,225000,77,76,0,38965,0,0.000000e+00,0.000000e+00,56087613440.0,49248419840.0,1546107.8,45.60,0.56
CSV,1130007,226000,77,76,0,39165,0,0.000000e+00,0.000000e+00,55578791936.0,51660554240.0,1305618.4,46.29,0.32
BER: END_SEQ #77 [LOCK] seq_err=0 BER_seq=0.0000e+00 | lock=77 slip=0 BER_cond=0.0000e+00 BER_cum=0.0000e+00
CSV,1135007,227000,77,77,0,39347,0,0.000000e+00,0.000000e+00,51604344832.0,54347743232.0,1500058.1,45.59,0.22
BER: SYNC #78 (gated)
CSV,1140007,228000,78,77,0,39488,0,0.000000e+00,0.000000e+00,58518130688.0,49118969856.0,1489098.2,45.94,0.76
CSV,1145007,229000,78,77,0,39687,0,0.000000e+00,0.000000e+00,53817155584.0,52060839936.0,1411355.5,45.81,0.14
BER: END_SEQ #78 [LOCK] seq_err=0 BER_seq=0.0000e+00 | lock=78 slip=0 BER_cond=0.0000e+00 BER_cum=0.0000e+00
CSV,1150007,230000,78,78,0,39858,0,0.000000e+00,0.000000e+00,52057059328.0,54633066496.0,1580746.5,45.39,0.21
BER: SYNC #79 (gated)
CSV,1155007,231000,79,78,0,40010,0,0.000000e+00,0.000000e+00,58082619392.0,47560130560.0,1547658.4,45.74,0.87
CSV,1160007,232000,79,78,0,40210,0,0.000000e+00,0.000000e+00,52940410880.0,54466048000.0,1413882.9,45.86,0.12
BER: END_SEQ #79 [LOCK] seq_err=0 BER_seq=0.0000e+00 | lock=79 slip=0 BER_cond=0.0000e+00 BER_cum=0.0000e+00
CSV,1165007,233000,79,79,0,40369,0,0.000000e+00,0.000000e+00,52287795200.0,52832153600.0,1606175.2,45.17,0.04
BER: SYNC #80 (gated)
CSV,1170007,234000,80,79,0,40533,0,0.000000e+00,0.000000e+00,59777372160.0,47999606784.0,1435600.5,46.20,0.95
CSV,1175007,235000,80,79,0,40733,0,0.000000e+00,0.000000e+00,51862990848.0,53478301696.0,1351990.6,45.97,0.13
BER: END_SEQ #80 [LOCK] seq_err=0 BER_seq=0.0000e+00 | lock=80 slip=0 BER_cond=0.0000e+00 BER_cum=0.0000e+00
CSV,1180007,236000,80,80,0,40880,0,0.000000e+00,0.000000e+00,52505001984.0,53972287488.0,1615354.1,45.24,0.12
BER: SYNC #81 (gated)
CSV,1185007,237000,81,80,0,41056,0,0.000000e+00,0.000000e+00,57602043904.0,48128266240.0,1392724.1,46.17,0.78
CSV,1190007,238000,81,80,0,41256,0,0.000000e+00,0.000000e+00,53024964608.0,54589505536.0,1356269.8,46.05,0.13
BER: END_SEQ #81 [LOCK] seq_err=0 BER_seq=0.0000e+00 | lock=81 slip=0 BER_cond=0.0000e+00 BER_cum=0.0000e+00
CSV,1195007,239000,81,81,0,41391,0,0.000000e+00,0.000000e+00,51931582464.0,52350935040.0,1562852.2,45.25,0.03
BER: SYNC #82 (gated)
CSV,1200007,240000,82,81,0,41578,0,0.000000e+00,0.000000e+00,59547049984.0,48839540736.0,1313304.4,46.56,0.86
CSV,1205007,241000,82,81,0,41778,0,0.000000e+00,0.000000e+00,52886212608.0,52288987136.0,1368096.2,45.87,0.05
BER: END_SEQ #82 [LOCK] seq_err=0 BER_seq=0.0000e+00 | lock=82 slip=0 BER_cond=0.0000e+00 BER_cum=0.0000e+00
CSV,1210007,242000,82,82,0,41902,0,0.000000e+00,0.000000e+00,50981961728.0,55820709888.0,1715129.0,45.12,0.39
BER: SYNC #83 (gated)
CSV,1215007,243000,83,82,0,42101,0,0.000000e+00,0.000000e+00,59910389760.0,46033408000.0,1285256.1,46.69,1.14
CSV,1220007,244000,83,82,0,42301,0,0.000000e+00,0.000000e+00,53148545024.0,54637154304.0,1338469.8,46.11,0.12
BER: END_SEQ #83 [LOCK] seq_err=0 BER_seq=0.0000e+00 | lock=83 slip=0 BER_cond=0.0000e+00 BER_cum=0.0000e+00
BER: SYNC #84 (gated)
CSV,1225007,245000,84,83,0,42424,0,0.000000e+00,0.000000e+00,50081771520.0,53942870016.0,1757061.5,44.87,0.32
CSV,1230007,246000,84,83,0,42624,0,0.000000e+00,0.000000e+00,60148563968.0,48360054784.0,1216011.5,46.94,0.95
CSV,1235007,247000,84,83,0,42824,0,0.000000e+00,0.000000e+00,51711893504.0,53245325312.0,1311030.0,46.09,0.13
BER: END_SEQ #84 [LOCK] seq_err=0 BER_seq=0.0000e+00 | lock=84 slip=0 BER_cond=0.0000e+00 BER_cum=0.0000e+00
BER: SYNC #85 (gated)
CSV,1240007,248000,85,84,0,42947,0,0.000000e+00,0.000000e+00,51957399552.0,55736152064.0,1567138.5,45.51,0.30
CSV,1245007,249000,85,84,0,43146,0,0.000000e+00,0.000000e+00,60238622720.0,45435076608.0,1446605.2,46.20,1.22
CSV,1250007,250000,85,84,0,43346,0,0.000000e+00,0.000000e+00,53918986240.0,54154883072.0,1200559.8,46.54,0.02
BER: END_SEQ #85 [LOCK] seq_err=0 BER_seq=0.0000e+00 | lock=85 slip=0 BER_cond=0.0000e+00 BER_cum=0.0000e+00
BER: SYNC #86 (gated)
CSV,1255007,251000,86,85,0,43469,0,0.000000e+00,0.000000e+00,50412949504.0,53552418816.0,1551162.5,45.38,0.26
CSV,1260007,252000,86,85,0,43669,0,0.000000e+00,0.000000e+00,58559496192.0,49699074048.0,1363071.1,46.33,0.71
CSV,1265007,253000,86,85,0,43869,0,0.000000e+00,0.000000e+00,53462306816.0,51708297216.0,1252644.2,46.30,0.14
BER: END_SEQ #86 [LOCK] seq_err=0 BER_seq=0.0000e+00 | lock=86 slip=0 BER_cond=0.0000e+00 BER_cum=0.0000e+00
BER: SYNC #87 (gated)
CSV,1270007,254000,87,86,0,43992,0,0.000000e+00,0.000000e+00,52797186048.0,54997655552.0,1612535.6,45.33,0.18
CSV,1275007,255000,87,86,0,44192,0,0.000000e+00,0.000000e+00,57264832512.0,48250871808.0,1341550.9,46.30,0.74
CSV,1280007,256000,87,86,0,44392,0,0.000000e+00,0.000000e+00,53908586496.0,54098948096.0,1350788.6,46.03,0.02
BER: END_SEQ #87 [LOCK] seq_err=0 BER_seq=0.0000e+00 | lock=87 slip=0 BER_cond=0.0000e+00 BER_cum=0.0000e+00
BER: SYNC #88 (gated)
CSV,1285007,257000,88,87,0,44515,0,0.000000e+00,0.000000e+00,51222822912.0,52944138240.0,1523925.1,45.41,0.14
CSV,1290007,258000,88,87,0,44715,0,0.000000e+00,0.000000e+00,61195005952.0,47348609024.0,1311113.5,46.69,1.11
CSV,1295007,259000,88,87,0,44914,0,0.000000e+00,0.000000e+00,52356538368.0,52768219136.0,1354462.0,45.91,0.03
BER: END_SEQ #88 [LOCK] seq_err=0 BER_seq=0.0000e+00 | lock=88 slip=0 BER_cond=0.0000e+00 BER_cum=0.0000e+00
BER: SYNC #89 (gated)
CSV,1300007,260000,89,88,0,45037,0,0.000000e+00,0.000000e+00,50431840256.0,56600088576.0,1523233.4,45.70,0.50
CSV,1305007,261000,89,88,0,45237,0,0.000000e+00,0.000000e+00,60514324480.0,45206831104.0,1437100.1,46.24,1.27
CSV,1310007,262000,89,88,0,45437,0,0.000000e+00,0.000000e+00,53853892608.0,53534871552.0,1412126.2,45.81,0.03
BER: END_SEQ #89 [LOCK] seq_err=0 BER_seq=0.0000e+00 | lock=89 slip=0 BER_cond=0.0000e+00 BER_cum=0.0000e+00
BER: SYNC #90 (gated)
CSV,1315007,263000,90,89,0,45560,0,0.000000e+00,0.000000e+00,48991088640.0,54998351872.0,1557319.8,45.48,0.50
CSV,1320007,264000,90,89,0,45760,0,0.000000e+00,0.000000e+00,61815746560.0,46143643648.0,1517199.2,46.10,1.27
CSV,1325007,265000,90,89,0,45960,0,0.000000e+00,0.000000e+00,50936864768.0,54362955776.0,1480036.5,45.65,0.28
BER: END_SEQ #90 [LOCK] seq_err=0 BER_seq=0.0000e+00 | lock=90 slip=0 BER_cond=0.0000e+00 BER_cum=0.0000e+00
BER: SYNC #91 (gated)
CSV,1330007,266000,91,90,0,46083,0,0.000000e+00,0.000000e+00,51669438464.0,54532345856.0,1546550.5,45.47,0.23
CSV,1335007,267000,91,90,0,46283,0,0.000000e+00,0.000000e+00,59483807744.0,46637342720.0,1330894.9,46.50,1.06
CSV,1340007,268000,91,90,0,46483,0,0.000000e+00,0.000000e+00,52787101696.0,54269157376.0,1572866.2,45.38,0.12
BER: END_SEQ #91 [LOCK] seq_err=0 BER_seq=0.0000e+00 | lock=91 slip=0 BER_cond=0.0000e+00 BER_cum=0.0000e+00
BER: SYNC #92 (gated)
CSV,1345007,269000,92,91,0,46605,0,0.000000e+00,0.000000e+00,49998213120.0,54838296576.0,1622597.9,45.29,0.40
CSV,1350007,270000,92,91,0,46805,0,0.000000e+00,0.000000e+00,60793954304.0,46817615872.0,1273890.5,46.79,1.13
CSV,1355007,271000,92,91,0,47005,0,0.000000e+00,0.000000e+00,52270383104.0,53766692864.0,1303160.5,46.16,0.12
BER: END_SEQ #92 [LOCK] seq_err=0 BER_seq=0.0000e+00 | lock=92 slip=0 BER_cond=0.0000e+00 BER_cum=0.0000e+00
BER: SYNC #93 (gated)
CSV,1360007,272000,93,92,0,47128,0,0.000000e+00,0.000000e+00,52018171904.0,53540831232.0,1677800.4,45.04,0.13
CSV,1365007,273000,93,92,0,47328,0,0.000000e+00,0.000000e+00,59103944704.0,47432462336.0,1381780.6,46.31,0.96
BER: END_SEQ #93 [LOCK] seq_err=0 BER_seq=0.0000e+00 | lock=93 slip=0 BER_cond=0.0000e+00 BER_cum=0.0000e+00
CSV,1370007,274000,93,93,0,47523,0,0.000000e+00,0.000000e+00,50821361664.0,55593369600.0,1186416.2,46.71,0.39
BER: SYNC #94 (gated)
CSV,1375007,275000,94,93,0,47651,0,0.000000e+00,0.000000e+00,56409501696.0,49784082432.0,1672295.0,45.28,0.54
CSV,1380007,276000,94,93,0,47851,0,0.000000e+00,0.000000e+00,55124480000.0,51128635392.0,1401463.9,45.95,0.33
BER: END_SEQ #94 [LOCK] seq_err=0 BER_seq=0.0000e+00 | lock=94 slip=0 BER_cond=0.0000e+00 BER_cum=0.0000e+00
CSV,1385007,277000,94,94,0,48034,0,0.000000e+00,0.000000e+00,52234932224.0,53839507456.0,1401992.1,45.84,0.13
BER: SYNC #95 (gated)
CSV,1390007,278000,95,94,0,48174,0,0.000000e+00,0.000000e+00,56922652672.0,48493146112.0,1576243.4,45.58,0.70
CSV,1395007,279000,95,94,0,48374,0,0.000000e+00,0.000000e+00,54931341312.0,51902263296.0,1337001.1,46.14,0.25
BER: END_SEQ #95 [LOCK] seq_err=0 BER_seq=0.0000e+00 | lock=95 slip=0 BER_cond=0.0000e+00 BER_cum=0.0000e+00
CSV,1400007,280000,95,95,0,48545,0,0.000000e+00,0.000000e+00,51375124480.0,54175973376.0,1561721.0,45.40,0.23
BER: SYNC #96 (gated)
CSV,1405007,281000,96,95,0,48696,0,0.000000e+00,0.000000e+00,59037507584.0,48446533632.0,1385376.5,46.30,0.86
CSV,1410007,282000,96,95,0,48896,0,0.000000e+00,0.000000e+00,52141178880.0,53329874944.0,1304314.1,46.12,0.10
BER: END_SEQ #96 [LOCK] seq_err=0 BER_seq=0.0000e+00 | lock=96 slip=0 BER_cond=0.0000e+00 BER_cum=0.0000e+00
CSV,1415007,283000,96,96,0,49056,0,0.000000e+00,0.000000e+00,52582977536.0,53328310272.0,1466861.0,45.61,0.06
BER: SYNC #97 (gated)
CSV,1420007,284000,97,96,0,49219,0,0.000000e+00,0.000000e+00,58703831040.0,47116169216.0,1407800.2,46.20,0.95
CSV,1425007,285000,97,96,0,49419,0,0.000000e+00,0.000000e+00,53214629888.0,54026534912.0,1295451.6,46.20,0.07
BER: END_SEQ #97 [LOCK] seq_err=0 BER_seq=0.0000e+00 | lock=97 slip=0 BER_cond=0.0000e+00 BER_cum=0.0000e+00
CSV,1430007,286000,97,97,0,49567,0,0.000000e+00,0.000000e+00,51222757376.0,53587959808.0,1487025.1,45.57,0.20
BER: SYNC #98 (gated)
CSV,1435007,287000,98,97,0,49742,0,0.000000e+00,0.000000e+00,59133607936.0,48657141760.0,1375535.9,46.33,0.85
CSV,1440007,288000,98,97,0,49942,0,0.000000e+00,0.000000e+00,51326107648.0,54020603904.0,1318850.4,46.12,0.22
BER: END_SEQ #98 [LOCK] seq_err=0 BER_seq=0.0000e+00 | lock=98 slip=0 BER_cond=0.0000e+00 BER_cum=0.0000e+00
CSV,1445007,289000,98,98,0,50078,0,0.000000e+00,0.000000e+00,53533233152.0,52813139968.0,1605816.9,45.23,0.06
BER: SYNC #99 (gated)
CSV,1450007,290000,99,98,0,50264,0,0.000000e+00,0.000000e+00,58249723904.0,47789359104.0,1278752.8,46.59,0.86
CSV,1455007,291000,99,98,0,50464,0,0.000000e+00,0.000000e+00,54126702592.0,53445107712.0,1439068.0,45.75,0.06
BER: END_SEQ #99 [LOCK] seq_err=0 BER_seq=0.0000e+00 | lock=99 slip=0 BER_cond=0.0000e+00 BER_cum=0.0000e+00
CSV,1460007,292000,99,99,0,50589,0,0.000000e+00,0.000000e+00,49514549248.0,54575009792.0,1512981.6,45.57,0.42
BER: SYNC #100 (gated)
CSV,1465007,293000,100,99,0,50787,0,0.000000e+00,0.000000e+00,61338976256.0,46939971584.0,1222799.2,47.00,1.16
CSV,1470007,294000,100,99,0,50987,0,0.000000e+00,0.000000e+00,51734441984.0,53256990720.0,1407702.8,45.78,0.13
BER: END_SEQ #100 [LOCK] seq_err=0 BER_seq=0.0000e+00 | lock=100 slip=0 BER_cond=0.0000e+00 BER_cum=0.0000e+00
BER: SYNC #101 (gated)
CSV,1475007,295000,101,100,0,51110,0,0.000000e+00,0.000000e+00,51563241472.0,55280328704.0,1519592.4,45.61,0.30
CSV,1480007,296000,101,100,0,51310,0,0.000000e+00,0.000000e+00,58208399360.0,47296049152.0,1367915.4,46.29,0.90
CSV,1485007,297000,101,100,0,51510,0,0.000000e+00,0.000000e+00,53513035776.0,54081716224.0,1421080.5,45.80,0.05
BER: END_SEQ #101 [LOCK] seq_err=0 BER_seq=0.0000e+00 | lock=101 slip=0 BER_cond=0.0000e+00 BER_cum=0.0000e+00
BER: SYNC #102 (gated)
CSV,1490007,298000,102,101,0,51633,0,0.000000e+00,0.000000e+00,50063335424.0,53861367808.0,1582831.4,45.32,0.32
CSV,1495007,299000,102,101,0,51833,0,0.000000e+00,0.000000e+00,61152878592.0,47153680384.0,1399244.1,46.41,1.13
CSV,1500007,300000,102,101,0,52032,0,0.000000e+00,0.000000e+00,52748226560.0,52202549248.0,1447198.1,45.62,0.05
BER: END_SEQ #102 [LOCK] seq_err=0 BER_seq=0.0000e+00 | lock=102 slip=0 BER_cond=0.0000e+00 BER_cum=0.0000e+00

=========================================
=== END OF TEST (duration=25 min) ===
=========================================
FINAL: syncs=102 lock=102 slip=0 slip_rate=0.0000
FINAL: bits_cum=52122 err_cum=0 BER_cum=0.0000e+00
FINAL: bits_lock=52122 err_lock=0 BER_cond=0.0000e+00
=========================================
=== STOP LOGGING NOW ===
=========================================
