


=== RX BOOT - BER TEST MODE ===
MOD=OOK (20 kHz carrier, adaptive threshold)
BPS_MODE=40 (HALF_SAMPLES=1000, 5000 samples/bit @ 200000 Hz)
Expect: 64-bit preamble + Barker13 (1F35h, gated by 8 preamble bits = 0x55) + 511-bit PRBS-9
Noise floor band: 5000 Hz; lock threshold: BER<0.10
Auto-stop: test will halt 25 min after the first sync.
RX: edge-tracking sync, center-3 voting
Starting decoder...


BER: SYNC #1 (gated)
CSV,5008,1000,1,0,0,77,0,0.000000e+00,0.000000e+00,5636.0,32743392.0,14515.8,33.53,37.64
CSV,10008,2000,1,0,0,277,0,0.000000e+00,0.000000e+00,5608.6,27763384.0,12791.5,33.37,36.95
CSV,15008,3000,1,0,0,477,0,0.000000e+00,0.000000e+00,5656.5,32772080.0,12616.5,34.15,37.63
BER: END_SEQ #1 [LOCK] seq_err=0 BER_seq=0.0000e+00 | lock=1 slip=0 BER_cond=0.0000e+00 BER_cum=0.0000e+00
BER: SYNC #2 (gated)
CSV,20008,4000,2,1,0,599,0,0.000000e+00,0.000000e+00,5657.9,32741132.0,13785.9,33.76,37.62
CSV,25008,5000,2,1,0,799,0,0.000000e+00,0.000000e+00,8410.5,25197582.0,25221.7,30.00,34.77
CSV,30008,6000,2,1,0,999,0,0.000000e+00,0.000000e+00,6327.3,30840178.0,17043.2,32.58,36.88
BER: END_SEQ #2 [LOCK] seq_err=0 BER_seq=0.0000e+00 | lock=2 slip=0 BER_cond=0.0000e+00 BER_cum=0.0000e+00
BER: SYNC #3 (gated)
CSV,35008,7000,3,2,0,1122,0,0.000000e+00,0.000000e+00,5718.4,33428406.0,14284.2,33.69,37.67
CSV,40008,8000,3,2,0,1322,0,0.000000e+00,0.000000e+00,5466.4,27830662.0,14342.6,32.88,37.07
CSV,45008,9000,3,2,0,1522,0,0.000000e+00,0.000000e+00,5247.6,32904134.0,13318.4,33.93,37.97
BER: END_SEQ #3 [LOCK] seq_err=0 BER_seq=0.0000e+00 | lock=3 slip=0 BER_cond=0.0000e+00 BER_cum=0.0000e+00
BER: SYNC #4 (gated)
CSV,50008,10000,4,3,0,1645,0,0.000000e+00,0.000000e+00,5271.6,32562112.0,9179.6,35.50,37.91
CSV,55008,11000,4,3,0,1845,0,0.000000e+00,0.000000e+00,4828.0,28719774.0,8638.3,35.22,37.74
BER: END_SEQ #4 [LOCK] seq_err=0 BER_seq=0.0000e+00 | lock=4 slip=0 BER_cond=0.0000e+00 BER_cum=0.0000e+00
CSV,60008,12000,4,4,0,2044,0,0.000000e+00,0.000000e+00,4776.6,33486822.0,9266.5,35.58,38.46
BER: SYNC #5 (gated)
CSV,65008,13000,5,4,0,2167,0,0.000000e+00,0.000000e+00,4843.2,30954718.0,10207.2,34.82,38.06
CSV,70008,14000,5,4,0,2368,0,0.000000e+00,0.000000e+00,5019.2,29213012.0,10192.8,34.57,37.65
BER: END_SEQ #5 [LOCK] seq_err=0 BER_seq=0.0000e+00 | lock=5 slip=0 BER_cond=0.0000e+00 BER_cum=0.0000e+00
CSV,75008,15000,5,5,0,2555,0,0.000000e+00,0.000000e+00,5513.8,33173762.0,10190.8,35.13,37.79
BER: SYNC #6 (gated)
CSV,80008,16000,6,5,0,2690,0,0.000000e+00,0.000000e+00,5103.0,28986970.0,10076.8,34.59,37.54
CSV,85008,17000,6,5,0,2890,0,0.000000e+00,0.000000e+00,4882.8,31981262.0,8848.3,35.58,38.16
BER: END_SEQ #6 [LOCK] seq_err=0 BER_seq=0.0000e+00 | lock=6 slip=0 BER_cond=0.0000e+00 BER_cum=0.0000e+00
CSV,90008,18000,6,6,0,3066,0,0.000000e+00,0.000000e+00,5543.8,32188410.0,9548.1,35.28,37.64
BER: SYNC #7 (gated)
CSV,95008,19000,7,6,0,3213,0,0.000000e+00,0.000000e+00,4620.5,28903582.0,9786.7,34.70,37.96
CSV,100008,20000,7,6,0,3413,0,0.000000e+00,0.000000e+00,4782.4,31562548.0,9011.9,35.44,38.20
BER: END_SEQ #7 [LOCK] seq_err=0 BER_seq=0.0000e+00 | lock=7 slip=0 BER_cond=0.0000e+00 BER_cum=0.0000e+00
CSV,105008,21000,7,7,0,3577,0,0.000000e+00,0.000000e+00,5368.4,32381802.0,10006.5,35.10,37.80
BER: SYNC #8 (gated)
CSV,110008,22000,8,7,0,3736,0,0.000000e+00,0.000000e+00,4909.6,28294260.0,8874.7,35.04,37.61
CSV,115008,23000,8,7,0,3935,0,0.000000e+00,0.000000e+00,4783.4,32293174.0,7746.9,36.20,38.29
BER: END_SEQ #8 [LOCK] seq_err=0 BER_seq=0.0000e+00 | lock=8 slip=0 BER_cond=0.0000e+00 BER_cum=0.0000e+00
CSV,120008,24000,8,8,0,4088,0,0.000000e+00,0.000000e+00,4897.3,31656474.0,8345.3,35.79,38.11
BER: SYNC #9 (gated)
CSV,125008,25000,9,8,0,4258,0,0.000000e+00,0.000000e+00,4935.5,29362942.0,7734.3,35.79,37.74
CSV,130008,26000,9,8,0,4458,0,0.000000e+00,0.000000e+00,4767.4,31277976.0,8321.1,35.75,38.17
BER: END_SEQ #9 [LOCK] seq_err=0 BER_seq=0.0000e+00 | lock=9 slip=0 BER_cond=0.0000e+00 BER_cum=0.0000e+00
CSV,135008,27000,9,9,0,4599,0,0.000000e+00,0.000000e+00,4859.0,31924756.0,9586.4,35.22,38.18
BER: SYNC #10 (gated)
CSV,140008,28000,10,9,0,4781,0,0.000000e+00,0.000000e+00,4937.0,28657284.0,9713.2,34.70,37.64
CSV,145008,29000,10,9,0,4981,0,0.000000e+00,0.000000e+00,6218.8,30254384.0,15287.5,32.96,36.87
BER: END_SEQ #10 [LOCK] seq_err=0 BER_seq=0.0000e+00 | lock=10 slip=0 BER_cond=0.0000e+00 BER_cum=0.0000e+00
CSV,150008,30000,10,10,0,5110,0,0.000000e+00,0.000000e+00,10490.6,26084232.0,29340.7,29.49,33.96
BER: SYNC #11 (gated)
CSV,155008,31000,11,10,0,5304,0,0.000000e+00,0.000000e+00,10780.9,22935822.0,28765.9,29.02,33.28
CSV,160008,32000,11,10,0,5504,0,0.000000e+00,0.000000e+00,10239.3,25752094.0,28542.3,29.55,34.01
BER: END_SEQ #11 [LOCK] seq_err=0 BER_seq=0.0000e+00 | lock=11 slip=0 BER_cond=0.0000e+00 BER_cum=0.0000e+00
BER: SYNC #12 (gated)
CSV,165008,33000,12,11,0,5627,0,0.000000e+00,0.000000e+00,9773.8,28261800.0,25677.3,30.42,34.61
CSV,170008,34000,12,11,0,5827,0,0.000000e+00,0.000000e+00,6188.2,27523352.0,15954.6,32.37,36.48
CSV,175008,35000,12,11,0,6026,0,0.000000e+00,0.000000e+00,6624.1,31830342.0,16843.6,32.76,36.82
BER: END_SEQ #12 [LOCK] seq_err=0 BER_seq=0.0000e+00 | lock=12 slip=0 BER_cond=0.0000e+00 BER_cum=0.0000e+00
BER: SYNC #13 (gated)
CSV,180008,36000,13,12,0,6149,0,0.000000e+00,0.000000e+00,8602.3,29812298.0,25484.5,30.68,35.40
CSV,185008,37000,13,12,0,6349,0,0.000000e+00,0.000000e+00,10342.0,23126996.0,29771.8,28.90,33.50
CSV,190008,38000,13,12,0,6549,0,0.000000e+00,0.000000e+00,7731.8,29328934.0,23835.3,30.90,35.79
BER: END_SEQ #13 [LOCK] seq_err=0 BER_seq=0.0000e+00 | lock=13 slip=0 BER_cond=0.0000e+00 BER_cum=0.0000e+00
BER: SYNC #14 (gated)
CSV,195008,39000,14,13,0,6672,0,0.000000e+00,0.000000e+00,10295.8,30692940.0,28557.8,30.31,34.74
CSV,200008,40000,14,13,0,6872,0,0.000000e+00,0.000000e+00,10441.9,23489870.0,28637.4,29.14,33.52
CSV,205008,41000,14,13,0,7072,0,0.000000e+00,0.000000e+00,9983.2,25411212.0,29097.7,29.41,34.06
BER: END_SEQ #14 [LOCK] seq_err=0 BER_seq=0.0000e+00 | lock=14 slip=0 BER_cond=0.0000e+00 BER_cum=0.0000e+00
BER: SYNC #15 (gated)
CSV,210008,42000,15,14,0,7195,0,0.000000e+00,0.000000e+00,10855.8,26435344.0,27449.2,29.84,33.87
CSV,215008,43000,15,14,0,7395,0,0.000000e+00,0.000000e+00,10336.8,23884768.0,28769.6,29.19,33.64
CSV,220008,44000,15,14,0,7595,0,0.000000e+00,0.000000e+00,10698.3,26012902.0,29786.7,29.41,33.86
BER: END_SEQ #15 [LOCK] seq_err=0 BER_seq=0.0000e+00 | lock=15 slip=0 BER_cond=0.0000e+00 BER_cum=0.0000e+00
BER: SYNC #16 (gated)
CSV,225008,45000,16,15,0,7717,0,0.000000e+00,0.000000e+00,10582.1,25676786.0,27593.4,29.69,33.85
CSV,230008,46000,16,15,0,7917,0,0.000000e+00,0.000000e+00,9569.8,23855828.0,30087.7,28.99,33.97
CSV,235008,47000,16,15,0,8117,0,0.000000e+00,0.000000e+00,10314.3,25400656.0,29677.3,29.32,33.91
BER: END_SEQ #16 [LOCK] seq_err=0 BER_seq=0.0000e+00 | lock=16 slip=0 BER_cond=0.0000e+00 BER_cum=0.0000e+00
BER: SYNC #17 (gated)
CSV,240008,48000,17,16,0,8240,0,0.000000e+00,0.000000e+00,10006.8,27452772.0,28229.9,29.88,34.38
CSV,245008,49000,17,16,0,8440,0,0.000000e+00,0.000000e+00,10435.2,22038506.0,29502.1,28.73,33.25
CSV,250008,50000,17,16,0,8640,0,0.000000e+00,0.000000e+00,9990.1,26575188.0,28253.3,29.73,34.25
BER: END_SEQ #17 [LOCK] seq_err=0 BER_seq=0.0000e+00 | lock=17 slip=0 BER_cond=0.0000e+00 BER_cum=0.0000e+00
BER: SYNC #18 (gated)
CSV,255008,51000,18,17,0,8763,0,0.000000e+00,0.000000e+00,10253.9,26450942.0,29672.4,29.50,34.12
CSV,260008,52000,18,17,0,8963,0,0.000000e+00,0.000000e+00,9663.1,22489048.0,27491.4,29.13,33.67
CSV,265008,53000,18,17,0,9163,0,0.000000e+00,0.000000e+00,9585.9,26243250.0,26661.2,29.93,34.37
BER: END_SEQ #18 [LOCK] seq_err=0 BER_seq=0.0000e+00 | lock=18 slip=0 BER_cond=0.0000e+00 BER_cum=0.0000e+00
BER: SYNC #19 (gated)
CSV,270008,54000,19,18,0,9286,0,0.000000e+00,0.000000e+00,9837.2,26924854.0,25813.3,30.18,34.37
CSV,275008,55000,19,18,0,9486,0,0.000000e+00,0.000000e+00,10298.3,22852082.0,27117.0,29.26,33.46
CSV,280008,56000,19,18,0,9685,0,0.000000e+00,0.000000e+00,9417.0,26050684.0,27379.2,29.78,34.42
BER: END_SEQ #19 [LOCK] seq_err=0 BER_seq=0.0000e+00 | lock=19 slip=0 BER_cond=0.0000e+00 BER_cum=0.0000e+00
BER: SYNC #20 (gated)
CSV,285008,57000,20,19,0,9808,0,0.000000e+00,0.000000e+00,10603.9,26357294.0,29905.3,29.45,33.95
CSV,290008,58000,20,19,0,10008,0,0.000000e+00,0.000000e+00,9844.6,23027204.0,26002.7,29.47,33.69
CSV,295008,59000,20,19,0,10208,0,0.000000e+00,0.000000e+00,9998.4,26343598.0,26245.9,30.02,34.21
BER: END_SEQ #20 [LOCK] seq_err=0 BER_seq=0.0000e+00 | lock=20 slip=0 BER_cond=0.0000e+00 BER_cum=0.0000e+00
BER: SYNC #21 (gated)
CSV,300008,60000,21,20,0,10331,0,0.000000e+00,0.000000e+00,10566.2,26383624.0,28665.8,29.64,33.97
CSV,305008,61000,21,20,0,10531,0,0.000000e+00,0.000000e+00,10311.2,22890760.0,27209.9,29.25,33.46
BER: END_SEQ #21 [LOCK] seq_err=0 BER_seq=0.0000e+00 | lock=21 slip=0 BER_cond=0.0000e+00 BER_cum=0.0000e+00
CSV,310008,62000,21,21,0,10731,0,0.000000e+00,0.000000e+00,10218.1,27489730.0,29103.8,29.75,34.30
BER: SYNC #22 (gated)
CSV,315008,63000,22,21,0,10854,0,0.000000e+00,0.000000e+00,10502.5,24669496.0,31428.0,28.95,33.71
CSV,320008,64000,22,21,0,11054,0,0.000000e+00,0.000000e+00,10714.7,24081712.0,30083.1,29.03,33.52
BER: END_SEQ #22 [LOCK] seq_err=0 BER_seq=0.0000e+00 | lock=22 slip=0 BER_cond=0.0000e+00 BER_cum=0.0000e+00
CSV,325008,65000,22,22,0,11242,0,0.000000e+00,0.000000e+00,10808.4,27246780.0,29843.7,29.60,34.02
BER: SYNC #23 (gated)
CSV,330008,66000,23,22,0,11376,0,0.000000e+00,0.000000e+00,11157.3,23986492.0,30192.3,29.00,33.32
CSV,335008,67000,23,22,0,11576,0,0.000000e+00,0.000000e+00,11233.0,25708654.0,32290.4,29.01,33.60
BER: END_SEQ #23 [LOCK] seq_err=0 BER_seq=0.0000e+00 | lock=23 slip=0 BER_cond=0.0000e+00 BER_cum=0.0000e+00
CSV,340008,68000,23,23,0,11753,0,0.000000e+00,0.000000e+00,11100.9,26324478.0,31722.3,29.19,33.75
BER: SYNC #24 (gated)
CSV,345008,69000,24,23,0,11899,0,0.000000e+00,0.000000e+00,10676.5,23582236.0,28632.5,29.16,33.44
CSV,350008,70000,24,23,0,12099,0,0.000000e+00,0.000000e+00,10742.8,26035880.0,31093.8,29.23,33.84
BER: END_SEQ #24 [LOCK] seq_err=0 BER_seq=0.0000e+00 | lock=24 slip=0 BER_cond=0.0000e+00 BER_cum=0.0000e+00
CSV,355008,71000,24,24,0,12264,0,0.000000e+00,0.000000e+00,11095.3,26598048.0,29407.4,29.56,33.80
BER: SYNC #25 (gated)
CSV,360008,72000,25,24,0,12422,0,0.000000e+00,0.000000e+00,10292.0,23461878.0,31762.7,28.68,33.58
CSV,365008,73000,25,24,0,12622,0,0.000000e+00,0.000000e+00,10947.2,26499554.0,28135.7,29.74,33.84
BER: END_SEQ #25 [LOCK] seq_err=0 BER_seq=0.0000e+00 | lock=25 slip=0 BER_cond=0.0000e+00 BER_cum=0.0000e+00
CSV,370008,74000,25,25,0,12775,0,0.000000e+00,0.000000e+00,10841.4,25935486.0,32394.4,29.03,33.79
BER: SYNC #26 (gated)
CSV,375008,75000,26,25,0,12945,0,0.000000e+00,0.000000e+00,11066.3,24115284.0,29464.1,29.13,33.38
CSV,380008,76000,26,25,0,13144,0,0.000000e+00,0.000000e+00,11185.5,25885850.0,30372.1,29.31,33.64
BER: END_SEQ #26 [LOCK] seq_err=0 BER_seq=0.0000e+00 | lock=26 slip=0 BER_cond=0.0000e+00 BER_cum=0.0000e+00
CSV,385008,77000,26,26,0,13286,0,0.000000e+00,0.000000e+00,10496.2,26408880.0,32162.1,29.14,34.01
BER: SYNC #27 (gated)
CSV,390008,78000,27,26,0,13467,0,0.000000e+00,0.000000e+00,10627.2,23800744.0,31265.3,28.82,33.50
CSV,395008,79000,27,26,0,13667,0,0.000000e+00,0.000000e+00,10283.8,26548062.0,27774.3,29.80,34.12
BER: END_SEQ #27 [LOCK] seq_err=0 BER_seq=0.0000e+00 | lock=27 slip=0 BER_cond=0.0000e+00 BER_cum=0.0000e+00
CSV,400008,80000,27,27,0,13797,0,0.000000e+00,0.000000e+00,10386.5,25998276.0,29569.7,29.44,33.98
BER: SYNC #28 (gated)
CSV,405008,81000,28,27,0,13990,0,0.000000e+00,0.000000e+00,10242.7,23147246.0,28435.6,29.11,33.54
CSV,410008,82000,28,27,0,14190,0,0.000000e+00,0.000000e+00,10280.5,25946662.0,33200.2,28.93,34.02
BER: END_SEQ #28 [LOCK] seq_err=0 BER_seq=0.0000e+00 | lock=28 slip=0 BER_cond=0.0000e+00 BER_cum=0.0000e+00
BER: SYNC #29 (gated)
CSV,415008,83000,29,28,0,14313,0,0.000000e+00,0.000000e+00,9848.7,26773528.0,28425.7,29.74,34.34
CSV,420008,84000,29,28,0,14513,0,0.000000e+00,0.000000e+00,9996.7,22984244.0,29775.0,28.88,33.62
CSV,425008,85000,29,28,0,14713,0,0.000000e+00,0.000000e+00,9744.6,26973462.0,27594.0,29.90,34.42
BER: END_SEQ #29 [LOCK] seq_err=0 BER_seq=0.0000e+00 | lock=29 slip=0 BER_cond=0.0000e+00 BER_cum=0.0000e+00
BER: SYNC #30 (gated)
CSV,430008,86000,30,29,0,14835,0,0.000000e+00,0.000000e+00,9876.9,26799526.0,27319.2,29.92,34.34
CSV,435008,87000,30,29,0,15035,0,0.000000e+00,0.000000e+00,9794.2,23529780.0,28293.3,29.20,33.81
CSV,440008,88000,30,29,0,15235,0,0.000000e+00,0.000000e+00,10419.6,25394956.0,30562.8,29.20,33.87
BER: END_SEQ #30 [LOCK] seq_err=0 BER_seq=0.0000e+00 | lock=30 slip=0 BER_cond=0.0000e+00 BER_cum=0.0000e+00
BER: SYNC #31 (gated)
CSV,445008,89000,31,30,0,15358,0,0.000000e+00,0.000000e+00,9956.0,27784306.0,29815.3,29.69,34.46
CSV,450008,90000,31,30,0,15558,0,0.000000e+00,0.000000e+00,10235.4,22900486.0,26853.4,29.31,33.50
CSV,455008,91000,31,30,0,15758,0,0.000000e+00,0.000000e+00,10538.8,26187290.0,30724.8,29.31,33.95
BER: END_SEQ #31 [LOCK] seq_err=0 BER_seq=0.0000e+00 | lock=31 slip=0 BER_cond=0.0000e+00 BER_cum=0.0000e+00
BER: SYNC #32 (gated)
CSV,460008,92000,32,31,0,15881,0,0.000000e+00,0.000000e+00,10453.3,25973874.0,29534.8,29.44,33.95
CSV,465008,93000,32,31,0,16081,0,0.000000e+00,0.000000e+00,10425.2,24227812.0,30053.7,29.06,33.66
CSV,470008,94000,32,31,0,16281,0,0.000000e+00,0.000000e+00,9212.8,25715618.0,30272.0,29.29,34.46
BER: END_SEQ #32 [LOCK] seq_err=0 BER_seq=0.0000e+00 | lock=32 slip=0 BER_cond=0.0000e+00 BER_cum=0.0000e+00
BER: SYNC #33 (gated)
CSV,475008,95000,33,32,0,16404,0,0.000000e+00,0.000000e+00,10716.2,26531444.0,27598.2,29.83,33.94
CSV,480008,96000,33,32,0,16603,0,0.000000e+00,0.000000e+00,9877.8,23720098.0,29315.2,29.08,33.80
CSV,485008,97000,33,32,0,16803,0,0.000000e+00,0.000000e+00,10895.6,25877466.0,29961.7,29.36,33.76
BER: END_SEQ #33 [LOCK] seq_err=0 BER_seq=0.0000e+00 | lock=33 slip=0 BER_cond=0.0000e+00 BER_cum=0.0000e+00
BER: SYNC #34 (gated)
CSV,490008,98000,34,33,0,16926,0,0.000000e+00,0.000000e+00,10159.8,26961554.0,28997.5,29.68,34.24
CSV,495008,99000,34,33,0,17126,0,0.000000e+00,0.000000e+00,10140.1,22593810.0,28970.2,28.92,33.48
CSV,500008,100000,34,33,0,17326,0,0.000000e+00,0.000000e+00,9549.7,26629222.0,27428.7,29.87,34.45
BER: END_SEQ #34 [LOCK] seq_err=0 BER_seq=0.0000e+00 | lock=34 slip=0 BER_cond=0.0000e+00 BER_cum=0.0000e+00
BER: SYNC #35 (gated)
CSV,505008,101000,35,34,0,17449,0,0.000000e+00,0.000000e+00,10197.5,26989258.0,27498.7,29.92,34.23
CSV,510008,102000,35,34,0,17649,0,0.000000e+00,0.000000e+00,10828.6,22504530.0,28503.5,28.97,33.18
CSV,515008,103000,35,34,0,17849,0,0.000000e+00,0.000000e+00,10082.2,26324496.0,29133.5,29.56,34.17
BER: END_SEQ #35 [LOCK] seq_err=0 BER_seq=0.0000e+00 | lock=35 slip=0 BER_cond=0.0000e+00 BER_cum=0.0000e+00
BER: SYNC #36 (gated)
CSV,520008,104000,36,35,0,17972,0,0.000000e+00,0.000000e+00,10128.6,27054296.0,30147.8,29.53,34.27
CSV,525008,105000,36,35,0,18172,0,0.000000e+00,0.000000e+00,9952.7,23142640.0,28286.6,29.13,33.66
CSV,530008,106000,36,35,0,18371,0,0.000000e+00,0.000000e+00,10139.2,26375360.0,28639.8,29.64,34.15
BER: END_SEQ #36 [LOCK] seq_err=0 BER_seq=0.0000e+00 | lock=36 slip=0 BER_cond=0.0000e+00 BER_cum=0.0000e+00
BER: SYNC #37 (gated)
CSV,535008,107000,37,36,0,18494,0,0.000000e+00,0.000000e+00,10782.7,26372828.0,30441.1,29.38,33.88
CSV,540008,108000,37,36,0,18694,0,0.000000e+00,0.000000e+00,10437.5,23176682.0,29532.1,28.95,33.46
CSV,545008,109000,37,36,0,18894,0,0.000000e+00,0.000000e+00,10753.0,26426518.0,28810.6,29.62,33.91
BER: END_SEQ #37 [LOCK] seq_err=0 BER_seq=0.0000e+00 | lock=37 slip=0 BER_cond=0.0000e+00 BER_cum=0.0000e+00
BER: SYNC #38 (gated)
CSV,550008,110000,38,37,0,19017,0,0.000000e+00,0.000000e+00,10757.2,26937174.0,27908.5,29.85,33.99
CSV,555008,111000,38,37,0,19217,0,0.000000e+00,0.000000e+00,10341.0,23016994.0,28603.0,29.06,33.47
CSV,560008,112000,38,37,0,19417,0,0.000000e+00,0.000000e+00,10577.2,27444768.0,28729.3,29.80,34.14
BER: END_SEQ #38 [LOCK] seq_err=0 BER_seq=0.0000e+00 | lock=38 slip=0 BER_cond=0.0000e+00 BER_cum=0.0000e+00
BER: SYNC #39 (gated)
CSV,565008,113000,39,38,0,19540,0,0.000000e+00,0.000000e+00,9850.4,24768746.0,28899.0,29.33,34.00
CSV,570008,114000,39,38,0,19740,0,0.000000e+00,0.000000e+00,10582.1,24224772.0,30340.9,29.02,33.60
BER: END_SEQ #39 [LOCK] seq_err=0 BER_seq=0.0000e+00 | lock=39 slip=0 BER_cond=0.0000e+00 BER_cum=0.0000e+00
CSV,575008,115000,39,39,0,19929,0,0.000000e+00,0.000000e+00,10857.2,26826172.0,32107.2,29.22,33.93
BER: SYNC #40 (gated)
CSV,580008,116000,40,39,0,20062,0,0.000000e+00,0.000000e+00,10531.6,24298836.0,30700.5,28.98,33.63
CSV,585008,117000,40,39,0,20263,0,0.000000e+00,0.000000e+00,10540.4,25782186.0,31109.9,29.18,33.88
BER: END_SEQ #40 [LOCK] seq_err=0 BER_seq=0.0000e+00 | lock=40 slip=0 BER_cond=0.0000e+00 BER_cum=0.0000e+00
CSV,590008,118000,40,40,0,20440,0,0.000000e+00,0.000000e+00,10850.3,26550834.0,30279.9,29.43,33.89
BER: SYNC #41 (gated)
CSV,595008,119000,41,40,0,20585,0,0.000000e+00,0.000000e+00,10578.6,23235912.0,28589.1,29.10,33.42
CSV,600008,120000,41,40,0,20785,0,0.000000e+00,0.000000e+00,10022.0,26609696.0,30680.6,29.38,34.24
BER: END_SEQ #41 [LOCK] seq_err=0 BER_seq=0.0000e+00 | lock=41 slip=0 BER_cond=0.0000e+00 BER_cum=0.0000e+00
CSV,605008,121000,41,41,0,20951,0,0.000000e+00,0.000000e+00,11272.5,26273840.0,31606.4,29.20,33.68
BER: SYNC #42 (gated)
CSV,610008,122000,42,41,0,21108,0,0.000000e+00,0.000000e+00,10525.7,23928636.0,29574.1,29.08,33.57
CSV,615008,123000,42,41,0,21308,0,0.000000e+00,0.000000e+00,10789.7,26417788.0,31311.9,29.26,33.89
BER: END_SEQ #42 [LOCK] seq_err=0 BER_seq=0.0000e+00 | lock=42 slip=0 BER_cond=0.0000e+00 BER_cum=0.0000e+00
CSV,620008,124000,42,42,0,21462,0,0.000000e+00,0.000000e+00,10729.9,26374248.0,32849.8,29.05,33.91
BER: SYNC #43 (gated)
CSV,625008,125000,43,42,0,21631,0,0.000000e+00,0.000000e+00,10345.9,23501196.0,28233.1,29.20,33.56
CSV,630008,126000,43,42,0,21831,0,0.000000e+00,0.000000e+00,10880.2,26370198.0,28811.4,29.62,33.84
BER: END_SEQ #43 [LOCK] seq_err=0 BER_seq=0.0000e+00 | lock=43 slip=0 BER_cond=0.0000e+00 BER_cum=0.0000e+00
CSV,635008,127000,43,43,0,21973,0,0.000000e+00,0.000000e+00,10668.9,26094950.0,29717.2,29.44,33.88
BER: SYNC #44 (gated)
CSV,640008,128000,44,43,0,22153,0,0.000000e+00,0.000000e+00,10140.2,24539682.0,29292.4,29.23,33.84
CSV,645008,129000,44,43,0,22353,0,0.000000e+00,0.000000e+00,10213.6,26200484.0,27312.8,29.82,34.09
BER: END_SEQ #44 [LOCK] seq_err=0 BER_seq=0.0000e+00 | lock=44 slip=0 BER_cond=0.0000e+00 BER_cum=0.0000e+00
CSV,650008,130000,44,44,0,22484,0,0.000000e+00,0.000000e+00,8696.7,28060840.0,26381.7,30.27,35.09
BER: SYNC #45 (gated)
CSV,655008,131000,45,44,0,22676,0,0.000000e+00,0.000000e+00,5106.4,26894400.0,9246.2,34.64,37.22
CSV,660008,132000,45,44,0,22876,0,0.000000e+00,0.000000e+00,5033.2,31267374.0,8715.8,35.55,37.93
BER: END_SEQ #45 [LOCK] seq_err=0 BER_seq=0.0000e+00 | lock=45 slip=0 BER_cond=0.0000e+00 BER_cum=0.0000e+00
BER: SYNC #46 (gated)
CSV,665008,133000,46,45,0,22999,0,0.000000e+00,0.000000e+00,5044.7,31672998.0,8903.3,35.51,37.98
CSV,670008,134000,46,45,0,23199,0,0.000000e+00,0.000000e+00,5126.6,27573442.0,8524.0,35.10,37.31
CSV,675008,135000,46,45,0,23399,0,0.000000e+00,0.000000e+00,4957.9,31704144.0,8196.5,35.87,38.06
BER: END_SEQ #46 [LOCK] seq_err=0 BER_seq=0.0000e+00 | lock=46 slip=0 BER_cond=0.0000e+00 BER_cum=0.0000e+00
BER: SYNC #47 (gated)
CSV,680008,136000,47,46,0,23522,0,0.000000e+00,0.000000e+00,5084.9,32338632.0,9187.3,35.47,38.03
CSV,685008,137000,47,46,0,23722,0,0.000000e+00,0.000000e+00,5364.2,27580884.0,11468.9,33.81,37.11
CSV,690008,138000,47,46,0,23921,0,0.000000e+00,0.000000e+00,5508.1,29915258.0,12794.8,33.69,37.35
BER: END_SEQ #47 [LOCK] seq_err=0 BER_seq=0.0000e+00 | lock=47 slip=0 BER_cond=0.0000e+00 BER_cum=0.0000e+00
BER: SYNC #48 (gated)
CSV,695008,139000,48,47,0,24044,0,0.000000e+00,0.000000e+00,6488.0,31459646.0,16706.1,32.75,36.86
CSV,700008,140000,48,47,0,24244,0,0.000000e+00,0.000000e+00,9633.6,22759608.0,27669.0,29.15,33.73
CSV,705008,141000,48,47,0,24444,0,0.000000e+00,0.000000e+00,9757.4,26378380.0,25457.8,30.15,34.32
BER: END_SEQ #48 [LOCK] seq_err=0 BER_seq=0.0000e+00 | lock=48 slip=0 BER_cond=0.0000e+00 BER_cum=0.0000e+00
BER: SYNC #49 (gated)
CSV,710008,142000,49,48,0,24567,0,0.000000e+00,0.000000e+00,9606.9,26611450.0,24506.8,30.36,34.42
CSV,715008,143000,49,48,0,24767,0,0.000000e+00,0.000000e+00,6694.1,28306444.0,16207.1,32.42,36.26
CSV,720008,144000,49,48,0,24967,0,0.000000e+00,0.000000e+00,6718.1,29753858.0,16268.7,32.62,36.46
BER: END_SEQ #49 [LOCK] seq_err=0 BER_seq=0.0000e+00 | lock=49 slip=0 BER_cond=0.0000e+00 BER_cum=0.0000e+00
BER: SYNC #50 (gated)
CSV,725008,145000,50,49,0,25090,0,0.000000e+00,0.000000e+00,6348.8,31488082.0,15123.1,33.19,36.95
CSV,730008,146000,50,49,0,25290,0,0.000000e+00,0.000000e+00,6135.8,27652616.0,15724.0,32.45,36.54
CSV,735008,147000,50,49,0,25489,0,0.000000e+00,0.000000e+00,6137.8,30677288.0,13856.8,33.45,36.99
BER: END_SEQ #50 [LOCK] seq_err=0 BER_seq=0.0000e+00 | lock=50 slip=0 BER_cond=0.0000e+00 BER_cum=0.0000e+00
BER: SYNC #51 (gated)
CSV,740008,148000,51,50,0,25613,0,0.000000e+00,0.000000e+00,4941.5,31375208.0,9275.0,35.29,38.03
CSV,745008,149000,51,50,0,25812,0,0.000000e+00,0.000000e+00,5224.7,27261120.0,9320.5,34.66,37.17
CSV,750008,150000,51,50,0,26012,0,0.000000e+00,0.000000e+00,5325.4,30933894.0,10737.6,34.60,37.64
BER: END_SEQ #51 [LOCK] seq_err=0 BER_seq=0.0000e+00 | lock=51 slip=0 BER_cond=0.0000e+00 BER_cum=0.0000e+00
BER: SYNC #52 (gated)
CSV,755008,151000,52,51,0,26135,0,0.000000e+00,0.000000e+00,5359.7,32462272.0,10667.1,34.83,37.82
CSV,760008,152000,52,51,0,26335,0,0.000000e+00,0.000000e+00,5689.6,25617678.0,9474.4,34.32,36.53
CSV,765008,153000,52,51,0,26535,0,0.000000e+00,0.000000e+00,5543.7,31220074.0,10070.2,34.91,37.51
BER: END_SEQ #52 [LOCK] seq_err=0 BER_seq=0.0000e+00 | lock=52 slip=0 BER_cond=0.0000e+00 BER_cum=0.0000e+00
BER: SYNC #53 (gated)
CSV,770008,154000,53,52,0,26658,0,0.000000e+00,0.000000e+00,5792.6,30368798.0,10901.2,34.45,37.20
CSV,775008,155000,53,52,0,26858,0,0.000000e+00,0.000000e+00,5464.5,27390522.0,9918.3,34.41,37.00
CSV,780008,156000,53,52,0,27058,0,0.000000e+00,0.000000e+00,5150.2,30520650.0,11100.7,34.39,37.73
BER: END_SEQ #53 [LOCK] seq_err=0 BER_seq=0.0000e+00 | lock=53 slip=0 BER_cond=0.0000e+00 BER_cum=0.0000e+00
BER: SYNC #54 (gated)
CSV,785008,157000,54,53,0,27181,0,0.000000e+00,0.000000e+00,5379.1,31112568.0,9978.2,34.94,37.62
CSV,790008,158000,54,53,0,27380,0,0.000000e+00,0.000000e+00,5293.8,26463796.0,10178.7,34.15,36.99
CSV,795008,159000,54,53,0,27580,0,0.000000e+00,0.000000e+00,4920.5,31196394.0,10718.3,34.64,38.02
BER: END_SEQ #54 [LOCK] seq_err=0 BER_seq=0.0000e+00 | lock=54 slip=0 BER_cond=0.0000e+00 BER_cum=0.0000e+00
BER: SYNC #55 (gated)
CSV,800008,160000,55,54,0,27703,0,0.000000e+00,0.000000e+00,6019.6,29974240.0,12575.8,33.77,36.97
CSV,805008,161000,55,54,0,27903,0,0.000000e+00,0.000000e+00,9104.8,23173238.0,25588.3,29.57,34.06
CSV,810008,162000,55,54,0,28103,0,0.000000e+00,0.000000e+00,6399.9,30328280.0,17328.7,32.43,36.76
BER: END_SEQ #55 [LOCK] seq_err=0 BER_seq=0.0000e+00 | lock=55 slip=0 BER_cond=0.0000e+00 BER_cum=0.0000e+00
BER: SYNC #56 (gated)
CSV,815008,163000,56,55,0,28226,0,0.000000e+00,0.000000e+00,6014.9,29037300.0,13746.6,33.25,36.84
CSV,820008,164000,56,55,0,28426,0,0.000000e+00,0.000000e+00,5701.0,27526796.0,13598.9,33.06,36.84
BER: END_SEQ #56 [LOCK] seq_err=0 BER_seq=0.0000e+00 | lock=56 slip=0 BER_cond=0.0000e+00 BER_cum=0.0000e+00
CSV,825008,165000,56,56,0,28616,0,0.000000e+00,0.000000e+00,5766.4,30922836.0,15136.2,33.10,37.29
BER: SYNC #57 (gated)
CSV,830008,166000,57,56,0,28749,0,0.000000e+00,0.000000e+00,6132.6,27784362.0,14719.2,32.76,36.56
CSV,835008,167000,57,56,0,28949,0,0.000000e+00,0.000000e+00,6189.8,29532866.0,12743.9,33.65,36.79
BER: END_SEQ #57 [LOCK] seq_err=0 BER_seq=0.0000e+00 | lock=57 slip=0 BER_cond=0.0000e+00 BER_cum=0.0000e+00
CSV,840008,168000,57,57,0,29127,0,0.000000e+00,0.000000e+00,7118.7,29119770.0,16740.0,32.40,36.12
BER: SYNC #58 (gated)
CSV,845008,169000,58,57,0,29271,0,0.000000e+00,0.000000e+00,10056.3,23158500.0,25675.4,29.55,33.62
CSV,850008,170000,58,57,0,29471,0,0.000000e+00,0.000000e+00,6845.2,29879660.0,16603.7,32.55,36.40
BER: END_SEQ #58 [LOCK] seq_err=0 BER_seq=0.0000e+00 | lock=58 slip=0 BER_cond=0.0000e+00 BER_cum=0.0000e+00
CSV,855008,171000,58,58,0,29638,0,0.000000e+00,0.000000e+00,7018.4,30308314.0,16049.4,32.76,36.35
BER: SYNC #59 (gated)
CSV,860008,172000,59,58,0,29794,0,0.000000e+00,0.000000e+00,7337.5,27149436.0,15130.6,32.54,35.68
CSV,865008,173000,59,58,0,29994,0,0.000000e+00,0.000000e+00,7359.1,30072258.0,15428.6,32.90,36.11
BER: END_SEQ #59 [LOCK] seq_err=0 BER_seq=0.0000e+00 | lock=59 slip=0 BER_cond=0.0000e+00 BER_cum=0.0000e+00
CSV,870008,174000,59,59,0,30149,0,0.000000e+00,0.000000e+00,7893.1,29481792.0,19510.9,31.79,35.72
BER: SYNC #60 (gated)
CSV,875008,175000,60,59,0,30317,0,0.000000e+00,0.000000e+00,7321.5,26321654.0,17552.3,31.76,35.56
CSV,880008,176000,60,59,0,30517,0,0.000000e+00,0.000000e+00,10447.0,28860826.0,24622.0,30.69,34.41
BER: END_SEQ #60 [LOCK] seq_err=0 BER_seq=0.0000e+00 | lock=60 slip=0 BER_cond=0.0000e+00 BER_cum=0.0000e+00
CSV,885008,177000,60,60,0,30660,0,0.000000e+00,0.000000e+00,17344.0,27484026.0,42424.4,28.11,32.00
BER: SYNC #61 (gated)
CSV,890008,178000,61,60,0,30840,0,0.000000e+00,0.000000e+00,11497.1,26198174.0,29235.2,29.52,33.58
CSV,895008,179000,61,60,0,31039,0,0.000000e+00,0.000000e+00,9125.9,25918796.0,24180.8,30.30,34.53
BER: END_SEQ #61 [LOCK] seq_err=0 BER_seq=0.0000e+00 | lock=61 slip=0 BER_cond=0.0000e+00 BER_cum=0.0000e+00
CSV,900008,180000,61,61,0,31171,0,0.000000e+00,0.000000e+00,8990.6,26908160.0,25497.8,30.23,34.76
BER: SYNC #62 (gated)
CSV,905008,181000,62,61,0,31362,0,0.000000e+00,0.000000e+00,10121.1,22701192.0,26327.3,29.36,33.51
CSV,910008,182000,62,61,0,31562,0,0.000000e+00,0.000000e+00,9310.8,26243304.0,22627.1,30.64,34.50
BER: END_SEQ #62 [LOCK] seq_err=0 BER_seq=0.0000e+00 | lock=62 slip=0 BER_cond=0.0000e+00 BER_cum=0.0000e+00
BER: SYNC #63 (gated)
CSV,915008,183000,63,62,0,31685,0,0.000000e+00,0.000000e+00,9805.9,26545304.0,25990.4,30.09,34.33
CSV,920008,184000,63,62,0,31885,0,0.000000e+00,0.000000e+00,9449.9,23409202.0,25343.0,29.66,33.94
CSV,925008,185000,63,62,0,32085,0,0.000000e+00,0.000000e+00,9145.9,26323062.0,25677.0,30.11,34.59
BER: END_SEQ #63 [LOCK] seq_err=0 BER_seq=0.0000e+00 | lock=63 slip=0 BER_cond=0.0000e+00 BER_cum=0.0000e+00
BER: SYNC #64 (gated)
CSV,930008,186000,64,63,0,32208,0,0.000000e+00,0.000000e+00,9334.5,27865010.0,24025.2,30.64,34.75
CSV,935008,187000,64,63,0,32408,0,0.000000e+00,0.000000e+00,9503.0,22770900.0,24868.5,29.62,33.80
CSV,940008,188000,64,63,0,32608,0,0.000000e+00,0.000000e+00,9247.9,26354676.0,25125.8,30.21,34.55
BER: END_SEQ #64 [LOCK] seq_err=0 BER_seq=0.0000e+00 | lock=64 slip=0 BER_cond=0.0000e+00 BER_cum=0.0000e+00
BER: SYNC #65 (gated)
CSV,945008,189000,65,64,0,32731,0,0.000000e+00,0.000000e+00,8902.5,27117402.0,23483.9,30.62,34.84
CSV,950008,190000,65,64,0,32930,0,0.000000e+00,0.000000e+00,9619.9,22996282.0,24097.7,29.80,33.78
CSV,955008,191000,65,64,0,33130,0,0.000000e+00,0.000000e+00,9018.6,26056772.0,25244.4,30.14,34.61
BER: END_SEQ #65 [LOCK] seq_err=0 BER_seq=0.0000e+00 | lock=65 slip=0 BER_cond=0.0000e+00 BER_cum=0.0000e+00
BER: SYNC #66 (gated)
CSV,960008,192000,66,65,0,33253,0,0.000000e+00,0.000000e+00,9076.7,26675934.0,26437.5,30.04,34.68
CSV,965008,193000,66,65,0,33453,0,0.000000e+00,0.000000e+00,9321.3,24016984.0,27901.0,29.35,34.11
CSV,970008,194000,66,65,0,33653,0,0.000000e+00,0.000000e+00,8704.9,26079938.0,25247.2,30.14,34.77
BER: END_SEQ #66 [LOCK] seq_err=0 BER_seq=0.0000e+00 | lock=66 slip=0 BER_cond=0.0000e+00 BER_cum=0.0000e+00
BER: SYNC #67 (gated)
CSV,975008,195000,67,66,0,33776,0,0.000000e+00,0.000000e+00,8811.5,26384112.0,23229.5,30.55,34.76
CSV,980008,196000,67,66,0,33976,0,0.000000e+00,0.000000e+00,10370.0,25110958.0,30411.6,29.17,33.84
CSV,985008,197000,67,66,0,34176,0,0.000000e+00,0.000000e+00,9213.8,26333040.0,27298.0,29.84,34.56
BER: END_SEQ #67 [LOCK] seq_err=0 BER_seq=0.0000e+00 | lock=67 slip=0 BER_cond=0.0000e+00 BER_cum=0.0000e+00
BER: SYNC #68 (gated)
CSV,990008,198000,68,67,0,34299,0,0.000000e+00,0.000000e+00,9334.7,26738462.0,24928.0,30.30,34.57
CSV,995008,199000,68,67,0,34498,0,0.000000e+00,0.000000e+00,7375.5,25339960.0,20054.5,31.02,35.36
CSV,1000008,200000,68,67,0,34698,0,0.000000e+00,0.000000e+00,6211.7,29875738.0,17298.6,32.37,36.82
BER: END_SEQ #68 [LOCK] seq_err=0 BER_seq=0.0000e+00 | lock=68 slip=0 BER_cond=0.0000e+00 BER_cum=0.0000e+00
BER: SYNC #69 (gated)
CSV,1005008,201000,69,68,0,34821,0,0.000000e+00,0.000000e+00,6019.5,32078004.0,15065.7,33.28,37.27
CSV,1010008,202000,69,68,0,35021,0,0.000000e+00,0.000000e+00,5661.7,25483848.0,14111.2,32.57,36.53
CSV,1015008,203000,69,68,0,35221,0,0.000000e+00,0.000000e+00,5877.3,31087756.0,12842.4,33.84,37.23
BER: END_SEQ #69 [LOCK] seq_err=0 BER_seq=0.0000e+00 | lock=69 slip=0 BER_cond=0.0000e+00 BER_cum=0.0000e+00
BER: SYNC #70 (gated)
CSV,1020008,204000,70,69,0,35344,0,0.000000e+00,0.000000e+00,6323.4,30587508.0,13598.8,33.52,36.85
CSV,1025008,205000,70,69,0,35544,0,0.000000e+00,0.000000e+00,5582.0,27205124.0,14345.1,32.78,36.88
CSV,1030008,206000,70,69,0,35744,0,0.000000e+00,0.000000e+00,6709.4,29551868.0,18136.7,32.12,36.44
BER: END_SEQ #70 [LOCK] seq_err=0 BER_seq=0.0000e+00 | lock=70 slip=0 BER_cond=0.0000e+00 BER_cum=0.0000e+00
BER: SYNC #71 (gated)
CSV,1035008,207000,71,70,0,35867,0,0.000000e+00,0.000000e+00,8899.0,29760564.0,25245.3,30.71,35.24
CSV,1040008,208000,71,70,0,36067,0,0.000000e+00,0.000000e+00,6819.4,26492030.0,14377.6,32.65,35.89
CSV,1045008,209000,71,70,0,36267,0,0.000000e+00,0.000000e+00,6905.6,30753212.0,19160.4,32.05,36.49
BER: END_SEQ #71 [LOCK] seq_err=0 BER_seq=0.0000e+00 | lock=71 slip=0 BER_cond=0.0000e+00 BER_cum=0.0000e+00
BER: SYNC #72 (gated)
CSV,1050008,210000,72,71,0,36390,0,0.000000e+00,0.000000e+00,6764.7,30414000.0,17813.4,32.32,36.53
CSV,1055008,211000,72,71,0,36589,0,0.000000e+00,0.000000e+00,6448.2,27149778.0,15149.2,32.53,36.24
CSV,1060008,212000,72,71,0,36789,0,0.000000e+00,0.000000e+00,5631.6,31017936.0,13918.5,33.48,37.41
BER: END_SEQ #72 [LOCK] seq_err=0 BER_seq=0.0000e+00 | lock=72 slip=0 BER_cond=0.0000e+00 BER_cum=0.0000e+00
BER: SYNC #73 (gated)
CSV,1065008,213000,73,72,0,36912,0,0.000000e+00,0.000000e+00,5816.4,30041198.0,13897.5,33.35,37.13
CSV,1070008,214000,73,72,0,37112,0,0.000000e+00,0.000000e+00,6365.3,26466954.0,15651.5,32.28,36.19
BER: END_SEQ #73 [LOCK] seq_err=0 BER_seq=0.0000e+00 | lock=73 slip=0 BER_cond=0.0000e+00 BER_cum=0.0000e+00
CSV,1075008,215000,73,73,0,37303,0,0.000000e+00,0.000000e+00,9356.4,27337224.0,23501.4,30.66,34.66
BER: SYNC #74 (gated)
CSV,1080008,216000,74,73,0,37435,0,0.000000e+00,0.000000e+00,8983.9,24106306.0,24219.0,29.98,34.29
CSV,1085008,217000,74,73,0,37635,0,0.000000e+00,0.000000e+00,8787.8,26234470.0,26252.9,30.00,34.75
BER: END_SEQ #74 [LOCK] seq_err=0 BER_seq=0.0000e+00 | lock=74 slip=0 BER_cond=0.0000e+00 BER_cum=0.0000e+00
CSV,1090008,218000,74,74,0,37814,0,0.000000e+00,0.000000e+00,9988.4,26276864.0,23489.2,30.49,34.20
BER: SYNC #75 (gated)
CSV,1095008,219000,75,74,0,37958,0,0.000000e+00,0.000000e+00,7169.6,26553568.0,17163.4,31.90,35.69
CSV,1100008,220000,75,74,0,38157,0,0.000000e+00,0.000000e+00,5654.2,30602042.0,13465.4,33.57,37.33
BER: END_SEQ #75 [LOCK] seq_err=0 BER_seq=0.0000e+00 | lock=75 slip=0 BER_cond=0.0000e+00 BER_cum=0.0000e+00
CSV,1105008,221000,75,75,0,38325,0,0.000000e+00,0.000000e+00,5805.6,31530910.0,13709.4,33.62,37.35
BER: SYNC #76 (gated)
CSV,1110008,222000,76,75,0,38480,0,0.000000e+00,0.000000e+00,6606.2,27467236.0,15194.9,32.57,36.19
CSV,1115008,223000,76,75,0,38680,0,0.000000e+00,0.000000e+00,6247.4,31712134.0,14056.5,33.53,37.06
BER: END_SEQ #76 [LOCK] seq_err=0 BER_seq=0.0000e+00 | lock=76 slip=0 BER_cond=0.0000e+00 BER_cum=0.0000e+00
CSV,1120008,224000,76,76,0,38836,0,0.000000e+00,0.000000e+00,5806.7,30207788.0,14110.7,33.31,37.16
BER: SYNC #77 (gated)
CSV,1125008,225000,77,76,0,39003,0,0.000000e+00,0.000000e+00,6159.1,27360914.0,14233.5,32.84,36.48
CSV,1130008,226000,77,76,0,39203,0,0.000000e+00,0.000000e+00,9222.0,26723078.0,23973.0,30.47,34.62
BER: END_SEQ #77 [LOCK] seq_err=0 BER_seq=0.0000e+00 | lock=77 slip=0 BER_cond=0.0000e+00 BER_cum=0.0000e+00
CSV,1135008,227000,77,77,0,39347,0,0.000000e+00,0.000000e+00,9188.7,26654292.0,23877.5,30.48,34.63
BER: SYNC #78 (gated)
CSV,1140008,228000,78,77,0,39526,0,0.000000e+00,0.000000e+00,9411.0,24077222.0,24783.3,29.87,34.08
CSV,1145008,229000,78,77,0,39726,0,0.000000e+00,0.000000e+00,9001.8,26466692.0,24951.4,30.26,34.68
BER: END_SEQ #78 [LOCK] seq_err=0 BER_seq=0.0000e+00 | lock=78 slip=0 BER_cond=0.0000e+00 BER_cum=0.0000e+00
CSV,1150008,230000,78,78,0,39858,0,0.000000e+00,0.000000e+00,9292.1,26577984.0,26015.0,30.09,34.56
BER: SYNC #79 (gated)
CSV,1155008,231000,79,78,0,40048,0,0.000000e+00,0.000000e+00,9192.9,23160170.0,25244.1,29.63,34.01
CSV,1160008,232000,79,78,0,40248,0,0.000000e+00,0.000000e+00,8761.9,26319838.0,24568.3,30.30,34.78
BER: END_SEQ #79 [LOCK] seq_err=0 BER_seq=0.0000e+00 | lock=79 slip=0 BER_cond=0.0000e+00 BER_cum=0.0000e+00
BER: SYNC #80 (gated)
CSV,1165008,233000,80,79,0,40371,0,0.000000e+00,0.000000e+00,9369.9,26939998.0,24593.3,30.40,34.59
CSV,1170008,234000,80,79,0,40571,0,0.000000e+00,0.000000e+00,8642.6,23627688.0,24435.1,29.85,34.37
CSV,1175008,235000,80,79,0,40771,0,0.000000e+00,0.000000e+00,9244.7,26168626.0,23735.0,30.42,34.52
BER: END_SEQ #80 [LOCK] seq_err=0 BER_seq=0.0000e+00 | lock=80 slip=0 BER_cond=0.0000e+00 BER_cum=0.0000e+00
BER: SYNC #81 (gated)
CSV,1180008,236000,81,80,0,40894,0,0.000000e+00,0.000000e+00,9390.5,27925872.0,25194.6,30.45,34.73
CSV,1185008,237000,81,80,0,41094,0,0.000000e+00,0.000000e+00,8960.6,22975990.0,24744.1,29.68,34.09
CSV,1190008,238000,81,80,0,41294,0,0.000000e+00,0.000000e+00,9333.9,26576676.0,24156.9,30.41,34.54
BER: END_SEQ #81 [LOCK] seq_err=0 BER_seq=0.0000e+00 | lock=81 slip=0 BER_cond=0.0000e+00 BER_cum=0.0000e+00
BER: SYNC #82 (gated)
CSV,1195008,239000,82,81,0,41417,0,0.000000e+00,0.000000e+00,9781.1,27075460.0,23316.2,30.65,34.42
CSV,1200008,240000,82,81,0,41616,0,0.000000e+00,0.000000e+00,9146.7,23415482.0,24596.3,29.79,34.08
CSV,1205008,241000,82,81,0,41816,0,0.000000e+00,0.000000e+00,9290.2,26021204.0,24895.5,30.19,34.47
BER: END_SEQ #82 [LOCK] seq_err=0 BER_seq=0.0000e+00 | lock=82 slip=0 BER_cond=0.0000e+00 BER_cum=0.0000e+00
BER: SYNC #83 (gated)
CSV,1210008,242000,83,82,0,41939,0,0.000000e+00,0.000000e+00,9641.6,27297284.0,25963.0,30.22,34.52
CSV,1215008,243000,83,82,0,42139,0,0.000000e+00,0.000000e+00,9758.8,24038582.0,26270.9,29.61,33.92
CSV,1220008,244000,83,82,0,42339,0,0.000000e+00,0.000000e+00,9705.6,26618788.0,24028.6,30.44,34.38
BER: END_SEQ #83 [LOCK] seq_err=0 BER_seq=0.0000e+00 | lock=83 slip=0 BER_cond=0.0000e+00 BER_cum=0.0000e+00
BER: SYNC #84 (gated)
CSV,1225008,245000,84,83,0,42462,0,0.000000e+00,0.000000e+00,9278.8,26316454.0,23126.4,30.56,34.53
CSV,1230008,246000,84,83,0,42662,0,0.000000e+00,0.000000e+00,9003.3,24386936.0,25213.8,29.86,34.33
CSV,1235008,247000,84,83,0,42862,0,0.000000e+00,0.000000e+00,9686.4,25979418.0,24359.3,30.28,34.28
BER: END_SEQ #84 [LOCK] seq_err=0 BER_seq=0.0000e+00 | lock=84 slip=0 BER_cond=0.0000e+00 BER_cum=0.0000e+00
BER: SYNC #85 (gated)
CSV,1240008,248000,85,84,0,42985,0,0.000000e+00,0.000000e+00,9658.8,27190594.0,26971.6,30.04,34.49
CSV,1245008,249000,85,84,0,43185,0,0.000000e+00,0.000000e+00,9252.5,23071890.0,25863.5,29.50,33.97
CSV,1250008,250000,85,84,0,43384,0,0.000000e+00,0.000000e+00,10283.4,26607882.0,24816.2,30.30,34.13
BER: END_SEQ #85 [LOCK] seq_err=0 BER_seq=0.0000e+00 | lock=85 slip=0 BER_cond=0.0000e+00 BER_cum=0.0000e+00
BER: SYNC #86 (gated)
CSV,1255008,251000,86,85,0,43507,0,0.000000e+00,0.000000e+00,9516.3,27718730.0,23868.2,30.65,34.64
CSV,1260008,252000,86,85,0,43707,0,0.000000e+00,0.000000e+00,8645.3,22636802.0,25957.1,29.41,34.18
CSV,1265008,253000,86,85,0,43907,0,0.000000e+00,0.000000e+00,8832.2,26781928.0,25362.1,30.24,34.82
BER: END_SEQ #86 [LOCK] seq_err=0 BER_seq=0.0000e+00 | lock=86 slip=0 BER_cond=0.0000e+00 BER_cum=0.0000e+00
BER: SYNC #87 (gated)
CSV,1270008,254000,87,86,0,44030,0,0.000000e+00,0.000000e+00,9263.6,27600814.0,23801.5,30.64,34.74
CSV,1275008,255000,87,86,0,44230,0,0.000000e+00,0.000000e+00,8930.1,23170434.0,24226.9,29.81,34.14
CSV,1280008,256000,87,86,0,44430,0,0.000000e+00,0.000000e+00,9249.2,26967906.0,24214.2,30.47,34.65
BER: END_SEQ #87 [LOCK] seq_err=0 BER_seq=0.0000e+00 | lock=87 slip=0 BER_cond=0.0000e+00 BER_cum=0.0000e+00
BER: SYNC #88 (gated)
CSV,1285008,257000,88,87,0,44553,0,0.000000e+00,0.000000e+00,9554.6,26773348.0,25914.9,30.14,34.47
CSV,1290008,258000,88,87,0,44753,0,0.000000e+00,0.000000e+00,8715.4,23408072.0,24934.1,29.73,34.29
CSV,1295008,259000,88,87,0,44953,0,0.000000e+00,0.000000e+00,9176.1,26757538.0,24208.0,30.43,34.65
BER: END_SEQ #88 [LOCK] seq_err=0 BER_seq=0.0000e+00 | lock=88 slip=0 BER_cond=0.0000e+00 BER_cum=0.0000e+00
BER: SYNC #89 (gated)
CSV,1300008,260000,89,88,0,45076,0,0.000000e+00,0.000000e+00,8689.1,26742146.0,24853.8,30.32,34.88
CSV,1305008,261000,89,88,0,45276,0,0.000000e+00,0.000000e+00,9590.1,23785078.0,24061.2,29.95,33.94
CSV,1310008,262000,89,88,0,45475,0,0.000000e+00,0.000000e+00,9136.6,26892986.0,26635.9,30.04,34.69
BER: END_SEQ #89 [LOCK] seq_err=0 BER_seq=0.0000e+00 | lock=89 slip=0 BER_cond=0.0000e+00 BER_cum=0.0000e+00
BER: SYNC #90 (gated)
CSV,1315008,263000,90,89,0,45598,0,0.000000e+00,0.000000e+00,7482.4,29188184.0,19183.5,31.82,35.91
CSV,1320008,264000,90,89,0,45798,0,0.000000e+00,0.000000e+00,9401.2,24299948.0,25137.8,29.85,34.12
BER: END_SEQ #90 [LOCK] seq_err=0 BER_seq=0.0000e+00 | lock=90 slip=0 BER_cond=0.0000e+00 BER_cum=0.0000e+00
CSV,1325008,265000,90,90,0,45990,0,0.000000e+00,0.000000e+00,9966.9,27546528.0,23021.2,30.78,34.42
BER: SYNC #91 (gated)
CSV,1330008,266000,91,90,0,46121,0,0.000000e+00,0.000000e+00,9170.4,24277822.0,24973.9,29.88,34.23
CSV,1335008,267000,91,90,0,46321,0,0.000000e+00,0.000000e+00,9036.4,26241252.0,25957.2,30.05,34.63
BER: END_SEQ #91 [LOCK] seq_err=0 BER_seq=0.0000e+00 | lock=91 slip=0 BER_cond=0.0000e+00 BER_cum=0.0000e+00
CSV,1340008,268000,91,91,0,46501,0,0.000000e+00,0.000000e+00,8981.8,26599556.0,26605.0,30.00,34.72
BER: SYNC #92 (gated)
CSV,1345008,269000,92,91,0,46644,0,0.000000e+00,0.000000e+00,9098.5,24401664.0,24148.7,30.05,34.28
CSV,1350008,270000,92,91,0,46844,0,0.000000e+00,0.000000e+00,8748.3,26167466.0,24949.1,30.21,34.76
BER: END_SEQ #92 [LOCK] seq_err=0 BER_seq=0.0000e+00 | lock=92 slip=0 BER_cond=0.0000e+00 BER_cum=0.0000e+00
CSV,1355008,271000,92,92,0,47012,0,0.000000e+00,0.000000e+00,9370.7,27406864.0,24251.2,30.53,34.66
BER: SYNC #93 (gated)
CSV,1360008,272000,93,92,0,47167,0,0.000000e+00,0.000000e+00,9364.4,23627486.0,26319.6,29.53,34.02
CSV,1365008,273000,93,92,0,47366,0,0.000000e+00,0.000000e+00,9652.3,27345082.0,25278.5,30.34,34.52
BER: END_SEQ #93 [LOCK] seq_err=0 BER_seq=0.0000e+00 | lock=93 slip=0 BER_cond=0.0000e+00 BER_cum=0.0000e+00
CSV,1370008,274000,93,93,0,47523,0,0.000000e+00,0.000000e+00,9890.3,26163254.0,24906.7,30.21,34.22
BER: SYNC #94 (gated)
CSV,1375008,275000,94,93,0,47689,0,0.000000e+00,0.000000e+00,9512.4,24195316.0,25882.7,29.71,34.05
CSV,1380008,276000,94,93,0,47889,0,0.000000e+00,0.000000e+00,9160.0,26628718.0,23016.2,30.63,34.63
BER: END_SEQ #94 [LOCK] seq_err=0 BER_seq=0.0000e+00 | lock=94 slip=0 BER_cond=0.0000e+00 BER_cum=0.0000e+00
CSV,1385008,277000,94,94,0,48034,0,0.000000e+00,0.000000e+00,9226.3,27100622.0,26533.1,30.09,34.68
BER: SYNC #95 (gated)
CSV,1390008,278000,95,94,0,48212,0,0.000000e+00,0.000000e+00,8542.5,24072304.0,25626.8,29.73,34.50
CSV,1395008,279000,95,94,0,48412,0,0.000000e+00,0.000000e+00,9146.7,27269360.0,27149.2,30.02,34.74
BER: END_SEQ #95 [LOCK] seq_err=0 BER_seq=0.0000e+00 | lock=95 slip=0 BER_cond=0.0000e+00 BER_cum=0.0000e+00
CSV,1400008,280000,95,95,0,48545,0,0.000000e+00,0.000000e+00,8860.4,26542490.0,23719.2,30.49,34.76
BER: SYNC #96 (gated)
CSV,1405008,281000,96,95,0,48735,0,0.000000e+00,0.000000e+00,9544.3,24005362.0,25095.1,29.81,34.01
CSV,1410008,282000,96,95,0,48935,0,0.000000e+00,0.000000e+00,9870.4,26404956.0,27536.5,29.82,34.27
BER: END_SEQ #96 [LOCK] seq_err=0 BER_seq=0.0000e+00 | lock=96 slip=0 BER_cond=0.0000e+00 BER_cum=0.0000e+00
BER: SYNC #97 (gated)
CSV,1415008,283000,97,96,0,49057,0,0.000000e+00,0.000000e+00,10070.3,27784024.0,25735.6,30.33,34.41
CSV,1420008,284000,97,96,0,49257,0,0.000000e+00,0.000000e+00,9166.7,23393384.0,26160.6,29.51,34.07
CSV,1425008,285000,97,96,0,49457,0,0.000000e+00,0.000000e+00,9244.4,27173252.0,25734.7,30.24,34.68
BER: END_SEQ #97 [LOCK] seq_err=0 BER_seq=0.0000e+00 | lock=97 slip=0 BER_cond=0.0000e+00 BER_cum=0.0000e+00
BER: SYNC #98 (gated)
CSV,1430008,286000,98,97,0,49580,0,0.000000e+00,0.000000e+00,8989.0,27610264.0,26438.1,30.19,34.87
CSV,1435008,287000,98,97,0,49780,0,0.000000e+00,0.000000e+00,9234.3,23824138.0,25843.1,29.65,34.12
CSV,1440008,288000,98,97,0,49980,0,0.000000e+00,0.000000e+00,9663.3,26445882.0,26886.4,29.93,34.37
BER: END_SEQ #98 [LOCK] seq_err=0 BER_seq=0.0000e+00 | lock=98 slip=0 BER_cond=0.0000e+00 BER_cum=0.0000e+00
BER: SYNC #99 (gated)
CSV,1445008,289000,99,98,0,50103,0,0.000000e+00,0.000000e+00,9326.1,27470060.0,25082.4,30.39,34.69
CSV,1450008,290000,99,98,0,50303,0,0.000000e+00,0.000000e+00,8724.5,23548708.0,26597.5,29.47,34.31
CSV,1455008,291000,99,98,0,50503,0,0.000000e+00,0.000000e+00,9299.6,26745774.0,25876.4,30.14,34.59
BER: END_SEQ #99 [LOCK] seq_err=0 BER_seq=0.0000e+00 | lock=99 slip=0 BER_cond=0.0000e+00 BER_cum=0.0000e+00
BER: SYNC #100 (gated)
CSV,1460008,292000,100,99,0,50625,0,0.000000e+00,0.000000e+00,9382.3,26896826.0,26266.1,30.10,34.57
CSV,1465008,293000,100,99,0,50825,0,0.000000e+00,0.000000e+00,9545.4,24189206.0,27808.1,29.39,34.04
CSV,1470008,294000,100,99,0,51025,0,0.000000e+00,0.000000e+00,9674.7,26632634.0,26237.6,30.06,34.40
BER: END_SEQ #100 [LOCK] seq_err=0 BER_seq=0.0000e+00 | lock=100 slip=0 BER_cond=0.0000e+00 BER_cum=0.0000e+00
BER: SYNC #101 (gated)
CSV,1475008,295000,101,100,0,51148,0,0.000000e+00,0.000000e+00,9092.6,26978626.0,24554.2,30.41,34.72
CSV,1480008,296000,101,100,0,51348,0,0.000000e+00,0.000000e+00,8757.6,24261910.0,24493.3,29.96,34.43
CSV,1485008,297000,101,100,0,51548,0,0.000000e+00,0.000000e+00,9197.6,26317870.0,24550.0,30.30,34.57
BER: END_SEQ #101 [LOCK] seq_err=0 BER_seq=0.0000e+00 | lock=101 slip=0 BER_cond=0.0000e+00 BER_cum=0.0000e+00
BER: SYNC #102 (gated)
CSV,1490008,298000,102,101,0,51671,0,0.000000e+00,0.000000e+00,5659.4,31913306.0,15043.6,33.27,37.51
CSV,1495008,299000,102,101,0,51871,0,0.000000e+00,0.000000e+00,5149.2,27846852.0,12629.6,33.43,37.33
CSV,1500008,300000,102,101,0,52071,0,0.000000e+00,0.000000e+00,7492.6,28611436.0,19007.9,31.78,35.82
BER: END_SEQ #102 [LOCK] seq_err=0 BER_seq=0.0000e+00 | lock=102 slip=0 BER_cond=0.0000e+00 BER_cum=0.0000e+00

=========================================
=== END OF TEST (duration=25 min) ===
=========================================
FINAL: syncs=102 lock=102 slip=0 slip_rate=0.0000
FINAL: bits_cum=52122 err_cum=0 BER_cum=0.0000e+00
FINAL: bits_lock=52122 err_lock=0 BER_cond=0.0000e+00
=========================================
=== STOP LOGGING NOW ===
=========================================
