

=== RX BOOT - BER TEST MODE ===
BPS_MODE=20 (HALF_SAMPLES=2000, 10000 samples/bit @ 200000 Hz)
Expect: 64-bit preamble + Barker13 (1F35h, gated by 8 preamble bits = 0x55) + 511-bit PRBS-9
Noise floor band: 5000 Hz; lock threshold: BER<0.10
Auto-stop: test will halt 25 min after the first sync.
RX: edge-tracking sync, center-3 voting
Starting decoder...

CSV,5010,500,0,0,0,0,0,0.000000e+00,0.000000e+00,19639978.0,20036914.0,7961.9,34.01,0.09
BER: SYNC #1 (gated)
CSV,10010,1000,1,0,0,74,0,0.000000e+00,0.000000e+00,23647518.0,26862184.0,7656.4,35.45,0.55
CSV,15010,1500,1,0,0,174,0,0.000000e+00,0.000000e+00,31090022.0,20751928.0,9153.1,35.31,1.76
CSV,20010,2000,1,0,0,274,0,0.000000e+00,0.000000e+00,28075980.0,24612690.0,10097.5,34.44,0.57
CSV,25010,2500,1,0,0,373,0,0.000000e+00,0.000000e+00,22234068.0,28864562.0,8878.7,35.12,1.13
CSV,30010,3000,1,0,0,473,0,0.000000e+00,0.000000e+00,27016942.0,24873782.0,8775.1,34.88,0.36
BER: END_SEQ #1 [LOCK] seq_err=0 BER_seq=0.0000e+00 | lock=1 slip=0 BER_cond=0.0000e+00 BER_cum=0.0000e+00
CSV,35010,3500,1,1,0,511,0,0.000000e+00,0.000000e+00,25078818.0,28519510.0,8951.9,35.03,0.56
BER: SYNC #2 (gated)
CSV,40010,4000,2,1,0,596,0,0.000000e+00,0.000000e+00,25285994.0,27067414.0,10162.6,34.25,0.30
CSV,45010,4500,2,1,0,696,0,0.000000e+00,0.000000e+00,30239306.0,21831302.0,9002.3,35.26,1.41
CSV,50010,5000,2,1,0,796,0,0.000000e+00,0.000000e+00,26354380.0,25254618.0,9770.4,34.31,0.19
CSV,55010,5500,2,1,0,896,0,0.000000e+00,0.000000e+00,25507904.0,27847798.0,7603.1,35.64,0.38
CSV,60010,6000,2,1,0,996,0,0.000000e+00,0.000000e+00,24880340.0,25593140.0,9073.3,34.50,0.12
BER: END_SEQ #2 [LOCK] seq_err=0 BER_seq=0.0000e+00 | lock=2 slip=0 BER_cond=0.0000e+00 BER_cum=0.0000e+00
CSV,65010,6500,2,2,0,1022,0,0.000000e+00,0.000000e+00,21697658.0,27075944.0,9015.1,34.78,0.96
BER: SYNC #3 (gated)
CSV,70010,7000,3,2,0,1119,0,0.000000e+00,0.000000e+00,26227608.0,25777956.0,9363.0,34.47,0.08
CSV,75010,7500,3,2,0,1219,0,0.000000e+00,0.000000e+00,32379686.0,20089348.0,8248.0,35.94,2.07
CSV,80010,8000,3,2,0,1319,0,0.000000e+00,0.000000e+00,25391398.0,26113224.0,7327.6,35.52,0.12
CSV,85010,8500,3,2,0,1419,0,0.000000e+00,0.000000e+00,25109142.0,26434664.0,8174.9,35.10,0.22
CSV,90010,9000,3,2,0,1519,0,0.000000e+00,0.000000e+00,24705772.0,26963006.0,8476.2,35.03,0.38
BER: END_SEQ #3 [LOCK] seq_err=0 BER_seq=0.0000e+00 | lock=3 slip=0 BER_cond=0.0000e+00 BER_cum=0.0000e+00
BER: SYNC #4 (gated)
CSV,95010,9500,4,3,0,1542,0,0.000000e+00,0.000000e+00,22022756.0,26413770.0,9272.7,34.55,0.79
CSV,100010,10000,4,3,0,1642,0,0.000000e+00,0.000000e+00,24785662.0,25153784.0,8949.0,34.49,0.06
CSV,105010,10500,4,3,0,1742,0,0.000000e+00,0.000000e+00,31035112.0,21521392.0,7622.6,36.10,1.59
CSV,110010,11000,4,3,0,1842,0,0.000000e+00,0.000000e+00,27055842.0,25369910.0,8571.5,34.99,0.28
CSV,115010,11500,4,3,0,1941,0,0.000000e+00,0.000000e+00,23986476.0,26793488.0,7692.6,35.42,0.48
CSV,120010,12000,4,3,0,2041,0,0.000000e+00,0.000000e+00,24520676.0,26586024.0,8949.7,34.73,0.35
BER: END_SEQ #4 [LOCK] seq_err=0 BER_seq=0.0000e+00 | lock=4 slip=0 BER_cond=0.0000e+00 BER_cum=0.0000e+00
BER: SYNC #5 (gated)
CSV,125010,12500,5,4,0,2064,0,0.000000e+00,0.000000e+00,23911920.0,27163962.0,8502.8,35.04,0.55
CSV,130010,13000,5,4,0,2164,0,0.000000e+00,0.000000e+00,26192758.0,23238550.0,7353.3,35.52,0.52
CSV,135010,13500,5,4,0,2264,0,0.000000e+00,0.000000e+00,28614160.0,20901540.0,8654.9,35.19,1.36
CSV,140010,14000,5,4,0,2364,0,0.000000e+00,0.000000e+00,24839426.0,26146514.0,8870.5,34.69,0.22
CSV,145010,14500,5,4,0,2464,0,0.000000e+00,0.000000e+00,24718710.0,25901664.0,7077.5,35.63,0.20
BER: END_SEQ #5 [LOCK] seq_err=0 BER_seq=0.0000e+00 | lock=5 slip=0 BER_cond=0.0000e+00 BER_cum=0.0000e+00
CSV,150010,15000,5,5,0,2555,0,0.000000e+00,0.000000e+00,23387962.0,26921266.0,8847.0,34.83,0.61
BER: SYNC #6 (gated)
CSV,155010,15500,6,5,0,2587,0,0.000000e+00,0.000000e+00,24766330.0,25929756.0,7612.0,35.32,0.20
CSV,160010,16000,6,5,0,2687,0,0.000000e+00,0.000000e+00,30715324.0,22660936.0,8621.2,35.52,1.32
CSV,165010,16500,6,5,0,2787,0,0.000000e+00,0.000000e+00,25594310.0,25247022.0,7081.6,35.58,0.06
CSV,170010,17000,6,5,0,2887,0,0.000000e+00,0.000000e+00,25114576.0,25077700.0,8071.7,34.93,0.01
CSV,175010,17500,6,5,0,2987,0,0.000000e+00,0.000000e+00,26280482.0,24469622.0,7801.3,35.27,0.31
BER: END_SEQ #6 [LOCK] seq_err=0 BER_seq=0.0000e+00 | lock=6 slip=0 BER_cond=0.0000e+00 BER_cum=0.0000e+00
CSV,180010,18000,6,6,0,3066,0,0.000000e+00,0.000000e+00,23412886.0,28503618.0,10026.2,34.54,0.85
BER: SYNC #7 (gated)
CSV,185010,18500,7,6,0,3110,0,0.000000e+00,0.000000e+00,25180320.0,26437270.0,8799.1,34.78,0.21
CSV,190010,19000,7,6,0,3210,0,0.000000e+00,0.000000e+00,30479950.0,22723682.0,8453.9,35.57,1.28
CSV,195010,19500,7,6,0,3310,0,0.000000e+00,0.000000e+00,25805246.0,29229542.0,8247.1,35.50,0.54
CSV,200010,20000,7,6,0,3410,0,0.000000e+00,0.000000e+00,27174564.0,26971996.0,7058.4,35.85,0.03
CSV,205010,20500,7,6,0,3509,0,0.000000e+00,0.000000e+00,24735558.0,28330226.0,7850.6,35.57,0.59
BER: END_SEQ #7 [LOCK] seq_err=0 BER_seq=0.0000e+00 | lock=7 slip=0 BER_cond=0.0000e+00 BER_cum=0.0000e+00
CSV,210010,21000,7,7,0,3577,0,0.000000e+00,0.000000e+00,26724388.0,28194252.0,16206.5,32.40,0.23
BER: SYNC #8 (gated)
CSV,215010,21500,8,7,0,3632,0,0.000000e+00,0.000000e+00,26696814.0,27649810.0,9699.9,34.55,0.15
CSV,220010,22000,8,7,0,3732,0,0.000000e+00,0.000000e+00,30943980.0,21484234.0,11058.5,34.47,1.58
CSV,225010,22500,8,7,0,3832,0,0.000000e+00,0.000000e+00,26345766.0,26876780.0,7598.7,35.49,0.09
CSV,230010,23000,8,7,0,3932,0,0.000000e+00,0.000000e+00,25168744.0,29447858.0,11373.5,34.13,0.68
CSV,235010,23500,8,7,0,4032,0,0.000000e+00,0.000000e+00,27052936.0,24731552.0,9374.5,34.60,0.39
BER: END_SEQ #8 [LOCK] seq_err=0 BER_seq=0.0000e+00 | lock=8 slip=0 BER_cond=0.0000e+00 BER_cum=0.0000e+00
CSV,240010,24000,8,8,0,4088,0,0.000000e+00,0.000000e+00,22510950.0,27243998.0,11032.0,33.93,0.83
BER: SYNC #9 (gated)
CSV,245010,24500,9,8,0,4155,0,0.000000e+00,0.000000e+00,23987976.0,26967668.0,9593.7,34.49,0.51
CSV,250010,25000,9,8,0,4255,0,0.000000e+00,0.000000e+00,31557120.0,20601510.0,13167.0,33.80,1.85
CSV,255010,25500,9,8,0,4355,0,0.000000e+00,0.000000e+00,24952778.0,24464662.0,8774.9,34.54,0.09
CSV,260010,26000,9,8,0,4455,0,0.000000e+00,0.000000e+00,22504910.0,26899784.0,8859.7,34.82,0.77
CSV,265010,26500,9,8,0,4555,0,0.000000e+00,0.000000e+00,26292884.0,24531514.0,8311.6,35.00,0.30
BER: END_SEQ #9 [LOCK] seq_err=0 BER_seq=0.0000e+00 | lock=9 slip=0 BER_cond=0.0000e+00 BER_cum=0.0000e+00
CSV,270010,27000,9,9,0,4599,0,0.000000e+00,0.000000e+00,21534516.0,27214252.0,10738.6,34.04,1.02
BER: SYNC #10 (gated)
CSV,275010,27500,10,9,0,4678,0,0.000000e+00,0.000000e+00,23434940.0,25874298.0,8735.5,34.72,0.43
CSV,280010,28000,10,9,0,4778,0,0.000000e+00,0.000000e+00,30130966.0,20623002.0,8070.0,35.72,1.65
CSV,285010,28500,10,9,0,4878,0,0.000000e+00,0.000000e+00,27686076.0,23445818.0,8008.1,35.39,0.72
CSV,290010,29000,10,9,0,4977,0,0.000000e+00,0.000000e+00,20959196.0,28144686.0,7854.6,35.54,1.28
CSV,295010,29500,10,9,0,5077,0,0.000000e+00,0.000000e+00,25675422.0,23515344.0,8094.2,35.01,0.38
BER: END_SEQ #10 [LOCK] seq_err=0 BER_seq=0.0000e+00 | lock=10 slip=0 BER_cond=0.0000e+00 BER_cum=0.0000e+00
CSV,300010,30000,10,10,0,5110,0,0.000000e+00,0.000000e+00,22504508.0,27481096.0,9537.2,34.60,0.87
BER: SYNC #11 (gated)
CSV,305010,30500,11,10,0,5200,0,0.000000e+00,0.000000e+00,24423974.0,23860254.0,7405.7,35.18,0.10
CSV,310010,31000,11,10,0,5300,0,0.000000e+00,0.000000e+00,27233668.0,18976574.0,8052.5,35.29,1.57
CSV,315010,31500,11,10,0,5400,0,0.000000e+00,0.000000e+00,22477848.0,23043480.0,7769.3,34.72,0.11
CSV,320010,32000,11,10,0,5500,0,0.000000e+00,0.000000e+00,21732586.0,23337634.0,8719.6,34.28,0.31
CSV,325010,32500,11,10,0,5600,0,0.000000e+00,0.000000e+00,21139428.0,21753126.0,8291.0,34.19,0.12
BER: END_SEQ #11 [LOCK] seq_err=0 BER_seq=0.0000e+00 | lock=11 slip=0 BER_cond=0.0000e+00 BER_cum=0.0000e+00
BER: SYNC #12 (gated)
CSV,330010,33000,12,11,0,5623,0,0.000000e+00,0.000000e+00,17551850.0,23669154.0,9616.4,33.91,1.30
CSV,335010,33500,12,11,0,5723,0,0.000000e+00,0.000000e+00,20513586.0,22253498.0,7728.8,34.59,0.35
CSV,340010,34000,12,11,0,5823,0,0.000000e+00,0.000000e+00,24013620.0,16841000.0,8484.7,34.52,1.54
CSV,345010,34500,12,11,0,5923,0,0.000000e+00,0.000000e+00,18708584.0,20555702.0,7380.7,34.45,0.41
CSV,350010,35000,12,11,0,6023,0,0.000000e+00,0.000000e+00,17730894.0,20718762.0,8886.5,33.68,0.68
CSV,355010,35500,12,11,0,6123,0,0.000000e+00,0.000000e+00,18492754.0,20036916.0,8771.8,33.59,0.35
BER: END_SEQ #12 [LOCK] seq_err=0 BER_seq=0.0000e+00 | lock=12 slip=0 BER_cond=0.0000e+00 BER_cum=0.0000e+00
BER: SYNC #13 (gated)
CSV,360010,36000,13,12,0,6146,0,0.000000e+00,0.000000e+00,14407405.0,21228342.0,9792.9,33.36,1.68
CSV,365010,36500,13,12,0,6246,0,0.000000e+00,0.000000e+00,17545030.0,17736688.0,6940.3,34.07,0.05
CSV,370010,37000,13,12,0,6346,0,0.000000e+00,0.000000e+00,19699882.0,15719914.0,7696.9,34.08,0.98
CSV,375010,37500,13,12,0,6446,0,0.000000e+00,0.000000e+00,16555267.0,17898046.0,8422.9,33.27,0.34
CSV,380010,38000,13,12,0,6545,0,0.000000e+00,0.000000e+00,14759665.0,18436898.0,8309.1,33.46,0.97
BER: END_SEQ #13 [LOCK] seq_err=0 BER_seq=0.0000e+00 | lock=13 slip=0 BER_cond=0.0000e+00 BER_cum=0.0000e+00
CSV,385010,38500,13,13,0,6643,0,0.000000e+00,0.000000e+00,14423739.0,18773506.0,9185.6,33.10,1.14
BER: SYNC #14 (gated)
CSV,390010,39000,14,13,0,6668,0,0.000000e+00,0.000000e+00,14477180.0,18820284.0,8738.9,33.33,1.14
CSV,395010,39500,14,13,0,6768,0,0.000000e+00,0.000000e+00,16288626.0,15401006.0,8689.5,32.73,0.24
CSV,400010,40000,14,13,0,6868,0,0.000000e+00,0.000000e+00,15603525.0,15451942.0,7852.4,32.98,0.04
CSV,405010,40500,14,13,0,6968,0,0.000000e+00,0.000000e+00,14175037.0,17677264.0,9282.0,32.80,0.96
CSV,410010,41000,14,13,0,7068,0,0.000000e+00,0.000000e+00,13593674.0,17694602.0,7126.9,33.95,1.15
BER: END_SEQ #14 [LOCK] seq_err=0 BER_seq=0.0000e+00 | lock=14 slip=0 BER_cond=0.0000e+00 BER_cum=0.0000e+00
CSV,415010,41500,14,14,0,7154,0,0.000000e+00,0.000000e+00,12630837.0,17885300.0,8878.9,33.04,1.51
BER: SYNC #15 (gated)
CSV,420010,42000,15,14,0,7191,0,0.000000e+00,0.000000e+00,13510186.0,16875896.0,8480.1,32.99,0.97
CSV,425010,42500,15,14,0,7291,0,0.000000e+00,0.000000e+00,16311969.0,15261661.0,8061.0,33.06,0.29
CSV,430010,43000,15,14,0,7391,0,0.000000e+00,0.000000e+00,13593641.0,17247140.0,7856.1,33.42,1.03
CSV,435010,43500,15,14,0,7491,0,0.000000e+00,0.000000e+00,13678596.0,16899538.0,7872.5,33.32,0.92
CSV,440010,44000,15,14,0,7591,0,0.000000e+00,0.000000e+00,13359496.0,17723242.0,7991.6,33.46,1.23
BER: END_SEQ #15 [LOCK] seq_err=0 BER_seq=0.0000e+00 | lock=15 slip=0 BER_cond=0.0000e+00 BER_cum=0.0000e+00
CSV,445010,44500,15,15,0,7665,0,0.000000e+00,0.000000e+00,12724600.0,18148208.0,8609.9,33.24,1.54
BER: SYNC #16 (gated)
CSV,450010,45000,16,15,0,7714,0,0.000000e+00,0.000000e+00,12699595.0,17113534.0,9472.2,32.57,1.30
CSV,455010,45500,16,15,0,7814,0,0.000000e+00,0.000000e+00,15842158.0,14041928.0,8504.0,32.70,0.52
CSV,460010,46000,16,15,0,7914,0,0.000000e+00,0.000000e+00,13279743.0,17754184.0,7321.2,33.85,1.26
CSV,465010,46500,16,15,0,8014,0,0.000000e+00,0.000000e+00,12947059.0,17302302.0,8867.4,32.90,1.26
CSV,470010,47000,16,15,0,8113,0,0.000000e+00,0.000000e+00,12991815.0,16788700.0,7389.0,33.56,1.11
BER: END_SEQ #16 [LOCK] seq_err=0 BER_seq=0.0000e+00 | lock=16 slip=0 BER_cond=0.0000e+00 BER_cum=0.0000e+00
CSV,475010,47500,16,16,0,8176,0,0.000000e+00,0.000000e+00,12540389.0,18122210.0,8574.4,33.25,1.60
BER: SYNC #17 (gated)
CSV,480010,48000,17,16,0,8236,0,0.000000e+00,0.000000e+00,13141705.0,17544884.0,8863.8,32.97,1.25
CSV,485010,48500,17,16,0,8336,0,0.000000e+00,0.000000e+00,15528112.0,13850934.0,8188.6,32.78,0.50
CSV,490010,49000,17,16,0,8436,0,0.000000e+00,0.000000e+00,13395067.0,16480454.0,8078.3,33.10,0.90
CSV,495010,49500,17,16,0,8536,0,0.000000e+00,0.000000e+00,12918681.0,17864038.0,7425.5,33.81,1.41
CSV,500010,50000,17,16,0,8636,0,0.000000e+00,0.000000e+00,13377276.0,16487865.0,7460.3,33.44,0.91
BER: END_SEQ #17 [LOCK] seq_err=0 BER_seq=0.0000e+00 | lock=17 slip=0 BER_cond=0.0000e+00 BER_cum=0.0000e+00
CSV,505010,50500,17,17,0,8687,0,0.000000e+00,0.000000e+00,11511059.0,17907080.0,8366.5,33.30,1.92
BER: SYNC #18 (gated)
CSV,510010,51000,18,17,0,8759,0,0.000000e+00,0.000000e+00,12194278.0,18106416.0,8742.9,33.16,1.72
CSV,515010,51500,18,17,0,8859,0,0.000000e+00,0.000000e+00,16287437.0,13380751.0,8794.3,32.68,0.85
CSV,520010,52000,18,17,0,8959,0,0.000000e+00,0.000000e+00,13852243.0,15437892.0,8053.3,32.83,0.47
CSV,525010,52500,18,17,0,9059,0,0.000000e+00,0.000000e+00,11211312.0,18670730.0,8850.7,33.24,2.22
CSV,530010,53000,18,17,0,9159,0,0.000000e+00,0.000000e+00,14244581.0,16151168.0,7911.8,33.10,0.55
BER: END_SEQ #18 [LOCK] seq_err=0 BER_seq=0.0000e+00 | lock=18 slip=0 BER_cond=0.0000e+00 BER_cum=0.0000e+00
CSV,535010,53500,18,18,0,9198,0,0.000000e+00,0.000000e+00,11707665.0,17824302.0,8559.0,33.19,1.83
BER: SYNC #19 (gated)
CSV,540010,54000,19,18,0,9282,0,0.000000e+00,0.000000e+00,12524200.0,17284364.0,7810.9,33.45,1.40
CSV,545010,54500,19,18,0,9382,0,0.000000e+00,0.000000e+00,15420968.0,14186573.0,7797.3,32.96,0.36
CSV,550010,55000,19,18,0,9482,0,0.000000e+00,0.000000e+00,14112234.0,15917257.0,7376.0,33.34,0.52
CSV,555010,55500,19,18,0,9581,0,0.000000e+00,0.000000e+00,11702929.0,17842424.0,8225.5,33.36,1.83
CSV,560010,56000,19,18,0,9681,0,0.000000e+00,0.000000e+00,12800651.0,16337962.0,8673.7,32.75,1.06
BER: END_SEQ #19 [LOCK] seq_err=0 BER_seq=0.0000e+00 | lock=19 slip=0 BER_cond=0.0000e+00 BER_cum=0.0000e+00
CSV,565010,56500,19,19,0,9709,0,0.000000e+00,0.000000e+00,11708810.0,18376166.0,9177.0,33.02,1.96
BER: SYNC #20 (gated)
CSV,570010,57000,20,19,0,9804,0,0.000000e+00,0.000000e+00,13036115.0,16120877.0,8682.8,32.69,0.92
CSV,575010,57500,20,19,0,9904,0,0.000000e+00,0.000000e+00,15314737.0,12616478.0,7760.2,32.95,0.84
CSV,580010,58000,20,19,0,10004,0,0.000000e+00,0.000000e+00,12383605.0,16575667.0,9013.6,32.65,1.27
CSV,585010,58500,20,19,0,10104,0,0.000000e+00,0.000000e+00,12397901.0,17111050.0,8180.8,33.20,1.40
CSV,590010,59000,20,19,0,10204,0,0.000000e+00,0.000000e+00,12181275.0,16836890.0,12339.5,31.35,1.41
BER: END_SEQ #20 [LOCK] seq_err=0 BER_seq=0.0000e+00 | lock=20 slip=0 BER_cond=0.0000e+00 BER_cum=0.0000e+00
BER: SYNC #21 (gated)
CSV,595010,59500,21,20,0,10227,0,0.000000e+00,0.000000e+00,11619720.0,17670138.0,10879.1,32.11,1.82
CSV,600010,60000,21,20,0,10327,0,0.000000e+00,0.000000e+00,12615296.0,16820192.0,7703.4,33.39,1.25
CSV,605010,60500,21,20,0,10427,0,0.000000e+00,0.000000e+00,15160493.0,13113189.0,8728.5,32.40,0.63
CSV,610010,61000,21,20,0,10527,0,0.000000e+00,0.000000e+00,12341250.0,16010269.0,8586.6,32.71,1.13
CSV,615010,61500,21,20,0,10627,0,0.000000e+00,0.000000e+00,11818740.0,17059324.0,8969.4,32.79,1.59
CSV,620010,62000,21,20,0,10727,0,0.000000e+00,0.000000e+00,12567643.0,17001680.0,8349.5,33.09,1.31
BER: END_SEQ #21 [LOCK] seq_err=0 BER_seq=0.0000e+00 | lock=21 slip=0 BER_cond=0.0000e+00 BER_cum=0.0000e+00
BER: SYNC #22 (gated)
CSV,625010,62500,22,21,0,10750,0,0.000000e+00,0.000000e+00,11203504.0,17136246.0,8494.3,33.05,1.85
CSV,630010,63000,22,21,0,10850,0,0.000000e+00,0.000000e+00,13158676.0,15040505.0,9651.6,31.93,0.58
CSV,635010,63500,22,21,0,10950,0,0.000000e+00,0.000000e+00,14601745.0,14252529.0,8172.3,32.52,0.11
CSV,640010,64000,22,21,0,11050,0,0.000000e+00,0.000000e+00,12730842.0,16199075.0,8313.9,32.90,1.05
CSV,645010,64500,22,21,0,11149,0,0.000000e+00,0.000000e+00,12217836.0,16190007.0,9162.5,32.47,1.22
BER: END_SEQ #22 [LOCK] seq_err=0 BER_seq=0.0000e+00 | lock=22 slip=0 BER_cond=0.0000e+00 BER_cum=0.0000e+00
CSV,650010,65000,22,22,0,11242,0,0.000000e+00,0.000000e+00,11657421.0,17317922.0,8891.2,32.90,1.72
BER: SYNC #23 (gated)
CSV,655010,65500,23,22,0,11272,0,0.000000e+00,0.000000e+00,12335966.0,17080162.0,8647.0,32.96,1.41
CSV,660010,66000,23,22,0,11372,0,0.000000e+00,0.000000e+00,14474672.0,13765501.0,9662.0,31.76,0.22
CSV,665010,66500,23,22,0,11472,0,0.000000e+00,0.000000e+00,12736820.0,15532210.0,8844.6,32.45,0.86
CSV,670010,67000,23,22,0,11572,0,0.000000e+00,0.000000e+00,12816863.0,16613060.0,7953.5,33.20,1.13
CSV,675010,67500,23,22,0,11672,0,0.000000e+00,0.000000e+00,12935562.0,16277179.0,8858.7,32.64,1.00
BER: END_SEQ #23 [LOCK] seq_err=0 BER_seq=0.0000e+00 | lock=23 slip=0 BER_cond=0.0000e+00 BER_cum=0.0000e+00
CSV,680010,68000,23,23,0,11753,0,0.000000e+00,0.000000e+00,11498228.0,17244276.0,9377.0,32.65,1.76
BER: SYNC #24 (gated)
CSV,685010,68500,24,23,0,11795,0,0.000000e+00,0.000000e+00,12633644.0,16001768.0,8028.3,33.00,1.03
CSV,690010,69000,24,23,0,11895,0,0.000000e+00,0.000000e+00,15067164.0,14607231.0,9412.4,32.04,0.13
CSV,695010,69500,24,23,0,11995,0,0.000000e+00,0.000000e+00,12397017.0,16679464.0,8513.7,32.92,1.29
CSV,700010,70000,24,23,0,12095,0,0.000000e+00,0.000000e+00,12919650.0,15903484.0,9191.0,32.38,0.90
CSV,705010,70500,24,23,0,12195,0,0.000000e+00,0.000000e+00,12131189.0,17593954.0,8702.9,33.06,1.61
BER: END_SEQ #24 [LOCK] seq_err=0 BER_seq=0.0000e+00 | lock=24 slip=0 BER_cond=0.0000e+00 BER_cum=0.0000e+00
CSV,710010,71000,24,24,0,12264,0,0.000000e+00,0.000000e+00,12630491.0,16968370.0,9965.7,32.31,1.28
BER: SYNC #25 (gated)
CSV,715010,71500,25,24,0,12318,0,0.000000e+00,0.000000e+00,12530030.0,16013810.0,8567.1,32.72,1.07
CSV,720010,72000,25,24,0,12418,0,0.000000e+00,0.000000e+00,14902155.0,13657166.0,8931.6,32.22,0.38
CSV,725010,72500,25,24,0,12518,0,0.000000e+00,0.000000e+00,12816020.0,17028794.0,8143.8,33.20,1.23
CSV,730010,73000,25,24,0,12618,0,0.000000e+00,0.000000e+00,12258978.0,16959154.0,8020.4,33.25,1.41
CSV,735010,73500,25,24,0,12717,0,0.000000e+00,0.000000e+00,12765704.0,15864072.0,9501.3,32.23,0.94
BER: END_SEQ #25 [LOCK] seq_err=0 BER_seq=0.0000e+00 | lock=25 slip=0 BER_cond=0.0000e+00 BER_cum=0.0000e+00
CSV,740010,74000,25,25,0,12775,0,0.000000e+00,0.000000e+00,12016307.0,17699048.0,10539.3,32.25,1.68
BER: SYNC #26 (gated)
CSV,745010,74500,26,25,0,12840,0,0.000000e+00,0.000000e+00,12217397.0,17738712.0,9218.1,32.84,1.62
CSV,750010,75000,26,25,0,12940,0,0.000000e+00,0.000000e+00,15713193.0,12484223.0,8957.4,32.44,1.00
CSV,755010,75500,26,25,0,13040,0,0.000000e+00,0.000000e+00,12857656.0,16140735.0,8026.7,33.03,0.99
CSV,760010,76000,26,25,0,13140,0,0.000000e+00,0.000000e+00,12301563.0,17938554.0,10240.9,32.43,1.64
CSV,765010,76500,26,25,0,13240,0,0.000000e+00,0.000000e+00,13372913.0,17118664.0,8259.6,33.17,1.07
BER: END_SEQ #26 [LOCK] seq_err=0 BER_seq=0.0000e+00 | lock=26 slip=0 BER_cond=0.0000e+00 BER_cum=0.0000e+00
CSV,770010,77000,26,26,0,13286,0,0.000000e+00,0.000000e+00,11290442.0,17270478.0,10298.4,32.25,1.85
BER: SYNC #27 (gated)
CSV,775010,77500,27,26,0,13363,0,0.000000e+00,0.000000e+00,12314519.0,17406264.0,8448.2,33.14,1.50
CSV,780010,78000,27,26,0,13463,0,0.000000e+00,0.000000e+00,15747973.0,13640109.0,8734.3,32.56,0.62
CSV,785010,78500,27,26,0,13563,0,0.000000e+00,0.000000e+00,13567710.0,15155381.0,8270.9,32.63,0.48
CSV,790010,79000,27,26,0,13663,0,0.000000e+00,0.000000e+00,11287151.0,18710958.0,10395.2,32.55,2.20
CSV,795010,79500,27,26,0,13763,0,0.000000e+00,0.000000e+00,13921162.0,16295923.0,9604.2,32.30,0.68
BER: END_SEQ #27 [LOCK] seq_err=0 BER_seq=0.0000e+00 | lock=27 slip=0 BER_cond=0.0000e+00 BER_cum=0.0000e+00
CSV,800010,80000,27,27,0,13797,0,0.000000e+00,0.000000e+00,11911661.0,18407768.0,9808.9,32.73,1.89
BER: SYNC #28 (gated)
CSV,805010,80500,28,27,0,13886,0,0.000000e+00,0.000000e+00,12756493.0,16768624.0,8939.5,32.73,1.19
CSV,810010,81000,28,27,0,13986,0,0.000000e+00,0.000000e+00,16173075.0,13435658.0,8630.6,32.73,0.81
CSV,815010,81500,28,27,0,14086,0,0.000000e+00,0.000000e+00,13624294.0,17263014.0,8459.5,33.10,1.03
CSV,820010,82000,28,27,0,14185,0,0.000000e+00,0.000000e+00,12865331.0,16999214.0,8272.1,33.13,1.21
CSV,825010,82500,28,27,0,14285,0,0.000000e+00,0.000000e+00,13180524.0,16659981.0,8918.9,32.71,1.02
BER: END_SEQ #28 [LOCK] seq_err=0 BER_seq=0.0000e+00 | lock=28 slip=0 BER_cond=0.0000e+00 BER_cum=0.0000e+00
BER: SYNC #29 (gated)
CSV,830010,83000,29,28,0,14308,0,0.000000e+00,0.000000e+00,11869154.0,19169616.0,9662.8,32.98,2.08
CSV,835010,83500,29,28,0,14408,0,0.000000e+00,0.000000e+00,13870386.0,18090194.0,9782.9,32.67,1.15
CSV,840010,84000,29,28,0,14508,0,0.000000e+00,0.000000e+00,16361119.0,13314161.0,9839.7,32.21,0.89
CSV,845010,84500,29,28,0,14608,0,0.000000e+00,0.000000e+00,13567117.0,16874276.0,8519.9,32.97,0.95
CSV,850010,85000,29,28,0,14708,0,0.000000e+00,0.000000e+00,12741274.0,18492148.0,8301.7,33.48,1.62
CSV,855010,85500,29,28,0,14808,0,0.000000e+00,0.000000e+00,13370764.0,16963418.0,7927.2,33.30,1.03
BER: END_SEQ #29 [LOCK] seq_err=0 BER_seq=0.0000e+00 | lock=29 slip=0 BER_cond=0.0000e+00 BER_cum=0.0000e+00
BER: SYNC #30 (gated)
CSV,860010,86000,30,29,0,14831,0,0.000000e+00,0.000000e+00,11365905.0,18181276.0,8847.8,33.13,2.04
CSV,865010,86500,30,29,0,14931,0,0.000000e+00,0.000000e+00,13975842.0,17008862.0,9161.5,32.69,0.85
CSV,870010,87000,30,29,0,15031,0,0.000000e+00,0.000000e+00,16121448.0,15131086.0,9059.9,32.50,0.28
CSV,875010,87500,30,29,0,15131,0,0.000000e+00,0.000000e+00,13885350.0,16433037.0,9715.8,32.28,0.73
CSV,880010,88000,30,29,0,15231,0,0.000000e+00,0.000000e+00,12345363.0,18317536.0,8697.4,33.23,1.71
BER: END_SEQ #30 [LOCK] seq_err=0 BER_seq=0.0000e+00 | lock=30 slip=0 BER_cond=0.0000e+00 BER_cum=0.0000e+00
CSV,885010,88500,30,30,0,15330,0,0.000000e+00,0.000000e+00,13239286.0,18266698.0,8817.5,33.16,1.40
BER: SYNC #31 (gated)
CSV,890010,89000,31,30,0,15354,0,0.000000e+00,0.000000e+00,12355661.0,17623088.0,10049.3,32.44,1.54
CSV,895010,89500,31,30,0,15454,0,0.000000e+00,0.000000e+00,14906552.0,15440904.0,9417.3,32.15,0.15
CSV,900010,90000,31,30,0,15554,0,0.000000e+00,0.000000e+00,15522901.0,15340059.0,9322.8,32.21,0.05
CSV,905010,90500,31,30,0,15654,0,0.000000e+00,0.000000e+00,13931986.0,17441492.0,8121.1,33.32,0.98
CSV,910010,91000,31,30,0,15753,0,0.000000e+00,0.000000e+00,13183762.0,17552742.0,8286.9,33.26,1.24
BER: END_SEQ #31 [LOCK] seq_err=0 BER_seq=0.0000e+00 | lock=31 slip=0 BER_cond=0.0000e+00 BER_cum=0.0000e+00
CSV,915010,91500,31,31,0,15841,0,0.000000e+00,0.000000e+00,13027556.0,18185244.0,9368.1,32.88,1.45
BER: SYNC #32 (gated)
CSV,920010,92000,32,31,0,15876,0,0.000000e+00,0.000000e+00,14421589.0,18729696.0,8806.1,33.28,1.14
CSV,925010,92500,32,31,0,15976,0,0.000000e+00,0.000000e+00,16112301.0,14751131.0,8170.6,32.95,0.38
CSV,930010,93000,32,31,0,16076,0,0.000000e+00,0.000000e+00,13817619.0,16857840.0,8367.3,33.04,0.86
CSV,935010,93500,32,31,0,16176,0,0.000000e+00,0.000000e+00,14009987.0,17402548.0,7935.7,33.41,0.94
CSV,940010,94000,32,31,0,16276,0,0.000000e+00,0.000000e+00,13698316.0,17633186.0,8264.6,33.29,1.10
BER: END_SEQ #32 [LOCK] seq_err=0 BER_seq=0.0000e+00 | lock=32 slip=0 BER_cond=0.0000e+00 BER_cum=0.0000e+00
CSV,945010,94500,32,32,0,16352,0,0.000000e+00,0.000000e+00,12687752.0,17613212.0,8805.6,33.01,1.42
BER: SYNC #33 (gated)
CSV,950010,95000,33,32,0,16399,0,0.000000e+00,0.000000e+00,13237065.0,16813150.0,8897.2,32.76,1.04
CSV,955010,95500,33,32,0,16499,0,0.000000e+00,0.000000e+00,16612669.0,14458867.0,8055.4,33.14,0.60
CSV,960010,96000,33,32,0,16599,0,0.000000e+00,0.000000e+00,12808376.0,17821758.0,8991.5,32.97,1.43
CSV,965010,96500,33,32,0,16699,0,0.000000e+00,0.000000e+00,14107990.0,17519372.0,8508.0,33.14,0.94
CSV,970010,97000,33,32,0,16799,0,0.000000e+00,0.000000e+00,13604920.0,17841436.0,8515.5,33.21,1.18
BER: END_SEQ #33 [LOCK] seq_err=0 BER_seq=0.0000e+00 | lock=33 slip=0 BER_cond=0.0000e+00 BER_cum=0.0000e+00
CSV,975010,97500,33,33,0,16863,0,0.000000e+00,0.000000e+00,13868868.0,18289508.0,9094.3,33.03,1.20
BER: SYNC #34 (gated)
CSV,980010,98000,34,33,0,16922,0,0.000000e+00,0.000000e+00,13718628.0,17040606.0,9174.2,32.69,0.94
CSV,985010,98500,34,33,0,17022,0,0.000000e+00,0.000000e+00,17193718.0,14330675.0,8178.8,33.23,0.79
CSV,990010,99000,34,33,0,17122,0,0.000000e+00,0.000000e+00,15073275.0,17323124.0,9427.7,32.64,0.60
CSV,995010,99500,34,33,0,17222,0,0.000000e+00,0.000000e+00,14182035.0,20403018.0,8872.8,33.62,1.58
CSV,1000010,100000,34,33,0,17321,0,0.000000e+00,0.000000e+00,14473969.0,16494304.0,9603.8,32.35,0.57
BER: END_SEQ #34 [LOCK] seq_err=0 BER_seq=0.0000e+00 | lock=34 slip=0 BER_cond=0.0000e+00 BER_cum=0.0000e+00
CSV,1005010,100500,34,34,0,17374,0,0.000000e+00,0.000000e+00,13171460.0,18556788.0,8645.6,33.32,1.49
BER: SYNC #35 (gated)
CSV,1010010,101000,35,34,0,17444,0,0.000000e+00,0.000000e+00,13834092.0,18663408.0,8035.8,33.66,1.30
CSV,1015010,101500,35,34,0,17544,0,0.000000e+00,0.000000e+00,17361016.0,13684036.0,8376.0,33.17,1.03
CSV,1020010,102000,35,34,0,17644,0,0.000000e+00,0.000000e+00,15200217.0,16055392.0,8149.0,32.95,0.24
CSV,1025010,102500,35,34,0,17744,0,0.000000e+00,0.000000e+00,13493336.0,19285816.0,8219.8,33.70,1.55
CSV,1030010,103000,35,34,0,17844,0,0.000000e+00,0.000000e+00,15666753.0,16330838.0,9776.4,32.23,0.18
BER: END_SEQ #35 [LOCK] seq_err=0 BER_seq=0.0000e+00 | lock=35 slip=0 BER_cond=0.0000e+00 BER_cum=0.0000e+00
CSV,1035010,103500,35,35,0,17885,0,0.000000e+00,0.000000e+00,12546759.0,18504316.0,10960.4,32.27,1.69
BER: SYNC #36 (gated)
CSV,1040010,104000,36,35,0,17967,0,0.000000e+00,0.000000e+00,14165018.0,18035996.0,10736.0,32.25,1.05
CSV,1045010,104500,36,35,0,18067,0,0.000000e+00,0.000000e+00,17682096.0,14859058.0,9392.7,32.75,0.76
CSV,1050010,105000,36,35,0,18167,0,0.000000e+00,0.000000e+00,15892841.0,16043559.0,8418.3,32.80,0.04
CSV,1055010,105500,36,35,0,18267,0,0.000000e+00,0.000000e+00,12887474.0,19180386.0,7348.5,34.17,1.73
CSV,1060010,106000,36,35,0,18367,0,0.000000e+00,0.000000e+00,15755591.0,16674797.0,8380.8,32.99,0.25
BER: END_SEQ #36 [LOCK] seq_err=0 BER_seq=0.0000e+00 | lock=36 slip=0 BER_cond=0.0000e+00 BER_cum=0.0000e+00
CSV,1065010,106500,36,36,0,18396,0,0.000000e+00,0.000000e+00,13085836.0,18386802.0,9164.3,33.02,1.48
BER: SYNC #37 (gated)
CSV,1070010,107000,37,36,0,18490,0,0.000000e+00,0.000000e+00,14900732.0,16722915.0,9259.7,32.57,0.50
CSV,1075010,107500,37,36,0,18590,0,0.000000e+00,0.000000e+00,18771422.0,13396875.0,10206.1,32.65,1.46
CSV,1080010,108000,37,36,0,18690,0,0.000000e+00,0.000000e+00,15400102.0,17994472.0,7893.2,33.58,0.68
CSV,1085010,108500,37,36,0,18790,0,0.000000e+00,0.000000e+00,15113105.0,17454746.0,9214.9,32.77,0.63
CSV,1090010,109000,37,36,0,18889,0,0.000000e+00,0.000000e+00,15449553.0,17617588.0,7311.6,33.82,0.57
BER: END_SEQ #37 [LOCK] seq_err=0 BER_seq=0.0000e+00 | lock=37 slip=0 BER_cond=0.0000e+00 BER_cum=0.0000e+00
BER: SYNC #38 (gated)
CSV,1095010,109500,38,37,0,18912,0,0.000000e+00,0.000000e+00,15343641.0,19337766.0,10130.3,32.81,1.00
CSV,1100010,110000,38,37,0,19012,0,0.000000e+00,0.000000e+00,16422770.0,19188296.0,9576.1,33.02,0.68
CSV,1105010,110500,38,37,0,19112,0,0.000000e+00,0.000000e+00,21050778.0,13860676.0,8932.1,33.72,1.81
CSV,1110010,111000,38,37,0,19212,0,0.000000e+00,0.000000e+00,17266680.0,18634648.0,7497.4,33.95,0.33
CSV,1115010,111500,38,37,0,19312,0,0.000000e+00,0.000000e+00,16987226.0,20012874.0,7692.6,34.15,0.71
CSV,1120010,112000,38,37,0,19412,0,0.000000e+00,0.000000e+00,17286254.0,19059474.0,9005.9,33.26,0.42
BER: END_SEQ #38 [LOCK] seq_err=0 BER_seq=0.0000e+00 | lock=38 slip=0 BER_cond=0.0000e+00 BER_cum=0.0000e+00
BER: SYNC #39 (gated)
CSV,1125010,112500,39,38,0,19435,0,0.000000e+00,0.000000e+00,15475624.0,19867770.0,9489.6,33.21,1.09
CSV,1130010,113000,39,38,0,19535,0,0.000000e+00,0.000000e+00,19056372.0,18642172.0,8113.4,33.71,0.10
CSV,1135010,113500,39,38,0,19635,0,0.000000e+00,0.000000e+00,21320128.0,16303160.0,8753.6,33.87,1.17
CSV,1140010,114000,39,38,0,19735,0,0.000000e+00,0.000000e+00,18062698.0,18775086.0,7977.4,33.72,0.17
CSV,1145010,114500,39,38,0,19835,0,0.000000e+00,0.000000e+00,17809872.0,19718172.0,8611.5,33.60,0.44
BER: END_SEQ #39 [LOCK] seq_err=0 BER_seq=0.0000e+00 | lock=39 slip=0 BER_cond=0.0000e+00 BER_cum=0.0000e+00
CSV,1150010,115000,39,39,0,19929,0,0.000000e+00,0.000000e+00,16866794.0,21737422.0,9062.4,33.80,1.10
BER: SYNC #40 (gated)
CSV,1155010,115500,40,39,0,19958,0,0.000000e+00,0.000000e+00,16985002.0,19790602.0,9027.1,33.41,0.66
CSV,1160010,116000,40,39,0,20058,0,0.000000e+00,0.000000e+00,20566162.0,16244610.0,8784.7,33.69,1.02
CSV,1165010,116500,40,39,0,20158,0,0.000000e+00,0.000000e+00,18977104.0,18558218.0,8602.3,33.44,0.10
CSV,1170010,117000,40,39,0,20258,0,0.000000e+00,0.000000e+00,18135256.0,19235148.0,8954.6,33.32,0.26
CSV,1175010,117500,40,39,0,20357,0,0.000000e+00,0.000000e+00,17377182.0,18474286.0,8604.2,33.32,0.27
BER: END_SEQ #40 [LOCK] seq_err=0 BER_seq=0.0000e+00 | lock=40 slip=0 BER_cond=0.0000e+00 BER_cum=0.0000e+00
CSV,1180010,118000,40,40,0,20440,0,0.000000e+00,0.000000e+00,15948408.0,19860204.0,9603.4,33.16,0.95
BER: SYNC #41 (gated)
CSV,1185010,118500,41,40,0,20480,0,0.000000e+00,0.000000e+00,17697170.0,18833942.0,9467.7,32.99,0.27
CSV,1190010,119000,41,40,0,20580,0,0.000000e+00,0.000000e+00,19880596.0,15881040.0,8134.5,33.88,0.98
CSV,1195010,119500,41,40,0,20680,0,0.000000e+00,0.000000e+00,16854174.0,18504710.0,8364.1,33.45,0.41
CSV,1200010,120000,41,40,0,20780,0,0.000000e+00,0.000000e+00,18093898.0,18399398.0,8439.4,33.38,0.07
CSV,1205010,120500,41,40,0,20880,0,0.000000e+00,0.000000e+00,17167352.0,19733152.0,9030.1,33.40,0.60
BER: END_SEQ #41 [LOCK] seq_err=0 BER_seq=0.0000e+00 | lock=41 slip=0 BER_cond=0.0000e+00 BER_cum=0.0000e+00
CSV,1210010,121000,41,41,0,20951,0,0.000000e+00,0.000000e+00,16509863.0,19031726.0,8568.4,33.47,0.62
BER: SYNC #42 (gated)
CSV,1215010,121500,42,41,0,21003,0,0.000000e+00,0.000000e+00,17110106.0,18647306.0,8509.7,33.41,0.37
CSV,1220010,122000,42,41,0,21103,0,0.000000e+00,0.000000e+00,21662874.0,16128896.0,8551.5,34.04,1.28
CSV,1225010,122500,42,41,0,21203,0,0.000000e+00,0.000000e+00,17508318.0,19884580.0,8642.1,33.62,0.55
CSV,1230010,123000,42,41,0,21303,0,0.000000e+00,0.000000e+00,17707844.0,19885614.0,8870.2,33.51,0.50
CSV,1235010,123500,42,41,0,21403,0,0.000000e+00,0.000000e+00,18975666.0,19209948.0,8656.1,33.46,0.05
BER: END_SEQ #42 [LOCK] seq_err=0 BER_seq=0.0000e+00 | lock=42 slip=0 BER_cond=0.0000e+00 BER_cum=0.0000e+00
CSV,1240010,124000,42,42,0,21462,0,0.000000e+00,0.000000e+00,17496598.0,21036196.0,9098.0,33.64,0.80
BER: SYNC #43 (gated)
CSV,1245010,124500,43,42,0,21526,0,0.000000e+00,0.000000e+00,17031748.0,20470014.0,8068.4,34.04,0.80
CSV,1250010,125000,43,42,0,21626,0,0.000000e+00,0.000000e+00,23130718.0,14674424.0,8088.4,34.56,1.98
CSV,1255010,125500,43,42,0,21726,0,0.000000e+00,0.000000e+00,19200498.0,20344680.0,8705.6,33.69,0.25
CSV,1260010,126000,43,42,0,21826,0,0.000000e+00,0.000000e+00,17878822.0,21584502.0,9552.6,33.54,0.82
CSV,1265010,126500,43,42,0,21925,0,0.000000e+00,0.000000e+00,18882152.0,19973876.0,9280.5,33.33,0.24
BER: END_SEQ #43 [LOCK] seq_err=0 BER_seq=0.0000e+00 | lock=43 slip=0 BER_cond=0.0000e+00 BER_cum=0.0000e+00
CSV,1270010,127000,43,43,0,21973,0,0.000000e+00,0.000000e+00,17986756.0,21677906.0,9334.9,33.66,0.81
BER: SYNC #44 (gated)
CSV,1275010,127500,44,43,0,22048,0,0.000000e+00,0.000000e+00,18838878.0,22286846.0,9464.7,33.72,0.73
CSV,1280010,128000,44,43,0,22148,0,0.000000e+00,0.000000e+00,23781238.0,16364956.0,8707.0,34.36,1.62
CSV,1285010,128500,44,43,0,22248,0,0.000000e+00,0.000000e+00,20794792.0,19477264.0,9025.5,33.62,0.28
CSV,1290010,129000,44,43,0,22348,0,0.000000e+00,0.000000e+00,17623660.0,23696098.0,8735.6,34.33,1.29
CSV,1295010,129500,44,43,0,22448,0,0.000000e+00,0.000000e+00,20529882.0,19661232.0,8544.9,33.81,0.19
BER: END_SEQ #44 [LOCK] seq_err=0 BER_seq=0.0000e+00 | lock=44 slip=0 BER_cond=0.0000e+00 BER_cum=0.0000e+00
CSV,1300010,130000,44,44,0,22484,0,0.000000e+00,0.000000e+00,16995664.0,21277068.0,10440.6,33.09,0.98
BER: SYNC #45 (gated)
CSV,1305010,130500,45,44,0,22571,0,0.000000e+00,0.000000e+00,19063694.0,20956430.0,9602.2,33.39,0.41
CSV,1310010,131000,45,44,0,22671,0,0.000000e+00,0.000000e+00,23440948.0,17205404.0,8677.1,34.32,1.34
CSV,1315010,131500,45,44,0,22771,0,0.000000e+00,0.000000e+00,19132674.0,20245658.0,7947.0,34.06,0.25
CSV,1320010,132000,45,44,0,22871,0,0.000000e+00,0.000000e+00,18977344.0,20683728.0,9443.3,33.41,0.37
CSV,1325010,132500,45,44,0,22971,0,0.000000e+00,0.000000e+00,19923330.0,21572798.0,9620.6,33.51,0.35
BER: END_SEQ #45 [LOCK] seq_err=0 BER_seq=0.0000e+00 | lock=45 slip=0 BER_cond=0.0000e+00 BER_cum=0.0000e+00
CSV,1330010,133000,45,45,0,22995,0,0.000000e+00,0.000000e+00,17680880.0,23003970.0,9992.3,33.62,1.14
BER: SYNC #46 (gated)
CSV,1335010,133500,46,45,0,23094,0,0.000000e+00,0.000000e+00,19900496.0,20762904.0,10084.7,33.14,0.18
CSV,1340010,134000,46,45,0,23194,0,0.000000e+00,0.000000e+00,24968534.0,16466452.0,7942.7,34.97,1.81
CSV,1345010,134500,46,45,0,23294,0,0.000000e+00,0.000000e+00,20971496.0,21750398.0,9877.6,33.43,0.16
CSV,1350010,135000,46,45,0,23394,0,0.000000e+00,0.000000e+00,19270858.0,22386312.0,9180.8,33.87,0.65
CSV,1355010,135500,46,45,0,23493,0,0.000000e+00,0.000000e+00,20498036.0,22055236.0,10504.2,33.22,0.32
BER: END_SEQ #46 [LOCK] seq_err=0 BER_seq=0.0000e+00 | lock=46 slip=0 BER_cond=0.0000e+00 BER_cum=0.0000e+00
BER: SYNC #47 (gated)
CSV,1360010,136000,47,46,0,23516,0,0.000000e+00,0.000000e+00,20185392.0,23938448.0,9635.5,33.95,0.74
CSV,1365010,136500,47,46,0,23616,0,0.000000e+00,0.000000e+00,22743834.0,22171356.0,9513.0,33.79,0.11
CSV,1370010,137000,47,46,0,23716,0,0.000000e+00,0.000000e+00,26006582.0,18712654.0,10017.5,34.14,1.43
CSV,1375010,137500,47,46,0,23816,0,0.000000e+00,0.000000e+00,23265314.0,22184360.0,9858.4,33.73,0.21
CSV,1380010,138000,47,46,0,23916,0,0.000000e+00,0.000000e+00,21722724.0,25574306.0,10746.4,33.77,0.71
CSV,1385010,138500,47,46,0,24016,0,0.000000e+00,0.000000e+00,22559808.0,24355176.0,8324.8,34.66,0.33
BER: END_SEQ #47 [LOCK] seq_err=0 BER_seq=0.0000e+00 | lock=47 slip=0 BER_cond=0.0000e+00 BER_cum=0.0000e+00
BER: SYNC #48 (gated)
CSV,1390010,139000,48,47,0,24039,0,0.000000e+00,0.000000e+00,21242232.0,24090364.0,9837.7,33.89,0.55
CSV,1395010,139500,48,47,0,24139,0,0.000000e+00,0.000000e+00,26331672.0,21914066.0,8765.8,34.78,0.80
CSV,1400010,140000,48,47,0,24239,0,0.000000e+00,0.000000e+00,27946214.0,20786594.0,8818.9,35.01,1.29
CSV,1405010,140500,48,47,0,24339,0,0.000000e+00,0.000000e+00,24210024.0,23918586.0,8508.2,34.54,0.05
CSV,1410010,141000,48,47,0,24439,0,0.000000e+00,0.000000e+00,23745960.0,24728760.0,8679.7,34.55,0.18
BER: END_SEQ #48 [LOCK] seq_err=0 BER_seq=0.0000e+00 | lock=48 slip=0 BER_cond=0.0000e+00 BER_cum=0.0000e+00
CSV,1415010,141500,48,48,0,24528,0,0.000000e+00,0.000000e+00,23026536.0,26696418.0,8054.3,35.20,0.64
BER: SYNC #49 (gated)
CSV,1420010,142000,49,48,0,24562,0,0.000000e+00,0.000000e+00,24048172.0,24515872.0,9106.8,34.30,0.08
CSV,1425010,142500,49,48,0,24662,0,0.000000e+00,0.000000e+00,28434042.0,20786056.0,10864.1,34.18,1.36
CSV,1430010,143000,49,48,0,24762,0,0.000000e+00,0.000000e+00,25528200.0,24959344.0,10429.1,33.89,0.10
CSV,1435010,143500,49,48,0,24862,0,0.000000e+00,0.000000e+00,25630966.0,25912908.0,8402.7,34.89,0.05
CSV,1440010,144000,49,48,0,24961,0,0.000000e+00,0.000000e+00,25927492.0,24223306.0,9097.3,34.55,0.30
BER: END_SEQ #49 [LOCK] seq_err=0 BER_seq=0.0000e+00 | lock=49 slip=0 BER_cond=0.0000e+00 BER_cum=0.0000e+00
CSV,1445010,144500,49,49,0,25039,0,0.000000e+00,0.000000e+00,23720752.0,26419830.0,8756.5,34.80,0.47
BER: SYNC #50 (gated)
CSV,1450010,145000,50,49,0,25084,0,0.000000e+00,0.000000e+00,25577584.0,25753882.0,9874.9,34.16,0.03
CSV,1455010,145500,50,49,0,25184,0,0.000000e+00,0.000000e+00,30669986.0,20667370.0,8345.9,35.65,1.71
CSV,1460010,146000,50,49,0,25284,0,0.000000e+00,0.000000e+00,24353304.0,25488526.0,9031.9,34.51,0.20
CSV,1465010,146500,50,49,0,25384,0,0.000000e+00,0.000000e+00,25976304.0,25275022.0,7832.0,35.21,0.12
CSV,1470010,147000,50,49,0,25484,0,0.000000e+00,0.000000e+00,25114706.0,26553618.0,9461.8,34.48,0.24
BER: END_SEQ #50 [LOCK] seq_err=0 BER_seq=0.0000e+00 | lock=50 slip=0 BER_cond=0.0000e+00 BER_cum=0.0000e+00
CSV,1475010,147500,50,50,0,25550,0,0.000000e+00,0.000000e+00,24396308.0,25397708.0,9461.7,34.29,0.17
BER: SYNC #51 (gated)
CSV,1480010,148000,51,50,0,25607,0,0.000000e+00,0.000000e+00,24313654.0,25420934.0,9023.8,34.50,0.19
CSV,1485010,148500,51,50,0,25707,0,0.000000e+00,0.000000e+00,31188362.0,20762008.0,8978.4,35.41,1.77
CSV,1490010,149000,51,50,0,25807,0,0.000000e+00,0.000000e+00,26099652.0,24601182.0,7776.3,35.26,0.26
CSV,1495010,149500,51,50,0,25907,0,0.000000e+00,0.000000e+00,22974826.0,26822946.0,8743.0,34.87,0.67
CSV,1500010,150000,51,50,0,26007,0,0.000000e+00,0.000000e+00,26991338.0,23736784.0,10540.6,34.08,0.56
BER: END_SEQ #51 [LOCK] seq_err=0 BER_seq=0.0000e+00 | lock=51 slip=0 BER_cond=0.0000e+00 BER_cum=0.0000e+00
CSV,1505010,150500,51,51,0,26061,0,0.000000e+00,0.000000e+00,23121258.0,27745726.0,11242.4,33.92,0.79

=========================================
=== END OF TEST (duration=25 min) ===
=========================================
FINAL: syncs=51 lock=51 slip=0 slip_rate=0.0000
FINAL: bits_cum=26061 err_cum=0 BER_cum=0.0000e+00
FINAL: bits_lock=26061 err_lock=0 BER_cond=0.0000e+00
=========================================
=== STOP LOGGING NOW ===
=========================================
