

=== RX BOOT - BER TEST MODE ===
MOD=OOK (20 kHz carrier, adaptive threshold)
BPS_MODE=40 (HALF_SAMPLES=1000, 5000 samples/bit @ 200000 Hz)
Expect: 64-bit preamble + Barker13 (1F35h, gated by 8 preamble bits = 0x55) + 511-bit PRBS-9
Noise floor band: 5000 Hz; lock threshold: BER<0.10
Auto-stop: test will halt 25 min after the first sync.
RX: edge-tracking sync, center-3 voting
Starting decoder...

BER: SYNC #1 (gated)
CSV,5008,1000,1,0,0,16,0,0.000000e+00,0.000000e+00,387815.5,52321185792.0,321570.2,52.11,51.30
CSV,10008,2000,1,0,0,216,0,0.000000e+00,0.000000e+00,403119.7,47843446784.0,228375.1,53.21,50.74
CSV,15008,3000,1,0,0,416,0,0.000000e+00,0.000000e+00,382771.5,51927121920.0,240007.3,53.35,51.32
BER: END_SEQ #1 [LOCK] seq_err=0 BER_seq=0.0000e+00 | lock=1 slip=0 BER_cond=0.0000e+00 BER_cum=0.0000e+00
BER: SYNC #2 (gated)
CSV,20008,4000,2,1,0,539,0,0.000000e+00,0.000000e+00,458337.3,56960000000.0,294743.8,52.86,50.94
CSV,25008,5000,2,1,0,739,0,0.000000e+00,0.000000e+00,425494.6,46771240960.0,247901.9,52.76,50.41
CSV,30008,6000,2,1,0,939,0,0.000000e+00,0.000000e+00,395677.3,53633126400.0,249326.2,53.33,51.32
BER: END_SEQ #2 [LOCK] seq_err=0 BER_seq=0.0000e+00 | lock=2 slip=0 BER_cond=0.0000e+00 BER_cum=0.0000e+00
BER: SYNC #3 (gated)
CSV,35008,7000,3,2,0,1062,0,0.000000e+00,0.000000e+00,505977.8,53026488320.0,293277.2,52.57,50.20
CSV,40008,8000,3,2,0,1262,0,0.000000e+00,0.000000e+00,409197.7,50018013184.0,250816.8,53.00,50.87
CSV,45008,9000,3,2,0,1462,0,0.000000e+00,0.000000e+00,407040.9,52395323392.0,248794.4,53.23,51.10
BER: END_SEQ #3 [LOCK] seq_err=0 BER_seq=0.0000e+00 | lock=3 slip=0 BER_cond=0.0000e+00 BER_cum=0.0000e+00
BER: SYNC #4 (gated)
CSV,50008,10000,4,3,0,1584,0,0.000000e+00,0.000000e+00,488577.7,54629281792.0,285663.1,52.82,50.48
CSV,55008,11000,4,3,0,1784,0,0.000000e+00,0.000000e+00,411693.2,48254078976.0,236630.6,53.09,50.69
CSV,60008,12000,4,3,0,1984,0,0.000000e+00,0.000000e+00,427334.8,53164474368.0,240579.8,53.44,50.95
BER: END_SEQ #4 [LOCK] seq_err=0 BER_seq=0.0000e+00 | lock=4 slip=0 BER_cond=0.0000e+00 BER_cum=0.0000e+00
BER: SYNC #5 (gated)
CSV,65008,13000,5,4,0,2107,0,0.000000e+00,0.000000e+00,490904.2,54440079360.0,296758.7,52.64,50.45
CSV,70008,14000,5,4,0,2307,0,0.000000e+00,0.000000e+00,402902.8,46767513600.0,237425.3,52.94,50.65
CSV,75008,15000,5,4,0,2507,0,0.000000e+00,0.000000e+00,438325.8,53526585344.0,263520.2,53.08,50.87
BER: END_SEQ #5 [LOCK] seq_err=0 BER_seq=0.0000e+00 | lock=5 slip=0 BER_cond=0.0000e+00 BER_cum=0.0000e+00
BER: SYNC #6 (gated)
CSV,80008,16000,6,5,0,2630,0,0.000000e+00,0.000000e+00,463002.2,55983562752.0,271486.7,53.14,50.82
CSV,85008,17000,6,5,0,2830,0,0.000000e+00,0.000000e+00,404194.0,45558734848.0,271855.9,52.24,50.52
CSV,90008,18000,6,5,0,3029,0,0.000000e+00,0.000000e+00,418174.6,54795075584.0,253846.7,53.34,51.17
BER: END_SEQ #6 [LOCK] seq_err=0 BER_seq=0.0000e+00 | lock=6 slip=0 BER_cond=0.0000e+00 BER_cum=0.0000e+00
BER: SYNC #7 (gated)
CSV,95008,19000,7,6,0,3153,0,0.000000e+00,0.000000e+00,478339.0,54237159424.0,296669.5,52.62,50.55
CSV,100008,20000,7,6,0,3352,0,0.000000e+00,0.000000e+00,387965.8,48356048896.0,226877.1,53.29,50.96
CSV,105008,21000,7,6,0,3552,0,0.000000e+00,0.000000e+00,418885.0,53235863552.0,248557.0,53.31,51.04
BER: END_SEQ #7 [LOCK] seq_err=0 BER_seq=0.0000e+00 | lock=7 slip=0 BER_cond=0.0000e+00 BER_cum=0.0000e+00
BER: SYNC #8 (gated)
CSV,110008,22000,8,7,0,3675,0,0.000000e+00,0.000000e+00,479715.0,55136423936.0,281688.4,52.92,50.60
CSV,115008,23000,8,7,0,3875,0,0.000000e+00,0.000000e+00,396538.8,46409588736.0,244036.4,52.79,50.68
CSV,120008,24000,8,7,0,4075,0,0.000000e+00,0.000000e+00,383656.5,55153827840.0,246268.1,53.50,51.58
BER: END_SEQ #8 [LOCK] seq_err=0 BER_seq=0.0000e+00 | lock=8 slip=0 BER_cond=0.0000e+00 BER_cum=0.0000e+00
BER: SYNC #9 (gated)
CSV,125008,25000,9,8,0,4198,0,0.000000e+00,0.000000e+00,484910.2,53218832384.0,295798.1,52.55,50.40
CSV,130008,26000,9,8,0,4398,0,0.000000e+00,0.000000e+00,399739.2,47806885888.0,235032.8,53.08,50.78
CSV,135008,27000,9,8,0,4598,0,0.000000e+00,0.000000e+00,370793.8,55332352000.0,257325.7,53.32,51.74
BER: END_SEQ #9 [LOCK] seq_err=0 BER_seq=0.0000e+00 | lock=9 slip=0 BER_cond=0.0000e+00 BER_cum=0.0000e+00
BER: SYNC #10 (gated)
CSV,140008,28000,10,9,0,4721,0,0.000000e+00,0.000000e+00,499243.4,51710783488.0,303113.1,52.32,50.15
CSV,145008,29000,10,9,0,4920,0,0.000000e+00,0.000000e+00,388806.2,48390246400.0,243177.8,52.99,50.95
BER: END_SEQ #10 [LOCK] seq_err=0 BER_seq=0.0000e+00 | lock=10 slip=0 BER_cond=0.0000e+00 BER_cum=0.0000e+00
CSV,150008,30000,10,10,0,5110,0,0.000000e+00,0.000000e+00,387464.3,55466872832.0,232819.8,53.77,51.56
BER: SYNC #11 (gated)
CSV,155008,31000,11,10,0,5243,0,0.000000e+00,0.000000e+00,449918.2,48410656768.0,276562.2,52.43,50.32
CSV,160008,32000,11,10,0,5443,0,0.000000e+00,0.000000e+00,395770.4,52880211968.0,265677.6,52.99,51.26
BER: END_SEQ #11 [LOCK] seq_err=0 BER_seq=0.0000e+00 | lock=11 slip=0 BER_cond=0.0000e+00 BER_cum=0.0000e+00
CSV,165008,33000,11,11,0,5621,0,0.000000e+00,0.000000e+00,396322.6,52922437632.0,257763.8,53.12,51.26
BER: SYNC #12 (gated)
CSV,170008,34000,12,11,0,5766,0,0.000000e+00,0.000000e+00,429751.8,48015405056.0,276137.1,52.40,50.48
CSV,175008,35000,12,11,0,5966,0,0.000000e+00,0.000000e+00,416543.0,52610142208.0,226113.6,53.67,51.01
BER: END_SEQ #12 [LOCK] seq_err=0 BER_seq=0.0000e+00 | lock=12 slip=0 BER_cond=0.0000e+00 BER_cum=0.0000e+00
CSV,180008,36000,12,12,0,6132,0,0.000000e+00,0.000000e+00,421806.9,54490775552.0,282556.1,52.85,51.11
BER: SYNC #13 (gated)
CSV,185008,37000,13,12,0,6289,0,0.000000e+00,0.000000e+00,415571.1,47702695936.0,253708.8,52.74,50.60
CSV,190008,38000,13,12,0,6489,0,0.000000e+00,0.000000e+00,416835.5,54212698112.0,265341.2,53.10,51.14
BER: END_SEQ #13 [LOCK] seq_err=0 BER_seq=0.0000e+00 | lock=13 slip=0 BER_cond=0.0000e+00 BER_cum=0.0000e+00
CSV,195008,39000,13,13,0,6643,0,0.000000e+00,0.000000e+00,448374.8,52587528192.0,254755.0,53.15,50.69
BER: SYNC #14 (gated)
CSV,200008,40000,14,13,0,6811,0,0.000000e+00,0.000000e+00,405593.7,48186114048.0,241879.4,52.99,50.75
CSV,205008,41000,14,13,0,7011,0,0.000000e+00,0.000000e+00,429387.4,52888281088.0,256398.0,53.14,50.91
BER: END_SEQ #14 [LOCK] seq_err=0 BER_seq=0.0000e+00 | lock=14 slip=0 BER_cond=0.0000e+00 BER_cum=0.0000e+00
CSV,210008,42000,14,14,0,7154,0,0.000000e+00,0.000000e+00,487052.8,54000861184.0,310334.6,52.41,50.45
BER: SYNC #15 (gated)
CSV,215008,43000,15,14,0,7334,0,0.000000e+00,0.000000e+00,402324.0,48731979776.0,244828.6,52.99,50.83
CSV,220008,44000,15,14,0,7534,0,0.000000e+00,0.000000e+00,411815.6,53441380352.0,245341.9,53.38,51.13
BER: END_SEQ #15 [LOCK] seq_err=0 BER_seq=0.0000e+00 | lock=15 slip=0 BER_cond=0.0000e+00 BER_cum=0.0000e+00
CSV,225008,45000,15,15,0,7665,0,0.000000e+00,0.000000e+00,489630.3,53476470784.0,280906.6,52.80,50.38
BER: SYNC #16 (gated)
CSV,230008,46000,16,15,0,7857,0,0.000000e+00,0.000000e+00,395458.9,46711234560.0,235004.3,52.98,50.72
CSV,235008,47000,16,15,0,8057,0,0.000000e+00,0.000000e+00,407182.2,52626071552.0,256277.2,53.12,51.11
BER: END_SEQ #16 [LOCK] seq_err=0 BER_seq=0.0000e+00 | lock=16 slip=0 BER_cond=0.0000e+00 BER_cum=0.0000e+00
BER: SYNC #17 (gated)
CSV,240008,48000,17,16,0,8180,0,0.000000e+00,0.000000e+00,486416.0,54954213376.0,300846.9,52.62,50.53
CSV,245008,49000,17,16,0,8379,0,0.000000e+00,0.000000e+00,390965.7,46863773696.0,233184.7,53.03,50.79
CSV,250008,50000,17,16,0,8579,0,0.000000e+00,0.000000e+00,398704.9,54203854848.0,229551.4,53.73,51.33
BER: END_SEQ #17 [LOCK] seq_err=0 BER_seq=0.0000e+00 | lock=17 slip=0 BER_cond=0.0000e+00 BER_cum=0.0000e+00
BER: SYNC #18 (gated)
CSV,255008,51000,18,17,0,8702,0,0.000000e+00,0.000000e+00,478226.2,55471198208.0,285275.6,52.89,50.64
CSV,260008,52000,18,17,0,8902,0,0.000000e+00,0.000000e+00,405077.3,46883471360.0,249701.4,52.74,50.63
CSV,265008,53000,18,17,0,9102,0,0.000000e+00,0.000000e+00,405843.5,52358569984.0,260834.5,53.03,51.11
BER: END_SEQ #18 [LOCK] seq_err=0 BER_seq=0.0000e+00 | lock=18 slip=0 BER_cond=0.0000e+00 BER_cum=0.0000e+00
BER: SYNC #19 (gated)
CSV,270008,54000,19,18,0,9225,0,0.000000e+00,0.000000e+00,494190.8,55847550976.0,268785.3,53.18,50.53
CSV,275008,55000,19,18,0,9425,0,0.000000e+00,0.000000e+00,391355.8,46558683136.0,235794.1,52.95,50.75
CSV,280008,56000,19,18,0,9625,0,0.000000e+00,0.000000e+00,406847.5,53337546752.0,248405.3,53.32,51.18
BER: END_SEQ #19 [LOCK] seq_err=0 BER_seq=0.0000e+00 | lock=19 slip=0 BER_cond=0.0000e+00 BER_cum=0.0000e+00
BER: SYNC #20 (gated)
CSV,285008,57000,20,19,0,9748,0,0.000000e+00,0.000000e+00,486812.6,53319426048.0,292394.8,52.61,50.40
CSV,290008,58000,20,19,0,9948,0,0.000000e+00,0.000000e+00,411947.7,49105039360.0,245060.8,53.02,50.76
CSV,295008,59000,20,19,0,10147,0,0.000000e+00,0.000000e+00,420544.9,52186181632.0,247263.4,53.24,50.94
BER: END_SEQ #20 [LOCK] seq_err=0 BER_seq=0.0000e+00 | lock=20 slip=0 BER_cond=0.0000e+00 BER_cum=0.0000e+00
BER: SYNC #21 (gated)
CSV,300008,60000,21,20,0,10270,0,0.000000e+00,0.000000e+00,496219.2,54024458240.0,281908.5,52.82,50.37
CSV,305008,61000,21,20,0,10470,0,0.000000e+00,0.000000e+00,405252.8,48625446912.0,261953.0,52.69,50.79
CSV,310008,62000,21,20,0,10670,0,0.000000e+00,0.000000e+00,419119.5,52571312128.0,256100.8,53.12,50.98
BER: END_SEQ #21 [LOCK] seq_err=0 BER_seq=0.0000e+00 | lock=21 slip=0 BER_cond=0.0000e+00 BER_cum=0.0000e+00
BER: SYNC #22 (gated)
CSV,315008,63000,22,21,0,10793,0,0.000000e+00,0.000000e+00,469112.4,54513336320.0,300099.9,52.59,50.65
CSV,320008,64000,22,21,0,10993,0,0.000000e+00,0.000000e+00,393496.7,46122500096.0,229902.4,53.02,50.69
CSV,325008,65000,22,21,0,11193,0,0.000000e+00,0.000000e+00,406001.3,53594071040.0,260398.7,53.13,51.21
BER: END_SEQ #22 [LOCK] seq_err=0 BER_seq=0.0000e+00 | lock=22 slip=0 BER_cond=0.0000e+00 BER_cum=0.0000e+00
BER: SYNC #23 (gated)
CSV,330008,66000,23,22,0,11316,0,0.000000e+00,0.000000e+00,445062.0,55225888768.0,286102.8,52.86,50.94
CSV,335008,67000,23,22,0,11516,0,0.000000e+00,0.000000e+00,376194.5,45521014784.0,221323.3,53.13,50.83
CSV,340008,68000,23,22,0,11716,0,0.000000e+00,0.000000e+00,390927.2,54184173568.0,255266.9,53.27,51.42
BER: END_SEQ #23 [LOCK] seq_err=0 BER_seq=0.0000e+00 | lock=23 slip=0 BER_cond=0.0000e+00 BER_cum=0.0000e+00
BER: SYNC #24 (gated)
CSV,345008,69000,24,23,0,11838,0,0.000000e+00,0.000000e+00,475508.2,54267797504.0,293566.2,52.67,50.57
CSV,350008,70000,24,23,0,12039,0,0.000000e+00,0.000000e+00,395443.0,47390007296.0,221088.3,53.31,50.79
CSV,355008,71000,24,23,0,12238,0,0.000000e+00,0.000000e+00,431507.8,53977960448.0,263911.7,53.11,50.97
BER: END_SEQ #24 [LOCK] seq_err=0 BER_seq=0.0000e+00 | lock=24 slip=0 BER_cond=0.0000e+00 BER_cum=0.0000e+00
BER: SYNC #25 (gated)
CSV,360008,72000,25,24,0,12361,0,0.000000e+00,0.000000e+00,462728.6,54023565312.0,282662.2,52.81,50.67
CSV,365008,73000,25,24,0,12561,0,0.000000e+00,0.000000e+00,405830.4,47140352000.0,234579.5,53.03,50.65
CSV,370008,74000,25,24,0,12761,0,0.000000e+00,0.000000e+00,424474.6,54048169984.0,244424.9,53.45,51.05
BER: END_SEQ #25 [LOCK] seq_err=0 BER_seq=0.0000e+00 | lock=25 slip=0 BER_cond=0.0000e+00 BER_cum=0.0000e+00
BER: SYNC #26 (gated)
CSV,375008,75000,26,25,0,12884,0,0.000000e+00,0.000000e+00,467483.2,54229159936.0,287506.8,52.76,50.64
CSV,380008,76000,26,25,0,13084,0,0.000000e+00,0.000000e+00,392497.6,46899609600.0,245233.8,52.82,50.77
CSV,385008,77000,26,25,0,13284,0,0.000000e+00,0.000000e+00,365292.4,55217627136.0,226916.9,53.86,51.79
BER: END_SEQ #26 [LOCK] seq_err=0 BER_seq=0.0000e+00 | lock=26 slip=0 BER_cond=0.0000e+00 BER_cum=0.0000e+00
BER: SYNC #27 (gated)
CSV,390008,78000,27,26,0,13407,0,0.000000e+00,0.000000e+00,499522.9,51410046976.0,288427.0,52.51,50.12
CSV,395008,79000,27,26,0,13606,0,0.000000e+00,0.000000e+00,377205.5,48808349696.0,257849.3,52.77,51.12
BER: END_SEQ #27 [LOCK] seq_err=0 BER_seq=0.0000e+00 | lock=27 slip=0 BER_cond=0.0000e+00 BER_cum=0.0000e+00
CSV,400008,80000,27,27,0,13797,0,0.000000e+00,0.000000e+00,376443.8,54727974912.0,233744.1,53.69,51.63
BER: SYNC #28 (gated)
CSV,405008,81000,28,27,0,13929,0,0.000000e+00,0.000000e+00,459585.3,49489027072.0,278009.9,52.50,50.32
CSV,410008,82000,28,27,0,14129,0,0.000000e+00,0.000000e+00,396219.6,52088995840.0,239685.0,53.37,51.19
BER: END_SEQ #28 [LOCK] seq_err=0 BER_seq=0.0000e+00 | lock=28 slip=0 BER_cond=0.0000e+00 BER_cum=0.0000e+00
CSV,415008,83000,28,28,0,14308,0,0.000000e+00,0.000000e+00,457103.2,53902831616.0,258607.5,53.19,50.72
BER: SYNC #29 (gated)
CSV,420008,84000,29,28,0,14452,0,0.000000e+00,0.000000e+00,425253.5,47395377152.0,257874.1,52.64,50.47
CSV,425008,85000,29,28,0,14652,0,0.000000e+00,0.000000e+00,418241.0,53145989120.0,238530.3,53.48,51.04
BER: END_SEQ #29 [LOCK] seq_err=0 BER_seq=0.0000e+00 | lock=29 slip=0 BER_cond=0.0000e+00 BER_cum=0.0000e+00
CSV,430008,86000,29,29,0,14819,0,0.000000e+00,0.000000e+00,482898.4,54039691264.0,291621.2,52.68,50.49
BER: SYNC #30 (gated)
CSV,435008,87000,30,29,0,14975,0,0.000000e+00,0.000000e+00,446073.9,48304095232.0,260159.7,52.69,50.35
CSV,440008,88000,30,29,0,15175,0,0.000000e+00,0.000000e+00,407952.2,54022529024.0,240807.0,53.51,51.22
BER: END_SEQ #30 [LOCK] seq_err=0 BER_seq=0.0000e+00 | lock=30 slip=0 BER_cond=0.0000e+00 BER_cum=0.0000e+00
CSV,445008,89000,30,30,0,15330,0,0.000000e+00,0.000000e+00,465190.5,52793839616.0,274290.0,52.84,50.55
BER: SYNC #31 (gated)
CSV,450008,90000,31,30,0,15498,0,0.000000e+00,0.000000e+00,404471.0,47390617600.0,252283.1,52.74,50.69
CSV,455008,91000,31,30,0,15697,0,0.000000e+00,0.000000e+00,403590.4,53725335552.0,260496.7,53.14,51.24
BER: END_SEQ #31 [LOCK] seq_err=0 BER_seq=0.0000e+00 | lock=31 slip=0 BER_cond=0.0000e+00 BER_cum=0.0000e+00
CSV,460008,92000,31,31,0,15841,0,0.000000e+00,0.000000e+00,445526.0,53237686272.0,279087.6,52.80,50.77
BER: SYNC #32 (gated)
CSV,465008,93000,32,31,0,16020,0,0.000000e+00,0.000000e+00,406598.8,49201332224.0,247938.7,52.98,50.83
CSV,470008,94000,32,31,0,16220,0,0.000000e+00,0.000000e+00,418667.7,53187600384.0,259869.6,53.11,51.04
BER: END_SEQ #32 [LOCK] seq_err=0 BER_seq=0.0000e+00 | lock=32 slip=0 BER_cond=0.0000e+00 BER_cum=0.0000e+00
CSV,475008,95000,32,32,0,16352,0,0.000000e+00,0.000000e+00,446548.0,53894107136.0,299893.4,52.55,50.82
BER: SYNC #33 (gated)
CSV,480008,96000,33,32,0,16543,0,0.000000e+00,0.000000e+00,388097.1,46526312448.0,232234.9,53.02,50.79
CSV,485008,97000,33,32,0,16743,0,0.000000e+00,0.000000e+00,386546.5,53204676608.0,229913.7,53.64,51.39
BER: END_SEQ #33 [LOCK] seq_err=0 BER_seq=0.0000e+00 | lock=33 slip=0 BER_cond=0.0000e+00 BER_cum=0.0000e+00
BER: SYNC #34 (gated)
CSV,490008,98000,34,33,0,16866,0,0.000000e+00,0.000000e+00,435849.1,54225555456.0,290243.1,52.71,50.95
CSV,495008,99000,34,33,0,17065,0,0.000000e+00,0.000000e+00,414397.4,47410421760.0,235685.3,53.04,50.58
CSV,500008,100000,34,33,0,17266,0,0.000000e+00,0.000000e+00,405626.0,53455835136.0,252673.5,53.25,51.20
BER: END_SEQ #34 [LOCK] seq_err=0 BER_seq=0.0000e+00 | lock=34 slip=0 BER_cond=0.0000e+00 BER_cum=0.0000e+00
BER: SYNC #35 (gated)
CSV,505008,101000,35,34,0,17388,0,0.000000e+00,0.000000e+00,478727.3,56010334208.0,275554.5,53.08,50.68
CSV,510008,102000,35,34,0,17588,0,0.000000e+00,0.000000e+00,414824.8,46218010624.0,243218.0,52.79,50.47
CSV,515008,103000,35,34,0,17788,0,0.000000e+00,0.000000e+00,393376.8,53301846016.0,260509.2,53.11,51.32
BER: END_SEQ #35 [LOCK] seq_err=0 BER_seq=0.0000e+00 | lock=35 slip=0 BER_cond=0.0000e+00 BER_cum=0.0000e+00
BER: SYNC #36 (gated)
CSV,520008,104000,36,35,0,17911,0,0.000000e+00,0.000000e+00,483461.0,54889361408.0,268396.0,53.11,50.55
CSV,525008,105000,36,35,0,18111,0,0.000000e+00,0.000000e+00,397114.0,46898196480.0,235904.9,52.98,50.72
CSV,530008,106000,36,35,0,18311,0,0.000000e+00,0.000000e+00,414574.4,53041909760.0,243762.2,53.38,51.07
BER: END_SEQ #36 [LOCK] seq_err=0 BER_seq=0.0000e+00 | lock=36 slip=0 BER_cond=0.0000e+00 BER_cum=0.0000e+00
BER: SYNC #37 (gated)
CSV,535008,107000,37,36,0,18434,0,0.000000e+00,0.000000e+00,505823.8,54028607488.0,301543.8,52.53,50.29
CSV,540008,108000,37,36,0,18634,0,0.000000e+00,0.000000e+00,414558.6,48641294336.0,241509.3,53.04,50.69
CSV,545008,109000,37,36,0,18834,0,0.000000e+00,0.000000e+00,425532.1,53325697024.0,250270.8,53.29,50.98
BER: END_SEQ #37 [LOCK] seq_err=0 BER_seq=0.0000e+00 | lock=37 slip=0 BER_cond=0.0000e+00 BER_cum=0.0000e+00
BER: SYNC #38 (gated)
CSV,550008,110000,38,37,0,18956,0,0.000000e+00,0.000000e+00,488504.2,52989472768.0,278945.2,52.79,50.35
CSV,555008,111000,38,37,0,19156,0,0.000000e+00,0.000000e+00,399069.0,48931856384.0,261330.1,52.72,50.89
CSV,560008,112000,38,37,0,19356,0,0.000000e+00,0.000000e+00,427678.4,52351287296.0,253247.7,53.15,50.88
BER: END_SEQ #38 [LOCK] seq_err=0 BER_seq=0.0000e+00 | lock=38 slip=0 BER_cond=0.0000e+00 BER_cum=0.0000e+00
BER: SYNC #39 (gated)
CSV,565008,113000,39,38,0,19479,0,0.000000e+00,0.000000e+00,468307.1,54716219392.0,288298.4,52.78,50.68
CSV,570008,114000,39,38,0,19679,0,0.000000e+00,0.000000e+00,384770.5,46276595712.0,228418.3,53.07,50.80
CSV,575008,115000,39,38,0,19879,0,0.000000e+00,0.000000e+00,425246.0,53502205952.0,248606.2,53.33,51.00
BER: END_SEQ #39 [LOCK] seq_err=0 BER_seq=0.0000e+00 | lock=39 slip=0 BER_cond=0.0000e+00 BER_cum=0.0000e+00
BER: SYNC #40 (gated)
CSV,580008,116000,40,39,0,20002,0,0.000000e+00,0.000000e+00,466088.4,55316754432.0,281926.9,52.93,50.74
CSV,585008,117000,40,39,0,20202,0,0.000000e+00,0.000000e+00,383006.7,45570002944.0,251168.9,52.59,50.75
CSV,590008,118000,40,39,0,20402,0,0.000000e+00,0.000000e+00,410893.7,53822631936.0,260033.1,53.16,51.17
BER: END_SEQ #40 [LOCK] seq_err=0 BER_seq=0.0000e+00 | lock=40 slip=0 BER_cond=0.0000e+00 BER_cum=0.0000e+00
BER: SYNC #41 (gated)
CSV,595008,119000,41,40,0,20524,0,0.000000e+00,0.000000e+00,473033.5,55470960640.0,302946.6,52.63,50.69
CSV,600008,120000,41,40,0,20725,0,0.000000e+00,0.000000e+00,383845.6,46360637440.0,231522.5,53.02,50.82
CSV,605008,121000,41,40,0,20924,0,0.000000e+00,0.000000e+00,395685.3,54572429312.0,241653.9,53.54,51.40
BER: END_SEQ #41 [LOCK] seq_err=0 BER_seq=0.0000e+00 | lock=41 slip=0 BER_cond=0.0000e+00 BER_cum=0.0000e+00
BER: SYNC #42 (gated)
CSV,610008,122000,42,41,0,21047,0,0.000000e+00,0.000000e+00,461947.6,53813686272.0,273447.2,52.94,50.66
CSV,615008,123000,42,41,0,21247,0,0.000000e+00,0.000000e+00,390869.2,47742328832.0,247914.5,52.85,50.87
CSV,620008,124000,42,41,0,21447,0,0.000000e+00,0.000000e+00,382408.5,53330915328.0,241635.3,53.44,51.44
BER: END_SEQ #42 [LOCK] seq_err=0 BER_seq=0.0000e+00 | lock=42 slip=0 BER_cond=0.0000e+00 BER_cum=0.0000e+00
BER: SYNC #43 (gated)
CSV,625008,125000,43,42,0,21570,0,0.000000e+00,0.000000e+00,484185.8,54936608768.0,298099.6,52.66,50.55
CSV,630008,126000,43,42,0,21770,0,0.000000e+00,0.000000e+00,392889.7,46763335680.0,242080.2,52.86,50.76
CSV,635008,127000,43,42,0,21970,0,0.000000e+00,0.000000e+00,360422.6,55359782912.0,258198.1,53.31,51.86
BER: END_SEQ #43 [LOCK] seq_err=0 BER_seq=0.0000e+00 | lock=43 slip=0 BER_cond=0.0000e+00 BER_cum=0.0000e+00
BER: SYNC #44 (gated)
CSV,640008,128000,44,43,0,22093,0,0.000000e+00,0.000000e+00,495441.4,51017785344.0,293799.7,52.40,50.13
CSV,645008,129000,44,43,0,22293,0,0.000000e+00,0.000000e+00,386512.1,49915142144.0,254537.9,52.92,51.11
BER: END_SEQ #44 [LOCK] seq_err=0 BER_seq=0.0000e+00 | lock=44 slip=0 BER_cond=0.0000e+00 BER_cum=0.0000e+00
CSV,650008,130000,44,44,0,22484,0,0.000000e+00,0.000000e+00,370814.6,53968248832.0,230876.6,53.69,51.63
BER: SYNC #45 (gated)
CSV,655008,131000,45,44,0,22615,0,0.000000e+00,0.000000e+00,468994.5,50173800448.0,279186.4,52.55,50.29
CSV,660008,132000,45,44,0,22815,0,0.000000e+00,0.000000e+00,405234.3,51664465920.0,254503.4,53.07,51.05
BER: END_SEQ #45 [LOCK] seq_err=0 BER_seq=0.0000e+00 | lock=45 slip=0 BER_cond=0.0000e+00 BER_cum=0.0000e+00
CSV,665008,133000,45,45,0,22995,0,0.000000e+00,0.000000e+00,413218.9,54248161280.0,275403.2,52.94,51.18
BER: SYNC #46 (gated)
CSV,670008,134000,46,45,0,23138,0,0.000000e+00,0.000000e+00,436822.2,47323922432.0,278487.4,52.30,50.35
CSV,675008,135000,46,45,0,23338,0,0.000000e+00,0.000000e+00,402097.0,53609213952.0,231604.2,53.64,51.25
BER: END_SEQ #46 [LOCK] seq_err=0 BER_seq=0.0000e+00 | lock=46 slip=0 BER_cond=0.0000e+00 BER_cum=0.0000e+00
CSV,680008,136000,46,46,0,23506,0,0.000000e+00,0.000000e+00,415328.2,53680369664.0,271126.3,52.97,51.11
BER: SYNC #47 (gated)
CSV,685008,137000,47,46,0,23661,0,0.000000e+00,0.000000e+00,420035.7,48731205632.0,250561.5,52.89,50.65
CSV,690008,138000,47,46,0,23861,0,0.000000e+00,0.000000e+00,405371.3,53398495232.0,266200.1,53.02,51.20
BER: END_SEQ #47 [LOCK] seq_err=0 BER_seq=0.0000e+00 | lock=47 slip=0 BER_cond=0.0000e+00 BER_cum=0.0000e+00
CSV,695008,139000,47,47,0,24017,0,0.000000e+00,0.000000e+00,436918.3,53840433152.0,285248.2,52.76,50.91
BER: SYNC #48 (gated)
CSV,700008,140000,48,47,0,24183,0,0.000000e+00,0.000000e+00,406217.0,47051341824.0,262786.4,52.53,50.64
CSV,705008,141000,48,47,0,24383,0,0.000000e+00,0.000000e+00,392311.3,54683987968.0,218120.2,53.99,51.44
BER: END_SEQ #48 [LOCK] seq_err=0 BER_seq=0.0000e+00 | lock=48 slip=0 BER_cond=0.0000e+00 BER_cum=0.0000e+00
CSV,710008,142000,48,48,0,24528,0,0.000000e+00,0.000000e+00,452502.5,52813725696.0,294729.4,52.53,50.67
BER: SYNC #49 (gated)
CSV,715008,143000,49,48,0,24706,0,0.000000e+00,0.000000e+00,385171.8,49399877632.0,234552.4,53.23,51.08
CSV,720008,144000,49,48,0,24906,0,0.000000e+00,0.000000e+00,406794.3,53328093184.0,264570.3,53.04,51.18
BER: END_SEQ #49 [LOCK] seq_err=0 BER_seq=0.0000e+00 | lock=49 slip=0 BER_cond=0.0000e+00 BER_cum=0.0000e+00
CSV,725008,145000,49,49,0,25039,0,0.000000e+00,0.000000e+00,437456.2,54393376768.0,285358.9,52.80,50.95
BER: SYNC #50 (gated)
CSV,730008,146000,50,49,0,25229,0,0.000000e+00,0.000000e+00,390915.6,46948741120.0,240435.3,52.91,50.80
CSV,735008,147000,50,49,0,25429,0,0.000000e+00,0.000000e+00,389197.0,53735645184.0,236488.4,53.56,51.40
BER: END_SEQ #50 [LOCK] seq_err=0 BER_seq=0.0000e+00 | lock=50 slip=0 BER_cond=0.0000e+00 BER_cum=0.0000e+00
BER: SYNC #51 (gated)
CSV,740008,148000,51,50,0,25552,0,0.000000e+00,0.000000e+00,449354.8,53940752384.0,299514.4,52.55,50.79
CSV,745008,149000,51,50,0,25752,0,0.000000e+00,0.000000e+00,395021.5,47816216576.0,234386.0,53.10,50.83
CSV,750008,150000,51,50,0,25951,0,0.000000e+00,0.000000e+00,393808.3,52800024576.0,259698.8,53.08,51.27
BER: END_SEQ #51 [LOCK] seq_err=0 BER_seq=0.0000e+00 | lock=51 slip=0 BER_cond=0.0000e+00 BER_cum=0.0000e+00
BER: SYNC #52 (gated)
CSV,755008,151000,52,51,0,26074,0,0.000000e+00,0.000000e+00,433015.3,56588705792.0,266022.1,53.28,51.16
CSV,760008,152000,52,51,0,26274,0,0.000000e+00,0.000000e+00,394643.1,46479564800.0,233136.9,53.00,50.71
CSV,765008,153000,52,51,0,26474,0,0.000000e+00,0.000000e+00,387537.5,53549690880.0,237385.0,53.53,51.40
BER: END_SEQ #52 [LOCK] seq_err=0 BER_seq=0.0000e+00 | lock=52 slip=0 BER_cond=0.0000e+00 BER_cum=0.0000e+00
BER: SYNC #53 (gated)
CSV,770008,154000,53,52,0,26597,0,0.000000e+00,0.000000e+00,443944.3,54026805248.0,290972.3,52.69,50.85
CSV,775008,155000,53,52,0,26797,0,0.000000e+00,0.000000e+00,420529.1,47425159168.0,241238.3,52.94,50.52
CSV,780008,156000,53,52,0,26997,0,0.000000e+00,0.000000e+00,383644.5,52685283328.0,246830.5,53.29,51.38
BER: END_SEQ #53 [LOCK] seq_err=0 BER_seq=0.0000e+00 | lock=53 slip=0 BER_cond=0.0000e+00 BER_cum=0.0000e+00
BER: SYNC #54 (gated)
CSV,785008,157000,54,53,0,27120,0,0.000000e+00,0.000000e+00,455581.9,54520385536.0,260352.6,53.21,50.78
CSV,790008,158000,54,53,0,27320,0,0.000000e+00,0.000000e+00,413842.3,47856996352.0,236560.8,53.06,50.63
CSV,795008,159000,54,53,0,27519,0,0.000000e+00,0.000000e+00,388748.5,53447315456.0,250294.2,53.29,51.38
BER: END_SEQ #54 [LOCK] seq_err=0 BER_seq=0.0000e+00 | lock=54 slip=0 BER_cond=0.0000e+00 BER_cum=0.0000e+00
BER: SYNC #55 (gated)
CSV,800008,160000,55,54,0,27643,0,0.000000e+00,0.000000e+00,456143.4,53192581120.0,290963.4,52.62,50.67
CSV,805008,161000,55,54,0,27842,0,0.000000e+00,0.000000e+00,418486.3,48800456704.0,252582.5,52.86,50.67
CSV,810008,162000,55,54,0,28042,0,0.000000e+00,0.000000e+00,387356.9,52225560576.0,238741.7,53.40,51.30
BER: END_SEQ #55 [LOCK] seq_err=0 BER_seq=0.0000e+00 | lock=55 slip=0 BER_cond=0.0000e+00 BER_cum=0.0000e+00
BER: SYNC #56 (gated)
CSV,815008,163000,56,55,0,28165,0,0.000000e+00,0.000000e+00,449739.1,54817583104.0,267602.4,53.11,50.86
CSV,820008,164000,56,55,0,28365,0,0.000000e+00,0.000000e+00,395816.4,46689603584.0,232531.9,53.03,50.72
CSV,825008,165000,56,55,0,28565,0,0.000000e+00,0.000000e+00,406290.6,53524353024.0,263779.8,53.07,51.20
BER: END_SEQ #56 [LOCK] seq_err=0 BER_seq=0.0000e+00 | lock=56 slip=0 BER_cond=0.0000e+00 BER_cum=0.0000e+00
BER: SYNC #57 (gated)
CSV,830008,166000,57,56,0,28688,0,0.000000e+00,0.000000e+00,462395.0,55586156544.0,292167.2,52.79,50.80
CSV,835008,167000,57,56,0,28888,0,0.000000e+00,0.000000e+00,410642.1,45568708608.0,253123.9,52.55,50.45
CSV,840008,168000,57,56,0,29088,0,0.000000e+00,0.000000e+00,393047.2,53300371456.0,236835.7,53.52,51.32
BER: END_SEQ #57 [LOCK] seq_err=0 BER_seq=0.0000e+00 | lock=57 slip=0 BER_cond=0.0000e+00 BER_cum=0.0000e+00
BER: SYNC #58 (gated)
CSV,845008,169000,58,57,0,29211,0,0.000000e+00,0.000000e+00,464875.0,55726227456.0,280340.8,52.98,50.79
CSV,850008,170000,58,57,0,29411,0,0.000000e+00,0.000000e+00,400401.4,45802803200.0,232398.4,52.95,50.58
CSV,855008,171000,58,57,0,29610,0,0.000000e+00,0.000000e+00,386708.0,55076261888.0,256776.5,53.31,51.54
BER: END_SEQ #58 [LOCK] seq_err=0 BER_seq=0.0000e+00 | lock=58 slip=0 BER_cond=0.0000e+00 BER_cum=0.0000e+00
BER: SYNC #59 (gated)
CSV,860008,172000,59,58,0,29733,0,0.000000e+00,0.000000e+00,458493.0,53407883264.0,275594.6,52.87,50.66
CSV,865008,173000,59,58,0,29933,0,0.000000e+00,0.000000e+00,408909.2,47600103424.0,261648.6,52.60,50.66
CSV,870008,174000,59,58,0,30133,0,0.000000e+00,0.000000e+00,387546.6,53276680192.0,225621.3,53.73,51.38
BER: END_SEQ #59 [LOCK] seq_err=0 BER_seq=0.0000e+00 | lock=59 slip=0 BER_cond=0.0000e+00 BER_cum=0.0000e+00
BER: SYNC #60 (gated)
CSV,875008,175000,60,59,0,30256,0,0.000000e+00,0.000000e+00,467787.4,55017279488.0,285025.0,52.86,50.70
CSV,880008,176000,60,59,0,30456,0,0.000000e+00,0.000000e+00,394566.2,46699028480.0,217184.5,53.32,50.73
CSV,885008,177000,60,59,0,30656,0,0.000000e+00,0.000000e+00,377885.1,55082491904.0,252950.4,53.38,51.64
BER: END_SEQ #60 [LOCK] seq_err=0 BER_seq=0.0000e+00 | lock=60 slip=0 BER_cond=0.0000e+00 BER_cum=0.0000e+00
BER: SYNC #61 (gated)
CSV,890008,178000,61,60,0,30779,0,0.000000e+00,0.000000e+00,482269.7,51850498048.0,281096.6,52.66,50.31
CSV,895008,179000,61,60,0,30979,0,0.000000e+00,0.000000e+00,375671.5,49306767360.0,261771.3,52.75,51.18
BER: END_SEQ #61 [LOCK] seq_err=0 BER_seq=0.0000e+00 | lock=61 slip=0 BER_cond=0.0000e+00 BER_cum=0.0000e+00
CSV,900008,180000,61,61,0,31171,0,0.000000e+00,0.000000e+00,374972.4,54575894528.0,225487.9,53.84,51.63
BER: SYNC #62 (gated)
CSV,905008,181000,62,61,0,31301,0,0.000000e+00,0.000000e+00,460800.5,49836220416.0,294306.9,52.29,50.34
CSV,910008,182000,62,61,0,31501,0,0.000000e+00,0.000000e+00,393257.2,51152809984.0,210952.1,53.85,51.14
BER: END_SEQ #62 [LOCK] seq_err=0 BER_seq=0.0000e+00 | lock=62 slip=0 BER_cond=0.0000e+00 BER_cum=0.0000e+00
CSV,915008,183000,62,62,0,31682,0,0.000000e+00,0.000000e+00,396798.7,54128287744.0,259826.2,53.19,51.35
BER: SYNC #63 (gated)
CSV,920008,184000,63,62,0,31824,0,0.000000e+00,0.000000e+00,426502.7,47711002624.0,250777.0,52.79,50.49
CSV,925008,185000,63,62,0,32024,0,0.000000e+00,0.000000e+00,393844.9,53005414400.0,264377.7,53.02,51.29
BER: END_SEQ #63 [LOCK] seq_err=0 BER_seq=0.0000e+00 | lock=63 slip=0 BER_cond=0.0000e+00 BER_cum=0.0000e+00
CSV,930008,186000,63,63,0,32193,0,0.000000e+00,0.000000e+00,410199.4,53708263424.0,262930.7,53.10,51.17
BER: SYNC #64 (gated)
CSV,935008,187000,64,63,0,32347,0,0.000000e+00,0.000000e+00,408963.2,48310382592.0,263974.9,52.62,50.72
CSV,940008,188000,64,63,0,32547,0,0.000000e+00,0.000000e+00,403970.2,53501562880.0,219919.9,53.86,51.22
BER: END_SEQ #64 [LOCK] seq_err=0 BER_seq=0.0000e+00 | lock=64 slip=0 BER_cond=0.0000e+00 BER_cum=0.0000e+00
CSV,945008,189000,64,64,0,32704,0,0.000000e+00,0.000000e+00,431148.0,53810712576.0,277703.8,52.87,50.96
BER: SYNC #65 (gated)
CSV,950008,190000,65,64,0,32870,0,0.000000e+00,0.000000e+00,398265.0,47782428672.0,237749.8,53.03,50.79
CSV,955008,191000,65,64,0,33069,0,0.000000e+00,0.000000e+00,396615.4,53896007680.0,261960.2,53.13,51.33
BER: END_SEQ #65 [LOCK] seq_err=0 BER_seq=0.0000e+00 | lock=65 slip=0 BER_cond=0.0000e+00 BER_cum=0.0000e+00
CSV,960008,192000,65,65,0,33215,0,0.000000e+00,0.000000e+00,457293.7,53137031168.0,295431.9,52.55,50.65
BER: SYNC #66 (gated)
CSV,965008,193000,66,65,0,33392,0,0.000000e+00,0.000000e+00,401900.2,49094787072.0,241439.5,53.08,50.87
CSV,970008,194000,66,65,0,33592,0,0.000000e+00,0.000000e+00,404526.5,53615480832.0,232680.8,53.63,51.22
BER: END_SEQ #66 [LOCK] seq_err=0 BER_seq=0.0000e+00 | lock=66 slip=0 BER_cond=0.0000e+00 BER_cum=0.0000e+00
CSV,975008,195000,66,66,0,33726,0,0.000000e+00,0.000000e+00,440949.5,53986725888.0,279652.5,52.86,50.88
BER: SYNC #67 (gated)
CSV,980008,196000,67,66,0,33915,0,0.000000e+00,0.000000e+00,394965.8,47282499584.0,229996.1,53.13,50.78
CSV,985008,197000,67,66,0,34115,0,0.000000e+00,0.000000e+00,402240.3,53242560512.0,259796.1,53.12,51.22
BER: END_SEQ #67 [LOCK] seq_err=0 BER_seq=0.0000e+00 | lock=67 slip=0 BER_cond=0.0000e+00 BER_cum=0.0000e+00
BER: SYNC #68 (gated)
CSV,990008,198000,68,67,0,34238,0,0.000000e+00,0.000000e+00,461345.7,54613504000.0,297811.2,52.63,50.73
CSV,995008,199000,68,67,0,34438,0,0.000000e+00,0.000000e+00,386055.6,46997692416.0,226977.7,53.16,50.85
CSV,1000008,200000,68,67,0,34637,0,0.000000e+00,0.000000e+00,416883.2,53709164544.0,255531.6,53.23,51.10
BER: END_SEQ #68 [LOCK] seq_err=0 BER_seq=0.0000e+00 | lock=68 slip=0 BER_cond=0.0000e+00 BER_cum=0.0000e+00
BER: SYNC #69 (gated)
CSV,1005008,201000,69,68,0,34760,0,0.000000e+00,0.000000e+00,441885.0,55555661824.0,266876.2,53.18,50.99
CSV,1010008,202000,69,68,0,34960,0,0.000000e+00,0.000000e+00,388875.6,47308111872.0,242552.1,52.90,50.85
CSV,1015008,203000,69,68,0,35160,0,0.000000e+00,0.000000e+00,421083.6,53244084224.0,239300.7,53.47,51.02
BER: END_SEQ #69 [LOCK] seq_err=0 BER_seq=0.0000e+00 | lock=69 slip=0 BER_cond=0.0000e+00 BER_cum=0.0000e+00
BER: SYNC #70 (gated)
CSV,1020008,204000,70,69,0,35283,0,0.000000e+00,0.000000e+00,439409.1,54431395840.0,285518.2,52.80,50.93
CSV,1025008,205000,70,69,0,35483,0,0.000000e+00,0.000000e+00,392256.2,46958575616.0,238672.1,52.94,50.78
CSV,1030008,206000,70,69,0,35683,0,0.000000e+00,0.000000e+00,398106.2,53325307904.0,246261.9,53.36,51.27
BER: END_SEQ #70 [LOCK] seq_err=0 BER_seq=0.0000e+00 | lock=70 slip=0 BER_cond=0.0000e+00 BER_cum=0.0000e+00
BER: SYNC #71 (gated)
CSV,1035008,207000,71,70,0,35806,0,0.000000e+00,0.000000e+00,465214.8,54188097536.0,296561.3,52.62,50.66
CSV,1040008,208000,71,70,0,36006,0,0.000000e+00,0.000000e+00,383656.9,48617041920.0,232048.3,53.21,51.03
CSV,1045008,209000,71,70,0,36206,0,0.000000e+00,0.000000e+00,415910.3,53095522304.0,225850.8,53.71,51.06
BER: END_SEQ #71 [LOCK] seq_err=0 BER_seq=0.0000e+00 | lock=71 slip=0 BER_cond=0.0000e+00 BER_cum=0.0000e+00
BER: SYNC #72 (gated)
CSV,1050008,210000,72,71,0,36329,0,0.000000e+00,0.000000e+00,475849.8,53507993600.0,279001.9,52.83,50.51
CSV,1055008,211000,72,71,0,36528,0,0.000000e+00,0.000000e+00,387585.2,48799961088.0,262138.0,52.70,51.00
CSV,1060008,212000,72,71,0,36728,0,0.000000e+00,0.000000e+00,416618.7,52901703680.0,247008.2,53.31,51.04
BER: END_SEQ #72 [LOCK] seq_err=0 BER_seq=0.0000e+00 | lock=72 slip=0 BER_cond=0.0000e+00 BER_cum=0.0000e+00
BER: SYNC #73 (gated)
CSV,1065008,213000,73,72,0,36851,0,0.000000e+00,0.000000e+00,469864.4,53651169280.0,284650.3,52.75,50.58
CSV,1070008,214000,73,72,0,37051,0,0.000000e+00,0.000000e+00,393161.1,47379582976.0,219540.2,53.34,50.81
CSV,1075008,215000,73,72,0,37251,0,0.000000e+00,0.000000e+00,441463.2,53113159680.0,244496.0,53.37,50.80
BER: END_SEQ #73 [LOCK] seq_err=0 BER_seq=0.0000e+00 | lock=73 slip=0 BER_cond=0.0000e+00 BER_cum=0.0000e+00
BER: SYNC #74 (gated)
CSV,1080008,216000,74,73,0,37374,0,0.000000e+00,0.000000e+00,453015.5,55963910144.0,264868.3,53.25,50.92
CSV,1085008,217000,74,73,0,37574,0,0.000000e+00,0.000000e+00,402474.2,45113634816.0,247715.6,52.60,50.50
CSV,1090008,218000,74,73,0,37774,0,0.000000e+00,0.000000e+00,435434.8,53601918976.0,244917.8,53.40,50.90
BER: END_SEQ #74 [LOCK] seq_err=0 BER_seq=0.0000e+00 | lock=74 slip=0 BER_cond=0.0000e+00 BER_cum=0.0000e+00
BER: SYNC #75 (gated)
CSV,1095008,219000,75,74,0,37897,0,0.000000e+00,0.000000e+00,482822.9,55504293888.0,291528.8,52.80,50.61
CSV,1100008,220000,75,74,0,38097,0,0.000000e+00,0.000000e+00,417747.2,46116220928.0,234416.5,52.94,50.43
CSV,1105008,221000,75,74,0,38297,0,0.000000e+00,0.000000e+00,421686.3,54417178624.0,242706.3,53.51,51.11
BER: END_SEQ #75 [LOCK] seq_err=0 BER_seq=0.0000e+00 | lock=75 slip=0 BER_cond=0.0000e+00 BER_cum=0.0000e+00
BER: SYNC #76 (gated)
CSV,1110008,222000,76,75,0,38419,0,0.000000e+00,0.000000e+00,471748.2,54721155072.0,288050.1,52.79,50.64
CSV,1115008,223000,76,75,0,38619,0,0.000000e+00,0.000000e+00,423183.8,46967320576.0,227805.0,53.14,50.45
CSV,1120008,224000,76,75,0,38819,0,0.000000e+00,0.000000e+00,439102.5,54067879936.0,251766.9,53.32,50.90
BER: END_SEQ #76 [LOCK] seq_err=0 BER_seq=0.0000e+00 | lock=76 slip=0 BER_cond=0.0000e+00 BER_cum=0.0000e+00
BER: SYNC #77 (gated)
CSV,1125008,225000,77,76,0,38942,0,0.000000e+00,0.000000e+00,452844.1,54686679040.0,280078.6,52.91,50.82
CSV,1130008,226000,77,76,0,39142,0,0.000000e+00,0.000000e+00,401641.7,47032053760.0,260038.4,52.57,50.69
CSV,1135008,227000,77,76,0,39342,0,0.000000e+00,0.000000e+00,422952.0,54301573120.0,228757.7,53.75,51.09
BER: END_SEQ #77 [LOCK] seq_err=0 BER_seq=0.0000e+00 | lock=77 slip=0 BER_cond=0.0000e+00 BER_cum=0.0000e+00
BER: SYNC #78 (gated)
CSV,1140008,228000,78,77,0,39465,0,0.000000e+00,0.000000e+00,470206.0,53701611520.0,295000.6,52.60,50.58
CSV,1145008,229000,78,77,0,39665,0,0.000000e+00,0.000000e+00,383176.5,48033841152.0,214401.3,53.50,50.98
BER: END_SEQ #78 [LOCK] seq_err=0 BER_seq=0.0000e+00 | lock=78 slip=0 BER_cond=0.0000e+00 BER_cum=0.0000e+00
CSV,1150008,230000,78,78,0,39858,0,0.000000e+00,0.000000e+00,421305.9,55616552960.0,240557.1,53.64,51.21
BER: SYNC #79 (gated)
CSV,1155008,231000,79,78,0,39988,0,0.000000e+00,0.000000e+00,474566.4,49324544000.0,275193.4,52.53,50.17
CSV,1160008,232000,79,78,0,40187,0,0.000000e+00,0.000000e+00,378464.8,51807461376.0,252149.0,53.13,51.36
BER: END_SEQ #79 [LOCK] seq_err=0 BER_seq=0.0000e+00 | lock=79 slip=0 BER_cond=0.0000e+00 BER_cum=0.0000e+00
CSV,1165008,233000,79,79,0,40369,0,0.000000e+00,0.000000e+00,444179.7,53813153792.0,279162.4,52.85,50.83
BER: SYNC #80 (gated)
CSV,1170008,234000,80,79,0,40510,0,0.000000e+00,0.000000e+00,455335.0,49266720768.0,273211.2,52.56,50.34
CSV,1175008,235000,80,79,0,40710,0,0.000000e+00,0.000000e+00,402477.1,52130148352.0,248959.5,53.21,51.12
BER: END_SEQ #80 [LOCK] seq_err=0 BER_seq=0.0000e+00 | lock=80 slip=0 BER_cond=0.0000e+00 BER_cum=0.0000e+00
CSV,1180008,236000,80,80,0,40880,0,0.000000e+00,0.000000e+00,444703.9,54842859520.0,253437.4,53.35,50.91
BER: SYNC #81 (gated)
CSV,1185008,237000,81,80,0,41033,0,0.000000e+00,0.000000e+00,414114.3,47601475584.0,253738.2,52.73,50.61
CSV,1190008,238000,81,80,0,41233,0,0.000000e+00,0.000000e+00,434323.7,54600916992.0,237383.1,53.62,50.99
BER: END_SEQ #81 [LOCK] seq_err=0 BER_seq=0.0000e+00 | lock=81 slip=0 BER_cond=0.0000e+00 BER_cum=0.0000e+00
CSV,1195008,239000,81,81,0,41391,0,0.000000e+00,0.000000e+00,426171.5,52982243328.0,287331.0,52.66,50.95
BER: SYNC #82 (gated)
CSV,1200008,240000,82,81,0,41556,0,0.000000e+00,0.000000e+00,390827.6,48182497280.0,238946.9,53.05,50.91
CSV,1205008,241000,82,81,0,41756,0,0.000000e+00,0.000000e+00,400278.4,53619335168.0,265417.0,53.05,51.27
BER: END_SEQ #82 [LOCK] seq_err=0 BER_seq=0.0000e+00 | lock=82 slip=0 BER_cond=0.0000e+00 BER_cum=0.0000e+00
CSV,1210008,242000,82,82,0,41902,0,0.000000e+00,0.000000e+00,453944.3,54170710016.0,278799.2,52.88,50.77
BER: SYNC #83 (gated)
CSV,1215008,243000,83,82,0,42078,0,0.000000e+00,0.000000e+00,387421.8,48352014336.0,246292.0,52.93,50.96
CSV,1220008,244000,83,82,0,42278,0,0.000000e+00,0.000000e+00,398904.3,54676045824.0,224796.5,53.86,51.37
BER: END_SEQ #83 [LOCK] seq_err=0 BER_seq=0.0000e+00 | lock=83 slip=0 BER_cond=0.0000e+00 BER_cum=0.0000e+00
CSV,1225008,245000,83,83,0,42413,0,0.000000e+00,0.000000e+00,445767.4,52650627072.0,290241.2,52.59,50.72
BER: SYNC #84 (gated)
CSV,1230008,246000,84,83,0,42601,0,0.000000e+00,0.000000e+00,384659.5,48567640064.0,227956.9,53.28,51.01
CSV,1235008,247000,84,83,0,42801,0,0.000000e+00,0.000000e+00,399329.6,52547973120.0,259863.8,53.06,51.19
BER: END_SEQ #84 [LOCK] seq_err=0 BER_seq=0.0000e+00 | lock=84 slip=0 BER_cond=0.0000e+00 BER_cum=0.0000e+00
BER: SYNC #85 (gated)
CSV,1240008,248000,85,84,0,42924,0,0.000000e+00,0.000000e+00,463949.1,55827046400.0,301079.0,52.68,50.80
CSV,1245008,249000,85,84,0,43124,0,0.000000e+00,0.000000e+00,386505.5,46275002368.0,226371.2,53.11,50.78
CSV,1250008,250000,85,84,0,43324,0,0.000000e+00,0.000000e+00,405925.2,54705258496.0,248568.8,53.43,51.30
BER: END_SEQ #85 [LOCK] seq_err=0 BER_seq=0.0000e+00 | lock=85 slip=0 BER_cond=0.0000e+00 BER_cum=0.0000e+00
BER: SYNC #86 (gated)
CSV,1255008,251000,86,85,0,43447,0,0.000000e+00,0.000000e+00,441157.3,54193201152.0,262167.2,53.15,50.89
CSV,1260008,252000,86,85,0,43646,0,0.000000e+00,0.000000e+00,384805.5,48349384704.0,240595.3,53.03,50.99
CSV,1265008,253000,86,85,0,43846,0,0.000000e+00,0.000000e+00,425759.9,53197234176.0,234927.7,53.55,50.97
BER: END_SEQ #86 [LOCK] seq_err=0 BER_seq=0.0000e+00 | lock=86 slip=0 BER_cond=0.0000e+00 BER_cum=0.0000e+00
BER: SYNC #87 (gated)
CSV,1270008,254000,87,86,0,43969,0,0.000000e+00,0.000000e+00,445939.8,55663616000.0,283639.1,52.93,50.96
CSV,1275008,255000,87,86,0,44169,0,0.000000e+00,0.000000e+00,385952.8,45829693440.0,239078.5,52.83,50.75
CSV,1280008,256000,87,86,0,44369,0,0.000000e+00,0.000000e+00,414800.9,54260543488.0,249793.3,53.37,51.17
BER: END_SEQ #87 [LOCK] seq_err=0 BER_seq=0.0000e+00 | lock=87 slip=0 BER_cond=0.0000e+00 BER_cum=0.0000e+00
BER: SYNC #88 (gated)
CSV,1285008,257000,88,87,0,44492,0,0.000000e+00,0.000000e+00,469415.8,53547843584.0,295158.0,52.59,50.57
CSV,1290008,258000,88,87,0,44692,0,0.000000e+00,0.000000e+00,381842.5,49887428608.0,227819.6,53.40,51.16
CSV,1295008,259000,88,87,0,44892,0,0.000000e+00,0.000000e+00,430287.9,52029689856.0,241395.8,53.34,50.82
BER: END_SEQ #88 [LOCK] seq_err=0 BER_seq=0.0000e+00 | lock=88 slip=0 BER_cond=0.0000e+00 BER_cum=0.0000e+00
BER: SYNC #89 (gated)
CSV,1300008,260000,89,88,0,45014,0,0.000000e+00,0.000000e+00,473091.8,54692081664.0,265919.4,53.13,50.63
CSV,1305008,261000,89,88,0,45215,0,0.000000e+00,0.000000e+00,399479.0,48619659264.0,259146.1,52.73,50.85
CSV,1310008,262000,89,88,0,45414,0,0.000000e+00,0.000000e+00,426683.7,53791109120.0,242002.1,53.47,51.01
BER: END_SEQ #89 [LOCK] seq_err=0 BER_seq=0.0000e+00 | lock=89 slip=0 BER_cond=0.0000e+00 BER_cum=0.0000e+00
BER: SYNC #90 (gated)
CSV,1315008,263000,90,89,0,45537,0,0.000000e+00,0.000000e+00,474008.3,53049942016.0,287607.8,52.66,50.49
CSV,1320008,264000,90,89,0,45737,0,0.000000e+00,0.000000e+00,404478.8,47751172096.0,227878.2,53.21,50.72
CSV,1325008,265000,90,89,0,45937,0,0.000000e+00,0.000000e+00,430500.2,53013811200.0,252712.7,53.22,50.90
BER: END_SEQ #90 [LOCK] seq_err=0 BER_seq=0.0000e+00 | lock=90 slip=0 BER_cond=0.0000e+00 BER_cum=0.0000e+00
BER: SYNC #91 (gated)
CSV,1330008,266000,91,90,0,46060,0,0.000000e+00,0.000000e+00,488714.8,57064542208.0,283704.2,53.04,50.67
CSV,1335008,267000,91,90,0,46260,0,0.000000e+00,0.000000e+00,414880.2,45253160960.0,230292.9,52.93,50.38
CSV,1340008,268000,91,90,0,46460,0,0.000000e+00,0.000000e+00,427655.5,53759340544.0,253425.6,53.27,50.99
BER: END_SEQ #91 [LOCK] seq_err=0 BER_seq=0.0000e+00 | lock=91 slip=0 BER_cond=0.0000e+00 BER_cum=0.0000e+00
BER: SYNC #92 (gated)
CSV,1345008,269000,92,91,0,46583,0,0.000000e+00,0.000000e+00,477960.3,54839365632.0,289012.8,52.78,50.60
CSV,1350008,270000,92,91,0,46783,0,0.000000e+00,0.000000e+00,411770.3,46664413184.0,262918.7,52.49,50.54
CSV,1355008,271000,92,91,0,46982,0,0.000000e+00,0.000000e+00,420866.8,53905887232.0,235916.2,53.59,51.07
BER: END_SEQ #92 [LOCK] seq_err=0 BER_seq=0.0000e+00 | lock=92 slip=0 BER_cond=0.0000e+00 BER_cum=0.0000e+00
BER: SYNC #93 (gated)
CSV,1360008,272000,93,92,0,47105,0,0.000000e+00,0.000000e+00,458587.1,55589855232.0,274057.8,53.07,50.84
CSV,1365008,273000,93,92,0,47305,0,0.000000e+00,0.000000e+00,391449.7,46448398336.0,214794.9,53.35,50.74
CSV,1370008,274000,93,92,0,47505,0,0.000000e+00,0.000000e+00,437539.2,54483034112.0,254643.3,53.30,50.95
BER: END_SEQ #93 [LOCK] seq_err=0 BER_seq=0.0000e+00 | lock=93 slip=0 BER_cond=0.0000e+00 BER_cum=0.0000e+00
BER: SYNC #94 (gated)
CSV,1375008,275000,94,93,0,47628,0,0.000000e+00,0.000000e+00,482947.2,54518153216.0,280910.1,52.88,50.53
CSV,1380008,276000,94,93,0,47828,0,0.000000e+00,0.000000e+00,379658.1,47499333632.0,242020.5,52.93,50.97
CSV,1385008,277000,94,93,0,48028,0,0.000000e+00,0.000000e+00,412725.2,53717856256.0,257986.4,53.19,51.14
BER: END_SEQ #94 [LOCK] seq_err=0 BER_seq=0.0000e+00 | lock=94 slip=0 BER_cond=0.0000e+00 BER_cum=0.0000e+00
BER: SYNC #95 (gated)
CSV,1390008,278000,95,94,0,48151,0,0.000000e+00,0.000000e+00,495933.7,54369058816.0,307421.4,52.48,50.40
CSV,1395008,279000,95,94,0,48351,0,0.000000e+00,0.000000e+00,391226.9,47125938176.0,247074.1,52.80,50.81
BER: END_SEQ #95 [LOCK] seq_err=0 BER_seq=0.0000e+00 | lock=95 slip=0 BER_cond=0.0000e+00 BER_cum=0.0000e+00
CSV,1400008,280000,95,95,0,48545,0,0.000000e+00,0.000000e+00,394704.8,56495443968.0,218111.6,54.13,51.56
BER: SYNC #96 (gated)
CSV,1405008,281000,96,95,0,48673,0,0.000000e+00,0.000000e+00,469788.0,48772456448.0,286636.0,52.31,50.16
CSV,1410008,282000,96,95,0,48873,0,0.000000e+00,0.000000e+00,404204.3,52046917632.0,224308.0,53.66,51.10
BER: END_SEQ #96 [LOCK] seq_err=0 BER_seq=0.0000e+00 | lock=96 slip=0 BER_cond=0.0000e+00 BER_cum=0.0000e+00
CSV,1415008,283000,96,96,0,49056,0,0.000000e+00,0.000000e+00,399740.2,53608050688.0,264155.2,53.07,51.27
BER: SYNC #97 (gated)
CSV,1420008,284000,97,96,0,49196,0,0.000000e+00,0.000000e+00,433124.5,49245425664.0,261486.5,52.75,50.56
CSV,1425008,285000,97,96,0,49396,0,0.000000e+00,0.000000e+00,384424.7,51512549376.0,260444.9,52.96,51.27
BER: END_SEQ #97 [LOCK] seq_err=0 BER_seq=0.0000e+00 | lock=97 slip=0 BER_cond=0.0000e+00 BER_cum=0.0000e+00
CSV,1430008,286000,97,97,0,49567,0,0.000000e+00,0.000000e+00,419734.0,54892568576.0,266897.3,53.13,51.17
BER: SYNC #98 (gated)
CSV,1435008,287000,98,97,0,49719,0,0.000000e+00,0.000000e+00,416934.2,47373963264.0,264633.4,52.53,50.55
CSV,1440008,288000,98,97,0,49919,0,0.000000e+00,0.000000e+00,396175.2,54559862784.0,232291.5,53.71,51.39
BER: END_SEQ #98 [LOCK] seq_err=0 BER_seq=0.0000e+00 | lock=98 slip=0 BER_cond=0.0000e+00 BER_cum=0.0000e+00
CSV,1445008,289000,98,98,0,50078,0,0.000000e+00,0.000000e+00,419150.7,52453126144.0,266638.2,52.94,50.97
BER: SYNC #99 (gated)
CSV,1450008,290000,99,98,0,50241,0,0.000000e+00,0.000000e+00,411681.1,48060788736.0,243841.1,52.95,50.67
CSV,1455008,291000,99,98,0,50442,0,0.000000e+00,0.000000e+00,405991.0,53357293568.0,257842.5,53.16,51.19
BER: END_SEQ #99 [LOCK] seq_err=0 BER_seq=0.0000e+00 | lock=99 slip=0 BER_cond=0.0000e+00 BER_cum=0.0000e+00
CSV,1460008,292000,99,99,0,50589,0,0.000000e+00,0.000000e+00,452534.0,54484013056.0,292458.1,52.70,50.81
BER: SYNC #100 (gated)
CSV,1465008,293000,100,99,0,50764,0,0.000000e+00,0.000000e+00,396568.2,47967289344.0,233697.9,53.12,50.83
CSV,1470008,294000,100,99,0,50964,0,0.000000e+00,0.000000e+00,407780.8,54793981952.0,253239.3,53.35,51.28
BER: END_SEQ #100 [LOCK] seq_err=0 BER_seq=0.0000e+00 | lock=100 slip=0 BER_cond=0.0000e+00 BER_cum=0.0000e+00
CSV,1475008,295000,100,100,0,51100,0,0.000000e+00,0.000000e+00,452657.8,51874557952.0,281476.0,52.66,50.59
BER: SYNC #101 (gated)
CSV,1480008,296000,101,100,0,51287,0,0.000000e+00,0.000000e+00,380998.2,48776196096.0,232339.0,53.22,51.07
CSV,1485008,297000,101,100,0,51487,0,0.000000e+00,0.000000e+00,409869.2,52326170624.0,233875.8,53.50,51.06
BER: END_SEQ #101 [LOCK] seq_err=0 BER_seq=0.0000e+00 | lock=101 slip=0 BER_cond=0.0000e+00 BER_cum=0.0000e+00
CSV,1490008,298000,101,101,0,51611,0,0.000000e+00,0.000000e+00,474529.6,56072454144.0,300815.9,52.70,50.72
BER: SYNC #102 (gated)
CSV,1495008,299000,102,101,0,51810,0,0.000000e+00,0.000000e+00,361245.0,46006448128.0,238548.2,52.85,51.05
CSV,1500008,300000,102,101,0,52010,0,0.000000e+00,0.000000e+00,418157.1,54520487936.0,250058.0,53.39,51.15
BER: END_SEQ #102 [LOCK] seq_err=0 BER_seq=0.0000e+00 | lock=102 slip=0 BER_cond=0.0000e+00 BER_cum=0.0000e+00

=========================================
=== END OF TEST (duration=25 min) ===
=========================================
FINAL: syncs=102 lock=102 slip=0 slip_rate=0.0000
FINAL: bits_cum=52122 err_cum=0 BER_cum=0.0000e+00
FINAL: bits_lock=52122 err_lock=0 BER_cond=0.0000e+00
=========================================
=== STOP LOGGING NOW ===
=========================================
