

=== RX BOOT - BER TEST MODE ===
MOD=OOK (20 kHz carrier, adaptive threshold)
BPS_MODE=40 (HALF_SAMPLES=1000, 5000 samples/bit @ 200000 Hz)
Expect: 64-bit preamble + Barker13 (1F35h, gated by 8 preamble bits = 0x55) + 511-bit PRBS-9
Noise floor band: 5000 Hz; lock threshold: BER<0.10
Auto-stop: test will halt 25 min after the first sync.
RX: edge-tracking sync, center-3 voting
Starting decoder...

CSV,5008,1000,0,0,0,0,0,0.000000e+00,0.000000e+00,4220745.5,35786844.0,781150.5,16.61,9.28
BER: SYNC #1 (gated)
CSV,10008,2000,1,0,0,28,0,0.000000e+00,0.000000e+00,4139755.0,37112640.0,761198.0,16.88,9.53
CSV,15008,3000,1,0,0,227,0,0.000000e+00,0.000000e+00,3666645.0,31861400.0,733449.9,16.38,9.39
CSV,20008,4000,1,0,0,427,0,0.000000e+00,0.000000e+00,3801267.5,36026604.0,746672.6,16.83,9.77
BER: END_SEQ #1 [LOCK] seq_err=0 BER_seq=0.0000e+00 | lock=1 slip=0 BER_cond=0.0000e+00 BER_cum=0.0000e+00
BER: SYNC #2 (gated)
CSV,25008,5000,2,1,0,550,0,0.000000e+00,0.000000e+00,3711606.2,36244524.0,686273.8,17.23,9.90
CSV,30008,6000,2,1,0,750,0,0.000000e+00,0.000000e+00,3694569.2,33090874.0,630421.2,17.20,9.52
CSV,35008,7000,2,1,0,950,0,0.000000e+00,0.000000e+00,3618537.2,35360744.0,700950.9,17.03,9.90
BER: END_SEQ #2 [LOCK] seq_err=0 BER_seq=0.0000e+00 | lock=2 slip=0 BER_cond=0.0000e+00 BER_cum=0.0000e+00
BER: SYNC #3 (gated)
CSV,40008,8000,3,2,0,1073,0,0.000000e+00,0.000000e+00,3946218.8,36878560.0,702008.2,17.20,9.71
CSV,45008,9000,3,2,0,1272,63,4.952830e-02,0.000000e+00,3891246.2,32881730.0,650820.2,17.03,9.27
CSV,50008,10000,3,2,0,1472,168,1.141304e-01,0.000000e+00,3844591.8,36233784.0,648447.9,17.47,9.74
BER: END_SEQ #3 [SLIP] seq_err=192 BER_seq=3.7573e-01 | lock=2 slip=1 BER_cond=0.0000e+00 BER_cum=1.2524e-01
BER: SYNC #4 (gated)
CSV,55008,11000,4,2,1,1596,192,1.203008e-01,0.000000e+00,3943410.5,36573160.0,736635.1,16.96,9.67
CSV,60008,12000,4,2,1,1796,192,1.069042e-01,0.000000e+00,3942226.2,31306350.0,696939.8,16.52,9.00
CSV,65008,13000,4,2,1,1995,192,9.624060e-02,0.000000e+00,3937098.8,36414116.0,724102.0,17.01,9.66
BER: END_SEQ #4 [LOCK] seq_err=0 BER_seq=0.0000e+00 | lock=3 slip=1 BER_cond=0.0000e+00 BER_cum=9.3933e-02
BER: SYNC #5 (gated)
CSV,70008,14000,5,3,1,2118,192,9.065156e-02,0.000000e+00,4046461.8,38194740.0,751802.4,17.06,9.75
CSV,75008,15000,5,3,1,2318,192,8.283003e-02,0.000000e+00,4207120.0,31830558.0,800273.7,16.00,8.79
CSV,80008,16000,5,3,1,2518,192,7.625099e-02,0.000000e+00,4143891.5,37695192.0,800086.0,16.73,9.59
BER: END_SEQ #5 [LOCK] seq_err=0 BER_seq=0.0000e+00 | lock=4 slip=1 BER_cond=0.0000e+00 BER_cum=7.5147e-02
BER: SYNC #6 (gated)
CSV,85008,17000,6,4,1,2641,192,7.269973e-02,0.000000e+00,4286968.5,37404868.0,856142.6,16.40,9.41
CSV,90008,18000,6,4,1,2841,192,6.758184e-02,0.000000e+00,4055636.8,32975992.0,831685.8,15.98,9.10
CSV,95008,19000,6,4,1,3041,192,6.313713e-02,0.000000e+00,3901717.5,37515276.0,717131.2,17.19,9.83
BER: END_SEQ #6 [LOCK] seq_err=0 BER_seq=0.0000e+00 | lock=5 slip=1 BER_cond=0.0000e+00 BER_cum=6.2622e-02
BER: SYNC #7 (gated)
CSV,100008,20000,7,5,1,3164,192,6.068268e-02,0.000000e+00,4034498.0,36949404.0,771077.5,16.81,9.62
CSV,105008,21000,7,5,1,3364,192,5.707491e-02,0.000000e+00,4064717.5,33208074.0,739102.3,16.53,9.12
CSV,110008,22000,7,5,1,3564,192,5.387205e-02,0.000000e+00,3963902.5,36917756.0,720109.1,17.10,9.69
BER: END_SEQ #7 [LOCK] seq_err=0 BER_seq=0.0000e+00 | lock=6 slip=1 BER_cond=0.0000e+00 BER_cum=5.3676e-02
BER: SYNC #8 (gated)
CSV,115008,23000,8,6,1,3686,192,5.208899e-02,0.000000e+00,3715757.8,36657572.0,689808.9,17.25,9.94
CSV,120008,24000,8,6,1,3886,192,4.940813e-02,0.000000e+00,3874806.5,32534214.0,703510.0,16.65,9.24
CSV,125008,25000,8,6,1,4086,192,4.698972e-02,0.000000e+00,3865575.5,38838256.0,713155.9,17.36,10.02
BER: END_SEQ #8 [LOCK] seq_err=0 BER_seq=0.0000e+00 | lock=7 slip=1 BER_cond=0.0000e+00 BER_cum=4.6967e-02
BER: SYNC #9 (gated)
CSV,130008,26000,9,7,1,4209,192,4.561654e-02,0.000000e+00,4006263.2,35761180.0,751025.9,16.78,9.51
CSV,135008,27000,9,7,1,4409,192,4.354729e-02,0.000000e+00,3828915.5,34764724.0,732216.4,16.76,9.58
BER: END_SEQ #9 [LOCK] seq_err=0 BER_seq=0.0000e+00 | lock=8 slip=1 BER_cond=0.0000e+00 BER_cum=4.1748e-02
CSV,140008,28000,9,8,1,4599,192,4.174821e-02,0.000000e+00,3746951.5,37403368.0,715609.1,17.18,9.99
BER: SYNC #10 (gated)
CSV,145008,29000,10,8,1,4732,192,4.057481e-02,0.000000e+00,3761975.2,34456236.0,670370.0,17.11,9.62
CSV,150008,30000,10,8,1,4932,192,3.892944e-02,0.000000e+00,3949065.8,35066680.0,724178.1,16.85,9.48
BER: END_SEQ #10 [LOCK] seq_err=0 BER_seq=0.0000e+00 | lock=9 slip=1 BER_cond=0.0000e+00 BER_cum=3.7573e-02
CSV,155008,31000,10,9,1,5110,192,3.757339e-02,0.000000e+00,3825452.8,37989324.0,728658.1,17.17,9.97
BER: SYNC #11 (gated)
CSV,160008,32000,11,9,1,5255,192,3.653663e-02,0.000000e+00,3533785.8,32377238.0,752529.0,16.34,9.62
CSV,165008,33000,11,9,1,5455,192,3.519707e-02,0.000000e+00,2781464.0,36051920.0,811357.8,16.48,11.13
BER: END_SEQ #11 [LOCK] seq_err=0 BER_seq=0.0000e+00 | lock=10 slip=1 BER_cond=0.0000e+00 BER_cum=3.4158e-02
CSV,170008,34000,11,10,1,5621,192,3.415762e-02,0.000000e+00,2912462.2,35836128.0,822766.4,16.39,10.90
BER: SYNC #12 (gated)
CSV,175008,35000,12,10,1,5777,192,3.323524e-02,0.000000e+00,2909927.8,32555350.0,817916.3,16.00,10.49
CSV,180008,36000,12,10,1,5977,192,3.212314e-02,0.000000e+00,2905663.2,36022840.0,836517.7,16.34,10.93
BER: END_SEQ #12 [LOCK] seq_err=0 BER_seq=0.0000e+00 | lock=11 slip=1 BER_cond=0.0000e+00 BER_cum=3.1311e-02
CSV,185008,37000,12,11,1,6132,192,3.131115e-02,0.000000e+00,2888731.5,36334944.0,839877.4,16.36,11.00
BER: SYNC #13 (gated)
CSV,190008,38000,13,11,1,6300,192,3.047619e-02,0.000000e+00,2949730.5,32674682.0,825769.4,15.97,10.44
CSV,195008,39000,13,11,1,6500,192,2.953846e-02,0.000000e+00,2943489.0,35756600.0,885927.4,16.06,10.84
BER: END_SEQ #13 [LOCK] seq_err=0 BER_seq=0.0000e+00 | lock=12 slip=1 BER_cond=0.0000e+00 BER_cum=2.8903e-02
CSV,200008,40000,13,12,1,6643,192,2.890261e-02,0.000000e+00,2928052.8,35742044.0,870535.9,16.13,10.87
BER: SYNC #14 (gated)
CSV,205008,41000,14,12,1,6823,192,2.814011e-02,0.000000e+00,2826067.2,33254566.0,948399.9,15.45,10.71
CSV,210008,42000,14,12,1,7023,192,2.733874e-02,0.000000e+00,2997997.8,35823436.0,890602.0,16.04,10.77
BER: END_SEQ #14 [LOCK] seq_err=0 BER_seq=0.0000e+00 | lock=13 slip=1 BER_cond=0.0000e+00 BER_cum=2.6838e-02
CSV,215008,43000,14,13,1,7154,192,2.683813e-02,0.000000e+00,2978949.0,36677808.0,869786.3,16.25,10.90
BER: SYNC #15 (gated)
CSV,220008,44000,15,13,1,7345,192,2.614023e-02,0.000000e+00,2996963.0,31318482.0,917858.1,15.33,10.19
CSV,225008,45000,15,13,1,7545,192,2.544732e-02,0.000000e+00,3107350.0,36155908.0,909775.2,15.99,10.66
BER: END_SEQ #15 [LOCK] seq_err=0 BER_seq=0.0000e+00 | lock=14 slip=1 BER_cond=0.0000e+00 BER_cum=2.5049e-02
CSV,230008,46000,15,14,1,7665,192,2.504892e-02,0.000000e+00,2976604.0,36735244.0,911221.2,16.05,10.91
CSV,235008,47000,15,14,1,7665,192,2.504892e-02,0.000000e+00,2839432.2,31814610.0,830295.6,15.83,10.49
CSV,240008,48000,15,14,1,7665,192,2.504892e-02,0.000000e+00,3068749.8,37265356.0,891101.6,16.21,10.84
BER: SYNC #16 (gated)
CSV,245008,49000,16,14,1,7680,192,2.500000e-02,0.000000e+00,2901275.2,37763716.0,865969.6,16.40,11.14
CSV,250008,50000,16,14,1,7880,192,2.436548e-02,0.000000e+00,2920143.2,32142216.0,915625.7,15.45,10.42
CSV,255008,51000,16,14,1,8080,192,2.376238e-02,0.000000e+00,3014366.2,35098588.0,879586.4,16.01,10.66
BER: END_SEQ #16 [LOCK] seq_err=0 BER_seq=0.0000e+00 | lock=15 slip=1 BER_cond=0.0000e+00 BER_cum=2.3483e-02
BER: SYNC #17 (gated)
CSV,260008,52000,17,15,1,8203,192,2.340607e-02,0.000000e+00,2921886.2,37341444.0,897100.2,16.19,11.07
CSV,265008,53000,17,15,1,8403,192,2.284898e-02,0.000000e+00,3023072.8,31549328.0,891435.2,15.49,10.19
CSV,270008,54000,17,15,1,8603,192,2.231780e-02,0.000000e+00,3117514.2,35810540.0,964680.1,15.70,10.60
BER: END_SEQ #17 [LOCK] seq_err=0 BER_seq=0.0000e+00 | lock=16 slip=1 BER_cond=0.0000e+00 BER_cum=2.2102e-02
BER: SYNC #18 (gated)
CSV,275008,55000,18,16,1,8725,192,2.200573e-02,0.000000e+00,2970418.2,36283992.0,967996.2,15.74,10.87
CSV,280008,56000,18,16,1,8925,192,2.151261e-02,0.000000e+00,3136903.0,33147224.0,985702.3,15.27,10.24
CSV,285008,57000,18,16,1,9125,192,2.104110e-02,0.000000e+00,3031583.2,34728036.0,991848.1,15.44,10.59
BER: END_SEQ #18 [LOCK] seq_err=0 BER_seq=0.0000e+00 | lock=17 slip=1 BER_cond=0.0000e+00 BER_cum=2.0874e-02
BER: SYNC #19 (gated)
CSV,290008,58000,19,17,1,9248,192,2.076125e-02,0.000000e+00,3071230.2,35807208.0,962149.1,15.71,10.67
CSV,295008,59000,19,17,1,9448,192,2.032176e-02,0.000000e+00,3109414.5,32866528.0,978768.1,15.26,10.24
CSV,300008,60000,19,17,1,9648,192,1.990050e-02,0.000000e+00,3112196.2,36211076.0,1002170.1,15.58,10.66
BER: END_SEQ #19 [LOCK] seq_err=0 BER_seq=0.0000e+00 | lock=18 slip=1 BER_cond=0.0000e+00 BER_cum=1.9775e-02
BER: SYNC #20 (gated)
CSV,305008,61000,20,18,1,9771,192,1.964998e-02,0.000000e+00,3106525.2,35155264.0,965706.6,15.61,10.54
CSV,310008,62000,20,18,1,9971,192,1.925584e-02,0.000000e+00,3048575.8,31760622.0,974024.6,15.13,10.18
CSV,315008,63000,20,18,1,10171,192,1.887720e-02,0.000000e+00,3074645.8,34819068.0,994301.6,15.44,10.54
BER: END_SEQ #20 [LOCK] seq_err=0 BER_seq=0.0000e+00 | lock=19 slip=1 BER_cond=0.0000e+00 BER_cum=1.8787e-02
BER: SYNC #21 (gated)
CSV,320008,64000,21,19,1,10294,192,1.865164e-02,0.000000e+00,3275050.0,38530640.0,952562.8,16.07,10.71
CSV,325008,65000,21,19,1,10493,192,1.829791e-02,0.000000e+00,3053076.5,30706428.0,955770.0,15.07,10.02
CSV,330008,66000,21,19,1,10693,192,1.795567e-02,0.000000e+00,3130618.0,37202056.0,987998.0,15.76,10.75
BER: END_SEQ #21 [LOCK] seq_err=0 BER_seq=0.0000e+00 | lock=20 slip=1 BER_cond=0.0000e+00 BER_cum=1.7892e-02
BER: SYNC #22 (gated)
CSV,335008,67000,22,20,1,10816,192,1.775148e-02,0.000000e+00,3042456.5,36562676.0,941250.3,15.89,10.80
CSV,340008,68000,22,20,1,11016,192,1.742919e-02,0.000000e+00,3170971.2,32365634.0,1001105.2,15.10,10.09
CSV,345008,69000,22,20,1,11216,192,1.711840e-02,0.000000e+00,3114740.8,35652664.0,964887.4,15.68,10.59
BER: END_SEQ #22 [LOCK] seq_err=0 BER_seq=0.0000e+00 | lock=21 slip=1 BER_cond=0.0000e+00 BER_cum=1.7079e-02
BER: SYNC #23 (gated)
CSV,350008,70000,23,21,1,11339,192,1.693271e-02,0.000000e+00,3118392.2,37687668.0,996995.2,15.78,10.82
CSV,355008,71000,23,21,1,11539,192,1.663922e-02,0.000000e+00,3032373.8,31479556.0,940400.0,15.25,10.16
CSV,360008,72000,23,21,1,11739,192,1.635574e-02,0.000000e+00,3130600.2,36765324.0,962473.2,15.82,10.70
BER: END_SEQ #23 [LOCK] seq_err=0 BER_seq=0.0000e+00 | lock=22 slip=1 BER_cond=0.0000e+00 BER_cum=1.6336e-02
BER: SYNC #24 (gated)
CSV,365008,73000,24,22,1,11862,192,1.618614e-02,0.000000e+00,3139203.2,34949024.0,1010451.6,15.39,10.47
CSV,370008,74000,24,22,1,12062,192,1.591776e-02,0.000000e+00,3209995.0,32581226.0,1005991.8,15.10,10.06
CSV,375008,75000,24,22,1,12261,192,1.565941e-02,0.000000e+00,3150568.0,37168400.0,960996.1,15.87,10.72
BER: END_SEQ #24 [LOCK] seq_err=0 BER_seq=0.0000e+00 | lock=23 slip=1 BER_cond=0.0000e+00 BER_cum=1.5656e-02
BER: SYNC #25 (gated)
CSV,380008,76000,25,23,1,12384,192,1.550388e-02,0.000000e+00,3106581.2,35421404.0,933673.2,15.79,10.57
CSV,385008,77000,25,23,1,12584,192,1.525747e-02,0.000000e+00,3209154.8,32717898.0,1023782.4,15.05,10.08
BER: END_SEQ #25 [LOCK] seq_err=0 BER_seq=0.0000e+00 | lock=24 slip=1 BER_cond=0.0000e+00 BER_cum=1.5029e-02
CSV,390008,78000,25,24,1,12775,192,1.502935e-02,0.000000e+00,3174313.0,36787128.0,921445.3,16.01,10.64
BER: SYNC #26 (gated)
CSV,395008,79000,26,24,1,12907,192,1.487565e-02,0.000000e+00,3074585.5,33349056.0,904273.6,15.67,10.35
CSV,400008,80000,26,24,1,13107,192,1.464866e-02,0.000000e+00,3149033.0,35965128.0,900312.7,16.01,10.58
BER: END_SEQ #26 [LOCK] seq_err=0 BER_seq=0.0000e+00 | lock=25 slip=1 BER_cond=0.0000e+00 BER_cum=1.4451e-02
CSV,405008,81000,26,25,1,13286,192,1.445130e-02,0.000000e+00,3098050.2,35793260.0,976488.1,15.64,10.63
BER: SYNC #27 (gated)
CSV,410008,82000,27,25,1,13430,192,1.429635e-02,0.000000e+00,3208049.0,32497630.0,854123.9,15.80,10.06
CSV,415008,83000,27,25,1,13630,192,1.408657e-02,0.000000e+00,3049452.8,35592248.0,853189.2,16.20,10.67
BER: END_SEQ #27 [LOCK] seq_err=0 BER_seq=0.0000e+00 | lock=26 slip=1 BER_cond=0.0000e+00 BER_cum=1.3916e-02
CSV,420008,84000,27,26,1,13797,192,1.391607e-02,0.000000e+00,3018579.2,36266308.0,818857.1,16.46,10.80
BER: SYNC #28 (gated)
CSV,425008,85000,28,26,1,13952,192,1.376147e-02,0.000000e+00,3132169.8,32213848.0,805196.9,16.02,10.12
CSV,430008,86000,28,26,1,14152,192,1.356699e-02,0.000000e+00,3085514.8,36271576.0,843346.0,16.34,10.70
BER: END_SEQ #28 [LOCK] seq_err=0 BER_seq=0.0000e+00 | lock=27 slip=1 BER_cond=0.0000e+00 BER_cum=1.3419e-02
CSV,435008,87000,28,27,1,14308,192,1.341907e-02,0.000000e+00,2964871.2,35715296.0,791885.1,16.54,10.81
BER: SYNC #29 (gated)
CSV,440008,88000,29,27,1,14475,192,1.326425e-02,0.000000e+00,2996741.0,32217264.0,778503.6,16.17,10.31
CSV,445008,89000,29,27,1,14675,192,1.308348e-02,0.000000e+00,3143800.8,36358904.0,837853.7,16.37,10.63
BER: END_SEQ #29 [LOCK] seq_err=0 BER_seq=0.0000e+00 | lock=28 slip=1 BER_cond=0.0000e+00 BER_cum=1.2956e-02
CSV,450008,90000,29,28,1,14819,192,1.295634e-02,0.000000e+00,3157689.2,36185432.0,820274.5,16.45,10.59
BER: SYNC #30 (gated)
CSV,455008,91000,30,28,1,14998,192,1.280171e-02,0.000000e+00,3028088.8,32714386.0,777826.2,16.24,10.34
CSV,460008,92000,30,28,1,15198,192,1.263324e-02,0.000000e+00,3075894.0,35663296.0,816932.8,16.40,10.64
BER: END_SEQ #30 [LOCK] seq_err=0 BER_seq=0.0000e+00 | lock=29 slip=1 BER_cond=0.0000e+00 BER_cum=1.2524e-02
CSV,465008,93000,30,29,1,15330,192,1.252446e-02,0.000000e+00,3044230.0,36407864.0,892956.4,16.10,10.78
BER: SYNC #31 (gated)
CSV,470008,94000,31,29,1,15521,192,1.237034e-02,0.000000e+00,3037012.0,31466052.0,877893.5,15.54,10.15
CSV,475008,95000,31,29,1,15721,192,1.221296e-02,0.000000e+00,3030226.0,35937704.0,864151.2,16.19,10.74
BER: END_SEQ #31 [LOCK] seq_err=0 BER_seq=0.0000e+00 | lock=30 slip=1 BER_cond=0.0000e+00 BER_cum=1.2120e-02
BER: SYNC #32 (gated)
CSV,480008,96000,32,30,1,15843,192,1.211892e-02,0.000000e+00,3178219.8,36336944.0,830295.3,16.41,10.58
CSV,485008,97000,32,30,1,16043,192,1.196784e-02,0.000000e+00,3073198.5,32166470.0,820427.1,15.93,10.20
CSV,490008,98000,32,30,1,16243,192,1.182048e-02,0.000000e+00,2945969.2,35455636.0,812232.0,16.40,10.80
BER: END_SEQ #32 [LOCK] seq_err=0 BER_seq=0.0000e+00 | lock=31 slip=1 BER_cond=0.0000e+00 BER_cum=1.1742e-02
BER: SYNC #33 (gated)
CSV,495008,99000,33,31,1,16366,192,1.173164e-02,0.000000e+00,2990969.2,37918740.0,817266.8,16.66,11.03
CSV,500008,100000,33,31,1,16566,192,1.159000e-02,0.000000e+00,2819982.2,31762072.0,784861.1,16.07,10.52
CSV,505008,101000,33,31,1,16766,192,1.145175e-02,0.000000e+00,2964717.5,35396024.0,767417.9,16.64,10.77
BER: END_SEQ #33 [LOCK] seq_err=0 BER_seq=0.0000e+00 | lock=32 slip=1 BER_cond=0.0000e+00 BER_cum=1.1386e-02
BER: SYNC #34 (gated)
CSV,510008,102000,34,32,1,16889,192,1.136835e-02,0.000000e+00,2854264.8,36178316.0,746691.4,16.85,11.03
CSV,515008,103000,34,32,1,17089,192,1.123530e-02,0.000000e+00,2874435.2,31825330.0,754830.1,16.25,10.44
CSV,520008,104000,34,32,1,17289,192,1.110533e-02,0.000000e+00,2953239.8,35410612.0,753720.4,16.72,10.79
BER: END_SEQ #34 [LOCK] seq_err=0 BER_seq=0.0000e+00 | lock=33 slip=1 BER_cond=0.0000e+00 BER_cum=1.1051e-02
BER: SYNC #35 (gated)
CSV,525008,105000,35,33,1,17412,192,1.102688e-02,0.000000e+00,2835589.5,36745492.0,734411.1,16.99,11.13
CSV,530008,106000,35,33,1,17611,192,1.090228e-02,0.000000e+00,2936267.5,32672916.0,728724.1,16.52,10.46
CSV,535008,107000,35,33,1,17811,192,1.077985e-02,0.000000e+00,3039349.2,36250544.0,777363.9,16.69,10.77
BER: END_SEQ #35 [LOCK] seq_err=0 BER_seq=0.0000e+00 | lock=34 slip=1 BER_cond=0.0000e+00 BER_cum=1.0735e-02
BER: SYNC #36 (gated)
CSV,540008,108000,36,34,1,17934,192,1.070592e-02,0.000000e+00,3050107.0,36126752.0,850034.3,16.28,10.74
CSV,545008,109000,36,34,1,18134,192,1.058785e-02,0.000000e+00,2972921.8,33097712.0,882436.8,15.74,10.47
CSV,550008,110000,36,34,1,18334,192,1.047235e-02,0.000000e+00,2892190.0,35696932.0,803888.3,16.47,10.91
BER: END_SEQ #36 [LOCK] seq_err=0 BER_seq=0.0000e+00 | lock=35 slip=1 BER_cond=0.0000e+00 BER_cum=1.0437e-02
BER: SYNC #37 (gated)
CSV,555008,111000,37,35,1,18457,192,1.040256e-02,0.000000e+00,2906505.2,36370868.0,818969.8,16.47,10.97
CSV,560008,112000,37,35,1,18657,192,1.029104e-02,0.000000e+00,2894243.0,31675196.0,752346.0,16.24,10.39
CSV,565008,113000,37,35,1,18857,192,1.018190e-02,0.000000e+00,2852064.8,35412032.0,723831.5,16.90,10.94
BER: END_SEQ #37 [LOCK] seq_err=0 BER_seq=0.0000e+00 | lock=36 slip=1 BER_cond=0.0000e+00 BER_cum=1.0155e-02
BER: SYNC #38 (gated)
CSV,570008,114000,38,36,1,18980,192,1.011591e-02,0.000000e+00,2934881.8,38147048.0,769261.4,16.95,11.14
CSV,575008,115000,38,36,1,19180,192,1.001043e-02,0.000000e+00,3078147.0,31013642.0,787145.6,15.95,10.03
CSV,580008,116000,38,36,1,19379,193,9.959234e-03,0.000000e+00,2897201.2,35759768.0,692289.4,17.13,10.91
BER: END_SEQ #38 [LOCK] seq_err=1 BER_seq=1.9569e-03 | lock=37 slip=1 BER_cond=5.2890e-05 BER_cum=9.9392e-03
BER: SYNC #39 (gated)
CSV,585008,117000,39,37,1,19502,193,9.896421e-03,5.289046e-05,3059336.8,36390756.0,768077.5,16.76,10.75
CSV,590008,118000,39,37,1,19702,193,9.795960e-03,5.289046e-05,3100591.2,31411096.0,791321.9,15.99,10.06
CSV,595008,119000,39,37,1,19902,193,9.697517e-03,5.289046e-05,3026697.2,36027420.0,901610.8,16.02,10.76
BER: END_SEQ #39 [LOCK] seq_err=0 BER_seq=0.0000e+00 | lock=38 slip=1 BER_cond=5.1499e-05 BER_cum=9.6844e-03
BER: SYNC #40 (gated)
CSV,600008,120000,40,38,1,20025,193,9.637953e-03,5.149861e-05,3170113.8,36776844.0,849545.8,16.36,10.64
CSV,605008,121000,40,38,1,20225,193,9.542645e-03,5.149861e-05,3043647.8,31730128.0,841237.6,15.77,10.18
CSV,610008,122000,40,38,1,20425,193,9.449204e-03,5.149861e-05,3008843.2,36467032.0,841293.0,16.37,10.84
BER: END_SEQ #40 [LOCK] seq_err=0 BER_seq=0.0000e+00 | lock=39 slip=1 BER_cond=5.0178e-05 BER_cum=9.4423e-03
BER: SYNC #41 (gated)
CSV,615008,123000,41,39,1,20548,193,9.392641e-03,5.017813e-05,2792018.8,36469016.0,845438.9,16.35,11.16
CSV,620008,124000,41,39,1,20748,193,9.302101e-03,5.017813e-05,2791119.8,32475824.0,764686.4,16.28,10.66
CSV,625008,125000,41,39,1,20948,193,9.213290e-03,5.017813e-05,2797057.5,36432748.0,771884.6,16.74,11.15
BER: END_SEQ #41 [LOCK] seq_err=0 BER_seq=0.0000e+00 | lock=40 slip=1 BER_cond=4.8924e-05 BER_cum=9.2120e-03
BER: SYNC #42 (gated)
CSV,630008,126000,42,40,1,21070,193,9.159943e-03,4.892368e-05,2722360.5,35178392.0,751159.5,16.71,11.11
CSV,635008,127000,42,40,1,21270,193,9.073813e-03,4.892368e-05,2736497.8,33090902.0,676475.2,16.89,10.83
BER: END_SEQ #42 [LOCK] seq_err=0 BER_seq=0.0000e+00 | lock=41 slip=1 BER_cond=4.7730e-05 BER_cum=8.9926e-03
CSV,640008,128000,42,41,1,21462,193,8.992638e-03,4.773042e-05,2827352.0,36690756.0,722714.1,17.06,11.13
BER: SYNC #43 (gated)
CSV,645008,129000,43,41,1,21593,193,8.938082e-03,4.773042e-05,2751703.5,32808696.0,691133.8,16.76,10.76
CSV,650008,130000,43,41,1,21793,193,8.856054e-03,4.773042e-05,2778630.8,35997384.0,710135.7,17.05,11.12
BER: END_SEQ #43 [LOCK] seq_err=0 BER_seq=0.0000e+00 | lock=42 slip=1 BER_cond=4.6594e-05 BER_cum=8.7835e-03
CSV,655008,131000,43,42,1,21973,193,8.783507e-03,4.659398e-05,2713233.8,35650372.0,771177.8,16.65,11.19
BER: SYNC #44 (gated)
CSV,660008,132000,44,42,1,22116,193,8.726713e-03,4.659398e-05,2684905.8,33351688.0,747639.1,16.49,10.94
CSV,665008,133000,44,42,1,22316,193,8.648504e-03,4.659398e-05,2721604.2,35051868.0,764539.7,16.61,11.10
BER: END_SEQ #44 [LOCK] seq_err=0 BER_seq=0.0000e+00 | lock=43 slip=1 BER_cond=4.5510e-05 BER_cum=8.5839e-03
CSV,670008,134000,44,43,1,22484,193,8.583882e-03,4.551040e-05,2716837.0,37354552.0,741823.5,17.02,11.38
BER: SYNC #45 (gated)
CSV,675008,135000,45,43,1,22639,193,8.525112e-03,4.551040e-05,2727067.8,31962884.0,747672.9,16.31,10.69
CSV,680008,136000,45,43,1,22839,193,8.450458e-03,4.551040e-05,2833474.0,36759712.0,755322.3,16.87,11.13
BER: END_SEQ #45 [LOCK] seq_err=0 BER_seq=0.0000e+00 | lock=44 slip=1 BER_cond=4.4476e-05 BER_cum=8.3931e-03
CSV,685008,137000,45,44,1,22995,193,8.393129e-03,4.447607e-05,2752264.2,35600988.0,709873.8,17.00,11.12
BER: SYNC #46 (gated)
CSV,690008,138000,46,44,1,23161,193,8.332973e-03,4.447607e-05,2851416.5,33426568.0,707158.6,16.75,10.69
CSV,695008,139000,46,44,1,23361,193,8.261632e-03,4.447607e-05,2862881.5,35783032.0,764377.8,16.70,10.97
BER: END_SEQ #46 [LOCK] seq_err=0 BER_seq=0.0000e+00 | lock=45 slip=1 BER_cond=4.3488e-05 BER_cum=8.2107e-03
CSV,700008,140000,46,45,1,23506,193,8.210669e-03,4.348771e-05,2603820.0,36270616.0,727767.8,16.98,11.44
BER: SYNC #47 (gated)
CSV,705008,141000,47,45,1,23684,193,8.148962e-03,4.348771e-05,2722439.5,32825296.0,753441.0,16.39,10.81
CSV,710008,142000,47,45,1,23884,193,8.080724e-03,4.348771e-05,2910780.0,36738776.0,804597.2,16.60,11.01
BER: END_SEQ #47 [LOCK] seq_err=0 BER_seq=0.0000e+00 | lock=46 slip=1 BER_cond=4.2542e-05 BER_cum=8.0360e-03
CSV,715008,143000,47,46,1,24017,193,8.035975e-03,4.254233e-05,2812254.5,35759272.0,786328.5,16.58,11.04
BER: SYNC #48 (gated)
CSV,720008,144000,48,46,1,24207,193,7.972901e-03,4.254233e-05,2679811.0,33169714.0,765694.4,16.37,10.93
CSV,725008,145000,48,46,1,24407,193,7.907568e-03,4.254233e-05,2658816.5,35082400.0,800674.3,16.42,11.20
BER: END_SEQ #48 [LOCK] seq_err=0 BER_seq=0.0000e+00 | lock=47 slip=1 BER_cond=4.1637e-05 BER_cum=7.8686e-03
BER: SYNC #49 (gated)
CSV,730008,146000,49,47,1,24530,193,7.867916e-03,4.163717e-05,2756711.2,38087924.0,775888.9,16.91,11.40
CSV,735008,147000,49,47,1,24729,193,7.804602e-03,4.163717e-05,2728553.5,30580912.0,806237.8,15.79,10.50
CSV,740008,148000,49,47,1,24929,193,7.741987e-03,4.163717e-05,2812526.2,36501580.0,814790.5,16.51,11.13
BER: END_SEQ #49 [LOCK] seq_err=0 BER_seq=0.0000e+00 | lock=48 slip=1 BER_cond=4.0770e-05 BER_cum=7.7080e-03
BER: SYNC #50 (gated)
CSV,745008,149000,50,48,1,25052,193,7.703976e-03,4.076973e-05,2794617.2,37146596.0,781538.4,16.77,11.24
CSV,750008,150000,50,48,1,25252,193,7.642959e-03,4.076973e-05,2664655.5,32451298.0,769791.1,16.25,10.86
CSV,755008,151000,50,48,1,25452,193,7.582901e-03,4.076973e-05,2686710.8,35493400.0,778967.2,16.59,11.21
BER: END_SEQ #50 [LOCK] seq_err=0 BER_seq=0.0000e+00 | lock=49 slip=1 BER_cond=3.9938e-05 BER_cum=7.5538e-03
BER: SYNC #51 (gated)
CSV,760008,152000,51,49,1,25575,193,7.546432e-03,3.993770e-05,2789366.5,37411476.0,766995.4,16.88,11.27
CSV,765008,153000,51,49,1,25775,193,7.487876e-03,3.993770e-05,2734062.0,31859684.0,764854.4,16.20,10.66
CSV,770008,154000,51,49,1,25975,193,7.430221e-03,3.993770e-05,2748447.2,36143384.0,737231.9,16.90,11.19
BER: END_SEQ #51 [LOCK] seq_err=0 BER_seq=0.0000e+00 | lock=50 slip=1 BER_cond=3.9139e-05 BER_cum=7.4057e-03
BER: SYNC #52 (gated)
CSV,775008,155000,52,50,1,26097,193,7.395486e-03,3.913894e-05,2789516.5,36525704.0,787712.7,16.66,11.17
CSV,780008,156000,52,50,1,26298,193,7.338961e-03,3.913894e-05,2708092.0,33226404.0,786067.1,16.26,10.89
CSV,785008,157000,52,50,1,26497,193,7.283844e-03,3.913894e-05,2755395.0,35673488.0,781404.2,16.59,11.12
BER: END_SEQ #52 [LOCK] seq_err=0 BER_seq=0.0000e+00 | lock=51 slip=1 BER_cond=3.8372e-05 BER_cum=7.2633e-03
BER: SYNC #53 (gated)
CSV,790008,158000,53,51,1,26620,193,7.250188e-03,3.837151e-05,2744784.5,36493548.0,794272.4,16.62,11.24
CSV,795008,159000,53,51,1,26820,193,7.196122e-03,3.837151e-05,2703899.0,33104240.0,790306.4,16.22,10.88
CSV,800008,160000,53,51,1,27020,193,7.142857e-03,3.837151e-05,2749061.0,35483584.0,812649.8,16.40,11.11
BER: END_SEQ #53 [LOCK] seq_err=0 BER_seq=0.0000e+00 | lock=52 slip=1 BER_cond=3.7634e-05 BER_cum=7.1262e-03
BER: SYNC #54 (gated)
CSV,805008,161000,54,52,1,27143,193,7.110489e-03,3.763360e-05,2795679.5,36856560.0,794638.0,16.66,11.20
CSV,810008,162000,54,52,1,27343,193,7.058479e-03,3.763360e-05,2749924.0,32404306.0,806903.4,16.04,10.71
CSV,815008,163000,54,52,1,27543,193,7.007225e-03,3.763360e-05,2727139.8,36630492.0,756299.3,16.85,11.28
BER: END_SEQ #54 [LOCK] seq_err=0 BER_seq=0.0000e+00 | lock=53 slip=1 BER_cond=3.6924e-05 BER_cum=6.9943e-03
BER: SYNC #55 (gated)
CSV,820008,164000,55,53,1,27666,193,6.976072e-03,3.692353e-05,2641904.2,37183668.0,822838.2,16.55,11.48
CSV,825008,165000,55,53,1,27866,193,6.926003e-03,3.692353e-05,2735780.0,31634896.0,853567.1,15.69,10.63
CSV,830008,166000,55,53,1,28066,193,6.876648e-03,3.692353e-05,2584034.2,35977004.0,797098.9,16.55,11.44
BER: END_SEQ #55 [LOCK] seq_err=0 BER_seq=0.0000e+00 | lock=54 slip=1 BER_cond=3.6240e-05 BER_cum=6.8671e-03
BER: SYNC #56 (gated)
CSV,835008,167000,56,54,1,28188,193,6.846885e-03,3.623976e-05,2812084.2,37444376.0,865039.0,16.36,11.24
CSV,840008,168000,56,54,1,28388,193,6.798647e-03,3.623976e-05,2627811.5,31423864.0,798591.2,15.95,10.78
CSV,845008,169000,56,54,1,28588,193,6.751084e-03,3.623976e-05,2723005.2,37812428.0,816982.8,16.65,11.43
BER: END_SEQ #56 [LOCK] seq_err=0 BER_seq=0.0000e+00 | lock=55 slip=1 BER_cond=3.5581e-05 BER_cum=6.7445e-03
BER: SYNC #57 (gated)
CSV,850008,170000,57,55,1,28711,193,6.722162e-03,3.558086e-05,2663371.0,35892120.0,778335.2,16.64,11.30
CSV,855008,171000,57,55,1,28911,193,6.675660e-03,3.558086e-05,2703227.8,33173844.0,813125.0,16.11,10.89
CSV,860008,172000,57,55,1,29111,193,6.629796e-03,3.558086e-05,2664883.5,36142376.0,761825.0,16.76,11.32
BER: END_SEQ #57 [LOCK] seq_err=0 BER_seq=0.0000e+00 | lock=56 slip=1 BER_cond=3.4945e-05 BER_cum=6.6262e-03
BER: SYNC #58 (gated)
CSV,865008,173000,58,56,1,29234,193,6.601902e-03,3.494549e-05,2784402.0,37564404.0,763825.6,16.92,11.30
CSV,870008,174000,58,56,1,29434,193,6.557043e-03,3.494549e-05,2763832.0,31712772.0,804867.5,15.96,10.60
CSV,875008,175000,58,56,1,29634,193,6.512790e-03,3.494549e-05,2667113.5,37374264.0,762363.8,16.90,11.47
BER: END_SEQ #58 [LOCK] seq_err=0 BER_seq=0.0000e+00 | lock=57 slip=1 BER_cond=3.4332e-05 BER_cum=6.5119e-03
BER: SYNC #59 (gated)
CSV,880008,176000,59,57,1,29757,193,6.485869e-03,3.433241e-05,2766589.5,34443760.0,777165.1,16.47,10.95
CSV,885008,177000,59,57,1,29957,193,6.442568e-03,3.433241e-05,2582669.5,33693264.0,832044.6,16.07,11.15
BER: END_SEQ #59 [LOCK] seq_err=0 BER_seq=0.0000e+00 | lock=58 slip=1 BER_cond=3.3740e-05 BER_cum=6.4015e-03
CSV,890008,178000,59,58,1,30149,193,6.401539e-03,3.374047e-05,2738773.8,37080180.0,831573.6,16.49,11.32
BER: SYNC #60 (gated)
CSV,895008,179000,60,58,1,30279,193,6.374055e-03,3.374047e-05,2742685.0,33793764.0,793601.6,16.29,10.91
CSV,900008,180000,60,58,1,30479,193,6.332229e-03,3.374047e-05,2696508.5,34521300.0,847568.1,16.10,11.07
BER: END_SEQ #60 [LOCK] seq_err=0 BER_seq=0.0000e+00 | lock=59 slip=1 BER_cond=3.3169e-05 BER_cum=6.2948e-03
CSV,905008,181000,60,59,1,30660,193,6.294847e-03,3.316860e-05,2770521.2,37023796.0,823910.2,16.53,11.26
BER: SYNC #61 (gated)
CSV,910008,182000,61,59,1,30802,193,6.265827e-03,3.316860e-05,2603972.0,32432632.0,864077.2,15.74,10.95
CSV,915008,183000,61,59,1,31001,213,6.870746e-03,3.316860e-05,2762180.2,36818708.0,820038.2,16.52,11.25
BER: END_SEQ #61 [SLIP] seq_err=106 BER_seq=2.0744e-01 | lock=59 slip=2 BER_cond=3.3169e-05 BER_cum=9.5922e-03
CSV,920008,184000,61,59,2,31171,299,9.592249e-03,3.316860e-05,2752290.5,36097588.0,796908.5,16.56,11.18
BER: SYNC #62 (gated)
CSV,925008,185000,62,59,2,31325,299,9.545092e-03,3.316860e-05,2737806.8,32355026.0,821494.1,15.95,10.73
CSV,930008,186000,62,59,2,31525,299,9.484536e-03,3.316860e-05,2707990.8,36391392.0,818995.4,16.48,11.28
BER: END_SEQ #62 [LOCK] seq_err=0 BER_seq=0.0000e+00 | lock=60 slip=2 BER_cond=3.2616e-05 BER_cum=9.4375e-03
CSV,935008,187000,62,60,2,31682,299,9.437536e-03,3.261579e-05,2762401.5,36158220.0,808848.0,16.50,11.17
BER: SYNC #63 (gated)
CSV,940008,188000,63,60,2,31846,358,1.124160e-02,3.261579e-05,2566063.5,33247748.0,798387.0,16.20,11.12
CSV,945008,189000,63,60,2,32046,462,1.441678e-02,3.261579e-05,2680107.0,36264108.0,836109.9,16.37,11.31
BER: END_SEQ #63 [SLIP] seq_err=236 BER_seq=4.6184e-01 | lock=60 slip=3 BER_cond=3.2616e-05 BER_cum=1.6619e-02
CSV,950008,190000,63,60,3,32193,535,1.661852e-02,3.261579e-05,2647080.8,36414196.0,824968.2,16.45,11.39
BER: SYNC #64 (gated)
CSV,955008,191000,64,60,3,32370,535,1.652765e-02,3.261579e-05,2565837.2,33296776.0,865542.8,15.85,11.13
CSV,960008,192000,64,60,3,32570,535,1.642616e-02,3.261579e-05,2780174.5,36791788.0,830666.8,16.46,11.22
BER: END_SEQ #64 [LOCK] seq_err=0 BER_seq=0.0000e+00 | lock=61 slip=3 BER_cond=3.2081e-05 BER_cum=1.6359e-02
CSV,965008,193000,64,61,3,32704,535,1.635886e-02,3.208110e-05,2701886.8,36327364.0,801186.6,16.57,11.29
BER: SYNC #65 (gated)
CSV,970008,194000,65,61,3,32893,535,1.626486e-02,3.208110e-05,2773900.0,32510926.0,819418.2,15.99,10.69
CSV,975008,195000,65,61,3,33093,535,1.616656e-02,3.208110e-05,2696610.5,35967672.0,801409.2,16.52,11.25
BER: END_SEQ #65 [LOCK] seq_err=0 BER_seq=0.0000e+00 | lock=62 slip=3 BER_cond=3.1564e-05 BER_cum=1.6107e-02
BER: SYNC #66 (gated)
CSV,980008,196000,66,62,3,33216,535,1.610669e-02,3.156366e-05,2749420.8,37782132.0,821966.2,16.62,11.38
CSV,985008,197000,66,62,3,33416,535,1.601029e-02,3.156366e-05,2627942.0,31257678.0,800485.6,15.92,10.75
CSV,990008,198000,66,62,3,33616,535,1.591504e-02,3.156366e-05,2796499.0,37093848.0,862655.0,16.33,11.23
BER: END_SEQ #66 [LOCK] seq_err=0 BER_seq=0.0000e+00 | lock=63 slip=3 BER_cond=3.1063e-05 BER_cum=1.5863e-02
BER: SYNC #67 (gated)
CSV,995008,199000,67,63,3,33738,535,1.585749e-02,3.106265e-05,2785460.0,37415612.0,916322.1,16.11,11.28
CSV,1000008,200000,67,63,3,33938,535,1.576404e-02,3.106265e-05,2769286.0,33401942.0,858874.4,15.90,10.81
CSV,1005008,201000,67,63,3,34138,535,1.567169e-02,3.106265e-05,2719735.2,36015016.0,822360.2,16.41,11.22
BER: END_SEQ #67 [LOCK] seq_err=0 BER_seq=0.0000e+00 | lock=64 slip=3 BER_cond=3.0577e-05 BER_cum=1.5626e-02
BER: SYNC #68 (gated)
CSV,1010008,202000,68,64,3,34261,535,1.561542e-02,3.057730e-05,2782727.5,37373228.0,825345.1,16.56,11.28
CSV,1015008,203000,68,64,3,34461,535,1.552480e-02,3.057730e-05,2686625.8,32183746.0,853387.1,15.76,10.78
CSV,1020008,204000,68,64,3,34661,535,1.543522e-02,3.057730e-05,2771436.5,37121652.0,865445.3,16.32,11.27
BER: END_SEQ #68 [LOCK] seq_err=0 BER_seq=0.0000e+00 | lock=65 slip=3 BER_cond=3.0107e-05 BER_cum=1.5397e-02
BER: SYNC #69 (gated)
CSV,1025008,205000,69,65,3,34784,535,1.538063e-02,3.010688e-05,2685035.0,36743232.0,838751.1,16.42,11.36
CSV,1030008,206000,69,65,3,34984,535,1.529271e-02,3.010688e-05,2724786.5,33256098.0,885536.9,15.75,10.87
CSV,1035008,207000,69,65,3,35184,535,1.520578e-02,3.010688e-05,2687223.8,36136700.0,857701.0,16.25,11.29
BER: END_SEQ #69 [LOCK] seq_err=0 BER_seq=0.0000e+00 | lock=66 slip=3 BER_cond=2.9651e-05 BER_cum=1.5173e-02
BER: SYNC #70 (gated)
CSV,1040008,208000,70,66,3,35307,535,1.515280e-02,2.965072e-05,2688022.2,37197036.0,879395.2,16.26,11.41
CSV,1045008,209000,70,66,3,35506,535,1.506788e-02,2.965072e-05,2708462.8,32901556.0,857552.7,15.84,10.84
CSV,1050008,210000,70,66,3,35706,535,1.498348e-02,2.965072e-05,2671022.8,36339156.0,844686.2,16.34,11.34
BER: END_SEQ #70 [LOCK] seq_err=0 BER_seq=0.0000e+00 | lock=67 slip=3 BER_cond=2.9208e-05 BER_cum=1.4957e-02
BER: SYNC #71 (gated)
CSV,1055008,211000,71,67,3,35829,535,1.493204e-02,2.920817e-05,2677451.2,36166976.0,868661.2,16.19,11.31
CSV,1060008,212000,71,67,3,36029,535,1.484915e-02,2.920817e-05,2639587.8,33348528.0,817178.1,16.11,11.02
CSV,1065008,213000,71,67,3,36229,535,1.476718e-02,2.920817e-05,2724349.5,36083976.0,845634.7,16.30,11.22
BER: END_SEQ #71 [LOCK] seq_err=0 BER_seq=0.0000e+00 | lock=68 slip=3 BER_cond=2.8779e-05 BER_cum=1.4746e-02
BER: SYNC #72 (gated)
CSV,1070008,214000,72,68,3,36352,535,1.471721e-02,2.877864e-05,2688620.0,38049724.0,844698.0,16.54,11.51
CSV,1075008,215000,72,68,3,36552,535,1.463668e-02,2.877864e-05,2583969.8,31069540.0,836886.4,15.70,10.80
CSV,1080008,216000,72,68,3,36752,535,1.455703e-02,2.877864e-05,2777196.2,37210224.0,844092.4,16.44,11.27
BER: END_SEQ #72 [LOCK] seq_err=0 BER_seq=0.0000e+00 | lock=69 slip=3 BER_cond=2.8362e-05 BER_cum=1.4541e-02
BER: SYNC #73 (gated)
CSV,1085008,217000,73,69,3,36875,535,1.450847e-02,2.836155e-05,2691477.8,38091640.0,878566.0,16.37,11.51
CSV,1090008,218000,73,69,3,37075,535,1.443021e-02,2.836155e-05,2700540.0,31559812.0,857619.9,15.66,10.68
CSV,1095008,219000,73,69,3,37274,535,1.435317e-02,2.836155e-05,2776343.8,37528756.0,848245.9,16.46,11.31
BER: END_SEQ #73 [LOCK] seq_err=0 BER_seq=0.0000e+00 | lock=70 slip=3 BER_cond=2.7956e-05 BER_cum=1.4342e-02
BER: SYNC #74 (gated)
CSV,1100008,220000,74,70,3,37397,535,1.430596e-02,2.795639e-05,2756832.0,36901556.0,894479.1,16.15,11.27
CSV,1105008,221000,74,70,3,37597,535,1.422986e-02,2.795639e-05,2855577.0,32625738.0,895498.4,15.61,10.58
CSV,1110008,222000,74,70,3,37797,535,1.415456e-02,2.795639e-05,2768829.0,36753004.0,857221.2,16.32,11.23
BER: END_SEQ #74 [LOCK] seq_err=0 BER_seq=0.0000e+00 | lock=71 slip=3 BER_cond=2.7563e-05 BER_cum=1.4148e-02
BER: SYNC #75 (gated)
CSV,1115008,223000,75,71,3,37920,535,1.410865e-02,2.756264e-05,2816664.2,38165820.0,880814.0,16.37,11.32
CSV,1120008,224000,75,71,3,38120,535,1.403463e-02,2.756264e-05,2849083.8,32470914.0,853058.8,15.81,10.57
CSV,1125008,225000,75,71,3,38320,535,1.396138e-02,2.756264e-05,2643013.8,37058356.0,850602.1,16.39,11.47
BER: END_SEQ #75 [LOCK] seq_err=0 BER_seq=0.0000e+00 | lock=72 slip=3 BER_cond=2.7180e-05 BER_cum=1.3960e-02
BER: SYNC #76 (gated)
CSV,1130008,226000,76,72,3,38443,535,1.391671e-02,2.717982e-05,2816223.8,35742244.0,892863.1,16.02,11.04
CSV,1135008,227000,76,72,3,38643,535,1.384468e-02,2.717982e-05,2851190.5,33018694.0,891699.1,15.69,10.64
BER: END_SEQ #76 [LOCK] seq_err=0 BER_seq=0.0000e+00 | lock=73 slip=3 BER_cond=2.6807e-05 BER_cum=1.3776e-02
CSV,1140008,228000,76,73,3,38836,535,1.377588e-02,2.680749e-05,2966435.0,37793432.0,914253.2,16.16,11.05
BER: SYNC #77 (gated)
CSV,1145008,229000,77,73,3,38966,535,1.372992e-02,2.680749e-05,2957397.8,34692452.0,906134.1,15.83,10.69
CSV,1150008,230000,77,73,3,39165,535,1.366016e-02,2.680749e-05,2924980.2,34565220.0,926621.8,15.72,10.73
BER: END_SEQ #77 [LOCK] seq_err=0 BER_seq=0.0000e+00 | lock=74 slip=3 BER_cond=2.6445e-05 BER_cum=1.3597e-02
CSV,1155008,231000,77,74,3,39347,535,1.359697e-02,2.644523e-05,3026309.8,37052988.0,943392.8,15.94,10.88
BER: SYNC #78 (gated)
CSV,1160008,232000,78,74,3,39488,535,1.354842e-02,2.644523e-05,3020928.0,32789794.0,910509.8,15.56,10.36
CSV,1165008,233000,78,74,3,39688,535,1.348015e-02,2.644523e-05,2897993.5,35736080.0,904070.8,15.97,10.91
BER: END_SEQ #78 [LOCK] seq_err=0 BER_seq=0.0000e+00 | lock=75 slip=3 BER_cond=2.6093e-05 BER_cum=1.3423e-02
CSV,1170008,234000,78,75,3,39858,535,1.342265e-02,2.609263e-05,2968867.2,36195248.0,890933.3,16.09,10.86
BER: SYNC #79 (gated)
CSV,1175008,235000,79,75,3,40011,535,1.337132e-02,2.609263e-05,2990295.2,33178354.0,883379.9,15.75,10.45
CSV,1180008,236000,79,75,3,40211,535,1.330482e-02,2.609263e-05,3091168.0,35995436.0,966900.6,15.71,10.66
BER: END_SEQ #79 [LOCK] seq_err=0 BER_seq=0.0000e+00 | lock=76 slip=3 BER_cond=2.5749e-05 BER_cum=1.3253e-02
CSV,1185008,237000,79,76,3,40369,535,1.325274e-02,2.574930e-05,3067980.2,36375816.0,906936.1,16.03,10.74
BER: SYNC #80 (gated)
CSV,1190008,238000,80,76,3,40534,535,1.319880e-02,2.574930e-05,3231046.5,32981212.0,967154.4,15.33,10.09
CSV,1195008,239000,80,76,3,40734,535,1.313399e-02,2.574930e-05,3172857.2,37233564.0,983181.9,15.78,10.69
BER: END_SEQ #80 [LOCK] seq_err=0 BER_seq=0.0000e+00 | lock=77 slip=3 BER_cond=2.5415e-05 BER_cum=1.3087e-02
CSV,1200008,240000,80,77,3,40880,535,1.308708e-02,2.541490e-05,3047299.8,35548804.0,926868.9,15.84,10.67
BER: SYNC #81 (gated)
CSV,1205008,241000,81,77,3,41055,608,1.480940e-02,2.541490e-05,2978336.8,32874802.0,999208.2,15.17,10.43
CSV,1210008,242000,81,77,3,41254,714,1.730741e-02,2.541490e-05,3138729.2,36578528.0,957421.1,15.82,10.66
BER: END_SEQ #81 [SLIP] seq_err=241 BER_seq=4.7162e-01 | lock=77 slip=4 BER_cond=2.5415e-05 BER_cum=1.8748e-02
CSV,1215008,243000,81,77,4,41391,776,1.874804e-02,2.541490e-05,3069038.5,36639168.0,972431.9,15.76,10.77
BER: SYNC #82 (gated)
CSV,1220008,244000,82,77,4,41579,776,1.866327e-02,2.541490e-05,3017010.2,32661250.0,1000166.9,15.14,10.34
CSV,1225008,245000,82,77,4,41779,776,1.857392e-02,2.541490e-05,3127499.2,36205628.0,1009332.1,15.55,10.64
BER: END_SEQ #82 [LOCK] seq_err=0 BER_seq=0.0000e+00 | lock=78 slip=4 BER_cond=2.5089e-05 BER_cum=1.8519e-02
BER: SYNC #83 (gated)
CSV,1230008,246000,83,78,4,41902,776,1.851940e-02,2.508907e-05,3245987.2,37108348.0,1016511.2,15.62,10.58
CSV,1235008,247000,83,78,4,42102,776,1.843143e-02,2.508907e-05,3343000.0,32863682.0,1063117.2,14.90,9.93
CSV,1240008,248000,83,78,4,42302,776,1.834429e-02,2.508907e-05,3261340.0,36611724.0,1054143.0,15.41,10.50
BER: END_SEQ #83 [LOCK] seq_err=0 BER_seq=0.0000e+00 | lock=79 slip=4 BER_cond=2.4771e-05 BER_cum=1.8296e-02
BER: SYNC #84 (gated)
CSV,1245008,249000,84,79,4,42425,776,1.829110e-02,2.477148e-05,3056445.2,37793620.0,977656.3,15.87,10.92
CSV,1250008,250000,84,79,4,42624,776,1.820571e-02,2.477148e-05,3083628.0,31928312.0,1008257.9,15.01,10.15
CSV,1255008,251000,84,79,4,42824,776,1.812068e-02,2.477148e-05,3064058.0,35971856.0,964847.0,15.72,10.70
BER: END_SEQ #84 [LOCK] seq_err=0 BER_seq=0.0000e+00 | lock=80 slip=4 BER_cond=2.4462e-05 BER_cum=1.8078e-02
CSV,1260008,252000,84,80,4,42924,776,1.807847e-02,2.446184e-05,3048156.2,36554216.0,972664.5,15.75,10.79
CSV,1265008,253000,84,80,4,42924,776,1.807847e-02,2.446184e-05,3093225.2,32020482.0,976811.8,15.16,10.15
CSV,1270008,254000,84,80,4,42924,776,1.807847e-02,2.446184e-05,3119828.0,36324868.0,948365.9,15.83,10.66
BER: SYNC #85 (gated)
CSV,1275008,255000,85,80,4,42959,776,1.806374e-02,2.446184e-05,3097759.8,36953972.0,966618.1,15.82,10.77
CSV,1280008,256000,85,80,4,43159,776,1.798003e-02,2.446184e-05,3094013.2,33464136.0,1031209.2,15.11,10.34
CSV,1285008,257000,85,80,4,43359,776,1.789709e-02,2.446184e-05,3100104.2,35831188.0,958660.8,15.73,10.63
BER: END_SEQ #85 [LOCK] seq_err=0 BER_seq=0.0000e+00 | lock=81 slip=4 BER_cond=2.4160e-05 BER_cum=1.7866e-02
BER: SYNC #86 (gated)
CSV,1290008,258000,86,81,4,43482,776,1.784647e-02,2.415984e-05,3238550.0,36258500.0,944955.1,15.84,10.49
CSV,1295008,259000,86,81,4,43682,776,1.776475e-02,2.415984e-05,3092190.8,33253408.0,967954.0,15.36,10.32
CSV,1300008,260000,86,81,4,43880,861,1.962170e-02,2.415984e-05,3149162.8,35876368.0,986652.2,15.61,10.57
BER: END_SEQ #86 [SLIP] seq_err=112 BER_seq=2.1918e-01 | lock=81 slip=5 BER_cond=2.4160e-05 BER_cum=2.0207e-02
BER: SYNC #87 (gated)
CSV,1305008,261000,87,81,5,44004,888,2.017998e-02,2.415984e-05,3126236.8,35828276.0,974967.2,15.65,10.59
CSV,1310008,262000,87,81,5,44204,888,2.008868e-02,2.415984e-05,3046196.8,32216634.0,916252.6,15.46,10.24
CSV,1315008,263000,87,81,5,44403,977,2.200302e-02,2.415984e-05,3127695.0,36498336.0,925746.9,15.96,10.67
BER: END_SEQ #87 [SLIP] seq_err=110 BER_seq=2.1526e-01 | lock=81 slip=6 BER_cond=2.4160e-05 BER_cum=2.2449e-02
BER: SYNC #88 (gated)
CSV,1320008,264000,88,81,6,44527,998,2.241337e-02,2.415984e-05,3163241.0,38124960.0,895926.2,16.29,10.81
CSV,1325008,265000,88,81,6,44727,998,2.231314e-02,2.415984e-05,3191127.2,31123760.0,877317.2,15.50,9.89
CSV,1330008,266000,88,81,6,44927,998,2.221381e-02,2.415984e-05,3152439.0,36292276.0,871057.4,16.20,10.61
BER: END_SEQ #88 [LOCK] seq_err=0 BER_seq=0.0000e+00 | lock=82 slip=6 BER_cond=2.3865e-05 BER_cum=2.2194e-02
BER: SYNC #89 (gated)
CSV,1335008,267000,89,82,6,45049,1002,2.224245e-02,2.386521e-05,3085798.5,37088100.0,870249.2,16.30,10.80
CSV,1340008,268000,89,82,6,45249,1107,2.446463e-02,2.386521e-05,3198518.5,32089630.0,845807.4,15.79,10.01
CSV,1345008,269000,89,82,6,45449,1210,2.662325e-02,2.386521e-05,3033916.8,36764868.0,821399.9,16.51,10.83
BER: END_SEQ #89 [SLIP] seq_err=222 BER_seq=4.3444e-01 | lock=82 slip=7 BER_cond=2.3865e-05 BER_cum=2.6826e-02
BER: SYNC #90 (gated)
CSV,1350008,270000,90,82,7,45573,1220,2.677024e-02,2.386521e-05,2995689.0,37776392.0,813730.9,16.67,11.01
CSV,1355008,271000,90,82,7,45772,1220,2.665385e-02,2.386521e-05,3176969.5,31517830.0,805075.7,15.93,9.97
CSV,1360008,272000,90,82,7,45972,1220,2.653789e-02,2.386521e-05,3035979.5,36290660.0,847699.1,16.32,10.77
BER: END_SEQ #90 [LOCK] seq_err=0 BER_seq=0.0000e+00 | lock=83 slip=7 BER_cond=2.3578e-05 BER_cum=2.6528e-02
BER: SYNC #91 (gated)
CSV,1365008,273000,91,83,7,46095,1220,2.646708e-02,2.357768e-05,3235727.2,36728144.0,821128.6,16.51,10.55
CSV,1370008,274000,91,83,7,46295,1220,2.635274e-02,2.357768e-05,3095591.2,31645556.0,843177.6,15.74,10.10
CSV,1375008,275000,91,83,7,46495,1220,2.623938e-02,2.357768e-05,3018343.0,36627876.0,857320.6,16.31,10.84
BER: END_SEQ #91 [LOCK] seq_err=0 BER_seq=0.0000e+00 | lock=84 slip=7 BER_cond=2.3297e-05 BER_cum=2.6236e-02
BER: SYNC #92 (gated)
CSV,1380008,276000,92,84,7,46618,1220,2.617015e-02,2.329699e-05,3142175.5,36590800.0,944427.2,15.88,10.66
CSV,1385008,277000,92,84,7,46818,1220,2.605835e-02,2.329699e-05,2963012.5,32030740.0,787224.4,16.09,10.34
BER: END_SEQ #92 [LOCK] seq_err=0 BER_seq=0.0000e+00 | lock=85 slip=7 BER_cond=2.3023e-05 BER_cum=2.5951e-02
CSV,1390008,278000,92,85,7,47012,1220,2.595082e-02,2.302291e-05,3145390.5,38387424.0,871374.2,16.44,10.87
BER: SYNC #93 (gated)
CSV,1395008,279000,93,85,7,47141,1220,2.587981e-02,2.302291e-05,3079531.8,33139688.0,866097.8,15.83,10.32
CSV,1400008,280000,93,85,7,47341,1220,2.577047e-02,2.302291e-05,3019755.5,34698080.0,841791.9,16.15,10.60
BER: END_SEQ #93 [LOCK] seq_err=0 BER_seq=0.0000e+00 | lock=86 slip=7 BER_cond=2.2755e-05 BER_cum=2.5672e-02
CSV,1405008,281000,93,86,7,47523,1220,2.567178e-02,2.275520e-05,3216622.2,36720548.0,864337.8,16.28,10.58
BER: SYNC #94 (gated)
CSV,1410008,282000,94,86,7,47663,1220,2.559637e-02,2.275520e-05,3142164.5,33477614.0,799759.7,16.22,10.28
CSV,1415008,283000,94,86,7,47863,1220,2.548942e-02,2.275520e-05,2983443.2,34366740.0,806148.6,16.30,10.61
BER: END_SEQ #94 [LOCK] seq_err=0 BER_seq=0.0000e+00 | lock=87 slip=7 BER_cond=2.2494e-05 BER_cum=2.5399e-02
CSV,1420008,284000,94,87,7,48034,1220,2.539868e-02,2.249364e-05,3039686.5,36964836.0,730761.1,17.04,10.85
BER: SYNC #95 (gated)
CSV,1425008,285000,95,87,7,48186,1220,2.531856e-02,2.249364e-05,3107080.5,32179772.0,781174.1,16.15,10.15
CSV,1430008,286000,95,87,7,48386,1220,2.521390e-02,2.249364e-05,3138551.5,36890788.0,779638.8,16.75,10.70
BER: END_SEQ #95 [LOCK] seq_err=0 BER_seq=0.0000e+00 | lock=88 slip=7 BER_cond=2.2238e-05 BER_cum=2.5131e-02
CSV,1435008,287000,95,88,7,48545,1220,2.513132e-02,2.223804e-05,3011260.2,35500564.0,775165.8,16.61,10.71
BER: SYNC #96 (gated)
CSV,1440008,288000,96,88,7,48709,1220,2.504671e-02,2.223804e-05,3078885.0,32349166.0,759388.1,16.29,10.21
CSV,1445008,289000,96,88,7,48909,1220,2.494428e-02,2.223804e-05,3035004.0,36233124.0,758738.8,16.79,10.77
BER: END_SEQ #96 [LOCK] seq_err=0 BER_seq=0.0000e+00 | lock=89 slip=7 BER_cond=2.1988e-05 BER_cum=2.4870e-02
CSV,1450008,290000,96,89,7,49056,1220,2.486954e-02,2.198817e-05,3106953.5,36258600.0,778158.1,16.68,10.67
BER: SYNC #97 (gated)
CSV,1455008,291000,97,89,7,49231,1220,2.478113e-02,2.198817e-05,3083146.5,32759090.0,756129.6,16.37,10.26
CSV,1460008,292000,97,89,7,49431,1220,2.468087e-02,2.198817e-05,3108154.0,35655536.0,755358.1,16.74,10.60
BER: END_SEQ #97 [LOCK] seq_err=0 BER_seq=0.0000e+00 | lock=90 slip=7 BER_cond=2.1744e-05 BER_cum=2.4613e-02
CSV,1465008,293000,97,90,7,49567,1220,2.461315e-02,2.174386e-05,3142564.2,35465512.0,767853.5,16.65,10.53
BER: SYNC #98 (gated)
CSV,1470008,294000,98,90,7,49754,1220,2.452064e-02,2.174386e-05,3127287.0,33100126.0,813298.2,16.10,10.25
CSV,1475008,295000,98,90,7,49954,1220,2.442247e-02,2.174386e-05,3045018.5,35753052.0,783423.8,16.59,10.70
BER: END_SEQ #98 [LOCK] seq_err=0 BER_seq=0.0000e+00 | lock=91 slip=7 BER_cond=2.1505e-05 BER_cum=2.4362e-02
CSV,1480008,296000,98,91,7,50078,1220,2.436200e-02,2.150491e-05,3224530.5,37420040.0,843629.5,16.47,10.65
BER: SYNC #99 (gated)
CSV,1485008,297000,99,91,7,50277,1220,2.426557e-02,2.150491e-05,3157046.0,31772450.0,862865.9,15.66,10.03
CSV,1490008,298000,99,91,7,50476,1221,2.418971e-02,2.150491e-05,3196050.2,36127192.0,799775.2,16.55,10.53
BER: END_SEQ #99 [SLIP] seq_err=52 BER_seq=1.0176e-01 | lock=91 slip=8 BER_cond=2.1505e-05 BER_cum=2.5144e-02
BER: SYNC #100 (gated)
CSV,1495008,299000,100,91,8,50600,1272,2.513834e-02,2.150491e-05,3146518.5,37692616.0,824177.8,16.60,10.78
CSV,1500008,300000,100,91,8,50800,1272,2.503937e-02,2.150491e-05,3162396.2,31863022.0,786835.0,16.07,10.03
CSV,1505008,301000,100,91,8,51000,1272,2.494118e-02,2.150491e-05,3135084.5,37127648.0,797230.1,16.68,10.73
BER: END_SEQ #100 [LOCK] seq_err=0 BER_seq=0.0000e+00 | lock=92 slip=8 BER_cond=2.1271e-05 BER_cum=2.4892e-02

=========================================
=== END OF TEST (duration=25 min) ===
=========================================
FINAL: syncs=100 lock=92 slip=8 slip_rate=0.0800
FINAL: bits_cum=51100 err_cum=1272 BER_cum=2.4892e-02
FINAL: bits_lock=47012 err_lock=1 BER_cond=2.1271e-05
=========================================
=== STOP LOGGING NOW ===
=========================================
