

=== RX BOOT - BER TEST MODE ===
BPS_MODE=20 (HALF_SAMPLES=2000, 10000 samples/bit @ 200000 Hz)
Expect: 64-bit preamble + Barker13 (1F35h, gated by 8 preamble bits = 0x55) + 511-bit PRBS-9
Noise floor band: 5000 Hz; lock threshold: BER<0.10
Auto-stop: test will halt 25 min after the first sync.
RX: edge-tracking sync, center-3 voting
Starting decoder...

CSV,5010,500,0,0,0,0,0,0.000000e+00,0.000000e+00,2327846656.0,2216677888.0,31998.7,48.62,0.21
BER: SYNC #1 (gated)
CSV,10010,1000,1,0,0,75,0,0.000000e+00,0.000000e+00,2201273600.0,2486767616.0,27828.1,49.51,0.53
CSV,15010,1500,1,0,0,175,0,0.000000e+00,0.000000e+00,2855520256.0,1898074112.0,26297.7,50.36,1.77
CSV,20010,2000,1,0,0,275,0,0.000000e+00,0.000000e+00,2534219520.0,2330909184.0,28064.2,49.56,0.36
CSV,25010,2500,1,0,0,375,0,0.000000e+00,0.000000e+00,2039724800.0,2675402240.0,25598.0,50.19,1.18
CSV,30010,3000,1,0,0,475,0,0.000000e+00,0.000000e+00,2457022208.0,2229274880.0,26525.4,49.67,0.42
BER: END_SEQ #1 [LOCK] seq_err=0 BER_seq=0.0000e+00 | lock=1 slip=0 BER_cond=0.0000e+00 BER_cum=0.0000e+00
CSV,35010,3500,1,1,0,511,0,0.000000e+00,0.000000e+00,2176331264.0,2595849984.0,30415.1,49.31,0.77
BER: SYNC #2 (gated)
CSV,40010,4000,2,1,0,598,0,0.000000e+00,0.000000e+00,2338353920.0,2464888576.0,23931.7,50.13,0.23
CSV,45010,4500,2,1,0,698,0,0.000000e+00,0.000000e+00,2777620224.0,1923635456.0,24056.1,50.62,1.60
CSV,50010,5000,2,1,0,798,0,0.000000e+00,0.000000e+00,2338254848.0,2374435328.0,27387.7,49.38,0.07
CSV,55010,5500,2,1,0,898,0,0.000000e+00,0.000000e+00,2356798208.0,2491830272.0,27279.5,49.61,0.24
CSV,60010,6000,2,1,0,998,0,0.000000e+00,0.000000e+00,2293824256.0,2430664448.0,25068.3,49.87,0.25
BER: END_SEQ #2 [LOCK] seq_err=0 BER_seq=0.0000e+00 | lock=2 slip=0 BER_cond=0.0000e+00 BER_cum=0.0000e+00
CSV,65010,6500,2,2,0,1022,0,0.000000e+00,0.000000e+00,2010859008.0,2542025472.0,30473.9,49.21,1.02
BER: SYNC #3 (gated)
CSV,70010,7000,3,2,0,1120,0,0.000000e+00,0.000000e+00,2378756864.0,2397378816.0,23702.6,50.05,0.03
CSV,75010,7500,3,2,0,1220,0,0.000000e+00,0.000000e+00,2939699456.0,1886894080.0,25101.0,50.69,1.93
CSV,80010,8000,3,2,0,1320,0,0.000000e+00,0.000000e+00,2309292288.0,2375640320.0,25337.0,49.72,0.12
CSV,85010,8500,3,2,0,1420,0,0.000000e+00,0.000000e+00,2184340736.0,2483911936.0,25480.7,49.89,0.56
CSV,90010,9000,3,2,0,1520,0,0.000000e+00,0.000000e+00,2328537600.0,2499834880.0,24718.2,50.05,0.31
BER: END_SEQ #3 [LOCK] seq_err=0 BER_seq=0.0000e+00 | lock=3 slip=0 BER_cond=0.0000e+00 BER_cum=0.0000e+00
BER: SYNC #4 (gated)
CSV,95010,9500,4,3,0,1543,0,0.000000e+00,0.000000e+00,2138828416.0,2523444992.0,30129.7,49.23,0.72
CSV,100010,10000,4,3,0,1643,0,0.000000e+00,0.000000e+00,2335883520.0,2321452800.0,23670.4,49.94,0.03
CSV,105010,10500,4,3,0,1743,0,0.000000e+00,0.000000e+00,2745774336.0,1995961600.0,24392.2,50.51,1.39
CSV,110010,11000,4,3,0,1843,0,0.000000e+00,0.000000e+00,2474617344.0,2348909824.0,26847.5,49.65,0.23
CSV,115010,11500,4,3,0,1943,0,0.000000e+00,0.000000e+00,2121195904.0,2534163456.0,24702.3,50.11,0.77
CSV,120010,12000,4,3,0,2043,0,0.000000e+00,0.000000e+00,2228598528.0,2459080192.0,24068.4,50.09,0.43
BER: END_SEQ #4 [LOCK] seq_err=0 BER_seq=0.0000e+00 | lock=4 slip=0 BER_cond=0.0000e+00 BER_cum=0.0000e+00
BER: SYNC #5 (gated)
CSV,125010,12500,5,4,0,2066,0,0.000000e+00,0.000000e+00,2189289472.0,2516177152.0,31051.2,49.09,0.60
CSV,130010,13000,5,4,0,2166,0,0.000000e+00,0.000000e+00,2565121280.0,2191954176.0,25071.2,50.10,0.68
CSV,135010,13500,5,4,0,2266,0,0.000000e+00,0.000000e+00,2646830336.0,2006114048.0,23436.4,50.53,1.20
CSV,140010,14000,5,4,0,2366,0,0.000000e+00,0.000000e+00,2325249536.0,2368428032.0,23321.6,50.07,0.08
CSV,145010,14500,5,4,0,2466,0,0.000000e+00,0.000000e+00,2339927296.0,2482275584.0,24075.4,50.13,0.26
BER: END_SEQ #5 [LOCK] seq_err=0 BER_seq=0.0000e+00 | lock=5 slip=0 BER_cond=0.0000e+00 BER_cum=0.0000e+00
CSV,150010,15000,5,5,0,2555,0,0.000000e+00,0.000000e+00,2124315776.0,2552785920.0,24546.1,50.17,0.80
BER: SYNC #6 (gated)
CSV,155010,15500,6,5,0,2588,0,0.000000e+00,0.000000e+00,2196549888.0,2339550720.0,27164.4,49.35,0.27
CSV,160010,16000,6,5,0,2688,0,0.000000e+00,0.000000e+00,2695260160.0,2047517824.0,26687.5,50.04,1.19
CSV,165010,16500,6,5,0,2788,0,0.000000e+00,0.000000e+00,2367047680.0,2404151552.0,24663.0,49.89,0.07
CSV,170010,17000,6,5,0,2888,0,0.000000e+00,0.000000e+00,2269216256.0,2372576768.0,31172.9,48.81,0.19
CSV,175010,17500,6,5,0,2988,0,0.000000e+00,0.000000e+00,2356347136.0,2283517696.0,31804.2,48.70,0.14
BER: END_SEQ #6 [LOCK] seq_err=0 BER_seq=0.0000e+00 | lock=6 slip=0 BER_cond=0.0000e+00 BER_cum=0.0000e+00
CSV,180010,18000,6,6,0,3066,0,0.000000e+00,0.000000e+00,2209168640.0,2564603648.0,34640.2,48.69,0.65
BER: SYNC #7 (gated)
CSV,185010,18500,7,6,0,3111,0,0.000000e+00,0.000000e+00,2285957888.0,2367810560.0,35750.9,48.21,0.15
CSV,190010,19000,7,6,0,3211,0,0.000000e+00,0.000000e+00,2711267072.0,1918344576.0,25456.7,50.27,1.50
CSV,195010,19500,7,6,0,3311,0,0.000000e+00,0.000000e+00,2253759744.0,2419327488.0,30230.2,49.03,0.31
CSV,200010,20000,7,6,0,3411,0,0.000000e+00,0.000000e+00,2383344896.0,2407734528.0,28534.9,49.26,0.04
CSV,205010,20500,7,6,0,3511,0,0.000000e+00,0.000000e+00,2198655744.0,2425123840.0,27751.2,49.41,0.43
BER: END_SEQ #7 [LOCK] seq_err=0 BER_seq=0.0000e+00 | lock=7 slip=0 BER_cond=0.0000e+00 BER_cum=0.0000e+00
CSV,210010,21000,7,7,0,3577,0,0.000000e+00,0.000000e+00,2199460608.0,2394954240.0,29430.6,49.10,0.37
BER: SYNC #8 (gated)
CSV,215010,21500,8,7,0,3634,0,0.000000e+00,0.000000e+00,2289363968.0,2442566656.0,27835.4,49.43,0.28
CSV,220010,22000,8,7,0,3734,0,0.000000e+00,0.000000e+00,2793008896.0,1934387072.0,25412.6,50.41,1.60
CSV,225010,22500,8,7,0,3834,0,0.000000e+00,0.000000e+00,2335111680.0,2276869376.0,27127.0,49.35,0.11
CSV,230010,23000,8,7,0,3934,0,0.000000e+00,0.000000e+00,2115347712.0,2543482624.0,28157.3,49.56,0.80
CSV,235010,23500,8,7,0,4034,0,0.000000e+00,0.000000e+00,2522821888.0,2258765056.0,25996.6,49.87,0.48
BER: END_SEQ #8 [LOCK] seq_err=0 BER_seq=0.0000e+00 | lock=8 slip=0 BER_cond=0.0000e+00 BER_cum=0.0000e+00
CSV,240010,24000,8,8,0,4088,0,0.000000e+00,0.000000e+00,2028636288.0,2536453888.0,30729.0,49.17,0.97
BER: SYNC #9 (gated)
CSV,245010,24500,9,8,0,4156,0,0.000000e+00,0.000000e+00,2135299200.0,2462589696.0,25667.9,49.82,0.62
CSV,250010,25000,9,8,0,4256,0,0.000000e+00,0.000000e+00,2886370048.0,1847630848.0,27585.4,50.20,1.94
CSV,255010,25500,9,8,0,4356,0,0.000000e+00,0.000000e+00,2440037632.0,2302387200.0,25439.2,49.82,0.25
CSV,260010,26000,9,8,0,4456,0,0.000000e+00,0.000000e+00,2102669056.0,2492264960.0,24850.5,50.01,0.74
CSV,265010,26500,9,8,0,4556,0,0.000000e+00,0.000000e+00,2398060544.0,2239388160.0,23769.8,50.04,0.30
BER: END_SEQ #9 [LOCK] seq_err=0 BER_seq=0.0000e+00 | lock=9 slip=0 BER_cond=0.0000e+00 BER_cum=0.0000e+00
CSV,270010,27000,9,9,0,4599,0,0.000000e+00,0.000000e+00,2119639424.0,2634904832.0,27245.1,49.85,0.95
BER: SYNC #10 (gated)
CSV,275010,27500,10,9,0,4679,0,0.000000e+00,0.000000e+00,2195086336.0,2469176576.0,24090.0,50.11,0.51
CSV,280010,28000,10,9,0,4779,0,0.000000e+00,0.000000e+00,2705813504.0,1916613888.0,25223.6,50.30,1.50
CSV,285010,28500,10,9,0,4879,0,0.000000e+00,0.000000e+00,2539521280.0,2143486080.0,27471.0,49.66,0.74
CSV,290010,29000,10,9,0,4979,0,0.000000e+00,0.000000e+00,2042804992.0,2694061824.0,23468.3,50.60,1.20
CSV,295010,29500,10,9,0,5079,0,0.000000e+00,0.000000e+00,2356448512.0,2257079296.0,24519.1,49.83,0.19
BER: END_SEQ #10 [LOCK] seq_err=0 BER_seq=0.0000e+00 | lock=10 slip=0 BER_cond=0.0000e+00 BER_cum=0.0000e+00
CSV,300010,30000,10,10,0,5110,0,0.000000e+00,0.000000e+00,1996289536.0,2517526272.0,27883.8,49.56,1.01
BER: SYNC #11 (gated)
CSV,305010,30500,11,10,0,5202,0,0.000000e+00,0.000000e+00,2449744128.0,2310732544.0,22586.3,50.35,0.25
CSV,310010,31000,11,10,0,5302,0,0.000000e+00,0.000000e+00,2771822336.0,1924107520.0,24511.1,50.53,1.59
CSV,315010,31500,11,10,0,5402,0,0.000000e+00,0.000000e+00,2275462656.0,2315607040.0,26479.5,49.42,0.08
CSV,320010,32000,11,10,0,5502,0,0.000000e+00,0.000000e+00,2253243392.0,2392030720.0,25446.4,49.73,0.26
CSV,325010,32500,11,10,0,5602,0,0.000000e+00,0.000000e+00,2316883968.0,2447922432.0,23034.0,50.26,0.24
BER: END_SEQ #11 [LOCK] seq_err=0 BER_seq=0.0000e+00 | lock=11 slip=0 BER_cond=0.0000e+00 BER_cum=0.0000e+00
BER: SYNC #12 (gated)
CSV,330010,33000,12,11,0,5625,0,0.000000e+00,0.000000e+00,2042189184.0,2475016448.0,33518.1,48.68,0.83
CSV,335010,33500,12,11,0,5724,0,0.000000e+00,0.000000e+00,2187827456.0,2409783296.0,25816.1,49.70,0.42
CSV,340010,34000,12,11,0,5824,0,0.000000e+00,0.000000e+00,2926531328.0,1817422464.0,26731.2,50.39,2.07
CSV,345010,34500,12,11,0,5924,0,0.000000e+00,0.000000e+00,2285857024.0,2416696320.0,26416.4,49.61,0.24
CSV,350010,35000,12,11,0,6024,0,0.000000e+00,0.000000e+00,2164538880.0,2398629120.0,26470.0,49.57,0.45
CSV,355010,35500,12,11,0,6124,0,0.000000e+00,0.000000e+00,2270388736.0,2363841024.0,25352.2,49.70,0.18
BER: END_SEQ #12 [LOCK] seq_err=0 BER_seq=0.0000e+00 | lock=12 slip=0 BER_cond=0.0000e+00 BER_cum=0.0000e+00
BER: SYNC #13 (gated)
CSV,360010,36000,13,12,0,6147,0,0.000000e+00,0.000000e+00,2040105472.0,2689965312.0,29513.6,49.60,1.20
CSV,365010,36500,13,12,0,6247,0,0.000000e+00,0.000000e+00,2440958976.0,2190652160.0,25518.9,49.81,0.47
CSV,370010,37000,13,12,0,6347,0,0.000000e+00,0.000000e+00,2637764352.0,1957152896.0,26152.3,50.04,1.30
CSV,375010,37500,13,12,0,6447,0,0.000000e+00,0.000000e+00,2390673408.0,2284830464.0,27896.6,49.33,0.20
CSV,380010,38000,13,12,0,6547,0,0.000000e+00,0.000000e+00,2240979712.0,2481584384.0,25682.9,49.85,0.44
BER: END_SEQ #13 [LOCK] seq_err=0 BER_seq=0.0000e+00 | lock=13 slip=0 BER_cond=0.0000e+00 BER_cum=0.0000e+00
CSV,385010,38500,13,13,0,6643,0,0.000000e+00,0.000000e+00,2088364032.0,2508289024.0,23729.1,50.24,0.80
BER: SYNC #14 (gated)
CSV,390010,39000,14,13,0,6670,0,0.000000e+00,0.000000e+00,2076933376.0,2405314304.0,30972.5,48.90,0.64
CSV,395010,39500,14,13,0,6770,0,0.000000e+00,0.000000e+00,2694543872.0,2060835840.0,28262.2,49.79,1.16
CSV,400010,40000,14,13,0,6870,0,0.000000e+00,0.000000e+00,2486535424.0,2146504320.0,29344.9,49.28,0.64
CSV,405010,40500,14,13,0,6970,0,0.000000e+00,0.000000e+00,2225766912.0,2361206272.0,23416.9,50.04,0.26
CSV,410010,41000,14,13,0,7070,0,0.000000e+00,0.000000e+00,2251254784.0,2372935680.0,26165.6,49.58,0.23
BER: END_SEQ #14 [LOCK] seq_err=0 BER_seq=0.0000e+00 | lock=14 slip=0 BER_cond=0.0000e+00 BER_cum=0.0000e+00
CSV,415010,41500,14,14,0,7154,0,0.000000e+00,0.000000e+00,2199359232.0,2523071744.0,25538.9,49.95,0.60
BER: SYNC #15 (gated)
CSV,420010,42000,15,14,0,7193,0,0.000000e+00,0.000000e+00,2245324544.0,2285296896.0,28422.8,49.05,0.08
CSV,425010,42500,15,14,0,7292,0,0.000000e+00,0.000000e+00,2613695488.0,1971870464.0,27635.1,49.76,1.22
CSV,430010,43000,15,14,0,7392,0,0.000000e+00,0.000000e+00,2286828288.0,2413824512.0,26380.0,49.61,0.23
CSV,435010,43500,15,14,0,7492,0,0.000000e+00,0.000000e+00,2404150272.0,2277687552.0,25994.4,49.66,0.23
CSV,440010,44000,15,14,0,7592,0,0.000000e+00,0.000000e+00,2152979456.0,2388526336.0,27861.4,49.33,0.45
BER: END_SEQ #15 [LOCK] seq_err=0 BER_seq=0.0000e+00 | lock=15 slip=0 BER_cond=0.0000e+00 BER_cum=0.0000e+00
CSV,445010,44500,15,15,0,7665,0,0.000000e+00,0.000000e+00,2148401920.0,2446876160.0,26530.5,49.65,0.56
BER: SYNC #16 (gated)
CSV,450010,45000,16,15,0,7715,0,0.000000e+00,0.000000e+00,2288643072.0,2418667776.0,28051.0,49.36,0.24
CSV,455010,45500,16,15,0,7815,0,0.000000e+00,0.000000e+00,2705314816.0,1919453440.0,24902.7,50.36,1.49
CSV,460010,46000,16,15,0,7915,0,0.000000e+00,0.000000e+00,2176926464.0,2351941888.0,24056.0,49.90,0.34
CSV,465010,46500,16,15,0,8015,0,0.000000e+00,0.000000e+00,2321458688.0,2356688128.0,25294.8,49.69,0.07
CSV,470010,47000,16,15,0,8115,0,0.000000e+00,0.000000e+00,2291259392.0,2383120640.0,27072.5,49.45,0.17
BER: END_SEQ #16 [LOCK] seq_err=0 BER_seq=0.0000e+00 | lock=16 slip=0 BER_cond=0.0000e+00 BER_cum=0.0000e+00
CSV,475010,47500,16,16,0,8176,0,0.000000e+00,0.000000e+00,2118260736.0,2379989248.0,29646.7,49.05,0.51
BER: SYNC #17 (gated)
CSV,480010,48000,17,16,0,8238,0,0.000000e+00,0.000000e+00,2159335168.0,2383696896.0,25820.6,49.65,0.43
CSV,485010,48500,17,16,0,8338,0,0.000000e+00,0.000000e+00,2832386816.0,1895786240.0,26408.3,50.30,1.74
CSV,490010,49000,17,16,0,8438,0,0.000000e+00,0.000000e+00,2333424384.0,2279112192.0,26047.3,49.52,0.10
CSV,495010,49500,17,16,0,8538,0,0.000000e+00,0.000000e+00,2104107392.0,2434048000.0,23323.0,50.19,0.63
CSV,500010,50000,17,16,0,8638,0,0.000000e+00,0.000000e+00,2335751424.0,2276441344.0,29482.5,48.99,0.11
BER: END_SEQ #17 [LOCK] seq_err=0 BER_seq=0.0000e+00 | lock=17 slip=0 BER_cond=0.0000e+00 BER_cum=0.0000e+00
CSV,505010,50500,17,17,0,8687,0,0.000000e+00,0.000000e+00,2112613248.0,2529422848.0,31604.9,49.03,0.78
BER: SYNC #18 (gated)
CSV,510010,51000,18,17,0,8760,0,0.000000e+00,0.000000e+00,2115825920.0,2439917056.0,25367.8,49.83,0.62
CSV,515010,51500,18,17,0,8860,0,0.000000e+00,0.000000e+00,2743378688.0,1827235328.0,30332.2,49.56,1.76
CSV,520010,52000,18,17,0,8960,0,0.000000e+00,0.000000e+00,2483387136.0,2217402880.0,24336.6,50.09,0.49
CSV,525010,52500,18,17,0,9060,0,0.000000e+00,0.000000e+00,1998974976.0,2626341376.0,25846.0,50.07,1.19
CSV,530010,53000,18,17,0,9160,0,0.000000e+00,0.000000e+00,2360208896.0,2178318336.0,26752.7,49.46,0.35
BER: END_SEQ #18 [LOCK] seq_err=0 BER_seq=0.0000e+00 | lock=18 slip=0 BER_cond=0.0000e+00 BER_cum=0.0000e+00
CSV,535010,53500,18,18,0,9198,0,0.000000e+00,0.000000e+00,2084742144.0,2440733440.0,30744.0,49.00,0.68
BER: SYNC #19 (gated)
CSV,540010,54000,19,18,0,9283,0,0.000000e+00,0.000000e+00,2289386752.0,2421425408.0,24628.7,49.93,0.24
CSV,545010,54500,19,18,0,9383,0,0.000000e+00,0.000000e+00,2655878912.0,1930550912.0,26014.4,50.09,1.39
CSV,550010,55000,19,18,0,9483,0,0.000000e+00,0.000000e+00,2321364736.0,2218732544.0,25661.9,49.56,0.20
CSV,555010,55500,19,18,0,9583,0,0.000000e+00,0.000000e+00,2190576384.0,2469331456.0,26036.4,49.77,0.52
CSV,560010,56000,19,18,0,9683,0,0.000000e+00,0.000000e+00,2291347456.0,2357199872.0,27819.9,49.28,0.12
BER: END_SEQ #19 [LOCK] seq_err=0 BER_seq=0.0000e+00 | lock=19 slip=0 BER_cond=0.0000e+00 BER_cum=0.0000e+00
CSV,565010,56500,19,19,0,9709,0,0.000000e+00,0.000000e+00,1954862208.0,2469316352.0,31950.3,48.88,1.01
BER: SYNC #20 (gated)
CSV,570010,57000,20,19,0,9806,0,0.000000e+00,0.000000e+00,2285316096.0,2299401984.0,24168.5,49.78,0.03
CSV,575010,57500,20,19,0,9906,0,0.000000e+00,0.000000e+00,2861755648.0,1853401984.0,25936.2,50.43,1.89
CSV,580010,58000,20,19,0,10006,0,0.000000e+00,0.000000e+00,2222440192.0,2355874304.0,24369.2,49.85,0.25
CSV,585010,58500,20,19,0,10106,0,0.000000e+00,0.000000e+00,2183466240.0,2328218624.0,27302.9,49.31,0.28
CSV,590010,59000,20,19,0,10206,0,0.000000e+00,0.000000e+00,2201583616.0,2429594624.0,26349.3,49.65,0.43
BER: END_SEQ #20 [LOCK] seq_err=0 BER_seq=0.0000e+00 | lock=20 slip=0 BER_cond=0.0000e+00 BER_cum=0.0000e+00
BER: SYNC #21 (gated)
CSV,595010,59500,21,20,0,10229,0,0.000000e+00,0.000000e+00,2108635520.0,2525090560.0,30118.1,49.23,0.78
CSV,600010,60000,21,20,0,10328,0,0.000000e+00,0.000000e+00,2247871232.0,2285972736.0,27206.7,49.24,0.07
CSV,605010,60500,21,20,0,10428,0,0.000000e+00,0.000000e+00,2692370176.0,1870009216.0,24741.0,50.37,1.58
CSV,610010,61000,21,20,0,10528,0,0.000000e+00,0.000000e+00,2358877184.0,2318291968.0,25475.0,49.67,0.08
CSV,615010,61500,21,20,0,10628,0,0.000000e+00,0.000000e+00,2135472768.0,2443464448.0,24171.7,50.05,0.59
CSV,620010,62000,21,20,0,10728,0,0.000000e+00,0.000000e+00,2158511104.0,2385923840.0,27446.1,49.39,0.44
BER: END_SEQ #21 [LOCK] seq_err=0 BER_seq=0.0000e+00 | lock=21 slip=0 BER_cond=0.0000e+00 BER_cum=0.0000e+00
BER: SYNC #22 (gated)
CSV,625010,62500,22,21,0,10751,0,0.000000e+00,0.000000e+00,2077753856.0,2402793216.0,29399.0,49.12,0.63
CSV,630010,63000,22,21,0,10851,0,0.000000e+00,0.000000e+00,2465508096.0,2210436864.0,26405.3,49.70,0.47
CSV,635010,63500,22,21,0,10951,0,0.000000e+00,0.000000e+00,2609915392.0,1938162176.0,24736.9,50.23,1.29
CSV,640010,64000,22,21,0,11051,0,0.000000e+00,0.000000e+00,2192019712.0,2324782080.0,27257.4,49.31,0.26
CSV,645010,64500,22,21,0,11151,0,0.000000e+00,0.000000e+00,2259130880.0,2390678784.0,24333.0,49.92,0.25
BER: END_SEQ #22 [LOCK] seq_err=0 BER_seq=0.0000e+00 | lock=22 slip=0 BER_cond=0.0000e+00 BER_cum=0.0000e+00
CSV,650010,65000,22,22,0,11242,0,0.000000e+00,0.000000e+00,2128535296.0,2485624832.0,27425.1,49.57,0.67
BER: SYNC #23 (gated)
CSV,655010,65500,23,22,0,11274,0,0.000000e+00,0.000000e+00,2106216960.0,2311105792.0,29567.3,48.93,0.40
CSV,660010,66000,23,22,0,11374,0,0.000000e+00,0.000000e+00,2594370048.0,1970709120.0,29188.6,49.49,1.19
CSV,665010,66500,23,22,0,11474,0,0.000000e+00,0.000000e+00,2320196864.0,2352581632.0,27376.4,49.34,0.06
CSV,670010,67000,23,22,0,11574,0,0.000000e+00,0.000000e+00,2257244160.0,2300942848.0,24406.3,49.74,0.08
CSV,675010,67500,23,22,0,11674,0,0.000000e+00,0.000000e+00,2315674624.0,2180844544.0,29132.4,49.00,0.26
BER: END_SEQ #23 [LOCK] seq_err=0 BER_seq=0.0000e+00 | lock=23 slip=0 BER_cond=0.0000e+00 BER_cum=0.0000e+00
CSV,680010,68000,23,23,0,11753,0,0.000000e+00,0.000000e+00,2098234368.0,2509261056.0,26563.3,49.75,0.78
BER: SYNC #24 (gated)
CSV,685010,68500,24,23,0,11797,0,0.000000e+00,0.000000e+00,2297093376.0,2329534720.0,29698.4,48.95,0.06
CSV,690010,69000,24,23,0,11896,0,0.000000e+00,0.000000e+00,2624004096.0,1914846848.0,23688.6,50.44,1.37
CSV,695010,69500,24,23,0,11996,0,0.000000e+00,0.000000e+00,2133867136.0,2363860992.0,26074.6,49.57,0.44
CSV,700010,70000,24,23,0,12096,0,0.000000e+00,0.000000e+00,2363324672.0,2303671808.0,26223.9,49.55,0.11
CSV,705010,70500,24,23,0,12196,0,0.000000e+00,0.000000e+00,2126090368.0,2414471680.0,24508.0,49.94,0.55
BER: END_SEQ #24 [LOCK] seq_err=0 BER_seq=0.0000e+00 | lock=24 slip=0 BER_cond=0.0000e+00 BER_cum=0.0000e+00
CSV,710010,71000,24,24,0,12264,0,0.000000e+00,0.000000e+00,2141296768.0,2311334144.0,27128.1,49.30,0.33
BER: SYNC #25 (gated)
CSV,715010,71500,25,24,0,12319,0,0.000000e+00,0.000000e+00,2211601152.0,2314059008.0,28888.9,49.04,0.20
CSV,720010,72000,25,24,0,12419,0,0.000000e+00,0.000000e+00,2719798272.0,1944531712.0,26575.8,50.10,1.46
CSV,725010,72500,25,24,0,12519,0,0.000000e+00,0.000000e+00,2228835584.0,2266522624.0,27055.1,49.23,0.07
CSV,730010,73000,25,24,0,12619,0,0.000000e+00,0.000000e+00,2064348160.0,2440467200.0,27703.8,49.45,0.73
CSV,735010,73500,25,24,0,12719,0,0.000000e+00,0.000000e+00,2410882304.0,2224397312.0,24717.8,49.89,0.35
BER: END_SEQ #25 [LOCK] seq_err=0 BER_seq=0.0000e+00 | lock=25 slip=0 BER_cond=0.0000e+00 BER_cum=0.0000e+00
CSV,740010,74000,25,25,0,12775,0,0.000000e+00,0.000000e+00,2045803648.0,2465144064.0,28151.5,49.42,0.81
BER: SYNC #26 (gated)
CSV,745010,74500,26,25,0,12842,0,0.000000e+00,0.000000e+00,2104363904.0,2362026496.0,25878.4,49.60,0.50
CSV,750010,75000,26,25,0,12942,0,0.000000e+00,0.000000e+00,2775507456.0,1772027776.0,25710.3,50.33,1.95
CSV,755010,75500,26,25,0,13042,0,0.000000e+00,0.000000e+00,2356705024.0,2299623936.0,23296.7,50.05,0.11
CSV,760010,76000,26,25,0,13142,0,0.000000e+00,0.000000e+00,2052670848.0,2449812992.0,26245.6,49.70,0.77
CSV,765010,76500,26,25,0,13242,0,0.000000e+00,0.000000e+00,2315397376.0,2167337728.0,24189.5,49.81,0.29
BER: END_SEQ #26 [LOCK] seq_err=0 BER_seq=0.0000e+00 | lock=26 slip=0 BER_cond=0.0000e+00 BER_cum=0.0000e+00
CSV,770010,77000,26,26,0,13286,0,0.000000e+00,0.000000e+00,2029465344.0,2544707072.0,32051.7,49.00,0.98
BER: SYNC #27 (gated)
CSV,775010,77500,27,26,0,13365,0,0.000000e+00,0.000000e+00,2186729984.0,2416895744.0,26366.4,49.62,0.43
CSV,780010,78000,27,26,0,13464,0,0.000000e+00,0.000000e+00,2654862848.0,1840699136.0,27014.7,49.92,1.59
CSV,785010,78500,27,26,0,13564,0,0.000000e+00,0.000000e+00,2415729408.0,2091980032.0,27058.6,49.51,0.62
CSV,790010,79000,27,26,0,13664,0,0.000000e+00,0.000000e+00,1978033408.0,2649049856.0,26629.4,49.98,1.27
CSV,795010,79500,27,26,0,13764,0,0.000000e+00,0.000000e+00,2341560320.0,2188737792.0,24048.4,49.88,0.29
BER: END_SEQ #27 [LOCK] seq_err=0 BER_seq=0.0000e+00 | lock=27 slip=0 BER_cond=0.0000e+00 BER_cum=0.0000e+00
CSV,800010,80000,27,27,0,13797,0,0.000000e+00,0.000000e+00,1925825280.0,2440086528.0,30876.3,48.98,1.03
BER: SYNC #28 (gated)
CSV,805010,80500,28,27,0,13887,0,0.000000e+00,0.000000e+00,2295841536.0,2274105344.0,24436.0,49.73,0.04
CSV,810010,81000,28,27,0,13987,0,0.000000e+00,0.000000e+00,2715238912.0,1909806848.0,25278.1,50.31,1.53
CSV,815010,81500,28,27,0,14087,0,0.000000e+00,0.000000e+00,2218262016.0,2262942976.0,28124.0,49.06,0.09
CSV,820010,82000,28,27,0,14187,0,0.000000e+00,0.000000e+00,2169740544.0,2304920064.0,24428.6,49.75,0.26
CSV,825010,82500,28,27,0,14287,0,0.000000e+00,0.000000e+00,2319619584.0,2300241408.0,25275.2,49.63,0.04
BER: END_SEQ #28 [LOCK] seq_err=0 BER_seq=0.0000e+00 | lock=28 slip=0 BER_cond=0.0000e+00 BER_cum=0.0000e+00
BER: SYNC #29 (gated)
CSV,830010,83000,29,28,0,14310,0,0.000000e+00,0.000000e+00,1943027200.0,2512718592.0,30319.0,49.18,1.12
CSV,835010,83500,29,28,0,14410,0,0.000000e+00,0.000000e+00,2195111168.0,2267268864.0,23396.6,49.86,0.14
CSV,840010,84000,29,28,0,14510,0,0.000000e+00,0.000000e+00,2732597504.0,1815319424.0,25107.5,50.37,1.78
CSV,845010,84500,29,28,0,14610,0,0.000000e+00,0.000000e+00,2285379328.0,2341302016.0,25572.7,49.62,0.10
CSV,850010,85000,29,28,0,14710,0,0.000000e+00,0.000000e+00,2115869056.0,2353286144.0,26788.3,49.44,0.46
CSV,855010,85500,29,28,0,14810,0,0.000000e+00,0.000000e+00,2217944576.0,2255910912.0,24772.3,49.59,0.07
BER: END_SEQ #29 [LOCK] seq_err=0 BER_seq=0.0000e+00 | lock=29 slip=0 BER_cond=0.0000e+00 BER_cum=0.0000e+00
BER: SYNC #30 (gated)
CSV,860010,86000,30,29,0,14833,0,0.000000e+00,0.000000e+00,1915237888.0,2608456960.0,28912.9,49.55,1.34
CSV,865010,86500,30,29,0,14933,0,0.000000e+00,0.000000e+00,2350772224.0,2201204736.0,25936.2,49.57,0.29
CSV,870010,87000,30,29,0,15032,0,0.000000e+00,0.000000e+00,2584128512.0,1885642112.0,23608.5,50.39,1.37
CSV,875010,87500,30,29,0,15132,0,0.000000e+00,0.000000e+00,2276318208.0,2213740032.0,25853.5,49.45,0.12
CSV,880010,88000,30,29,0,15232,0,0.000000e+00,0.000000e+00,2183703296.0,2437858304.0,25421.4,49.82,0.48
BER: END_SEQ #30 [LOCK] seq_err=0 BER_seq=0.0000e+00 | lock=30 slip=0 BER_cond=0.0000e+00 BER_cum=0.0000e+00
CSV,885010,88500,30,30,0,15330,0,0.000000e+00,0.000000e+00,2093523968.0,2416054784.0,26253.7,49.64,0.62
BER: SYNC #31 (gated)
CSV,890010,89000,31,30,0,15355,0,0.000000e+00,0.000000e+00,2012272640.0,2311969536.0,29885.9,48.89,0.60
CSV,895010,89500,31,30,0,15455,0,0.000000e+00,0.000000e+00,2516809472.0,2025909888.0,25286.0,49.98,0.94
CSV,900010,90000,31,30,0,15555,0,0.000000e+00,0.000000e+00,2498349312.0,2070413824.0,25957.7,49.83,0.82
CSV,905010,90500,31,30,0,15655,0,0.000000e+00,0.000000e+00,2183901184.0,2272145664.0,25387.7,49.52,0.17
CSV,910010,91000,31,30,0,15755,0,0.000000e+00,0.000000e+00,2133381120.0,2316199680.0,26529.6,49.41,0.36
BER: END_SEQ #31 [LOCK] seq_err=0 BER_seq=0.0000e+00 | lock=31 slip=0 BER_cond=0.0000e+00 BER_cum=0.0000e+00
CSV,915010,91500,31,31,0,15841,0,0.000000e+00,0.000000e+00,2130888960.0,2447487488.0,27153.0,49.55,0.60
BER: SYNC #32 (gated)
CSV,920010,92000,32,31,0,15878,0,0.000000e+00,0.000000e+00,2208719616.0,2252129792.0,29436.7,48.84,0.08
CSV,925010,92500,32,31,0,15978,0,0.000000e+00,0.000000e+00,2523446528.0,1915448192.0,25881.3,49.89,1.20
CSV,930010,93000,32,31,0,16078,0,0.000000e+00,0.000000e+00,2210486784.0,2282880768.0,28222.5,49.08,0.14
CSV,935010,93500,32,31,0,16178,0,0.000000e+00,0.000000e+00,2282011904.0,2306036224.0,25632.2,49.54,0.05
CSV,940010,94000,32,31,0,16278,0,0.000000e+00,0.000000e+00,2140916736.0,2287372288.0,23196.0,49.94,0.29
BER: END_SEQ #32 [LOCK] seq_err=0 BER_seq=0.0000e+00 | lock=32 slip=0 BER_cond=0.0000e+00 BER_cum=0.0000e+00
CSV,945010,94500,32,32,0,16352,0,0.000000e+00,0.000000e+00,2043319680.0,2358718976.0,26094.2,49.56,0.62
BER: SYNC #33 (gated)
CSV,950010,95000,33,32,0,16401,0,0.000000e+00,0.000000e+00,2190593024.0,2327616256.0,28594.1,49.11,0.26
CSV,955010,95500,33,32,0,16501,0,0.000000e+00,0.000000e+00,2666545664.0,1865984128.0,28288.9,49.74,1.55
CSV,960010,96000,33,32,0,16600,0,0.000000e+00,0.000000e+00,2120229888.0,2272630784.0,28375.1,49.04,0.30
CSV,965010,96500,33,32,0,16700,0,0.000000e+00,0.000000e+00,2174364672.0,2294752768.0,26361.9,49.40,0.23
CSV,970010,97000,33,32,0,16800,0,0.000000e+00,0.000000e+00,2256461312.0,2318278656.0,26453.1,49.43,0.12
BER: END_SEQ #33 [LOCK] seq_err=0 BER_seq=0.0000e+00 | lock=33 slip=0 BER_cond=0.0000e+00 BER_cum=0.0000e+00
CSV,975010,97500,33,33,0,16863,0,0.000000e+00,0.000000e+00,2047681920.0,2340281856.0,26902.8,49.39,0.58
BER: SYNC #34 (gated)
CSV,980010,98000,34,33,0,16923,0,0.000000e+00,0.000000e+00,2117061376.0,2253622784.0,26833.0,49.24,0.27
CSV,985010,98500,34,33,0,17023,0,0.000000e+00,0.000000e+00,2645002240.0,1887669120.0,27370.2,49.85,1.47
CSV,990010,99000,34,33,0,17123,0,0.000000e+00,0.000000e+00,2289366784.0,2243181824.0,25700.2,49.50,0.09
CSV,995010,99500,34,33,0,17223,0,0.000000e+00,0.000000e+00,2091888896.0,2318210560.0,25213.6,49.64,0.45
CSV,1000010,100000,34,33,0,17323,0,0.000000e+00,0.000000e+00,2229466624.0,2186532608.0,25657.9,49.39,0.08
BER: END_SEQ #34 [LOCK] seq_err=0 BER_seq=0.0000e+00 | lock=34 slip=0 BER_cond=0.0000e+00 BER_cum=0.0000e+00
CSV,1005010,100500,34,34,0,17374,0,0.000000e+00,0.000000e+00,2048825984.0,2500003840.0,29759.2,49.24,0.86
BER: SYNC #35 (gated)
CSV,1010010,101000,35,34,0,17446,0,0.000000e+00,0.000000e+00,2036824832.0,2420218112.0,28325.2,49.32,0.75
CSV,1015010,101500,35,34,0,17546,0,0.000000e+00,0.000000e+00,2677681408.0,1729420288.0,25563.8,50.20,1.90
CSV,1020010,102000,35,34,0,17646,0,0.000000e+00,0.000000e+00,2365804032.0,2109497600.0,27852.9,49.29,0.50
CSV,1025010,102500,35,34,0,17746,0,0.000000e+00,0.000000e+00,1961257984.0,2577871360.0,24493.6,50.22,1.19
CSV,1030010,103000,35,34,0,17846,0,0.000000e+00,0.000000e+00,2318958592.0,2084813184.0,28131.4,49.16,0.46
BER: END_SEQ #35 [LOCK] seq_err=0 BER_seq=0.0000e+00 | lock=35 slip=0 BER_cond=0.0000e+00 BER_cum=0.0000e+00
CSV,1035010,103500,35,35,0,17885,0,0.000000e+00,0.000000e+00,1948394880.0,2366274560.0,31179.1,48.80,0.84
BER: SYNC #36 (gated)
CSV,1040010,104000,36,35,0,17969,0,0.000000e+00,0.000000e+00,2158632192.0,2383488768.0,25735.0,49.67,0.43
CSV,1045010,104500,36,35,0,18069,0,0.000000e+00,0.000000e+00,2590541568.0,1894282752.0,27095.2,49.80,1.36
CSV,1050010,105000,36,35,0,18168,0,0.000000e+00,0.000000e+00,2304504832.0,2069336960.0,27066.9,49.30,0.47
CSV,1055010,105500,36,35,0,18268,0,0.000000e+00,0.000000e+00,2003902080.0,2434275840.0,26444.1,49.64,0.84
CSV,1060010,106000,36,35,0,18368,0,0.000000e+00,0.000000e+00,2259917568.0,2285794304.0,25502.9,49.52,0.05
BER: END_SEQ #36 [LOCK] seq_err=0 BER_seq=0.0000e+00 | lock=36 slip=0 BER_cond=0.0000e+00 BER_cum=0.0000e+00
CSV,1065010,106500,36,36,0,18396,0,0.000000e+00,0.000000e+00,1901377280.0,2409048832.0,28368.7,49.29,1.03
BER: SYNC #37 (gated)
CSV,1070010,107000,37,36,0,18491,0,0.000000e+00,0.000000e+00,2219018240.0,2170242816.0,26364.5,49.25,0.10
CSV,1075010,107500,37,36,0,18591,0,0.000000e+00,0.000000e+00,2725016064.0,1787072384.0,27885.4,49.90,1.83
CSV,1080010,108000,37,36,0,18691,0,0.000000e+00,0.000000e+00,2192374784.0,2290665472.0,25224.9,49.58,0.19
CSV,1085010,108500,37,36,0,18791,0,0.000000e+00,0.000000e+00,2082918144.0,2276337920.0,26625.1,49.32,0.39
CSV,1090010,109000,37,36,0,18891,0,0.000000e+00,0.000000e+00,2117476480.0,2293769728.0,26025.2,49.45,0.35
BER: END_SEQ #37 [LOCK] seq_err=0 BER_seq=0.0000e+00 | lock=37 slip=0 BER_cond=0.0000e+00 BER_cum=0.0000e+00
BER: SYNC #38 (gated)
CSV,1095010,109500,38,37,0,18914,0,0.000000e+00,0.000000e+00,2053213568.0,2463494912.0,29418.0,49.23,0.79
CSV,1100010,110000,38,37,0,19014,0,0.000000e+00,0.000000e+00,2151267840.0,2255644928.0,27419.6,49.15,0.21
CSV,1105010,110500,38,37,0,19114,0,0.000000e+00,0.000000e+00,2607034368.0,1762955776.0,25466.2,50.10,1.70
CSV,1110010,111000,38,37,0,19214,0,0.000000e+00,0.000000e+00,2204545536.0,2244978176.0,27539.5,49.11,0.08
CSV,1115010,111500,38,37,0,19314,0,0.000000e+00,0.000000e+00,2084807808.0,2398349056.0,28091.3,49.31,0.61
CSV,1120010,112000,38,37,0,19414,0,0.000000e+00,0.000000e+00,2119319040.0,2262769664.0,23215.6,49.89,0.28
BER: END_SEQ #38 [LOCK] seq_err=0 BER_seq=0.0000e+00 | lock=38 slip=0 BER_cond=0.0000e+00 BER_cum=0.0000e+00
BER: SYNC #39 (gated)
CSV,1125010,112500,39,38,0,19437,0,0.000000e+00,0.000000e+00,1923680000.0,2332972288.0,29519.2,48.98,0.84
CSV,1130010,113000,39,38,0,19537,0,0.000000e+00,0.000000e+00,2367306752.0,2137937536.0,27687.6,49.32,0.44
CSV,1135010,113500,39,38,0,19637,0,0.000000e+00,0.000000e+00,2506191104.0,1915342848.0,27416.2,49.61,1.17
CSV,1140010,114000,39,38,0,19736,0,0.000000e+00,0.000000e+00,2146728192.0,2190388992.0,26075.5,49.24,0.09
CSV,1145010,114500,39,38,0,19836,0,0.000000e+00,0.000000e+00,2132523264.0,2277696768.0,25767.0,49.46,0.29
BER: END_SEQ #39 [LOCK] seq_err=0 BER_seq=0.0000e+00 | lock=39 slip=0 BER_cond=0.0000e+00 BER_cum=0.0000e+00
CSV,1150010,115000,39,39,0,19929,0,0.000000e+00,0.000000e+00,2045431040.0,2444189184.0,27800.5,49.44,0.77
BER: SYNC #40 (gated)
CSV,1155010,115500,40,39,0,19959,0,0.000000e+00,0.000000e+00,2011920000.0,2263028736.0,29094.5,48.91,0.51
CSV,1160010,116000,40,39,0,20059,0,0.000000e+00,0.000000e+00,2471240448.0,1882876672.0,24907.8,49.97,1.18
CSV,1165010,116500,40,39,0,20159,0,0.000000e+00,0.000000e+00,2274219520.0,2193604608.0,24647.8,49.65,0.16
CSV,1170010,117000,40,39,0,20259,0,0.000000e+00,0.000000e+00,2195065344.0,2239316480.0,27437.5,49.12,0.09
CSV,1175010,117500,40,39,0,20359,0,0.000000e+00,0.000000e+00,2152334592.0,2162964224.0,26204.4,49.17,0.02
BER: END_SEQ #40 [LOCK] seq_err=0 BER_seq=0.0000e+00 | lock=40 slip=0 BER_cond=0.0000e+00 BER_cum=0.0000e+00
CSV,1180010,118000,40,40,0,20440,0,0.000000e+00,0.000000e+00,1999378176.0,2356544512.0,25672.8,49.63,0.71
BER: SYNC #41 (gated)
CSV,1185010,118500,41,40,0,20482,0,0.000000e+00,0.000000e+00,2225568512.0,2232176128.0,30033.6,48.71,0.01
CSV,1190010,119000,41,40,0,20582,0,0.000000e+00,0.000000e+00,2483095552.0,1892462336.0,24261.4,50.10,1.18
CSV,1195010,119500,41,40,0,20682,0,0.000000e+00,0.000000e+00,2063011712.0,2234311424.0,25412.1,49.44,0.35
CSV,1200010,120000,41,40,0,20782,0,0.000000e+00,0.000000e+00,2238438656.0,2188072704.0,25631.3,49.41,0.10
CSV,1205010,120500,41,40,0,20882,0,0.000000e+00,0.000000e+00,2067005312.0,2364276224.0,27824.1,49.29,0.58
BER: END_SEQ #41 [LOCK] seq_err=0 BER_seq=0.0000e+00 | lock=41 slip=0 BER_cond=0.0000e+00 BER_cum=0.0000e+00
CSV,1210010,121000,41,41,0,20951,0,0.000000e+00,0.000000e+00,2060216704.0,2211519488.0,26726.1,49.18,0.31
BER: SYNC #42 (gated)
CSV,1215010,121500,42,41,0,21005,0,0.000000e+00,0.000000e+00,2116908544.0,2162073856.0,28350.0,48.82,0.09
CSV,1220010,122000,42,41,0,21105,0,0.000000e+00,0.000000e+00,2578700032.0,1894278016.0,25966.7,49.97,1.34
CSV,1225010,122500,42,41,0,21205,0,0.000000e+00,0.000000e+00,2104567552.0,2245343488.0,24585.4,49.61,0.28
CSV,1230010,123000,42,41,0,21304,0,0.000000e+00,0.000000e+00,2036091264.0,2261420288.0,25043.3,49.56,0.46
CSV,1235010,123500,42,41,0,21404,0,0.000000e+00,0.000000e+00,2201923072.0,2157403904.0,29812.3,48.68,0.09
BER: END_SEQ #42 [LOCK] seq_err=0 BER_seq=0.0000e+00 | lock=42 slip=0 BER_cond=0.0000e+00 BER_cum=0.0000e+00
CSV,1240010,124000,42,42,0,21462,0,0.000000e+00,0.000000e+00,2042068352.0,2359874304.0,27820.8,49.29,0.63
BER: SYNC #43 (gated)
CSV,1245010,124500,43,42,0,21527,0,0.000000e+00,0.000000e+00,1986660352.0,2309232896.0,26042.7,49.48,0.65
CSV,1250010,125000,43,42,0,21627,0,0.000000e+00,0.000000e+00,2644685056.0,1667904512.0,26258.7,50.03,2.00
CSV,1255010,125500,43,42,0,21727,0,0.000000e+00,0.000000e+00,2217077760.0,2206083072.0,26250.2,49.27,0.02
CSV,1260010,126000,43,42,0,21827,0,0.000000e+00,0.000000e+00,2024701056.0,2345233408.0,26887.9,49.41,0.64
CSV,1265010,126500,43,42,0,21927,0,0.000000e+00,0.000000e+00,2155148032.0,2118013952.0,25408.3,49.29,0.08
BER: END_SEQ #43 [LOCK] seq_err=0 BER_seq=0.0000e+00 | lock=43 slip=0 BER_cond=0.0000e+00 BER_cum=0.0000e+00
CSV,1270010,127000,43,43,0,21973,0,0.000000e+00,0.000000e+00,1935156992.0,2342455808.0,28861.5,49.09,0.83
BER: SYNC #44 (gated)
CSV,1275010,127500,44,43,0,22050,0,0.000000e+00,0.000000e+00,2087191168.0,2343698432.0,24224.8,49.86,0.50
CSV,1280010,128000,44,43,0,22150,0,0.000000e+00,0.000000e+00,2556566272.0,1766527360.0,25715.5,49.97,1.61
CSV,1285010,128500,44,43,0,22250,0,0.000000e+00,0.000000e+00,2244163328.0,2028686208.0,24333.8,49.65,0.44
CSV,1290010,129000,44,43,0,22350,0,0.000000e+00,0.000000e+00,1899682688.0,2485111040.0,27964.5,49.49,1.17
CSV,1295010,129500,44,43,0,22450,0,0.000000e+00,0.000000e+00,2258473728.0,2130245504.0,27708.5,49.11,0.25
BER: END_SEQ #44 [LOCK] seq_err=0 BER_seq=0.0000e+00 | lock=44 slip=0 BER_cond=0.0000e+00 BER_cum=0.0000e+00
CSV,1300010,130000,44,44,0,22484,0,0.000000e+00,0.000000e+00,1870773632.0,2286953728.0,27951.4,49.13,0.87
BER: SYNC #45 (gated)
CSV,1305010,130500,45,44,0,22573,0,0.000000e+00,0.000000e+00,2087440640.0,2216231168.0,25790.3,49.34,0.26
CSV,1310010,131000,45,44,0,22673,0,0.000000e+00,0.000000e+00,2637388800.0,1789740160.0,29629.9,49.49,1.68
CSV,1315010,131500,45,44,0,22773,0,0.000000e+00,0.000000e+00,2129563136.0,2182658816.0,24956.3,49.42,0.11
CSV,1320010,132000,45,44,0,22872,0,0.000000e+00,0.000000e+00,2048199808.0,2196580096.0,28846.1,48.82,0.30
CSV,1325010,132500,45,44,0,22972,0,0.000000e+00,0.000000e+00,2140201216.0,2192419840.0,24674.1,49.49,0.10
BER: END_SEQ #45 [LOCK] seq_err=0 BER_seq=0.0000e+00 | lock=45 slip=0 BER_cond=0.0000e+00 BER_cum=0.0000e+00
BER: SYNC #46 (gated)
CSV,1330010,133000,46,45,0,22995,0,0.000000e+00,0.000000e+00,1874144384.0,2459635200.0,33333.1,48.68,1.18
CSV,1335010,133500,46,45,0,23095,0,0.000000e+00,0.000000e+00,2119550080.0,2143099264.0,25400.2,49.26,0.05
CSV,1340010,134000,46,45,0,23195,0,0.000000e+00,0.000000e+00,2587384832.0,1690081408.0,26417.1,49.91,1.85
CSV,1345010,134500,46,45,0,23295,0,0.000000e+00,0.000000e+00,2187423232.0,2200374272.0,27048.7,49.10,0.03
CSV,1350010,135000,46,45,0,23395,0,0.000000e+00,0.000000e+00,1970567680.0,2320594176.0,27160.6,49.32,0.71
CSV,1355010,135500,46,45,0,23495,0,0.000000e+00,0.000000e+00,2096352000.0,2149931520.0,27729.1,48.89,0.11
BER: END_SEQ #46 [LOCK] seq_err=0 BER_seq=0.0000e+00 | lock=46 slip=0 BER_cond=0.0000e+00 BER_cum=0.0000e+00
BER: SYNC #47 (gated)
CSV,1360010,136000,47,46,0,23518,0,0.000000e+00,0.000000e+00,1835810944.0,2372798208.0,32339.3,48.66,1.11
CSV,1365010,136500,47,46,0,23618,0,0.000000e+00,0.000000e+00,2214023424.0,2167665664.0,25188.9,49.44,0.09
CSV,1370010,137000,47,46,0,23718,0,0.000000e+00,0.000000e+00,2464017664.0,1790813440.0,28504.2,49.37,1.39
CSV,1375010,137500,47,46,0,23818,0,0.000000e+00,0.000000e+00,2174780672.0,2048921856.0,23766.1,49.61,0.26
CSV,1380010,138000,47,46,0,23918,0,0.000000e+00,0.000000e+00,1980441216.0,2370526976.0,24985.1,49.77,0.78
BER: END_SEQ #47 [LOCK] seq_err=0 BER_seq=0.0000e+00 | lock=47 slip=0 BER_cond=0.0000e+00 BER_cum=0.0000e+00
CSV,1385010,138500,47,47,0,24017,0,0.000000e+00,0.000000e+00,2048993024.0,2282180352.0,23213.4,49.93,0.47
BER: SYNC #48 (gated)
CSV,1390010,139000,48,47,0,24041,0,0.000000e+00,0.000000e+00,1901339008.0,2209500672.0,29529.4,48.74,0.65
CSV,1395010,139500,48,47,0,24141,0,0.000000e+00,0.000000e+00,2322280960.0,1929054336.0,23697.3,49.91,0.81
CSV,1400010,140000,48,47,0,24241,0,0.000000e+00,0.000000e+00,2428839168.0,1944988672.0,24889.2,49.89,0.96
CSV,1405010,140500,48,47,0,24341,0,0.000000e+00,0.000000e+00,2103515520.0,2149343744.0,26898.5,49.03,0.09
CSV,1410010,141000,48,47,0,24440,0,0.000000e+00,0.000000e+00,1984421248.0,2219239168.0,24790.2,49.52,0.49
BER: END_SEQ #48 [LOCK] seq_err=0 BER_seq=0.0000e+00 | lock=48 slip=0 BER_cond=0.0000e+00 BER_cum=0.0000e+00
CSV,1415010,141500,48,48,0,24528,0,0.000000e+00,0.000000e+00,1982835968.0,2303667712.0,27952.8,49.16,0.65
BER: SYNC #49 (gated)
CSV,1420010,142000,49,48,0,24563,0,0.000000e+00,0.000000e+00,2102107008.0,2219680256.0,32087.8,48.40,0.24
CSV,1425010,142500,49,48,0,24663,0,0.000000e+00,0.000000e+00,2376889600.0,1833934592.0,25619.5,49.67,1.13
CSV,1430010,143000,49,48,0,24763,0,0.000000e+00,0.000000e+00,2076436608.0,2128156416.0,25892.5,49.15,0.11
CSV,1435010,143500,49,48,0,24863,0,0.000000e+00,0.000000e+00,2145264640.0,2195426816.0,24190.8,49.58,0.10
CSV,1440010,144000,49,48,0,24963,0,0.000000e+00,0.000000e+00,2074158720.0,2174670848.0,25858.6,49.25,0.21
BER: END_SEQ #49 [LOCK] seq_err=0 BER_seq=0.0000e+00 | lock=49 slip=0 BER_cond=0.0000e+00 BER_cum=0.0000e+00
CSV,1445010,144500,49,49,0,25039,0,0.000000e+00,0.000000e+00,1937213696.0,2210888192.0,26539.0,49.21,0.57
BER: SYNC #50 (gated)
CSV,1450010,145000,50,49,0,25086,0,0.000000e+00,0.000000e+00,2049287552.0,2135905280.0,27310.6,48.93,0.18
CSV,1455010,145500,50,49,0,25186,0,0.000000e+00,0.000000e+00,2540925184.0,1799147136.0,25340.9,50.01,1.50
CSV,1460010,146000,50,49,0,25286,0,0.000000e+00,0.000000e+00,1942169216.0,2221713408.0,25488.0,49.40,0.58
CSV,1465010,146500,50,49,0,25386,0,0.000000e+00,0.000000e+00,2100384512.0,2087379200.0,24955.9,49.25,0.03
CSV,1470010,147000,50,49,0,25486,0,0.000000e+00,0.000000e+00,2043639552.0,2242648576.0,27264.5,49.15,0.40
BER: END_SEQ #50 [LOCK] seq_err=0 BER_seq=0.0000e+00 | lock=50 slip=0 BER_cond=0.0000e+00 BER_cum=0.0000e+00
CSV,1475010,147500,50,50,0,25550,0,0.000000e+00,0.000000e+00,1988925824.0,2219817216.0,26837.0,49.18,0.48
BER: SYNC #51 (gated)
CSV,1480010,148000,51,50,0,25609,0,0.000000e+00,0.000000e+00,1992173568.0,2130397952.0,28503.5,48.74,0.29
CSV,1485010,148500,51,50,0,25709,0,0.000000e+00,0.000000e+00,2471298560.0,1743415936.0,27452.9,49.54,1.52
CSV,1490010,149000,51,50,0,25809,0,0.000000e+00,0.000000e+00,2177236736.0,2135940992.0,24229.6,49.54,0.08
CSV,1495010,149500,51,50,0,25909,0,0.000000e+00,0.000000e+00,1935142016.0,2251448320.0,23451.9,49.82,0.66
CSV,1500010,150000,51,50,0,26008,0,0.000000e+00,0.000000e+00,2091747840.0,2043930624.0,27262.7,48.85,0.10
BER: END_SEQ #51 [LOCK] seq_err=0 BER_seq=0.0000e+00 | lock=51 slip=0 BER_cond=0.0000e+00 BER_cum=0.0000e+00
CSV,1505010,150500,51,51,0,26061,0,0.000000e+00,0.000000e+00,1918829568.0,2317944320.0,27724.0,49.22,0.82

=========================================
=== END OF TEST (duration=25 min) ===
=========================================
FINAL: syncs=51 lock=51 slip=0 slip_rate=0.0000
FINAL: bits_cum=26061 err_cum=0 BER_cum=0.0000e+00
FINAL: bits_lock=26061 err_lock=0 BER_cond=0.0000e+00
=========================================
=== STOP LOGGING NOW ===
=========================================
12/06/2026 15:33:37 -> COM8 Connection unexpectedly lost. Attempting to reconnect automatically...
