

=== RX BOOT - BER TEST MODE ===
BPS_MODE=40 (HALF_SAMPLES=1000, 5000 samples/bit @ 200000 Hz)
Expect: 64-bit preamble + Barker13 (1F35h, gated by 8 preamble bits = 0x55) + 511-bit PRBS-9
Noise floor band: 5000 Hz; lock threshold: BER<0.10
Auto-stop: test will halt 25 min after the first sync.
RX: edge-tracking sync, center-3 voting
Starting decoder...

BER: SYNC #1 (gated)
CSV,5007,1000,1,0,0,16,0,0.000000e+00,0.000000e+00,9776409.0,10063127.0,8814.1,30.58,0.13
CSV,10007,2000,1,0,0,216,0,0.000000e+00,0.000000e+00,11046954.0,9371645.0,8373.7,31.20,0.71
CSV,15007,3000,1,0,0,416,0,0.000000e+00,0.000000e+00,9726110.0,10164017.0,8663.3,30.69,0.19
BER: END_SEQ #1 [LOCK] seq_err=0 BER_seq=0.0000e+00 | lock=1 slip=0 BER_cond=0.0000e+00 BER_cum=0.0000e+00
BER: SYNC #2 (gated)
CSV,20007,4000,2,1,0,539,0,0.000000e+00,0.000000e+00,9221295.0,11123257.0,8732.9,31.05,0.81
CSV,25007,5000,2,1,0,739,0,0.000000e+00,0.000000e+00,10739181.0,9159836.0,8559.1,30.99,0.69
CSV,30007,6000,2,1,0,939,0,0.000000e+00,0.000000e+00,9950576.0,10466696.0,7955.7,31.19,0.22
BER: END_SEQ #2 [LOCK] seq_err=0 BER_seq=0.0000e+00 | lock=2 slip=0 BER_cond=0.0000e+00 BER_cum=0.0000e+00
BER: SYNC #3 (gated)
CSV,35007,7000,3,2,0,1062,0,0.000000e+00,0.000000e+00,9237701.0,10372220.0,9175.1,30.53,0.50
CSV,40007,8000,3,2,0,1262,0,0.000000e+00,0.000000e+00,10518295.0,9684791.0,8589.4,30.88,0.36
CSV,45007,9000,3,2,0,1462,0,0.000000e+00,0.000000e+00,9544969.0,10165834.0,8791.7,30.63,0.27
BER: END_SEQ #3 [LOCK] seq_err=0 BER_seq=0.0000e+00 | lock=3 slip=0 BER_cond=0.0000e+00 BER_cum=0.0000e+00
BER: SYNC #4 (gated)
CSV,50007,10000,4,3,0,1585,0,0.000000e+00,0.000000e+00,9575566.0,10644004.0,8717.5,30.87,0.46
CSV,55007,11000,4,3,0,1784,0,0.000000e+00,0.000000e+00,10345301.0,9326564.0,8374.2,30.92,0.45
CSV,60007,12000,4,3,0,1984,0,0.000000e+00,0.000000e+00,9908454.0,10307226.0,8481.7,30.85,0.17
BER: END_SEQ #4 [LOCK] seq_err=0 BER_seq=0.0000e+00 | lock=4 slip=0 BER_cond=0.0000e+00 BER_cum=0.0000e+00
BER: SYNC #5 (gated)
CSV,65007,13000,5,4,0,2107,0,0.000000e+00,0.000000e+00,8942477.0,10586372.0,9238.0,30.59,0.73
CSV,70007,14000,5,4,0,2307,0,0.000000e+00,0.000000e+00,11140108.0,9082265.0,8393.9,31.23,0.89
CSV,75007,15000,5,4,0,2507,0,0.000000e+00,0.000000e+00,9325318.0,10351217.0,9117.0,30.55,0.45
BER: END_SEQ #5 [LOCK] seq_err=0 BER_seq=0.0000e+00 | lock=5 slip=0 BER_cond=0.0000e+00 BER_cum=0.0000e+00
BER: SYNC #6 (gated)
CSV,80007,16000,6,5,0,2630,0,0.000000e+00,0.000000e+00,9263098.0,10919625.0,8992.4,30.84,0.71
CSV,85007,17000,6,5,0,2830,0,0.000000e+00,0.000000e+00,10887321.0,8803711.0,8156.7,31.25,0.92
CSV,90007,18000,6,5,0,3030,0,0.000000e+00,0.000000e+00,9573592.0,10677946.0,8142.3,31.18,0.47
BER: END_SEQ #6 [LOCK] seq_err=0 BER_seq=0.0000e+00 | lock=6 slip=0 BER_cond=0.0000e+00 BER_cum=0.0000e+00
BER: SYNC #7 (gated)
CSV,95007,19000,7,6,0,3153,0,0.000000e+00,0.000000e+00,9039469.0,10473234.0,9175.0,30.57,0.64
CSV,100007,20000,7,6,0,3353,0,0.000000e+00,0.000000e+00,10819327.0,9364470.0,8682.9,30.96,0.63
CSV,105007,21000,7,6,0,3552,0,0.000000e+00,0.000000e+00,9431673.0,10256684.0,8278.8,30.93,0.36
BER: END_SEQ #7 [LOCK] seq_err=0 BER_seq=0.0000e+00 | lock=7 slip=0 BER_cond=0.0000e+00 BER_cum=0.0000e+00
BER: SYNC #8 (gated)
CSV,110007,22000,8,7,0,3675,0,0.000000e+00,0.000000e+00,9300007.0,10744336.0,8949.6,30.79,0.63
CSV,115007,23000,8,7,0,3875,0,0.000000e+00,0.000000e+00,10757600.0,8936052.0,9445.5,30.56,0.81
CSV,120007,24000,8,7,0,4075,0,0.000000e+00,0.000000e+00,9438131.0,10723978.0,8644.7,30.94,0.55
BER: END_SEQ #8 [LOCK] seq_err=0 BER_seq=0.0000e+00 | lock=8 slip=0 BER_cond=0.0000e+00 BER_cum=0.0000e+00
BER: SYNC #9 (gated)
CSV,125007,25000,9,8,0,4198,0,0.000000e+00,0.000000e+00,9242411.0,10323502.0,8465.1,30.86,0.48
CSV,130007,26000,9,8,0,4398,0,0.000000e+00,0.000000e+00,10865759.0,9299377.0,8271.3,31.18,0.68
CSV,135007,27000,9,8,0,4598,0,0.000000e+00,0.000000e+00,9090896.0,10698983.0,7864.0,31.34,0.71
BER: END_SEQ #9 [LOCK] seq_err=0 BER_seq=0.0000e+00 | lock=9 slip=0 BER_cond=0.0000e+00 BER_cum=0.0000e+00
BER: SYNC #10 (gated)
CSV,140007,28000,10,9,0,4721,0,0.000000e+00,0.000000e+00,9874999.0,10021778.0,8962.3,30.49,0.06
CSV,145007,29000,10,9,0,4921,0,0.000000e+00,0.000000e+00,10398268.0,9360809.0,8891.5,30.68,0.46
BER: END_SEQ #10 [LOCK] seq_err=0 BER_seq=0.0000e+00 | lock=10 slip=0 BER_cond=0.0000e+00 BER_cum=0.0000e+00
CSV,150007,30000,10,10,0,5110,0,0.000000e+00,0.000000e+00,9315318.0,10766465.0,9572.0,30.51,0.63
BER: SYNC #11 (gated)
CSV,155007,31000,11,10,0,5243,0,0.000000e+00,0.000000e+00,10251610.0,9462772.0,7978.2,31.09,0.35
CSV,160007,32000,11,10,0,5443,0,0.000000e+00,0.000000e+00,9732480.0,10315919.0,8414.7,30.88,0.25
BER: END_SEQ #11 [LOCK] seq_err=0 BER_seq=0.0000e+00 | lock=11 slip=0 BER_cond=0.0000e+00 BER_cum=0.0000e+00
CSV,165007,33000,11,11,0,5621,0,0.000000e+00,0.000000e+00,9421266.0,10308767.0,8706.1,30.73,0.39
BER: SYNC #12 (gated)
CSV,170007,34000,12,11,0,5766,0,0.000000e+00,0.000000e+00,10545023.0,9326231.0,8453.1,30.96,0.53
CSV,175007,35000,12,11,0,5966,0,0.000000e+00,0.000000e+00,9546436.0,10247094.0,7034.7,31.63,0.31
BER: END_SEQ #12 [LOCK] seq_err=0 BER_seq=0.0000e+00 | lock=12 slip=0 BER_cond=0.0000e+00 BER_cum=0.0000e+00
CSV,180007,36000,12,12,0,6132,0,0.000000e+00,0.000000e+00,9353209.0,10506754.0,5247.8,33.01,0.51
BER: SYNC #13 (gated)
CSV,185007,37000,13,12,0,6289,0,0.000000e+00,0.000000e+00,10479407.0,9294186.0,5158.6,33.08,0.52
CSV,190007,38000,13,12,0,6489,0,0.000000e+00,0.000000e+00,9393779.0,10421728.0,5258.9,32.97,0.45
BER: END_SEQ #13 [LOCK] seq_err=0 BER_seq=0.0000e+00 | lock=13 slip=0 BER_cond=0.0000e+00 BER_cum=0.0000e+00
CSV,195007,39000,13,13,0,6643,0,0.000000e+00,0.000000e+00,9377744.0,10240790.0,4955.9,33.15,0.38
BER: SYNC #14 (gated)
CSV,200007,40000,14,13,0,6812,0,0.000000e+00,0.000000e+00,10498565.0,9324980.0,6495.1,32.09,0.51
CSV,205007,41000,14,13,0,7011,0,0.000000e+00,0.000000e+00,9569815.0,10391415.0,7155.3,31.62,0.36
BER: END_SEQ #14 [LOCK] seq_err=0 BER_seq=0.0000e+00 | lock=14 slip=0 BER_cond=0.0000e+00 BER_cum=0.0000e+00
CSV,210007,42000,14,14,0,7154,0,0.000000e+00,0.000000e+00,9386459.0,10407634.0,8104.2,31.09,0.45
BER: SYNC #15 (gated)
CSV,215007,43000,15,14,0,7334,0,0.000000e+00,0.000000e+00,10419468.0,9579350.0,8238.3,31.02,0.37
CSV,220007,44000,15,14,0,7534,0,0.000000e+00,0.000000e+00,9505358.0,10342143.0,8049.5,31.09,0.37
BER: END_SEQ #15 [LOCK] seq_err=0 BER_seq=0.0000e+00 | lock=15 slip=0 BER_cond=0.0000e+00 BER_cum=0.0000e+00
CSV,225007,45000,15,15,0,7665,0,0.000000e+00,0.000000e+00,9341540.0,10451737.0,7936.6,31.20,0.49
BER: SYNC #16 (gated)
CSV,230007,46000,16,15,0,7857,0,0.000000e+00,0.000000e+00,10846048.0,8997313.0,8781.7,30.92,0.81
CSV,235007,47000,16,15,0,8057,0,0.000000e+00,0.000000e+00,9652602.0,10378406.0,8182.5,31.03,0.31
BER: END_SEQ #16 [LOCK] seq_err=0 BER_seq=0.0000e+00 | lock=16 slip=0 BER_cond=0.0000e+00 BER_cum=0.0000e+00
BER: SYNC #17 (gated)
CSV,240007,48000,17,16,0,8180,0,0.000000e+00,0.000000e+00,9150006.0,10546204.0,8041.2,31.18,0.62
CSV,245007,49000,17,16,0,8380,0,0.000000e+00,0.000000e+00,10833158.0,9235740.0,8207.0,31.21,0.69
CSV,250007,50000,17,16,0,8580,0,0.000000e+00,0.000000e+00,9366865.0,10424888.0,8448.2,30.91,0.46
BER: END_SEQ #17 [LOCK] seq_err=0 BER_seq=0.0000e+00 | lock=17 slip=0 BER_cond=0.0000e+00 BER_cum=0.0000e+00
BER: SYNC #18 (gated)
CSV,255007,51000,18,17,0,8703,0,0.000000e+00,0.000000e+00,9022043.0,10936133.0,8513.7,31.09,0.84
CSV,260007,52000,18,17,0,8902,0,0.000000e+00,0.000000e+00,10724859.0,9016751.0,7880.8,31.34,0.75
CSV,265007,53000,18,17,0,9102,0,0.000000e+00,0.000000e+00,9804793.0,10284744.0,7944.6,31.12,0.21
BER: END_SEQ #18 [LOCK] seq_err=0 BER_seq=0.0000e+00 | lock=18 slip=0 BER_cond=0.0000e+00 BER_cum=0.0000e+00
BER: SYNC #19 (gated)
CSV,270007,54000,19,18,0,9225,0,0.000000e+00,0.000000e+00,8838645.0,10698341.0,8443.2,31.03,0.83
CSV,275007,55000,19,18,0,9425,0,0.000000e+00,0.000000e+00,10925506.0,9205154.0,7874.7,31.42,0.74
CSV,280007,56000,19,18,0,9625,0,0.000000e+00,0.000000e+00,9487317.0,10251472.0,8903.1,30.61,0.34
BER: END_SEQ #19 [LOCK] seq_err=0 BER_seq=0.0000e+00 | lock=19 slip=0 BER_cond=0.0000e+00 BER_cum=0.0000e+00
BER: SYNC #20 (gated)
CSV,285007,57000,20,19,0,9748,0,0.000000e+00,0.000000e+00,9508725.0,10581669.0,8639.2,30.88,0.46
CSV,290007,58000,20,19,0,9948,0,0.000000e+00,0.000000e+00,10262894.0,9470285.0,7829.7,31.18,0.35
CSV,295007,59000,20,19,0,10148,0,0.000000e+00,0.000000e+00,9834991.0,10335280.0,8684.5,30.76,0.22
BER: END_SEQ #20 [LOCK] seq_err=0 BER_seq=0.0000e+00 | lock=20 slip=0 BER_cond=0.0000e+00 BER_cum=0.0000e+00
BER: SYNC #21 (gated)
CSV,300007,60000,21,20,0,10271,0,0.000000e+00,0.000000e+00,9129061.0,10378295.0,8204.0,31.02,0.56
CSV,305007,61000,21,20,0,10471,0,0.000000e+00,0.000000e+00,10610991.0,9590798.0,9411.6,30.52,0.44
CSV,310007,62000,21,20,0,10670,0,0.000000e+00,0.000000e+00,9611778.0,10078812.0,8794.4,30.59,0.21
BER: END_SEQ #21 [LOCK] seq_err=0 BER_seq=0.0000e+00 | lock=21 slip=0 BER_cond=0.0000e+00 BER_cum=0.0000e+00
BER: SYNC #22 (gated)
CSV,315007,63000,22,21,0,10793,0,0.000000e+00,0.000000e+00,9418202.0,10791662.0,7937.3,31.33,0.59
CSV,320007,64000,22,21,0,10993,0,0.000000e+00,0.000000e+00,10846543.0,8882931.0,8736.0,30.94,0.87
CSV,325007,65000,22,21,0,11193,0,0.000000e+00,0.000000e+00,9618776.0,10582645.0,8970.4,30.72,0.41
BER: END_SEQ #22 [LOCK] seq_err=0 BER_seq=0.0000e+00 | lock=22 slip=0 BER_cond=0.0000e+00 BER_cum=0.0000e+00
BER: SYNC #23 (gated)
CSV,330007,66000,23,22,0,11316,0,0.000000e+00,0.000000e+00,8865920.0,10655507.0,9282.1,30.60,0.80
CSV,335007,67000,23,22,0,11516,0,0.000000e+00,0.000000e+00,11213920.0,9016698.0,9322.0,30.80,0.95
CSV,340007,68000,23,22,0,11716,0,0.000000e+00,0.000000e+00,9243948.0,10495878.0,8595.7,30.87,0.55
BER: END_SEQ #23 [LOCK] seq_err=0 BER_seq=0.0000e+00 | lock=23 slip=0 BER_cond=0.0000e+00 BER_cum=0.0000e+00
BER: SYNC #24 (gated)
CSV,345007,69000,24,23,0,11839,0,0.000000e+00,0.000000e+00,9440913.0,10775888.0,9174.2,30.70,0.57
CSV,350007,70000,24,23,0,12039,0,0.000000e+00,0.000000e+00,10586493.0,9151570.0,8693.2,30.86,0.63
CSV,355007,71000,24,23,0,12239,0,0.000000e+00,0.000000e+00,9610976.0,10646222.0,8698.0,30.88,0.44
BER: END_SEQ #24 [LOCK] seq_err=0 BER_seq=0.0000e+00 | lock=24 slip=0 BER_cond=0.0000e+00 BER_cum=0.0000e+00
BER: SYNC #25 (gated)
CSV,360007,72000,25,24,0,12361,0,0.000000e+00,0.000000e+00,9111481.0,10425018.0,8696.5,30.79,0.58
CSV,365007,73000,25,24,0,12561,0,0.000000e+00,0.000000e+00,10927797.0,9301980.0,9148.4,30.77,0.70
CSV,370007,74000,25,24,0,12761,0,0.000000e+00,0.000000e+00,9259002.0,10480984.0,8653.9,30.83,0.54
BER: END_SEQ #25 [LOCK] seq_err=0 BER_seq=0.0000e+00 | lock=25 slip=0 BER_cond=0.0000e+00 BER_cum=0.0000e+00
BER: SYNC #26 (gated)
CSV,375007,75000,26,25,0,12884,0,0.000000e+00,0.000000e+00,9484894.0,10610853.0,9312.8,30.57,0.49
CSV,380007,76000,26,25,0,13084,0,0.000000e+00,0.000000e+00,10693390.0,9052510.0,9322.9,30.60,0.72
CSV,385007,77000,26,25,0,13284,0,0.000000e+00,0.000000e+00,9358538.0,10885450.0,8824.4,30.91,0.66
BER: END_SEQ #26 [LOCK] seq_err=0 BER_seq=0.0000e+00 | lock=26 slip=0 BER_cond=0.0000e+00 BER_cum=0.0000e+00
BER: SYNC #27 (gated)
CSV,390007,78000,27,26,0,13407,0,0.000000e+00,0.000000e+00,9589163.0,9965570.0,8667.6,30.61,0.17
CSV,395007,79000,27,26,0,13607,0,0.000000e+00,0.000000e+00,10630353.0,9646137.0,8736.5,30.85,0.42
BER: END_SEQ #27 [LOCK] seq_err=0 BER_seq=0.0000e+00 | lock=27 slip=0 BER_cond=0.0000e+00 BER_cum=0.0000e+00
CSV,400007,80000,27,27,0,13797,0,0.000000e+00,0.000000e+00,9143073.0,10623760.0,8608.2,30.91,0.65
BER: SYNC #28 (gated)
CSV,405007,81000,28,27,0,13930,0,0.000000e+00,0.000000e+00,10424196.0,9637411.0,9165.4,30.56,0.34
CSV,410007,82000,28,27,0,14129,0,0.000000e+00,0.000000e+00,9700356.0,10089269.0,8452.9,30.77,0.17
BER: END_SEQ #28 [LOCK] seq_err=0 BER_seq=0.0000e+00 | lock=28 slip=0 BER_cond=0.0000e+00 BER_cum=0.0000e+00
CSV,415007,83000,28,28,0,14308,0,0.000000e+00,0.000000e+00,9574142.0,10590876.0,9516.5,30.46,0.44
BER: SYNC #29 (gated)
CSV,420007,84000,29,28,0,14452,0,0.000000e+00,0.000000e+00,10500892.0,9284329.0,8686.0,30.82,0.53
CSV,425007,85000,29,28,0,14652,0,0.000000e+00,0.000000e+00,9769989.0,10416243.0,8595.2,30.83,0.28
BER: END_SEQ #29 [LOCK] seq_err=0 BER_seq=0.0000e+00 | lock=29 slip=0 BER_cond=0.0000e+00 BER_cum=0.0000e+00
CSV,430007,86000,29,29,0,14819,0,0.000000e+00,0.000000e+00,9224610.0,10527932.0,8306.3,31.03,0.57
BER: SYNC #30 (gated)
CSV,435007,87000,30,29,0,14975,0,0.000000e+00,0.000000e+00,10644078.0,9441834.0,8653.7,30.90,0.52
CSV,440007,88000,30,29,0,15175,0,0.000000e+00,0.000000e+00,9326924.0,10520487.0,8644.4,30.85,0.52
BER: END_SEQ #30 [LOCK] seq_err=0 BER_seq=0.0000e+00 | lock=30 slip=0 BER_cond=0.0000e+00 BER_cum=0.0000e+00
CSV,445007,89000,30,30,0,15330,0,0.000000e+00,0.000000e+00,9745474.0,10414018.0,9050.0,30.61,0.29
BER: SYNC #31 (gated)
CSV,450007,90000,31,30,0,15498,0,0.000000e+00,0.000000e+00,10574873.0,9342176.0,8599.9,30.90,0.54
CSV,455007,91000,31,30,0,15698,0,0.000000e+00,0.000000e+00,9642705.0,10520480.0,8179.7,31.09,0.38
BER: END_SEQ #31 [LOCK] seq_err=0 BER_seq=0.0000e+00 | lock=31 slip=0 BER_cond=0.0000e+00 BER_cum=0.0000e+00
CSV,460007,92000,31,31,0,15841,0,0.000000e+00,0.000000e+00,9323500.0,10372174.0,9071.9,30.58,0.46
BER: SYNC #32 (gated)
CSV,465007,93000,32,31,0,16020,0,0.000000e+00,0.000000e+00,10486341.0,9654881.0,8562.9,30.88,0.36
CSV,470007,94000,32,31,0,16220,0,0.000000e+00,0.000000e+00,9523052.0,10423380.0,8501.6,30.89,0.39
BER: END_SEQ #32 [LOCK] seq_err=0 BER_seq=0.0000e+00 | lock=32 slip=0 BER_cond=0.0000e+00 BER_cum=0.0000e+00
CSV,475007,95000,32,32,0,16352,0,0.000000e+00,0.000000e+00,9439875.0,10613877.0,8770.6,30.83,0.51
BER: SYNC #33 (gated)
CSV,480007,96000,33,32,0,16543,0,0.000000e+00,0.000000e+00,10888260.0,9141926.0,7965.4,31.36,0.76
CSV,485007,97000,33,32,0,16743,0,0.000000e+00,0.000000e+00,9702114.0,10370236.0,9263.9,30.49,0.29
BER: END_SEQ #33 [LOCK] seq_err=0 BER_seq=0.0000e+00 | lock=33 slip=0 BER_cond=0.0000e+00 BER_cum=0.0000e+00
BER: SYNC #34 (gated)
CSV,490007,98000,34,33,0,16866,0,0.000000e+00,0.000000e+00,9169428.0,10644289.0,8533.3,30.96,0.65
CSV,495007,99000,34,33,0,17066,0,0.000000e+00,0.000000e+00,10848197.0,9243119.0,8644.7,30.99,0.70
CSV,500007,100000,34,33,0,17266,0,0.000000e+00,0.000000e+00,9482958.0,10553285.0,8539.7,30.92,0.46
BER: END_SEQ #34 [LOCK] seq_err=0 BER_seq=0.0000e+00 | lock=34 slip=0 BER_cond=0.0000e+00 BER_cum=0.0000e+00
BER: SYNC #35 (gated)
CSV,505007,101000,35,34,0,17389,0,0.000000e+00,0.000000e+00,8994984.0,10884419.0,9796.3,30.46,0.83
CSV,510007,102000,35,34,0,17589,0,0.000000e+00,0.000000e+00,10984200.0,9135320.0,8860.0,30.93,0.80
CSV,515007,103000,35,34,0,17788,0,0.000000e+00,0.000000e+00,9649192.0,10306658.0,8896.7,30.64,0.29
BER: END_SEQ #35 [LOCK] seq_err=0 BER_seq=0.0000e+00 | lock=35 slip=0 BER_cond=0.0000e+00 BER_cum=0.0000e+00
BER: SYNC #36 (gated)
CSV,520007,104000,36,35,0,17911,0,0.000000e+00,0.000000e+00,9064605.0,10886457.0,9733.7,30.49,0.80
CSV,525007,105000,36,35,0,18111,0,0.000000e+00,0.000000e+00,10871676.0,9047183.0,9108.6,30.77,0.80
CSV,530007,106000,36,35,0,18311,0,0.000000e+00,0.000000e+00,9650701.0,10528428.0,8984.0,30.69,0.38
BER: END_SEQ #36 [LOCK] seq_err=0 BER_seq=0.0000e+00 | lock=36 slip=0 BER_cond=0.0000e+00 BER_cum=0.0000e+00
BER: SYNC #37 (gated)
CSV,535007,107000,37,36,0,18434,0,0.000000e+00,0.000000e+00,9345244.0,10350568.0,9220.3,30.50,0.44
CSV,540007,108000,37,36,0,18634,0,0.000000e+00,0.000000e+00,10493914.0,9679649.0,8766.4,30.78,0.35
CSV,545007,109000,37,36,0,18834,0,0.000000e+00,0.000000e+00,9630031.0,10229096.0,8420.2,30.85,0.26
BER: END_SEQ #37 [LOCK] seq_err=0 BER_seq=0.0000e+00 | lock=37 slip=0 BER_cond=0.0000e+00 BER_cum=0.0000e+00
BER: SYNC #38 (gated)
CSV,550007,110000,38,37,0,18957,0,0.000000e+00,0.000000e+00,9494259.0,10549082.0,9230.5,30.58,0.46
CSV,555007,111000,38,37,0,19157,0,0.000000e+00,0.000000e+00,10439549.0,9406969.0,9446.1,30.43,0.45
CSV,560007,112000,38,37,0,19357,0,0.000000e+00,0.000000e+00,9797837.0,10379863.0,8114.1,31.07,0.25
BER: END_SEQ #38 [LOCK] seq_err=0 BER_seq=0.0000e+00 | lock=38 slip=0 BER_cond=0.0000e+00 BER_cum=0.0000e+00
BER: SYNC #39 (gated)
CSV,565007,113000,39,38,0,19479,0,0.000000e+00,0.000000e+00,9186212.0,10487611.0,9329.7,30.51,0.58
CSV,570007,114000,39,38,0,19679,0,0.000000e+00,0.000000e+00,11016317.0,9220326.0,8885.8,30.93,0.77
CSV,575007,115000,39,38,0,19879,0,0.000000e+00,0.000000e+00,9485740.0,10322887.0,9158.3,30.52,0.37
BER: END_SEQ #39 [LOCK] seq_err=0 BER_seq=0.0000e+00 | lock=39 slip=0 BER_cond=0.0000e+00 BER_cum=0.0000e+00
BER: SYNC #40 (gated)
CSV,580007,116000,40,39,0,20002,0,0.000000e+00,0.000000e+00,9139692.0,11097403.0,8901.5,30.96,0.84
CSV,585007,117000,40,39,0,20202,0,0.000000e+00,0.000000e+00,11072120.0,8699873.0,8480.8,31.16,1.05
CSV,590007,118000,40,39,0,20402,0,0.000000e+00,0.000000e+00,9495908.0,10783088.0,8745.6,30.91,0.55
BER: END_SEQ #40 [LOCK] seq_err=0 BER_seq=0.0000e+00 | lock=40 slip=0 BER_cond=0.0000e+00 BER_cum=0.0000e+00
BER: SYNC #41 (gated)
CSV,595007,119000,41,40,0,20525,0,0.000000e+00,0.000000e+00,9049028.0,10498480.0,9373.2,30.49,0.65
CSV,600007,120000,41,40,0,20725,0,0.000000e+00,0.000000e+00,10955113.0,9344098.0,9243.4,30.74,0.69
CSV,605007,121000,41,40,0,20925,0,0.000000e+00,0.000000e+00,9343141.0,10386811.0,9005.7,30.62,0.46
BER: END_SEQ #41 [LOCK] seq_err=0 BER_seq=0.0000e+00 | lock=41 slip=0 BER_cond=0.0000e+00 BER_cum=0.0000e+00
BER: SYNC #42 (gated)
CSV,610007,122000,42,41,0,21048,0,0.000000e+00,0.000000e+00,9407657.0,10842630.0,9261.6,30.68,0.62
CSV,615007,123000,42,41,0,21247,0,0.000000e+00,0.000000e+00,10688307.0,9065368.0,9516.4,30.50,0.72
CSV,620007,124000,42,41,0,21447,0,0.000000e+00,0.000000e+00,9613129.0,10683472.0,9211.6,30.64,0.46
BER: END_SEQ #42 [LOCK] seq_err=0 BER_seq=0.0000e+00 | lock=42 slip=0 BER_cond=0.0000e+00 BER_cum=0.0000e+00
BER: SYNC #43 (gated)
CSV,625007,125000,43,42,0,21570,0,0.000000e+00,0.000000e+00,9131408.0,10401717.0,8425.8,30.91,0.57
CSV,630007,126000,43,42,0,21770,0,0.000000e+00,0.000000e+00,10923142.0,9375287.0,8619.2,31.03,0.66
CSV,635007,127000,43,42,0,21970,0,0.000000e+00,0.000000e+00,9200336.0,10606398.0,8946.0,30.74,0.62
BER: END_SEQ #43 [LOCK] seq_err=0 BER_seq=0.0000e+00 | lock=43 slip=0 BER_cond=0.0000e+00 BER_cum=0.0000e+00
BER: SYNC #44 (gated)
CSV,640007,128000,44,43,0,22093,0,0.000000e+00,0.000000e+00,9840805.0,10272642.0,8785.0,30.68,0.19
CSV,645007,129000,44,43,0,22293,0,0.000000e+00,0.000000e+00,10315617.0,9456427.0,9147.9,30.52,0.38
BER: END_SEQ #44 [LOCK] seq_err=0 BER_seq=0.0000e+00 | lock=44 slip=0 BER_cond=0.0000e+00 BER_cum=0.0000e+00
CSV,650007,130000,44,44,0,22484,0,0.000000e+00,0.000000e+00,9476064.0,10787738.0,9223.8,30.68,0.56
BER: SYNC #45 (gated)
CSV,655007,131000,45,44,0,22616,0,0.000000e+00,0.000000e+00,10107433.0,9488180.0,9137.5,30.44,0.27
CSV,660007,132000,45,44,0,22816,0,0.000000e+00,0.000000e+00,9929651.0,10358762.0,9150.5,30.54,0.18
BER: END_SEQ #45 [LOCK] seq_err=0 BER_seq=0.0000e+00 | lock=45 slip=0 BER_cond=0.0000e+00 BER_cum=0.0000e+00
CSV,665007,133000,45,45,0,22995,0,0.000000e+00,0.000000e+00,9438045.0,10285136.0,8265.8,30.95,0.37
BER: SYNC #46 (gated)
CSV,670007,134000,46,45,0,23138,0,0.000000e+00,0.000000e+00,10678775.0,9469211.0,8658.6,30.91,0.52
CSV,675007,135000,46,45,0,23338,0,0.000000e+00,0.000000e+00,9566823.0,10177376.0,7990.3,31.05,0.27
BER: END_SEQ #46 [LOCK] seq_err=0 BER_seq=0.0000e+00 | lock=46 slip=0 BER_cond=0.0000e+00 BER_cum=0.0000e+00
CSV,680007,136000,46,46,0,23506,0,0.000000e+00,0.000000e+00,9463770.0,10760175.0,9045.5,30.75,0.56
BER: SYNC #47 (gated)
CSV,685007,137000,47,46,0,23661,0,0.000000e+00,0.000000e+00,10465064.0,9278274.0,8709.5,30.80,0.52
CSV,690007,138000,47,46,0,23861,0,0.000000e+00,0.000000e+00,9545447.0,10692405.0,8596.3,30.95,0.49
BER: END_SEQ #47 [LOCK] seq_err=0 BER_seq=0.0000e+00 | lock=47 slip=0 BER_cond=0.0000e+00 BER_cum=0.0000e+00
CSV,695007,139000,47,47,0,24017,0,0.000000e+00,0.000000e+00,9415399.0,10227522.0,8637.6,30.73,0.36
BER: SYNC #48 (gated)
CSV,700007,140000,48,47,0,24184,0,0.000000e+00,0.000000e+00,10796497.0,9412397.0,8795.9,30.89,0.60
CSV,705007,141000,48,47,0,24384,0,0.000000e+00,0.000000e+00,9413503.0,10396358.0,8620.3,30.81,0.43
BER: END_SEQ #48 [LOCK] seq_err=0 BER_seq=0.0000e+00 | lock=48 slip=0 BER_cond=0.0000e+00 BER_cum=0.0000e+00
CSV,710007,142000,48,48,0,24528,0,0.000000e+00,0.000000e+00,9553290.0,10642477.0,8121.6,31.17,0.47
BER: SYNC #49 (gated)
CSV,715007,143000,49,48,0,24706,0,0.000000e+00,0.000000e+00,10444091.0,9407193.0,8844.2,30.72,0.45
CSV,720007,144000,49,48,0,24906,0,0.000000e+00,0.000000e+00,9568770.0,10596096.0,8660.7,30.88,0.44
BER: END_SEQ #49 [LOCK] seq_err=0 BER_seq=0.0000e+00 | lock=49 slip=0 BER_cond=0.0000e+00 BER_cum=0.0000e+00
CSV,725007,145000,49,49,0,25039,0,0.000000e+00,0.000000e+00,9279009.0,10378291.0,8549.7,30.84,0.49
BER: SYNC #50 (gated)
CSV,730007,146000,50,49,0,25229,0,0.000000e+00,0.000000e+00,10867000.0,9318027.0,7951.5,31.36,0.67
CSV,735007,147000,50,49,0,25429,0,0.000000e+00,0.000000e+00,9602404.0,10274460.0,8423.5,30.86,0.29
BER: END_SEQ #50 [LOCK] seq_err=0 BER_seq=0.0000e+00 | lock=50 slip=0 BER_cond=0.0000e+00 BER_cum=0.0000e+00
BER: SYNC #51 (gated)
CSV,740007,148000,51,50,0,25552,0,0.000000e+00,0.000000e+00,9303620.0,10811578.0,8488.3,31.05,0.65
CSV,745007,149000,51,50,0,25752,0,0.000000e+00,0.000000e+00,10795513.0,9114314.0,8392.8,31.09,0.74
CSV,750007,150000,51,50,0,25952,0,0.000000e+00,0.000000e+00,9610026.0,10507833.0,7722.4,31.34,0.39
BER: END_SEQ #51 [LOCK] seq_err=0 BER_seq=0.0000e+00 | lock=51 slip=0 BER_cond=0.0000e+00 BER_cum=0.0000e+00
BER: SYNC #52 (gated)
CSV,755007,151000,52,51,0,26075,0,0.000000e+00,0.000000e+00,8929000.0,10814276.0,8343.7,31.13,0.83
CSV,760007,152000,52,51,0,26275,0,0.000000e+00,0.000000e+00,10862395.0,9221595.0,7960.0,31.35,0.71
CSV,765007,153000,52,51,0,26474,0,0.000000e+00,0.000000e+00,9654615.0,10277480.0,9004.0,30.57,0.27
BER: END_SEQ #52 [LOCK] seq_err=0 BER_seq=0.0000e+00 | lock=52 slip=0 BER_cond=0.0000e+00 BER_cum=0.0000e+00
BER: SYNC #53 (gated)
CSV,770007,154000,53,52,0,26597,0,0.000000e+00,0.000000e+00,9131173.0,10765647.0,8647.3,30.95,0.72
CSV,775007,155000,53,52,0,26797,0,0.000000e+00,0.000000e+00,10875972.0,9094856.0,8305.2,31.17,0.78
CSV,780007,156000,53,52,0,26997,0,0.000000e+00,0.000000e+00,9560561.0,10462938.0,8313.2,31.00,0.39
BER: END_SEQ #53 [LOCK] seq_err=0 BER_seq=0.0000e+00 | lock=53 slip=0 BER_cond=0.0000e+00 BER_cum=0.0000e+00
BER: SYNC #54 (gated)
CSV,785007,157000,54,53,0,27120,0,0.000000e+00,0.000000e+00,9404402.0,10420994.0,9065.9,30.60,0.45
CSV,790007,158000,54,53,0,27320,0,0.000000e+00,0.000000e+00,10440202.0,9493800.0,8340.3,30.98,0.41
CSV,795007,159000,54,53,0,27520,0,0.000000e+00,0.000000e+00,9692416.0,10315629.0,7992.7,31.11,0.27
BER: END_SEQ #54 [LOCK] seq_err=0 BER_seq=0.0000e+00 | lock=54 slip=0 BER_cond=0.0000e+00 BER_cum=0.0000e+00
BER: SYNC #55 (gated)
CSV,800007,160000,55,54,0,27643,0,0.000000e+00,0.000000e+00,9248157.0,10474099.0,8997.7,30.66,0.54
CSV,805007,161000,55,54,0,27843,0,0.000000e+00,0.000000e+00,10620908.0,9415736.0,8188.7,31.13,0.52
CSV,810007,162000,55,54,0,28043,0,0.000000e+00,0.000000e+00,9639472.0,10233519.0,8081.9,31.03,0.26
BER: END_SEQ #55 [LOCK] seq_err=0 BER_seq=0.0000e+00 | lock=55 slip=0 BER_cond=0.0000e+00 BER_cum=0.0000e+00
BER: SYNC #56 (gated)
CSV,815007,163000,56,55,0,28166,0,0.000000e+00,0.000000e+00,9346542.0,10640113.0,8437.6,31.01,0.56
CSV,820007,164000,56,55,0,28365,0,0.000000e+00,0.000000e+00,10720138.0,9108395.0,8828.2,30.84,0.71
CSV,825007,165000,56,55,0,28565,0,0.000000e+00,0.000000e+00,9730042.0,10387181.0,8302.7,30.97,0.28
BER: END_SEQ #56 [LOCK] seq_err=0 BER_seq=0.0000e+00 | lock=56 slip=0 BER_cond=0.0000e+00 BER_cum=0.0000e+00
BER: SYNC #57 (gated)
CSV,830007,166000,57,56,0,28688,0,0.000000e+00,0.000000e+00,8771060.0,10824817.0,8767.5,30.92,0.91
CSV,835007,167000,57,56,0,28888,0,0.000000e+00,0.000000e+00,11309465.0,8832443.0,8461.6,31.26,1.07
CSV,840007,168000,57,56,0,29088,0,0.000000e+00,0.000000e+00,9308946.0,10463560.0,8300.3,31.01,0.51
BER: END_SEQ #57 [LOCK] seq_err=0 BER_seq=0.0000e+00 | lock=57 slip=0 BER_cond=0.0000e+00 BER_cum=0.0000e+00
BER: SYNC #58 (gated)
CSV,845007,169000,58,57,0,29211,0,0.000000e+00,0.000000e+00,9273108.0,10860213.0,9247.0,30.70,0.69
CSV,850007,170000,58,57,0,29411,0,0.000000e+00,0.000000e+00,10756511.0,8977441.0,8952.7,30.80,0.79
CSV,855007,171000,58,57,0,29611,0,0.000000e+00,0.000000e+00,9471300.0,10715438.0,8702.8,30.90,0.54
BER: END_SEQ #58 [LOCK] seq_err=0 BER_seq=0.0000e+00 | lock=58 slip=0 BER_cond=0.0000e+00 BER_cum=0.0000e+00
BER: SYNC #59 (gated)
CSV,860007,172000,59,58,0,29734,0,0.000000e+00,0.000000e+00,9127301.0,10418310.0,8543.7,30.86,0.57
CSV,865007,173000,59,58,0,29934,0,0.000000e+00,0.000000e+00,10907458.0,9281828.0,8509.9,31.08,0.70
CSV,870007,174000,59,58,0,30133,0,0.000000e+00,0.000000e+00,9340421.0,10373848.0,8010.2,31.12,0.46
BER: END_SEQ #59 [LOCK] seq_err=0 BER_seq=0.0000e+00 | lock=59 slip=0 BER_cond=0.0000e+00 BER_cum=0.0000e+00
BER: SYNC #60 (gated)
CSV,875007,175000,60,59,0,30256,0,0.000000e+00,0.000000e+00,9442962.0,10724358.0,8519.1,31.00,0.55
CSV,880007,176000,60,59,0,30456,0,0.000000e+00,0.000000e+00,10587517.0,9088599.0,8334.2,31.04,0.66
CSV,885007,177000,60,59,0,30656,0,0.000000e+00,0.000000e+00,9492603.0,10752017.0,8547.6,31.00,0.54
BER: END_SEQ #60 [LOCK] seq_err=0 BER_seq=0.0000e+00 | lock=60 slip=0 BER_cond=0.0000e+00 BER_cum=0.0000e+00
BER: SYNC #61 (gated)
CSV,890007,178000,61,60,0,30779,0,0.000000e+00,0.000000e+00,9467951.0,9971380.0,8522.7,30.68,0.22
CSV,895007,179000,61,60,0,30979,0,0.000000e+00,0.000000e+00,10578906.0,9617692.0,8274.5,31.07,0.41
BER: END_SEQ #61 [LOCK] seq_err=0 BER_seq=0.0000e+00 | lock=61 slip=0 BER_cond=0.0000e+00 BER_cum=0.0000e+00
CSV,900007,180000,61,61,0,31171,0,0.000000e+00,0.000000e+00,9140807.0,10527949.0,8786.5,30.79,0.61
BER: SYNC #62 (gated)
CSV,905007,181000,62,61,0,31302,0,0.000000e+00,0.000000e+00,10338737.0,9756145.0,8350.3,30.93,0.25
CSV,910007,182000,62,61,0,31502,0,0.000000e+00,0.000000e+00,9705944.0,9974890.0,8267.3,30.82,0.12
BER: END_SEQ #62 [LOCK] seq_err=0 BER_seq=0.0000e+00 | lock=62 slip=0 BER_cond=0.0000e+00 BER_cum=0.0000e+00
CSV,915007,183000,62,62,0,31682,0,0.000000e+00,0.000000e+00,9569544.0,10623399.0,8387.3,31.03,0.45
BER: SYNC #63 (gated)
CSV,920007,184000,63,62,0,31824,0,0.000000e+00,0.000000e+00,10369823.0,9162994.0,8210.3,31.01,0.54
CSV,925007,185000,63,62,0,32024,0,0.000000e+00,0.000000e+00,9796111.0,10406357.0,8201.1,31.03,0.26
BER: END_SEQ #63 [LOCK] seq_err=0 BER_seq=0.0000e+00 | lock=63 slip=0 BER_cond=0.0000e+00 BER_cum=0.0000e+00
CSV,930007,186000,63,63,0,32193,0,0.000000e+00,0.000000e+00,9137385.0,10430318.0,8252.6,31.02,0.57
BER: SYNC #64 (gated)
CSV,935007,187000,64,63,0,32347,0,0.000000e+00,0.000000e+00,10690005.0,9449736.0,8379.7,31.06,0.54
CSV,940007,188000,64,63,0,32547,0,0.000000e+00,0.000000e+00,9308474.0,10357089.0,8643.4,30.79,0.46
BER: END_SEQ #64 [LOCK] seq_err=0 BER_seq=0.0000e+00 | lock=64 slip=0 BER_cond=0.0000e+00 BER_cum=0.0000e+00
CSV,945007,189000,64,64,0,32704,0,0.000000e+00,0.000000e+00,9627454.0,10465328.0,7977.2,31.18,0.36
BER: SYNC #65 (gated)
CSV,950007,190000,65,64,0,32870,0,0.000000e+00,0.000000e+00,10466687.0,9169330.0,8465.4,30.92,0.57
CSV,955007,191000,65,64,0,33070,0,0.000000e+00,0.000000e+00,9622192.0,10550600.0,7990.2,31.21,0.40
BER: END_SEQ #65 [LOCK] seq_err=0 BER_seq=0.0000e+00 | lock=65 slip=0 BER_cond=0.0000e+00 BER_cum=0.0000e+00
CSV,960007,192000,65,65,0,33215,0,0.000000e+00,0.000000e+00,9228088.0,10250198.0,8685.9,30.72,0.46
BER: SYNC #66 (gated)
CSV,965007,193000,66,65,0,33393,0,0.000000e+00,0.000000e+00,10596535.0,9579985.0,8112.0,31.16,0.44
CSV,970007,194000,66,65,0,33592,0,0.000000e+00,0.000000e+00,9314960.0,10353814.0,8845.1,30.68,0.46
BER: END_SEQ #66 [LOCK] seq_err=0 BER_seq=0.0000e+00 | lock=66 slip=0 BER_cond=0.0000e+00 BER_cum=0.0000e+00
CSV,975007,195000,66,66,0,33726,0,0.000000e+00,0.000000e+00,9532833.0,10557609.0,8551.6,30.92,0.44
BER: SYNC #67 (gated)
CSV,980007,196000,67,66,0,33915,0,0.000000e+00,0.000000e+00,10584079.0,9153283.0,8641.1,30.88,0.63
CSV,985007,197000,67,66,0,34115,0,0.000000e+00,0.000000e+00,9732984.0,10393836.0,8944.9,30.65,0.29
BER: END_SEQ #67 [LOCK] seq_err=0 BER_seq=0.0000e+00 | lock=67 slip=0 BER_cond=0.0000e+00 BER_cum=0.0000e+00
BER: SYNC #68 (gated)
CSV,990007,198000,68,67,0,34238,0,0.000000e+00,0.000000e+00,8976311.0,10534110.0,8046.5,31.17,0.69
CSV,995007,199000,68,67,0,34438,0,0.000000e+00,0.000000e+00,10951398.0,9166726.0,8989.7,30.86,0.77
CSV,1000007,200000,68,67,0,34638,0,0.000000e+00,0.000000e+00,9380924.0,10399730.0,8728.4,30.76,0.45
BER: END_SEQ #68 [LOCK] seq_err=0 BER_seq=0.0000e+00 | lock=68 slip=0 BER_cond=0.0000e+00 BER_cum=0.0000e+00
BER: SYNC #69 (gated)
CSV,1005007,201000,69,68,0,34761,0,0.000000e+00,0.000000e+00,9193474.0,10872379.0,7973.5,31.35,0.73
CSV,1010007,202000,69,68,0,34961,0,0.000000e+00,0.000000e+00,10625964.0,9158686.0,8351.0,31.05,0.65
CSV,1015007,203000,69,68,0,35161,0,0.000000e+00,0.000000e+00,9724537.0,10363518.0,8448.7,30.89,0.28
BER: END_SEQ #69 [LOCK] seq_err=0 BER_seq=0.0000e+00 | lock=69 slip=0 BER_cond=0.0000e+00 BER_cum=0.0000e+00
BER: SYNC #70 (gated)
CSV,1020007,204000,70,69,0,35283,0,0.000000e+00,0.000000e+00,9069362.0,10528447.0,8889.3,30.73,0.65
CSV,1025007,205000,70,69,0,35483,0,0.000000e+00,0.000000e+00,10851125.0,9180144.0,8474.5,31.07,0.73
CSV,1030007,206000,70,69,0,35683,0,0.000000e+00,0.000000e+00,9500094.0,10372523.0,8492.5,30.87,0.38
BER: END_SEQ #70 [LOCK] seq_err=0 BER_seq=0.0000e+00 | lock=70 slip=0 BER_cond=0.0000e+00 BER_cum=0.0000e+00
BER: SYNC #71 (gated)
CSV,1035007,207000,71,70,0,35806,0,0.000000e+00,0.000000e+00,9391815.0,10453438.0,8237.3,31.03,0.47
CSV,1040007,208000,71,70,0,36006,0,0.000000e+00,0.000000e+00,10434330.0,9427579.0,8350.6,30.97,0.44
CSV,1045007,209000,71,70,0,36206,0,0.000000e+00,0.000000e+00,9668238.0,10271910.0,8797.9,30.67,0.26
BER: END_SEQ #71 [LOCK] seq_err=0 BER_seq=0.0000e+00 | lock=71 slip=0 BER_cond=0.0000e+00 BER_cum=0.0000e+00
BER: SYNC #72 (gated)
CSV,1050007,210000,72,71,0,36329,0,0.000000e+00,0.000000e+00,9303797.0,10414548.0,8685.7,30.79,0.49
CSV,1055007,211000,72,71,0,36529,0,0.000000e+00,0.000000e+00,10505117.0,9417038.0,8338.0,31.00,0.47
CSV,1060007,212000,72,71,0,36729,0,0.000000e+00,0.000000e+00,9650600.0,10222548.0,8144.5,30.99,0.25
BER: END_SEQ #72 [LOCK] seq_err=0 BER_seq=0.0000e+00 | lock=72 slip=0 BER_cond=0.0000e+00 BER_cum=0.0000e+00
BER: SYNC #73 (gated)
CSV,1065007,213000,73,72,0,36852,0,0.000000e+00,0.000000e+00,9344913.0,10432571.0,8562.3,30.86,0.48
CSV,1070007,214000,73,72,0,37052,0,0.000000e+00,0.000000e+00,10712623.0,9285570.0,8806.5,30.85,0.62
CSV,1075007,215000,73,72,0,37251,0,0.000000e+00,0.000000e+00,9596141.0,10256006.0,8628.3,30.75,0.29
BER: END_SEQ #73 [LOCK] seq_err=0 BER_seq=0.0000e+00 | lock=73 slip=0 BER_cond=0.0000e+00 BER_cum=0.0000e+00
BER: SYNC #74 (gated)
CSV,1080007,216000,74,73,0,37374,0,0.000000e+00,0.000000e+00,8948430.0,10977137.0,8063.0,31.34,0.89
CSV,1085007,217000,74,73,0,37574,0,0.000000e+00,0.000000e+00,11097112.0,8716445.0,8405.6,31.21,1.05
CSV,1090007,218000,74,73,0,37774,0,0.000000e+00,0.000000e+00,9539631.0,10517090.0,8060.2,31.16,0.42
BER: END_SEQ #74 [LOCK] seq_err=0 BER_seq=0.0000e+00 | lock=74 slip=0 BER_cond=0.0000e+00 BER_cum=0.0000e+00
BER: SYNC #75 (gated)
CSV,1095007,219000,75,74,0,37897,0,0.000000e+00,0.000000e+00,8921389.0,10699975.0,8497.3,31.00,0.79
CSV,1100007,220000,75,74,0,38097,0,0.000000e+00,0.000000e+00,11001008.0,9058526.0,7656.8,31.57,0.84
CSV,1105007,221000,75,74,0,38297,0,0.000000e+00,0.000000e+00,9260540.0,10563876.0,8770.6,30.81,0.57
BER: END_SEQ #75 [LOCK] seq_err=0 BER_seq=0.0000e+00 | lock=75 slip=0 BER_cond=0.0000e+00 BER_cum=0.0000e+00
BER: SYNC #76 (gated)
CSV,1110007,222000,76,75,0,38420,0,0.000000e+00,0.000000e+00,9425316.0,10656595.0,8914.9,30.78,0.53
CSV,1115007,223000,76,75,0,38620,0,0.000000e+00,0.000000e+00,10711016.0,9046213.0,8462.5,31.02,0.73
CSV,1120007,224000,76,75,0,38820,0,0.000000e+00,0.000000e+00,9546454.0,10567890.0,9009.0,30.69,0.44
BER: END_SEQ #76 [LOCK] seq_err=0 BER_seq=0.0000e+00 | lock=76 slip=0 BER_cond=0.0000e+00 BER_cum=0.0000e+00
BER: SYNC #77 (gated)
CSV,1125007,225000,77,76,0,38942,0,0.000000e+00,0.000000e+00,9017777.0,10492365.0,8374.0,30.98,0.66
CSV,1130007,226000,77,76,0,39142,0,0.000000e+00,0.000000e+00,10911531.0,9201398.0,8640.1,31.01,0.74
CSV,1135007,227000,77,76,0,39342,0,0.000000e+00,0.000000e+00,9242436.0,10459376.0,8796.4,30.75,0.54
BER: END_SEQ #77 [LOCK] seq_err=0 BER_seq=0.0000e+00 | lock=77 slip=0 BER_cond=0.0000e+00 BER_cum=0.0000e+00
BER: SYNC #78 (gated)
CSV,1140007,228000,78,77,0,39465,0,0.000000e+00,0.000000e+00,9685350.0,10418075.0,8216.7,31.03,0.32
CSV,1145007,229000,78,77,0,39665,0,0.000000e+00,0.000000e+00,10404094.0,9309509.0,8638.0,30.81,0.48
BER: END_SEQ #78 [LOCK] seq_err=0 BER_seq=0.0000e+00 | lock=78 slip=0 BER_cond=0.0000e+00 BER_cum=0.0000e+00
CSV,1150007,230000,78,78,0,39858,0,0.000000e+00,0.000000e+00,9365066.0,10828109.0,7981.1,31.32,0.63
BER: SYNC #79 (gated)
CSV,1155007,231000,79,78,0,39988,0,0.000000e+00,0.000000e+00,9948699.0,9535258.0,8584.2,30.64,0.18
CSV,1160007,232000,79,78,0,40188,0,0.000000e+00,0.000000e+00,10066522.0,10102643.0,9089.6,30.46,0.02
BER: END_SEQ #79 [LOCK] seq_err=0 BER_seq=0.0000e+00 | lock=79 slip=0 BER_cond=0.0000e+00 BER_cum=0.0000e+00
CSV,1165007,233000,79,79,0,40369,0,0.000000e+00,0.000000e+00,9295372.0,10333408.0,8650.1,30.77,0.46
BER: SYNC #80 (gated)
CSV,1170007,234000,80,79,0,40511,0,0.000000e+00,0.000000e+00,10559600.0,9525549.0,8767.4,30.81,0.45
CSV,1175007,235000,80,79,0,40710,0,0.000000e+00,0.000000e+00,9604809.0,10075095.0,8316.7,30.83,0.21
BER: END_SEQ #80 [LOCK] seq_err=0 BER_seq=0.0000e+00 | lock=80 slip=0 BER_cond=0.0000e+00 BER_cum=0.0000e+00
CSV,1180007,236000,80,80,0,40880,0,0.000000e+00,0.000000e+00,9400133.0,10669012.0,8862.9,30.81,0.55
BER: SYNC #81 (gated)
CSV,1185007,237000,81,80,0,41033,0,0.000000e+00,0.000000e+00,10380127.0,9188528.0,8385.5,30.93,0.53
CSV,1190007,238000,81,80,0,41233,0,0.000000e+00,0.000000e+00,9535236.0,10602870.0,8818.9,30.80,0.46
BER: END_SEQ #81 [LOCK] seq_err=0 BER_seq=0.0000e+00 | lock=81 slip=0 BER_cond=0.0000e+00 BER_cum=0.0000e+00
CSV,1195007,239000,81,81,0,41391,0,0.000000e+00,0.000000e+00,9334778.0,10179806.0,8543.0,30.76,0.38
BER: SYNC #82 (gated)
CSV,1200007,240000,82,81,0,41556,0,0.000000e+00,0.000000e+00,10743436.0,9403881.0,8532.5,31.00,0.58
CSV,1205007,241000,82,81,0,41756,0,0.000000e+00,0.000000e+00,9323905.0,10300345.0,8770.9,30.70,0.43
BER: END_SEQ #82 [LOCK] seq_err=0 BER_seq=0.0000e+00 | lock=82 slip=0 BER_cond=0.0000e+00 BER_cum=0.0000e+00
CSV,1210007,242000,82,82,0,41902,0,0.000000e+00,0.000000e+00,9486707.0,10526945.0,8775.0,30.79,0.45
BER: SYNC #83 (gated)
CSV,1215007,243000,83,82,0,42079,0,0.000000e+00,0.000000e+00,10321809.0,9341499.0,8730.1,30.73,0.43
CSV,1220007,244000,83,82,0,42279,0,0.000000e+00,0.000000e+00,9564637.0,10602450.0,8357.7,31.03,0.45
BER: END_SEQ #83 [LOCK] seq_err=0 BER_seq=0.0000e+00 | lock=83 slip=0 BER_cond=0.0000e+00 BER_cum=0.0000e+00
CSV,1225007,245000,83,83,0,42413,0,0.000000e+00,0.000000e+00,9292978.0,10104301.0,8133.2,30.94,0.36
BER: SYNC #84 (gated)
CSV,1230007,246000,84,83,0,42601,0,0.000000e+00,0.000000e+00,10782077.0,9373032.0,8157.3,31.21,0.61
CSV,1235007,247000,84,83,0,42801,0,0.000000e+00,0.000000e+00,9503756.0,10146750.0,8718.8,30.66,0.28
BER: END_SEQ #84 [LOCK] seq_err=0 BER_seq=0.0000e+00 | lock=84 slip=0 BER_cond=0.0000e+00 BER_cum=0.0000e+00
BER: SYNC #85 (gated)
CSV,1240007,248000,85,84,0,42924,0,0.000000e+00,0.000000e+00,9210894.0,10896472.0,8754.9,30.95,0.73
CSV,1245007,249000,85,84,0,43124,0,0.000000e+00,0.000000e+00,10763525.0,8940202.0,8696.5,30.93,0.81
CSV,1250007,250000,85,84,0,43324,0,0.000000e+00,0.000000e+00,9543969.0,10614795.0,8864.4,30.78,0.46
BER: END_SEQ #85 [LOCK] seq_err=0 BER_seq=0.0000e+00 | lock=85 slip=0 BER_cond=0.0000e+00 BER_cum=0.0000e+00
BER: SYNC #86 (gated)
CSV,1255007,251000,86,85,0,43447,0,0.000000e+00,0.000000e+00,9013144.0,10486241.0,8793.3,30.76,0.66
CSV,1260007,252000,86,85,0,43647,0,0.000000e+00,0.000000e+00,10805515.0,9341872.0,8660.5,30.96,0.63
CSV,1265007,253000,86,85,0,43847,0,0.000000e+00,0.000000e+00,9452046.0,10260641.0,9025.5,30.56,0.36
BER: END_SEQ #86 [LOCK] seq_err=0 BER_seq=0.0000e+00 | lock=86 slip=0 BER_cond=0.0000e+00 BER_cum=0.0000e+00
BER: SYNC #87 (gated)
CSV,1270007,254000,87,86,0,43970,0,0.000000e+00,0.000000e+00,9307345.0,10833105.0,8642.0,30.98,0.66
CSV,1275007,255000,87,86,0,44169,0,0.000000e+00,0.000000e+00,10793980.0,8941438.0,8711.6,30.93,0.82
CSV,1280007,256000,87,86,0,44369,0,0.000000e+00,0.000000e+00,9654079.0,10468241.0,8211.1,31.05,0.35
BER: END_SEQ #87 [LOCK] seq_err=0 BER_seq=0.0000e+00 | lock=87 slip=0 BER_cond=0.0000e+00 BER_cum=0.0000e+00
BER: SYNC #88 (gated)
CSV,1285007,257000,88,87,0,44492,0,0.000000e+00,0.000000e+00,9168483.0,10365472.0,8674.0,30.77,0.53
CSV,1290007,258000,88,87,0,44692,0,0.000000e+00,0.000000e+00,10515929.0,9567599.0,7802.5,31.30,0.41
CSV,1295007,259000,88,87,0,44892,0,0.000000e+00,0.000000e+00,9614274.0,10177393.0,8442.8,30.81,0.25
BER: END_SEQ #88 [LOCK] seq_err=0 BER_seq=0.0000e+00 | lock=88 slip=0 BER_cond=0.0000e+00 BER_cum=0.0000e+00
BER: SYNC #89 (gated)
CSV,1300007,260000,89,88,0,45015,0,0.000000e+00,0.000000e+00,9447991.0,10492922.0,8950.2,30.69,0.46
CSV,1305007,261000,89,88,0,45215,0,0.000000e+00,0.000000e+00,10336487.0,9472663.0,8439.9,30.88,0.38
CSV,1310007,262000,89,88,0,45415,0,0.000000e+00,0.000000e+00,9692176.0,10356653.0,8660.0,30.78,0.29
BER: END_SEQ #89 [LOCK] seq_err=0 BER_seq=0.0000e+00 | lock=89 slip=0 BER_cond=0.0000e+00 BER_cum=0.0000e+00
BER: SYNC #90 (gated)
CSV,1315007,263000,90,89,0,45538,0,0.000000e+00,0.000000e+00,9322456.0,10377074.0,8647.8,30.79,0.47
CSV,1320007,264000,90,89,0,45738,0,0.000000e+00,0.000000e+00,10830742.0,9206200.0,9062.9,30.77,0.71
CSV,1325007,265000,90,89,0,45937,0,0.000000e+00,0.000000e+00,9511412.0,10356374.0,9149.1,30.54,0.37
BER: END_SEQ #90 [LOCK] seq_err=0 BER_seq=0.0000e+00 | lock=90 slip=0 BER_cond=0.0000e+00 BER_cum=0.0000e+00
BER: SYNC #91 (gated)
CSV,1330007,266000,91,90,0,46060,0,0.000000e+00,0.000000e+00,8985687.0,10871609.0,9508.5,30.58,0.83
CSV,1335007,267000,91,90,0,46260,0,0.000000e+00,0.000000e+00,11049033.0,8824944.0,8536.6,31.12,0.98
CSV,1340007,268000,91,90,0,46460,0,0.000000e+00,0.000000e+00,9596509.0,10371066.0,8447.8,30.89,0.34
BER: END_SEQ #91 [LOCK] seq_err=0 BER_seq=0.0000e+00 | lock=91 slip=0 BER_cond=0.0000e+00 BER_cum=0.0000e+00
BER: SYNC #92 (gated)
CSV,1345007,269000,92,91,0,46583,0,0.000000e+00,0.000000e+00,8974401.0,10821027.0,8091.0,31.26,0.81
CSV,1350007,270000,92,91,0,46783,0,0.000000e+00,0.000000e+00,10996824.0,8947408.0,8829.6,30.95,0.90
CSV,1355007,271000,92,91,0,46983,0,0.000000e+00,0.000000e+00,9353485.0,10596005.0,8642.6,30.88,0.54
BER: END_SEQ #92 [LOCK] seq_err=0 BER_seq=0.0000e+00 | lock=92 slip=0 BER_cond=0.0000e+00 BER_cum=0.0000e+00
BER: SYNC #93 (gated)
CSV,1360007,272000,93,92,0,47106,0,0.000000e+00,0.000000e+00,9128001.0,10574276.0,8518.4,30.94,0.64
CSV,1365007,273000,93,92,0,47306,0,0.000000e+00,0.000000e+00,10795877.0,9198430.0,8965.7,30.81,0.70
CSV,1370007,274000,93,92,0,47506,0,0.000000e+00,0.000000e+00,9494586.0,10359468.0,9138.7,30.54,0.38
BER: END_SEQ #93 [LOCK] seq_err=0 BER_seq=0.0000e+00 | lock=93 slip=0 BER_cond=0.0000e+00 BER_cum=0.0000e+00
BER: SYNC #94 (gated)
CSV,1375007,275000,94,93,0,47629,0,0.000000e+00,0.000000e+00,9157639.0,10792662.0,9277.5,30.66,0.71
CSV,1380007,276000,94,93,0,47828,0,0.000000e+00,0.000000e+00,10820148.0,9008774.0,8719.7,30.94,0.80
CSV,1385007,277000,94,93,0,48028,0,0.000000e+00,0.000000e+00,9440214.0,10642573.0,9192.0,30.64,0.52
BER: END_SEQ #94 [LOCK] seq_err=0 BER_seq=0.0000e+00 | lock=94 slip=0 BER_cond=0.0000e+00 BER_cum=0.0000e+00
BER: SYNC #95 (gated)
CSV,1390007,278000,95,94,0,48151,0,0.000000e+00,0.000000e+00,9298888.0,10226301.0,8420.9,30.84,0.41
CSV,1395007,279000,95,94,0,48351,0,0.000000e+00,0.000000e+00,10693742.0,9357970.0,8626.0,30.93,0.58
BER: END_SEQ #95 [LOCK] seq_err=0 BER_seq=0.0000e+00 | lock=95 slip=0 BER_cond=0.0000e+00 BER_cum=0.0000e+00
CSV,1400007,280000,95,95,0,48545,0,0.000000e+00,0.000000e+00,9098527.0,10683878.0,8704.1,30.89,0.70
BER: SYNC #96 (gated)
CSV,1405007,281000,96,95,0,48674,0,0.000000e+00,0.000000e+00,10304687.0,9794635.0,8401.0,30.89,0.22
CSV,1410007,282000,96,95,0,48874,0,0.000000e+00,0.000000e+00,9849197.0,9856948.0,8721.5,30.53,0.00
BER: END_SEQ #96 [LOCK] seq_err=0 BER_seq=0.0000e+00 | lock=96 slip=0 BER_cond=0.0000e+00 BER_cum=0.0000e+00
CSV,1415007,283000,96,96,0,49056,0,0.000000e+00,0.000000e+00,9426977.0,10635356.0,8248.0,31.10,0.52
BER: SYNC #97 (gated)
CSV,1420007,284000,97,96,0,49197,0,0.000000e+00,0.000000e+00,10266180.0,9279145.0,8388.2,30.88,0.44
CSV,1425007,285000,97,96,0,49397,0,0.000000e+00,0.000000e+00,9868566.0,10268609.0,8864.6,30.64,0.17
BER: END_SEQ #97 [LOCK] seq_err=0 BER_seq=0.0000e+00 | lock=97 slip=0 BER_cond=0.0000e+00 BER_cum=0.0000e+00
CSV,1430007,286000,97,97,0,49567,0,0.000000e+00,0.000000e+00,9185416.0,10428728.0,9272.8,30.51,0.55
BER: SYNC #98 (gated)
CSV,1435007,287000,98,97,0,49719,0,0.000000e+00,0.000000e+00,10660115.0,9442173.0,8533.0,30.97,0.53
CSV,1440007,288000,98,97,0,49919,0,0.000000e+00,0.000000e+00,9308379.0,10338096.0,8126.7,31.05,0.46
BER: END_SEQ #98 [LOCK] seq_err=0 BER_seq=0.0000e+00 | lock=98 slip=0 BER_cond=0.0000e+00 BER_cum=0.0000e+00
CSV,1445007,289000,98,98,0,50078,0,0.000000e+00,0.000000e+00,9606680.0,10424247.0,9160.1,30.56,0.35
BER: SYNC #99 (gated)
CSV,1450007,290000,99,98,0,50242,0,0.000000e+00,0.000000e+00,10528275.0,9096752.0,8613.0,30.87,0.63
CSV,1455007,291000,99,98,0,50442,0,0.000000e+00,0.000000e+00,9563849.0,10616187.0,8647.8,30.89,0.45
BER: END_SEQ #99 [LOCK] seq_err=0 BER_seq=0.0000e+00 | lock=99 slip=0 BER_cond=0.0000e+00 BER_cum=0.0000e+00
CSV,1460007,292000,99,99,0,50589,0,0.000000e+00,0.000000e+00,9225187.0,10239708.0,8525.9,30.80,0.45
BER: SYNC #100 (gated)
CSV,1465007,293000,100,99,0,50765,0,0.000000e+00,0.000000e+00,10589871.0,9592329.0,8483.4,30.96,0.43
CSV,1470007,294000,100,99,0,50965,0,0.000000e+00,0.000000e+00,9296273.0,10315646.0,8936.9,30.62,0.45
BER: END_SEQ #100 [LOCK] seq_err=0 BER_seq=0.0000e+00 | lock=100 slip=0 BER_cond=0.0000e+00 BER_cum=0.0000e+00
CSV,1475007,295000,100,100,0,51100,0,0.000000e+00,0.000000e+00,9589122.0,10387111.0,9015.2,30.62,0.35
BER: SYNC #101 (gated)
CSV,1480007,296000,101,100,0,51287,0,0.000000e+00,0.000000e+00,10440788.0,9211911.0,8764.0,30.76,0.54
CSV,1485007,297000,101,100,0,51487,0,0.000000e+00,0.000000e+00,9764996.0,10358003.0,8772.9,30.72,0.26
BER: END_SEQ #101 [LOCK] seq_err=0 BER_seq=0.0000e+00 | lock=101 slip=0 BER_cond=0.0000e+00 BER_cum=0.0000e+00
CSV,1490007,298000,101,101,0,51611,0,0.000000e+00,0.000000e+00,8842226.0,10548881.0,9167.6,30.61,0.77
BER: SYNC #102 (gated)
CSV,1495007,299000,102,101,0,51810,0,0.000000e+00,0.000000e+00,11010506.0,9140045.0,8989.5,30.88,0.81
CSV,1500007,300000,102,101,0,52010,0,0.000000e+00,0.000000e+00,9262738.0,10315451.0,8471.5,30.86,0.47
BER: END_SEQ #102 [LOCK] seq_err=0 BER_seq=0.0000e+00 | lock=102 slip=0 BER_cond=0.0000e+00 BER_cum=0.0000e+00

=========================================
=== END OF TEST (duration=25 min) ===
=========================================
FINAL: syncs=102 lock=102 slip=0 slip_rate=0.0000
FINAL: bits_cum=52122 err_cum=0 BER_cum=0.0000e+00
FINAL: bits_lock=52122 err_lock=0 BER_cond=0.0000e+00
=========================================
=== STOP LOGGING NOW ===
=========================================
