

=== RX BOOT - BER TEST MODE ===
MOD=OOK (20 kHz carrier, adaptive threshold)
BPS_MODE=40 (HALF_SAMPLES=1000, 5000 samples/bit @ 200000 Hz)
Expect: 64-bit preamble + Barker13 (1F35h, gated by 8 preamble bits = 0x55) + 511-bit PRBS-9
Noise floor band: 5000 Hz; lock threshold: BER<0.10
Auto-stop: test will halt 25 min after the first sync.
RX: edge-tracking sync, center-3 voting
Starting decoder...

CSV,5008,1000,0,0,0,0,0,0.000000e+00,0.000000e+00,10474.4,28621962.0,25403.8,30.52,34.37
CSV,10008,2000,0,0,0,0,0,0.000000e+00,0.000000e+00,8515.4,29393734.0,20478.9,31.57,35.38
BER: SYNC #1 (gated)
CSV,15008,3000,1,0,0,178,0,0.000000e+00,0.000000e+00,6605.0,27982100.0,14266.3,32.93,36.27
CSV,20008,4000,1,0,0,378,0,0.000000e+00,0.000000e+00,5865.1,31888042.0,9603.5,35.21,37.35
BER: END_SEQ #1 [LOCK] seq_err=0 BER_seq=0.0000e+00 | lock=1 slip=0 BER_cond=0.0000e+00 BER_cum=0.0000e+00
CSV,25008,5000,1,1,0,511,0,0.000000e+00,0.000000e+00,6189.0,31147572.0,10986.2,34.53,37.02
BER: SYNC #2 (gated)
CSV,30008,6000,2,1,0,701,0,0.000000e+00,0.000000e+00,5982.1,28231492.0,13353.2,33.25,36.74
CSV,35008,7000,2,1,0,901,0,0.000000e+00,0.000000e+00,6338.8,30498826.0,14425.8,33.25,36.82
BER: END_SEQ #2 [LOCK] seq_err=0 BER_seq=0.0000e+00 | lock=2 slip=0 BER_cond=0.0000e+00 BER_cum=0.0000e+00
BER: SYNC #3 (gated)
CSV,40008,8000,3,2,0,1023,0,0.000000e+00,0.000000e+00,6858.3,32162594.0,13848.0,33.66,36.71
CSV,45008,9000,3,2,0,1224,0,0.000000e+00,0.000000e+00,7037.3,27326688.0,17264.0,31.99,35.89
CSV,50008,10000,3,2,0,1423,0,0.000000e+00,0.000000e+00,6925.6,31153466.0,16397.7,32.79,36.53
BER: END_SEQ #3 [LOCK] seq_err=0 BER_seq=0.0000e+00 | lock=3 slip=0 BER_cond=0.0000e+00 BER_cum=0.0000e+00
BER: SYNC #4 (gated)
CSV,55008,11000,4,3,0,1546,0,0.000000e+00,0.000000e+00,10781.1,29669912.0,33665.4,29.45,34.40
CSV,60008,12000,4,3,0,1746,0,0.000000e+00,0.000000e+00,15291.3,25634000.0,54321.4,26.74,32.24
CSV,65008,13000,4,3,0,1946,0,0.000000e+00,0.000000e+00,6788.8,30091596.0,15758.6,32.81,36.47
BER: END_SEQ #4 [LOCK] seq_err=0 BER_seq=0.0000e+00 | lock=4 slip=0 BER_cond=0.0000e+00 BER_cum=0.0000e+00
BER: SYNC #5 (gated)
CSV,70008,14000,5,4,0,2069,0,0.000000e+00,0.000000e+00,6886.7,32227838.0,16396.6,32.93,36.70
CSV,75008,15000,5,4,0,2269,0,0.000000e+00,0.000000e+00,7077.3,26469202.0,15417.1,32.35,35.73
CSV,80008,16000,5,4,0,2469,0,0.000000e+00,0.000000e+00,6959.8,31310778.0,16938.4,32.67,36.53
BER: END_SEQ #5 [LOCK] seq_err=0 BER_seq=0.0000e+00 | lock=5 slip=0 BER_cond=0.0000e+00 BER_cum=0.0000e+00
BER: SYNC #6 (gated)
CSV,85008,17000,6,5,0,2592,0,0.000000e+00,0.000000e+00,6835.6,30207334.0,17314.6,32.42,36.45
CSV,90008,18000,6,5,0,2791,0,0.000000e+00,0.000000e+00,6259.1,28549396.0,15313.0,32.71,36.59
CSV,95008,19000,6,5,0,2991,0,0.000000e+00,0.000000e+00,6490.6,30002280.0,15244.2,32.94,36.65
BER: END_SEQ #6 [LOCK] seq_err=0 BER_seq=0.0000e+00 | lock=6 slip=0 BER_cond=0.0000e+00 BER_cum=0.0000e+00
BER: SYNC #7 (gated)
CSV,100008,20000,7,6,0,3114,0,0.000000e+00,0.000000e+00,6536.6,31538524.0,12001.0,34.20,36.83
CSV,105008,21000,7,6,0,3314,0,0.000000e+00,0.000000e+00,6029.9,27478884.0,10399.0,34.22,36.59
CSV,110008,22000,7,6,0,3514,0,0.000000e+00,0.000000e+00,6232.9,30718356.0,10910.2,34.50,36.93
BER: END_SEQ #7 [LOCK] seq_err=0 BER_seq=0.0000e+00 | lock=7 slip=0 BER_cond=0.0000e+00 BER_cum=0.0000e+00
BER: SYNC #8 (gated)
CSV,115008,23000,8,7,0,3637,0,0.000000e+00,0.000000e+00,6405.1,30318172.0,11104.2,34.36,36.75
CSV,120008,24000,8,7,0,3837,0,0.000000e+00,0.000000e+00,5978.5,27168422.0,10592.5,34.09,36.57
CSV,125008,25000,8,7,0,4037,0,0.000000e+00,0.000000e+00,5727.1,29938004.0,9898.4,34.81,37.18
BER: END_SEQ #8 [LOCK] seq_err=0 BER_seq=0.0000e+00 | lock=8 slip=0 BER_cond=0.0000e+00 BER_cum=0.0000e+00
BER: SYNC #9 (gated)
CSV,130008,26000,9,8,0,4160,0,0.000000e+00,0.000000e+00,5707.6,32492248.0,9099.2,35.53,37.55
CSV,135008,27000,9,8,0,4360,0,0.000000e+00,0.000000e+00,5840.4,25678738.0,10244.6,33.99,36.43
CSV,140008,28000,9,8,0,4560,0,0.000000e+00,0.000000e+00,5904.2,30930588.0,10738.5,34.59,37.19
BER: END_SEQ #9 [LOCK] seq_err=0 BER_seq=0.0000e+00 | lock=9 slip=0 BER_cond=0.0000e+00 BER_cum=0.0000e+00
BER: SYNC #10 (gated)
CSV,145008,29000,10,9,0,4682,0,0.000000e+00,0.000000e+00,5899.7,31553006.0,8994.6,35.45,37.28
CSV,150008,30000,10,9,0,4882,0,0.000000e+00,0.000000e+00,5678.6,26663048.0,9640.9,34.42,36.72
CSV,155008,31000,10,9,0,5082,0,0.000000e+00,0.000000e+00,5916.8,31093512.0,9231.9,35.27,37.21
BER: END_SEQ #10 [LOCK] seq_err=0 BER_seq=0.0000e+00 | lock=10 slip=0 BER_cond=0.0000e+00 BER_cum=0.0000e+00
BER: SYNC #11 (gated)
CSV,160008,32000,11,10,0,5205,0,0.000000e+00,0.000000e+00,5884.2,30642620.0,10005.8,34.86,37.17
CSV,165008,33000,11,10,0,5405,0,0.000000e+00,0.000000e+00,5651.9,26959330.0,9836.4,34.38,36.79
CSV,170008,34000,11,10,0,5605,0,0.000000e+00,0.000000e+00,5782.2,30397344.0,9138.9,35.22,37.21
BER: END_SEQ #11 [LOCK] seq_err=0 BER_seq=0.0000e+00 | lock=11 slip=0 BER_cond=0.0000e+00 BER_cum=0.0000e+00
BER: SYNC #12 (gated)
CSV,175008,35000,12,11,0,5728,0,0.000000e+00,0.000000e+00,5598.2,32233908.0,9502.2,35.30,37.60
CSV,180008,36000,12,11,0,5928,0,0.000000e+00,0.000000e+00,9779.7,24649954.0,24908.3,29.95,34.01
CSV,185008,37000,12,11,0,6128,0,0.000000e+00,0.000000e+00,9989.8,28829324.0,25641.7,30.51,34.60
BER: END_SEQ #12 [LOCK] seq_err=0 BER_seq=0.0000e+00 | lock=12 slip=0 BER_cond=0.0000e+00 BER_cum=0.0000e+00
BER: SYNC #13 (gated)
CSV,190008,38000,13,12,0,6251,0,0.000000e+00,0.000000e+00,10117.0,26995680.0,26765.6,30.04,34.26
CSV,195008,39000,13,12,0,6451,0,0.000000e+00,0.000000e+00,9901.8,25681918.0,27126.6,29.76,34.14
BER: END_SEQ #13 [LOCK] seq_err=0 BER_seq=0.0000e+00 | lock=13 slip=0 BER_cond=0.0000e+00 BER_cum=0.0000e+00
CSV,200008,40000,13,13,0,6643,0,0.000000e+00,0.000000e+00,9230.0,28290780.0,24347.1,30.65,34.86
BER: SYNC #14 (gated)
CSV,205008,41000,14,13,0,6773,0,0.000000e+00,0.000000e+00,9711.3,26290220.0,24466.6,30.31,34.33
CSV,210008,42000,14,13,0,6973,0,0.000000e+00,0.000000e+00,9624.8,26578076.0,23580.1,30.52,34.41
BER: END_SEQ #14 [LOCK] seq_err=0 BER_seq=0.0000e+00 | lock=14 slip=0 BER_cond=0.0000e+00 BER_cum=0.0000e+00
CSV,215008,43000,14,14,0,7154,0,0.000000e+00,0.000000e+00,9827.2,28220848.0,23538.3,30.79,34.58
BER: SYNC #15 (gated)
CSV,220008,44000,15,14,0,7296,0,0.000000e+00,0.000000e+00,9630.5,24692382.0,24232.2,30.08,34.09
CSV,225008,45000,15,14,0,7496,0,0.000000e+00,0.000000e+00,9396.1,27697120.0,22832.2,30.84,34.69
BER: END_SEQ #15 [LOCK] seq_err=0 BER_seq=0.0000e+00 | lock=15 slip=0 BER_cond=0.0000e+00 BER_cum=0.0000e+00
CSV,230008,46000,15,15,0,7665,0,0.000000e+00,0.000000e+00,9895.1,27947152.0,25715.8,30.36,34.51
BER: SYNC #16 (gated)
CSV,235008,47000,16,15,0,7819,0,0.000000e+00,0.000000e+00,9748.1,25377634.0,23586.6,30.32,34.16
CSV,240008,48000,16,15,0,8019,0,0.000000e+00,0.000000e+00,10236.0,27704098.0,22413.6,30.92,34.32
BER: END_SEQ #16 [LOCK] seq_err=0 BER_seq=0.0000e+00 | lock=16 slip=0 BER_cond=0.0000e+00 BER_cum=0.0000e+00
CSV,245008,49000,16,16,0,8176,0,0.000000e+00,0.000000e+00,7116.7,30296932.0,15562.4,32.89,36.29
BER: SYNC #17 (gated)
CSV,250008,50000,17,16,0,8342,0,0.000000e+00,0.000000e+00,5336.5,27664896.0,11763.6,33.71,37.15
CSV,255008,51000,17,16,0,8541,0,0.000000e+00,0.000000e+00,6459.1,31338994.0,13139.9,33.77,36.86
BER: END_SEQ #17 [LOCK] seq_err=0 BER_seq=0.0000e+00 | lock=17 slip=0 BER_cond=0.0000e+00 BER_cum=0.0000e+00
CSV,260008,52000,17,17,0,8687,0,0.000000e+00,0.000000e+00,5503.2,30692058.0,10216.9,34.78,37.46
BER: SYNC #18 (gated)
CSV,265008,53000,18,17,0,8864,0,0.000000e+00,0.000000e+00,5331.2,28327940.0,9065.9,34.95,37.25
CSV,270008,54000,18,17,0,9064,0,0.000000e+00,0.000000e+00,5609.3,31214286.0,9704.0,35.07,37.45
BER: END_SEQ #18 [LOCK] seq_err=0 BER_seq=0.0000e+00 | lock=18 slip=0 BER_cond=0.0000e+00 BER_cum=0.0000e+00
CSV,275008,55000,18,18,0,9198,0,0.000000e+00,0.000000e+00,5473.6,31214802.0,9562.9,35.14,37.56
BER: SYNC #19 (gated)
CSV,280008,56000,19,18,0,9387,0,0.000000e+00,0.000000e+00,8465.7,25242584.0,21440.0,30.71,34.74
CSV,285008,57000,19,18,0,9587,0,0.000000e+00,0.000000e+00,9719.8,27789724.0,23760.6,30.68,34.56
BER: END_SEQ #19 [LOCK] seq_err=0 BER_seq=0.0000e+00 | lock=19 slip=0 BER_cond=0.0000e+00 BER_cum=0.0000e+00
BER: SYNC #20 (gated)
CSV,290008,58000,20,19,0,9710,0,0.000000e+00,0.000000e+00,10021.6,28374566.0,24011.9,30.73,34.52
CSV,295008,59000,20,19,0,9910,0,0.000000e+00,0.000000e+00,9678.8,24321316.0,23862.9,30.08,34.00
CSV,300008,60000,20,19,0,10109,0,0.000000e+00,0.000000e+00,8899.1,27861040.0,22691.1,30.89,34.96
BER: END_SEQ #20 [LOCK] seq_err=0 BER_seq=0.0000e+00 | lock=20 slip=0 BER_cond=0.0000e+00 BER_cum=0.0000e+00
BER: SYNC #21 (gated)
CSV,305008,61000,21,20,0,10232,0,0.000000e+00,0.000000e+00,9600.7,28843398.0,23218.6,30.94,34.78
CSV,310008,62000,21,20,0,10432,0,0.000000e+00,0.000000e+00,9575.1,24763382.0,25139.8,29.93,34.13
CSV,315008,63000,21,20,0,10632,0,0.000000e+00,0.000000e+00,9988.8,27610162.0,25224.8,30.39,34.42
BER: END_SEQ #21 [LOCK] seq_err=0 BER_seq=0.0000e+00 | lock=21 slip=0 BER_cond=0.0000e+00 BER_cum=0.0000e+00
BER: SYNC #22 (gated)
CSV,320008,64000,22,21,0,10755,0,0.000000e+00,0.000000e+00,9690.4,28463006.0,23082.5,30.91,34.68
CSV,325008,65000,22,21,0,10955,0,0.000000e+00,0.000000e+00,9062.9,24827918.0,23483.8,30.24,34.38
CSV,330008,66000,22,21,0,11155,0,0.000000e+00,0.000000e+00,6196.5,30894514.0,14493.7,33.29,36.98
BER: END_SEQ #22 [LOCK] seq_err=0 BER_seq=0.0000e+00 | lock=22 slip=0 BER_cond=0.0000e+00 BER_cum=0.0000e+00
BER: SYNC #23 (gated)
CSV,335008,67000,23,22,0,11278,0,0.000000e+00,0.000000e+00,6323.1,30839580.0,15098.2,33.10,36.88
CSV,340008,68000,23,22,0,11478,0,0.000000e+00,0.000000e+00,6098.8,28343428.0,16366.6,32.38,36.67
CSV,345008,69000,23,22,0,11678,0,0.000000e+00,0.000000e+00,6278.2,30018834.0,15252.2,32.94,36.80
BER: END_SEQ #23 [LOCK] seq_err=0 BER_seq=0.0000e+00 | lock=23 slip=0 BER_cond=0.0000e+00 BER_cum=0.0000e+00
BER: SYNC #24 (gated)
CSV,350008,70000,24,23,0,11801,0,0.000000e+00,0.000000e+00,6508.5,30968008.0,14863.8,33.19,36.77
CSV,355008,71000,24,23,0,12000,0,0.000000e+00,0.000000e+00,5847.3,27654262.0,13711.0,33.05,36.75
CSV,360008,72000,24,23,0,12200,0,0.000000e+00,0.000000e+00,6466.9,30532034.0,17815.6,32.34,36.74
BER: END_SEQ #24 [LOCK] seq_err=0 BER_seq=0.0000e+00 | lock=24 slip=0 BER_cond=0.0000e+00 BER_cum=0.0000e+00
BER: SYNC #25 (gated)
CSV,365008,73000,25,24,0,12323,0,0.000000e+00,0.000000e+00,6285.3,30403274.0,15637.7,32.89,36.85
CSV,370008,74000,25,24,0,12523,0,0.000000e+00,0.000000e+00,6227.8,27433624.0,18522.3,31.71,36.44
CSV,375008,75000,25,24,0,12723,0,0.000000e+00,0.000000e+00,6283.5,30079774.0,16476.7,32.61,36.80
BER: END_SEQ #25 [LOCK] seq_err=0 BER_seq=0.0000e+00 | lock=25 slip=0 BER_cond=0.0000e+00 BER_cum=0.0000e+00
BER: SYNC #26 (gated)
CSV,380008,76000,26,25,0,12846,0,0.000000e+00,0.000000e+00,6203.9,32961538.0,13247.5,33.96,37.25
CSV,385008,77000,26,25,0,13046,0,0.000000e+00,0.000000e+00,7214.0,24642362.0,19729.2,30.97,35.34
CSV,390008,78000,26,25,0,13246,0,0.000000e+00,0.000000e+00,9216.0,28212074.0,24303.0,30.65,34.86
BER: END_SEQ #26 [LOCK] seq_err=0 BER_seq=0.0000e+00 | lock=26 slip=0 BER_cond=0.0000e+00 BER_cum=0.0000e+00
BER: SYNC #27 (gated)
CSV,395008,79000,27,26,0,13369,0,0.000000e+00,0.000000e+00,9623.4,28516116.0,24017.0,30.75,34.72
CSV,400008,80000,27,26,0,13569,0,0.000000e+00,0.000000e+00,10596.4,24267450.0,23679.6,30.11,33.60
CSV,405008,81000,27,26,0,13769,0,0.000000e+00,0.000000e+00,9231.0,27933342.0,25059.8,30.47,34.81
BER: END_SEQ #27 [LOCK] seq_err=0 BER_seq=0.0000e+00 | lock=27 slip=0 BER_cond=0.0000e+00 BER_cum=0.0000e+00
BER: SYNC #28 (gated)
CSV,410008,82000,28,27,0,13891,0,0.000000e+00,0.000000e+00,10211.3,28719848.0,25620.0,30.50,34.49
CSV,415008,83000,28,27,0,14091,0,0.000000e+00,0.000000e+00,9516.4,24198966.0,25315.9,29.80,34.05
CSV,420008,84000,28,27,0,14291,0,0.000000e+00,0.000000e+00,9456.0,28171286.0,22109.8,31.05,34.74
BER: END_SEQ #28 [LOCK] seq_err=0 BER_seq=0.0000e+00 | lock=28 slip=0 BER_cond=0.0000e+00 BER_cum=0.0000e+00
BER: SYNC #29 (gated)
CSV,425008,85000,29,28,0,14414,0,0.000000e+00,0.000000e+00,9483.9,28259818.0,23054.7,30.88,34.74
CSV,430008,86000,29,28,0,14614,0,0.000000e+00,0.000000e+00,9497.1,24571794.0,22803.9,30.32,34.13
CSV,435008,87000,29,28,0,14814,0,0.000000e+00,0.000000e+00,9361.5,28220122.0,22545.7,30.97,34.79
BER: END_SEQ #29 [LOCK] seq_err=0 BER_seq=0.0000e+00 | lock=29 slip=0 BER_cond=0.0000e+00 BER_cum=0.0000e+00
BER: SYNC #30 (gated)
CSV,440008,88000,30,29,0,14937,0,0.000000e+00,0.000000e+00,9295.5,27768698.0,24832.0,30.49,34.75
CSV,445008,89000,30,29,0,15137,0,0.000000e+00,0.000000e+00,9518.8,24957564.0,22511.3,30.45,34.19
BER: END_SEQ #30 [LOCK] seq_err=0 BER_seq=0.0000e+00 | lock=30 slip=0 BER_cond=0.0000e+00 BER_cum=0.0000e+00
CSV,450008,90000,30,30,0,15330,0,0.000000e+00,0.000000e+00,8845.3,30020238.0,28805.7,30.18,35.31
BER: SYNC #31 (gated)
CSV,455008,91000,31,30,0,15460,0,0.000000e+00,0.000000e+00,6685.0,28420262.0,14261.2,32.99,36.29
CSV,460008,92000,31,30,0,15659,0,0.000000e+00,0.000000e+00,9478.0,26915764.0,23807.8,30.53,34.53
BER: END_SEQ #31 [LOCK] seq_err=0 BER_seq=0.0000e+00 | lock=31 slip=0 BER_cond=0.0000e+00 BER_cum=0.0000e+00
CSV,465008,93000,31,31,0,15841,0,0.000000e+00,0.000000e+00,9575.3,28210098.0,24292.5,30.65,34.69
BER: SYNC #32 (gated)
CSV,470008,94000,32,31,0,15982,0,0.000000e+00,0.000000e+00,9173.5,25229910.0,22228.0,30.55,34.39
CSV,475008,95000,32,31,0,16182,0,0.000000e+00,0.000000e+00,9131.2,27347218.0,22261.5,30.89,34.76
BER: END_SEQ #32 [LOCK] seq_err=0 BER_seq=0.0000e+00 | lock=32 slip=0 BER_cond=0.0000e+00 BER_cum=0.0000e+00
CSV,480008,96000,32,32,0,16352,0,0.000000e+00,0.000000e+00,9439.0,28252252.0,22635.8,30.96,34.76
BER: SYNC #33 (gated)
CSV,485008,97000,33,32,0,16505,0,0.000000e+00,0.000000e+00,8562.8,25296274.0,23543.3,30.31,34.70
CSV,490008,98000,33,32,0,16705,0,0.000000e+00,0.000000e+00,9688.6,27938952.0,24912.7,30.50,34.60
BER: END_SEQ #33 [LOCK] seq_err=0 BER_seq=0.0000e+00 | lock=33 slip=0 BER_cond=0.0000e+00 BER_cum=0.0000e+00
CSV,495008,99000,33,33,0,16863,0,0.000000e+00,0.000000e+00,9449.2,27947040.0,24017.3,30.66,34.71
BER: SYNC #34 (gated)
CSV,500008,100000,34,33,0,17028,0,0.000000e+00,0.000000e+00,9621.2,24529724.0,21990.3,30.47,34.06
CSV,505008,101000,34,33,0,17228,0,0.000000e+00,0.000000e+00,9327.9,28639054.0,23823.7,30.80,34.87
BER: END_SEQ #34 [LOCK] seq_err=0 BER_seq=0.0000e+00 | lock=34 slip=0 BER_cond=0.0000e+00 BER_cum=0.0000e+00
CSV,510008,102000,34,34,0,17374,0,0.000000e+00,0.000000e+00,9411.1,27696808.0,23295.3,30.75,34.69
BER: SYNC #35 (gated)
CSV,515008,103000,35,34,0,17550,0,0.000000e+00,0.000000e+00,9128.7,25711346.0,23826.9,30.33,34.50
CSV,520008,104000,35,34,0,17750,0,0.000000e+00,0.000000e+00,9566.6,27865016.0,24676.4,30.53,34.64
BER: END_SEQ #35 [LOCK] seq_err=0 BER_seq=0.0000e+00 | lock=35 slip=0 BER_cond=0.0000e+00 BER_cum=0.0000e+00
CSV,525008,105000,35,35,0,17885,0,0.000000e+00,0.000000e+00,9481.3,27948676.0,23662.2,30.72,34.69
BER: SYNC #36 (gated)
CSV,530008,106000,36,35,0,18073,0,0.000000e+00,0.000000e+00,8862.8,24802180.0,22108.9,30.50,34.47
CSV,535008,107000,36,35,0,18273,0,0.000000e+00,0.000000e+00,9430.1,27934970.0,24206.2,30.62,34.72
BER: END_SEQ #36 [LOCK] seq_err=0 BER_seq=0.0000e+00 | lock=36 slip=0 BER_cond=0.0000e+00 BER_cum=0.0000e+00
BER: SYNC #37 (gated)
CSV,540008,108000,37,36,0,18396,0,0.000000e+00,0.000000e+00,9693.0,28454562.0,23813.4,30.77,34.68
CSV,545008,109000,37,36,0,18596,0,0.000000e+00,0.000000e+00,9020.1,24660854.0,23875.4,30.14,34.37
CSV,550008,110000,37,36,0,18796,0,0.000000e+00,0.000000e+00,9345.8,27858606.0,23332.7,30.77,34.74
BER: END_SEQ #37 [LOCK] seq_err=0 BER_seq=0.0000e+00 | lock=37 slip=0 BER_cond=0.0000e+00 BER_cum=0.0000e+00
BER: SYNC #38 (gated)
CSV,555008,111000,38,37,0,18919,0,0.000000e+00,0.000000e+00,8952.2,28997804.0,22949.4,31.02,35.10
CSV,560008,112000,38,37,0,19119,0,0.000000e+00,0.000000e+00,9210.7,24538796.0,23117.5,30.26,34.26
CSV,565008,113000,38,37,0,19318,0,0.000000e+00,0.000000e+00,9506.8,28182298.0,23635.6,30.76,34.72
BER: END_SEQ #38 [LOCK] seq_err=0 BER_seq=0.0000e+00 | lock=38 slip=0 BER_cond=0.0000e+00 BER_cum=0.0000e+00
BER: SYNC #39 (gated)
CSV,570008,114000,39,38,0,19441,0,0.000000e+00,0.000000e+00,9617.9,28249054.0,23113.5,30.87,34.68
CSV,575008,115000,39,38,0,19641,0,0.000000e+00,0.000000e+00,10235.4,24336826.0,23733.3,30.11,33.76
CSV,580008,116000,39,38,0,19841,0,0.000000e+00,0.000000e+00,10035.1,27524762.0,21734.4,31.03,34.38
BER: END_SEQ #39 [LOCK] seq_err=0 BER_seq=0.0000e+00 | lock=39 slip=0 BER_cond=0.0000e+00 BER_cum=0.0000e+00
BER: SYNC #40 (gated)
CSV,585008,117000,40,39,0,19964,0,0.000000e+00,0.000000e+00,9427.3,28647386.0,23147.7,30.93,34.83
CSV,590008,118000,40,39,0,20164,0,0.000000e+00,0.000000e+00,8899.2,25399948.0,25146.8,30.04,34.55
CSV,595008,119000,40,39,0,20364,0,0.000000e+00,0.000000e+00,9282.3,27661406.0,22581.3,30.88,34.74
BER: END_SEQ #40 [LOCK] seq_err=0 BER_seq=0.0000e+00 | lock=40 slip=0 BER_cond=0.0000e+00 BER_cum=0.0000e+00
BER: SYNC #41 (gated)
CSV,600008,120000,41,40,0,20487,0,0.000000e+00,0.000000e+00,9720.0,27700338.0,22748.1,30.86,34.55
CSV,605008,121000,41,40,0,20687,0,0.000000e+00,0.000000e+00,9425.8,25851492.0,25020.9,30.14,34.38
CSV,610008,122000,41,40,0,20886,0,0.000000e+00,0.000000e+00,9001.3,27372674.0,23926.2,30.58,34.83
BER: END_SEQ #41 [LOCK] seq_err=0 BER_seq=0.0000e+00 | lock=41 slip=0 BER_cond=0.0000e+00 BER_cum=0.0000e+00
BER: SYNC #42 (gated)
CSV,615008,123000,42,41,0,21009,0,0.000000e+00,0.000000e+00,9618.2,28075886.0,24306.3,30.63,34.65
CSV,620008,124000,42,41,0,21209,0,0.000000e+00,0.000000e+00,9592.2,24388644.0,23576.3,30.15,34.05
CSV,625008,125000,42,41,0,21409,0,0.000000e+00,0.000000e+00,8869.4,27904664.0,21220.2,31.19,34.98
BER: END_SEQ #42 [LOCK] seq_err=0 BER_seq=0.0000e+00 | lock=42 slip=0 BER_cond=0.0000e+00 BER_cum=0.0000e+00
BER: SYNC #43 (gated)
CSV,630008,126000,43,42,0,21532,0,0.000000e+00,0.000000e+00,10009.8,29042790.0,22942.8,31.02,34.63
CSV,635008,127000,43,42,0,21732,0,0.000000e+00,0.000000e+00,8956.1,23725218.0,23539.5,30.03,34.23
CSV,640008,128000,43,42,0,21932,0,0.000000e+00,0.000000e+00,8839.5,27700314.0,22094.5,30.98,34.96
BER: END_SEQ #43 [LOCK] seq_err=0 BER_seq=0.0000e+00 | lock=43 slip=0 BER_cond=0.0000e+00 BER_cum=0.0000e+00
BER: SYNC #44 (gated)
CSV,645008,129000,44,43,0,22055,0,0.000000e+00,0.000000e+00,8909.8,28757396.0,22589.2,31.05,35.09
CSV,650008,130000,44,43,0,22255,0,0.000000e+00,0.000000e+00,9209.3,24140674.0,22938.3,30.22,34.19
CSV,655008,131000,44,43,0,22455,0,0.000000e+00,0.000000e+00,9226.3,28352534.0,22074.1,31.09,34.88
BER: END_SEQ #44 [LOCK] seq_err=0 BER_seq=0.0000e+00 | lock=44 slip=0 BER_cond=0.0000e+00 BER_cum=0.0000e+00
BER: SYNC #45 (gated)
CSV,660008,132000,45,44,0,22578,0,0.000000e+00,0.000000e+00,10026.5,28798278.0,23735.6,30.84,34.58
CSV,665008,133000,45,44,0,22777,0,0.000000e+00,0.000000e+00,9518.2,24406940.0,23310.5,30.20,34.09
CSV,670008,134000,45,44,0,22977,0,0.000000e+00,0.000000e+00,9619.0,28228438.0,24723.6,30.58,34.68
BER: END_SEQ #45 [LOCK] seq_err=0 BER_seq=0.0000e+00 | lock=45 slip=0 BER_cond=0.0000e+00 BER_cum=0.0000e+00
BER: SYNC #46 (gated)
CSV,675008,135000,46,45,0,23100,0,0.000000e+00,0.000000e+00,8907.0,28476710.0,21875.2,31.15,35.05
CSV,680008,136000,46,45,0,23300,0,0.000000e+00,0.000000e+00,9411.3,24592434.0,20637.5,30.76,34.17
CSV,685008,137000,46,45,0,23500,0,0.000000e+00,0.000000e+00,9111.4,28054756.0,22484.7,30.96,34.88
BER: END_SEQ #46 [LOCK] seq_err=0 BER_seq=0.0000e+00 | lock=46 slip=0 BER_cond=0.0000e+00 BER_cum=0.0000e+00
BER: SYNC #47 (gated)
CSV,690008,138000,47,46,0,23623,0,0.000000e+00,0.000000e+00,9028.7,28141664.0,24156.5,30.66,34.94
CSV,695008,139000,47,46,0,23823,0,0.000000e+00,0.000000e+00,9046.0,24542148.0,23163.1,30.25,34.33
BER: END_SEQ #47 [LOCK] seq_err=0 BER_seq=0.0000e+00 | lock=47 slip=0 BER_cond=0.0000e+00 BER_cum=0.0000e+00
CSV,700008,140000,47,47,0,24017,0,0.000000e+00,0.000000e+00,9894.1,29297632.0,23062.6,31.04,34.71
BER: SYNC #48 (gated)
CSV,705008,141000,48,47,0,24146,0,0.000000e+00,0.000000e+00,8832.9,25393362.0,20910.3,30.84,34.59
CSV,710008,142000,48,47,0,24345,0,0.000000e+00,0.000000e+00,9202.3,27109992.0,23849.0,30.56,34.69
BER: END_SEQ #48 [LOCK] seq_err=0 BER_seq=0.0000e+00 | lock=48 slip=0 BER_cond=0.0000e+00 BER_cum=0.0000e+00
CSV,715008,143000,48,48,0,24528,0,0.000000e+00,0.000000e+00,9457.9,27914850.0,22319.0,30.97,34.70
BER: SYNC #49 (gated)
CSV,720008,144000,49,48,0,24668,0,0.000000e+00,0.000000e+00,8834.4,25624938.0,22825.9,30.50,34.62
CSV,725008,145000,49,48,0,24868,0,0.000000e+00,0.000000e+00,8931.4,26793176.0,22182.4,30.82,34.77
BER: END_SEQ #49 [LOCK] seq_err=0 BER_seq=0.0000e+00 | lock=49 slip=0 BER_cond=0.0000e+00 BER_cum=0.0000e+00
CSV,730008,146000,49,49,0,25039,0,0.000000e+00,0.000000e+00,9164.1,28636760.0,20678.6,31.41,34.95
BER: SYNC #50 (gated)
CSV,735008,147000,50,49,0,25191,0,0.000000e+00,0.000000e+00,8974.8,24709682.0,23915.6,30.14,34.40
CSV,740008,148000,50,49,0,25391,0,0.000000e+00,0.000000e+00,9222.3,28533370.0,22143.4,31.10,34.91
BER: END_SEQ #50 [LOCK] seq_err=0 BER_seq=0.0000e+00 | lock=50 slip=0 BER_cond=0.0000e+00 BER_cum=0.0000e+00
CSV,745008,149000,50,50,0,25550,0,0.000000e+00,0.000000e+00,8762.0,27404752.0,23377.1,30.69,34.95
BER: SYNC #51 (gated)
CSV,750008,150000,51,50,0,25714,0,0.000000e+00,0.000000e+00,8898.4,25011674.0,21282.6,30.70,34.49
CSV,755008,151000,51,50,0,25914,0,0.000000e+00,0.000000e+00,8827.5,27767198.0,22235.3,30.96,34.98
BER: END_SEQ #51 [LOCK] seq_err=0 BER_seq=0.0000e+00 | lock=51 slip=0 BER_cond=0.0000e+00 BER_cum=0.0000e+00
CSV,760008,152000,51,51,0,26061,0,0.000000e+00,0.000000e+00,9541.7,28328212.0,23400.0,30.83,34.73
BER: SYNC #52 (gated)
CSV,765008,153000,52,51,0,26237,0,0.000000e+00,0.000000e+00,9192.5,25140190.0,24217.6,30.16,34.37
CSV,770008,154000,52,51,0,26436,0,0.000000e+00,0.000000e+00,9867.6,28239850.0,25001.2,30.53,34.57
BER: END_SEQ #52 [LOCK] seq_err=0 BER_seq=0.0000e+00 | lock=52 slip=0 BER_cond=0.0000e+00 BER_cum=0.0000e+00
CSV,775008,155000,52,52,0,26572,0,0.000000e+00,0.000000e+00,8929.5,27504530.0,23249.4,30.73,34.89
BER: SYNC #53 (gated)
CSV,780008,156000,53,52,0,26759,0,0.000000e+00,0.000000e+00,7113.2,26537332.0,17270.4,31.87,35.72
CSV,785008,157000,53,52,0,26959,0,0.000000e+00,0.000000e+00,5659.4,30134600.0,12976.6,33.66,37.26
BER: END_SEQ #53 [LOCK] seq_err=0 BER_seq=0.0000e+00 | lock=53 slip=0 BER_cond=0.0000e+00 BER_cum=0.0000e+00
CSV,790008,158000,53,53,0,27083,0,0.000000e+00,0.000000e+00,5614.2,31692034.0,12157.8,34.16,37.52
BER: SYNC #54 (gated)
CSV,795008,159000,54,53,0,27282,0,0.000000e+00,0.000000e+00,5764.0,26775112.0,11940.3,33.51,36.67
CSV,800008,160000,54,53,0,27482,0,0.000000e+00,0.000000e+00,5864.0,30935786.0,12260.0,34.02,37.22
BER: END_SEQ #54 [LOCK] seq_err=0 BER_seq=0.0000e+00 | lock=54 slip=0 BER_cond=0.0000e+00 BER_cum=0.0000e+00
BER: SYNC #55 (gated)
CSV,805008,161000,55,54,0,27605,0,0.000000e+00,0.000000e+00,6085.6,31390098.0,11819.9,34.24,37.12
CSV,810008,162000,55,54,0,27805,0,0.000000e+00,0.000000e+00,5847.4,27082972.0,13323.9,33.08,36.66
CSV,815008,163000,55,54,0,28005,0,0.000000e+00,0.000000e+00,7159.3,31432960.0,23830.7,31.20,36.43
BER: END_SEQ #55 [LOCK] seq_err=0 BER_seq=0.0000e+00 | lock=55 slip=0 BER_cond=0.0000e+00 BER_cum=0.0000e+00
BER: SYNC #56 (gated)
CSV,820008,164000,56,55,0,28128,0,0.000000e+00,0.000000e+00,6810.2,31028962.0,18607.3,32.22,36.59
CSV,825008,165000,56,55,0,28327,0,0.000000e+00,0.000000e+00,5850.3,26775898.0,9818.4,34.36,36.61
CSV,830008,166000,56,55,0,28527,0,0.000000e+00,0.000000e+00,5568.9,30331088.0,12739.7,33.77,37.36
BER: END_SEQ #56 [LOCK] seq_err=0 BER_seq=0.0000e+00 | lock=56 slip=0 BER_cond=0.0000e+00 BER_cum=0.0000e+00
BER: SYNC #57 (gated)
CSV,835008,167000,57,56,0,28650,0,0.000000e+00,0.000000e+00,7546.2,30734078.0,22869.6,31.28,36.10
CSV,840008,168000,57,56,0,28850,0,0.000000e+00,0.000000e+00,7973.0,26890066.0,24019.9,30.49,35.28
CSV,845008,169000,57,56,0,29050,0,0.000000e+00,0.000000e+00,6057.7,30433444.0,10347.8,34.69,37.01
BER: END_SEQ #57 [LOCK] seq_err=0 BER_seq=0.0000e+00 | lock=57 slip=0 BER_cond=0.0000e+00 BER_cum=0.0000e+00
BER: SYNC #58 (gated)
CSV,850008,170000,58,57,0,29173,0,0.000000e+00,0.000000e+00,5510.4,30808878.0,9762.4,34.99,37.47
CSV,855008,171000,58,57,0,29373,0,0.000000e+00,0.000000e+00,5355.5,28493106.0,9600.4,34.72,37.26
CSV,860008,172000,58,57,0,29573,0,0.000000e+00,0.000000e+00,5476.0,30211362.0,11274.5,34.28,37.42
BER: END_SEQ #58 [LOCK] seq_err=0 BER_seq=0.0000e+00 | lock=58 slip=0 BER_cond=0.0000e+00 BER_cum=0.0000e+00
BER: SYNC #59 (gated)
CSV,865008,173000,59,58,0,29696,0,0.000000e+00,0.000000e+00,5529.4,31554098.0,9345.6,35.28,37.56
CSV,870008,174000,59,58,0,29895,0,0.000000e+00,0.000000e+00,5669.7,26571200.0,10841.7,33.89,36.71
CSV,875008,175000,59,58,0,30095,0,0.000000e+00,0.000000e+00,5559.4,31140670.0,9384.6,35.21,37.48
BER: END_SEQ #59 [LOCK] seq_err=0 BER_seq=0.0000e+00 | lock=59 slip=0 BER_cond=0.0000e+00 BER_cum=0.0000e+00
BER: SYNC #60 (gated)
CSV,880008,176000,60,59,0,30218,0,0.000000e+00,0.000000e+00,5847.3,31577078.0,10711.8,34.70,37.32
CSV,885008,177000,60,59,0,30418,0,0.000000e+00,0.000000e+00,5211.5,26929296.0,10267.3,34.19,37.13
CSV,890008,178000,60,59,0,30618,0,0.000000e+00,0.000000e+00,5614.9,30413376.0,9615.5,35.00,37.34
BER: END_SEQ #60 [LOCK] seq_err=0 BER_seq=0.0000e+00 | lock=60 slip=0 BER_cond=0.0000e+00 BER_cum=0.0000e+00
BER: SYNC #61 (gated)
CSV,895008,179000,61,60,0,30741,0,0.000000e+00,0.000000e+00,5691.6,32509360.0,9600.9,35.30,37.57
CSV,900008,180000,61,60,0,30941,0,0.000000e+00,0.000000e+00,5816.2,25999844.0,9338.9,34.45,36.50
CSV,905008,181000,61,60,0,31141,0,0.000000e+00,0.000000e+00,5974.2,31820482.0,11338.4,34.48,37.26
BER: END_SEQ #61 [LOCK] seq_err=0 BER_seq=0.0000e+00 | lock=61 slip=0 BER_cond=0.0000e+00 BER_cum=0.0000e+00
BER: SYNC #62 (gated)
CSV,910008,182000,62,61,0,31264,0,0.000000e+00,0.000000e+00,8976.8,28020100.0,23289.1,30.80,34.94
CSV,915008,183000,62,61,0,31464,0,0.000000e+00,0.000000e+00,9597.7,24869054.0,23237.7,30.29,34.13
CSV,920008,184000,62,61,0,31664,0,0.000000e+00,0.000000e+00,9561.5,28063386.0,23116.0,30.84,34.68
BER: END_SEQ #62 [LOCK] seq_err=0 BER_seq=0.0000e+00 | lock=62 slip=0 BER_cond=0.0000e+00 BER_cum=0.0000e+00
BER: SYNC #63 (gated)
CSV,925008,185000,63,62,0,31786,0,0.000000e+00,0.000000e+00,9400.6,29485670.0,22422.1,31.19,34.96
CSV,930008,186000,63,62,0,31986,0,0.000000e+00,0.000000e+00,5743.3,26475664.0,10692.4,33.94,36.64
CSV,935008,187000,63,62,0,32186,0,0.000000e+00,0.000000e+00,5699.5,30794980.0,11365.6,34.33,37.33
BER: END_SEQ #63 [LOCK] seq_err=0 BER_seq=0.0000e+00 | lock=63 slip=0 BER_cond=0.0000e+00 BER_cum=0.0000e+00
BER: SYNC #64 (gated)
CSV,940008,188000,64,63,0,32309,0,0.000000e+00,0.000000e+00,6376.3,30980460.0,13489.3,33.61,36.87
CSV,945008,189000,64,63,0,32509,0,0.000000e+00,0.000000e+00,6658.5,27539826.0,17018.4,32.09,36.17
BER: END_SEQ #64 [LOCK] seq_err=0 BER_seq=0.0000e+00 | lock=64 slip=0 BER_cond=0.0000e+00 BER_cum=0.0000e+00
CSV,950008,190000,64,64,0,32704,0,0.000000e+00,0.000000e+00,6093.9,32034594.0,13156.9,33.86,37.21
BER: SYNC #65 (gated)
CSV,955008,191000,65,64,0,32832,0,0.000000e+00,0.000000e+00,6286.2,28540952.0,13999.3,33.09,36.57
CSV,960008,192000,65,64,0,33032,0,0.000000e+00,0.000000e+00,5607.9,29755706.0,12445.6,33.79,37.25
BER: END_SEQ #65 [LOCK] seq_err=0 BER_seq=0.0000e+00 | lock=65 slip=0 BER_cond=0.0000e+00 BER_cum=0.0000e+00
CSV,965008,193000,65,65,0,33215,0,0.000000e+00,0.000000e+00,5877.0,30817366.0,14452.2,33.29,37.20
BER: SYNC #66 (gated)
CSV,970008,194000,66,65,0,33355,0,0.000000e+00,0.000000e+00,5986.6,28566828.0,15626.4,32.62,36.79
CSV,975008,195000,66,65,0,33554,0,0.000000e+00,0.000000e+00,6957.8,29505292.0,17706.2,32.22,36.27
BER: END_SEQ #66 [LOCK] seq_err=0 BER_seq=0.0000e+00 | lock=66 slip=0 BER_cond=0.0000e+00 BER_cum=0.0000e+00
CSV,980008,196000,66,66,0,33726,0,0.000000e+00,0.000000e+00,6040.3,31717086.0,15204.5,33.19,37.20
BER: SYNC #67 (gated)
CSV,985008,197000,67,66,0,33877,0,0.000000e+00,0.000000e+00,5867.5,27179708.0,15357.6,32.48,36.66
CSV,990008,198000,67,66,0,34077,0,0.000000e+00,0.000000e+00,5850.2,31180612.0,12277.4,34.05,37.27
BER: END_SEQ #67 [LOCK] seq_err=0 BER_seq=0.0000e+00 | lock=67 slip=0 BER_cond=0.0000e+00 BER_cum=0.0000e+00
CSV,995008,199000,67,67,0,34237,0,0.000000e+00,0.000000e+00,6950.6,30370380.0,18348.7,32.19,36.40
BER: SYNC #68 (gated)
CSV,1000008,200000,68,67,0,34400,0,0.000000e+00,0.000000e+00,6605.6,27521942.0,18723.3,31.67,36.20
CSV,1005008,201000,68,67,0,34600,0,0.000000e+00,0.000000e+00,6785.8,30407298.0,18613.4,32.13,36.51
BER: END_SEQ #68 [LOCK] seq_err=0 BER_seq=0.0000e+00 | lock=68 slip=0 BER_cond=0.0000e+00 BER_cum=0.0000e+00
CSV,1010008,202000,68,68,0,34748,0,0.000000e+00,0.000000e+00,7986.4,31513938.0,18895.3,32.22,35.96
BER: SYNC #69 (gated)
CSV,1015008,203000,69,68,0,34923,0,0.000000e+00,0.000000e+00,7313.3,27269438.0,19576.3,31.44,35.72
CSV,1020008,204000,69,68,0,35123,0,0.000000e+00,0.000000e+00,5954.4,31599060.0,16862.7,32.73,37.25
BER: END_SEQ #69 [LOCK] seq_err=0 BER_seq=0.0000e+00 | lock=69 slip=0 BER_cond=0.0000e+00 BER_cum=0.0000e+00
CSV,1025008,205000,69,69,0,35259,0,0.000000e+00,0.000000e+00,6426.4,29690066.0,14072.0,33.24,36.65
BER: SYNC #70 (gated)
CSV,1030008,206000,70,69,0,35445,0,0.000000e+00,0.000000e+00,5715.0,28222794.0,9320.5,34.81,36.94
CSV,1035008,207000,70,69,0,35645,0,0.000000e+00,0.000000e+00,5748.8,30378148.0,9512.3,35.04,37.23
BER: END_SEQ #70 [LOCK] seq_err=0 BER_seq=0.0000e+00 | lock=70 slip=0 BER_cond=0.0000e+00 BER_cum=0.0000e+00
CSV,1040008,208000,70,70,0,35770,0,0.000000e+00,0.000000e+00,6530.8,31799806.0,15663.8,33.08,36.87
BER: SYNC #71 (gated)
CSV,1045008,209000,71,70,0,35968,0,0.000000e+00,0.000000e+00,9833.8,24815336.0,30030.3,29.17,34.02
CSV,1050008,210000,71,70,0,36168,0,0.000000e+00,0.000000e+00,11183.5,28925376.0,41025.6,28.48,34.13
BER: END_SEQ #71 [LOCK] seq_err=0 BER_seq=0.0000e+00 | lock=71 slip=0 BER_cond=0.0000e+00 BER_cum=0.0000e+00
BER: SYNC #72 (gated)
CSV,1055008,211000,72,71,0,36291,0,0.000000e+00,0.000000e+00,12622.9,28853956.0,47861.2,27.80,33.59
CSV,1060008,212000,72,71,0,36491,0,0.000000e+00,0.000000e+00,5998.6,27646876.0,10852.3,34.06,36.64
CSV,1065008,213000,72,71,0,36691,0,0.000000e+00,0.000000e+00,5323.3,30441652.0,10155.2,34.77,37.57
BER: END_SEQ #72 [LOCK] seq_err=0 BER_seq=0.0000e+00 | lock=72 slip=0 BER_cond=0.0000e+00 BER_cum=0.0000e+00
BER: SYNC #73 (gated)
CSV,1070008,214000,73,72,0,36814,0,0.000000e+00,0.000000e+00,5393.8,32110548.0,11523.3,34.45,37.75
CSV,1075008,215000,73,72,0,37014,0,0.000000e+00,0.000000e+00,5977.3,26619902.0,12039.2,33.45,36.49
CSV,1080008,216000,73,72,0,37213,0,0.000000e+00,0.000000e+00,6399.9,30686852.0,12777.4,33.81,36.81
BER: END_SEQ #73 [LOCK] seq_err=0 BER_seq=0.0000e+00 | lock=73 slip=0 BER_cond=0.0000e+00 BER_cum=0.0000e+00
BER: SYNC #74 (gated)
CSV,1085008,217000,74,73,0,37336,0,0.000000e+00,0.000000e+00,6446.5,31345404.0,14466.0,33.36,36.87
CSV,1090008,218000,74,73,0,37536,0,0.000000e+00,0.000000e+00,6176.3,28033724.0,14369.5,32.90,36.57
CSV,1095008,219000,74,73,0,37736,0,0.000000e+00,0.000000e+00,5619.8,29950686.0,13494.7,33.46,37.27
BER: END_SEQ #74 [LOCK] seq_err=0 BER_seq=0.0000e+00 | lock=74 slip=0 BER_cond=0.0000e+00 BER_cum=0.0000e+00
BER: SYNC #75 (gated)
CSV,1100008,220000,75,74,0,37859,0,0.000000e+00,0.000000e+00,7459.9,30205760.0,17443.6,32.38,36.07
CSV,1105008,221000,75,74,0,38059,0,0.000000e+00,0.000000e+00,9606.6,25315194.0,24563.3,30.13,34.21
CSV,1110008,222000,75,74,0,38259,0,0.000000e+00,0.000000e+00,9027.7,27976046.0,23255.6,30.80,34.91
BER: END_SEQ #75 [LOCK] seq_err=0 BER_seq=0.0000e+00 | lock=75 slip=0 BER_cond=0.0000e+00 BER_cum=0.0000e+00
BER: SYNC #76 (gated)
CSV,1115008,223000,76,75,0,38382,0,0.000000e+00,0.000000e+00,9140.9,28148822.0,24105.6,30.67,34.88
CSV,1120008,224000,76,75,0,38582,0,0.000000e+00,0.000000e+00,8953.0,24532848.0,22703.1,30.34,34.38
CSV,1125008,225000,76,75,0,38781,0,0.000000e+00,0.000000e+00,8603.2,27736578.0,21971.9,31.01,35.08
BER: END_SEQ #76 [LOCK] seq_err=0 BER_seq=0.0000e+00 | lock=76 slip=0 BER_cond=0.0000e+00 BER_cum=0.0000e+00
BER: SYNC #77 (gated)
CSV,1130008,226000,77,76,0,38904,0,0.000000e+00,0.000000e+00,7954.1,30673832.0,17934.3,32.33,35.86
CSV,1135008,227000,77,76,0,39104,0,0.000000e+00,0.000000e+00,5433.8,26567308.0,8479.4,34.96,36.89
CSV,1140008,228000,77,76,0,39304,0,0.000000e+00,0.000000e+00,5457.6,30550664.0,10106.4,34.80,37.48
BER: END_SEQ #77 [LOCK] seq_err=0 BER_seq=0.0000e+00 | lock=77 slip=0 BER_cond=0.0000e+00 BER_cum=0.0000e+00
BER: SYNC #78 (gated)
CSV,1145008,229000,78,77,0,39427,0,0.000000e+00,0.000000e+00,5651.4,32819492.0,9674.0,35.31,37.64
CSV,1150008,230000,78,77,0,39627,0,0.000000e+00,0.000000e+00,5639.7,25923678.0,8878.3,34.65,36.62
CSV,1155008,231000,78,77,0,39827,0,0.000000e+00,0.000000e+00,5542.7,32163338.0,9178.9,35.45,37.64
BER: END_SEQ #78 [LOCK] seq_err=0 BER_seq=0.0000e+00 | lock=78 slip=0 BER_cond=0.0000e+00 BER_cum=0.0000e+00
BER: SYNC #79 (gated)
CSV,1160008,232000,79,78,0,39950,0,0.000000e+00,0.000000e+00,5804.5,30556124.0,9774.5,34.95,37.21
CSV,1165008,233000,79,78,0,40150,0,0.000000e+00,0.000000e+00,5654.6,27645848.0,12414.2,33.48,36.89
CSV,1170008,234000,79,78,0,40350,0,0.000000e+00,0.000000e+00,5988.4,30319964.0,13252.9,33.59,37.04
BER: END_SEQ #79 [LOCK] seq_err=0 BER_seq=0.0000e+00 | lock=79 slip=0 BER_cond=0.0000e+00 BER_cum=0.0000e+00
BER: SYNC #80 (gated)
CSV,1175008,235000,80,79,0,40473,0,0.000000e+00,0.000000e+00,5377.1,32037824.0,11742.3,34.36,37.75
CSV,1180008,236000,80,79,0,40672,0,0.000000e+00,0.000000e+00,5642.5,26367048.0,10944.5,33.82,36.70
CSV,1185008,237000,80,79,0,40872,0,0.000000e+00,0.000000e+00,5850.5,31228436.0,11230.1,34.44,37.27
BER: END_SEQ #80 [LOCK] seq_err=0 BER_seq=0.0000e+00 | lock=80 slip=0 BER_cond=0.0000e+00 BER_cum=0.0000e+00
BER: SYNC #81 (gated)
CSV,1190008,238000,81,80,0,40995,0,0.000000e+00,0.000000e+00,5521.9,30477410.0,12086.4,34.02,37.42
CSV,1195008,239000,81,80,0,41195,0,0.000000e+00,0.000000e+00,5470.9,27877374.0,13244.6,33.23,37.07
BER: END_SEQ #81 [LOCK] seq_err=0 BER_seq=0.0000e+00 | lock=81 slip=0 BER_cond=0.0000e+00 BER_cum=0.0000e+00
CSV,1200008,240000,81,81,0,41391,0,0.000000e+00,0.000000e+00,5865.2,31559854.0,13061.4,33.83,37.31
BER: SYNC #82 (gated)
CSV,1205008,241000,82,81,0,41518,0,0.000000e+00,0.000000e+00,5377.7,29226548.0,9090.4,35.07,37.35
CSV,1210008,242000,82,81,0,41718,0,0.000000e+00,0.000000e+00,5481.9,29031986.0,9448.5,34.88,37.24
BER: END_SEQ #82 [LOCK] seq_err=0 BER_seq=0.0000e+00 | lock=82 slip=0 BER_cond=0.0000e+00 BER_cum=0.0000e+00
CSV,1215008,243000,82,82,0,41902,0,0.000000e+00,0.000000e+00,6173.7,31356488.0,13582.4,33.63,37.06
BER: SYNC #83 (gated)
CSV,1220008,244000,83,82,0,42041,0,0.000000e+00,0.000000e+00,5755.4,27691836.0,11599.5,33.78,36.82
CSV,1225008,245000,83,82,0,42241,0,0.000000e+00,0.000000e+00,7608.0,29085336.0,17899.5,32.11,35.82
BER: END_SEQ #83 [LOCK] seq_err=0 BER_seq=0.0000e+00 | lock=83 slip=0 BER_cond=0.0000e+00 BER_cum=0.0000e+00
CSV,1230008,246000,83,83,0,42413,0,0.000000e+00,0.000000e+00,9015.7,28627780.0,21396.0,31.26,35.02
BER: SYNC #84 (gated)
CSV,1235008,247000,84,83,0,42563,0,0.000000e+00,0.000000e+00,9029.6,25563840.0,21892.5,30.67,34.52
CSV,1240008,248000,84,83,0,42763,0,0.000000e+00,0.000000e+00,8866.7,27877374.0,22558.1,30.92,34.97
BER: END_SEQ #84 [LOCK] seq_err=0 BER_seq=0.0000e+00 | lock=84 slip=0 BER_cond=0.0000e+00 BER_cum=0.0000e+00
CSV,1245008,249000,84,84,0,42924,0,0.000000e+00,0.000000e+00,8341.6,29175056.0,19087.0,31.84,35.44
BER: SYNC #85 (gated)
CSV,1250008,250000,85,84,0,43086,0,0.000000e+00,0.000000e+00,5579.3,27532814.0,11123.8,33.94,36.93
CSV,1255008,251000,85,84,0,43286,0,0.000000e+00,0.000000e+00,5405.6,31038620.0,10847.7,34.57,37.59
BER: END_SEQ #85 [LOCK] seq_err=0 BER_seq=0.0000e+00 | lock=85 slip=0 BER_cond=0.0000e+00 BER_cum=0.0000e+00
CSV,1260008,252000,85,85,0,43435,0,0.000000e+00,0.000000e+00,5932.8,30853202.0,13623.6,33.55,37.16
BER: SYNC #86 (gated)
CSV,1265008,253000,86,85,0,43609,0,0.000000e+00,0.000000e+00,5359.5,28159984.0,10523.1,34.27,37.21
CSV,1270008,254000,86,85,0,43809,0,0.000000e+00,0.000000e+00,5249.8,31230312.0,9181.6,35.32,37.74
BER: END_SEQ #86 [LOCK] seq_err=0 BER_seq=0.0000e+00 | lock=86 slip=0 BER_cond=0.0000e+00 BER_cum=0.0000e+00
CSV,1275008,255000,86,86,0,43946,0,0.000000e+00,0.000000e+00,5644.3,30439442.0,8995.9,35.29,37.32
BER: SYNC #87 (gated)
CSV,1280008,256000,87,86,0,44131,0,0.000000e+00,0.000000e+00,5017.1,28296286.0,9875.8,34.57,37.51
CSV,1285008,257000,87,86,0,44331,0,0.000000e+00,0.000000e+00,5415.7,30071718.0,8796.9,35.34,37.45
BER: END_SEQ #87 [LOCK] seq_err=0 BER_seq=0.0000e+00 | lock=87 slip=0 BER_cond=0.0000e+00 BER_cum=0.0000e+00
CSV,1290008,258000,87,87,0,44457,0,0.000000e+00,0.000000e+00,5936.9,31915826.0,12423.9,34.10,37.30
BER: SYNC #88 (gated)
CSV,1295008,259000,88,87,0,44654,0,0.000000e+00,0.000000e+00,5321.0,26573448.0,10388.9,34.08,36.98
CSV,1300008,260000,88,87,0,44854,0,0.000000e+00,0.000000e+00,8692.4,28692532.0,22799.4,31.00,35.19
BER: END_SEQ #88 [LOCK] seq_err=0 BER_seq=0.0000e+00 | lock=88 slip=0 BER_cond=0.0000e+00 BER_cum=0.0000e+00
BER: SYNC #89 (gated)
CSV,1305008,261000,89,88,0,44977,0,0.000000e+00,0.000000e+00,8885.1,28736412.0,23412.9,30.89,35.10
CSV,1310008,262000,89,88,0,45177,0,0.000000e+00,0.000000e+00,9645.8,25535752.0,24165.6,30.24,34.23
CSV,1315008,263000,89,88,0,45377,0,0.000000e+00,0.000000e+00,9585.9,27808210.0,23837.5,30.67,34.63
BER: END_SEQ #89 [LOCK] seq_err=0 BER_seq=0.0000e+00 | lock=89 slip=0 BER_cond=0.0000e+00 BER_cum=0.0000e+00
BER: SYNC #90 (gated)
CSV,1320008,264000,90,89,0,45500,0,0.000000e+00,0.000000e+00,9296.1,29173192.0,22190.9,31.19,34.97
CSV,1325008,265000,90,89,0,45700,0,0.000000e+00,0.000000e+00,9051.1,24121948.0,22722.2,30.26,34.26
CSV,1330008,266000,90,89,0,45899,0,0.000000e+00,0.000000e+00,9227.9,28540828.0,23202.3,30.90,34.90
BER: END_SEQ #90 [LOCK] seq_err=0 BER_seq=0.0000e+00 | lock=90 slip=0 BER_cond=0.0000e+00 BER_cum=0.0000e+00
BER: SYNC #91 (gated)
CSV,1335008,267000,91,90,0,46022,0,0.000000e+00,0.000000e+00,8711.0,28240508.0,21799.1,31.12,35.11
CSV,1340008,268000,91,90,0,46222,0,0.000000e+00,0.000000e+00,9857.9,25929910.0,23185.5,30.49,34.20
CSV,1345008,269000,91,90,0,46422,0,0.000000e+00,0.000000e+00,8356.3,27328356.0,21321.1,31.08,35.15
BER: END_SEQ #91 [LOCK] seq_err=0 BER_seq=0.0000e+00 | lock=91 slip=0 BER_cond=0.0000e+00 BER_cum=0.0000e+00
BER: SYNC #92 (gated)
CSV,1350008,270000,92,91,0,46545,0,0.000000e+00,0.000000e+00,6233.1,32410054.0,17535.1,32.67,37.16
CSV,1355008,271000,92,91,0,46745,0,0.000000e+00,0.000000e+00,7362.1,27652388.0,23716.9,30.67,35.75
CSV,1360008,272000,92,91,0,46945,0,0.000000e+00,0.000000e+00,8964.8,30621002.0,26463.5,30.63,35.33
BER: END_SEQ #92 [LOCK] seq_err=0 BER_seq=0.0000e+00 | lock=92 slip=0 BER_cond=0.0000e+00 BER_cum=0.0000e+00
BER: SYNC #93 (gated)
CSV,1365008,273000,93,92,0,47068,0,0.000000e+00,0.000000e+00,9139.0,27833940.0,21682.3,31.08,34.84
CSV,1370008,274000,93,92,0,47268,0,0.000000e+00,0.000000e+00,8919.9,25288118.0,22635.0,30.48,34.53
CSV,1375008,275000,93,92,0,47468,0,0.000000e+00,0.000000e+00,7553.2,29963000.0,23812.1,31.00,35.98
BER: END_SEQ #93 [LOCK] seq_err=0 BER_seq=0.0000e+00 | lock=93 slip=0 BER_cond=0.0000e+00 BER_cum=0.0000e+00
BER: SYNC #94 (gated)
CSV,1380008,276000,94,93,0,47591,0,0.000000e+00,0.000000e+00,9541.4,30072596.0,27084.1,30.45,34.99
CSV,1385008,277000,94,93,0,47791,0,0.000000e+00,0.000000e+00,9644.8,23923736.0,23394.7,30.10,33.95
CSV,1390008,278000,94,93,0,47990,0,0.000000e+00,0.000000e+00,9796.0,28058018.0,23744.6,30.72,34.57
BER: END_SEQ #94 [LOCK] seq_err=0 BER_seq=0.0000e+00 | lock=94 slip=0 BER_cond=0.0000e+00 BER_cum=0.0000e+00
BER: SYNC #95 (gated)
CSV,1395008,279000,95,94,0,48113,0,0.000000e+00,0.000000e+00,9657.8,29283440.0,24392.9,30.79,34.82
CSV,1400008,280000,95,94,0,48313,0,0.000000e+00,0.000000e+00,9501.5,24038438.0,25899.2,29.68,34.03
CSV,1405008,281000,95,94,0,48513,0,0.000000e+00,0.000000e+00,9037.0,28861524.0,24050.2,30.79,35.04
BER: END_SEQ #95 [LOCK] seq_err=0 BER_seq=0.0000e+00 | lock=95 slip=0 BER_cond=0.0000e+00 BER_cum=0.0000e+00
BER: SYNC #96 (gated)
CSV,1410008,282000,96,95,0,48636,0,0.000000e+00,0.000000e+00,9014.9,28623646.0,22256.4,31.09,35.02
CSV,1415008,283000,96,95,0,48836,0,0.000000e+00,0.000000e+00,9553.9,24999130.0,23015.3,30.36,34.18
CSV,1420008,284000,96,95,0,49036,0,0.000000e+00,0.000000e+00,9183.6,27855010.0,23540.6,30.73,34.82
BER: END_SEQ #96 [LOCK] seq_err=0 BER_seq=0.0000e+00 | lock=96 slip=0 BER_cond=0.0000e+00 BER_cum=0.0000e+00
BER: SYNC #97 (gated)
CSV,1425008,285000,97,96,0,49159,0,0.000000e+00,0.000000e+00,9471.7,29212952.0,23291.8,30.98,34.89
CSV,1430008,286000,97,96,0,49359,0,0.000000e+00,0.000000e+00,9843.2,25964806.0,33565.8,28.88,34.21
CSV,1435008,287000,97,96,0,49559,0,0.000000e+00,0.000000e+00,8858.8,31268742.0,37310.5,29.23,35.48
BER: END_SEQ #97 [LOCK] seq_err=0 BER_seq=0.0000e+00 | lock=97 slip=0 BER_cond=0.0000e+00 BER_cum=0.0000e+00
BER: SYNC #98 (gated)
CSV,1440008,288000,98,97,0,49681,0,0.000000e+00,0.000000e+00,8408.9,31315424.0,23993.5,31.16,35.71
CSV,1445008,289000,98,97,0,49881,0,0.000000e+00,0.000000e+00,8125.0,27919214.0,33587.8,29.20,35.36
BER: END_SEQ #98 [LOCK] seq_err=0 BER_seq=0.0000e+00 | lock=98 slip=0 BER_cond=0.0000e+00 BER_cum=0.0000e+00
CSV,1450008,290000,98,98,0,50078,0,0.000000e+00,0.000000e+00,6468.4,32044350.0,18258.6,32.44,36.95
BER: SYNC #99 (gated)
CSV,1455008,291000,99,98,0,50204,0,0.000000e+00,0.000000e+00,9567.1,29387550.0,62134.4,26.75,34.87
CSV,1460008,292000,99,98,0,50404,0,0.000000e+00,0.000000e+00,8184.4,29199052.0,26407.4,30.44,35.52
BER: END_SEQ #99 [LOCK] seq_err=0 BER_seq=0.0000e+00 | lock=99 slip=0 BER_cond=0.0000e+00 BER_cum=0.0000e+00
CSV,1465008,293000,99,99,0,50589,0,0.000000e+00,0.000000e+00,7130.4,30972748.0,19317.3,32.05,36.38
BER: SYNC #100 (gated)
CSV,1470008,294000,100,99,0,50727,0,0.000000e+00,0.000000e+00,8822.9,25035022.0,25139.2,29.98,34.53
CSV,1475008,295000,100,99,0,50927,0,0.000000e+00,0.000000e+00,7722.0,29396566.0,20180.3,31.63,35.81
BER: END_SEQ #100 [LOCK] seq_err=0 BER_seq=0.0000e+00 | lock=100 slip=0 BER_cond=0.0000e+00 BER_cum=0.0000e+00
CSV,1480008,296000,100,100,0,51100,0,0.000000e+00,0.000000e+00,5951.1,31559830.0,15261.2,33.16,37.25
BER: SYNC #101 (gated)
CSV,1485008,297000,101,100,0,51250,0,0.000000e+00,0.000000e+00,5327.0,28953838.0,11756.2,33.91,37.35
CSV,1490008,298000,101,100,0,51449,0,0.000000e+00,0.000000e+00,5583.8,30814914.0,11992.5,34.10,37.42
BER: END_SEQ #101 [LOCK] seq_err=0 BER_seq=0.0000e+00 | lock=101 slip=0 BER_cond=0.0000e+00 BER_cum=0.0000e+00
CSV,1495008,299000,101,101,0,51611,0,0.000000e+00,0.000000e+00,5793.4,31992332.0,11924.2,34.29,37.42
BER: SYNC #102 (gated)
CSV,1500008,300000,102,101,0,51772,0,0.000000e+00,0.000000e+00,5587.4,27742094.0,12809.6,33.36,36.96
CSV,1505008,301000,102,101,0,51972,0,0.000000e+00,0.000000e+00,13244.7,28792024.0,55164.8,27.18,33.37
BER: END_SEQ #102 [LOCK] seq_err=0 BER_seq=0.0000e+00 | lock=102 slip=0 BER_cond=0.0000e+00 BER_cum=0.0000e+00
CSV,1510008,302000,102,102,0,52122,0,0.000000e+00,0.000000e+00,14499.7,28536354.0,63993.3,26.49,32.94

=========================================
=== END OF TEST (duration=25 min) ===
=========================================
FINAL: syncs=102 lock=102 slip=0 slip_rate=0.0000
FINAL: bits_cum=52122 err_cum=0 BER_cum=0.0000e+00
FINAL: bits_lock=52122 err_lock=0 BER_cond=0.0000e+00
=========================================
=== STOP LOGGING NOW ===
=========================================
