

=== RX BOOT - BER TEST MODE ===
BPS_MODE=20 (HALF_SAMPLES=2000, 10000 samples/bit @ 200000 Hz)
Expect: 64-bit preamble + Barker13 (1F35h, gated by 8 preamble bits = 0x55) + 511-bit PRBS-9
Noise floor band: 5000 Hz; lock threshold: BER<0.10
Auto-stop: test will halt 25 min after the first sync.
RX: edge-tracking sync, center-3 voting
Starting decoder...

CSV,5010,500,0,0,0,0,0,0.000000e+00,0.000000e+00,20502094.0,21223586.0,7862.3,34.31,0.15
BER: SYNC #1 (gated)
CSV,10010,1000,1,0,0,71,0,0.000000e+00,0.000000e+00,19742530.0,23125938.0,7193.7,35.07,0.69
CSV,15010,1500,1,0,0,170,0,0.000000e+00,0.000000e+00,24949814.0,16956452.0,7077.7,35.47,1.68
CSV,20010,2000,1,0,0,270,0,0.000000e+00,0.000000e+00,22019558.0,20307858.0,7310.8,34.79,0.35
CSV,25010,2500,1,0,0,370,0,0.000000e+00,0.000000e+00,19392676.0,24195158.0,6721.0,35.56,0.96
CSV,30010,3000,1,0,0,470,0,0.000000e+00,0.000000e+00,22273654.0,20365292.0,6381.8,35.43,0.39
BER: END_SEQ #1 [LOCK] seq_err=0 BER_seq=0.0000e+00 | lock=1 slip=0 BER_cond=0.0000e+00 BER_cum=0.0000e+00
CSV,35010,3500,1,1,0,511,0,0.000000e+00,0.000000e+00,18070634.0,23270566.0,9404.3,33.93,1.10
BER: SYNC #2 (gated)
CSV,40010,4000,2,1,0,593,0,0.000000e+00,0.000000e+00,20450990.0,22856598.0,7047.2,35.11,0.48
CSV,45010,4500,2,1,0,693,0,0.000000e+00,0.000000e+00,25245272.0,18232620.0,7025.4,35.56,1.41
CSV,50010,5000,2,1,0,793,0,0.000000e+00,0.000000e+00,22274382.0,19765118.0,7024.1,35.01,0.52
CSV,55010,5500,2,1,0,893,0,0.000000e+00,0.000000e+00,18406356.0,24113304.0,7107.3,35.31,1.17
CSV,60010,6000,2,1,0,993,0,0.000000e+00,0.000000e+00,22201346.0,21498590.0,6786.0,35.15,0.14
BER: END_SEQ #2 [LOCK] seq_err=0 BER_seq=0.0000e+00 | lock=2 slip=0 BER_cond=0.0000e+00 BER_cum=0.0000e+00
CSV,65010,6500,2,2,0,1022,0,0.000000e+00,0.000000e+00,18306242.0,23439142.0,7665.6,34.85,1.07
BER: SYNC #3 (gated)
CSV,70010,7000,3,2,0,1116,0,0.000000e+00,0.000000e+00,20767096.0,21320614.0,7542.7,34.51,0.11
CSV,75010,7500,3,2,0,1216,0,0.000000e+00,0.000000e+00,25779576.0,17101828.0,6634.3,35.89,1.78
CSV,80010,8000,3,2,0,1316,0,0.000000e+00,0.000000e+00,20800800.0,22385356.0,6784.3,35.18,0.32
CSV,85010,8500,3,2,0,1416,0,0.000000e+00,0.000000e+00,19871690.0,21771744.0,7188.6,34.81,0.40
CSV,90010,9000,3,2,0,1516,0,0.000000e+00,0.000000e+00,20169084.0,21891980.0,6941.4,34.99,0.36
BER: END_SEQ #3 [LOCK] seq_err=0 BER_seq=0.0000e+00 | lock=3 slip=0 BER_cond=0.0000e+00 BER_cum=0.0000e+00
BER: SYNC #4 (gated)
CSV,95010,9500,4,3,0,1539,0,0.000000e+00,0.000000e+00,19154378.0,23529648.0,8236.3,34.56,0.89
CSV,100010,10000,4,3,0,1639,0,0.000000e+00,0.000000e+00,19472360.0,22163702.0,6865.7,35.09,0.56
CSV,105010,10500,4,3,0,1738,0,0.000000e+00,0.000000e+00,24519360.0,16133752.0,6558.2,35.73,1.82
CSV,110010,11000,4,3,0,1838,0,0.000000e+00,0.000000e+00,19863482.0,20971752.0,6956.6,34.79,0.24
CSV,115010,11500,4,3,0,1938,0,0.000000e+00,0.000000e+00,18557612.0,21940254.0,7823.5,34.48,0.73
CSV,120010,12000,4,3,0,2038,0,0.000000e+00,0.000000e+00,18813584.0,20664836.0,7085.1,34.65,0.41
BER: END_SEQ #4 [LOCK] seq_err=0 BER_seq=0.0000e+00 | lock=4 slip=0 BER_cond=0.0000e+00 BER_cum=0.0000e+00
BER: SYNC #5 (gated)
CSV,125010,12500,5,4,0,2061,0,0.000000e+00,0.000000e+00,16813940.0,21453166.0,8472.4,34.03,1.06
CSV,130010,13000,5,4,0,2161,0,0.000000e+00,0.000000e+00,20358568.0,19815262.0,7159.9,34.54,0.12
CSV,135010,13500,5,4,0,2261,0,0.000000e+00,0.000000e+00,22415722.0,16859764.0,7075.8,35.01,1.24
CSV,140010,14000,5,4,0,2361,0,0.000000e+00,0.000000e+00,19023184.0,19660922.0,6760.9,34.64,0.14
CSV,145010,14500,5,4,0,2461,0,0.000000e+00,0.000000e+00,18727942.0,20682250.0,7265.8,34.54,0.43
BER: END_SEQ #5 [LOCK] seq_err=0 BER_seq=0.0000e+00 | lock=5 slip=0 BER_cond=0.0000e+00 BER_cum=0.0000e+00
CSV,150010,15000,5,5,0,2555,0,0.000000e+00,0.000000e+00,17627426.0,22468072.0,7755.3,34.62,1.05
BER: SYNC #6 (gated)
CSV,155010,15500,6,5,0,2584,0,0.000000e+00,0.000000e+00,17547128.0,20609254.0,8372.7,33.91,0.70
CSV,160010,16000,6,5,0,2684,0,0.000000e+00,0.000000e+00,21706162.0,17324828.0,7268.7,34.75,0.98
CSV,165010,16500,6,5,0,2784,0,0.000000e+00,0.000000e+00,20238866.0,19813440.0,7247.9,34.46,0.09
CSV,170010,17000,6,5,0,2884,0,0.000000e+00,0.000000e+00,19213950.0,20493984.0,7397.3,34.43,0.28
CSV,175010,17500,6,5,0,2984,0,0.000000e+00,0.000000e+00,18798986.0,19957174.0,6711.3,34.73,0.26
BER: END_SEQ #6 [LOCK] seq_err=0 BER_seq=0.0000e+00 | lock=6 slip=0 BER_cond=0.0000e+00 BER_cum=0.0000e+00
CSV,180010,18000,6,6,0,3066,0,0.000000e+00,0.000000e+00,17508634.0,21937548.0,8027.9,34.37,0.98
BER: SYNC #7 (gated)
CSV,185010,18500,7,6,0,3107,0,0.000000e+00,0.000000e+00,19544778.0,20637206.0,8324.6,33.94,0.24
CSV,190010,19000,7,6,0,3207,0,0.000000e+00,0.000000e+00,21927716.0,17330128.0,8281.0,34.23,1.02
CSV,195010,19500,7,6,0,3306,0,0.000000e+00,0.000000e+00,18563784.0,20478472.0,7534.0,34.34,0.43
CSV,200010,20000,7,6,0,3406,0,0.000000e+00,0.000000e+00,19951530.0,20278560.0,7648.0,34.23,0.07
CSV,205010,20500,7,6,0,3506,0,0.000000e+00,0.000000e+00,18586236.0,21119704.0,6379.4,35.20,0.55
BER: END_SEQ #7 [LOCK] seq_err=0 BER_seq=0.0000e+00 | lock=7 slip=0 BER_cond=0.0000e+00 BER_cum=0.0000e+00
CSV,210010,21000,7,7,0,3577,0,0.000000e+00,0.000000e+00,18061824.0,20666118.0,8269.7,33.98,0.58
BER: SYNC #8 (gated)
CSV,215010,21500,8,7,0,3629,0,0.000000e+00,0.000000e+00,18948020.0,20027858.0,7634.0,34.19,0.24
CSV,220010,22000,8,7,0,3729,0,0.000000e+00,0.000000e+00,23341718.0,17193730.0,6921.8,35.28,1.33
CSV,225010,22500,8,7,0,3829,0,0.000000e+00,0.000000e+00,18637786.0,20452790.0,7437.5,34.39,0.40
CSV,230010,23000,8,7,0,3929,0,0.000000e+00,0.000000e+00,18693984.0,20260634.0,7709.2,34.20,0.35
CSV,235010,23500,8,7,0,4029,0,0.000000e+00,0.000000e+00,20156646.0,19878380.0,7510.0,34.29,0.06
BER: END_SEQ #8 [LOCK] seq_err=0 BER_seq=0.0000e+00 | lock=8 slip=0 BER_cond=0.0000e+00 BER_cum=0.0000e+00
CSV,240010,24000,8,8,0,4088,0,0.000000e+00,0.000000e+00,18261814.0,21225356.0,7929.8,34.28,0.65
BER: SYNC #9 (gated)
CSV,245010,24500,9,8,0,4152,0,0.000000e+00,0.000000e+00,17962402.0,20890534.0,7854.4,34.25,0.66
CSV,250010,25000,9,8,0,4252,0,0.000000e+00,0.000000e+00,24363194.0,14962271.0,7724.2,34.99,2.12
CSV,255010,25500,9,8,0,4352,0,0.000000e+00,0.000000e+00,19964404.0,20275426.0,7074.5,34.57,0.07
CSV,260010,26000,9,8,0,4452,0,0.000000e+00,0.000000e+00,18179316.0,20859688.0,7052.3,34.71,0.60
CSV,265010,26500,9,8,0,4552,0,0.000000e+00,0.000000e+00,19141090.0,19303308.0,7259.9,34.25,0.04
BER: END_SEQ #9 [LOCK] seq_err=0 BER_seq=0.0000e+00 | lock=9 slip=0 BER_cond=0.0000e+00 BER_cum=0.0000e+00
CSV,270010,27000,9,9,0,4599,0,0.000000e+00,0.000000e+00,18218790.0,21076990.0,8151.7,34.13,0.63
BER: SYNC #10 (gated)
CSV,275010,27500,10,9,0,4675,0,0.000000e+00,0.000000e+00,18387368.0,21087648.0,7346.7,34.58,0.60
CSV,280010,28000,10,9,0,4774,0,0.000000e+00,0.000000e+00,23015236.0,15454467.0,8253.3,34.45,1.73
CSV,285010,28500,10,9,0,4874,0,0.000000e+00,0.000000e+00,20138172.0,18190102.0,7635.2,34.21,0.44
CSV,290010,29000,10,9,0,4974,0,0.000000e+00,0.000000e+00,16971040.0,22318318.0,7682.5,34.63,1.19
CSV,295010,29500,10,9,0,5074,0,0.000000e+00,0.000000e+00,19741812.0,18524904.0,7886.8,33.98,0.28
BER: END_SEQ #10 [LOCK] seq_err=0 BER_seq=0.0000e+00 | lock=10 slip=0 BER_cond=0.0000e+00 BER_cum=0.0000e+00
CSV,300010,30000,10,10,0,5110,0,0.000000e+00,0.000000e+00,16430269.0,20049840.0,7752.9,34.13,0.86
BER: SYNC #11 (gated)
CSV,305010,30500,11,10,0,5197,0,0.000000e+00,0.000000e+00,18472146.0,19718454.0,8016.5,33.91,0.28
CSV,310010,31000,11,10,0,5297,0,0.000000e+00,0.000000e+00,22439266.0,15936648.0,7351.0,34.85,1.49
CSV,315010,31500,11,10,0,5397,0,0.000000e+00,0.000000e+00,18275820.0,18712796.0,7943.1,33.72,0.10
CSV,320010,32000,11,10,0,5497,0,0.000000e+00,0.000000e+00,17837328.0,19072628.0,6556.1,34.64,0.29
CSV,325010,32500,11,10,0,5597,0,0.000000e+00,0.000000e+00,18374748.0,19458362.0,7739.3,34.00,0.25
BER: END_SEQ #11 [LOCK] seq_err=0 BER_seq=0.0000e+00 | lock=11 slip=0 BER_cond=0.0000e+00 BER_cum=0.0000e+00
CSV,330010,33000,11,11,0,5621,0,0.000000e+00,0.000000e+00,15619539.0,20434394.0,7447.4,34.38,1.17
BER: SYNC #12 (gated)
CSV,335010,33500,12,11,0,5720,0,0.000000e+00,0.000000e+00,17831820.0,18316966.0,7664.8,33.78,0.12
CSV,340010,34000,12,11,0,5820,0,0.000000e+00,0.000000e+00,22011626.0,14638668.0,8452.5,34.16,1.77
CSV,345010,34500,12,11,0,5920,0,0.000000e+00,0.000000e+00,18155122.0,18896830.0,7117.9,34.24,0.17
CSV,350010,35000,12,11,0,6020,0,0.000000e+00,0.000000e+00,16324419.0,19610340.0,7266.6,34.31,0.80
CSV,355010,35500,12,11,0,6120,0,0.000000e+00,0.000000e+00,17249396.0,18798028.0,6682.6,34.49,0.37
BER: END_SEQ #12 [LOCK] seq_err=0 BER_seq=0.0000e+00 | lock=12 slip=0 BER_cond=0.0000e+00 BER_cum=0.0000e+00
BER: SYNC #13 (gated)
CSV,360010,36000,13,12,0,6143,0,0.000000e+00,0.000000e+00,16361629.0,20207552.0,7302.0,34.42,0.92
CSV,365010,36500,13,12,0,6243,0,0.000000e+00,0.000000e+00,17786042.0,18011476.0,7593.4,33.75,0.05
CSV,370010,37000,13,12,0,6342,0,0.000000e+00,0.000000e+00,19831710.0,15052122.0,7266.4,34.36,1.20
CSV,375010,37500,13,12,0,6442,0,0.000000e+00,0.000000e+00,17399426.0,17816204.0,7468.6,33.78,0.10
CSV,380010,38000,13,12,0,6542,0,0.000000e+00,0.000000e+00,15813325.0,19754328.0,6175.1,35.05,0.97
CSV,385010,38500,13,12,0,6642,0,0.000000e+00,0.000000e+00,15992558.0,18496980.0,6764.9,34.37,0.63
BER: END_SEQ #13 [LOCK] seq_err=0 BER_seq=0.0000e+00 | lock=13 slip=0 BER_cond=0.0000e+00 BER_cum=0.0000e+00
BER: SYNC #14 (gated)
CSV,390010,39000,14,13,0,6665,0,0.000000e+00,0.000000e+00,14886550.0,18268010.0,9541.0,32.82,0.89
CSV,395010,39500,14,13,0,6765,0,0.000000e+00,0.000000e+00,18322650.0,16312072.0,7433.2,33.92,0.50
CSV,400010,40000,14,13,0,6865,0,0.000000e+00,0.000000e+00,18609782.0,15067304.0,8454.9,33.43,0.92
CSV,405010,40500,14,13,0,6965,0,0.000000e+00,0.000000e+00,15662211.0,17001206.0,6437.7,34.22,0.36
CSV,410010,41000,14,13,0,7065,0,0.000000e+00,0.000000e+00,14852130.0,17293330.0,5743.7,34.79,0.66
BER: END_SEQ #14 [LOCK] seq_err=0 BER_seq=0.0000e+00 | lock=14 slip=0 BER_cond=0.0000e+00 BER_cum=0.0000e+00
CSV,415010,41500,14,14,0,7154,0,0.000000e+00,0.000000e+00,13811993.0,17670552.0,7922.6,33.48,1.07
BER: SYNC #15 (gated)
CSV,420010,42000,15,14,0,7188,0,0.000000e+00,0.000000e+00,13778881.0,15818198.0,7276.5,33.37,0.60
CSV,425010,42500,15,14,0,7288,0,0.000000e+00,0.000000e+00,15860134.0,13307633.0,6429.7,33.92,0.76
CSV,430010,43000,15,14,0,7388,0,0.000000e+00,0.000000e+00,13976701.0,15574616.0,6698.0,33.66,0.47
CSV,435010,43500,15,14,0,7488,0,0.000000e+00,0.000000e+00,13360230.0,15585385.0,6985.3,33.49,0.67
CSV,440010,44000,15,14,0,7588,0,0.000000e+00,0.000000e+00,13078236.0,14366046.0,6858.8,33.21,0.41
BER: END_SEQ #15 [LOCK] seq_err=0 BER_seq=0.0000e+00 | lock=15 slip=0 BER_cond=0.0000e+00 BER_cum=0.0000e+00
CSV,445010,44500,15,15,0,7665,0,0.000000e+00,0.000000e+00,11866665.0,15326909.0,8618.4,32.50,1.11
BER: SYNC #16 (gated)
CSV,450010,45000,16,15,0,7711,0,0.000000e+00,0.000000e+00,12703929.0,14977087.0,6748.2,33.46,0.71
CSV,455010,45500,16,15,0,7811,0,0.000000e+00,0.000000e+00,14827841.0,11784622.0,6245.5,33.76,1.00
CSV,460010,46000,16,15,0,7910,0,0.000000e+00,0.000000e+00,11728253.0,14587229.0,7036.2,33.17,0.95
CSV,465010,46500,16,15,0,8010,0,0.000000e+00,0.000000e+00,12702724.0,14646919.0,7454.9,32.93,0.62
CSV,470010,47000,16,15,0,8110,0,0.000000e+00,0.000000e+00,12046378.0,14930666.0,6799.2,33.42,0.93
BER: END_SEQ #16 [LOCK] seq_err=0 BER_seq=0.0000e+00 | lock=16 slip=0 BER_cond=0.0000e+00 BER_cum=0.0000e+00
CSV,475010,47500,16,16,0,8176,0,0.000000e+00,0.000000e+00,11435464.0,14038335.0,7613.8,32.66,0.89
BER: SYNC #17 (gated)
CSV,480010,48000,17,16,0,8233,0,0.000000e+00,0.000000e+00,11157154.0,13957992.0,8577.7,32.11,0.97
CSV,485010,48500,17,16,0,8333,0,0.000000e+00,0.000000e+00,14285906.0,11304031.0,6093.5,33.70,1.02
CSV,490010,49000,17,16,0,8433,0,0.000000e+00,0.000000e+00,11854778.0,13298313.0,7571.1,32.45,0.50
CSV,495010,49500,17,16,0,8533,0,0.000000e+00,0.000000e+00,10429225.0,14626109.0,6912.2,33.26,1.47
CSV,500010,50000,17,16,0,8633,0,0.000000e+00,0.000000e+00,12264706.0,13014143.0,6686.2,32.89,0.26
BER: END_SEQ #17 [LOCK] seq_err=0 BER_seq=0.0000e+00 | lock=17 slip=0 BER_cond=0.0000e+00 BER_cum=0.0000e+00
CSV,505010,50500,17,17,0,8687,0,0.000000e+00,0.000000e+00,10472072.0,14821206.0,7437.3,32.99,1.51
BER: SYNC #18 (gated)
CSV,510010,51000,18,17,0,8756,0,0.000000e+00,0.000000e+00,10644308.0,14164477.0,6660.6,33.28,1.24
CSV,515010,51500,18,17,0,8856,0,0.000000e+00,0.000000e+00,13996939.0,10565978.0,6664.4,33.22,1.22
CSV,520010,52000,18,17,0,8956,0,0.000000e+00,0.000000e+00,12089740.0,13197025.0,8083.1,32.13,0.38
CSV,525010,52500,18,17,0,9056,0,0.000000e+00,0.000000e+00,10310965.0,14418621.0,7894.7,32.62,1.46
CSV,530010,53000,18,17,0,9156,0,0.000000e+00,0.000000e+00,11578668.0,12655927.0,7661.6,32.18,0.39
BER: END_SEQ #18 [LOCK] seq_err=0 BER_seq=0.0000e+00 | lock=18 slip=0 BER_cond=0.0000e+00 BER_cum=0.0000e+00
CSV,535010,53500,18,18,0,9198,0,0.000000e+00,0.000000e+00,10028708.0,14655864.0,7528.9,32.89,1.65
BER: SYNC #19 (gated)
CSV,540010,54000,19,18,0,9279,0,0.000000e+00,0.000000e+00,10906060.0,13978173.0,7057.5,32.97,1.08
CSV,545010,54500,19,18,0,9378,0,0.000000e+00,0.000000e+00,12958938.0,10926764.0,8326.1,31.92,0.74
CSV,550010,55000,19,18,0,9478,0,0.000000e+00,0.000000e+00,12091011.0,11802319.0,7401.7,32.13,0.10
CSV,555010,55500,19,18,0,9578,0,0.000000e+00,0.000000e+00,9704468.0,15177825.0,7875.3,32.85,1.94
CSV,560010,56000,19,18,0,9678,0,0.000000e+00,0.000000e+00,11404339.0,12584094.0,6685.0,32.75,0.43
BER: END_SEQ #19 [LOCK] seq_err=0 BER_seq=0.0000e+00 | lock=19 slip=0 BER_cond=0.0000e+00 BER_cum=0.0000e+00
CSV,565010,56500,19,19,0,9709,0,0.000000e+00,0.000000e+00,9371357.0,13928568.0,8255.0,32.27,1.72
BER: SYNC #20 (gated)
CSV,570010,57000,20,19,0,9801,0,0.000000e+00,0.000000e+00,11251049.0,12668313.0,8366.3,31.80,0.52
CSV,575010,57500,20,19,0,9901,0,0.000000e+00,0.000000e+00,13219352.0,10662073.0,6583.0,33.03,0.93
CSV,580010,58000,20,19,0,10001,0,0.000000e+00,0.000000e+00,10688705.0,12852768.0,8034.5,32.04,0.80
CSV,585010,58500,20,19,0,10101,0,0.000000e+00,0.000000e+00,10429399.0,13417400.0,7434.2,32.56,1.09
CSV,590010,59000,20,19,0,10201,0,0.000000e+00,0.000000e+00,10976639.0,13535630.0,7212.4,32.73,0.91
BER: END_SEQ #20 [LOCK] seq_err=0 BER_seq=0.0000e+00 | lock=20 slip=0 BER_cond=0.0000e+00 BER_cum=0.0000e+00
BER: SYNC #21 (gated)
CSV,595010,59500,21,20,0,10224,0,0.000000e+00,0.000000e+00,9915387.0,13851384.0,9100.9,31.82,1.45
CSV,600010,60000,21,20,0,10324,0,0.000000e+00,0.000000e+00,10194769.0,13494733.0,7129.2,32.77,1.22
CSV,605010,60500,21,20,0,10424,0,0.000000e+00,0.000000e+00,13572135.0,9887430.0,7496.2,32.58,1.38
CSV,610010,61000,21,20,0,10524,0,0.000000e+00,0.000000e+00,10682513.0,13543251.0,7751.6,32.42,1.03
CSV,615010,61500,21,20,0,10624,0,0.000000e+00,0.000000e+00,10092710.0,13297036.0,7346.3,32.58,1.20
CSV,620010,62000,21,20,0,10724,0,0.000000e+00,0.000000e+00,10334425.0,13098348.0,8158.3,32.06,1.03
BER: END_SEQ #21 [LOCK] seq_err=0 BER_seq=0.0000e+00 | lock=21 slip=0 BER_cond=0.0000e+00 BER_cum=0.0000e+00
BER: SYNC #22 (gated)
CSV,625010,62500,22,21,0,10747,0,0.000000e+00,0.000000e+00,9285735.0,14584572.0,8613.6,32.29,1.96
CSV,630010,63000,22,21,0,10847,0,0.000000e+00,0.000000e+00,11161118.0,12122647.0,7044.4,32.36,0.36
CSV,635010,63500,22,21,0,10946,0,0.000000e+00,0.000000e+00,11736094.0,10446070.0,7026.0,32.23,0.51
CSV,640010,64000,22,21,0,11046,0,0.000000e+00,0.000000e+00,10707290.0,11795309.0,6746.4,32.43,0.42
CSV,645010,64500,22,21,0,11146,0,0.000000e+00,0.000000e+00,10214862.0,13125636.0,6648.7,32.95,1.09
BER: END_SEQ #22 [LOCK] seq_err=0 BER_seq=0.0000e+00 | lock=22 slip=0 BER_cond=0.0000e+00 BER_cum=0.0000e+00
CSV,650010,65000,22,22,0,11242,0,0.000000e+00,0.000000e+00,9332771.0,12978189.0,8009.2,32.10,1.43
BER: SYNC #23 (gated)
CSV,655010,65500,23,22,0,11269,0,0.000000e+00,0.000000e+00,9412904.0,12967393.0,8203.1,31.99,1.39
CSV,660010,66000,23,22,0,11369,0,0.000000e+00,0.000000e+00,14365210.0,12868623.0,7775.6,32.67,0.48
CSV,665010,66500,23,22,0,11469,0,0.000000e+00,0.000000e+00,13331282.0,12543250.0,7797.0,32.33,0.26
CSV,670010,67000,23,22,0,11569,0,0.000000e+00,0.000000e+00,12397023.0,15675385.0,7630.6,33.13,1.02
CSV,675010,67500,23,22,0,11669,0,0.000000e+00,0.000000e+00,11595473.0,12174884.0,7635.1,32.03,0.21
BER: END_SEQ #23 [LOCK] seq_err=0 BER_seq=0.0000e+00 | lock=23 slip=0 BER_cond=0.0000e+00 BER_cum=0.0000e+00
CSV,680010,68000,23,23,0,11753,0,0.000000e+00,0.000000e+00,11219400.0,13899069.0,7774.9,32.52,0.93
BER: SYNC #24 (gated)
CSV,685010,68500,24,23,0,11792,0,0.000000e+00,0.000000e+00,11629794.0,13098609.0,9047.7,31.61,0.52
CSV,690010,69000,24,23,0,11892,0,0.000000e+00,0.000000e+00,13438313.0,10599435.0,8480.4,32.00,1.03
CSV,695010,69500,24,23,0,11992,0,0.000000e+00,0.000000e+00,12259191.0,14138247.0,8653.0,32.13,0.62
CSV,700010,70000,24,23,0,12092,0,0.000000e+00,0.000000e+00,12700582.0,14220159.0,7015.3,33.07,0.49
CSV,705010,70500,24,23,0,12192,0,0.000000e+00,0.000000e+00,11116625.0,13558225.0,8043.8,32.27,0.86
BER: END_SEQ #24 [LOCK] seq_err=0 BER_seq=0.0000e+00 | lock=24 slip=0 BER_cond=0.0000e+00 BER_cum=0.0000e+00
CSV,710010,71000,24,24,0,12264,0,0.000000e+00,0.000000e+00,11690270.0,16295247.0,9561.6,32.32,1.44
BER: SYNC #25 (gated)
CSV,715010,71500,25,24,0,12315,0,0.000000e+00,0.000000e+00,12499059.0,15796455.0,7449.6,33.26,1.02
CSV,720010,72000,25,24,0,12415,0,0.000000e+00,0.000000e+00,14788813.0,12270728.0,7581.9,32.90,0.81
CSV,725010,72500,25,24,0,12514,0,0.000000e+00,0.000000e+00,11603438.0,15311288.0,7148.3,33.31,1.20
CSV,730010,73000,25,24,0,12614,0,0.000000e+00,0.000000e+00,11729124.0,15115566.0,6191.8,33.88,1.10
CSV,735010,73500,25,24,0,12714,0,0.000000e+00,0.000000e+00,11584158.0,14669593.0,6100.6,33.81,1.03
BER: END_SEQ #25 [LOCK] seq_err=0 BER_seq=0.0000e+00 | lock=25 slip=0 BER_cond=0.0000e+00 BER_cum=0.0000e+00
CSV,740010,74000,25,25,0,12775,0,0.000000e+00,0.000000e+00,10789742.0,14725812.0,6631.3,33.46,1.35
BER: SYNC #26 (gated)
CSV,745010,74500,26,25,0,12837,0,0.000000e+00,0.000000e+00,11918446.0,15055251.0,6367.8,33.74,1.01
CSV,750010,75000,26,25,0,12937,0,0.000000e+00,0.000000e+00,19163300.0,12973730.0,6725.2,34.55,1.69
CSV,755010,75500,26,25,0,13037,0,0.000000e+00,0.000000e+00,19109664.0,18732780.0,7004.3,34.36,0.09
CSV,760010,76000,26,25,0,13137,0,0.000000e+00,0.000000e+00,16927968.0,20174094.0,7611.4,34.23,0.76
CSV,765010,76500,26,25,0,13237,0,0.000000e+00,0.000000e+00,20654956.0,20444196.0,7165.6,34.60,0.04
BER: END_SEQ #26 [LOCK] seq_err=0 BER_seq=0.0000e+00 | lock=26 slip=0 BER_cond=0.0000e+00 BER_cum=0.0000e+00
CSV,770010,77000,26,26,0,13286,0,0.000000e+00,0.000000e+00,19341856.0,22978966.0,8177.6,34.49,0.75
BER: SYNC #27 (gated)
CSV,775010,77500,27,26,0,13360,0,0.000000e+00,0.000000e+00,19761454.0,22788996.0,8052.6,34.52,0.62
CSV,780010,78000,27,26,0,13460,0,0.000000e+00,0.000000e+00,26086236.0,17596526.0,7533.6,35.39,1.71
CSV,785010,78500,27,26,0,13560,0,0.000000e+00,0.000000e+00,24074072.0,21581872.0,7231.3,35.22,0.47
CSV,790010,79000,27,26,0,13660,0,0.000000e+00,0.000000e+00,18690906.0,24620060.0,7241.9,35.31,1.20
CSV,795010,79500,27,26,0,13760,0,0.000000e+00,0.000000e+00,21769570.0,20552816.0,7099.0,34.87,0.25
BER: END_SEQ #27 [LOCK] seq_err=0 BER_seq=0.0000e+00 | lock=27 slip=0 BER_cond=0.0000e+00 BER_cum=0.0000e+00
CSV,800010,80000,27,27,0,13797,0,0.000000e+00,0.000000e+00,20116718.0,23331782.0,8212.9,34.53,0.64
BER: SYNC #28 (gated)
CSV,805010,80500,28,27,0,13883,0,0.000000e+00,0.000000e+00,22094846.0,22957758.0,7479.4,34.87,0.17
CSV,810010,81000,28,27,0,13982,0,0.000000e+00,0.000000e+00,25605114.0,18407714.0,7119.9,35.56,1.43
CSV,815010,81500,28,27,0,14082,0,0.000000e+00,0.000000e+00,21704602.0,21395766.0,7533.9,34.60,0.06
CSV,820010,82000,28,27,0,14182,0,0.000000e+00,0.000000e+00,20649266.0,23143172.0,7040.9,35.17,0.50
CSV,825010,82500,28,27,0,14282,0,0.000000e+00,0.000000e+00,20731584.0,22099552.0,7365.2,34.77,0.28
BER: END_SEQ #28 [LOCK] seq_err=0 BER_seq=0.0000e+00 | lock=28 slip=0 BER_cond=0.0000e+00 BER_cum=0.0000e+00
CSV,830010,83000,28,28,0,14308,0,0.000000e+00,0.000000e+00,18131514.0,23382292.0,7838.0,34.75,1.10
BER: SYNC #29 (gated)
CSV,835010,83500,29,28,0,14405,0,0.000000e+00,0.000000e+00,22127042.0,21904220.0,7988.2,34.42,0.04
CSV,840010,84000,29,28,0,14505,0,0.000000e+00,0.000000e+00,27641800.0,17553950.0,7312.6,35.77,1.97
CSV,845010,84500,29,28,0,14605,0,0.000000e+00,0.000000e+00,21353440.0,22477606.0,8438.2,34.26,0.22
CSV,850010,85000,29,28,0,14705,0,0.000000e+00,0.000000e+00,21524326.0,23134622.0,7931.2,34.65,0.31
CSV,855010,85500,29,28,0,14805,0,0.000000e+00,0.000000e+00,22252670.0,24639676.0,7066.7,35.42,0.44
BER: END_SEQ #29 [LOCK] seq_err=0 BER_seq=0.0000e+00 | lock=29 slip=0 BER_cond=0.0000e+00 BER_cum=0.0000e+00
BER: SYNC #30 (gated)
CSV,860010,86000,30,29,0,14828,0,0.000000e+00,0.000000e+00,21651724.0,25622522.0,8133.4,34.98,0.73
CSV,865010,86500,30,29,0,14928,0,0.000000e+00,0.000000e+00,23603232.0,24005042.0,7371.0,35.13,0.07
CSV,870010,87000,30,29,0,15028,0,0.000000e+00,0.000000e+00,28641612.0,20159422.0,6928.3,36.16,1.53
CSV,875010,87500,30,29,0,15128,0,0.000000e+00,0.000000e+00,25494500.0,24613250.0,7802.0,35.14,0.15
CSV,880010,88000,30,29,0,15228,0,0.000000e+00,0.000000e+00,22771904.0,26333984.0,7653.6,35.37,0.63
CSV,885010,88500,30,29,0,15328,0,0.000000e+00,0.000000e+00,23662384.0,25695906.0,7054.7,35.61,0.36
BER: END_SEQ #30 [LOCK] seq_err=0 BER_seq=0.0000e+00 | lock=30 slip=0 BER_cond=0.0000e+00 BER_cum=0.0000e+00
BER: SYNC #31 (gated)
CSV,890010,89000,31,30,0,15351,0,0.000000e+00,0.000000e+00,23989230.0,26750062.0,8290.0,35.09,0.47
CSV,895010,89500,31,30,0,15451,0,0.000000e+00,0.000000e+00,27456032.0,23835650.0,8263.7,35.21,0.61
CSV,900010,90000,31,30,0,15550,0,0.000000e+00,0.000000e+00,29652330.0,20967340.0,7395.6,36.03,1.51
CSV,905010,90500,31,30,0,15650,0,0.000000e+00,0.000000e+00,25096944.0,25908012.0,7810.5,35.21,0.14
CSV,910010,91000,31,30,0,15750,0,0.000000e+00,0.000000e+00,25687664.0,26406318.0,8321.5,35.02,0.12
BER: END_SEQ #31 [LOCK] seq_err=0 BER_seq=0.0000e+00 | lock=31 slip=0 BER_cond=0.0000e+00 BER_cum=0.0000e+00
CSV,915010,91500,31,31,0,15841,0,0.000000e+00,0.000000e+00,23454852.0,26929688.0,7659.8,35.46,0.60
BER: SYNC #32 (gated)
CSV,920010,92000,32,31,0,15873,0,0.000000e+00,0.000000e+00,23994214.0,25146412.0,7116.3,35.48,0.20
CSV,925010,92500,32,31,0,15973,0,0.000000e+00,0.000000e+00,29474694.0,22001242.0,8207.7,35.55,1.27
CSV,930010,93000,32,31,0,16073,0,0.000000e+00,0.000000e+00,25257340.0,25181778.0,7459.0,35.30,0.01
CSV,935010,93500,32,31,0,16173,0,0.000000e+00,0.000000e+00,24568722.0,24629470.0,7807.8,34.99,0.01
CSV,940010,94000,32,31,0,16273,0,0.000000e+00,0.000000e+00,25180540.0,23820692.0,8037.2,34.96,0.24
BER: END_SEQ #32 [LOCK] seq_err=0 BER_seq=0.0000e+00 | lock=32 slip=0 BER_cond=0.0000e+00 BER_cum=0.0000e+00
CSV,945010,94500,32,32,0,16352,0,0.000000e+00,0.000000e+00,20270850.0,24208610.0,7884.1,34.87,0.77
BER: SYNC #33 (gated)
CSV,950010,95000,33,32,0,16396,0,0.000000e+00,0.000000e+00,21729430.0,22226664.0,8229.9,34.31,0.10
CSV,955010,95500,33,32,0,16496,0,0.000000e+00,0.000000e+00,25801450.0,18996216.0,7857.0,35.16,1.33
CSV,960010,96000,33,32,0,16596,0,0.000000e+00,0.000000e+00,21712374.0,23948278.0,8138.8,34.69,0.43
CSV,965010,96500,33,32,0,16696,0,0.000000e+00,0.000000e+00,23048102.0,22838944.0,8522.5,34.32,0.04
CSV,970010,97000,33,32,0,16796,0,0.000000e+00,0.000000e+00,20999614.0,24463068.0,8038.9,34.83,0.66
BER: END_SEQ #33 [LOCK] seq_err=0 BER_seq=0.0000e+00 | lock=33 slip=0 BER_cond=0.0000e+00 BER_cum=0.0000e+00
CSV,975010,97500,33,33,0,16863,0,0.000000e+00,0.000000e+00,22700192.0,24303160.0,9445.8,34.10,0.30
BER: SYNC #34 (gated)
CSV,980010,98000,34,33,0,16919,0,0.000000e+00,0.000000e+00,28772198.0,30692644.0,7697.8,36.01,0.28
CSV,985010,98500,34,33,0,17019,0,0.000000e+00,0.000000e+00,35373176.0,24434706.0,8633.0,36.13,1.61
CSV,990010,99000,34,33,0,17118,0,0.000000e+00,0.000000e+00,29216996.0,29680640.0,7629.4,35.90,0.07
CSV,995010,99500,34,33,0,17218,0,0.000000e+00,0.000000e+00,28175528.0,34532980.0,8378.1,36.15,0.88
CSV,1000010,100000,34,33,0,17318,0,0.000000e+00,0.000000e+00,31631738.0,28117478.0,7101.1,36.49,0.51
BER: END_SEQ #34 [LOCK] seq_err=0 BER_seq=0.0000e+00 | lock=34 slip=0 BER_cond=0.0000e+00 BER_cum=0.0000e+00
CSV,1005010,100500,34,34,0,17374,0,0.000000e+00,0.000000e+00,26057706.0,30847914.0,8758.4,35.47,0.73
BER: SYNC #35 (gated)
CSV,1010010,101000,35,34,0,17441,0,0.000000e+00,0.000000e+00,27348090.0,30416196.0,7898.3,35.86,0.46
CSV,1015010,101500,35,34,0,17541,0,0.000000e+00,0.000000e+00,36632084.0,23173360.0,7037.4,37.16,1.99
CSV,1020010,102000,35,34,0,17641,0,0.000000e+00,0.000000e+00,29690654.0,28261688.0,7344.1,36.07,0.21
CSV,1025010,102500,35,34,0,17741,0,0.000000e+00,0.000000e+00,26748554.0,30633782.0,7833.2,35.92,0.59
CSV,1030010,103000,35,34,0,17841,0,0.000000e+00,0.000000e+00,30983562.0,28145654.0,7764.8,36.01,0.42
BER: END_SEQ #35 [LOCK] seq_err=0 BER_seq=0.0000e+00 | lock=35 slip=0 BER_cond=0.0000e+00 BER_cum=0.0000e+00
CSV,1035010,103500,35,35,0,17885,0,0.000000e+00,0.000000e+00,26350718.0,31903740.0,10531.5,34.81,0.83
BER: SYNC #36 (gated)
CSV,1040010,104000,36,35,0,17964,0,0.000000e+00,0.000000e+00,28847986.0,29865788.0,10700.4,34.46,0.15
CSV,1045010,104500,36,35,0,18064,0,0.000000e+00,0.000000e+00,34339008.0,22890622.0,8151.1,36.25,1.76
CSV,1050010,105000,36,35,0,18164,0,0.000000e+00,0.000000e+00,32402288.0,27636328.0,8187.2,35.97,0.69
CSV,1055010,105500,36,35,0,18264,0,0.000000e+00,0.000000e+00,24820682.0,33148028.0,7236.9,36.61,1.26
CSV,1060010,106000,36,35,0,18364,0,0.000000e+00,0.000000e+00,29294312.0,25870900.0,6991.9,36.22,0.54
BER: END_SEQ #36 [LOCK] seq_err=0 BER_seq=0.0000e+00 | lock=36 slip=0 BER_cond=0.0000e+00 BER_cum=0.0000e+00
CSV,1065010,106500,36,36,0,18396,0,0.000000e+00,0.000000e+00,25682524.0,29774472.0,9446.7,34.99,0.64
BER: SYNC #37 (gated)
CSV,1070010,107000,37,36,0,18487,0,0.000000e+00,0.000000e+00,30281100.0,27920898.0,8114.6,35.72,0.35
CSV,1075010,107500,37,36,0,18586,0,0.000000e+00,0.000000e+00,35128712.0,23131884.0,9146.0,35.84,1.81
CSV,1080010,108000,37,36,0,18686,0,0.000000e+00,0.000000e+00,30477990.0,30556920.0,8319.1,35.65,0.01
CSV,1085010,108500,37,36,0,18786,0,0.000000e+00,0.000000e+00,30968974.0,32265522.0,7482.8,36.35,0.18
CSV,1090010,109000,37,36,0,18886,0,0.000000e+00,0.000000e+00,31414602.0,30936658.0,7985.8,35.95,0.07
BER: END_SEQ #37 [LOCK] seq_err=0 BER_seq=0.0000e+00 | lock=37 slip=0 BER_cond=0.0000e+00 BER_cum=0.0000e+00
BER: SYNC #38 (gated)
CSV,1095010,109500,38,37,0,18909,0,0.000000e+00,0.000000e+00,26576510.0,33114128.0,9915.0,35.24,0.96
CSV,1100010,110000,38,37,0,19009,0,0.000000e+00,0.000000e+00,31079182.0,31595614.0,8934.2,35.49,0.07
CSV,1105010,110500,38,37,0,19109,0,0.000000e+00,0.000000e+00,38928356.0,24870128.0,8267.7,36.73,1.95
CSV,1110010,111000,38,37,0,19209,0,0.000000e+00,0.000000e+00,30736278.0,31213438.0,8626.5,35.59,0.07
CSV,1115010,111500,38,37,0,19309,0,0.000000e+00,0.000000e+00,29424506.0,32144008.0,9651.7,35.22,0.38
CSV,1120010,112000,38,37,0,19409,0,0.000000e+00,0.000000e+00,31844434.0,31846190.0,8856.6,35.56,0.00
BER: END_SEQ #38 [LOCK] seq_err=0 BER_seq=0.0000e+00 | lock=38 slip=0 BER_cond=0.0000e+00 BER_cum=0.0000e+00
BER: SYNC #39 (gated)
CSV,1125010,112500,39,38,0,19432,0,0.000000e+00,0.000000e+00,26077500.0,35175620.0,10827.4,35.12,1.30
CSV,1130010,113000,39,38,0,19532,0,0.000000e+00,0.000000e+00,32222404.0,29290426.0,8641.3,35.72,0.41
CSV,1135010,113500,39,38,0,19632,0,0.000000e+00,0.000000e+00,36729276.0,26280600.0,9508.3,35.87,1.45
CSV,1140010,114000,39,38,0,19732,0,0.000000e+00,0.000000e+00,32574846.0,30999834.0,8238.8,35.97,0.22
CSV,1145010,114500,39,38,0,19832,0,0.000000e+00,0.000000e+00,29676676.0,31925396.0,8461.3,35.77,0.32
BER: END_SEQ #39 [LOCK] seq_err=0 BER_seq=0.0000e+00 | lock=39 slip=0 BER_cond=0.0000e+00 BER_cum=0.0000e+00
CSV,1150010,115000,39,39,0,19929,0,0.000000e+00,0.000000e+00,29075558.0,32735738.0,8855.9,35.68,0.51
BER: SYNC #40 (gated)
CSV,1155010,115500,40,39,0,19955,0,0.000000e+00,0.000000e+00,29522270.0,33089444.0,9409.6,35.46,0.50
CSV,1160010,116000,40,39,0,20055,0,0.000000e+00,0.000000e+00,35397732.0,27397276.0,8201.8,36.35,1.11
CSV,1165010,116500,40,39,0,20154,0,0.000000e+00,0.000000e+00,34002704.0,27355558.0,7928.2,36.32,0.94
CSV,1170010,117000,40,39,0,20254,0,0.000000e+00,0.000000e+00,30701800.0,31628548.0,7572.7,36.21,0.13
CSV,1175010,117500,40,39,0,20354,0,0.000000e+00,0.000000e+00,31132918.0,32446570.0,8524.2,35.81,0.18
BER: END_SEQ #40 [LOCK] seq_err=0 BER_seq=0.0000e+00 | lock=40 slip=0 BER_cond=0.0000e+00 BER_cum=0.0000e+00
CSV,1180010,118000,40,40,0,20440,0,0.000000e+00,0.000000e+00,28711322.0,32606894.0,9196.7,35.50,0.55
BER: SYNC #41 (gated)
CSV,1185010,118500,41,40,0,20477,0,0.000000e+00,0.000000e+00,30097334.0,30046502.0,8330.0,35.58,0.01
CSV,1190010,119000,41,40,0,20577,0,0.000000e+00,0.000000e+00,36265468.0,27087510.0,6976.8,37.16,1.27
CSV,1195010,119500,41,40,0,20677,0,0.000000e+00,0.000000e+00,30952238.0,31352318.0,7973.0,35.95,0.06
CSV,1200010,120000,41,40,0,20777,0,0.000000e+00,0.000000e+00,31071348.0,30287782.0,8700.5,35.53,0.11
CSV,1205010,120500,41,40,0,20877,0,0.000000e+00,0.000000e+00,29946936.0,31562890.0,7954.7,35.99,0.23
BER: END_SEQ #41 [LOCK] seq_err=0 BER_seq=0.0000e+00 | lock=41 slip=0 BER_cond=0.0000e+00 BER_cum=0.0000e+00
CSV,1210010,121000,41,41,0,20951,0,0.000000e+00,0.000000e+00,29889970.0,32944010.0,8605.4,35.83,0.42
BER: SYNC #42 (gated)
CSV,1215010,121500,42,41,0,21000,0,0.000000e+00,0.000000e+00,29796400.0,30791946.0,8460.2,35.61,0.14
CSV,1220010,122000,42,41,0,21100,0,0.000000e+00,0.000000e+00,36314764.0,25049620.0,8028.4,36.55,1.61
CSV,1225010,122500,42,41,0,21200,0,0.000000e+00,0.000000e+00,30546586.0,31758740.0,8738.2,35.60,0.17
CSV,1230010,123000,42,41,0,21300,0,0.000000e+00,0.000000e+00,30344428.0,31613364.0,9980.8,35.01,0.18
CSV,1235010,123500,42,41,0,21400,0,0.000000e+00,0.000000e+00,29833938.0,30218518.0,9178.1,35.18,0.06
BER: END_SEQ #42 [LOCK] seq_err=0 BER_seq=0.0000e+00 | lock=42 slip=0 BER_cond=0.0000e+00 BER_cum=0.0000e+00
CSV,1240010,124000,42,42,0,21462,0,0.000000e+00,0.000000e+00,28275912.0,32306510.0,10164.1,35.02,0.58
BER: SYNC #43 (gated)
CSV,1245010,124500,43,42,0,21523,0,0.000000e+00,0.000000e+00,30266038.0,31818732.0,10193.5,34.94,0.22
CSV,1250010,125000,43,42,0,21623,0,0.000000e+00,0.000000e+00,35716140.0,24899528.0,10200.2,35.44,1.57
CSV,1255010,125500,43,42,0,21722,0,0.000000e+00,0.000000e+00,30272804.0,29426332.0,11491.4,34.21,0.12
CSV,1260010,126000,43,42,0,21822,0,0.000000e+00,0.000000e+00,29131020.0,32149024.0,10151.0,35.01,0.43
CSV,1265010,126500,43,42,0,21922,0,0.000000e+00,0.000000e+00,31024594.0,30051330.0,11081.2,34.47,0.14
BER: END_SEQ #43 [LOCK] seq_err=0 BER_seq=0.0000e+00 | lock=43 slip=0 BER_cond=0.0000e+00 BER_cum=0.0000e+00
CSV,1270010,127000,43,43,0,21973,0,0.000000e+00,0.000000e+00,25921272.0,32196600.0,11368.0,34.52,0.94
BER: SYNC #44 (gated)
CSV,1275010,127500,44,43,0,22045,0,0.000000e+00,0.000000e+00,27391618.0,32038028.0,10116.4,35.01,0.68
CSV,1280010,128000,44,43,0,22145,0,0.000000e+00,0.000000e+00,36987056.0,24428114.0,10251.1,35.57,1.80
CSV,1285010,128500,44,43,0,22245,0,0.000000e+00,0.000000e+00,31818182.0,27725140.0,10031.9,35.01,0.60
CSV,1290010,129000,44,43,0,22345,0,0.000000e+00,0.000000e+00,25140094.0,33383806.0,10633.2,34.97,1.23
CSV,1295010,129500,44,43,0,22445,0,0.000000e+00,0.000000e+00,31529738.0,27832290.0,11306.4,34.45,0.54
BER: END_SEQ #44 [LOCK] seq_err=0 BER_seq=0.0000e+00 | lock=44 slip=0 BER_cond=0.0000e+00 BER_cum=0.0000e+00
CSV,1300010,130000,44,44,0,22484,0,0.000000e+00,0.000000e+00,26800076.0,31683810.0,9881.2,35.06,0.73
BER: SYNC #45 (gated)
CSV,1305010,130500,45,44,0,22568,0,0.000000e+00,0.000000e+00,27539286.0,29600154.0,11026.3,34.29,0.31
CSV,1310010,131000,45,44,0,22668,0,0.000000e+00,0.000000e+00,32390578.0,23163182.0,10720.7,34.80,1.46
CSV,1315010,131500,45,44,0,22768,0,0.000000e+00,0.000000e+00,29932638.0,26501440.0,11137.4,34.29,0.53
CSV,1320010,132000,45,44,0,22868,0,0.000000e+00,0.000000e+00,24965640.0,28989006.0,8522.5,35.32,0.65
CSV,1325010,132500,45,44,0,22968,0,0.000000e+00,0.000000e+00,26957880.0,26428694.0,10344.7,34.16,0.09
BER: END_SEQ #45 [LOCK] seq_err=0 BER_seq=0.0000e+00 | lock=45 slip=0 BER_cond=0.0000e+00 BER_cum=0.0000e+00
CSV,1330010,133000,45,45,0,22995,0,0.000000e+00,0.000000e+00,24169166.0,29948666.0,10420.6,34.58,0.93
BER: SYNC #46 (gated)
CSV,1335010,133500,46,45,0,23091,0,0.000000e+00,0.000000e+00,27616882.0,26686916.0,9550.6,34.61,0.15
CSV,1340010,134000,46,45,0,23190,0,0.000000e+00,0.000000e+00,31880408.0,20401816.0,9240.2,35.38,1.94
CSV,1345010,134500,46,45,0,23290,0,0.000000e+00,0.000000e+00,25206762.0,26798908.0,10177.1,34.20,0.27
CSV,1350010,135000,46,45,0,23390,0,0.000000e+00,0.000000e+00,25605860.0,27601374.0,10319.6,34.27,0.33
CSV,1355010,135500,46,45,0,23490,0,0.000000e+00,0.000000e+00,24654616.0,27232822.0,11862.1,33.61,0.43
BER: END_SEQ #46 [LOCK] seq_err=0 BER_seq=0.0000e+00 | lock=46 slip=0 BER_cond=0.0000e+00 BER_cum=0.0000e+00
BER: SYNC #47 (gated)
CSV,1360010,136000,47,46,0,23513,0,0.000000e+00,0.000000e+00,22360590.0,27322202.0,10554.9,34.13,0.87
CSV,1365010,136500,47,46,0,23613,0,0.000000e+00,0.000000e+00,25436048.0,26533900.0,9947.8,34.26,0.18
CSV,1370010,137000,47,46,0,23713,0,0.000000e+00,0.000000e+00,31025156.0,21562044.0,10063.4,34.89,1.58
CSV,1375010,137500,47,46,0,23813,0,0.000000e+00,0.000000e+00,25123078.0,25815176.0,10628.7,33.85,0.12
CSV,1380010,138000,47,46,0,23913,0,0.000000e+00,0.000000e+00,23610786.0,26996174.0,10832.4,33.97,0.58
CSV,1385010,138500,47,46,0,24013,0,0.000000e+00,0.000000e+00,24976744.0,27072458.0,10774.0,34.00,0.35
BER: END_SEQ #47 [LOCK] seq_err=0 BER_seq=0.0000e+00 | lock=47 slip=0 BER_cond=0.0000e+00 BER_cum=0.0000e+00
BER: SYNC #48 (gated)
CSV,1390010,139000,48,47,0,24036,0,0.000000e+00,0.000000e+00,22906498.0,27569468.0,11429.6,33.82,0.80
CSV,1395010,139500,48,47,0,24136,0,0.000000e+00,0.000000e+00,26275096.0,23991504.0,10439.5,34.01,0.39
CSV,1400010,140000,48,47,0,24236,0,0.000000e+00,0.000000e+00,28949060.0,22487770.0,9160.3,35.00,1.10
CSV,1405010,140500,48,47,0,24336,0,0.000000e+00,0.000000e+00,25792038.0,26698868.0,9017.1,34.71,0.15
CSV,1410010,141000,48,47,0,24436,0,0.000000e+00,0.000000e+00,24713624.0,26413386.0,8716.7,34.81,0.29
BER: END_SEQ #48 [LOCK] seq_err=0 BER_seq=0.0000e+00 | lock=48 slip=0 BER_cond=0.0000e+00 BER_cum=0.0000e+00
CSV,1415010,141500,48,48,0,24528,0,0.000000e+00,0.000000e+00,23128538.0,28024390.0,11679.4,33.80,0.83
BER: SYNC #49 (gated)
CSV,1420010,142000,49,48,0,24559,0,0.000000e+00,0.000000e+00,24459638.0,27349744.0,10469.0,34.17,0.49
CSV,1425010,142500,49,48,0,24659,0,0.000000e+00,0.000000e+00,29279990.0,22679590.0,8836.7,35.20,1.11
CSV,1430010,143000,49,48,0,24758,0,0.000000e+00,0.000000e+00,25615350.0,25243572.0,9666.1,34.23,0.06
CSV,1435010,143500,49,48,0,24858,0,0.000000e+00,0.000000e+00,25404818.0,26295580.0,10578.3,33.95,0.15
CSV,1440010,144000,49,48,0,24958,0,0.000000e+00,0.000000e+00,26292536.0,26312420.0,10656.7,33.93,0.00
BER: END_SEQ #49 [LOCK] seq_err=0 BER_seq=0.0000e+00 | lock=49 slip=0 BER_cond=0.0000e+00 BER_cum=0.0000e+00
CSV,1445010,144500,49,49,0,25039,0,0.000000e+00,0.000000e+00,23084750.0,27841204.0,11391.2,33.88,0.81
BER: SYNC #50 (gated)
CSV,1450010,145000,50,49,0,25081,0,0.000000e+00,0.000000e+00,25228622.0,25218938.0,10263.8,33.91,0.00
CSV,1455010,145500,50,49,0,25181,0,0.000000e+00,0.000000e+00,30191358.0,23033142.0,10581.8,34.55,1.18
CSV,1460010,146000,50,49,0,25281,0,0.000000e+00,0.000000e+00,25278738.0,27229068.0,10696.2,34.06,0.32
CSV,1465010,146500,50,49,0,25381,0,0.000000e+00,0.000000e+00,26498162.0,25401704.0,11404.1,33.66,0.18
CSV,1470010,147000,50,49,0,25481,0,0.000000e+00,0.000000e+00,24671052.0,27499834.0,10619.4,34.13,0.47
BER: END_SEQ #50 [LOCK] seq_err=0 BER_seq=0.0000e+00 | lock=50 slip=0 BER_cond=0.0000e+00 BER_cum=0.0000e+00
CSV,1475010,147500,50,50,0,25550,0,0.000000e+00,0.000000e+00,25998062.0,27616102.0,10580.2,34.17,0.26
BER: SYNC #51 (gated)
CSV,1480010,148000,51,50,0,25604,0,0.000000e+00,0.000000e+00,26011904.0,25968092.0,10733.8,33.84,0.01
CSV,1485010,148500,51,50,0,25704,0,0.000000e+00,0.000000e+00,30658502.0,21947194.0,10215.2,34.77,1.45
CSV,1490010,149000,51,50,0,25804,0,0.000000e+00,0.000000e+00,26322728.0,27253258.0,9732.0,34.47,0.15
CSV,1495010,149500,51,50,0,25904,0,0.000000e+00,0.000000e+00,25567334.0,27856774.0,10171.9,34.38,0.37
CSV,1500010,150000,51,50,0,26004,0,0.000000e+00,0.000000e+00,26618654.0,25548180.0,9968.1,34.27,0.18
BER: END_SEQ #51 [LOCK] seq_err=0 BER_seq=0.0000e+00 | lock=51 slip=0 BER_cond=0.0000e+00 BER_cum=0.0000e+00
CSV,1505010,150500,51,51,0,26061,0,0.000000e+00,0.000000e+00,24356232.0,27824974.0,12474.7,33.48,0.58

=========================================
=== END OF TEST (duration=25 min) ===
=========================================
FINAL: syncs=51 lock=51 slip=0 slip_rate=0.0000
FINAL: bits_cum=26061 err_cum=0 BER_cum=0.0000e+00
FINAL: bits_lock=26061 err_lock=0 BER_cond=0.0000e+00
=========================================
=== STOP LOGGING NOW ===
=========================================
