

=== RX BOOT - BER TEST MODE ===
BPS_MODE=40 (HALF_SAMPLES=1000, 5000 samples/bit @ 200000 Hz)
Expect: 64-bit preamble + Barker13 (1F35h, gated by 8 preamble bits = 0x55) + 511-bit PRBS-9
Noise floor band: 5000 Hz; lock threshold: BER<0.10
Auto-stop: test will halt 25 min after the first sync.
RX: edge-tracking sync, center-3 voting
Starting decoder...

BER: SYNC #1 (gated)
CSV,5007,1000,1,0,0,42,0,0.000000e+00,0.000000e+00,48120635392.0,42245636096.0,1095698.0,46.43,0.57
CSV,10007,2000,1,0,0,242,0,0.000000e+00,0.000000e+00,50101321728.0,39839375360.0,1170672.1,46.31,1.00
CSV,15007,3000,1,0,0,442,0,0.000000e+00,0.000000e+00,46453866496.0,42486472704.0,1066979.0,46.39,0.39
BER: END_SEQ #1 [LOCK] seq_err=0 BER_seq=0.0000e+00 | lock=1 slip=0 BER_cond=0.0000e+00 BER_cum=0.0000e+00
BER: SYNC #2 (gated)
CSV,20007,4000,2,1,0,565,0,0.000000e+00,0.000000e+00,45631946752.0,41404321792.0,1373822.8,45.21,0.42
CSV,25007,5000,2,1,0,765,0,0.000000e+00,0.000000e+00,51209932800.0,39245455360.0,1218301.8,46.24,1.16
CSV,30007,6000,2,1,0,965,0,0.000000e+00,0.000000e+00,46501158912.0,42344538112.0,1224964.8,45.79,0.41
BER: END_SEQ #2 [LOCK] seq_err=0 BER_seq=0.0000e+00 | lock=2 slip=0 BER_cond=0.0000e+00 BER_cum=0.0000e+00
BER: SYNC #3 (gated)
CSV,35007,7000,3,2,0,1088,0,0.000000e+00,0.000000e+00,44666294272.0,45138591744.0,1346665.6,45.25,0.05
CSV,40007,8000,3,2,0,1287,0,0.000000e+00,0.000000e+00,53161504768.0,37002395648.0,1227511.4,46.37,1.57
CSV,45007,9000,3,2,0,1487,0,0.000000e+00,0.000000e+00,46919602176.0,43697795072.0,1224125.8,45.84,0.31
BER: END_SEQ #3 [LOCK] seq_err=0 BER_seq=0.0000e+00 | lock=3 slip=0 BER_cond=0.0000e+00 BER_cum=0.0000e+00
BER: SYNC #4 (gated)
CSV,50007,10000,4,3,0,1610,0,0.000000e+00,0.000000e+00,43204202496.0,44426711040.0,1386621.0,45.06,0.12
CSV,55007,11000,4,3,0,1810,0,0.000000e+00,0.000000e+00,54076829696.0,37138108416.0,1286336.0,46.24,1.63
CSV,60007,12000,4,3,0,2010,0,0.000000e+00,0.000000e+00,44654600192.0,43155722240.0,1343884.8,45.22,0.15
BER: END_SEQ #4 [LOCK] seq_err=0 BER_seq=0.0000e+00 | lock=4 slip=0 BER_cond=0.0000e+00 BER_cum=0.0000e+00
BER: SYNC #5 (gated)
CSV,65007,13000,5,4,0,2133,0,0.000000e+00,0.000000e+00,45091377152.0,44257075200.0,1374647.2,45.16,0.08
CSV,70007,14000,5,4,0,2333,0,0.000000e+00,0.000000e+00,51405344768.0,37136695296.0,1162527.1,46.46,1.41
CSV,75007,15000,5,4,0,2533,0,0.000000e+00,0.000000e+00,47302275072.0,42586071040.0,1361564.6,45.41,0.46
BER: END_SEQ #5 [LOCK] seq_err=0 BER_seq=0.0000e+00 | lock=5 slip=0 BER_cond=0.0000e+00 BER_cum=0.0000e+00
BER: SYNC #6 (gated)
CSV,80007,16000,6,5,0,2656,0,0.000000e+00,0.000000e+00,43044511744.0,43476123648.0,1429392.6,44.83,0.04
CSV,85007,17000,6,5,0,2856,0,0.000000e+00,0.000000e+00,53224562688.0,37573943296.0,1091513.0,46.88,1.51
CSV,90007,18000,6,5,0,3055,0,0.000000e+00,0.000000e+00,44910329856.0,42468913152.0,1179410.9,45.81,0.24
BER: END_SEQ #6 [LOCK] seq_err=0 BER_seq=0.0000e+00 | lock=6 slip=0 BER_cond=0.0000e+00 BER_cum=0.0000e+00
BER: SYNC #7 (gated)
CSV,95007,19000,7,6,0,3178,0,0.000000e+00,0.000000e+00,45452947456.0,44700286976.0,1488196.0,44.85,0.07
CSV,100007,20000,7,6,0,3378,0,0.000000e+00,0.000000e+00,51874631680.0,37452697600.0,1283953.2,46.06,1.41
BER: END_SEQ #7 [LOCK] seq_err=0 BER_seq=0.0000e+00 | lock=7 slip=0 BER_cond=0.0000e+00 BER_cum=0.0000e+00
CSV,105007,21000,7,7,0,3577,0,0.000000e+00,0.000000e+00,45276381184.0,45639344128.0,1047469.9,46.39,0.03
BER: SYNC #8 (gated)
CSV,110007,22000,8,7,0,3701,0,0.000000e+00,0.000000e+00,47529525248.0,40329637888.0,1535106.2,44.91,0.71
CSV,115007,23000,8,7,0,3901,0,0.000000e+00,0.000000e+00,50984390656.0,40615731200.0,1223238.8,46.20,0.99
BER: END_SEQ #8 [LOCK] seq_err=0 BER_seq=0.0000e+00 | lock=8 slip=0 BER_cond=0.0000e+00 BER_cum=0.0000e+00
CSV,120007,24000,8,8,0,4088,0,0.000000e+00,0.000000e+00,44187058176.0,43794251776.0,1254122.9,45.47,0.04
BER: SYNC #9 (gated)
CSV,125007,25000,9,8,0,4224,0,0.000000e+00,0.000000e+00,50859474944.0,39904542720.0,1315994.5,45.87,1.05
CSV,130007,26000,9,8,0,4424,0,0.000000e+00,0.000000e+00,46577246208.0,41495543808.0,1149714.0,46.08,0.50
BER: END_SEQ #9 [LOCK] seq_err=0 BER_seq=0.0000e+00 | lock=9 slip=0 BER_cond=0.0000e+00 BER_cum=0.0000e+00
CSV,135007,27000,9,9,0,4599,0,0.000000e+00,0.000000e+00,46442696704.0,44131487744.0,1320952.6,45.46,0.22
BER: SYNC #10 (gated)
CSV,140007,28000,10,9,0,4746,0,0.000000e+00,0.000000e+00,50607546368.0,38077145088.0,1267716.1,46.01,1.24
CSV,145007,29000,10,9,0,4946,0,0.000000e+00,0.000000e+00,47070515200.0,43709984768.0,1148374.1,46.13,0.32
BER: END_SEQ #10 [LOCK] seq_err=0 BER_seq=0.0000e+00 | lock=10 slip=0 BER_cond=0.0000e+00 BER_cum=0.0000e+00
CSV,150007,30000,10,10,0,5110,0,0.000000e+00,0.000000e+00,44974288896.0,43129868288.0,1211777.1,45.70,0.18
BER: SYNC #11 (gated)
CSV,155007,31000,11,10,0,5269,0,0.000000e+00,0.000000e+00,51785093120.0,39791235072.0,1247335.5,46.18,1.14
CSV,160007,32000,11,10,0,5469,0,0.000000e+00,0.000000e+00,46171676672.0,42565275648.0,1143065.5,46.06,0.35
BER: END_SEQ #11 [LOCK] seq_err=0 BER_seq=0.0000e+00 | lock=11 slip=0 BER_cond=0.0000e+00 BER_cum=0.0000e+00
CSV,165007,33000,11,11,0,5621,0,0.000000e+00,0.000000e+00,46250692608.0,43931484160.0,1377606.8,45.26,0.22
BER: SYNC #12 (gated)
CSV,170007,34000,12,11,0,5792,0,0.000000e+00,0.000000e+00,50391658496.0,38873014272.0,1212572.1,46.19,1.13
CSV,175007,35000,12,11,0,5992,0,0.000000e+00,0.000000e+00,46853316608.0,43732815872.0,1233958.1,45.79,0.30
BER: END_SEQ #12 [LOCK] seq_err=0 BER_seq=0.0000e+00 | lock=12 slip=0 BER_cond=0.0000e+00 BER_cum=0.0000e+00
CSV,180007,36000,12,12,0,6132,0,0.000000e+00,0.000000e+00,45276389376.0,42032701440.0,1354914.4,45.24,0.32
BER: SYNC #13 (gated)
CSV,185007,37000,13,12,0,6315,0,0.000000e+00,0.000000e+00,51392622592.0,39699402752.0,1054165.1,46.88,1.12
CSV,190007,38000,13,12,0,6514,0,0.000000e+00,0.000000e+00,45768687616.0,42577276928.0,1268013.9,45.57,0.31
BER: END_SEQ #13 [LOCK] seq_err=0 BER_seq=0.0000e+00 | lock=13 slip=0 BER_cond=0.0000e+00 BER_cum=0.0000e+00
CSV,195007,39000,13,13,0,6643,0,0.000000e+00,0.000000e+00,45891166208.0,44217303040.0,1344745.8,45.33,0.16
BER: SYNC #14 (gated)
CSV,200007,40000,14,13,0,6837,0,0.000000e+00,0.000000e+00,52380160000.0,37002727424.0,1180575.5,46.47,1.51
CSV,205007,41000,14,13,0,7037,0,0.000000e+00,0.000000e+00,46659469312.0,43265531904.0,1278006.2,45.62,0.33
BER: END_SEQ #14 [LOCK] seq_err=0 BER_seq=0.0000e+00 | lock=14 slip=0 BER_cond=0.0000e+00 BER_cum=0.0000e+00
BER: SYNC #15 (gated)
CSV,210007,42000,15,14,0,7160,0,0.000000e+00,0.000000e+00,43899273216.0,43440078848.0,1377276.4,45.03,0.05
CSV,215007,43000,15,14,0,7360,0,0.000000e+00,0.000000e+00,52380856320.0,38759809024.0,1218638.8,46.33,1.31
CSV,220007,44000,15,14,0,7560,0,0.000000e+00,0.000000e+00,45491568640.0,43168968704.0,1334082.5,45.33,0.23
BER: END_SEQ #15 [LOCK] seq_err=0 BER_seq=0.0000e+00 | lock=15 slip=0 BER_cond=0.0000e+00 BER_cum=0.0000e+00
BER: SYNC #16 (gated)
CSV,225007,45000,16,15,0,7683,0,0.000000e+00,0.000000e+00,45029441536.0,44437450752.0,1402917.5,45.06,0.06
CSV,230007,46000,16,15,0,7883,0,0.000000e+00,0.000000e+00,52022071296.0,37587542016.0,1196348.8,46.38,1.41
CSV,235007,47000,16,15,0,8083,0,0.000000e+00,0.000000e+00,47063281664.0,42723913728.0,1266534.5,45.70,0.42
BER: END_SEQ #16 [LOCK] seq_err=0 BER_seq=0.0000e+00 | lock=16 slip=0 BER_cond=0.0000e+00 BER_cum=0.0000e+00
BER: SYNC #17 (gated)
CSV,240007,48000,17,16,0,8205,0,0.000000e+00,0.000000e+00,43137228800.0,44554313728.0,1429051.0,44.94,0.14
CSV,245007,49000,17,16,0,8405,0,0.000000e+00,0.000000e+00,52041146368.0,38458269696.0,1166615.4,46.49,1.31
CSV,250007,50000,17,16,0,8605,0,0.000000e+00,0.000000e+00,47184637952.0,42016645120.0,1207670.1,45.92,0.50
BER: END_SEQ #17 [LOCK] seq_err=0 BER_seq=0.0000e+00 | lock=17 slip=0 BER_cond=0.0000e+00 BER_cum=0.0000e+00
BER: SYNC #18 (gated)
CSV,255007,51000,18,17,0,8728,0,0.000000e+00,0.000000e+00,45405466624.0,43430957056.0,1351484.8,45.26,0.19
CSV,260007,52000,18,17,0,8928,0,0.000000e+00,0.000000e+00,50315534336.0,39662862336.0,1222875.6,46.14,1.03
CSV,265007,53000,18,17,0,9128,0,0.000000e+00,0.000000e+00,46570434560.0,42811179008.0,1237016.9,45.76,0.37
BER: END_SEQ #18 [LOCK] seq_err=0 BER_seq=0.0000e+00 | lock=18 slip=0 BER_cond=0.0000e+00 BER_cum=0.0000e+00
BER: SYNC #19 (gated)
CSV,270007,54000,19,18,0,9251,0,0.000000e+00,0.000000e+00,46148853760.0,42613645312.0,1409758.2,45.15,0.35
CSV,275007,55000,19,18,0,9451,0,0.000000e+00,0.000000e+00,50655051776.0,39109926912.0,1137153.4,46.49,1.12
CSV,280007,56000,19,18,0,9651,0,0.000000e+00,0.000000e+00,46894542848.0,42701283328.0,1218789.8,45.85,0.41
BER: END_SEQ #19 [LOCK] seq_err=0 BER_seq=0.0000e+00 | lock=19 slip=0 BER_cond=0.0000e+00 BER_cum=0.0000e+00
BER: SYNC #20 (gated)
CSV,285007,57000,20,19,0,9774,0,0.000000e+00,0.000000e+00,43698053120.0,44265144320.0,1393458.5,45.02,0.06
CSV,290007,58000,20,19,0,9974,0,0.000000e+00,0.000000e+00,53614125056.0,37224665088.0,1094899.2,46.90,1.58
CSV,295007,59000,20,19,0,10173,0,0.000000e+00,0.000000e+00,45833003008.0,42713546752.0,1149767.1,46.01,0.31
BER: END_SEQ #20 [LOCK] seq_err=0 BER_seq=0.0000e+00 | lock=20 slip=0 BER_cond=0.0000e+00 BER_cum=0.0000e+00
BER: SYNC #21 (gated)
CSV,300007,60000,21,20,0,10296,0,0.000000e+00,0.000000e+00,44355010560.0,44755804160.0,1460757.1,44.86,0.04
CSV,305007,61000,21,20,0,10496,0,0.000000e+00,0.000000e+00,53019549696.0,36453081088.0,1176154.4,46.54,1.63
CSV,310007,62000,21,20,0,10696,0,0.000000e+00,0.000000e+00,45637361664.0,44023980032.0,1000161.9,46.59,0.16
BER: END_SEQ #21 [LOCK] seq_err=0 BER_seq=0.0000e+00 | lock=21 slip=0 BER_cond=0.0000e+00 BER_cum=0.0000e+00
BER: SYNC #22 (gated)
CSV,315007,63000,22,21,0,10819,0,0.000000e+00,0.000000e+00,43931262976.0,43540582400.0,1395578.0,44.98,0.04
CSV,320007,64000,22,21,0,11019,0,0.000000e+00,0.000000e+00,52435734528.0,38524854272.0,1189643.9,46.44,1.34
CSV,325007,65000,22,21,0,11219,0,0.000000e+00,0.000000e+00,46205698048.0,42099421184.0,1118895.8,46.16,0.40
BER: END_SEQ #22 [LOCK] seq_err=0 BER_seq=0.0000e+00 | lock=22 slip=0 BER_cond=0.0000e+00 BER_cum=0.0000e+00
BER: SYNC #23 (gated)
CSV,330007,66000,23,22,0,11342,0,0.000000e+00,0.000000e+00,45118066688.0,44697341952.0,1362867.4,45.20,0.04
CSV,335007,67000,23,22,0,11542,0,0.000000e+00,0.000000e+00,52331737088.0,36982484992.0,1202536.9,46.39,1.51
CSV,340007,68000,23,22,0,11742,0,0.000000e+00,0.000000e+00,45888069632.0,44374147072.0,1139931.0,46.05,0.15
BER: END_SEQ #23 [LOCK] seq_err=0 BER_seq=0.0000e+00 | lock=23 slip=0 BER_cond=0.0000e+00 BER_cum=0.0000e+00
BER: SYNC #24 (gated)
CSV,345007,69000,24,23,0,11864,0,0.000000e+00,0.000000e+00,44251639808.0,42896482304.0,1353817.0,45.14,0.14
CSV,350007,70000,24,23,0,12064,0,0.000000e+00,0.000000e+00,52761387008.0,38382411776.0,1134540.4,46.67,1.38
BER: END_SEQ #24 [LOCK] seq_err=0 BER_seq=0.0000e+00 | lock=24 slip=0 BER_cond=0.0000e+00 BER_cum=0.0000e+00
CSV,355007,71000,24,24,0,12264,0,0.000000e+00,0.000000e+00,43679186944.0,44189409280.0,1150942.6,45.84,0.05
BER: SYNC #25 (gated)
CSV,360007,72000,25,24,0,12387,0,0.000000e+00,0.000000e+00,48535146496.0,41470435328.0,1403617.9,45.39,0.68
CSV,365007,73000,25,24,0,12587,0,0.000000e+00,0.000000e+00,49855594496.0,38708834304.0,1228060.5,46.08,1.10
BER: END_SEQ #25 [LOCK] seq_err=0 BER_seq=0.0000e+00 | lock=25 slip=0 BER_cond=0.0000e+00 BER_cum=0.0000e+00
CSV,370007,74000,25,25,0,12775,0,0.000000e+00,0.000000e+00,45068328960.0,44953497600.0,1238757.0,45.61,0.01
BER: SYNC #26 (gated)
CSV,375007,75000,26,25,0,12910,0,0.000000e+00,0.000000e+00,49183436800.0,38655983616.0,1423543.6,45.38,1.05
CSV,380007,76000,26,25,0,13110,0,0.000000e+00,0.000000e+00,47873007616.0,42599591936.0,1252528.9,45.82,0.51
BER: END_SEQ #26 [LOCK] seq_err=0 BER_seq=0.0000e+00 | lock=26 slip=0 BER_cond=0.0000e+00 BER_cum=0.0000e+00
CSV,385007,77000,26,26,0,13286,0,0.000000e+00,0.000000e+00,44857266176.0,42570436608.0,1325147.9,45.30,0.23
BER: SYNC #27 (gated)
CSV,390007,78000,27,26,0,13433,0,0.000000e+00,0.000000e+00,52051210240.0,38577713152.0,1340768.8,45.89,1.30
CSV,395007,79000,27,26,0,13632,0,0.000000e+00,0.000000e+00,44909223936.0,41326166016.0,1215619.4,45.68,0.36
BER: END_SEQ #27 [LOCK] seq_err=0 BER_seq=0.0000e+00 | lock=27 slip=0 BER_cond=0.0000e+00 BER_cum=0.0000e+00
CSV,400007,80000,27,27,0,13797,0,0.000000e+00,0.000000e+00,45126750208.0,42891268096.0,1333118.4,45.30,0.22
BER: SYNC #28 (gated)
CSV,405007,81000,28,27,0,13955,0,0.000000e+00,0.000000e+00,49761476608.0,36978388992.0,1277646.8,45.90,1.29
CSV,410007,82000,28,27,0,14155,0,0.000000e+00,0.000000e+00,46113443840.0,42688020480.0,1140511.4,46.07,0.34
BER: END_SEQ #28 [LOCK] seq_err=0 BER_seq=0.0000e+00 | lock=28 slip=0 BER_cond=0.0000e+00 BER_cum=0.0000e+00
CSV,415007,83000,28,28,0,14308,0,0.000000e+00,0.000000e+00,44448137216.0,41404997632.0,1301854.4,45.33,0.31
BER: SYNC #29 (gated)
CSV,420007,84000,29,28,0,14478,0,0.000000e+00,0.000000e+00,50641465344.0,38530961408.0,1200240.9,46.25,1.19
CSV,425007,85000,29,28,0,14678,0,0.000000e+00,0.000000e+00,45517434880.0,42158338048.0,1215517.9,45.73,0.33
BER: END_SEQ #29 [LOCK] seq_err=0 BER_seq=0.0000e+00 | lock=29 slip=0 BER_cond=0.0000e+00 BER_cum=0.0000e+00
CSV,430007,86000,29,29,0,14819,0,0.000000e+00,0.000000e+00,46615486464.0,43206033408.0,1467235.2,45.02,0.33
BER: SYNC #30 (gated)
CSV,435007,87000,30,29,0,15001,0,0.000000e+00,0.000000e+00,49815793664.0,39049113600.0,1178385.4,46.26,1.06
CSV,440007,88000,30,29,0,15201,0,0.000000e+00,0.000000e+00,46796546048.0,43475099648.0,1138504.8,46.14,0.32
BER: END_SEQ #30 [LOCK] seq_err=0 BER_seq=0.0000e+00 | lock=30 slip=0 BER_cond=0.0000e+00 BER_cum=0.0000e+00
CSV,445007,89000,30,30,0,15330,0,0.000000e+00,0.000000e+00,44657504256.0,42476580864.0,1509986.1,44.71,0.22
BER: SYNC #31 (gated)
CSV,450007,90000,31,30,0,15523,0,0.000000e+00,0.000000e+00,53323227136.0,37956734976.0,1088083.6,46.90,1.48
CSV,455007,91000,31,30,0,15723,0,0.000000e+00,0.000000e+00,45661499392.0,42491944960.0,1094386.5,46.20,0.31
BER: END_SEQ #31 [LOCK] seq_err=0 BER_seq=0.0000e+00 | lock=31 slip=0 BER_cond=0.0000e+00 BER_cum=0.0000e+00
BER: SYNC #32 (gated)
CSV,460007,92000,32,31,0,15846,0,0.000000e+00,0.000000e+00,45465841664.0,44539637760.0,1399327.6,45.12,0.09
CSV,465007,93000,32,31,0,16046,0,0.000000e+00,0.000000e+00,51250003968.0,37780197376.0,1201146.4,46.30,1.32
CSV,470007,94000,32,31,0,16246,0,0.000000e+00,0.000000e+00,46206185472.0,43673858048.0,1088035.9,46.28,0.24
BER: END_SEQ #32 [LOCK] seq_err=0 BER_seq=0.0000e+00 | lock=32 slip=0 BER_cond=0.0000e+00 BER_cum=0.0000e+00
BER: SYNC #33 (gated)
CSV,475007,95000,33,32,0,16369,0,0.000000e+00,0.000000e+00,43475668992.0,43658653696.0,1314797.6,45.21,0.02
CSV,480007,96000,33,32,0,16569,0,0.000000e+00,0.000000e+00,52580614144.0,38178979840.0,1177382.4,46.50,1.39
CSV,485007,97000,33,32,0,16769,0,0.000000e+00,0.000000e+00,46693871616.0,41693777920.0,1105594.4,46.26,0.49
BER: END_SEQ #33 [LOCK] seq_err=0 BER_seq=0.0000e+00 | lock=33 slip=0 BER_cond=0.0000e+00 BER_cum=0.0000e+00
BER: SYNC #34 (gated)
CSV,490007,98000,34,33,0,16892,0,0.000000e+00,0.000000e+00,43861962752.0,45046169600.0,1353627.5,45.22,0.12
CSV,495007,99000,34,33,0,17091,0,0.000000e+00,0.000000e+00,51330818048.0,37754331136.0,1197877.0,46.32,1.33
CSV,500007,100000,34,33,0,17291,0,0.000000e+00,0.000000e+00,47352705024.0,42236276736.0,1191469.0,45.99,0.50
BER: END_SEQ #34 [LOCK] seq_err=0 BER_seq=0.0000e+00 | lock=34 slip=0 BER_cond=0.0000e+00 BER_cum=0.0000e+00
BER: SYNC #35 (gated)
CSV,505007,101000,35,34,0,17414,0,0.000000e+00,0.000000e+00,44559097856.0,42881175552.0,1377765.0,45.10,0.17
CSV,510007,102000,35,34,0,17614,0,0.000000e+00,0.000000e+00,50385281024.0,39538831360.0,1152395.1,46.41,1.05
CSV,515007,103000,35,34,0,17814,0,0.000000e+00,0.000000e+00,46440603648.0,42072567808.0,1121726.1,46.17,0.43
BER: END_SEQ #35 [LOCK] seq_err=0 BER_seq=0.0000e+00 | lock=35 slip=0 BER_cond=0.0000e+00 BER_cum=0.0000e+00
BER: SYNC #36 (gated)
CSV,520007,104000,36,35,0,17937,0,0.000000e+00,0.000000e+00,45666897920.0,42864717824.0,1402452.1,45.13,0.28
CSV,525007,105000,36,35,0,18137,0,0.000000e+00,0.000000e+00,50525278208.0,38898188288.0,1274916.2,45.98,1.14
CSV,530007,106000,36,35,0,18337,0,0.000000e+00,0.000000e+00,47187415040.0,42264195072.0,1321326.8,45.53,0.48
BER: END_SEQ #36 [LOCK] seq_err=0 BER_seq=0.0000e+00 | lock=36 slip=0 BER_cond=0.0000e+00 BER_cum=0.0000e+00
BER: SYNC #37 (gated)
CSV,535007,107000,37,36,0,18460,0,0.000000e+00,0.000000e+00,43912138752.0,44306780160.0,1337637.0,45.20,0.04
CSV,540007,108000,37,36,0,18660,0,0.000000e+00,0.000000e+00,52849381376.0,36390526976.0,1184884.5,46.49,1.62
CSV,545007,109000,37,36,0,18859,0,0.000000e+00,0.000000e+00,45270814720.0,42406236160.0,1350790.8,45.25,0.28
BER: END_SEQ #37 [LOCK] seq_err=0 BER_seq=0.0000e+00 | lock=37 slip=0 BER_cond=0.0000e+00 BER_cum=0.0000e+00
BER: SYNC #38 (gated)
CSV,550007,110000,38,37,0,18982,0,0.000000e+00,0.000000e+00,43137998848.0,43126775808.0,1299262.4,45.21,0.00
CSV,555007,111000,38,37,0,19182,0,0.000000e+00,0.000000e+00,53203775488.0,35994161152.0,1141007.4,46.69,1.70
CSV,560007,112000,38,37,0,19382,0,0.000000e+00,0.000000e+00,44926070784.0,43097772032.0,1313617.4,45.34,0.18
BER: END_SEQ #38 [LOCK] seq_err=0 BER_seq=0.0000e+00 | lock=38 slip=0 BER_cond=0.0000e+00 BER_cum=0.0000e+00
BER: SYNC #39 (gated)
CSV,565007,113000,39,38,0,19505,0,0.000000e+00,0.000000e+00,44546224128.0,43720302592.0,1392888.1,45.05,0.08
CSV,570007,114000,39,38,0,19705,0,0.000000e+00,0.000000e+00,50768490496.0,36998361088.0,1161334.1,46.41,1.37
CSV,575007,115000,39,38,0,19905,0,0.000000e+00,0.000000e+00,46325141504.0,42306703360.0,1160598.4,46.01,0.39
BER: END_SEQ #39 [LOCK] seq_err=0 BER_seq=0.0000e+00 | lock=39 slip=0 BER_cond=0.0000e+00 BER_cum=0.0000e+00
BER: SYNC #40 (gated)
CSV,580007,116000,40,39,0,20028,0,0.000000e+00,0.000000e+00,43723943936.0,43283668992.0,1438276.2,44.83,0.04
CSV,585007,117000,40,39,0,20228,0,0.000000e+00,0.000000e+00,52660838400.0,37070688256.0,1162802.1,46.56,1.52
CSV,590007,118000,40,39,0,20428,0,0.000000e+00,0.000000e+00,44180566016.0,42348097536.0,1125281.8,45.94,0.18
BER: END_SEQ #40 [LOCK] seq_err=0 BER_seq=0.0000e+00 | lock=40 slip=0 BER_cond=0.0000e+00 BER_cum=0.0000e+00
BER: SYNC #41 (gated)
CSV,595007,119000,41,40,0,20551,0,0.000000e+00,0.000000e+00,45574389760.0,42756374528.0,1451066.2,44.97,0.28
CSV,600007,120000,41,40,0,20750,0,0.000000e+00,0.000000e+00,50604568576.0,36816801792.0,1127931.8,46.52,1.38
CSV,605007,121000,41,40,0,20950,0,0.000000e+00,0.000000e+00,44255768576.0,43920789504.0,1125785.2,45.95,0.03
BER: END_SEQ #41 [LOCK] seq_err=0 BER_seq=0.0000e+00 | lock=41 slip=0 BER_cond=0.0000e+00 BER_cum=0.0000e+00
BER: SYNC #42 (gated)
CSV,610007,122000,42,41,0,21073,0,0.000000e+00,0.000000e+00,46152138752.0,39181250560.0,1449232.4,45.03,0.71
CSV,615007,123000,42,41,0,21273,0,0.000000e+00,0.000000e+00,50535243776.0,38526787584.0,1087029.0,46.67,1.18
BER: END_SEQ #42 [LOCK] seq_err=0 BER_seq=0.0000e+00 | lock=42 slip=0 BER_cond=0.0000e+00 BER_cum=0.0000e+00
CSV,620007,124000,42,42,0,21462,0,0.000000e+00,0.000000e+00,43210424320.0,42703790080.0,1060693.8,46.10,0.05
BER: SYNC #43 (gated)
CSV,625007,125000,43,42,0,21596,0,0.000000e+00,0.000000e+00,49873678336.0,38687608832.0,1291882.0,45.87,1.10
CSV,630007,126000,43,42,0,21796,0,0.000000e+00,0.000000e+00,45540384768.0,40667754496.0,1233896.1,45.67,0.49
BER: END_SEQ #43 [LOCK] seq_err=0 BER_seq=0.0000e+00 | lock=43 slip=0 BER_cond=0.0000e+00 BER_cum=0.0000e+00
CSV,635007,127000,43,43,0,21973,0,0.000000e+00,0.000000e+00,45950996480.0,42258624512.0,1199970.1,45.83,0.36
BER: SYNC #44 (gated)
CSV,640007,128000,44,43,0,22119,0,0.000000e+00,0.000000e+00,49621774336.0,36830879744.0,1179615.5,46.24,1.29
CSV,645007,129000,44,43,0,22319,0,0.000000e+00,0.000000e+00,46107987968.0,42159783936.0,1169027.5,45.96,0.39
BER: END_SEQ #44 [LOCK] seq_err=0 BER_seq=0.0000e+00 | lock=44 slip=0 BER_cond=0.0000e+00 BER_cum=0.0000e+00
CSV,650007,130000,44,44,0,22484,0,0.000000e+00,0.000000e+00,44098551808.0,41442787328.0,1287056.1,45.35,0.27
BER: SYNC #45 (gated)
CSV,655007,131000,45,44,0,22641,0,0.000000e+00,0.000000e+00,51049480192.0,38137016320.0,1231020.8,46.18,1.27
CSV,660007,132000,45,44,0,22841,0,0.000000e+00,0.000000e+00,44873138176.0,42526138368.0,1208062.5,45.70,0.23
BER: END_SEQ #45 [LOCK] seq_err=0 BER_seq=0.0000e+00 | lock=45 slip=0 BER_cond=0.0000e+00 BER_cum=0.0000e+00
CSV,665007,133000,45,45,0,22995,0,0.000000e+00,0.000000e+00,46346944512.0,42938114048.0,1301158.6,45.52,0.33
BER: SYNC #46 (gated)
CSV,670007,134000,46,45,0,23164,0,0.000000e+00,0.000000e+00,50115444736.0,38034460672.0,1165977.8,46.33,1.20
CSV,675007,135000,46,45,0,23364,0,0.000000e+00,0.000000e+00,46712205312.0,43187154944.0,1163657.2,46.04,0.34
BER: END_SEQ #46 [LOCK] seq_err=0 BER_seq=0.0000e+00 | lock=46 slip=0 BER_cond=0.0000e+00 BER_cum=0.0000e+00
CSV,680007,136000,46,46,0,23506,0,0.000000e+00,0.000000e+00,44541988864.0,41952186368.0,1407800.6,45.00,0.26
BER: SYNC #47 (gated)
CSV,685007,137000,47,46,0,23687,0,0.000000e+00,0.000000e+00,50681667584.0,39837999104.0,1164556.5,46.39,1.05
CSV,690007,138000,47,46,0,23887,0,0.000000e+00,0.000000e+00,45277728768.0,42021715968.0,1366110.5,45.20,0.32
BER: END_SEQ #47 [LOCK] seq_err=0 BER_seq=0.0000e+00 | lock=47 slip=0 BER_cond=0.0000e+00 BER_cum=0.0000e+00
CSV,695007,139000,47,47,0,24017,0,0.000000e+00,0.000000e+00,45955272704.0,43462291456.0,1394520.8,45.18,0.24
BER: SYNC #48 (gated)
CSV,700007,140000,48,47,0,24209,0,0.000000e+00,0.000000e+00,51889901568.0,36605751296.0,1148978.4,46.55,1.52
CSV,705007,141000,48,47,0,24409,0,0.000000e+00,0.000000e+00,46617284608.0,42885410816.0,1332444.1,45.44,0.36
BER: END_SEQ #48 [LOCK] seq_err=0 BER_seq=0.0000e+00 | lock=48 slip=0 BER_cond=0.0000e+00 BER_cum=0.0000e+00
BER: SYNC #49 (gated)
CSV,710007,142000,49,48,0,24532,0,0.000000e+00,0.000000e+00,43713277952.0,42556026880.0,1457743.0,44.77,0.12
CSV,715007,143000,49,48,0,24732,0,0.000000e+00,0.000000e+00,52298612736.0,38301339648.0,1134887.5,46.64,1.35
CSV,720007,144000,49,48,0,24932,0,0.000000e+00,0.000000e+00,44925284352.0,42471563264.0,1262866.8,45.51,0.24
BER: END_SEQ #49 [LOCK] seq_err=0 BER_seq=0.0000e+00 | lock=49 slip=0 BER_cond=0.0000e+00 BER_cum=0.0000e+00
BER: SYNC #50 (gated)
CSV,725007,145000,50,49,0,25055,0,0.000000e+00,0.000000e+00,44347166720.0,45035991040.0,1451982.9,44.92,0.07
CSV,730007,146000,50,49,0,25255,0,0.000000e+00,0.000000e+00,51420872704.0,37012160512.0,1180094.5,46.39,1.43
CSV,735007,147000,50,49,0,25455,0,0.000000e+00,0.000000e+00,47489462272.0,42217160704.0,1176502.5,46.06,0.51
BER: END_SEQ #50 [LOCK] seq_err=0 BER_seq=0.0000e+00 | lock=50 slip=0 BER_cond=0.0000e+00 BER_cum=0.0000e+00
BER: SYNC #51 (gated)
CSV,740007,148000,51,50,0,25578,0,0.000000e+00,0.000000e+00,42538254336.0,43864276992.0,1343007.5,45.14,0.13
CSV,745007,149000,51,50,0,25778,0,0.000000e+00,0.000000e+00,52431466496.0,37942910976.0,1241166.2,46.26,1.40
CSV,750007,150000,51,50,0,25977,0,0.000000e+00,0.000000e+00,46059622400.0,41847070720.0,1196282.5,45.85,0.42
BER: END_SEQ #51 [LOCK] seq_err=0 BER_seq=0.0000e+00 | lock=51 slip=0 BER_cond=0.0000e+00 BER_cum=0.0000e+00
BER: SYNC #52 (gated)
CSV,755007,151000,52,51,0,26100,0,0.000000e+00,0.000000e+00,45706186752.0,43274690560.0,1390209.4,45.17,0.24
CSV,760007,152000,52,51,0,26300,0,0.000000e+00,0.000000e+00,49646845952.0,38985719808.0,1120641.5,46.46,1.05
CSV,765007,153000,52,51,0,26500,0,0.000000e+00,0.000000e+00,47054012416.0,42362281984.0,1231197.5,45.82,0.46
BER: END_SEQ #52 [LOCK] seq_err=0 BER_seq=0.0000e+00 | lock=52 slip=0 BER_cond=0.0000e+00 BER_cum=0.0000e+00
BER: SYNC #53 (gated)
CSV,770007,154000,53,52,0,26623,0,0.000000e+00,0.000000e+00,44514291712.0,42546724864.0,1434909.9,44.92,0.20
CSV,775007,155000,53,52,0,26823,0,0.000000e+00,0.000000e+00,50745700352.0,38992719872.0,1119994.8,46.56,1.14
CSV,780007,156000,53,52,0,27023,0,0.000000e+00,0.000000e+00,46622552064.0,41391542272.0,1022922.6,46.59,0.52
BER: END_SEQ #53 [LOCK] seq_err=0 BER_seq=0.0000e+00 | lock=53 slip=0 BER_cond=0.0000e+00 BER_cum=0.0000e+00
BER: SYNC #54 (gated)
CSV,785007,157000,54,53,0,27146,0,0.000000e+00,0.000000e+00,44242350080.0,43832680448.0,1392055.5,45.02,0.04
CSV,790007,158000,54,53,0,27346,0,0.000000e+00,0.000000e+00,52845645824.0,36493565952.0,1199880.9,46.44,1.61
CSV,795007,159000,54,53,0,27546,0,0.000000e+00,0.000000e+00,45525078016.0,42960506880.0,1036412.2,46.43,0.25
BER: END_SEQ #54 [LOCK] seq_err=0 BER_seq=0.0000e+00 | lock=54 slip=0 BER_cond=0.0000e+00 BER_cum=0.0000e+00
BER: SYNC #55 (gated)
CSV,800007,160000,55,54,0,27668,0,0.000000e+00,0.000000e+00,43656192000.0,43988357120.0,1366454.4,45.08,0.03
CSV,805007,161000,55,54,0,27868,0,0.000000e+00,0.000000e+00,53070557184.0,36619931648.0,1227251.5,46.36,1.61
CSV,810007,162000,55,54,0,28068,0,0.000000e+00,0.000000e+00,45380825088.0,43091787776.0,1062793.8,46.30,0.22
BER: END_SEQ #55 [LOCK] seq_err=0 BER_seq=0.0000e+00 | lock=55 slip=0 BER_cond=0.0000e+00 BER_cum=0.0000e+00
BER: SYNC #56 (gated)
CSV,815007,163000,56,55,0,28191,0,0.000000e+00,0.000000e+00,44071178240.0,43162771456.0,1368411.1,45.08,0.09
CSV,820007,164000,56,55,0,28391,0,0.000000e+00,0.000000e+00,51595317248.0,37945671680.0,1184205.0,46.39,1.33
CSV,825007,165000,56,55,0,28591,0,0.000000e+00,0.000000e+00,45440294912.0,42530045952.0,1200772.2,45.78,0.29
BER: END_SEQ #56 [LOCK] seq_err=0 BER_seq=0.0000e+00 | lock=56 slip=0 BER_cond=0.0000e+00 BER_cum=0.0000e+00
BER: SYNC #57 (gated)
CSV,830007,166000,57,56,0,28714,0,0.000000e+00,0.000000e+00,44816543744.0,43532435456.0,1310808.9,45.34,0.13
CSV,835007,167000,57,56,0,28914,0,0.000000e+00,0.000000e+00,51832098816.0,37118128128.0,1132479.5,46.61,1.45
CSV,840007,168000,57,56,0,29114,0,0.000000e+00,0.000000e+00,45211779072.0,43569885184.0,1206094.1,45.74,0.16
BER: END_SEQ #57 [LOCK] seq_err=0 BER_seq=0.0000e+00 | lock=57 slip=0 BER_cond=0.0000e+00 BER_cum=0.0000e+00
BER: SYNC #58 (gated)
CSV,845007,169000,58,57,0,29237,0,0.000000e+00,0.000000e+00,44504395776.0,42086236160.0,1368066.9,45.12,0.24
CSV,850007,170000,58,57,0,29437,0,0.000000e+00,0.000000e+00,51986227200.0,37293400064.0,1210826.0,46.33,1.44
CSV,855007,171000,58,57,0,29636,0,0.000000e+00,0.000000e+00,43286360064.0,43078787072.0,1218550.8,45.51,0.02
BER: END_SEQ #58 [LOCK] seq_err=0 BER_seq=0.0000e+00 | lock=58 slip=0 BER_cond=0.0000e+00 BER_cum=0.0000e+00
BER: SYNC #59 (gated)
CSV,860007,172000,59,58,0,29759,0,0.000000e+00,0.000000e+00,47256141824.0,40928657408.0,1476404.2,45.05,0.62
CSV,865007,173000,59,58,0,29959,0,0.000000e+00,0.000000e+00,49558261760.0,37761486848.0,1162716.1,46.30,1.18
BER: END_SEQ #59 [LOCK] seq_err=0 BER_seq=0.0000e+00 | lock=59 slip=0 BER_cond=0.0000e+00 BER_cum=0.0000e+00
CSV,870007,174000,59,59,0,30149,0,0.000000e+00,0.000000e+00,44587487232.0,43535679488.0,1273649.0,45.44,0.10
BER: SYNC #60 (gated)
CSV,875007,175000,60,59,0,30282,0,0.000000e+00,0.000000e+00,48600285184.0,37806927872.0,1429739.0,45.31,1.09
CSV,880007,176000,60,59,0,30482,0,0.000000e+00,0.000000e+00,47310839808.0,42322333696.0,1175771.4,46.05,0.48
BER: END_SEQ #60 [LOCK] seq_err=0 BER_seq=0.0000e+00 | lock=60 slip=0 BER_cond=0.0000e+00 BER_cum=0.0000e+00
CSV,885007,177000,60,60,0,30660,0,0.000000e+00,0.000000e+00,45073936384.0,42527145984.0,1299127.5,45.40,0.25
BER: SYNC #61 (gated)
CSV,890007,178000,61,60,0,30805,0,0.000000e+00,0.000000e+00,51530682368.0,38955487232.0,1376687.6,45.73,1.21
CSV,895007,179000,61,60,0,31005,0,0.000000e+00,0.000000e+00,45838905344.0,41699909632.0,1178479.2,45.90,0.41
BER: END_SEQ #61 [LOCK] seq_err=0 BER_seq=0.0000e+00 | lock=61 slip=0 BER_cond=0.0000e+00 BER_cum=0.0000e+00
CSV,900007,180000,61,61,0,31171,0,0.000000e+00,0.000000e+00,45061169152.0,43059630080.0,1203264.8,45.73,0.20
BER: SYNC #62 (gated)
CSV,905007,181000,62,61,0,31327,0,0.000000e+00,0.000000e+00,49738989568.0,36980678656.0,1289949.5,45.86,1.29
CSV,910007,182000,62,61,0,31527,0,0.000000e+00,0.000000e+00,45521592320.0,42726031360.0,1213360.8,45.74,0.28
BER: END_SEQ #62 [LOCK] seq_err=0 BER_seq=0.0000e+00 | lock=62 slip=0 BER_cond=0.0000e+00 BER_cum=0.0000e+00
CSV,915007,183000,62,62,0,31682,0,0.000000e+00,0.000000e+00,44691914752.0,40739164160.0,1330811.0,45.26,0.40
BER: SYNC #63 (gated)
CSV,920007,184000,63,62,0,31850,0,0.000000e+00,0.000000e+00,50967740416.0,37951885312.0,1230637.0,46.17,1.28
CSV,925007,185000,63,62,0,32050,0,0.000000e+00,0.000000e+00,44893638656.0,41173278720.0,1130367.9,45.99,0.38
BER: END_SEQ #63 [LOCK] seq_err=0 BER_seq=0.0000e+00 | lock=63 slip=0 BER_cond=0.0000e+00 BER_cum=0.0000e+00
CSV,930007,186000,63,63,0,32193,0,0.000000e+00,0.000000e+00,45438369792.0,42533486592.0,1496437.9,44.82,0.29
BER: SYNC #64 (gated)
CSV,935007,187000,64,63,0,32373,0,0.000000e+00,0.000000e+00,48962101248.0,37996687360.0,1054051.5,46.67,1.10
CSV,940007,188000,64,63,0,32573,0,0.000000e+00,0.000000e+00,46106365952.0,42162794496.0,1089863.4,46.26,0.39
BER: END_SEQ #64 [LOCK] seq_err=0 BER_seq=0.0000e+00 | lock=64 slip=0 BER_cond=0.0000e+00 BER_cum=0.0000e+00
CSV,945007,189000,64,64,0,32704,0,0.000000e+00,0.000000e+00,43486191616.0,41595068416.0,1427806.0,44.84,0.19
BER: SYNC #65 (gated)
CSV,950007,190000,65,64,0,32896,0,0.000000e+00,0.000000e+00,52609576960.0,36988551168.0,1191815.6,46.45,1.53
CSV,955007,191000,65,64,0,33095,0,0.000000e+00,0.000000e+00,45340917760.0,40795058176.0,1038074.5,46.40,0.46
BER: END_SEQ #65 [LOCK] seq_err=0 BER_seq=0.0000e+00 | lock=65 slip=0 BER_cond=0.0000e+00 BER_cum=0.0000e+00
BER: SYNC #66 (gated)
CSV,960007,192000,66,65,0,33218,0,0.000000e+00,0.000000e+00,44456198144.0,43403644928.0,1292850.5,45.36,0.10
CSV,965007,193000,66,65,0,33418,0,0.000000e+00,0.000000e+00,50850476032.0,36319698944.0,1156968.2,46.43,1.46
CSV,970007,194000,66,65,0,33618,0,0.000000e+00,0.000000e+00,45616496640.0,42685419520.0,1116640.1,46.11,0.29
BER: END_SEQ #66 [LOCK] seq_err=0 BER_seq=0.0000e+00 | lock=66 slip=0 BER_cond=0.0000e+00 BER_cum=0.0000e+00
BER: SYNC #67 (gated)
CSV,975007,195000,67,66,0,33741,0,0.000000e+00,0.000000e+00,41907900416.0,42826645504.0,1311482.8,45.14,0.09
CSV,980007,196000,67,66,0,33941,0,0.000000e+00,0.000000e+00,52226076672.0,36920180736.0,1154195.9,46.56,1.51
CSV,985007,197000,67,66,0,34141,0,0.000000e+00,0.000000e+00,45520842752.0,40569397248.0,1145729.1,45.99,0.50
BER: END_SEQ #67 [LOCK] seq_err=0 BER_seq=0.0000e+00 | lock=67 slip=0 BER_cond=0.0000e+00 BER_cum=0.0000e+00
BER: SYNC #68 (gated)
CSV,990007,198000,68,67,0,34264,0,0.000000e+00,0.000000e+00,43524423680.0,44188065792.0,1324277.5,45.23,0.07
CSV,995007,199000,68,67,0,34464,0,0.000000e+00,0.000000e+00,51179286528.0,35762446336.0,1142068.6,46.51,1.56
CSV,1000007,200000,68,67,0,34664,0,0.000000e+00,0.000000e+00,46051708928.0,42064089088.0,1134456.8,46.08,0.39
BER: END_SEQ #68 [LOCK] seq_err=0 BER_seq=0.0000e+00 | lock=68 slip=0 BER_cond=0.0000e+00 BER_cum=0.0000e+00
BER: SYNC #69 (gated)
CSV,1005007,201000,69,68,0,34786,0,0.000000e+00,0.000000e+00,43974987776.0,41123713024.0,1356949.2,45.11,0.29
CSV,1010007,202000,69,68,0,34986,0,0.000000e+00,0.000000e+00,49914720256.0,38771949568.0,1235923.9,46.06,1.10
CSV,1015007,203000,69,68,0,35186,0,0.000000e+00,0.000000e+00,46363885568.0,41385312256.0,1189493.6,45.91,0.49
BER: END_SEQ #69 [LOCK] seq_err=0 BER_seq=0.0000e+00 | lock=69 slip=0 BER_cond=0.0000e+00 BER_cum=0.0000e+00
BER: SYNC #70 (gated)
CSV,1020007,204000,70,69,0,35309,0,0.000000e+00,0.000000e+00,45324288000.0,43338502144.0,1415446.5,45.05,0.19
CSV,1025007,205000,70,69,0,35509,0,0.000000e+00,0.000000e+00,49920774144.0,38182924288.0,1220336.8,46.12,1.16
CSV,1030007,206000,70,69,0,35709,0,0.000000e+00,0.000000e+00,46958813184.0,42038472704.0,1368560.4,45.35,0.48
BER: END_SEQ #70 [LOCK] seq_err=0 BER_seq=0.0000e+00 | lock=70 slip=0 BER_cond=0.0000e+00 BER_cum=0.0000e+00
BER: SYNC #71 (gated)
CSV,1035007,207000,71,70,0,35832,0,0.000000e+00,0.000000e+00,44072951808.0,42870673408.0,1330102.2,45.20,0.12
CSV,1040007,208000,71,70,0,36032,0,0.000000e+00,0.000000e+00,52994347008.0,37335371776.0,1143872.5,46.66,1.52
CSV,1045007,209000,71,70,0,36232,0,0.000000e+00,0.000000e+00,45722218496.0,42564071424.0,1368076.0,45.24,0.31
BER: END_SEQ #71 [LOCK] seq_err=0 BER_seq=0.0000e+00 | lock=71 slip=0 BER_cond=0.0000e+00 BER_cum=0.0000e+00
BER: SYNC #72 (gated)
CSV,1050007,210000,72,71,0,36355,0,0.000000e+00,0.000000e+00,43558907904.0,44870139904.0,1347512.5,45.22,0.13
CSV,1055007,211000,72,71,0,36554,0,0.000000e+00,0.000000e+00,53501132800.0,36295593984.0,1133647.4,46.74,1.69
CSV,1060007,212000,72,71,0,36754,0,0.000000e+00,0.000000e+00,45160779776.0,43565121536.0,1246274.4,45.59,0.16
BER: END_SEQ #72 [LOCK] seq_err=0 BER_seq=0.0000e+00 | lock=72 slip=0 BER_cond=0.0000e+00 BER_cum=0.0000e+00
BER: SYNC #73 (gated)
CSV,1065007,213000,73,72,0,36877,0,0.000000e+00,0.000000e+00,44057944064.0,42438549504.0,1388744.9,45.01,0.16
CSV,1070007,214000,73,72,0,37077,0,0.000000e+00,0.000000e+00,51087446016.0,36944285696.0,1206695.5,46.27,1.41
CSV,1075007,215000,73,72,0,37277,0,0.000000e+00,0.000000e+00,44943142912.0,41953505280.0,1128138.2,46.00,0.30
BER: END_SEQ #73 [LOCK] seq_err=0 BER_seq=0.0000e+00 | lock=73 slip=0 BER_cond=0.0000e+00 BER_cum=0.0000e+00
BER: SYNC #74 (gated)
CSV,1080007,216000,74,73,0,37400,0,0.000000e+00,0.000000e+00,43820654592.0,42468765696.0,1432958.0,44.85,0.14
CSV,1085007,217000,74,73,0,37600,0,0.000000e+00,0.000000e+00,51589476352.0,36972761088.0,1152359.2,46.51,1.45
CSV,1090007,218000,74,73,0,37800,0,0.000000e+00,0.000000e+00,44867186688.0,42280108032.0,1149054.5,45.92,0.26
BER: END_SEQ #74 [LOCK] seq_err=0 BER_seq=0.0000e+00 | lock=74 slip=0 BER_cond=0.0000e+00 BER_cum=0.0000e+00
BER: SYNC #75 (gated)
CSV,1095007,219000,75,74,0,37923,0,0.000000e+00,0.000000e+00,44587819008.0,42445541376.0,1444738.2,44.89,0.21
CSV,1100007,220000,75,74,0,38123,0,0.000000e+00,0.000000e+00,51246362624.0,36630011904.0,1116433.6,46.62,1.46
CSV,1105007,221000,75,74,0,38323,0,0.000000e+00,0.000000e+00,44467499008.0,43284971520.0,1075206.0,46.17,0.12
BER: END_SEQ #75 [LOCK] seq_err=0 BER_seq=0.0000e+00 | lock=75 slip=0 BER_cond=0.0000e+00 BER_cum=0.0000e+00
BER: SYNC #76 (gated)
CSV,1110007,222000,76,75,0,38445,0,0.000000e+00,0.000000e+00,45599444992.0,40073584640.0,1457651.1,44.95,0.56
CSV,1115007,223000,76,75,0,38645,0,0.000000e+00,0.000000e+00,50076786688.0,38263214080.0,1129385.8,46.47,1.17
BER: END_SEQ #76 [LOCK] seq_err=0 BER_seq=0.0000e+00 | lock=76 slip=0 BER_cond=0.0000e+00 BER_cum=0.0000e+00
CSV,1120007,224000,76,76,0,38836,0,0.000000e+00,0.000000e+00,43810594816.0,42402697216.0,1017377.7,46.34,0.14
BER: SYNC #77 (gated)
CSV,1125007,225000,77,76,0,38968,0,0.000000e+00,0.000000e+00,49595912192.0,38827044864.0,1258287.1,45.96,1.06
CSV,1130007,226000,77,76,0,39168,0,0.000000e+00,0.000000e+00,46065229824.0,40563650560.0,1203814.0,45.83,0.55
BER: END_SEQ #77 [LOCK] seq_err=0 BER_seq=0.0000e+00 | lock=77 slip=0 BER_cond=0.0000e+00 BER_cum=0.0000e+00
CSV,1135007,227000,77,77,0,39347,0,0.000000e+00,0.000000e+00,45691285504.0,42174193664.0,1233091.1,45.69,0.35
BER: SYNC #78 (gated)
CSV,1140007,228000,78,77,0,39491,0,0.000000e+00,0.000000e+00,49667178496.0,36899319808.0,1209435.6,46.13,1.29
CSV,1145007,229000,78,77,0,39691,0,0.000000e+00,0.000000e+00,46516670464.0,41644363776.0,1160321.5,46.03,0.48
BER: END_SEQ #78 [LOCK] seq_err=0 BER_seq=0.0000e+00 | lock=78 slip=0 BER_cond=0.0000e+00 BER_cum=0.0000e+00
CSV,1150007,230000,78,78,0,39858,0,0.000000e+00,0.000000e+00,43865894912.0,41931112448.0,1280293.6,45.35,0.20
BER: SYNC #79 (gated)
CSV,1155007,231000,79,78,0,40014,0,0.000000e+00,0.000000e+00,50889015296.0,37932908544.0,1191738.0,46.30,1.28
CSV,1160007,232000,79,78,0,40213,0,0.000000e+00,0.000000e+00,44428795904.0,42786254848.0,1203586.4,45.67,0.16
BER: END_SEQ #79 [LOCK] seq_err=0 BER_seq=0.0000e+00 | lock=79 slip=0 BER_cond=0.0000e+00 BER_cum=0.0000e+00
CSV,1165007,233000,79,79,0,40369,0,0.000000e+00,0.000000e+00,46621138944.0,42397118464.0,1293754.8,45.57,0.41
BER: SYNC #80 (gated)
CSV,1170007,234000,80,79,0,40536,0,0.000000e+00,0.000000e+00,50517835776.0,37681909760.0,1200725.4,46.24,1.27
CSV,1175007,235000,80,79,0,40736,0,0.000000e+00,0.000000e+00,46515388416.0,43428335616.0,1182162.8,45.95,0.30
BER: END_SEQ #80 [LOCK] seq_err=0 BER_seq=0.0000e+00 | lock=80 slip=0 BER_cond=0.0000e+00 BER_cum=0.0000e+00
CSV,1180007,236000,80,80,0,40880,0,0.000000e+00,0.000000e+00,44634546176.0,42444115968.0,1438925.2,44.92,0.22
BER: SYNC #81 (gated)
CSV,1185007,237000,81,80,0,41059,0,0.000000e+00,0.000000e+00,51191320576.0,39814270976.0,1158287.9,46.45,1.09
CSV,1190007,238000,81,80,0,41259,0,0.000000e+00,0.000000e+00,45155246080.0,42601385984.0,1351978.2,45.24,0.25
BER: END_SEQ #81 [LOCK] seq_err=0 BER_seq=0.0000e+00 | lock=81 slip=0 BER_cond=0.0000e+00 BER_cum=0.0000e+00
CSV,1195007,239000,81,81,0,41391,0,0.000000e+00,0.000000e+00,45772693504.0,43408588800.0,1411932.6,45.11,0.23
BER: SYNC #82 (gated)
CSV,1200007,240000,82,81,0,41582,0,0.000000e+00,0.000000e+00,51490598912.0,36979265536.0,1146302.0,46.52,1.44
CSV,1205007,241000,82,81,0,41782,0,0.000000e+00,0.000000e+00,47029542912.0,42607554560.0,1301033.5,45.58,0.43
BER: END_SEQ #82 [LOCK] seq_err=0 BER_seq=0.0000e+00 | lock=82 slip=0 BER_cond=0.0000e+00 BER_cum=0.0000e+00
BER: SYNC #83 (gated)
CSV,1210007,242000,83,82,0,41904,0,0.000000e+00,0.000000e+00,42882973696.0,42060632064.0,1460071.0,44.68,0.08
CSV,1215007,243000,83,82,0,42104,0,0.000000e+00,0.000000e+00,52095565824.0,37332131840.0,1113029.6,46.70,1.45
CSV,1220007,244000,83,82,0,42304,0,0.000000e+00,0.000000e+00,44582494208.0,41563729920.0,1194407.5,45.72,0.30
BER: END_SEQ #83 [LOCK] seq_err=0 BER_seq=0.0000e+00 | lock=83 slip=0 BER_cond=0.0000e+00 BER_cum=0.0000e+00
BER: SYNC #84 (gated)
CSV,1225007,245000,84,83,0,42427,0,0.000000e+00,0.000000e+00,43766542336.0,44531814400.0,1397022.1,45.03,0.08
CSV,1230007,246000,84,83,0,42627,0,0.000000e+00,0.000000e+00,51145723904.0,36116111360.0,1193768.4,46.32,1.51
CSV,1235007,247000,84,83,0,42827,0,0.000000e+00,0.000000e+00,46539825152.0,41786982400.0,1154511.4,46.05,0.47
BER: END_SEQ #84 [LOCK] seq_err=0 BER_seq=0.0000e+00 | lock=84 slip=0 BER_cond=0.0000e+00 BER_cum=0.0000e+00
BER: SYNC #85 (gated)
CSV,1240007,248000,85,84,0,42950,0,0.000000e+00,0.000000e+00,42242277376.0,42449039360.0,1325281.1,45.06,0.02
CSV,1245007,249000,85,84,0,43150,0,0.000000e+00,0.000000e+00,52920836096.0,37261402112.0,1240103.4,46.30,1.52
CSV,1250007,250000,85,84,0,43350,0,0.000000e+00,0.000000e+00,45457436672.0,42049343488.0,1139382.4,46.01,0.34
BER: END_SEQ #85 [LOCK] seq_err=0 BER_seq=0.0000e+00 | lock=85 slip=0 BER_cond=0.0000e+00 BER_cum=0.0000e+00
BER: SYNC #86 (gated)
CSV,1255007,251000,86,85,0,43473,0,0.000000e+00,0.000000e+00,46060294144.0,43454156800.0,1407144.1,45.15,0.25
CSV,1260007,252000,86,85,0,43672,0,0.000000e+00,0.000000e+00,49524985856.0,38768451584.0,1092606.4,46.56,1.06
CSV,1265007,253000,86,85,0,43872,0,0.000000e+00,0.000000e+00,47156609024.0,42697990144.0,1234310.9,45.82,0.43
BER: END_SEQ #86 [LOCK] seq_err=0 BER_seq=0.0000e+00 | lock=86 slip=0 BER_cond=0.0000e+00 BER_cum=0.0000e+00
BER: SYNC #87 (gated)
CSV,1270007,254000,87,86,0,43995,0,0.000000e+00,0.000000e+00,44510597120.0,42513043456.0,1446026.0,44.88,0.20
CSV,1275007,255000,87,86,0,44195,0,0.000000e+00,0.000000e+00,51433750528.0,39336751104.0,1159042.9,46.47,1.16
CSV,1280007,256000,87,86,0,44395,0,0.000000e+00,0.000000e+00,46138793984.0,41881358336.0,994082.4,46.67,0.42
BER: END_SEQ #87 [LOCK] seq_err=0 BER_seq=0.0000e+00 | lock=87 slip=0 BER_cond=0.0000e+00 BER_cum=0.0000e+00
BER: SYNC #88 (gated)
CSV,1285007,257000,88,87,0,44518,0,0.000000e+00,0.000000e+00,45461471232.0,43869278208.0,1418463.0,45.06,0.15
CSV,1290007,258000,88,87,0,44718,0,0.000000e+00,0.000000e+00,51974688768.0,37274980352.0,1190778.5,46.40,1.44
CSV,1295007,259000,88,87,0,44918,0,0.000000e+00,0.000000e+00,46601912320.0,42367569920.0,1087738.4,46.32,0.41
BER: END_SEQ #88 [LOCK] seq_err=0 BER_seq=0.0000e+00 | lock=88 slip=0 BER_cond=0.0000e+00 BER_cum=0.0000e+00
BER: SYNC #89 (gated)
CSV,1300007,260000,89,88,0,45041,0,0.000000e+00,0.000000e+00,41992605696.0,43747352576.0,1363299.4,45.06,0.18
CSV,1305007,261000,89,88,0,45241,0,0.000000e+00,0.000000e+00,54339825664.0,36180242432.0,1203206.2,46.55,1.77
CSV,1310007,262000,89,88,0,45440,0,0.000000e+00,0.000000e+00,44802744320.0,43246653440.0,1119149.8,46.02,0.15
BER: END_SEQ #89 [LOCK] seq_err=0 BER_seq=0.0000e+00 | lock=89 slip=0 BER_cond=0.0000e+00 BER_cum=0.0000e+00
BER: SYNC #90 (gated)
CSV,1315007,263000,90,89,0,45563,0,0.000000e+00,0.000000e+00,44087443456.0,43428589568.0,1343699.2,45.16,0.07
CSV,1320007,264000,90,89,0,45763,0,0.000000e+00,0.000000e+00,51341656064.0,36423217152.0,1168217.9,46.43,1.49
CSV,1325007,265000,90,89,0,45963,0,0.000000e+00,0.000000e+00,45033766912.0,42396241920.0,1178019.6,45.82,0.26
BER: END_SEQ #90 [LOCK] seq_err=0 BER_seq=0.0000e+00 | lock=90 slip=0 BER_cond=0.0000e+00 BER_cum=0.0000e+00
BER: SYNC #91 (gated)
CSV,1330007,266000,91,90,0,46086,0,0.000000e+00,0.000000e+00,43820630016.0,42355814400.0,1316631.8,45.22,0.15
CSV,1335007,267000,91,90,0,46286,0,0.000000e+00,0.000000e+00,51469385728.0,36645052416.0,1175753.0,46.41,1.48
CSV,1340007,268000,91,90,0,46486,0,0.000000e+00,0.000000e+00,44928151552.0,41904451584.0,1237968.8,45.60,0.30
BER: END_SEQ #91 [LOCK] seq_err=0 BER_seq=0.0000e+00 | lock=91 slip=0 BER_cond=0.0000e+00 BER_cum=0.0000e+00
BER: SYNC #92 (gated)
CSV,1345007,269000,92,91,0,46609,0,0.000000e+00,0.000000e+00,44029071360.0,41997680640.0,1334235.4,45.19,0.21
CSV,1350007,270000,92,91,0,46809,0,0.000000e+00,0.000000e+00,50968985600.0,37031755776.0,1220308.9,46.21,1.39
CSV,1355007,271000,92,91,0,47009,0,0.000000e+00,0.000000e+00,44402302976.0,42420322304.0,1258755.8,45.47,0.20
BER: END_SEQ #92 [LOCK] seq_err=0 BER_seq=0.0000e+00 | lock=92 slip=0 BER_cond=0.0000e+00 BER_cum=0.0000e+00
BER: SYNC #93 (gated)
CSV,1360007,272000,93,92,0,47132,0,0.000000e+00,0.000000e+00,46387290112.0,40732319744.0,1486443.6,44.94,0.56
CSV,1365007,273000,93,92,0,47331,0,0.000000e+00,0.000000e+00,49387245568.0,38244122624.0,1132140.6,46.40,1.11
BER: END_SEQ #93 [LOCK] seq_err=0 BER_seq=0.0000e+00 | lock=93 slip=0 BER_cond=0.0000e+00 BER_cum=0.0000e+00
CSV,1370007,274000,93,93,0,47523,0,0.000000e+00,0.000000e+00,44681207808.0,42922467328.0,1227101.5,45.61,0.17
BER: SYNC #94 (gated)
CSV,1375007,275000,94,93,0,47654,0,0.000000e+00,0.000000e+00,48150786048.0,38147903488.0,1439948.5,45.24,1.01
CSV,1380007,276000,94,93,0,47854,0,0.000000e+00,0.000000e+00,46913396736.0,40762216448.0,1101302.5,46.29,0.61
BER: END_SEQ #94 [LOCK] seq_err=0 BER_seq=0.0000e+00 | lock=94 slip=0 BER_cond=0.0000e+00 BER_cum=0.0000e+00
CSV,1385007,277000,94,94,0,48034,0,0.000000e+00,0.000000e+00,44791660544.0,41461776384.0,1182134.5,45.79,0.34
BER: SYNC #95 (gated)
CSV,1390007,278000,95,94,0,48177,0,0.000000e+00,0.000000e+00,50731945984.0,37778018304.0,1368740.2,45.69,1.28
CSV,1395007,279000,95,94,0,48377,0,0.000000e+00,0.000000e+00,45431926784.0,40748879872.0,1212141.0,45.74,0.47
BER: END_SEQ #95 [LOCK] seq_err=0 BER_seq=0.0000e+00 | lock=95 slip=0 BER_cond=0.0000e+00 BER_cum=0.0000e+00
CSV,1400007,280000,95,95,0,48545,0,0.000000e+00,0.000000e+00,44742037504.0,42845736960.0,1240323.1,45.57,0.19
BER: SYNC #96 (gated)
CSV,1405007,281000,96,95,0,48700,0,0.000000e+00,0.000000e+00,50229248000.0,37648773120.0,1323236.8,45.79,1.25
CSV,1410007,282000,96,95,0,48900,0,0.000000e+00,0.000000e+00,45912981504.0,43241177088.0,1176991.5,45.91,0.26
BER: END_SEQ #96 [LOCK] seq_err=0 BER_seq=0.0000e+00 | lock=96 slip=0 BER_cond=0.0000e+00 BER_cum=0.0000e+00
CSV,1415007,283000,96,96,0,49056,0,0.000000e+00,0.000000e+00,45198630912.0,41731162112.0,1419917.5,45.03,0.35
BER: SYNC #97 (gated)
CSV,1420007,284000,97,96,0,49222,0,0.000000e+00,0.000000e+00,51513278464.0,38008299520.0,1176459.6,46.41,1.32
CSV,1425007,285000,97,96,0,49422,0,0.000000e+00,0.000000e+00,44679532544.0,41602097152.0,1188064.9,45.75,0.31
BER: END_SEQ #97 [LOCK] seq_err=0 BER_seq=0.0000e+00 | lock=97 slip=0 BER_cond=0.0000e+00 BER_cum=0.0000e+00
CSV,1430007,286000,97,97,0,49567,0,0.000000e+00,0.000000e+00,45129072640.0,42047119360.0,1448527.9,44.94,0.31
BER: SYNC #98 (gated)
CSV,1435007,287000,98,97,0,49745,0,0.000000e+00,0.000000e+00,49284792320.0,37227769856.0,1135471.8,46.38,1.22
CSV,1440007,288000,98,97,0,49945,0,0.000000e+00,0.000000e+00,45461200896.0,42259214336.0,1080570.9,46.24,0.32
BER: END_SEQ #98 [LOCK] seq_err=0 BER_seq=0.0000e+00 | lock=98 slip=0 BER_cond=0.0000e+00 BER_cum=0.0000e+00
CSV,1445007,289000,98,98,0,50078,0,0.000000e+00,0.000000e+00,43860652032.0,40916389888.0,1297627.5,45.29,0.30
BER: SYNC #99 (gated)
CSV,1450007,290000,99,98,0,50268,0,0.000000e+00,0.000000e+00,51438288896.0,37238870016.0,1176171.4,46.41,1.40
CSV,1455007,291000,99,98,0,50468,0,0.000000e+00,0.000000e+00,45376741376.0,40871694336.0,1064189.6,46.30,0.45
BER: END_SEQ #99 [LOCK] seq_err=0 BER_seq=0.0000e+00 | lock=99 slip=0 BER_cond=0.0000e+00 BER_cum=0.0000e+00
BER: SYNC #100 (gated)
CSV,1460007,292000,100,99,0,50591,0,0.000000e+00,0.000000e+00,44266455040.0,43074842624.0,1368164.2,45.10,0.12
CSV,1465007,293000,100,99,0,50790,0,0.000000e+00,0.000000e+00,50869792768.0,36123664384.0,1134236.0,46.52,1.49
CSV,1470007,294000,100,99,0,50990,0,0.000000e+00,0.000000e+00,45882748928.0,42007564288.0,1144671.8,46.03,0.38
BER: END_SEQ #100 [LOCK] seq_err=0 BER_seq=0.0000e+00 | lock=100 slip=0 BER_cond=0.0000e+00 BER_cum=0.0000e+00
BER: SYNC #101 (gated)
CSV,1475007,295000,101,100,0,51113,0,0.000000e+00,0.000000e+00,41929117696.0,42350317568.0,1274680.5,45.21,0.04
CSV,1480007,296000,101,100,0,51313,0,0.000000e+00,0.000000e+00,51601633280.0,37079822336.0,1119428.1,46.64,1.44
CSV,1485007,297000,101,100,0,51513,0,0.000000e+00,0.000000e+00,45046185984.0,40271564800.0,1207215.8,45.72,0.49
BER: END_SEQ #101 [LOCK] seq_err=0 BER_seq=0.0000e+00 | lock=101 slip=0 BER_cond=0.0000e+00 BER_cum=0.0000e+00
BER: SYNC #102 (gated)
CSV,1490007,298000,102,101,0,51636,0,0.000000e+00,0.000000e+00,44186865664.0,43099414528.0,1337870.0,45.19,0.11
CSV,1495007,299000,102,101,0,51836,0,0.000000e+00,0.000000e+00,50645020672.0,35640266752.0,1190516.4,46.29,1.53
CSV,1500007,300000,102,101,0,52036,0,0.000000e+00,0.000000e+00,45934497792.0,41831084032.0,1115129.6,46.15,0.41
BER: END_SEQ #102 [LOCK] seq_err=0 BER_seq=0.0000e+00 | lock=102 slip=0 BER_cond=0.0000e+00 BER_cum=0.0000e+00

=========================================
=== END OF TEST (duration=25 min) ===
=========================================
FINAL: syncs=102 lock=102 slip=0 slip_rate=0.0000
FINAL: bits_cum=52122 err_cum=0 BER_cum=0.0000e+00
FINAL: bits_lock=52122 err_lock=0 BER_cond=0.0000e+00
=========================================
=== STOP LOGGING NOW ===
=========================================
