

=== RX BOOT - BER TEST MODE ===
BPS_MODE=20 (HALF_SAMPLES=2000, 10000 samples/bit @ 200000 Hz)
Expect: 64-bit preamble + Barker13 (1F35h, gated by 8 preamble bits = 0x55) + 511-bit PRBS-9
Noise floor band: 5000 Hz; lock threshold: BER<0.10
Auto-stop: test will halt 25 min after the first sync.
RX: edge-tracking sync, center-3 voting
Starting decoder...

CSV,5010,500,0,0,0,0,0,0.000000e+00,0.000000e+00,2201286.2,2806226.8,29064.3,19.85,1.05
BER: SYNC #1 (gated)
CSV,10010,1000,1,0,0,81,0,0.000000e+00,0.000000e+00,2096341.1,3064441.0,26160.1,20.69,1.65
CSV,15010,1500,1,0,0,181,0,0.000000e+00,0.000000e+00,2550099.0,2414691.8,31110.7,19.14,0.24
CSV,20010,2000,1,0,0,281,0,0.000000e+00,0.000000e+00,2453278.0,2703814.2,38405.2,18.48,0.42
CSV,25010,2500,1,0,0,381,0,0.000000e+00,0.000000e+00,1771905.6,3034587.2,28011.3,20.35,2.34
CSV,30010,3000,1,0,0,481,0,0.000000e+00,0.000000e+00,2283720.2,2776499.0,28673.8,19.86,0.85
BER: END_SEQ #1 [LOCK] seq_err=0 BER_seq=0.0000e+00 | lock=1 slip=0 BER_cond=0.0000e+00 BER_cum=0.0000e+00
CSV,35010,3500,1,1,0,511,0,0.000000e+00,0.000000e+00,1979938.5,3442794.0,22451.3,21.86,2.40
BER: SYNC #2 (gated)
CSV,40010,4000,2,1,0,604,0,0.000000e+00,0.000000e+00,2434381.5,3690804.8,14428.5,24.08,1.81
CSV,45010,4500,2,1,0,704,0,0.000000e+00,0.000000e+00,2980034.2,3047852.5,9259.9,25.17,0.10
CSV,50010,5000,2,1,0,804,0,0.000000e+00,0.000000e+00,2381343.2,3580434.0,15486.0,23.64,1.77
CSV,55010,5500,2,1,0,904,0,0.000000e+00,0.000000e+00,2246801.8,3693231.8,13832.5,24.27,2.16
CSV,60010,6000,2,1,0,1004,0,0.000000e+00,0.000000e+00,2080446.5,2889592.2,26306.5,20.41,1.43
BER: END_SEQ #2 [LOCK] seq_err=0 BER_seq=0.0000e+00 | lock=2 slip=0 BER_cond=0.0000e+00 BER_cum=0.0000e+00
BER: SYNC #3 (gated)
CSV,65010,6500,3,2,0,1027,0,0.000000e+00,0.000000e+00,2103904.5,3727916.8,12892.3,24.61,2.48
CSV,70010,7000,3,2,0,1127,0,0.000000e+00,0.000000e+00,2039489.1,3031868.0,29030.0,20.19,1.72
CSV,75010,7500,3,2,0,1227,0,0.000000e+00,0.000000e+00,2639461.0,2147447.5,26848.4,19.93,0.90
CSV,80010,8000,3,2,0,1326,0,0.000000e+00,0.000000e+00,2029645.2,2865325.0,26157.0,20.40,1.50
CSV,85010,8500,3,2,0,1426,0,0.000000e+00,0.000000e+00,2019818.4,2949725.8,26859.8,20.41,1.64
CSV,90010,9000,3,2,0,1526,0,0.000000e+00,0.000000e+00,2122844.5,2955673.0,27136.5,20.37,1.44
BER: END_SEQ #3 [LOCK] seq_err=0 BER_seq=0.0000e+00 | lock=3 slip=0 BER_cond=0.0000e+00 BER_cum=0.0000e+00
BER: SYNC #4 (gated)
CSV,95010,9500,4,3,0,1549,0,0.000000e+00,0.000000e+00,1872588.9,3037085.0,28097.8,20.34,2.10
CSV,100010,10000,4,3,0,1649,0,0.000000e+00,0.000000e+00,2218186.5,2590653.0,29449.9,19.44,0.67
CSV,105010,10500,4,3,0,1749,0,0.000000e+00,0.000000e+00,2483049.0,2362047.0,26991.1,19.64,0.22
CSV,110010,11000,4,3,0,1849,0,0.000000e+00,0.000000e+00,2266662.8,2772926.0,26708.5,20.16,0.88
CSV,115010,11500,4,3,0,1949,0,0.000000e+00,0.000000e+00,2081481.2,2855741.8,25772.0,20.45,1.37
BER: END_SEQ #4 [LOCK] seq_err=0 BER_seq=0.0000e+00 | lock=4 slip=0 BER_cond=0.0000e+00 BER_cum=0.0000e+00
CSV,120010,12000,4,4,0,2044,0,0.000000e+00,0.000000e+00,2000262.6,3292362.5,30484.5,20.33,2.16
BER: SYNC #5 (gated)
CSV,125010,12500,5,4,0,2072,0,0.000000e+00,0.000000e+00,2002811.2,3040778.5,27614.7,20.42,1.81
CSV,130010,13000,5,4,0,2172,0,0.000000e+00,0.000000e+00,2743484.2,3156829.5,24474.6,21.11,0.61
CSV,135010,13500,5,4,0,2272,0,0.000000e+00,0.000000e+00,2496753.2,3416326.0,24399.2,21.46,1.36
CSV,140010,14000,5,4,0,2372,0,0.000000e+00,0.000000e+00,2299886.0,3637908.2,29988.7,20.84,1.99
CSV,145010,14500,5,4,0,2472,0,0.000000e+00,0.000000e+00,2284041.8,3398542.0,17832.9,22.80,1.73
BER: END_SEQ #5 [LOCK] seq_err=0 BER_seq=0.0000e+00 | lock=5 slip=0 BER_cond=0.0000e+00 BER_cum=0.0000e+00
CSV,150010,15000,5,5,0,2555,0,0.000000e+00,0.000000e+00,2040051.0,3169438.0,27442.3,20.63,1.91
BER: SYNC #6 (gated)
CSV,155010,15500,6,5,0,2595,0,0.000000e+00,0.000000e+00,2168928.8,2808933.0,27267.6,20.13,1.12
CSV,160010,16000,6,5,0,2695,0,0.000000e+00,0.000000e+00,2392581.0,2421001.8,25608.9,19.76,0.05
CSV,165010,16500,6,5,0,2795,0,0.000000e+00,0.000000e+00,2113751.0,2827295.0,32447.9,19.40,1.26
CSV,170010,17000,6,5,0,2895,0,0.000000e+00,0.000000e+00,2224483.2,2795441.5,31340.5,19.50,0.99
CSV,175010,17500,6,5,0,2995,0,0.000000e+00,0.000000e+00,2105189.0,3117734.2,24730.4,21.01,1.71
BER: END_SEQ #6 [LOCK] seq_err=0 BER_seq=0.0000e+00 | lock=6 slip=0 BER_cond=0.0000e+00 BER_cum=0.0000e+00
CSV,180010,18000,6,6,0,3066,0,0.000000e+00,0.000000e+00,2207389.0,3711183.8,52492.0,18.49,2.26
BER: SYNC #7 (gated)
CSV,185010,18500,7,6,0,3117,0,0.000000e+00,0.000000e+00,2248042.2,3582292.8,19955.6,22.54,2.02
CSV,190010,19000,7,6,0,3217,0,0.000000e+00,0.000000e+00,2649571.0,2586142.2,23700.7,20.48,0.11
CSV,195010,19500,7,6,0,3317,0,0.000000e+00,0.000000e+00,2107393.2,3096067.2,34843.2,19.49,1.67
CSV,200010,20000,7,6,0,3417,0,0.000000e+00,0.000000e+00,2074229.2,2887949.0,29143.0,19.96,1.44
CSV,205010,20500,7,6,0,3517,0,0.000000e+00,0.000000e+00,2146597.8,2763257.8,34516.6,19.03,1.10
BER: END_SEQ #7 [LOCK] seq_err=0 BER_seq=0.0000e+00 | lock=7 slip=0 BER_cond=0.0000e+00 BER_cum=0.0000e+00
CSV,210010,21000,7,7,0,3577,0,0.000000e+00,0.000000e+00,2033337.1,3042341.5,26998.2,20.52,1.75
BER: SYNC #8 (gated)
CSV,215010,21500,8,7,0,3640,0,0.000000e+00,0.000000e+00,2047028.4,3007487.2,27970.8,20.31,1.67
CSV,220010,22000,8,7,0,3740,0,0.000000e+00,0.000000e+00,2645293.2,2132589.8,28383.6,19.69,0.94
CSV,225010,22500,8,7,0,3840,0,0.000000e+00,0.000000e+00,2230755.8,3059126.0,18629.7,22.15,1.37
CSV,230010,23000,8,7,0,3940,0,0.000000e+00,0.000000e+00,2076983.6,3314107.8,20320.7,22.12,2.03
CSV,235010,23500,8,7,0,4040,0,0.000000e+00,0.000000e+00,2224873.8,3024472.0,21669.2,21.45,1.33
BER: END_SEQ #8 [LOCK] seq_err=0 BER_seq=0.0000e+00 | lock=8 slip=0 BER_cond=0.0000e+00 BER_cum=0.0000e+00
CSV,240010,24000,8,8,0,4088,0,0.000000e+00,0.000000e+00,1937051.2,3143624.0,22182.9,21.51,2.10
BER: SYNC #9 (gated)
CSV,245010,24500,9,8,0,4163,0,0.000000e+00,0.000000e+00,2047165.6,3040417.0,22642.0,21.28,1.72
CSV,250010,25000,9,8,0,4263,0,0.000000e+00,0.000000e+00,2617127.2,2260242.0,26858.0,19.89,0.64
CSV,255010,25500,9,8,0,4363,0,0.000000e+00,0.000000e+00,2310718.2,2802428.8,22629.6,20.93,0.84
CSV,260010,26000,9,8,0,4463,0,0.000000e+00,0.000000e+00,1852651.8,3124619.5,27041.8,20.63,2.27
CSV,265010,26500,9,8,0,4563,0,0.000000e+00,0.000000e+00,2296303.0,2936229.0,81014.3,15.59,1.07
BER: END_SEQ #9 [LOCK] seq_err=0 BER_seq=0.0000e+00 | lock=9 slip=0 BER_cond=0.0000e+00 BER_cum=0.0000e+00
CSV,270010,27000,9,9,0,4599,0,0.000000e+00,0.000000e+00,2050356.1,3507203.2,29931.0,20.69,2.33
BER: SYNC #10 (gated)
CSV,275010,27500,10,9,0,4686,0,0.000000e+00,0.000000e+00,2367547.2,3817215.5,24074.4,22.00,2.07
CSV,280010,28000,10,9,0,4786,0,0.000000e+00,0.000000e+00,2723232.0,2761133.0,27168.7,20.07,0.06
CSV,285010,28500,10,9,0,4885,0,0.000000e+00,0.000000e+00,2117393.2,2785704.5,27293.7,20.09,1.19
CSV,290010,29000,10,9,0,4985,0,0.000000e+00,0.000000e+00,2241080.5,3607318.0,31017.9,20.66,2.07
CSV,295010,29500,10,9,0,5085,0,0.000000e+00,0.000000e+00,2303923.8,3583128.0,21620.7,22.19,1.92
BER: END_SEQ #10 [LOCK] seq_err=0 BER_seq=0.0000e+00 | lock=10 slip=0 BER_cond=0.0000e+00 BER_cum=0.0000e+00
CSV,300010,30000,10,10,0,5110,0,0.000000e+00,0.000000e+00,1858320.5,3057827.0,27804.3,20.41,2.16
BER: SYNC #11 (gated)
CSV,305010,30500,11,10,0,5208,0,0.000000e+00,0.000000e+00,2207184.5,2893407.8,75645.9,15.83,1.18
CSV,310010,31000,11,10,0,5308,0,0.000000e+00,0.000000e+00,2703440.8,2325405.8,85262.1,15.01,0.65
CSV,315010,31500,11,10,0,5408,0,0.000000e+00,0.000000e+00,2218039.8,3063334.2,109989.5,14.45,1.40
CSV,320010,32000,11,10,0,5508,0,0.000000e+00,0.000000e+00,2108602.2,3202029.2,89983.1,15.51,1.81
CSV,325010,32500,11,10,0,5608,0,0.000000e+00,0.000000e+00,2096713.0,2975577.0,49300.8,17.81,1.52
BER: END_SEQ #11 [LOCK] seq_err=0 BER_seq=0.0000e+00 | lock=11 slip=0 BER_cond=0.0000e+00 BER_cum=0.0000e+00
BER: SYNC #12 (gated)
CSV,330010,33000,12,11,0,5631,0,0.000000e+00,0.000000e+00,2110318.8,3688965.5,30507.4,20.82,2.43
CSV,335010,33500,12,11,0,5731,0,0.000000e+00,0.000000e+00,2437087.5,3701460.2,26672.4,21.42,1.82
CSV,340010,34000,12,11,0,5831,0,0.000000e+00,0.000000e+00,2745977.2,3114430.0,19419.8,22.05,0.55
CSV,345010,34500,12,11,0,5931,0,0.000000e+00,0.000000e+00,2398062.2,3597193.5,18621.3,22.86,1.76
CSV,350010,35000,12,11,0,6031,0,0.000000e+00,0.000000e+00,2170527.2,4023681.0,24862.1,22.09,2.68
CSV,355010,35500,12,11,0,6131,0,0.000000e+00,0.000000e+00,2275291.8,3661164.8,29463.4,20.94,2.07
BER: END_SEQ #12 [LOCK] seq_err=0 BER_seq=0.0000e+00 | lock=12 slip=0 BER_cond=0.0000e+00 BER_cum=0.0000e+00
BER: SYNC #13 (gated)
CSV,360010,36000,13,12,0,6154,0,0.000000e+00,0.000000e+00,2005995.5,3059838.8,94620.8,15.10,1.83
CSV,365010,36500,13,12,0,6254,0,0.000000e+00,0.000000e+00,2466257.2,3235651.8,35874.3,19.55,1.18
CSV,370010,37000,13,12,0,6354,0,0.000000e+00,0.000000e+00,2693362.0,3163253.2,16945.9,22.71,0.70
CSV,375010,37500,13,12,0,6454,0,0.000000e+00,0.000000e+00,2406504.2,3828263.2,13849.2,24.42,2.02
CSV,380010,38000,13,12,0,6554,0,0.000000e+00,0.000000e+00,2309858.8,3776099.0,10954.4,25.37,2.13
BER: END_SEQ #13 [LOCK] seq_err=0 BER_seq=0.0000e+00 | lock=13 slip=0 BER_cond=0.0000e+00 BER_cum=0.0000e+00
CSV,385010,38500,13,13,0,6643,0,0.000000e+00,0.000000e+00,2128364.0,3920518.8,10561.3,25.70,2.65
BER: SYNC #14 (gated)
CSV,390010,39000,14,13,0,6676,0,0.000000e+00,0.000000e+00,2247467.2,3720909.8,12802.1,24.63,2.19
CSV,395010,39500,14,13,0,6776,0,0.000000e+00,0.000000e+00,2751548.5,3274777.0,15407.2,23.27,0.76
CSV,400010,40000,14,13,0,6876,0,0.000000e+00,0.000000e+00,2355848.2,3742633.0,15654.2,23.79,2.01
CSV,405010,40500,14,13,0,6976,0,0.000000e+00,0.000000e+00,2289699.8,3737644.5,12316.9,24.82,2.13
CSV,410010,41000,14,13,0,7076,0,0.000000e+00,0.000000e+00,2368885.0,3653275.8,11762.3,24.92,1.88
BER: END_SEQ #14 [LOCK] seq_err=0 BER_seq=0.0000e+00 | lock=14 slip=0 BER_cond=0.0000e+00 BER_cum=0.0000e+00
CSV,415010,41500,14,14,0,7154,0,0.000000e+00,0.000000e+00,2212660.5,4153915.2,28696.2,21.61,2.74
BER: SYNC #15 (gated)
CSV,420010,42000,15,14,0,7199,0,0.000000e+00,0.000000e+00,2329209.2,3673309.0,21139.3,22.40,1.98
CSV,425010,42500,15,14,0,7299,0,0.000000e+00,0.000000e+00,2754400.8,3047407.8,12977.8,23.71,0.44
CSV,430010,43000,15,14,0,7399,0,0.000000e+00,0.000000e+00,2238631.0,3823730.0,15991.4,23.79,2.33
CSV,435010,43500,15,14,0,7499,0,0.000000e+00,0.000000e+00,2401920.8,3728024.8,12999.3,24.58,1.91
CSV,440010,44000,15,14,0,7599,0,0.000000e+00,0.000000e+00,2244874.5,3907443.8,19957.6,22.92,2.41
BER: END_SEQ #15 [LOCK] seq_err=0 BER_seq=0.0000e+00 | lock=15 slip=0 BER_cond=0.0000e+00 BER_cum=0.0000e+00
CSV,445010,44500,15,15,0,7665,0,0.000000e+00,0.000000e+00,2194747.5,3497772.2,29909.8,20.68,2.02
BER: SYNC #16 (gated)
CSV,450010,45000,16,15,0,7722,0,0.000000e+00,0.000000e+00,2164356.2,3382038.2,31785.2,20.27,1.94
CSV,455010,45500,16,15,0,7822,0,0.000000e+00,0.000000e+00,2665045.8,2509909.5,25172.1,20.25,0.26
CSV,460010,46000,16,15,0,7922,0,0.000000e+00,0.000000e+00,2401485.8,3620309.0,15453.1,23.70,1.78
CSV,465010,46500,16,15,0,8022,0,0.000000e+00,0.000000e+00,2099160.5,4040755.8,15832.3,24.07,2.84
CSV,470010,47000,16,15,0,8122,0,0.000000e+00,0.000000e+00,2437084.2,3489745.5,20518.5,22.31,1.56
BER: END_SEQ #16 [LOCK] seq_err=0 BER_seq=0.0000e+00 | lock=16 slip=0 BER_cond=0.0000e+00 BER_cum=0.0000e+00
CSV,475010,47500,16,16,0,8176,0,0.000000e+00,0.000000e+00,2144333.0,4001732.0,11431.0,25.44,2.71
BER: SYNC #17 (gated)
CSV,480010,48000,17,16,0,8245,0,0.000000e+00,0.000000e+00,2145148.8,3560026.2,20845.6,22.32,2.20
CSV,485010,48500,17,16,0,8344,0,0.000000e+00,0.000000e+00,2819651.5,2757421.2,15814.1,22.51,0.10
CSV,490010,49000,17,16,0,8444,0,0.000000e+00,0.000000e+00,2358059.0,3420257.2,23515.5,21.63,1.62
CSV,495010,49500,17,16,0,8544,0,0.000000e+00,0.000000e+00,2144356.8,3997353.5,18759.1,23.29,2.70
CSV,500010,50000,17,16,0,8644,0,0.000000e+00,0.000000e+00,2444033.0,3353369.0,22796.4,21.68,1.37
BER: END_SEQ #17 [LOCK] seq_err=0 BER_seq=0.0000e+00 | lock=17 slip=0 BER_cond=0.0000e+00 BER_cum=0.0000e+00
CSV,505010,50500,17,17,0,8687,0,0.000000e+00,0.000000e+00,1877517.1,3193189.0,25358.2,21.00,2.31
BER: SYNC #18 (gated)
CSV,510010,51000,18,17,0,8767,0,0.000000e+00,0.000000e+00,2015895.5,2937691.2,29111.8,20.04,1.64
CSV,515010,51500,18,17,0,8867,0,0.000000e+00,0.000000e+00,2664490.0,2685368.5,44532.9,17.80,0.03
CSV,520010,52000,18,17,0,8967,0,0.000000e+00,0.000000e+00,2501200.5,3181845.8,16281.8,22.91,1.05
CSV,525010,52500,18,17,0,9067,0,0.000000e+00,0.000000e+00,1958714.5,3841052.0,36518.9,20.22,2.92
CSV,530010,53000,18,17,0,9167,0,0.000000e+00,0.000000e+00,2194441.8,2675398.2,28839.6,19.67,0.86
BER: END_SEQ #18 [LOCK] seq_err=0 BER_seq=0.0000e+00 | lock=18 slip=0 BER_cond=0.0000e+00 BER_cum=0.0000e+00
CSV,535010,53500,18,18,0,9198,0,0.000000e+00,0.000000e+00,1895531.5,3068661.0,27234.1,20.52,2.09
BER: SYNC #19 (gated)
CSV,540010,54000,19,18,0,9290,0,0.000000e+00,0.000000e+00,2262519.5,2791455.5,26317.0,20.26,0.91
CSV,545010,54500,19,18,0,9390,0,0.000000e+00,0.000000e+00,2734334.0,2900328.0,14416.0,23.04,0.26
CSV,550010,55000,19,18,0,9490,0,0.000000e+00,0.000000e+00,2234788.2,3395409.5,14783.1,23.61,1.82
CSV,555010,55500,19,18,0,9590,0,0.000000e+00,0.000000e+00,2235787.0,3488343.5,16619.8,23.22,1.93
CSV,560010,56000,19,18,0,9690,0,0.000000e+00,0.000000e+00,2319991.2,3670749.2,17742.2,23.16,1.99
BER: END_SEQ #19 [LOCK] seq_err=0 BER_seq=0.0000e+00 | lock=19 slip=0 BER_cond=0.0000e+00 BER_cum=0.0000e+00
BER: SYNC #20 (gated)
CSV,565010,56500,20,19,0,9713,0,0.000000e+00,0.000000e+00,2062020.2,3778365.0,13108.6,24.60,2.63
CSV,570010,57000,20,19,0,9813,0,0.000000e+00,0.000000e+00,2184548.8,3760056.8,15494.0,23.85,2.36
CSV,575010,57500,20,19,0,9913,0,0.000000e+00,0.000000e+00,2925419.8,2863428.0,12821.5,23.58,0.09
CSV,580010,58000,20,19,0,10013,0,0.000000e+00,0.000000e+00,2207640.2,3239986.2,44399.1,18.63,1.67
CSV,585010,58500,20,19,0,10112,0,0.000000e+00,0.000000e+00,2070269.5,3251647.0,55084.8,17.71,1.96
CSV,590010,59000,20,19,0,10212,0,0.000000e+00,0.000000e+00,2173083.0,3298392.0,55804.2,17.72,1.81
BER: END_SEQ #20 [LOCK] seq_err=0 BER_seq=0.0000e+00 | lock=20 slip=0 BER_cond=0.0000e+00 BER_cum=0.0000e+00
BER: SYNC #21 (gated)
CSV,595010,59500,21,20,0,10235,0,0.000000e+00,0.000000e+00,1907767.4,3597780.5,50174.5,18.56,2.76
CSV,600010,60000,21,20,0,10335,0,0.000000e+00,0.000000e+00,2418680.2,3115114.5,46689.3,18.24,1.10
CSV,605010,60500,21,20,0,10435,0,0.000000e+00,0.000000e+00,2523068.8,2524723.2,82461.6,14.86,0.00
CSV,610010,61000,21,20,0,10535,0,0.000000e+00,0.000000e+00,2142646.8,2770389.0,76840.2,15.57,1.12
CSV,615010,61500,21,20,0,10635,0,0.000000e+00,0.000000e+00,2102383.0,3255664.5,43115.7,18.78,1.90
BER: END_SEQ #21 [LOCK] seq_err=0 BER_seq=0.0000e+00 | lock=21 slip=0 BER_cond=0.0000e+00 BER_cum=0.0000e+00
CSV,620010,62000,21,21,0,10731,0,0.000000e+00,0.000000e+00,2112763.8,3530991.2,69058.1,17.09,2.23
BER: SYNC #22 (gated)
CSV,625010,62500,22,21,0,10758,0,0.000000e+00,0.000000e+00,2081666.1,3614926.0,15190.8,23.77,2.40
CSV,630010,63000,22,21,0,10858,0,0.000000e+00,0.000000e+00,2538967.0,2926555.8,24131.9,20.84,0.62
CSV,635010,63500,22,21,0,10958,0,0.000000e+00,0.000000e+00,2409292.8,3056433.0,48010.1,18.04,1.03
CSV,640010,64000,22,21,0,11058,0,0.000000e+00,0.000000e+00,2178234.5,3122022.8,53268.2,17.68,1.56
CSV,645010,64500,22,21,0,11158,0,0.000000e+00,0.000000e+00,2081364.5,2838799.2,40156.1,18.49,1.35
BER: END_SEQ #22 [LOCK] seq_err=0 BER_seq=0.0000e+00 | lock=22 slip=0 BER_cond=0.0000e+00 BER_cum=0.0000e+00
CSV,650010,65000,22,22,0,11242,0,0.000000e+00,0.000000e+00,2012430.2,3181877.2,45863.0,18.41,1.99
BER: SYNC #23 (gated)
CSV,655010,65500,23,22,0,11281,0,0.000000e+00,0.000000e+00,2068789.9,2807476.0,45929.5,17.86,1.33
CSV,660010,66000,23,22,0,11381,0,0.000000e+00,0.000000e+00,2447206.8,2467444.8,50504.1,16.89,0.04
CSV,665010,66500,23,22,0,11481,0,0.000000e+00,0.000000e+00,2041482.8,2952363.2,91427.6,15.09,1.60
CSV,670010,67000,23,22,0,11581,0,0.000000e+00,0.000000e+00,2213826.5,2834012.2,97653.9,14.63,1.07
CSV,675010,67500,23,22,0,11681,0,0.000000e+00,0.000000e+00,1967908.0,3004338.0,129694.2,13.65,1.84
BER: END_SEQ #23 [LOCK] seq_err=0 BER_seq=0.0000e+00 | lock=23 slip=0 BER_cond=0.0000e+00 BER_cum=0.0000e+00
CSV,680010,68000,23,23,0,11753,0,0.000000e+00,0.000000e+00,2052738.2,3191079.8,58211.0,17.39,1.92
BER: SYNC #24 (gated)
CSV,685010,68500,24,23,0,11804,0,0.000000e+00,0.000000e+00,2199929.0,3490012.8,19851.1,22.45,2.00
CSV,690010,69000,24,23,0,11903,0,0.000000e+00,0.000000e+00,2500202.0,2479037.0,28942.2,19.36,0.04
CSV,695010,69500,24,23,0,12003,0,0.000000e+00,0.000000e+00,1971160.5,2870417.8,34751.8,19.17,1.63
CSV,700010,70000,24,23,0,12103,0,0.000000e+00,0.000000e+00,2150542.8,3072447.8,58396.3,17.21,1.55
CSV,705010,70500,24,23,0,12203,0,0.000000e+00,0.000000e+00,2228180.5,3249665.0,22927.9,21.51,1.64
BER: END_SEQ #24 [LOCK] seq_err=0 BER_seq=0.0000e+00 | lock=24 slip=0 BER_cond=0.0000e+00 BER_cum=0.0000e+00
CSV,710010,71000,24,24,0,12264,0,0.000000e+00,0.000000e+00,1904404.0,2885969.5,42548.7,18.31,1.81
BER: SYNC #25 (gated)
CSV,715010,71500,25,24,0,12326,0,0.000000e+00,0.000000e+00,2070688.5,3247340.5,36736.6,19.46,1.95
CSV,720010,72000,25,24,0,12426,0,0.000000e+00,0.000000e+00,2785887.0,2745756.8,39619.6,18.47,0.06
CSV,725010,72500,25,24,0,12526,0,0.000000e+00,0.000000e+00,2280104.2,3332329.5,27274.8,20.87,1.65
CSV,730010,73000,25,24,0,12626,0,0.000000e+00,0.000000e+00,2074772.8,3592775.0,21361.8,22.26,2.38
CSV,735010,73500,25,24,0,12726,0,0.000000e+00,0.000000e+00,2195424.2,3326688.5,34930.5,19.79,1.80
BER: END_SEQ #25 [LOCK] seq_err=0 BER_seq=0.0000e+00 | lock=25 slip=0 BER_cond=0.0000e+00 BER_cum=0.0000e+00
CSV,740010,74000,25,25,0,12775,0,0.000000e+00,0.000000e+00,2048130.5,3700926.0,45374.9,19.11,2.57
BER: SYNC #26 (gated)
CSV,745010,74500,26,25,0,12849,0,0.000000e+00,0.000000e+00,2034276.4,3191644.2,28690.7,20.46,1.96
CSV,750010,75000,26,25,0,12949,0,0.000000e+00,0.000000e+00,2503907.5,2249364.2,26152.3,19.81,0.47
CSV,755010,75500,26,25,0,13049,0,0.000000e+00,0.000000e+00,2143317.8,2590938.5,65885.6,15.95,0.82
CSV,760010,76000,26,25,0,13149,0,0.000000e+00,0.000000e+00,1864655.2,3173399.8,79498.9,16.01,2.31
CSV,765010,76500,26,25,0,13249,0,0.000000e+00,0.000000e+00,2158185.8,2634513.8,34152.7,18.87,0.87
BER: END_SEQ #26 [LOCK] seq_err=0 BER_seq=0.0000e+00 | lock=26 slip=0 BER_cond=0.0000e+00 BER_cum=0.0000e+00
CSV,770010,77000,26,26,0,13286,0,0.000000e+00,0.000000e+00,1841875.0,2815805.2,43022.5,18.16,1.84
BER: SYNC #27 (gated)
CSV,775010,77500,27,26,0,13372,0,0.000000e+00,0.000000e+00,1971828.0,2762321.5,27592.6,20.00,1.46
CSV,780010,78000,27,26,0,13472,0,0.000000e+00,0.000000e+00,2413960.8,2259196.8,26923.2,19.53,0.29
CSV,785010,78500,27,26,0,13572,0,0.000000e+00,0.000000e+00,2098260.8,2611430.0,26257.6,19.98,0.95
CSV,790010,79000,27,26,0,13671,0,0.000000e+00,0.000000e+00,1916867.4,2732332.8,27798.8,19.93,1.54
CSV,795010,79500,27,26,0,13771,0,0.000000e+00,0.000000e+00,1953563.1,2692036.2,30431.0,19.47,1.39
BER: END_SEQ #27 [LOCK] seq_err=0 BER_seq=0.0000e+00 | lock=27 slip=0 BER_cond=0.0000e+00 BER_cum=0.0000e+00
CSV,800010,80000,27,27,0,13797,0,0.000000e+00,0.000000e+00,1823185.9,2926896.5,26779.5,20.39,2.06
BER: SYNC #28 (gated)
CSV,805010,80500,28,27,0,13894,0,0.000000e+00,0.000000e+00,2188697.2,3058331.2,33550.8,19.60,1.45
CSV,810010,81000,28,27,0,13994,0,0.000000e+00,0.000000e+00,2478582.0,2062142.5,27671.7,19.52,0.80
CSV,815010,81500,28,27,0,14094,0,0.000000e+00,0.000000e+00,1960375.2,2668254.0,28957.9,19.64,1.34
CSV,820010,82000,28,27,0,14194,0,0.000000e+00,0.000000e+00,1974203.5,2772707.5,26754.7,20.16,1.48
CSV,825010,82500,28,27,0,14294,0,0.000000e+00,0.000000e+00,1961389.8,2885099.8,26601.3,20.35,1.68
BER: END_SEQ #28 [LOCK] seq_err=0 BER_seq=0.0000e+00 | lock=28 slip=0 BER_cond=0.0000e+00 BER_cum=0.0000e+00
BER: SYNC #29 (gated)
CSV,830010,83000,29,28,0,14317,0,0.000000e+00,0.000000e+00,1812887.6,2745326.8,27667.2,19.97,1.80
CSV,835010,83500,29,28,0,14417,0,0.000000e+00,0.000000e+00,1993081.9,2635659.5,28256.7,19.70,1.21
CSV,840010,84000,29,28,0,14517,0,0.000000e+00,0.000000e+00,2393295.8,2204221.2,27886.4,19.34,0.36
CSV,845010,84500,29,28,0,14617,0,0.000000e+00,0.000000e+00,2099200.5,2634553.8,26838.6,19.92,0.99
CSV,850010,85000,29,28,0,14717,0,0.000000e+00,0.000000e+00,1850497.4,2806318.0,26775.1,20.20,1.81
CSV,855010,85500,29,28,0,14817,0,0.000000e+00,0.000000e+00,1906929.4,2743734.0,26851.0,20.09,1.58
BER: END_SEQ #29 [LOCK] seq_err=0 BER_seq=0.0000e+00 | lock=29 slip=0 BER_cond=0.0000e+00 BER_cum=0.0000e+00
BER: SYNC #30 (gated)
CSV,860010,86000,30,29,0,14840,0,0.000000e+00,0.000000e+00,1866863.1,2814128.2,27680.8,20.07,1.78
CSV,865010,86500,30,29,0,14940,0,0.000000e+00,0.000000e+00,2179657.5,2512627.5,26672.5,19.74,0.62
CSV,870010,87000,30,29,0,15040,0,0.000000e+00,0.000000e+00,2344029.8,2201458.0,27069.8,19.37,0.27
CSV,875010,87500,30,29,0,15140,0,0.000000e+00,0.000000e+00,1959124.5,2662978.8,26864.9,19.96,1.33
CSV,880010,88000,30,29,0,15240,0,0.000000e+00,0.000000e+00,1990896.1,2675689.5,25935.2,20.14,1.28
BER: END_SEQ #30 [LOCK] seq_err=0 BER_seq=0.0000e+00 | lock=30 slip=0 BER_cond=0.0000e+00 BER_cum=0.0000e+00
CSV,885010,88500,30,30,0,15330,0,0.000000e+00,0.000000e+00,1900903.8,2913834.8,27571.0,20.24,1.86
BER: SYNC #31 (gated)
CSV,890010,89000,31,30,0,15363,0,0.000000e+00,0.000000e+00,1928962.1,2693148.2,28570.6,19.74,1.45
CSV,895010,89500,31,30,0,15462,0,0.000000e+00,0.000000e+00,2280738.8,2249267.8,27076.6,19.25,0.06
CSV,900010,90000,31,30,0,15562,0,0.000000e+00,0.000000e+00,2001070.6,2671978.0,28259.3,19.76,1.26
CSV,905010,90500,31,30,0,15662,0,0.000000e+00,0.000000e+00,2047454.9,2702087.8,25788.0,20.20,1.20
CSV,910010,91000,31,30,0,15762,0,0.000000e+00,0.000000e+00,2050463.1,2513195.8,27278.8,19.64,0.88
BER: END_SEQ #31 [LOCK] seq_err=0 BER_seq=0.0000e+00 | lock=31 slip=0 BER_cond=0.0000e+00 BER_cum=0.0000e+00
CSV,915010,91500,31,31,0,15841,0,0.000000e+00,0.000000e+00,1809494.9,2751185.8,27441.6,20.01,1.82
BER: SYNC #32 (gated)
CSV,920010,92000,32,31,0,15885,0,0.000000e+00,0.000000e+00,1952440.4,2543633.5,25423.8,20.00,1.15
CSV,925010,92500,32,31,0,15985,0,0.000000e+00,0.000000e+00,2190707.2,2103110.8,26797.3,19.12,0.18
CSV,930010,93000,32,31,0,16085,0,0.000000e+00,0.000000e+00,1545770.5,2200850.5,27556.6,19.02,1.53
CSV,935010,93500,32,31,0,16185,0,0.000000e+00,0.000000e+00,1538467.8,1979727.8,28080.9,18.48,1.10
CSV,940010,94000,32,31,0,16285,0,0.000000e+00,0.000000e+00,1418513.0,2075452.5,26477.8,18.94,1.65
BER: END_SEQ #32 [LOCK] seq_err=0 BER_seq=0.0000e+00 | lock=32 slip=0 BER_cond=0.0000e+00 BER_cum=0.0000e+00
CSV,945010,94500,32,32,0,16352,0,0.000000e+00,0.000000e+00,1457056.8,1988906.1,27692.9,18.56,1.35
BER: SYNC #33 (gated)
CSV,950010,95000,33,32,0,16408,0,0.000000e+00,0.000000e+00,1376153.9,1935540.4,26660.2,18.61,1.48
CSV,955010,95500,33,32,0,16508,0,0.000000e+00,0.000000e+00,1617956.5,1484096.5,26218.1,17.90,0.38
CSV,960010,96000,33,32,0,16608,0,0.000000e+00,0.000000e+00,1353971.5,1773430.6,25652.0,18.40,1.17
CSV,965010,96500,33,32,0,16708,0,0.000000e+00,0.000000e+00,1259961.9,1994515.9,26342.1,18.79,1.99
CSV,970010,97000,33,32,0,16808,0,0.000000e+00,0.000000e+00,1447454.9,1678620.9,26684.3,17.99,0.64
BER: END_SEQ #33 [LOCK] seq_err=0 BER_seq=0.0000e+00 | lock=33 slip=0 BER_cond=0.0000e+00 BER_cum=0.0000e+00
CSV,975010,97500,33,33,0,16863,0,0.000000e+00,0.000000e+00,1206084.6,1967228.0,26155.6,18.76,2.12
BER: SYNC #34 (gated)
CSV,980010,98000,34,33,0,16931,0,0.000000e+00,0.000000e+00,1277002.5,1916713.8,25592.8,18.74,1.76
CSV,985010,98500,34,33,0,17031,0,0.000000e+00,0.000000e+00,1709016.8,1447809.2,26336.5,18.12,0.72
CSV,990010,99000,34,33,0,17131,0,0.000000e+00,0.000000e+00,1400782.1,1793899.8,26153.9,18.36,1.07
CSV,995010,99500,34,33,0,17230,0,0.000000e+00,0.000000e+00,1247314.8,1877731.0,25930.4,18.60,1.78
CSV,1000010,100000,34,33,0,17330,0,0.000000e+00,0.000000e+00,1423979.0,1733336.6,29340.4,17.71,0.85
BER: END_SEQ #34 [LOCK] seq_err=0 BER_seq=0.0000e+00 | lock=34 slip=0 BER_cond=0.0000e+00 BER_cum=0.0000e+00
CSV,1005010,100500,34,34,0,17374,0,0.000000e+00,0.000000e+00,1248119.2,2006695.8,26905.8,18.73,2.06
BER: SYNC #35 (gated)
CSV,1010010,101000,35,34,0,17453,0,0.000000e+00,0.000000e+00,1303372.8,1921865.8,24078.1,19.02,1.69
CSV,1015010,101500,35,34,0,17553,0,0.000000e+00,0.000000e+00,1582995.4,1484836.0,27890.4,17.54,0.28
CSV,1020010,102000,35,34,0,17653,0,0.000000e+00,0.000000e+00,1459089.0,1602566.0,26770.5,17.77,0.41
CSV,1025010,102500,35,34,0,17753,0,0.000000e+00,0.000000e+00,1198642.2,2126629.8,27954.4,18.81,2.49
CSV,1030010,103000,35,34,0,17853,0,0.000000e+00,0.000000e+00,1414580.1,1750444.5,25495.8,18.37,0.93
BER: END_SEQ #35 [LOCK] seq_err=0 BER_seq=0.0000e+00 | lock=35 slip=0 BER_cond=0.0000e+00 BER_cum=0.0000e+00
CSV,1035010,103500,35,35,0,17885,0,0.000000e+00,0.000000e+00,1172032.8,1881211.8,27521.4,18.35,2.05
BER: SYNC #36 (gated)
CSV,1040010,104000,36,35,0,17976,0,0.000000e+00,0.000000e+00,1370193.8,1722037.2,28485.8,17.81,0.99
CSV,1045010,104500,36,35,0,18076,0,0.000000e+00,0.000000e+00,1620209.5,1481825.8,26028.0,17.94,0.39
CSV,1050010,105000,36,35,0,18176,0,0.000000e+00,0.000000e+00,1349449.9,1788685.1,28250.1,18.02,1.22
CSV,1055010,105500,36,35,0,18276,0,0.000000e+00,0.000000e+00,1283877.2,1846400.0,26281.7,18.47,1.58
CSV,1060010,106000,36,35,0,18376,0,0.000000e+00,0.000000e+00,1313858.4,1756856.1,29054.3,17.82,1.26
BER: END_SEQ #36 [LOCK] seq_err=0 BER_seq=0.0000e+00 | lock=36 slip=0 BER_cond=0.0000e+00 BER_cum=0.0000e+00
BER: SYNC #37 (gated)
CSV,1065010,106500,37,36,0,18399,0,0.000000e+00,0.000000e+00,1214050.9,1950338.4,26193.2,18.72,2.06
CSV,1070010,107000,37,36,0,18499,0,0.000000e+00,0.000000e+00,1314175.0,1832313.6,26036.6,18.47,1.44
CSV,1075010,107500,37,36,0,18599,0,0.000000e+00,0.000000e+00,1633331.9,1388593.2,26423.5,17.91,0.70
CSV,1080010,108000,37,36,0,18699,0,0.000000e+00,0.000000e+00,1283942.5,1819515.6,26163.2,18.42,1.51
CSV,1085010,108500,37,36,0,18799,0,0.000000e+00,0.000000e+00,1274857.2,1859205.0,25601.1,18.61,1.64
CSV,1090010,109000,37,36,0,18899,0,0.000000e+00,0.000000e+00,1353568.9,1796342.2,26130.3,18.37,1.23
BER: END_SEQ #37 [LOCK] seq_err=0 BER_seq=0.0000e+00 | lock=37 slip=0 BER_cond=0.0000e+00 BER_cum=0.0000e+00
BER: SYNC #38 (gated)
CSV,1095010,109500,38,37,0,18922,0,0.000000e+00,0.000000e+00,1100224.0,1956593.0,27055.1,18.59,2.50
CSV,1100010,110000,38,37,0,19021,0,0.000000e+00,0.000000e+00,1387733.8,1636668.1,25919.4,18.00,0.72
CSV,1105010,110500,38,37,0,19121,0,0.000000e+00,0.000000e+00,1560153.6,1486194.0,27909.3,17.47,0.21
CSV,1110010,111000,38,37,0,19221,0,0.000000e+00,0.000000e+00,1359656.9,1792578.4,25466.8,18.48,1.20
CSV,1115010,111500,38,37,0,19321,0,0.000000e+00,0.000000e+00,1266640.4,1819578.4,28861.0,18.00,1.57
BER: END_SEQ #38 [LOCK] seq_err=0 BER_seq=0.0000e+00 | lock=38 slip=0 BER_cond=0.0000e+00 BER_cum=0.0000e+00
CSV,1120010,112000,38,38,0,19418,0,0.000000e+00,0.000000e+00,1221703.1,1896578.5,26944.4,18.48,1.91
BER: SYNC #39 (gated)
CSV,1125010,112500,39,38,0,19444,0,0.000000e+00,0.000000e+00,1243358.5,1872350.4,26436.0,18.50,1.78
CSV,1130010,113000,39,38,0,19544,0,0.000000e+00,0.000000e+00,1533450.9,1586094.9,25211.5,17.99,0.15
CSV,1135010,113500,39,38,0,19644,0,0.000000e+00,0.000000e+00,1451938.5,1623215.1,26899.2,17.81,0.48
CSV,1140010,114000,39,38,0,19744,0,0.000000e+00,0.000000e+00,1277699.1,1747691.4,27449.7,18.04,1.36
CSV,1145010,114500,39,38,0,19844,0,0.000000e+00,0.000000e+00,1287876.4,1775041.1,27753.5,18.06,1.39
BER: END_SEQ #39 [LOCK] seq_err=0 BER_seq=0.0000e+00 | lock=39 slip=0 BER_cond=0.0000e+00 BER_cum=0.0000e+00
CSV,1150010,115000,39,39,0,19929,0,0.000000e+00,0.000000e+00,1251872.0,1923883.6,28574.1,18.28,1.87
BER: SYNC #40 (gated)
CSV,1155010,115500,40,39,0,19967,0,0.000000e+00,0.000000e+00,1292991.8,1718811.9,24013.2,18.55,1.24
CSV,1160010,116000,40,39,0,20067,0,0.000000e+00,0.000000e+00,1500476.6,1502886.0,28068.1,17.29,0.01
CSV,1165010,116500,40,39,0,20167,0,0.000000e+00,0.000000e+00,1302794.5,1784368.2,25963.9,18.37,1.37
CSV,1170010,117000,40,39,0,20267,0,0.000000e+00,0.000000e+00,1382886.4,1793516.5,26915.7,18.24,1.13
CSV,1175010,117500,40,39,0,20367,0,0.000000e+00,0.000000e+00,1253674.6,1779911.1,28845.4,17.90,1.52
BER: END_SEQ #40 [LOCK] seq_err=0 BER_seq=0.0000e+00 | lock=40 slip=0 BER_cond=0.0000e+00 BER_cum=0.0000e+00
CSV,1180010,118000,40,40,0,20440,0,0.000000e+00,0.000000e+00,1222029.0,1850797.5,25425.7,18.62,1.80
BER: SYNC #41 (gated)
CSV,1185010,118500,41,40,0,20490,0,0.000000e+00,0.000000e+00,1285202.5,1791031.8,24901.9,18.57,1.44
CSV,1190010,119000,41,40,0,20590,0,0.000000e+00,0.000000e+00,1587342.4,1476980.2,28227.4,17.50,0.31
CSV,1195010,119500,41,40,0,20690,0,0.000000e+00,0.000000e+00,1275326.5,1788000.8,27028.0,18.21,1.47
CSV,1200010,120000,41,40,0,20789,0,0.000000e+00,0.000000e+00,1284133.0,1769915.1,26531.2,18.24,1.39
CSV,1205010,120500,41,40,0,20889,0,0.000000e+00,0.000000e+00,1280165.0,1794710.6,27571.4,18.14,1.47
BER: END_SEQ #41 [LOCK] seq_err=0 BER_seq=0.0000e+00 | lock=41 slip=0 BER_cond=0.0000e+00 BER_cum=0.0000e+00
CSV,1210010,121000,41,41,0,20951,0,0.000000e+00,0.000000e+00,1283276.2,1852756.2,28107.5,18.19,1.59
BER: SYNC #42 (gated)
CSV,1215010,121500,42,41,0,21012,0,0.000000e+00,0.000000e+00,1251185.6,1827494.8,25979.3,18.47,1.65
CSV,1220010,122000,42,41,0,21112,0,0.000000e+00,0.000000e+00,1549685.0,1348847.0,26597.1,17.65,0.60
CSV,1225010,122500,42,41,0,21212,0,0.000000e+00,0.000000e+00,1317460.9,1716804.0,28011.3,17.87,1.15
CSV,1230010,123000,42,41,0,21312,0,0.000000e+00,0.000000e+00,1274349.1,1859838.8,26852.6,18.40,1.64
CSV,1235010,123500,42,41,0,21412,0,0.000000e+00,0.000000e+00,1320982.9,1689498.2,26683.4,18.02,1.07
BER: END_SEQ #42 [LOCK] seq_err=0 BER_seq=0.0000e+00 | lock=42 slip=0 BER_cond=0.0000e+00 BER_cum=0.0000e+00
CSV,1240010,124000,42,42,0,21462,0,0.000000e+00,0.000000e+00,1136794.0,1840911.2,27516.1,18.25,2.09
BER: SYNC #43 (gated)
CSV,1245010,124500,43,42,0,21535,0,0.000000e+00,0.000000e+00,1213202.4,1813943.9,23865.2,18.81,1.75
CSV,1250010,125000,43,42,0,21635,0,0.000000e+00,0.000000e+00,1597740.1,1400892.9,27164.4,17.70,0.57
CSV,1255010,125500,43,42,0,21735,0,0.000000e+00,0.000000e+00,1399460.2,1591592.5,25675.9,17.92,0.56
CSV,1260010,126000,43,42,0,21835,0,0.000000e+00,0.000000e+00,1120202.9,1921351.2,26332.4,18.63,2.34
CSV,1265010,126500,43,42,0,21935,0,0.000000e+00,0.000000e+00,1376112.4,1626633.9,26061.4,17.95,0.73
BER: END_SEQ #43 [LOCK] seq_err=0 BER_seq=0.0000e+00 | lock=43 slip=0 BER_cond=0.0000e+00 BER_cum=0.0000e+00
CSV,1270010,127000,43,43,0,21973,0,0.000000e+00,0.000000e+00,1222863.9,1894828.0,25691.2,18.68,1.90
BER: SYNC #44 (gated)
CSV,1275010,127500,44,43,0,22058,0,0.000000e+00,0.000000e+00,1280255.1,1730123.8,28493.9,17.83,1.31
CSV,1280010,128000,44,43,0,22158,0,0.000000e+00,0.000000e+00,1489764.8,1455106.1,27431.0,17.35,0.10
CSV,1285010,128500,44,43,0,22258,0,0.000000e+00,0.000000e+00,1337008.8,1662251.8,29008.1,17.58,0.95
CSV,1290010,129000,44,43,0,22358,0,0.000000e+00,0.000000e+00,1230169.9,1890221.0,27734.5,18.33,1.87
CSV,1295010,129500,44,43,0,22458,0,0.000000e+00,0.000000e+00,1293668.9,1771258.1,27490.6,18.09,1.36
BER: END_SEQ #44 [LOCK] seq_err=0 BER_seq=0.0000e+00 | lock=44 slip=0 BER_cond=0.0000e+00 BER_cum=0.0000e+00
CSV,1300010,130000,44,44,0,22484,0,0.000000e+00,0.000000e+00,1098363.9,1859056.9,28118.7,18.20,2.29
BER: SYNC #45 (gated)
CSV,1305010,130500,45,44,0,22580,0,0.000000e+00,0.000000e+00,1313485.0,1653465.4,26052.4,18.03,1.00
CSV,1310010,131000,45,44,0,22680,0,0.000000e+00,0.000000e+00,1632886.4,1409300.6,25696.1,18.03,0.64
CSV,1315010,131500,45,44,0,22780,0,0.000000e+00,0.000000e+00,1276355.0,1804069.9,27400.1,18.19,1.50
CSV,1320010,132000,45,44,0,22880,0,0.000000e+00,0.000000e+00,1258691.2,1698519.1,27174.1,17.96,1.30
CSV,1325010,132500,45,44,0,22980,0,0.000000e+00,0.000000e+00,1239931.8,1785002.8,26663.9,18.26,1.58
BER: END_SEQ #45 [LOCK] seq_err=0 BER_seq=0.0000e+00 | lock=45 slip=0 BER_cond=0.0000e+00 BER_cum=0.0000e+00
BER: SYNC #46 (gated)
CSV,1330010,133000,46,45,0,23003,0,0.000000e+00,0.000000e+00,1208477.2,1863768.1,27098.6,18.37,1.88
CSV,1335010,133500,46,45,0,23103,0,0.000000e+00,0.000000e+00,1300680.5,1746899.0,25750.5,18.31,1.28
CSV,1340010,134000,46,45,0,23203,0,0.000000e+00,0.000000e+00,1517562.1,1413383.6,29838.6,17.06,0.31
CSV,1345010,134500,46,45,0,23303,0,0.000000e+00,0.000000e+00,1271231.8,1695699.1,27094.0,17.96,1.25
CSV,1350010,135000,46,45,0,23403,0,0.000000e+00,0.000000e+00,1237826.5,1799969.6,27240.1,18.20,1.63
CSV,1355010,135500,46,45,0,23503,0,0.000000e+00,0.000000e+00,1245185.2,1843180.2,26798.8,18.37,1.70
BER: END_SEQ #46 [LOCK] seq_err=0 BER_seq=0.0000e+00 | lock=46 slip=0 BER_cond=0.0000e+00 BER_cum=0.0000e+00
BER: SYNC #47 (gated)
CSV,1360010,136000,47,46,0,23526,0,0.000000e+00,0.000000e+00,1162264.5,1764052.6,25037.8,18.48,1.81
CSV,1365010,136500,47,46,0,23626,0,0.000000e+00,0.000000e+00,1351097.5,1629224.9,25181.8,18.11,0.81
CSV,1370010,137000,47,46,0,23726,0,0.000000e+00,0.000000e+00,1527030.5,1500045.5,25976.6,17.69,0.08
CSV,1375010,137500,47,46,0,23826,0,0.000000e+00,0.000000e+00,1266207.0,1815621.0,25621.2,18.50,1.57
CSV,1380010,138000,47,46,0,23926,0,0.000000e+00,0.000000e+00,1244824.5,1766583.9,27025.8,18.15,1.52
BER: END_SEQ #47 [LOCK] seq_err=0 BER_seq=0.0000e+00 | lock=47 slip=0 BER_cond=0.0000e+00 BER_cum=0.0000e+00
CSV,1385010,138500,47,47,0,24017,0,0.000000e+00,0.000000e+00,1205122.2,1793385.1,27516.3,18.14,1.73
BER: SYNC #48 (gated)
CSV,1390010,139000,48,47,0,24049,0,0.000000e+00,0.000000e+00,1226329.0,1783052.8,25872.9,18.38,1.63
CSV,1395010,139500,48,47,0,24149,0,0.000000e+00,0.000000e+00,1489526.0,1478169.0,26989.4,17.42,0.03
CSV,1400010,140000,48,47,0,24249,0,0.000000e+00,0.000000e+00,1277483.0,1677120.9,27136.0,17.91,1.18
CSV,1405010,140500,48,47,0,24348,0,0.000000e+00,0.000000e+00,1257308.4,1697056.1,26472.5,18.07,1.30
CSV,1410010,141000,48,47,0,24448,0,0.000000e+00,0.000000e+00,1318486.6,1647578.9,26652.5,17.91,0.97
BER: END_SEQ #48 [LOCK] seq_err=0 BER_seq=0.0000e+00 | lock=48 slip=0 BER_cond=0.0000e+00 BER_cum=0.0000e+00
CSV,1415010,141500,48,48,0,24528,0,0.000000e+00,0.000000e+00,1179630.8,1910192.8,29397.4,18.13,2.09
BER: SYNC #49 (gated)
CSV,1420010,142000,49,48,0,24571,0,0.000000e+00,0.000000e+00,1252417.4,1672689.8,27717.5,17.81,1.26
CSV,1425010,142500,49,48,0,24671,0,0.000000e+00,0.000000e+00,1461207.5,1428508.0,26612.8,17.40,0.10
CSV,1430010,143000,49,48,0,24771,0,0.000000e+00,0.000000e+00,1208455.9,1789914.6,27276.4,18.17,1.71
CSV,1435010,143500,49,48,0,24871,0,0.000000e+00,0.000000e+00,1321335.2,1676299.5,25830.0,18.12,1.03
CSV,1440010,144000,49,48,0,24971,0,0.000000e+00,0.000000e+00,1185663.1,1783349.2,26801.0,18.23,1.77
BER: END_SEQ #49 [LOCK] seq_err=0 BER_seq=0.0000e+00 | lock=49 slip=0 BER_cond=0.0000e+00 BER_cum=0.0000e+00
CSV,1445010,144500,49,49,0,25039,0,0.000000e+00,0.000000e+00,1200614.2,1703337.2,27012.8,18.00,1.52
BER: SYNC #50 (gated)
CSV,1450010,145000,50,49,0,25094,0,0.000000e+00,0.000000e+00,1253082.5,1683622.4,28192.6,17.76,1.28
CSV,1455010,145500,50,49,0,25194,0,0.000000e+00,0.000000e+00,1519237.8,1463079.0,25909.9,17.68,0.16
CSV,1460010,146000,50,49,0,25294,0,0.000000e+00,0.000000e+00,1237982.8,1669787.1,25979.3,18.08,1.30
CSV,1465010,146500,50,49,0,25394,0,0.000000e+00,0.000000e+00,1150858.1,1791561.4,25473.5,18.47,1.92
CSV,1470010,147000,50,49,0,25494,0,0.000000e+00,0.000000e+00,1324538.9,1610130.5,27266.8,17.71,0.85
BER: END_SEQ #50 [LOCK] seq_err=0 BER_seq=0.0000e+00 | lock=50 slip=0 BER_cond=0.0000e+00 BER_cum=0.0000e+00
CSV,1475010,147500,50,50,0,25550,0,0.000000e+00,0.000000e+00,1182043.5,1810116.2,28151.5,18.08,1.85
BER: SYNC #51 (gated)
CSV,1480010,148000,51,50,0,25617,0,0.000000e+00,0.000000e+00,1185017.5,1723827.2,25231.7,18.35,1.63
CSV,1485010,148500,51,50,0,25717,0,0.000000e+00,0.000000e+00,1522671.8,1253448.2,28450.4,17.29,0.84
CSV,1490010,149000,51,50,0,25817,0,0.000000e+00,0.000000e+00,1268639.0,1631137.9,25940.1,17.99,1.09
CSV,1495010,149500,51,50,0,25917,0,0.000000e+00,0.000000e+00,1172370.8,1820317.0,24322.0,18.74,1.91
CSV,1500010,150000,51,50,0,26017,0,0.000000e+00,0.000000e+00,1288471.5,1612063.4,27376.8,17.70,0.97
BER: END_SEQ #51 [LOCK] seq_err=0 BER_seq=0.0000e+00 | lock=51 slip=0 BER_cond=0.0000e+00 BER_cum=0.0000e+00
CSV,1505010,150500,51,51,0,26061,0,0.000000e+00,0.000000e+00,1082307.4,1838226.8,26381.5,18.43,2.30

=========================================
=== END OF TEST (duration=25 min) ===
=========================================
FINAL: syncs=51 lock=51 slip=0 slip_rate=0.0000
FINAL: bits_cum=26061 err_cum=0 BER_cum=0.0000e+00
FINAL: bits_lock=26061 err_lock=0 BER_cond=0.0000e+00
=========================================
=== STOP LOGGING NOW ===
=========================================
