

=== RX BOOT - BER TEST MODE ===
BPS_MODE=20 (HALF_SAMPLES=2000, 10000 samples/bit @ 200000 Hz)
Expect: 64-bit preamble + Barker13 (1F35h, gated by 8 preamble bits = 0x55) + 511-bit PRBS-9
Noise floor band: 5000 Hz; lock threshold: BER<0.10
Auto-stop: test will halt 25 min after the first sync.
RX: edge-tracking sync, center-3 voting
Starting decoder...

CSV,5010,500,0,0,0,0,0,0.000000e+00,0.000000e+00,165436407808.0,140917211136.0,1707999.6,49.86,0.70
BER: SYNC #1 (gated)
CSV,10010,1000,1,0,0,80,0,0.000000e+00,0.000000e+00,156483895296.0,154311360512.0,1016946.3,51.87,0.06
CSV,15010,1500,1,0,0,180,0,0.000000e+00,0.000000e+00,201118924800.0,123345223680.0,983342.6,53.11,2.12
CSV,20010,2000,1,0,0,280,0,0.000000e+00,0.000000e+00,187082162176.0,139309023232.0,972683.1,52.84,1.28
CSV,25010,2500,1,0,0,380,0,0.000000e+00,0.000000e+00,144721248256.0,165542002688.0,1023441.8,52.09,0.58
CSV,30010,3000,1,0,0,480,0,0.000000e+00,0.000000e+00,170117890048.0,143701704704.0,1061439.9,52.05,0.73
BER: END_SEQ #1 [LOCK] seq_err=0 BER_seq=0.0000e+00 | lock=1 slip=0 BER_cond=0.0000e+00 BER_cum=0.0000e+00
CSV,35010,3500,1,1,0,511,0,0.000000e+00,0.000000e+00,149640019968.0,163348660224.0,1672327.1,49.90,0.38
BER: SYNC #2 (gated)
CSV,40010,4000,2,1,0,603,0,0.000000e+00,0.000000e+00,180044693504.0,146292817920.0,983033.4,52.63,0.90
CSV,45010,4500,2,1,0,703,0,0.000000e+00,0.000000e+00,199711866880.0,121081864192.0,932824.4,53.31,2.17
CSV,50010,5000,2,1,0,802,0,0.000000e+00,0.000000e+00,166122962944.0,147066306560.0,949448.9,52.43,0.53
CSV,55010,5500,2,1,0,902,0,0.000000e+00,0.000000e+00,165730336768.0,152723161088.0,990614.8,52.23,0.35
CSV,60010,6000,2,1,0,1002,0,0.000000e+00,0.000000e+00,170398203904.0,154840121344.0,1024586.6,52.21,0.42
BER: END_SEQ #2 [LOCK] seq_err=0 BER_seq=0.0000e+00 | lock=2 slip=0 BER_cond=0.0000e+00 BER_cum=0.0000e+00
BER: SYNC #3 (gated)
CSV,65010,6500,3,2,0,1025,0,0.000000e+00,0.000000e+00,154182336512.0,163773825024.0,1740117.0,49.74,0.26
CSV,70010,7000,3,2,0,1125,0,0.000000e+00,0.000000e+00,160112001024.0,152019648512.0,959741.1,52.22,0.23
CSV,75010,7500,3,2,0,1225,0,0.000000e+00,0.000000e+00,201211232256.0,103525326848.0,1038332.1,52.87,2.89
CSV,80010,8000,3,2,0,1325,0,0.000000e+00,0.000000e+00,166235635712.0,148452818944.0,902005.5,52.66,0.49
CSV,85010,8500,3,2,0,1425,0,0.000000e+00,0.000000e+00,158805245952.0,152578916352.0,989103.1,52.06,0.17
CSV,90010,9000,3,2,0,1525,0,0.000000e+00,0.000000e+00,163856351232.0,147974422528.0,797574.5,53.13,0.44
BER: END_SEQ #3 [LOCK] seq_err=0 BER_seq=0.0000e+00 | lock=3 slip=0 BER_cond=0.0000e+00 BER_cum=0.0000e+00
BER: SYNC #4 (gated)
CSV,95010,9500,4,3,0,1548,0,0.000000e+00,0.000000e+00,141354745856.0,165311905792.0,1619870.4,50.09,0.68
CSV,100010,10000,4,3,0,1648,0,0.000000e+00,0.000000e+00,183481270272.0,143473459200.0,1025005.5,52.53,1.07
CSV,105010,10500,4,3,0,1748,0,0.000000e+00,0.000000e+00,195970400256.0,126651408384.0,954099.4,53.13,1.90
CSV,110010,11000,4,3,0,1848,0,0.000000e+00,0.000000e+00,171509956608.0,144307830784.0,1030605.9,52.21,0.75
CSV,115010,11500,4,3,0,1948,0,0.000000e+00,0.000000e+00,162440773632.0,157206855680.0,959326.1,52.29,0.14
BER: END_SEQ #4 [LOCK] seq_err=0 BER_seq=0.0000e+00 | lock=4 slip=0 BER_cond=0.0000e+00 BER_cum=0.0000e+00
CSV,120010,12000,4,4,0,2044,0,0.000000e+00,0.000000e+00,159855443968.0,167750221824.0,897929.2,52.71,0.21
BER: SYNC #5 (gated)
CSV,125010,12500,5,4,0,2071,0,0.000000e+00,0.000000e+00,156295528448.0,158087479296.0,1662579.9,49.78,0.05
CSV,130010,13000,5,4,0,2171,0,0.000000e+00,0.000000e+00,191615303680.0,126703665152.0,959098.6,53.01,1.80
CSV,135010,13500,5,4,0,2271,0,0.000000e+00,0.000000e+00,182216425472.0,137201598464.0,1039866.2,52.44,1.23
CSV,140010,14000,5,4,0,2371,0,0.000000e+00,0.000000e+00,169521430528.0,154999504896.0,1009407.0,52.25,0.39
CSV,145010,14500,5,4,0,2471,0,0.000000e+00,0.000000e+00,165082447872.0,152382128128.0,955206.2,52.38,0.35
BER: END_SEQ #5 [LOCK] seq_err=0 BER_seq=0.0000e+00 | lock=5 slip=0 BER_cond=0.0000e+00 BER_cum=0.0000e+00
CSV,150010,15000,5,5,0,2555,0,0.000000e+00,0.000000e+00,155465711616.0,156817473536.0,1241810.9,51.01,0.04
BER: SYNC #6 (gated)
CSV,155010,15500,6,5,0,2593,0,0.000000e+00,0.000000e+00,165903548416.0,147140870144.0,1564691.8,50.25,0.52
CSV,160010,16000,6,5,0,2693,0,0.000000e+00,0.000000e+00,198584156160.0,132373471232.0,1069321.6,52.69,1.76
CSV,165010,16500,6,5,0,2793,0,0.000000e+00,0.000000e+00,165292883968.0,152986828800.0,1150467.1,51.57,0.34
CSV,170010,17000,6,5,0,2893,0,0.000000e+00,0.000000e+00,172666208256.0,142874394624.0,910904.8,52.78,0.82
CSV,175010,17500,6,5,0,2993,0,0.000000e+00,0.000000e+00,160220741632.0,154887389184.0,970052.4,52.18,0.15
BER: END_SEQ #6 [LOCK] seq_err=0 BER_seq=0.0000e+00 | lock=6 slip=0 BER_cond=0.0000e+00 BER_cum=0.0000e+00
CSV,180010,18000,6,6,0,3066,0,0.000000e+00,0.000000e+00,163478503424.0,161165328384.0,1263258.4,51.12,0.06
BER: SYNC #7 (gated)
CSV,185010,18500,7,6,0,3116,0,0.000000e+00,0.000000e+00,164868685824.0,152900501504.0,1259779.8,51.17,0.33
CSV,190010,19000,7,6,0,3216,0,0.000000e+00,0.000000e+00,197966249984.0,122566172672.0,962856.4,53.13,2.08
CSV,195010,19500,7,6,0,3316,0,0.000000e+00,0.000000e+00,162585133056.0,153442975744.0,994694.9,52.13,0.25
CSV,200010,20000,7,6,0,3416,0,0.000000e+00,0.000000e+00,173941571584.0,154443743232.0,1015357.1,52.34,0.52
CSV,205010,20500,7,6,0,3516,0,0.000000e+00,0.000000e+00,167660290048.0,152834605056.0,943458.6,52.50,0.40
BER: END_SEQ #7 [LOCK] seq_err=0 BER_seq=0.0000e+00 | lock=7 slip=0 BER_cond=0.0000e+00 BER_cum=0.0000e+00
CSV,210010,21000,7,7,0,3577,0,0.000000e+00,0.000000e+00,157514563584.0,155308081152.0,1355880.2,50.65,0.06
BER: SYNC #8 (gated)
CSV,215010,21500,8,7,0,3639,0,0.000000e+00,0.000000e+00,161623523328.0,156201910272.0,1262419.8,51.07,0.15
CSV,220010,22000,8,7,0,3739,0,0.000000e+00,0.000000e+00,212057718784.0,124380839936.0,1005654.9,53.24,2.32
CSV,225010,22500,8,7,0,3839,0,0.000000e+00,0.000000e+00,176577101824.0,151342039040.0,971188.1,52.60,0.67
CSV,230010,23000,8,7,0,3939,0,0.000000e+00,0.000000e+00,158872780800.0,161544716288.0,975908.6,52.19,0.07
CSV,235010,23500,8,7,0,4039,0,0.000000e+00,0.000000e+00,174248722432.0,149782544384.0,1110822.6,51.96,0.66
BER: END_SEQ #8 [LOCK] seq_err=0 BER_seq=0.0000e+00 | lock=8 slip=0 BER_cond=0.0000e+00 BER_cum=0.0000e+00
CSV,240010,24000,8,8,0,4088,0,0.000000e+00,0.000000e+00,161828454400.0,170167648256.0,1403633.8,50.84,0.22
BER: SYNC #9 (gated)
CSV,245010,24500,9,8,0,4162,0,0.000000e+00,0.000000e+00,162862235648.0,165986910208.0,1091849.0,51.82,0.08
CSV,250010,25000,9,8,0,4261,0,0.000000e+00,0.000000e+00,207430729728.0,121736675328.0,959921.5,53.35,2.31
CSV,255010,25500,9,8,0,4361,0,0.000000e+00,0.000000e+00,183588847616.0,144066199552.0,1049982.0,52.43,1.05
CSV,260010,26000,9,8,0,4461,0,0.000000e+00,0.000000e+00,155583004672.0,180371013632.0,1042725.1,52.38,0.64
CSV,265010,26500,9,8,0,4561,0,0.000000e+00,0.000000e+00,184215683072.0,151442571264.0,1139195.4,52.09,0.85
BER: END_SEQ #9 [LOCK] seq_err=0 BER_seq=0.0000e+00 | lock=9 slip=0 BER_cond=0.0000e+00 BER_cum=0.0000e+00
CSV,270010,27000,9,9,0,4599,0,0.000000e+00,0.000000e+00,155831255040.0,162743517184.0,1750970.4,49.68,0.19
BER: SYNC #10 (gated)
CSV,275010,27500,10,9,0,4684,0,0.000000e+00,0.000000e+00,171115757568.0,160862814208.0,991416.6,52.37,0.27
CSV,280010,28000,10,9,0,4784,0,0.000000e+00,0.000000e+00,209916592128.0,136995954688.0,1037674.4,53.06,1.85
CSV,285010,28500,10,9,0,4884,0,0.000000e+00,0.000000e+00,183285432320.0,156010627072.0,1012865.2,52.58,0.70
CSV,290010,29000,10,9,0,4984,0,0.000000e+00,0.000000e+00,164087693312.0,164784652288.0,1035291.3,52.02,0.02
CSV,295010,29500,10,9,0,5084,0,0.000000e+00,0.000000e+00,172478087168.0,159309037568.0,887046.9,52.89,0.34
BER: END_SEQ #10 [LOCK] seq_err=0 BER_seq=0.0000e+00 | lock=10 slip=0 BER_cond=0.0000e+00 BER_cum=0.0000e+00
CSV,300010,30000,10,10,0,5110,0,0.000000e+00,0.000000e+00,160812400640.0,178235441152.0,1719323.8,50.16,0.45
BER: SYNC #11 (gated)
CSV,305010,30500,11,10,0,5207,0,0.000000e+00,0.000000e+00,178450399232.0,158882004992.0,1052426.1,52.29,0.50
CSV,310010,31000,11,10,0,5307,0,0.000000e+00,0.000000e+00,210568593408.0,119996891136.0,993218.6,53.26,2.44
CSV,315010,31500,11,10,0,5407,0,0.000000e+00,0.000000e+00,168201420800.0,159479988224.0,1004064.4,52.24,0.23
CSV,320010,32000,11,10,0,5507,0,0.000000e+00,0.000000e+00,173461700608.0,166425182208.0,986859.3,52.45,0.18
CSV,325010,32500,11,10,0,5607,0,0.000000e+00,0.000000e+00,171019206656.0,170638524416.0,929856.1,52.65,0.01
BER: END_SEQ #11 [LOCK] seq_err=0 BER_seq=0.0000e+00 | lock=11 slip=0 BER_cond=0.0000e+00 BER_cum=0.0000e+00
BER: SYNC #12 (gated)
CSV,330010,33000,12,11,0,5630,0,0.000000e+00,0.000000e+00,155781218304.0,169647439872.0,1756038.6,49.85,0.37
CSV,335010,33500,12,11,0,5730,0,0.000000e+00,0.000000e+00,175081291776.0,160971653120.0,933016.1,52.73,0.36
CSV,340010,34000,12,11,0,5830,0,0.000000e+00,0.000000e+00,215170072576.0,136145764352.0,1007750.2,53.29,1.99
CSV,345010,34500,12,11,0,5930,0,0.000000e+00,0.000000e+00,184468176896.0,163219898368.0,1068234.0,52.37,0.53
CSV,350010,35000,12,11,0,6029,0,0.000000e+00,0.000000e+00,164927389696.0,171639472128.0,1125065.2,51.83,0.17
CSV,355010,35500,12,11,0,6129,0,0.000000e+00,0.000000e+00,170962583552.0,170248388608.0,993868.8,52.36,0.02
BER: END_SEQ #12 [LOCK] seq_err=0 BER_seq=0.0000e+00 | lock=12 slip=0 BER_cond=0.0000e+00 BER_cum=0.0000e+00
BER: SYNC #13 (gated)
CSV,360010,36000,13,12,0,6152,0,0.000000e+00,0.000000e+00,168473477120.0,175180136448.0,1777190.8,49.94,0.17
CSV,365010,36500,13,12,0,6252,0,0.000000e+00,0.000000e+00,193672790016.0,157795041280.0,958927.4,53.05,0.89
CSV,370010,37000,13,12,0,6352,0,0.000000e+00,0.000000e+00,207548973056.0,138273423360.0,1059713.0,52.92,1.76
CSV,375010,37500,13,12,0,6452,0,0.000000e+00,0.000000e+00,174600011776.0,167991361536.0,956383.8,52.61,0.17
CSV,380010,38000,13,12,0,6552,0,0.000000e+00,0.000000e+00,179867860992.0,173504806912.0,1070715.9,52.25,0.16
BER: END_SEQ #13 [LOCK] seq_err=0 BER_seq=0.0000e+00 | lock=13 slip=0 BER_cond=0.0000e+00 BER_cum=0.0000e+00
CSV,385010,38500,13,13,0,6643,0,0.000000e+00,0.000000e+00,171422924800.0,184099520512.0,1281921.2,51.57,0.31
BER: SYNC #14 (gated)
CSV,390010,39000,14,13,0,6675,0,0.000000e+00,0.000000e+00,171776409600.0,170013573120.0,1602956.9,50.30,0.04
CSV,395010,39500,14,13,0,6775,0,0.000000e+00,0.000000e+00,207975383040.0,144061628416.0,1116767.4,52.70,1.59
CSV,400010,40000,14,13,0,6875,0,0.000000e+00,0.000000e+00,185762414592.0,172583403520.0,1075662.8,52.37,0.32
CSV,405010,40500,14,13,0,6975,0,0.000000e+00,0.000000e+00,187834793984.0,174314520576.0,973653.1,52.85,0.32
CSV,410010,41000,14,13,0,7075,0,0.000000e+00,0.000000e+00,188553052160.0,162860400640.0,1102140.6,52.33,0.64
BER: END_SEQ #14 [LOCK] seq_err=0 BER_seq=0.0000e+00 | lock=14 slip=0 BER_cond=0.0000e+00 BER_cum=0.0000e+00
CSV,415010,41500,14,14,0,7154,0,0.000000e+00,0.000000e+00,166164971520.0,182759112704.0,1153334.1,52.00,0.41
BER: SYNC #15 (gated)
CSV,420010,42000,15,14,0,7198,0,0.000000e+00,0.000000e+00,184379047936.0,171160207360.0,1524471.4,50.83,0.32
CSV,425010,42500,15,14,0,7298,0,0.000000e+00,0.000000e+00,220968648704.0,147186040832.0,1057344.2,53.20,1.76
CSV,430010,43000,15,14,0,7398,0,0.000000e+00,0.000000e+00,175280275456.0,176427646976.0,1118656.9,51.98,0.03
CSV,435010,43500,15,14,0,7498,0,0.000000e+00,0.000000e+00,185900335104.0,167033356288.0,1054832.0,52.46,0.46
CSV,440010,44000,15,14,0,7598,0,0.000000e+00,0.000000e+00,174133395456.0,183961632768.0,1070363.8,52.35,0.24
BER: END_SEQ #15 [LOCK] seq_err=0 BER_seq=0.0000e+00 | lock=15 slip=0 BER_cond=0.0000e+00 BER_cum=0.0000e+00
CSV,445010,44500,15,15,0,7665,0,0.000000e+00,0.000000e+00,183833493504.0,179569164288.0,1296797.2,51.52,0.10
BER: SYNC #16 (gated)
CSV,450010,45000,16,15,0,7721,0,0.000000e+00,0.000000e+00,179108495360.0,175625224192.0,1496289.9,50.78,0.09
CSV,455010,45500,16,15,0,7820,0,0.000000e+00,0.000000e+00,219648917504.0,142047903744.0,1165176.8,52.75,1.89
CSV,460010,46000,16,15,0,7920,0,0.000000e+00,0.000000e+00,188050653184.0,176299442176.0,1168090.1,52.07,0.28
CSV,465010,46500,16,15,0,8020,0,0.000000e+00,0.000000e+00,176517218304.0,193123876864.0,1034105.1,52.71,0.39
CSV,470010,47000,16,15,0,8120,0,0.000000e+00,0.000000e+00,196645584896.0,165255839744.0,1249581.2,51.97,0.76
BER: END_SEQ #16 [LOCK] seq_err=0 BER_seq=0.0000e+00 | lock=16 slip=0 BER_cond=0.0000e+00 BER_cum=0.0000e+00
CSV,475010,47500,16,16,0,8176,0,0.000000e+00,0.000000e+00,166628802560.0,187628257280.0,1613758.8,50.65,0.52
BER: SYNC #17 (gated)
CSV,480010,48000,17,16,0,8243,0,0.000000e+00,0.000000e+00,178052792320.0,187096875008.0,1393074.1,51.28,0.22
CSV,485010,48500,17,16,0,8343,0,0.000000e+00,0.000000e+00,237205372928.0,142231797760.0,1135612.6,53.20,2.22
CSV,490010,49000,17,16,0,8443,0,0.000000e+00,0.000000e+00,192294928384.0,173967736832.0,1126561.8,52.32,0.43
CSV,495010,49500,17,16,0,8543,0,0.000000e+00,0.000000e+00,171941330944.0,188656779264.0,1142113.2,52.18,0.40
CSV,500010,50000,17,16,0,8643,0,0.000000e+00,0.000000e+00,197398216704.0,171262246912.0,1000331.1,52.95,0.62
BER: END_SEQ #17 [LOCK] seq_err=0 BER_seq=0.0000e+00 | lock=17 slip=0 BER_cond=0.0000e+00 BER_cum=0.0000e+00
CSV,505010,50500,17,17,0,8687,0,0.000000e+00,0.000000e+00,171476238336.0,198877134848.0,1784960.1,50.47,0.64
BER: SYNC #18 (gated)
CSV,510010,51000,18,17,0,8766,0,0.000000e+00,0.000000e+00,178996035584.0,187323187200.0,1110233.0,52.27,0.20
CSV,515010,51500,18,17,0,8866,0,0.000000e+00,0.000000e+00,223428591616.0,144004071424.0,1072706.9,53.19,1.91
CSV,520010,52000,18,17,0,8966,0,0.000000e+00,0.000000e+00,206284193792.0,165823283200.0,1089851.5,52.77,0.95
CSV,525010,52500,18,17,0,9066,0,0.000000e+00,0.000000e+00,167481262080.0,209886068736.0,1143138.2,52.64,0.98
CSV,530010,53000,18,17,0,9166,0,0.000000e+00,0.000000e+00,197710397440.0,173205979136.0,977216.1,53.06,0.57
BER: END_SEQ #18 [LOCK] seq_err=0 BER_seq=0.0000e+00 | lock=18 slip=0 BER_cond=0.0000e+00 BER_cum=0.0000e+00
CSV,535010,53500,18,18,0,9198,0,0.000000e+00,0.000000e+00,163836559360.0,193824964608.0,1789864.5,50.35,0.73
BER: SYNC #19 (gated)
CSV,540010,54000,19,18,0,9289,0,0.000000e+00,0.000000e+00,196396924928.0,179516391424.0,1159069.6,52.29,0.39
CSV,545010,54500,19,18,0,9389,0,0.000000e+00,0.000000e+00,233884991488.0,154195886080.0,1125145.0,53.18,1.81
CSV,550010,55000,19,18,0,9489,0,0.000000e+00,0.000000e+00,192033325056.0,182601433088.0,1074743.1,52.52,0.22
CSV,555010,55500,19,18,0,9588,0,0.000000e+00,0.000000e+00,185398640640.0,184215355392.0,1116245.8,52.20,0.03
CSV,560010,56000,19,18,0,9688,0,0.000000e+00,0.000000e+00,194266595328.0,183989698560.0,1170540.9,52.20,0.24
BER: END_SEQ #19 [LOCK] seq_err=0 BER_seq=0.0000e+00 | lock=19 slip=0 BER_cond=0.0000e+00 BER_cum=0.0000e+00
BER: SYNC #20 (gated)
CSV,565010,56500,20,19,0,9711,0,0.000000e+00,0.000000e+00,177930567680.0,209003003904.0,1740872.2,50.79,0.70
CSV,570010,57000,20,19,0,9811,0,0.000000e+00,0.000000e+00,192055443456.0,188221423616.0,1086027.8,52.48,0.09
CSV,575010,57500,20,19,0,9911,0,0.000000e+00,0.000000e+00,237442727936.0,143617490944.0,1118706.4,53.27,2.18
CSV,580010,58000,20,19,0,10011,0,0.000000e+00,0.000000e+00,193792950272.0,189896507392.0,1011415.1,52.82,0.09
CSV,585010,58500,20,19,0,10111,0,0.000000e+00,0.000000e+00,193008467968.0,199583055872.0,1131399.5,52.47,0.15
CSV,590010,59000,20,19,0,10211,0,0.000000e+00,0.000000e+00,196781998080.0,187409809408.0,1125723.0,52.43,0.21
BER: END_SEQ #20 [LOCK] seq_err=0 BER_seq=0.0000e+00 | lock=20 slip=0 BER_cond=0.0000e+00 BER_cum=0.0000e+00
BER: SYNC #21 (gated)
CSV,595010,59500,21,20,0,10234,0,0.000000e+00,0.000000e+00,159679873024.0,206239318016.0,1855095.2,50.46,1.11
CSV,600010,60000,21,20,0,10334,0,0.000000e+00,0.000000e+00,205688143872.0,177805115392.0,1179270.0,52.42,0.63
CSV,605010,60500,21,20,0,10434,0,0.000000e+00,0.000000e+00,234915414016.0,162037350400.0,1141808.5,53.13,1.61
CSV,610010,61000,21,20,0,10534,0,0.000000e+00,0.000000e+00,200745271296.0,184627544064.0,1145385.0,52.44,0.36
CSV,615010,61500,21,20,0,10634,0,0.000000e+00,0.000000e+00,186464256000.0,194757984256.0,1152031.9,52.28,0.19
BER: END_SEQ #21 [LOCK] seq_err=0 BER_seq=0.0000e+00 | lock=21 slip=0 BER_cond=0.0000e+00 BER_cum=0.0000e+00
CSV,620010,62000,21,21,0,10731,0,0.000000e+00,0.000000e+00,184730517504.0,204065931264.0,1033635.9,52.95,0.43
BER: SYNC #22 (gated)
CSV,625010,62500,22,21,0,10757,0,0.000000e+00,0.000000e+00,189613162496.0,205484654592.0,1902064.1,50.34,0.35
CSV,630010,63000,22,21,0,10857,0,0.000000e+00,0.000000e+00,224917520384.0,167297974272.0,1159085.1,52.88,1.29
CSV,635010,63500,22,21,0,10957,0,0.000000e+00,0.000000e+00,215256940544.0,168102821888.0,1181751.2,52.60,1.07
CSV,640010,64000,22,21,0,11057,0,0.000000e+00,0.000000e+00,193647460352.0,192005652480.0,1180154.1,52.15,0.04
CSV,645010,64500,22,21,0,11157,0,0.000000e+00,0.000000e+00,199209811968.0,198065750016.0,1158580.2,52.35,0.03
BER: END_SEQ #22 [LOCK] seq_err=0 BER_seq=0.0000e+00 | lock=22 slip=0 BER_cond=0.0000e+00 BER_cum=0.0000e+00
CSV,650010,65000,22,22,0,11242,0,0.000000e+00,0.000000e+00,185594232832.0,201996304384.0,1192988.6,52.29,0.37
BER: SYNC #23 (gated)
CSV,655010,65500,23,22,0,11279,0,0.000000e+00,0.000000e+00,191400329216.0,183061561344.0,1733227.9,50.43,0.19
CSV,660010,66000,23,22,0,11379,0,0.000000e+00,0.000000e+00,226104016896.0,161017217024.0,1089073.0,53.17,1.47
CSV,665010,66500,23,22,0,11479,0,0.000000e+00,0.000000e+00,199684964352.0,197803261952.0,1228166.0,52.11,0.04
CSV,670010,67000,23,22,0,11579,0,0.000000e+00,0.000000e+00,203113742336.0,188948070400.0,1204220.4,52.27,0.31
CSV,675010,67500,23,22,0,11679,0,0.000000e+00,0.000000e+00,188175826944.0,193641807872.0,1214688.9,52.03,0.12
BER: END_SEQ #23 [LOCK] seq_err=0 BER_seq=0.0000e+00 | lock=23 slip=0 BER_cond=0.0000e+00 BER_cum=0.0000e+00
CSV,680010,68000,23,23,0,11753,0,0.000000e+00,0.000000e+00,186831257600.0,198925123584.0,1539393.0,51.11,0.27
BER: SYNC #24 (gated)
CSV,685010,68500,24,23,0,11802,0,0.000000e+00,0.000000e+00,198005309440.0,198401851392.0,1544277.5,51.09,0.01
CSV,690010,69000,24,23,0,11902,0,0.000000e+00,0.000000e+00,236568739840.0,160237043712.0,1160640.2,53.09,1.69
CSV,695010,69500,24,23,0,12002,0,0.000000e+00,0.000000e+00,191188140032.0,191113904128.0,1253603.4,51.83,0.00
CSV,700010,70000,24,23,0,12102,0,0.000000e+00,0.000000e+00,197112037376.0,194647703552.0,1085131.2,52.59,0.05
CSV,705010,70500,24,23,0,12202,0,0.000000e+00,0.000000e+00,203946655744.0,199252295680.0,1141179.5,52.52,0.10
BER: END_SEQ #24 [LOCK] seq_err=0 BER_seq=0.0000e+00 | lock=24 slip=0 BER_cond=0.0000e+00 BER_cum=0.0000e+00
CSV,710010,71000,24,24,0,12264,0,0.000000e+00,0.000000e+00,189787193344.0,203106893824.0,1537928.8,51.21,0.29
BER: SYNC #25 (gated)
CSV,715010,71500,25,24,0,12325,0,0.000000e+00,0.000000e+00,192187564032.0,195719266304.0,1491399.8,51.18,0.08
CSV,720010,72000,25,24,0,12425,0,0.000000e+00,0.000000e+00,239837478912.0,155967913984.0,1117358.6,53.32,1.87
CSV,725010,72500,25,24,0,12525,0,0.000000e+00,0.000000e+00,210103730176.0,194672525312.0,1117802.5,52.74,0.33
CSV,730010,73000,25,24,0,12625,0,0.000000e+00,0.000000e+00,194437824512.0,204906528768.0,1205331.4,52.30,0.23
CSV,735010,73500,25,24,0,12725,0,0.000000e+00,0.000000e+00,202528702464.0,186469367808.0,1187527.1,52.32,0.36
BER: END_SEQ #25 [LOCK] seq_err=0 BER_seq=0.0000e+00 | lock=25 slip=0 BER_cond=0.0000e+00 BER_cum=0.0000e+00
CSV,740010,74000,25,25,0,12775,0,0.000000e+00,0.000000e+00,176404905984.0,208914890752.0,1671067.9,50.97,0.73
BER: SYNC #26 (gated)
CSV,745010,74500,26,25,0,12848,0,0.000000e+00,0.000000e+00,193060864000.0,208798089216.0,1364489.4,51.85,0.34
CSV,750010,75000,26,25,0,12948,0,0.000000e+00,0.000000e+00,247182180352.0,156317188096.0,1201796.2,53.13,1.99
CSV,755010,75500,26,25,0,13047,0,0.000000e+00,0.000000e+00,215816404992.0,175753248768.0,1312302.0,52.16,0.89
CSV,760010,76000,26,25,0,13147,0,0.000000e+00,0.000000e+00,170512056320.0,218579795968.0,1122421.1,52.89,1.08
CSV,765010,76500,26,25,0,13247,0,0.000000e+00,0.000000e+00,217877266432.0,185622020096.0,1249013.4,52.42,0.70
BER: END_SEQ #26 [LOCK] seq_err=0 BER_seq=0.0000e+00 | lock=26 slip=0 BER_cond=0.0000e+00 BER_cum=0.0000e+00
CSV,770010,77000,26,26,0,13286,0,0.000000e+00,0.000000e+00,184170561536.0,210067963904.0,1887820.6,50.46,0.57
BER: SYNC #27 (gated)
CSV,775010,77500,27,26,0,13370,0,0.000000e+00,0.000000e+00,195059007488.0,197493932032.0,1306465.2,51.79,0.05
CSV,780010,78000,27,26,0,13470,0,0.000000e+00,0.000000e+00,235074158592.0,161268613120.0,1277706.6,52.65,1.64
CSV,785010,78500,27,26,0,13570,0,0.000000e+00,0.000000e+00,216077549568.0,188144369664.0,1218481.0,52.49,0.60
CSV,790010,79000,27,26,0,13670,0,0.000000e+00,0.000000e+00,190670815232.0,211026837504.0,1170947.5,52.56,0.44
CSV,795010,79500,27,26,0,13770,0,0.000000e+00,0.000000e+00,200401321984.0,193403322368.0,1033493.6,52.88,0.15
BER: END_SEQ #27 [LOCK] seq_err=0 BER_seq=0.0000e+00 | lock=27 slip=0 BER_cond=0.0000e+00 BER_cum=0.0000e+00
CSV,800010,80000,27,27,0,13797,0,0.000000e+00,0.000000e+00,174806106112.0,209363714048.0,1867912.1,50.50,0.78
BER: SYNC #28 (gated)
CSV,805010,80500,28,27,0,13893,0,0.000000e+00,0.000000e+00,209375313920.0,196287152128.0,1274995.5,52.15,0.28
CSV,810010,81000,28,27,0,13993,0,0.000000e+00,0.000000e+00,254029103104.0,154210140160.0,1139352.6,53.48,2.17
CSV,815010,81500,28,27,0,14093,0,0.000000e+00,0.000000e+00,196515479552.0,197741690880.0,1139604.9,52.39,0.03
CSV,820010,82000,28,27,0,14193,0,0.000000e+00,0.000000e+00,195596746752.0,196534222848.0,1194505.4,52.16,0.02
CSV,825010,82500,28,27,0,14293,0,0.000000e+00,0.000000e+00,197813600256.0,206698659840.0,1082368.5,52.81,0.19
BER: END_SEQ #28 [LOCK] seq_err=0 BER_seq=0.0000e+00 | lock=28 slip=0 BER_cond=0.0000e+00 BER_cum=0.0000e+00
BER: SYNC #29 (gated)
CSV,830010,83000,29,28,0,14316,0,0.000000e+00,0.000000e+00,187630747648.0,212961853440.0,2058349.0,50.15,0.55
CSV,835010,83500,29,28,0,14416,0,0.000000e+00,0.000000e+00,200869527552.0,193298202624.0,1132490.9,52.49,0.17
CSV,840010,84000,29,28,0,14516,0,0.000000e+00,0.000000e+00,239602106368.0,157567893504.0,1210157.6,52.97,1.82
CSV,845010,84500,29,28,0,14616,0,0.000000e+00,0.000000e+00,205493272576.0,197942099968.0,1304008.8,51.98,0.16
CSV,850010,85000,29,28,0,14716,0,0.000000e+00,0.000000e+00,197892816896.0,207363014656.0,1194505.4,52.40,0.20
CSV,855010,85500,29,28,0,14816,0,0.000000e+00,0.000000e+00,194994307072.0,203178311680.0,1222469.1,52.21,0.18
BER: END_SEQ #29 [LOCK] seq_err=0 BER_seq=0.0000e+00 | lock=29 slip=0 BER_cond=0.0000e+00 BER_cum=0.0000e+00
BER: SYNC #30 (gated)
CSV,860010,86000,30,29,0,14838,0,0.000000e+00,0.000000e+00,182607822848.0,202472194048.0,2073425.4,49.90,0.45
CSV,865010,86500,30,29,0,14938,0,0.000000e+00,0.000000e+00,219161198592.0,186517520384.0,1386326.8,51.99,0.70
CSV,870010,87000,30,29,0,15038,0,0.000000e+00,0.000000e+00,238120271872.0,172365889536.0,1314837.8,52.58,1.40
CSV,875010,87500,30,29,0,15138,0,0.000000e+00,0.000000e+00,199408238592.0,197066719232.0,1132406.9,52.46,0.05
CSV,880010,88000,30,29,0,15238,0,0.000000e+00,0.000000e+00,196649910272.0,198224429056.0,1152348.0,52.36,0.03
BER: END_SEQ #30 [LOCK] seq_err=0 BER_seq=0.0000e+00 | lock=30 slip=0 BER_cond=0.0000e+00 BER_cum=0.0000e+00
CSV,885010,88500,30,30,0,15330,0,0.000000e+00,0.000000e+00,191217254400.0,211775242240.0,1183040.8,52.53,0.44
BER: SYNC #31 (gated)
CSV,890010,89000,31,30,0,15361,0,0.000000e+00,0.000000e+00,199681277952.0,207661563904.0,1895861.2,50.40,0.17
CSV,895010,89500,31,30,0,15461,0,0.000000e+00,0.000000e+00,233425649664.0,167747502080.0,1094843.5,53.29,1.43
CSV,900010,90000,31,30,0,15561,0,0.000000e+00,0.000000e+00,203507826688.0,192222248960.0,1198815.2,52.30,0.25
CSV,905010,90500,31,30,0,15661,0,0.000000e+00,0.000000e+00,205847511040.0,197623349248.0,1141066.9,52.56,0.18
CSV,910010,91000,31,30,0,15761,0,0.000000e+00,0.000000e+00,214906748928.0,194400141312.0,1188948.6,52.57,0.44
BER: END_SEQ #31 [LOCK] seq_err=0 BER_seq=0.0000e+00 | lock=31 slip=0 BER_cond=0.0000e+00 BER_cum=0.0000e+00
CSV,915010,91500,31,31,0,15841,0,0.000000e+00,0.000000e+00,184497913856.0,209035640832.0,1353595.8,51.89,0.54
BER: SYNC #32 (gated)
CSV,920010,92000,32,31,0,15884,0,0.000000e+00,0.000000e+00,200712536064.0,188104998912.0,1727757.5,50.65,0.28
CSV,925010,92500,32,31,0,15984,0,0.000000e+00,0.000000e+00,236772343808.0,169468149760.0,1083554.4,53.39,1.45
CSV,930010,93000,32,31,0,16084,0,0.000000e+00,0.000000e+00,199948025856.0,209265393664.0,1322979.2,51.99,0.20
CSV,935010,93500,32,31,0,16184,0,0.000000e+00,0.000000e+00,208076341248.0,192550305792.0,1091159.0,52.80,0.34
CSV,940010,94000,32,31,0,16284,0,0.000000e+00,0.000000e+00,192342999040.0,201737879552.0,1316972.1,51.85,0.21
BER: END_SEQ #32 [LOCK] seq_err=0 BER_seq=0.0000e+00 | lock=32 slip=0 BER_cond=0.0000e+00 BER_cum=0.0000e+00
CSV,945010,94500,32,32,0,16352,0,0.000000e+00,0.000000e+00,196866113536.0,205792264192.0,1644882.2,50.97,0.19
BER: SYNC #33 (gated)
CSV,950010,95000,33,32,0,16407,0,0.000000e+00,0.000000e+00,210043338752.0,201248325632.0,1574595.5,51.25,0.19
CSV,955010,95500,33,32,0,16507,0,0.000000e+00,0.000000e+00,239344680960.0,165083676672.0,1093121.5,53.40,1.61
CSV,960010,96000,33,32,0,16606,0,0.000000e+00,0.000000e+00,200787640320.0,194790522880.0,1212498.1,52.19,0.13
CSV,965010,96500,33,32,0,16706,0,0.000000e+00,0.000000e+00,193053622272.0,209944756224.0,1186807.2,52.48,0.36
CSV,970010,97000,33,32,0,16806,0,0.000000e+00,0.000000e+00,217277104128.0,194352545792.0,1224045.2,52.49,0.48
BER: END_SEQ #33 [LOCK] seq_err=0 BER_seq=0.0000e+00 | lock=33 slip=0 BER_cond=0.0000e+00 BER_cum=0.0000e+00
CSV,975010,97500,33,33,0,16863,0,0.000000e+00,0.000000e+00,184313954304.0,208266870784.0,1720632.4,50.83,0.53
BER: SYNC #34 (gated)
CSV,980010,98000,34,33,0,16929,0,0.000000e+00,0.000000e+00,190333353984.0,203054383104.0,1276807.0,52.01,0.28
CSV,985010,98500,34,33,0,17029,0,0.000000e+00,0.000000e+00,251394998272.0,152448303104.0,1211349.5,53.17,2.17
CSV,990010,99000,34,33,0,17129,0,0.000000e+00,0.000000e+00,213763063808.0,197305843712.0,1129595.0,52.77,0.35
CSV,995010,99500,34,33,0,17229,0,0.000000e+00,0.000000e+00,188165046272.0,210550898688.0,1215808.6,52.38,0.49
CSV,1000010,100000,34,33,0,17329,0,0.000000e+00,0.000000e+00,207742943232.0,188743221248.0,1109913.9,52.72,0.42
BER: END_SEQ #34 [LOCK] seq_err=0 BER_seq=0.0000e+00 | lock=34 slip=0 BER_cond=0.0000e+00 BER_cum=0.0000e+00
CSV,1005010,100500,34,34,0,17374,0,0.000000e+00,0.000000e+00,182847946752.0,213385936896.0,1836516.2,50.65,0.67
BER: SYNC #35 (gated)
CSV,1010010,101000,35,34,0,17452,0,0.000000e+00,0.000000e+00,198891257856.0,212548288512.0,1283837.9,52.19,0.29
CSV,1015010,101500,35,34,0,17552,0,0.000000e+00,0.000000e+00,246599598080.0,158829871104.0,1165031.1,53.26,1.91
CSV,1020010,102000,35,34,0,17652,0,0.000000e+00,0.000000e+00,215966760960.0,182551756800.0,1129078.5,52.82,0.73
CSV,1025010,102500,35,34,0,17752,0,0.000000e+00,0.000000e+00,177655988224.0,221903896576.0,1198384.5,52.68,0.97
CSV,1030010,103000,35,34,0,17852,0,0.000000e+00,0.000000e+00,219228258304.0,193406418944.0,1352211.4,52.10,0.54
BER: END_SEQ #35 [LOCK] seq_err=0 BER_seq=0.0000e+00 | lock=35 slip=0 BER_cond=0.0000e+00 BER_cum=0.0000e+00
CSV,1035010,103500,35,35,0,17885,0,0.000000e+00,0.000000e+00,179745013760.0,213674852352.0,1954186.1,50.39,0.75
BER: SYNC #36 (gated)
CSV,1040010,104000,36,35,0,17975,0,0.000000e+00,0.000000e+00,203275943936.0,195699818496.0,1191989.5,52.32,0.16
CSV,1045010,104500,36,35,0,18075,0,0.000000e+00,0.000000e+00,244311212032.0,161727676416.0,1200937.8,53.08,1.79
CSV,1050010,105000,36,35,0,18175,0,0.000000e+00,0.000000e+00,211091718144.0,203357372416.0,1210346.0,52.42,0.16
CSV,1055010,105500,36,35,0,18275,0,0.000000e+00,0.000000e+00,201256353792.0,201799434240.0,1205854.9,52.24,0.01
CSV,1060010,106000,36,35,0,18374,0,0.000000e+00,0.000000e+00,206746206208.0,192789184512.0,1093948.8,52.76,0.30
BER: END_SEQ #36 [LOCK] seq_err=0 BER_seq=0.0000e+00 | lock=36 slip=0 BER_cond=0.0000e+00 BER_cum=0.0000e+00
BER: SYNC #37 (gated)
CSV,1065010,106500,37,36,0,18397,0,0.000000e+00,0.000000e+00,174622113792.0,219320254464.0,2006853.0,50.39,0.99
CSV,1070010,107000,37,36,0,18497,0,0.000000e+00,0.000000e+00,211338444800.0,203107663872.0,1164714.4,52.59,0.17
CSV,1075010,107500,37,36,0,18597,0,0.000000e+00,0.000000e+00,250901807104.0,157663494144.0,1135836.0,53.44,2.02
CSV,1080010,108000,37,36,0,18697,0,0.000000e+00,0.000000e+00,203631165440.0,197096423424.0,1119803.5,52.60,0.14
CSV,1085010,108500,37,36,0,18797,0,0.000000e+00,0.000000e+00,194498281472.0,207346188288.0,1243337.5,52.22,0.28
CSV,1090010,109000,37,36,0,18897,0,0.000000e+00,0.000000e+00,211571507200.0,204403359744.0,1086283.0,52.90,0.15
BER: END_SEQ #37 [LOCK] seq_err=0 BER_seq=0.0000e+00 | lock=37 slip=0 BER_cond=0.0000e+00 BER_cum=0.0000e+00
BER: SYNC #38 (gated)
CSV,1095010,109500,38,37,0,18920,0,0.000000e+00,0.000000e+00,175633301504.0,223463768064.0,2072462.5,50.33,1.05
CSV,1100010,110000,38,37,0,19020,0,0.000000e+00,0.000000e+00,209863933952.0,190147805184.0,1196245.6,52.44,0.43
CSV,1105010,110500,38,37,0,19120,0,0.000000e+00,0.000000e+00,240360603648.0,165995495424.0,1205232.4,53.00,1.61
CSV,1110010,111000,38,37,0,19220,0,0.000000e+00,0.000000e+00,218083377152.0,197407604736.0,1318319.0,52.19,0.43
CSV,1115010,111500,38,37,0,19320,0,0.000000e+00,0.000000e+00,195351117824.0,210314756096.0,1149132.8,52.62,0.32
BER: END_SEQ #38 [LOCK] seq_err=0 BER_seq=0.0000e+00 | lock=38 slip=0 BER_cond=0.0000e+00 BER_cum=0.0000e+00
CSV,1120010,112000,38,38,0,19418,0,0.000000e+00,0.000000e+00,191133417472.0,208908730368.0,1297919.8,52.07,0.39
BER: SYNC #39 (gated)
CSV,1125010,112500,39,38,0,19443,0,0.000000e+00,0.000000e+00,189363535872.0,201794109440.0,1933309.6,50.19,0.28
CSV,1130010,113000,39,38,0,19543,0,0.000000e+00,0.000000e+00,233396125696.0,181341995008.0,1341880.2,52.40,1.10
CSV,1135010,113500,39,38,0,19643,0,0.000000e+00,0.000000e+00,228747640832.0,179336331264.0,1253800.1,52.61,1.06
CSV,1140010,114000,39,38,0,19743,0,0.000000e+00,0.000000e+00,203388370944.0,197248270336.0,1046174.1,52.89,0.13
CSV,1145010,114500,39,38,0,19843,0,0.000000e+00,0.000000e+00,195525869568.0,205092716544.0,1159630.8,52.48,0.21
BER: END_SEQ #39 [LOCK] seq_err=0 BER_seq=0.0000e+00 | lock=39 slip=0 BER_cond=0.0000e+00 BER_cum=0.0000e+00
CSV,1150010,115000,39,39,0,19929,0,0.000000e+00,0.000000e+00,197074747392.0,214801940480.0,1142836.4,52.74,0.37
BER: SYNC #40 (gated)
CSV,1155010,115500,40,39,0,19966,0,0.000000e+00,0.000000e+00,206084145152.0,199967883264.0,1861176.6,50.44,0.13
CSV,1160010,116000,40,39,0,20065,0,0.000000e+00,0.000000e+00,234066247680.0,168543191040.0,1229712.8,52.80,1.43
CSV,1165010,116500,40,39,0,20165,0,0.000000e+00,0.000000e+00,203886231552.0,196900372480.0,1199009.0,52.31,0.15
CSV,1170010,117000,40,39,0,20265,0,0.000000e+00,0.000000e+00,210300338176.0,203428315136.0,1262157.2,52.22,0.14
CSV,1175010,117500,40,39,0,20365,0,0.000000e+00,0.000000e+00,204355977216.0,205848346624.0,1188197.5,52.39,0.03
BER: END_SEQ #40 [LOCK] seq_err=0 BER_seq=0.0000e+00 | lock=40 slip=0 BER_cond=0.0000e+00 BER_cum=0.0000e+00
CSV,1180010,118000,40,40,0,20440,0,0.000000e+00,0.000000e+00,190802165760.0,207158575104.0,1384234.1,51.75,0.36
BER: SYNC #41 (gated)
CSV,1185010,118500,41,40,0,20488,0,0.000000e+00,0.000000e+00,197754454016.0,199207469056.0,1743539.1,50.58,0.03
CSV,1190010,119000,41,40,0,20588,0,0.000000e+00,0.000000e+00,250882883584.0,167239991296.0,1049418.9,53.79,1.76
CSV,1195010,119500,41,40,0,20688,0,0.000000e+00,0.000000e+00,203387027456.0,208045342720.0,1254256.6,52.20,0.10
CSV,1200010,120000,41,40,0,20788,0,0.000000e+00,0.000000e+00,203093278720.0,201605070848.0,1208861.0,52.25,0.03
CSV,1205010,120500,41,40,0,20888,0,0.000000e+00,0.000000e+00,201953214464.0,199816101888.0,1449013.4,51.44,0.05
BER: END_SEQ #41 [LOCK] seq_err=0 BER_seq=0.0000e+00 | lock=41 slip=0 BER_cond=0.0000e+00 BER_cum=0.0000e+00
CSV,1210010,121000,41,41,0,20951,0,0.000000e+00,0.000000e+00,200224145408.0,213309046784.0,1617612.1,51.20,0.27
BER: SYNC #42 (gated)
CSV,1215010,121500,42,41,0,21011,0,0.000000e+00,0.000000e+00,206596816896.0,207237480448.0,1497968.0,51.41,0.01
CSV,1220010,122000,42,41,0,21111,0,0.000000e+00,0.000000e+00,242177835008.0,164626006016.0,1208307.0,53.02,1.68
CSV,1225010,122500,42,41,0,21211,0,0.000000e+00,0.000000e+00,209838882816.0,194485174272.0,1130047.8,52.69,0.33
CSV,1230010,123000,42,41,0,21311,0,0.000000e+00,0.000000e+00,202447618048.0,212029390848.0,1194832.2,52.49,0.20
CSV,1235010,123500,42,41,0,21411,0,0.000000e+00,0.000000e+00,215875174400.0,200571846656.0,1271751.9,52.30,0.32
BER: END_SEQ #42 [LOCK] seq_err=0 BER_seq=0.0000e+00 | lock=42 slip=0 BER_cond=0.0000e+00 BER_cum=0.0000e+00
CSV,1240010,124000,42,42,0,21462,0,0.000000e+00,0.000000e+00,183653416960.0,213462712320.0,1699372.8,50.99,0.65
BER: SYNC #43 (gated)
CSV,1245010,124500,43,42,0,21534,0,0.000000e+00,0.000000e+00,187715207168.0,214506389504.0,1400518.2,51.85,0.58
CSV,1250010,125000,43,42,0,21634,0,0.000000e+00,0.000000e+00,259053436928.0,159075319808.0,1198249.2,53.35,2.12
CSV,1255010,125500,43,42,0,21734,0,0.000000e+00,0.000000e+00,225654325248.0,193088880640.0,1352625.6,52.22,0.68
CSV,1260010,126000,43,42,0,21834,0,0.000000e+00,0.000000e+00,180079804416.0,224632176640.0,1212866.9,52.68,0.96
CSV,1265010,126500,43,42,0,21933,0,0.000000e+00,0.000000e+00,218252427264.0,185743474688.0,1419367.9,51.87,0.70
BER: END_SEQ #43 [LOCK] seq_err=0 BER_seq=0.0000e+00 | lock=43 slip=0 BER_cond=0.0000e+00 BER_cum=0.0000e+00
CSV,1270010,127000,43,43,0,21973,0,0.000000e+00,0.000000e+00,189961748480.0,219164557312.0,2029818.0,50.33,0.62
BER: SYNC #44 (gated)
CSV,1275010,127500,44,43,0,22056,0,0.000000e+00,0.000000e+00,203464687616.0,213770846208.0,1195013.4,52.53,0.21
CSV,1280010,128000,44,43,0,22156,0,0.000000e+00,0.000000e+00,243144212480.0,165831606272.0,1198110.4,53.07,1.66
CSV,1285010,128500,44,43,0,22256,0,0.000000e+00,0.000000e+00,218169196544.0,185924747264.0,1246363.4,52.43,0.69
CSV,1290010,129000,44,43,0,22356,0,0.000000e+00,0.000000e+00,190532435968.0,220427763712.0,1232058.1,52.53,0.63
CSV,1295010,129500,44,43,0,22456,0,0.000000e+00,0.000000e+00,214305472512.0,204546392064.0,1093390.1,52.92,0.20
BER: END_SEQ #44 [LOCK] seq_err=0 BER_seq=0.0000e+00 | lock=44 slip=0 BER_cond=0.0000e+00 BER_cum=0.0000e+00
CSV,1300010,130000,44,44,0,22484,0,0.000000e+00,0.000000e+00,179819380736.0,216944263168.0,1889531.6,50.60,0.82
BER: SYNC #45 (gated)
CSV,1305010,130500,45,44,0,22579,0,0.000000e+00,0.000000e+00,210407751680.0,194005254144.0,1257294.9,52.24,0.35
CSV,1310010,131000,45,44,0,22679,0,0.000000e+00,0.000000e+00,256016793600.0,160277020672.0,1138968.4,53.52,2.03
CSV,1315010,131500,45,44,0,22779,0,0.000000e+00,0.000000e+00,211534053376.0,206994685952.0,1205732.1,52.44,0.09
CSV,1320010,132000,45,44,0,22879,0,0.000000e+00,0.000000e+00,198855933952.0,206771781632.0,1232798.4,52.25,0.17
CSV,1325010,132500,45,44,0,22979,0,0.000000e+00,0.000000e+00,200411627520.0,204998656000.0,1344019.4,51.83,0.10
BER: END_SEQ #45 [LOCK] seq_err=0 BER_seq=0.0000e+00 | lock=45 slip=0 BER_cond=0.0000e+00 BER_cum=0.0000e+00
BER: SYNC #46 (gated)
CSV,1330010,133000,46,45,0,23002,0,0.000000e+00,0.000000e+00,188977463296.0,217148358656.0,2012214.8,50.33,0.60
CSV,1335010,133500,46,45,0,23102,0,0.000000e+00,0.000000e+00,210231361536.0,209503682560.0,1372008.8,51.85,0.02
CSV,1340010,134000,46,45,0,23202,0,0.000000e+00,0.000000e+00,251304558592.0,160822034432.0,1316774.0,52.81,1.94
CSV,1345010,134500,46,45,0,23302,0,0.000000e+00,0.000000e+00,205800554496.0,199542685696.0,1124298.1,52.63,0.13
CSV,1350010,135000,46,45,0,23402,0,0.000000e+00,0.000000e+00,196037443584.0,214794567680.0,1292530.9,52.21,0.40
CSV,1355010,135500,46,45,0,23502,0,0.000000e+00,0.000000e+00,210048811008.0,212165328896.0,956501.6,53.46,0.04
BER: END_SEQ #46 [LOCK] seq_err=0 BER_seq=0.0000e+00 | lock=46 slip=0 BER_cond=0.0000e+00 BER_cum=0.0000e+00
BER: SYNC #47 (gated)
CSV,1360010,136000,47,46,0,23525,0,0.000000e+00,0.000000e+00,186482229248.0,213873950720.0,2024242.8,50.24,0.60
CSV,1365010,136500,47,46,0,23624,0,0.000000e+00,0.000000e+00,218002014208.0,186545700864.0,1213101.6,52.55,0.68
CSV,1370010,137000,47,46,0,23724,0,0.000000e+00,0.000000e+00,241323507712.0,173192314880.0,1158633.9,53.19,1.44
CSV,1375010,137500,47,46,0,23824,0,0.000000e+00,0.000000e+00,214323003392.0,206557396992.0,1313767.1,52.13,0.16
CSV,1380010,138000,47,46,0,23924,0,0.000000e+00,0.000000e+00,203795775488.0,206206484480.0,1245639.8,52.19,0.05
BER: END_SEQ #47 [LOCK] seq_err=0 BER_seq=0.0000e+00 | lock=47 slip=0 BER_cond=0.0000e+00 BER_cum=0.0000e+00
CSV,1385010,138500,47,47,0,24017,0,0.000000e+00,0.000000e+00,188928147456.0,217560449024.0,1200161.4,52.58,0.61
BER: SYNC #48 (gated)
CSV,1390010,139000,48,47,0,24047,0,0.000000e+00,0.000000e+00,194800877568.0,208928292864.0,1992088.8,50.21,0.30
CSV,1395010,139500,48,47,0,24147,0,0.000000e+00,0.000000e+00,246253879296.0,179757088768.0,1094397.8,53.52,1.37
CSV,1400010,140000,48,47,0,24247,0,0.000000e+00,0.000000e+00,215383441408.0,195369467904.0,1310073.5,52.16,0.42
CSV,1405010,140500,48,47,0,24347,0,0.000000e+00,0.000000e+00,206662451200.0,199533428736.0,1111049.6,52.70,0.15
CSV,1410010,141000,48,47,0,24447,0,0.000000e+00,0.000000e+00,210443583488.0,199432077312.0,1261042.1,52.22,0.23
BER: END_SEQ #48 [LOCK] seq_err=0 BER_seq=0.0000e+00 | lock=48 slip=0 BER_cond=0.0000e+00 BER_cum=0.0000e+00
CSV,1415010,141500,48,48,0,24528,0,0.000000e+00,0.000000e+00,199068844032.0,220194816000.0,1392513.2,51.99,0.44
BER: SYNC #49 (gated)
CSV,1420010,142000,49,48,0,24570,0,0.000000e+00,0.000000e+00,208429400064.0,198220234752.0,1745966.9,50.77,0.22
CSV,1425010,142500,49,48,0,24670,0,0.000000e+00,0.000000e+00,237317963776.0,171617861632.0,1222256.9,52.88,1.41
CSV,1430010,143000,49,48,0,24770,0,0.000000e+00,0.000000e+00,201533112320.0,206560444416.0,1243851.9,52.20,0.11
CSV,1435010,143500,49,48,0,24870,0,0.000000e+00,0.000000e+00,219317288960.0,202017226752.0,1181286.2,52.69,0.36
CSV,1440010,144000,49,48,0,24970,0,0.000000e+00,0.000000e+00,196308598784.0,212780285952.0,1253261.9,52.30,0.35
BER: END_SEQ #49 [LOCK] seq_err=0 BER_seq=0.0000e+00 | lock=49 slip=0 BER_cond=0.0000e+00 BER_cum=0.0000e+00
CSV,1445010,144500,49,49,0,25039,0,0.000000e+00,0.000000e+00,199123894272.0,201935093760.0,1517642.9,51.24,0.06
BER: SYNC #50 (gated)
CSV,1450010,145000,50,49,0,25093,0,0.000000e+00,0.000000e+00,205901398016.0,199443972096.0,1514298.1,51.33,0.14
CSV,1455010,145500,50,49,0,25193,0,0.000000e+00,0.000000e+00,250105528320.0,174558576640.0,1068716.1,53.69,1.56
CSV,1460010,146000,50,49,0,25293,0,0.000000e+00,0.000000e+00,204619743232.0,205567426560.0,1226255.0,52.24,0.02
CSV,1465010,146500,50,49,0,25392,0,0.000000e+00,0.000000e+00,196767498240.0,207776104448.0,1119289.8,52.69,0.24
CSV,1470010,147000,50,49,0,25492,0,0.000000e+00,0.000000e+00,210938298368.0,195888463872.0,1239905.8,52.31,0.32
BER: END_SEQ #50 [LOCK] seq_err=0 BER_seq=0.0000e+00 | lock=50 slip=0 BER_cond=0.0000e+00 BER_cum=0.0000e+00
CSV,1475010,147500,50,50,0,25550,0,0.000000e+00,0.000000e+00,200182579200.0,218402209792.0,1744681.5,50.98,0.38
BER: SYNC #51 (gated)
CSV,1480010,148000,51,50,0,25615,0,0.000000e+00,0.000000e+00,196257316864.0,214922461184.0,1329638.1,52.09,0.39
CSV,1485010,148500,51,50,0,25715,0,0.000000e+00,0.000000e+00,256015138816.0,152840372224.0,1197084.5,53.30,2.24
CSV,1490010,149000,51,50,0,25815,0,0.000000e+00,0.000000e+00,210030870528.0,197716443136.0,1218669.0,52.36,0.26
CSV,1495010,149500,51,50,0,25915,0,0.000000e+00,0.000000e+00,200231698432.0,218482982912.0,1206007.8,52.58,0.38
CSV,1500010,150000,51,50,0,26015,0,0.000000e+00,0.000000e+00,214566305792.0,198319652864.0,1246171.1,52.36,0.34
BER: END_SEQ #51 [LOCK] seq_err=0 BER_seq=0.0000e+00 | lock=51 slip=0 BER_cond=0.0000e+00 BER_cum=0.0000e+00
CSV,1505010,150500,51,51,0,26061,0,0.000000e+00,0.000000e+00,183672209408.0,212152958976.0,1832732.4,50.64,0.63

=========================================
=== END OF TEST (duration=25 min) ===
=========================================
FINAL: syncs=51 lock=51 slip=0 slip_rate=0.0000
FINAL: bits_cum=26061 err_cum=0 BER_cum=0.0000e+00
FINAL: bits_lock=26061 err_lock=0 BER_cond=0.0000e+00
=========================================
=== STOP LOGGING NOW ===
=========================================
