

=== RX BOOT - BER TEST MODE ===
MOD=OOK (20 kHz carrier, adaptive threshold)
BPS_MODE=40 (HALF_SAMPLES=1000, 5000 samples/bit @ 200000 Hz)
Expect: 64-bit preamble + Barker13 (1F35h, gated by 8 preamble bits = 0x55) + 511-bit PRBS-9
Noise floor band: 5000 Hz; lock threshold: BER<0.10
Auto-stop: test will halt 25 min after the first sync.
RX: edge-tracking sync, center-3 voting
Starting decoder...

BER: SYNC #1 (gated)
CSV,5008,1000,1,0,0,41,0,0.000000e+00,0.000000e+00,410994.9,51513884672.0,320997.7,52.05,50.98
CSV,10008,2000,1,0,0,241,0,0.000000e+00,0.000000e+00,469686.7,48393764864.0,321463.4,51.78,50.13
CSV,15008,3000,1,0,0,441,0,0.000000e+00,0.000000e+00,476864.2,52135882752.0,338706.5,51.87,50.39
BER: END_SEQ #1 [LOCK] seq_err=0 BER_seq=0.0000e+00 | lock=1 slip=0 BER_cond=0.0000e+00 BER_cum=0.0000e+00
BER: SYNC #2 (gated)
CSV,20008,4000,2,1,0,564,0,0.000000e+00,0.000000e+00,549025.6,51928449024.0,395392.6,51.18,49.76
CSV,25008,5000,2,1,0,764,0,0.000000e+00,0.000000e+00,492275.2,47672926208.0,343868.0,51.42,49.86
CSV,30008,6000,2,1,0,964,0,0.000000e+00,0.000000e+00,465662.6,52042739712.0,366843.1,51.52,50.48
BER: END_SEQ #2 [LOCK] seq_err=0 BER_seq=0.0000e+00 | lock=2 slip=0 BER_cond=0.0000e+00 BER_cum=0.0000e+00
BER: SYNC #3 (gated)
CSV,35008,7000,3,2,0,1087,0,0.000000e+00,0.000000e+00,525706.9,53942562816.0,392843.1,51.38,50.11
CSV,40008,8000,3,2,0,1287,0,0.000000e+00,0.000000e+00,463463.4,45401120768.0,365115.5,50.95,49.91
CSV,45008,9000,3,2,0,1486,0,0.000000e+00,0.000000e+00,503262.7,52232040448.0,346038.4,51.79,50.16
BER: END_SEQ #3 [LOCK] seq_err=0 BER_seq=0.0000e+00 | lock=3 slip=0 BER_cond=0.0000e+00 BER_cum=0.0000e+00
BER: SYNC #4 (gated)
CSV,50008,10000,4,3,0,1609,0,0.000000e+00,0.000000e+00,539396.4,54625947648.0,393241.2,51.43,50.05
CSV,55008,11000,4,3,0,1809,0,0.000000e+00,0.000000e+00,459896.9,44808069120.0,328384.9,51.35,49.89
CSV,60008,12000,4,3,0,2009,0,0.000000e+00,0.000000e+00,437437.0,54050721792.0,318702.5,52.29,50.92
BER: END_SEQ #4 [LOCK] seq_err=0 BER_seq=0.0000e+00 | lock=4 slip=0 BER_cond=0.0000e+00 BER_cum=0.0000e+00
BER: SYNC #5 (gated)
CSV,65008,13000,5,4,0,2132,0,0.000000e+00,0.000000e+00,499727.7,53430292480.0,331388.0,52.07,50.29
CSV,70008,14000,5,4,0,2332,0,0.000000e+00,0.000000e+00,405833.8,47187095552.0,301959.7,51.94,50.65
CSV,75008,15000,5,4,0,2532,0,0.000000e+00,0.000000e+00,413570.1,51898462208.0,316971.5,52.14,50.99
BER: END_SEQ #5 [LOCK] seq_err=0 BER_seq=0.0000e+00 | lock=5 slip=0 BER_cond=0.0000e+00 BER_cum=0.0000e+00
BER: SYNC #6 (gated)
CSV,80008,16000,6,5,0,2655,0,0.000000e+00,0.000000e+00,499031.6,54797201408.0,330499.8,52.20,50.41
CSV,85008,17000,6,5,0,2855,0,0.000000e+00,0.000000e+00,422969.4,45527707648.0,315460.0,51.59,50.32
CSV,90008,18000,6,5,0,3054,0,0.000000e+00,0.000000e+00,477289.4,54386339840.0,304468.0,52.52,50.57
BER: END_SEQ #6 [LOCK] seq_err=0 BER_seq=0.0000e+00 | lock=6 slip=0 BER_cond=0.0000e+00 BER_cum=0.0000e+00
BER: SYNC #7 (gated)
CSV,95008,19000,7,6,0,3178,0,0.000000e+00,0.000000e+00,492783.6,52711739392.0,356974.7,51.69,50.29
CSV,100008,20000,7,6,0,3377,0,0.000000e+00,0.000000e+00,418008.7,47107031040.0,298597.9,51.98,50.52
BER: END_SEQ #7 [LOCK] seq_err=0 BER_seq=0.0000e+00 | lock=7 slip=0 BER_cond=0.0000e+00 BER_cum=0.0000e+00
CSV,105008,21000,7,7,0,3577,0,0.000000e+00,0.000000e+00,405092.4,54472986624.0,317706.3,52.34,51.29
BER: SYNC #8 (gated)
CSV,110008,22000,8,7,0,3700,0,0.000000e+00,0.000000e+00,519390.8,51139571712.0,355289.7,51.58,49.93
CSV,115008,23000,8,7,0,3900,0,0.000000e+00,0.000000e+00,431849.1,47880421376.0,304562.8,51.96,50.45
BER: END_SEQ #8 [LOCK] seq_err=0 BER_seq=0.0000e+00 | lock=8 slip=0 BER_cond=0.0000e+00 BER_cum=0.0000e+00
CSV,120008,24000,8,8,0,4088,0,0.000000e+00,0.000000e+00,448889.8,55363518464.0,306857.9,52.56,50.91
BER: SYNC #9 (gated)
CSV,125008,25000,9,8,0,4223,0,0.000000e+00,0.000000e+00,499782.8,47696236544.0,344557.3,51.41,49.80
CSV,130008,26000,9,8,0,4423,0,0.000000e+00,0.000000e+00,451427.6,52547366912.0,304125.8,52.37,50.66
BER: END_SEQ #9 [LOCK] seq_err=0 BER_seq=0.0000e+00 | lock=9 slip=0 BER_cond=0.0000e+00 BER_cum=0.0000e+00
CSV,135008,27000,9,9,0,4599,0,0.000000e+00,0.000000e+00,486207.3,52733456384.0,329580.3,52.04,50.35
BER: SYNC #10 (gated)
CSV,140008,28000,10,9,0,4745,0,0.000000e+00,0.000000e+00,477345.6,47671738368.0,310992.5,51.86,49.99
CSV,145008,29000,10,9,0,4945,0,0.000000e+00,0.000000e+00,457158.8,52241739776.0,286701.1,52.61,50.58
BER: END_SEQ #10 [LOCK] seq_err=0 BER_seq=0.0000e+00 | lock=10 slip=0 BER_cond=0.0000e+00 BER_cum=0.0000e+00
CSV,150008,30000,10,10,0,5110,0,0.000000e+00,0.000000e+00,470468.6,54185955328.0,321524.7,52.27,50.61
BER: SYNC #11 (gated)
CSV,155008,31000,11,10,0,5268,0,0.000000e+00,0.000000e+00,450699.5,46844424192.0,318026.9,51.68,50.17
CSV,160008,32000,11,10,0,5468,0,0.000000e+00,0.000000e+00,448458.7,53823971328.0,288249.3,52.71,50.79
BER: END_SEQ #11 [LOCK] seq_err=0 BER_seq=0.0000e+00 | lock=11 slip=0 BER_cond=0.0000e+00 BER_cum=0.0000e+00
CSV,165008,33000,11,11,0,5621,0,0.000000e+00,0.000000e+00,539708.6,52066623488.0,337009.0,51.89,49.84
BER: SYNC #12 (gated)
CSV,170008,34000,12,11,0,5791,0,0.000000e+00,0.000000e+00,419818.3,48756408320.0,290388.7,52.25,50.65
CSV,175008,35000,12,11,0,5991,0,0.000000e+00,0.000000e+00,450015.4,52171374592.0,276860.7,52.75,50.64
BER: END_SEQ #12 [LOCK] seq_err=0 BER_seq=0.0000e+00 | lock=12 slip=0 BER_cond=0.0000e+00 BER_cum=0.0000e+00
CSV,180008,36000,12,12,0,6132,0,0.000000e+00,0.000000e+00,509586.7,53080563712.0,328600.8,52.08,50.18
BER: SYNC #13 (gated)
CSV,185008,37000,13,12,0,6314,0,0.000000e+00,0.000000e+00,411598.8,48099467264.0,299388.6,52.06,50.68
CSV,190008,38000,13,12,0,6513,0,0.000000e+00,0.000000e+00,456626.9,53554442240.0,307627.5,52.41,50.69
BER: END_SEQ #13 [LOCK] seq_err=0 BER_seq=0.0000e+00 | lock=13 slip=0 BER_cond=0.0000e+00 BER_cum=0.0000e+00
CSV,195008,39000,13,13,0,6643,0,0.000000e+00,0.000000e+00,504087.0,52358942720.0,336672.6,51.92,50.16
BER: SYNC #14 (gated)
CSV,200008,40000,14,13,0,6836,0,0.000000e+00,0.000000e+00,401651.2,46830751744.0,279560.9,52.24,50.67
CSV,205008,41000,14,13,0,7036,0,0.000000e+00,0.000000e+00,450956.7,52159004672.0,297737.3,52.43,50.63
BER: END_SEQ #14 [LOCK] seq_err=0 BER_seq=0.0000e+00 | lock=14 slip=0 BER_cond=0.0000e+00 BER_cum=0.0000e+00
BER: SYNC #15 (gated)
CSV,210008,42000,15,14,0,7159,0,0.000000e+00,0.000000e+00,530898.8,54615699456.0,329930.2,52.19,50.12
CSV,215008,43000,15,14,0,7359,0,0.000000e+00,0.000000e+00,444762.1,46340091904.0,311556.2,51.72,50.18
CSV,220008,44000,15,14,0,7559,0,0.000000e+00,0.000000e+00,444485.6,53837787136.0,316077.1,52.31,50.83
BER: END_SEQ #15 [LOCK] seq_err=0 BER_seq=0.0000e+00 | lock=15 slip=0 BER_cond=0.0000e+00 BER_cum=0.0000e+00
BER: SYNC #16 (gated)
CSV,225008,45000,16,15,0,7682,0,0.000000e+00,0.000000e+00,486559.6,53533536256.0,330337.7,52.10,50.41
CSV,230008,46000,16,15,0,7882,0,0.000000e+00,0.000000e+00,445541.7,47079731200.0,289228.8,52.12,50.24
CSV,235008,47000,16,15,0,8082,0,0.000000e+00,0.000000e+00,438677.2,51139436544.0,307347.7,52.21,50.67
BER: END_SEQ #16 [LOCK] seq_err=0 BER_seq=0.0000e+00 | lock=16 slip=0 BER_cond=0.0000e+00 BER_cum=0.0000e+00
BER: SYNC #17 (gated)
CSV,240008,48000,17,16,0,8204,0,0.000000e+00,0.000000e+00,496091.3,56051982336.0,344763.8,52.11,50.53
CSV,245008,49000,17,16,0,8405,0,0.000000e+00,0.000000e+00,448185.1,46261071872.0,293065.3,51.98,50.14
CSV,250008,50000,17,16,0,8604,0,0.000000e+00,0.000000e+00,439598.0,52482465792.0,307151.9,52.33,50.77
BER: END_SEQ #17 [LOCK] seq_err=0 BER_seq=0.0000e+00 | lock=17 slip=0 BER_cond=0.0000e+00 BER_cum=0.0000e+00
BER: SYNC #18 (gated)
CSV,255008,51000,18,17,0,8727,0,0.000000e+00,0.000000e+00,530476.8,52613701632.0,338835.2,51.91,49.96
CSV,260008,52000,18,17,0,8927,0,0.000000e+00,0.000000e+00,438490.4,49263775744.0,303887.0,52.10,50.51
CSV,265008,53000,18,17,0,9127,0,0.000000e+00,0.000000e+00,432300.1,51688157184.0,317463.6,52.12,50.78
BER: END_SEQ #18 [LOCK] seq_err=0 BER_seq=0.0000e+00 | lock=18 slip=0 BER_cond=0.0000e+00 BER_cum=0.0000e+00
BER: SYNC #19 (gated)
CSV,270008,54000,19,18,0,9250,0,0.000000e+00,0.000000e+00,468912.3,53574590464.0,345362.6,51.91,50.58
CSV,275008,55000,19,18,0,9450,0,0.000000e+00,0.000000e+00,427655.4,47555178496.0,294810.1,52.08,50.46
CSV,280008,56000,19,18,0,9650,0,0.000000e+00,0.000000e+00,487553.7,52529131520.0,306790.1,52.34,50.32
BER: END_SEQ #19 [LOCK] seq_err=0 BER_seq=0.0000e+00 | lock=19 slip=0 BER_cond=0.0000e+00 BER_cum=0.0000e+00
BER: SYNC #20 (gated)
CSV,285008,57000,20,19,0,9773,0,0.000000e+00,0.000000e+00,512654.6,54010228736.0,351562.7,51.86,50.23
CSV,290008,58000,20,19,0,9973,0,0.000000e+00,0.000000e+00,417922.6,46111191040.0,320634.5,51.58,50.43
CSV,295008,59000,20,19,0,10173,0,0.000000e+00,0.000000e+00,433190.8,52811780096.0,322044.2,52.15,50.86
BER: END_SEQ #20 [LOCK] seq_err=0 BER_seq=0.0000e+00 | lock=20 slip=0 BER_cond=0.0000e+00 BER_cum=0.0000e+00
BER: SYNC #21 (gated)
CSV,300008,60000,21,20,0,10295,0,0.000000e+00,0.000000e+00,497349.8,55188746240.0,345822.3,52.03,50.45
CSV,305008,61000,21,20,0,10495,0,0.000000e+00,0.000000e+00,418942.3,44575805440.0,338590.7,51.19,50.27
CSV,310008,62000,21,20,0,10695,0,0.000000e+00,0.000000e+00,461088.9,54254301184.0,303219.7,52.53,50.71
BER: END_SEQ #21 [LOCK] seq_err=0 BER_seq=0.0000e+00 | lock=21 slip=0 BER_cond=0.0000e+00 BER_cum=0.0000e+00
BER: SYNC #22 (gated)
CSV,315008,63000,22,21,0,10818,0,0.000000e+00,0.000000e+00,515319.9,53581926400.0,352452.8,51.82,50.17
CSV,320008,64000,22,21,0,11018,0,0.000000e+00,0.000000e+00,428281.7,47646253056.0,305343.2,51.93,50.46
CSV,325008,65000,22,21,0,11218,0,0.000000e+00,0.000000e+00,477359.2,52325670912.0,304959.6,52.34,50.40
BER: END_SEQ #22 [LOCK] seq_err=0 BER_seq=0.0000e+00 | lock=22 slip=0 BER_cond=0.0000e+00 BER_cum=0.0000e+00
BER: SYNC #23 (gated)
CSV,330008,66000,23,22,0,11341,0,0.000000e+00,0.000000e+00,511304.3,54569041920.0,329927.3,52.19,50.28
CSV,335008,67000,23,22,0,11541,0,0.000000e+00,0.000000e+00,439394.4,45722816512.0,295623.6,51.89,50.17
CSV,340008,68000,23,22,0,11741,0,0.000000e+00,0.000000e+00,425124.1,54329098240.0,305384.2,52.50,51.07
BER: END_SEQ #23 [LOCK] seq_err=0 BER_seq=0.0000e+00 | lock=23 slip=0 BER_cond=0.0000e+00 BER_cum=0.0000e+00
BER: SYNC #24 (gated)
CSV,345008,69000,24,23,0,11863,0,0.000000e+00,0.000000e+00,520685.2,52798836736.0,351318.6,51.77,50.06
CSV,350008,70000,24,23,0,12063,0,0.000000e+00,0.000000e+00,432073.8,47370125312.0,271723.9,52.41,50.40
CSV,355008,71000,24,23,0,12263,0,0.000000e+00,0.000000e+00,426366.5,54816301056.0,284257.5,52.85,51.09
BER: END_SEQ #24 [LOCK] seq_err=0 BER_seq=0.0000e+00 | lock=24 slip=0 BER_cond=0.0000e+00 BER_cum=0.0000e+00
BER: SYNC #25 (gated)
CSV,360008,72000,25,24,0,12386,0,0.000000e+00,0.000000e+00,522994.5,50606518272.0,339469.2,51.73,49.86
CSV,365008,73000,25,24,0,12586,0,0.000000e+00,0.000000e+00,444109.2,47925702656.0,305723.1,51.95,50.33
BER: END_SEQ #25 [LOCK] seq_err=0 BER_seq=0.0000e+00 | lock=25 slip=0 BER_cond=0.0000e+00 BER_cum=0.0000e+00
CSV,370008,74000,25,25,0,12775,0,0.000000e+00,0.000000e+00,471668.7,54781091840.0,302653.8,52.58,50.65
BER: SYNC #26 (gated)
CSV,375008,75000,26,25,0,12909,0,0.000000e+00,0.000000e+00,513045.2,48342503424.0,339359.2,51.54,49.74
CSV,380008,76000,26,25,0,13109,0,0.000000e+00,0.000000e+00,435682.3,52371734528.0,270965.5,52.86,50.80
BER: END_SEQ #26 [LOCK] seq_err=0 BER_seq=0.0000e+00 | lock=26 slip=0 BER_cond=0.0000e+00 BER_cum=0.0000e+00
CSV,385008,77000,26,26,0,13286,0,0.000000e+00,0.000000e+00,418608.9,52691410944.0,290453.2,52.59,51.00
BER: SYNC #27 (gated)
CSV,390008,78000,27,26,0,13432,0,0.000000e+00,0.000000e+00,476783.7,47306780672.0,318113.4,51.72,49.97
CSV,395008,79000,27,26,0,13632,0,0.000000e+00,0.000000e+00,447802.7,52801658880.0,287879.1,52.63,50.72
BER: END_SEQ #27 [LOCK] seq_err=0 BER_seq=0.0000e+00 | lock=27 slip=0 BER_cond=0.0000e+00 BER_cum=0.0000e+00
CSV,400008,80000,27,27,0,13797,0,0.000000e+00,0.000000e+00,500825.7,53423013888.0,316227.1,52.28,50.28
BER: SYNC #28 (gated)
CSV,405008,81000,28,27,0,13954,0,0.000000e+00,0.000000e+00,478185.5,47673237504.0,309753.6,51.87,49.99
CSV,410008,82000,28,27,0,14154,0,0.000000e+00,0.000000e+00,441038.1,53411397632.0,286796.9,52.70,50.83
BER: END_SEQ #28 [LOCK] seq_err=0 BER_seq=0.0000e+00 | lock=28 slip=0 BER_cond=0.0000e+00 BER_cum=0.0000e+00
CSV,415008,83000,28,28,0,14308,0,0.000000e+00,0.000000e+00,508601.0,52580253696.0,327462.6,52.06,50.14
BER: SYNC #29 (gated)
CSV,420008,84000,29,28,0,14477,0,0.000000e+00,0.000000e+00,436950.6,47680004096.0,303056.3,51.97,50.38
CSV,425008,85000,29,28,0,14677,0,0.000000e+00,0.000000e+00,440329.5,52946866176.0,274209.2,52.86,50.80
BER: END_SEQ #29 [LOCK] seq_err=0 BER_seq=0.0000e+00 | lock=29 slip=0 BER_cond=0.0000e+00 BER_cum=0.0000e+00
CSV,430008,86000,29,29,0,14819,0,0.000000e+00,0.000000e+00,475258.2,52895354880.0,346456.1,51.84,50.46
BER: SYNC #30 (gated)
CSV,435008,87000,30,29,0,15000,0,0.000000e+00,0.000000e+00,415211.6,48842878976.0,287904.1,52.30,50.71
CSV,440008,88000,30,29,0,15200,0,0.000000e+00,0.000000e+00,471923.5,52615254016.0,304704.7,52.37,50.47
BER: END_SEQ #30 [LOCK] seq_err=0 BER_seq=0.0000e+00 | lock=30 slip=0 BER_cond=0.0000e+00 BER_cum=0.0000e+00
CSV,445008,89000,30,30,0,15330,0,0.000000e+00,0.000000e+00,548255.6,53155000320.0,337687.5,51.97,49.87
BER: SYNC #31 (gated)
CSV,450008,90000,31,30,0,15522,0,0.000000e+00,0.000000e+00,406355.0,45929885696.0,273068.8,52.26,50.53
CSV,455008,91000,31,30,0,15722,0,0.000000e+00,0.000000e+00,447901.6,53034340352.0,278114.2,52.80,50.73
BER: END_SEQ #31 [LOCK] seq_err=0 BER_seq=0.0000e+00 | lock=31 slip=0 BER_cond=0.0000e+00 BER_cum=0.0000e+00
BER: SYNC #32 (gated)
CSV,460008,92000,32,31,0,15845,0,0.000000e+00,0.000000e+00,496715.7,53588574208.0,323758.4,52.19,50.33
CSV,465008,93000,32,31,0,16045,0,0.000000e+00,0.000000e+00,424692.7,47267291136.0,286902.3,52.17,50.46
CSV,470008,94000,32,31,0,16245,0,0.000000e+00,0.000000e+00,446237.1,53150904320.0,303819.7,52.43,50.76
BER: END_SEQ #32 [LOCK] seq_err=0 BER_seq=0.0000e+00 | lock=32 slip=0 BER_cond=0.0000e+00 BER_cum=0.0000e+00
BER: SYNC #33 (gated)
CSV,475008,95000,33,32,0,16368,0,0.000000e+00,0.000000e+00,495577.7,55353647104.0,319271.4,52.39,50.48
CSV,480008,96000,33,32,0,16568,0,0.000000e+00,0.000000e+00,405249.3,46253027328.0,286198.4,52.08,50.57
CSV,485008,97000,33,32,0,16768,0,0.000000e+00,0.000000e+00,451104.6,52307013632.0,290028.5,52.56,50.64
BER: END_SEQ #33 [LOCK] seq_err=0 BER_seq=0.0000e+00 | lock=33 slip=0 BER_cond=0.0000e+00 BER_cum=0.0000e+00
BER: SYNC #34 (gated)
CSV,490008,98000,34,33,0,16891,0,0.000000e+00,0.000000e+00,526364.4,54647840768.0,329751.2,52.19,50.16
CSV,495008,99000,34,33,0,17091,0,0.000000e+00,0.000000e+00,435470.6,46969593856.0,285840.9,52.16,50.33
CSV,500008,100000,34,33,0,17290,0,0.000000e+00,0.000000e+00,425029.3,51966701568.0,287480.6,52.57,50.87
BER: END_SEQ #34 [LOCK] seq_err=0 BER_seq=0.0000e+00 | lock=34 slip=0 BER_cond=0.0000e+00 BER_cum=0.0000e+00
BER: SYNC #35 (gated)
CSV,505008,101000,35,34,0,17413,0,0.000000e+00,0.000000e+00,502766.4,53670092800.0,330124.9,52.11,50.28
CSV,510008,102000,35,34,0,17613,0,0.000000e+00,0.000000e+00,425408.8,48257638400.0,300152.2,52.06,50.55
CSV,515008,103000,35,34,0,17813,0,0.000000e+00,0.000000e+00,437121.7,52666253312.0,315285.9,52.23,50.81
BER: END_SEQ #35 [LOCK] seq_err=0 BER_seq=0.0000e+00 | lock=35 slip=0 BER_cond=0.0000e+00 BER_cum=0.0000e+00
BER: SYNC #36 (gated)
CSV,520008,104000,36,35,0,17936,0,0.000000e+00,0.000000e+00,512293.2,52610781184.0,353982.3,51.72,50.12
CSV,525008,105000,36,35,0,18136,0,0.000000e+00,0.000000e+00,440356.4,48668909568.0,277276.5,52.44,50.43
CSV,530008,106000,36,35,0,18336,0,0.000000e+00,0.000000e+00,454569.8,51281031168.0,289141.2,52.49,50.52
BER: END_SEQ #36 [LOCK] seq_err=0 BER_seq=0.0000e+00 | lock=36 slip=0 BER_cond=0.0000e+00 BER_cum=0.0000e+00
BER: SYNC #37 (gated)
CSV,535008,107000,37,36,0,18459,0,0.000000e+00,0.000000e+00,499542.5,55080615936.0,316839.2,52.40,50.42
CSV,540008,108000,37,36,0,18659,0,0.000000e+00,0.000000e+00,443763.6,44853698560.0,294129.0,51.83,50.05
CSV,545008,109000,37,36,0,18859,0,0.000000e+00,0.000000e+00,409959.5,53891330048.0,307529.0,52.44,51.19
BER: END_SEQ #37 [LOCK] seq_err=0 BER_seq=0.0000e+00 | lock=37 slip=0 BER_cond=0.0000e+00 BER_cum=0.0000e+00
BER: SYNC #38 (gated)
CSV,550008,110000,38,37,0,18981,0,0.000000e+00,0.000000e+00,516882.3,53955686400.0,344020.9,51.95,50.19
CSV,555008,111000,38,37,0,19181,0,0.000000e+00,0.000000e+00,437185.1,45938388992.0,289932.0,52.00,50.22
CSV,560008,112000,38,37,0,19381,0,0.000000e+00,0.000000e+00,452172.3,52892413952.0,311248.5,52.30,50.68
BER: END_SEQ #38 [LOCK] seq_err=0 BER_seq=0.0000e+00 | lock=38 slip=0 BER_cond=0.0000e+00 BER_cum=0.0000e+00
BER: SYNC #39 (gated)
CSV,565008,113000,39,38,0,19504,0,0.000000e+00,0.000000e+00,514848.8,54854090752.0,335024.2,52.14,50.28
CSV,570008,114000,39,38,0,19704,0,0.000000e+00,0.000000e+00,464735.1,46459084800.0,311024.6,51.74,50.00
CSV,575008,115000,39,38,0,19904,0,0.000000e+00,0.000000e+00,468942.1,53778653184.0,306062.1,52.45,50.59
BER: END_SEQ #39 [LOCK] seq_err=0 BER_seq=0.0000e+00 | lock=39 slip=0 BER_cond=0.0000e+00 BER_cum=0.0000e+00
BER: SYNC #40 (gated)
CSV,580008,116000,40,39,0,20027,0,0.000000e+00,0.000000e+00,508598.3,52859600896.0,341045.3,51.90,50.17
CSV,585008,117000,40,39,0,20227,0,0.000000e+00,0.000000e+00,426616.9,47211122688.0,305578.8,51.89,50.44
CSV,590008,118000,40,39,0,20427,0,0.000000e+00,0.000000e+00,408026.6,53255225344.0,330361.0,52.07,51.16
BER: END_SEQ #40 [LOCK] seq_err=0 BER_seq=0.0000e+00 | lock=40 slip=0 BER_cond=0.0000e+00 BER_cum=0.0000e+00
BER: SYNC #41 (gated)
CSV,595008,119000,41,40,0,20549,0,0.000000e+00,0.000000e+00,507070.7,53847162880.0,332664.5,52.09,50.26
CSV,600008,120000,41,40,0,20749,0,0.000000e+00,0.000000e+00,449219.1,45950828544.0,301673.9,51.83,50.10
CSV,605008,121000,41,40,0,20949,0,0.000000e+00,0.000000e+00,445813.8,55687856128.0,293657.6,52.78,50.97
BER: END_SEQ #41 [LOCK] seq_err=0 BER_seq=0.0000e+00 | lock=41 slip=0 BER_cond=0.0000e+00 BER_cum=0.0000e+00
BER: SYNC #42 (gated)
CSV,610008,122000,42,41,0,21072,0,0.000000e+00,0.000000e+00,498379.7,50159673344.0,356652.8,51.48,50.03
CSV,615008,123000,42,41,0,21272,0,0.000000e+00,0.000000e+00,425471.3,48917483520.0,300488.9,52.12,50.61
BER: END_SEQ #42 [LOCK] seq_err=0 BER_seq=0.0000e+00 | lock=42 slip=0 BER_cond=0.0000e+00 BER_cum=0.0000e+00
CSV,620008,124000,42,42,0,21462,0,0.000000e+00,0.000000e+00,447680.0,53801848832.0,329064.3,52.14,50.80
BER: SYNC #43 (gated)
CSV,625008,125000,43,42,0,21595,0,0.000000e+00,0.000000e+00,470287.2,49039241216.0,319854.6,51.86,50.18
CSV,630008,126000,43,42,0,21795,0,0.000000e+00,0.000000e+00,439439.9,51287384064.0,305539.4,52.25,50.67
BER: END_SEQ #43 [LOCK] seq_err=0 BER_seq=0.0000e+00 | lock=43 slip=0 BER_cond=0.0000e+00 BER_cum=0.0000e+00
CSV,635008,127000,43,43,0,21973,0,0.000000e+00,0.000000e+00,454844.3,53904965632.0,319095.2,52.28,50.74
BER: SYNC #44 (gated)
CSV,640008,128000,44,43,0,22118,0,0.000000e+00,0.000000e+00,476167.9,46774239232.0,315297.2,51.71,49.92
CSV,645008,129000,44,43,0,22318,0,0.000000e+00,0.000000e+00,422685.5,53022003200.0,309419.2,52.34,50.98
BER: END_SEQ #44 [LOCK] seq_err=0 BER_seq=0.0000e+00 | lock=44 slip=0 BER_cond=0.0000e+00 BER_cum=0.0000e+00
CSV,650008,130000,44,44,0,22484,0,0.000000e+00,0.000000e+00,520471.5,52980858880.0,339030.9,51.94,50.08
BER: SYNC #45 (gated)
CSV,655008,131000,45,44,0,22640,0,0.000000e+00,0.000000e+00,452347.0,48064086016.0,304566.9,51.98,50.26
CSV,660008,132000,45,44,0,22840,0,0.000000e+00,0.000000e+00,449766.8,52961271808.0,310425.0,52.32,50.71
BER: END_SEQ #45 [LOCK] seq_err=0 BER_seq=0.0000e+00 | lock=45 slip=0 BER_cond=0.0000e+00 BER_cum=0.0000e+00
CSV,665008,133000,45,45,0,22995,0,0.000000e+00,0.000000e+00,477376.5,53096001536.0,338689.8,51.95,50.46
BER: SYNC #46 (gated)
CSV,670008,134000,46,45,0,23163,0,0.000000e+00,0.000000e+00,448446.2,47028953088.0,295898.8,52.01,50.21
CSV,675008,135000,46,45,0,23363,0,0.000000e+00,0.000000e+00,449773.0,53505003520.0,290022.5,52.66,50.75
BER: END_SEQ #46 [LOCK] seq_err=0 BER_seq=0.0000e+00 | lock=46 slip=0 BER_cond=0.0000e+00 BER_cum=0.0000e+00
CSV,680008,136000,46,46,0,23506,0,0.000000e+00,0.000000e+00,505225.6,52391096320.0,352126.9,51.73,50.16
BER: SYNC #47 (gated)
CSV,685008,137000,47,46,0,23686,0,0.000000e+00,0.000000e+00,438457.5,49342812160.0,275401.8,52.53,50.51
CSV,690008,138000,47,46,0,23886,0,0.000000e+00,0.000000e+00,474134.4,52235812864.0,315540.3,52.19,50.42
BER: END_SEQ #47 [LOCK] seq_err=0 BER_seq=0.0000e+00 | lock=47 slip=0 BER_cond=0.0000e+00 BER_cum=0.0000e+00
CSV,695008,139000,47,47,0,24017,0,0.000000e+00,0.000000e+00,536733.1,54406197248.0,345304.4,51.97,50.06
BER: SYNC #48 (gated)
CSV,700008,140000,48,47,0,24208,0,0.000000e+00,0.000000e+00,440998.9,45602672640.0,285673.0,52.03,50.15
CSV,705008,141000,48,47,0,24408,0,0.000000e+00,0.000000e+00,413521.0,52937641984.0,285272.6,52.69,51.07
BER: END_SEQ #48 [LOCK] seq_err=0 BER_seq=0.0000e+00 | lock=48 slip=0 BER_cond=0.0000e+00 BER_cum=0.0000e+00
BER: SYNC #49 (gated)
CSV,710008,142000,49,48,0,24531,0,0.000000e+00,0.000000e+00,478501.9,53527449600.0,329300.2,52.11,50.49
CSV,715008,143000,49,48,0,24731,0,0.000000e+00,0.000000e+00,420938.0,47201148928.0,277772.2,52.30,50.50
CSV,720008,144000,49,48,0,24931,0,0.000000e+00,0.000000e+00,482296.4,52976820224.0,303019.5,52.43,50.41
BER: END_SEQ #49 [LOCK] seq_err=0 BER_seq=0.0000e+00 | lock=49 slip=0 BER_cond=0.0000e+00 BER_cum=0.0000e+00
BER: SYNC #50 (gated)
CSV,725008,145000,50,49,0,25054,0,0.000000e+00,0.000000e+00,539424.8,56073551872.0,336633.7,52.22,50.17
CSV,730008,146000,50,49,0,25254,0,0.000000e+00,0.000000e+00,429698.4,45765718016.0,286440.1,52.04,50.27
CSV,735008,147000,50,49,0,25454,0,0.000000e+00,0.000000e+00,422887.5,52738834432.0,270739.5,52.90,50.96
BER: END_SEQ #50 [LOCK] seq_err=0 BER_seq=0.0000e+00 | lock=50 slip=0 BER_cond=0.0000e+00 BER_cum=0.0000e+00
BER: SYNC #51 (gated)
CSV,740008,148000,51,50,0,25577,0,0.000000e+00,0.000000e+00,497033.1,54575517696.0,323000.4,52.28,50.41
CSV,745008,149000,51,50,0,25777,0,0.000000e+00,0.000000e+00,423357.4,46450798592.0,295130.1,51.97,50.40
CSV,750008,150000,51,50,0,25977,0,0.000000e+00,0.000000e+00,442982.2,52503470080.0,304699.9,52.36,50.74
BER: END_SEQ #51 [LOCK] seq_err=0 BER_seq=0.0000e+00 | lock=51 slip=0 BER_cond=0.0000e+00 BER_cum=0.0000e+00
BER: SYNC #52 (gated)
CSV,755008,151000,52,51,0,26099,0,0.000000e+00,0.000000e+00,496974.3,53470019584.0,345168.6,51.90,50.32
CSV,760008,152000,52,51,0,26299,0,0.000000e+00,0.000000e+00,424239.0,48397099008.0,282613.4,52.34,50.57
CSV,765008,153000,52,51,0,26499,0,0.000000e+00,0.000000e+00,454037.2,52409405440.0,294377.4,52.51,50.62
BER: END_SEQ #52 [LOCK] seq_err=0 BER_seq=0.0000e+00 | lock=52 slip=0 BER_cond=0.0000e+00 BER_cum=0.0000e+00
BER: SYNC #53 (gated)
CSV,770008,154000,53,52,0,26622,0,0.000000e+00,0.000000e+00,522577.2,53003722752.0,346817.6,51.84,50.06
CSV,775008,155000,53,52,0,26822,0,0.000000e+00,0.000000e+00,435774.7,48473452544.0,287609.0,52.27,50.46
CSV,780008,156000,53,52,0,27022,0,0.000000e+00,0.000000e+00,416042.9,51941691392.0,301194.1,52.37,50.96
BER: END_SEQ #53 [LOCK] seq_err=0 BER_seq=0.0000e+00 | lock=53 slip=0 BER_cond=0.0000e+00 BER_cum=0.0000e+00
BER: SYNC #54 (gated)
CSV,785008,157000,54,53,0,27145,0,0.000000e+00,0.000000e+00,490382.8,54016851968.0,338608.6,52.03,50.42
CSV,790008,158000,54,53,0,27345,0,0.000000e+00,0.000000e+00,446943.9,45926715392.0,285809.2,52.06,50.12
CSV,795008,159000,54,53,0,27545,0,0.000000e+00,0.000000e+00,463016.4,53080129536.0,319205.9,52.21,50.59
BER: END_SEQ #54 [LOCK] seq_err=0 BER_seq=0.0000e+00 | lock=54 slip=0 BER_cond=0.0000e+00 BER_cum=0.0000e+00
BER: SYNC #55 (gated)
CSV,800008,160000,55,54,0,27667,0,0.000000e+00,0.000000e+00,508800.7,55195955200.0,335150.6,52.17,50.35
CSV,805008,161000,55,54,0,27867,0,0.000000e+00,0.000000e+00,458410.4,44988903424.0,299160.2,51.77,49.92
CSV,810008,162000,55,54,0,28067,0,0.000000e+00,0.000000e+00,457806.3,53997453312.0,294785.7,52.63,50.72
BER: END_SEQ #55 [LOCK] seq_err=0 BER_seq=0.0000e+00 | lock=55 slip=0 BER_cond=0.0000e+00 BER_cum=0.0000e+00
BER: SYNC #56 (gated)
CSV,815008,163000,56,55,0,28190,0,0.000000e+00,0.000000e+00,530811.7,53672165376.0,336402.7,52.03,50.05
CSV,820008,164000,56,55,0,28390,0,0.000000e+00,0.000000e+00,435928.6,47007535104.0,301507.2,51.93,50.33
CSV,825008,165000,56,55,0,28590,0,0.000000e+00,0.000000e+00,410991.9,53343125504.0,326566.6,52.13,51.13
BER: END_SEQ #56 [LOCK] seq_err=0 BER_seq=0.0000e+00 | lock=56 slip=0 BER_cond=0.0000e+00 BER_cum=0.0000e+00
BER: SYNC #57 (gated)
CSV,830008,166000,57,56,0,28713,0,0.000000e+00,0.000000e+00,511014.5,54268780544.0,325229.9,52.22,50.26
CSV,835008,167000,57,56,0,28913,0,0.000000e+00,0.000000e+00,430114.5,46596644864.0,309135.4,51.78,50.35
CSV,840008,168000,57,56,0,29113,0,0.000000e+00,0.000000e+00,454416.6,53807120384.0,312301.3,52.36,50.73
BER: END_SEQ #57 [LOCK] seq_err=0 BER_seq=0.0000e+00 | lock=57 slip=0 BER_cond=0.0000e+00 BER_cum=0.0000e+00
BER: SYNC #58 (gated)
CSV,845008,169000,58,57,0,29236,0,0.000000e+00,0.000000e+00,507120.0,53292929024.0,339170.5,51.96,50.22
CSV,850008,170000,58,57,0,29435,0,0.000000e+00,0.000000e+00,442870.6,46879088640.0,311943.8,51.77,50.25
CSV,855008,171000,58,57,0,29636,0,0.000000e+00,0.000000e+00,446410.9,54310064128.0,296260.2,52.63,50.85
BER: END_SEQ #58 [LOCK] seq_err=0 BER_seq=0.0000e+00 | lock=58 slip=0 BER_cond=0.0000e+00 BER_cum=0.0000e+00
BER: SYNC #59 (gated)
CSV,860008,172000,59,58,0,29758,0,0.000000e+00,0.000000e+00,534313.9,52106555392.0,346610.8,51.77,49.89
CSV,865008,173000,59,58,0,29958,0,0.000000e+00,0.000000e+00,423482.1,48174342144.0,310108.9,51.91,50.56
BER: END_SEQ #59 [LOCK] seq_err=0 BER_seq=0.0000e+00 | lock=59 slip=0 BER_cond=0.0000e+00 BER_cum=0.0000e+00
CSV,870008,174000,59,59,0,30149,0,0.000000e+00,0.000000e+00,405798.2,54697508864.0,319520.8,52.33,51.30
BER: SYNC #60 (gated)
CSV,875008,175000,60,59,0,30281,0,0.000000e+00,0.000000e+00,511122.0,48237277184.0,321414.8,51.76,49.75
CSV,880008,176000,60,59,0,30481,0,0.000000e+00,0.000000e+00,457243.5,52404908032.0,298696.9,52.44,50.59
BER: END_SEQ #60 [LOCK] seq_err=0 BER_seq=0.0000e+00 | lock=60 slip=0 BER_cond=0.0000e+00 BER_cum=0.0000e+00
CSV,885008,177000,60,60,0,30660,0,0.000000e+00,0.000000e+00,476341.3,52730101760.0,326269.4,52.08,50.44
BER: SYNC #61 (gated)
CSV,890008,178000,61,60,0,30804,0,0.000000e+00,0.000000e+00,494897.5,48145219584.0,325809.6,51.70,49.88
CSV,895008,179000,61,60,0,31004,0,0.000000e+00,0.000000e+00,456409.9,51960631296.0,324182.6,52.05,50.56
BER: END_SEQ #61 [LOCK] seq_err=0 BER_seq=0.0000e+00 | lock=61 slip=0 BER_cond=0.0000e+00 BER_cum=0.0000e+00
CSV,900008,180000,61,61,0,31171,0,0.000000e+00,0.000000e+00,520754.2,54310121472.0,312147.2,52.41,50.18
BER: SYNC #62 (gated)
CSV,905008,181000,62,61,0,31326,0,0.000000e+00,0.000000e+00,469250.7,47094910976.0,307095.2,51.86,50.02
CSV,910008,182000,62,61,0,31526,0,0.000000e+00,0.000000e+00,449357.7,54375620608.0,314363.8,52.38,50.83
BER: END_SEQ #62 [LOCK] seq_err=0 BER_seq=0.0000e+00 | lock=62 slip=0 BER_cond=0.0000e+00 BER_cum=0.0000e+00
CSV,915008,183000,62,62,0,31682,0,0.000000e+00,0.000000e+00,468056.0,51861725184.0,358086.5,51.61,50.45
BER: SYNC #63 (gated)
CSV,920008,184000,63,62,0,31849,0,0.000000e+00,0.000000e+00,446706.5,47971938304.0,303249.4,51.99,50.31
CSV,925008,185000,63,62,0,32049,0,0.000000e+00,0.000000e+00,461499.0,52684505088.0,319566.8,52.17,50.58
BER: END_SEQ #63 [LOCK] seq_err=0 BER_seq=0.0000e+00 | lock=63 slip=0 BER_cond=0.0000e+00 BER_cum=0.0000e+00
CSV,930008,186000,63,63,0,32193,0,0.000000e+00,0.000000e+00,523407.3,53582397440.0,339068.1,51.99,50.10
BER: SYNC #64 (gated)
CSV,935008,187000,64,63,0,32372,0,0.000000e+00,0.000000e+00,435006.2,47877025792.0,305223.3,51.96,50.42
CSV,940008,188000,64,63,0,32572,0,0.000000e+00,0.000000e+00,465489.0,53828358144.0,325867.2,52.18,50.63
BER: END_SEQ #64 [LOCK] seq_err=0 BER_seq=0.0000e+00 | lock=64 slip=0 BER_cond=0.0000e+00 BER_cum=0.0000e+00
CSV,945008,189000,64,64,0,32704,0,0.000000e+00,0.000000e+00,526301.4,52580880384.0,350144.4,51.77,50.00
BER: SYNC #65 (gated)
CSV,950008,190000,65,64,0,32894,0,0.000000e+00,0.000000e+00,430943.5,47281717248.0,289143.6,52.14,50.40
CSV,955008,191000,65,64,0,33094,0,0.000000e+00,0.000000e+00,424389.8,51837427712.0,316917.1,52.14,50.87
BER: END_SEQ #65 [LOCK] seq_err=0 BER_seq=0.0000e+00 | lock=65 slip=0 BER_cond=0.0000e+00 BER_cum=0.0000e+00
BER: SYNC #66 (gated)
CSV,960008,192000,66,65,0,33217,0,0.000000e+00,0.000000e+00,494552.8,54680186880.0,344363.5,52.01,50.44
CSV,965008,193000,66,65,0,33417,0,0.000000e+00,0.000000e+00,404071.9,46026371072.0,290353.3,52.00,50.57
CSV,970008,194000,66,65,0,33617,0,0.000000e+00,0.000000e+00,465557.3,53934112768.0,317146.1,52.31,50.64
BER: END_SEQ #66 [LOCK] seq_err=0 BER_seq=0.0000e+00 | lock=66 slip=0 BER_cond=0.0000e+00 BER_cum=0.0000e+00
BER: SYNC #67 (gated)
CSV,975008,195000,67,66,0,33740,0,0.000000e+00,0.000000e+00,523533.0,54522638336.0,354933.3,51.86,50.18
CSV,980008,196000,67,66,0,33940,0,0.000000e+00,0.000000e+00,426407.2,47178760192.0,291969.9,52.08,50.44
CSV,985008,197000,67,66,0,34140,0,0.000000e+00,0.000000e+00,430997.2,51859202048.0,306308.6,52.29,50.80
BER: END_SEQ #67 [LOCK] seq_err=0 BER_seq=0.0000e+00 | lock=67 slip=0 BER_cond=0.0000e+00 BER_cum=0.0000e+00
BER: SYNC #68 (gated)
CSV,990008,198000,68,67,0,34263,0,0.000000e+00,0.000000e+00,478900.0,55831674880.0,348961.3,52.04,50.67
CSV,995008,199000,68,67,0,34463,0,0.000000e+00,0.000000e+00,435743.0,45466755072.0,299556.0,51.81,50.18
CSV,1000008,200000,68,67,0,34662,0,0.000000e+00,0.000000e+00,444443.9,53874339840.0,299614.7,52.55,50.84
BER: END_SEQ #68 [LOCK] seq_err=0 BER_seq=0.0000e+00 | lock=68 slip=0 BER_cond=0.0000e+00 BER_cum=0.0000e+00
BER: SYNC #69 (gated)
CSV,1005008,201000,69,68,0,34785,0,0.000000e+00,0.000000e+00,496467.6,52408332288.0,333500.0,51.96,50.24
CSV,1010008,202000,69,68,0,34985,0,0.000000e+00,0.000000e+00,440035.9,49371283456.0,311149.1,52.01,50.50
CSV,1015008,203000,69,68,0,35185,0,0.000000e+00,0.000000e+00,446521.3,51778854912.0,283062.0,52.62,50.64
BER: END_SEQ #69 [LOCK] seq_err=0 BER_seq=0.0000e+00 | lock=69 slip=0 BER_cond=0.0000e+00 BER_cum=0.0000e+00
BER: SYNC #70 (gated)
CSV,1020008,204000,70,69,0,35308,0,0.000000e+00,0.000000e+00,513144.2,54449381376.0,329676.9,52.18,50.26
CSV,1025008,205000,70,69,0,35508,0,0.000000e+00,0.000000e+00,469230.4,47280975872.0,300173.7,51.97,50.03
CSV,1030008,206000,70,69,0,35708,0,0.000000e+00,0.000000e+00,412771.1,53219545088.0,289580.6,52.64,51.10
BER: END_SEQ #70 [LOCK] seq_err=0 BER_seq=0.0000e+00 | lock=70 slip=0 BER_cond=0.0000e+00 BER_cum=0.0000e+00
BER: SYNC #71 (gated)
CSV,1035008,207000,71,70,0,35831,0,0.000000e+00,0.000000e+00,500397.8,52875014144.0,331609.2,52.03,50.24
CSV,1040008,208000,71,70,0,36031,0,0.000000e+00,0.000000e+00,436962.0,47285342208.0,292586.9,52.08,50.34
CSV,1045008,209000,71,70,0,36231,0,0.000000e+00,0.000000e+00,467578.2,51769618432.0,287635.1,52.55,50.44
BER: END_SEQ #71 [LOCK] seq_err=0 BER_seq=0.0000e+00 | lock=71 slip=0 BER_cond=0.0000e+00 BER_cum=0.0000e+00
BER: SYNC #72 (gated)
CSV,1050008,210000,72,71,0,36353,0,0.000000e+00,0.000000e+00,491956.8,56734765056.0,327957.1,52.38,50.62
CSV,1055008,211000,72,71,0,36553,0,0.000000e+00,0.000000e+00,445810.3,43919876096.0,271514.2,52.09,49.94
CSV,1060008,212000,72,71,0,36753,0,0.000000e+00,0.000000e+00,457964.5,54554042368.0,287319.7,52.78,50.76
BER: END_SEQ #72 [LOCK] seq_err=0 BER_seq=0.0000e+00 | lock=72 slip=0 BER_cond=0.0000e+00 BER_cum=0.0000e+00
BER: SYNC #73 (gated)
CSV,1065008,213000,73,72,0,36876,0,0.000000e+00,0.000000e+00,522179.5,53559341056.0,347415.7,51.88,50.11
CSV,1070008,214000,73,72,0,37076,0,0.000000e+00,0.000000e+00,411245.0,47182626816.0,279278.7,52.28,50.60
CSV,1075008,215000,73,72,0,37276,0,0.000000e+00,0.000000e+00,432227.7,53099810816.0,297758.2,52.51,50.89
BER: END_SEQ #73 [LOCK] seq_err=0 BER_seq=0.0000e+00 | lock=73 slip=0 BER_cond=0.0000e+00 BER_cum=0.0000e+00
BER: SYNC #74 (gated)
CSV,1080008,216000,74,73,0,37399,0,0.000000e+00,0.000000e+00,497285.5,54613581824.0,339817.3,52.06,50.41
CSV,1085008,217000,74,73,0,37599,0,0.000000e+00,0.000000e+00,432556.9,46043840512.0,287277.1,52.05,50.27
CSV,1090008,218000,74,73,0,37799,0,0.000000e+00,0.000000e+00,481756.5,54078623744.0,304034.4,52.50,50.50
BER: END_SEQ #74 [LOCK] seq_err=0 BER_seq=0.0000e+00 | lock=74 slip=0 BER_cond=0.0000e+00 BER_cum=0.0000e+00
BER: SYNC #75 (gated)
CSV,1095008,219000,75,74,0,37922,0,0.000000e+00,0.000000e+00,506242.5,52971388928.0,337146.9,51.96,50.20
CSV,1100008,220000,75,74,0,38122,0,0.000000e+00,0.000000e+00,415866.2,47861784576.0,267030.4,52.53,50.61
CSV,1105008,221000,75,74,0,38322,0,0.000000e+00,0.000000e+00,408548.1,53652525056.0,265182.7,53.06,51.18
BER: END_SEQ #75 [LOCK] seq_err=0 BER_seq=0.0000e+00 | lock=75 slip=0 BER_cond=0.0000e+00 BER_cum=0.0000e+00
BER: SYNC #76 (gated)
CSV,1110008,222000,76,75,0,38444,0,0.000000e+00,0.000000e+00,540897.7,52106350592.0,354082.3,51.68,49.84
CSV,1115008,223000,76,75,0,38644,0,0.000000e+00,0.000000e+00,436784.5,48158814208.0,298573.3,52.08,50.42
BER: END_SEQ #76 [LOCK] seq_err=0 BER_seq=0.0000e+00 | lock=76 slip=0 BER_cond=0.0000e+00 BER_cum=0.0000e+00
CSV,1120008,224000,76,76,0,38836,0,0.000000e+00,0.000000e+00,425553.3,54815899648.0,290601.7,52.76,51.10
BER: SYNC #77 (gated)
CSV,1125008,225000,77,76,0,38967,0,0.000000e+00,0.000000e+00,513571.8,48589529088.0,338808.0,51.57,49.76
CSV,1130008,226000,77,76,0,39167,0,0.000000e+00,0.000000e+00,444436.3,52264341504.0,275909.3,52.77,50.70
BER: END_SEQ #77 [LOCK] seq_err=0 BER_seq=0.0000e+00 | lock=77 slip=0 BER_cond=0.0000e+00 BER_cum=0.0000e+00
CSV,1135008,227000,77,77,0,39347,0,0.000000e+00,0.000000e+00,492630.7,52840935424.0,305398.1,52.38,50.30
BER: SYNC #78 (gated)
CSV,1140008,228000,78,77,0,39490,0,0.000000e+00,0.000000e+00,478930.7,47846989824.0,324955.8,51.68,50.00
CSV,1145008,229000,78,77,0,39690,0,0.000000e+00,0.000000e+00,459406.8,52129853440.0,314366.1,52.20,50.55
BER: END_SEQ #78 [LOCK] seq_err=0 BER_seq=0.0000e+00 | lock=78 slip=0 BER_cond=0.0000e+00 BER_cum=0.0000e+00
CSV,1150008,230000,78,78,0,39858,0,0.000000e+00,0.000000e+00,460736.2,54450393088.0,328307.2,52.20,50.73
BER: SYNC #79 (gated)
CSV,1155008,231000,79,78,0,40013,0,0.000000e+00,0.000000e+00,471394.3,47385370624.0,315828.3,51.76,50.02
CSV,1160008,232000,79,78,0,40212,0,0.000000e+00,0.000000e+00,444122.1,53824692224.0,321586.2,52.24,50.83
BER: END_SEQ #79 [LOCK] seq_err=0 BER_seq=0.0000e+00 | lock=79 slip=0 BER_cond=0.0000e+00 BER_cum=0.0000e+00
CSV,1165008,233000,79,79,0,40369,0,0.000000e+00,0.000000e+00,485455.8,52269899776.0,333412.5,51.95,50.32
BER: SYNC #80 (gated)
CSV,1170008,234000,80,79,0,40535,0,0.000000e+00,0.000000e+00,460870.0,47585284096.0,309923.6,51.86,50.14
CSV,1175008,235000,80,79,0,40735,0,0.000000e+00,0.000000e+00,465504.5,53056483328.0,318490.6,52.22,50.57
BER: END_SEQ #80 [LOCK] seq_err=0 BER_seq=0.0000e+00 | lock=80 slip=0 BER_cond=0.0000e+00 BER_cum=0.0000e+00
CSV,1180008,236000,80,80,0,40880,0,0.000000e+00,0.000000e+00,539754.9,53716271104.0,343432.7,51.94,49.98
BER: SYNC #81 (gated)
CSV,1185008,237000,81,80,0,41058,0,0.000000e+00,0.000000e+00,436636.2,48045223936.0,299518.2,52.05,50.42
CSV,1190008,238000,81,80,0,41258,0,0.000000e+00,0.000000e+00,469715.1,53730516992.0,327651.9,52.15,50.58
BER: END_SEQ #81 [LOCK] seq_err=0 BER_seq=0.0000e+00 | lock=81 slip=0 BER_cond=0.0000e+00 BER_cum=0.0000e+00
CSV,1195008,239000,81,81,0,41391,0,0.000000e+00,0.000000e+00,481634.9,52681793536.0,346842.2,51.82,50.39
BER: SYNC #82 (gated)
CSV,1200008,240000,82,81,0,41581,0,0.000000e+00,0.000000e+00,423976.8,47406387200.0,287896.8,52.17,50.48
CSV,1205008,241000,82,81,0,41781,0,0.000000e+00,0.000000e+00,447471.8,52233650176.0,305963.0,52.32,50.67
BER: END_SEQ #82 [LOCK] seq_err=0 BER_seq=0.0000e+00 | lock=82 slip=0 BER_cond=0.0000e+00 BER_cum=0.0000e+00
BER: SYNC #83 (gated)
CSV,1210008,242000,83,82,0,41903,0,0.000000e+00,0.000000e+00,539065.8,54580940800.0,358547.8,51.82,50.05
CSV,1215008,243000,83,82,0,42103,0,0.000000e+00,0.000000e+00,422017.2,46526840832.0,298006.1,51.93,50.42
CSV,1220008,244000,83,82,0,42303,0,0.000000e+00,0.000000e+00,472971.8,53307260928.0,321521.8,52.20,50.52
BER: END_SEQ #83 [LOCK] seq_err=0 BER_seq=0.0000e+00 | lock=83 slip=0 BER_cond=0.0000e+00 BER_cum=0.0000e+00
BER: SYNC #84 (gated)
CSV,1225008,245000,84,83,0,42426,0,0.000000e+00,0.000000e+00,538893.4,55018057728.0,348675.1,51.98,50.09
CSV,1230008,246000,84,83,0,42626,0,0.000000e+00,0.000000e+00,446138.7,47005990912.0,304324.3,51.89,50.23
CSV,1235008,247000,84,83,0,42826,0,0.000000e+00,0.000000e+00,430686.4,52521607168.0,317160.1,52.19,50.86
BER: END_SEQ #84 [LOCK] seq_err=0 BER_seq=0.0000e+00 | lock=84 slip=0 BER_cond=0.0000e+00 BER_cum=0.0000e+00
BER: SYNC #85 (gated)
CSV,1240008,248000,85,84,0,42949,0,0.000000e+00,0.000000e+00,485056.6,54348943360.0,340174.5,52.03,50.49
CSV,1245008,249000,85,84,0,43149,0,0.000000e+00,0.000000e+00,434336.1,46734364672.0,288328.7,52.10,50.32
CSV,1250008,250000,85,84,0,43349,0,0.000000e+00,0.000000e+00,457599.2,52900118528.0,314584.2,52.26,50.63
BER: END_SEQ #85 [LOCK] seq_err=0 BER_seq=0.0000e+00 | lock=85 slip=0 BER_cond=0.0000e+00 BER_cum=0.0000e+00
BER: SYNC #86 (gated)
CSV,1255008,251000,86,85,0,43471,0,0.000000e+00,0.000000e+00,519615.5,53321273344.0,341368.5,51.94,50.11
CSV,1260008,252000,86,85,0,43671,0,0.000000e+00,0.000000e+00,457348.4,48029696000.0,314549.3,51.84,50.21
CSV,1265008,253000,86,85,0,43871,0,0.000000e+00,0.000000e+00,450378.1,52777619456.0,314036.9,52.25,50.69
BER: END_SEQ #86 [LOCK] seq_err=0 BER_seq=0.0000e+00 | lock=86 slip=0 BER_cond=0.0000e+00 BER_cum=0.0000e+00
BER: SYNC #87 (gated)
CSV,1270008,254000,87,86,0,43994,0,0.000000e+00,0.000000e+00,532461.5,53219680256.0,352227.7,51.79,50.00
CSV,1275008,255000,87,86,0,44194,0,0.000000e+00,0.000000e+00,445312.9,48205459456.0,312521.1,51.88,50.34
CSV,1280008,256000,87,86,0,44394,0,0.000000e+00,0.000000e+00,437092.3,52204015616.0,317429.2,52.16,50.77
BER: END_SEQ #87 [LOCK] seq_err=0 BER_seq=0.0000e+00 | lock=87 slip=0 BER_cond=0.0000e+00 BER_cum=0.0000e+00
BER: SYNC #88 (gated)
CSV,1285008,257000,88,87,0,44517,0,0.000000e+00,0.000000e+00,484011.5,53721710592.0,355927.4,51.79,50.45
CSV,1290008,258000,88,87,0,44717,0,0.000000e+00,0.000000e+00,436496.1,46716579840.0,299116.3,51.94,50.29
CSV,1295008,259000,88,87,0,44917,0,0.000000e+00,0.000000e+00,464593.3,52852879360.0,320346.1,52.17,50.56
BER: END_SEQ #88 [LOCK] seq_err=0 BER_seq=0.0000e+00 | lock=88 slip=0 BER_cond=0.0000e+00 BER_cum=0.0000e+00
BER: SYNC #89 (gated)
CSV,1300008,260000,89,88,0,45040,0,0.000000e+00,0.000000e+00,503901.2,55338561536.0,323880.1,52.33,50.41
CSV,1305008,261000,89,88,0,45239,0,0.000000e+00,0.000000e+00,446720.3,45023268864.0,318742.1,51.50,50.03
CSV,1310008,262000,89,88,0,45440,0,0.000000e+00,0.000000e+00,451240.2,52990222336.0,302901.6,52.43,50.70
BER: END_SEQ #89 [LOCK] seq_err=0 BER_seq=0.0000e+00 | lock=89 slip=0 BER_cond=0.0000e+00 BER_cum=0.0000e+00
BER: SYNC #90 (gated)
CSV,1315008,263000,90,89,0,45562,0,0.000000e+00,0.000000e+00,525124.4,55539261440.0,349274.6,52.01,50.24
CSV,1320008,264000,90,89,0,45762,0,0.000000e+00,0.000000e+00,417738.1,45504253952.0,308969.5,51.68,50.37
CSV,1325008,265000,90,89,0,45962,0,0.000000e+00,0.000000e+00,421802.0,54525009920.0,321096.0,52.30,51.11
BER: END_SEQ #90 [LOCK] seq_err=0 BER_seq=0.0000e+00 | lock=90 slip=0 BER_cond=0.0000e+00 BER_cum=0.0000e+00
BER: SYNC #91 (gated)
CSV,1330008,266000,91,90,0,46085,0,0.000000e+00,0.000000e+00,488868.8,52890914816.0,325986.1,52.10,50.34
CSV,1335008,267000,91,90,0,46285,0,0.000000e+00,0.000000e+00,436864.6,47120670720.0,315008.2,51.75,50.33
CSV,1340008,268000,91,90,0,46485,0,0.000000e+00,0.000000e+00,476692.7,52909285376.0,321644.7,52.16,50.45
BER: END_SEQ #91 [LOCK] seq_err=0 BER_seq=0.0000e+00 | lock=91 slip=0 BER_cond=0.0000e+00 BER_cum=0.0000e+00
BER: SYNC #92 (gated)
CSV,1345008,269000,92,91,0,46608,0,0.000000e+00,0.000000e+00,510215.4,54926503936.0,341369.4,52.07,50.32
CSV,1350008,270000,92,91,0,46808,0,0.000000e+00,0.000000e+00,418378.2,46139641856.0,313359.8,51.68,50.43
CSV,1355008,271000,92,91,0,47008,0,0.000000e+00,0.000000e+00,448744.6,54697287680.0,308772.2,52.48,50.86
BER: END_SEQ #92 [LOCK] seq_err=0 BER_seq=0.0000e+00 | lock=92 slip=0 BER_cond=0.0000e+00 BER_cum=0.0000e+00
BER: SYNC #93 (gated)
CSV,1360008,272000,93,92,0,47130,0,0.000000e+00,0.000000e+00,519085.5,51303768064.0,327316.9,51.95,49.95
CSV,1365008,273000,93,92,0,47330,0,0.000000e+00,0.000000e+00,417366.8,48828166144.0,295440.5,52.18,50.68
BER: END_SEQ #93 [LOCK] seq_err=0 BER_seq=0.0000e+00 | lock=93 slip=0 BER_cond=0.0000e+00 BER_cum=0.0000e+00
CSV,1370008,274000,93,93,0,47523,0,0.000000e+00,0.000000e+00,411510.8,53944758272.0,316211.0,52.32,51.18
BER: SYNC #94 (gated)
CSV,1375008,275000,94,93,0,47653,0,0.000000e+00,0.000000e+00,492043.8,49935687680.0,333673.3,51.75,50.06
CSV,1380008,276000,94,93,0,47853,0,0.000000e+00,0.000000e+00,441336.9,50516885504.0,306701.4,52.17,50.59
BER: END_SEQ #94 [LOCK] seq_err=0 BER_seq=0.0000e+00 | lock=94 slip=0 BER_cond=0.0000e+00 BER_cum=0.0000e+00
CSV,1385008,277000,94,94,0,48034,0,0.000000e+00,0.000000e+00,505094.9,54104375296.0,340651.8,52.01,50.30
BER: SYNC #95 (gated)
CSV,1390008,278000,95,94,0,48176,0,0.000000e+00,0.000000e+00,486038.8,47153950720.0,319138.4,51.70,49.87
CSV,1395008,279000,95,94,0,48376,0,0.000000e+00,0.000000e+00,442236.7,52806627328.0,311883.6,52.29,50.77
BER: END_SEQ #95 [LOCK] seq_err=0 BER_seq=0.0000e+00 | lock=95 slip=0 BER_cond=0.0000e+00 BER_cum=0.0000e+00
CSV,1400008,280000,95,95,0,48545,0,0.000000e+00,0.000000e+00,468520.6,53170393088.0,341057.8,51.93,50.55
BER: SYNC #96 (gated)
CSV,1405008,281000,96,95,0,48698,0,0.000000e+00,0.000000e+00,458320.6,48324255744.0,286983.7,52.26,50.23
CSV,1410008,282000,96,95,0,48898,0,0.000000e+00,0.000000e+00,451867.2,52912451584.0,316452.0,52.23,50.69
BER: END_SEQ #96 [LOCK] seq_err=0 BER_seq=0.0000e+00 | lock=96 slip=0 BER_cond=0.0000e+00 BER_cum=0.0000e+00
CSV,1415008,283000,96,96,0,49056,0,0.000000e+00,0.000000e+00,490528.0,53482590208.0,349090.3,51.85,50.38
BER: SYNC #97 (gated)
CSV,1420008,284000,97,96,0,49221,0,0.000000e+00,0.000000e+00,436653.2,46912491520.0,306846.2,51.84,50.31
CSV,1425008,285000,97,96,0,49421,0,0.000000e+00,0.000000e+00,463621.1,53966729216.0,317997.1,52.30,50.66
BER: END_SEQ #97 [LOCK] seq_err=0 BER_seq=0.0000e+00 | lock=97 slip=0 BER_cond=0.0000e+00 BER_cum=0.0000e+00
CSV,1430008,286000,97,97,0,49567,0,0.000000e+00,0.000000e+00,540211.2,52420517888.0,357063.9,51.67,49.87
BER: SYNC #98 (gated)
CSV,1435008,287000,98,97,0,49744,0,0.000000e+00,0.000000e+00,433903.0,49101172736.0,292390.3,52.25,50.54
CSV,1440008,288000,98,97,0,49944,0,0.000000e+00,0.000000e+00,450222.7,52899602432.0,320045.0,52.18,50.70
BER: END_SEQ #98 [LOCK] seq_err=0 BER_seq=0.0000e+00 | lock=98 slip=0 BER_cond=0.0000e+00 BER_cum=0.0000e+00
CSV,1445008,289000,98,98,0,50078,0,0.000000e+00,0.000000e+00,496749.3,53520502784.0,359654.8,51.73,50.32
BER: SYNC #99 (gated)
CSV,1450008,290000,99,98,0,50267,0,0.000000e+00,0.000000e+00,431765.8,46618120192.0,278416.0,52.24,50.33
CSV,1455008,291000,99,98,0,50466,0,0.000000e+00,0.000000e+00,448524.3,53139456000.0,290537.7,52.62,50.74
BER: END_SEQ #99 [LOCK] seq_err=0 BER_seq=0.0000e+00 | lock=99 slip=0 BER_cond=0.0000e+00 BER_cum=0.0000e+00
BER: SYNC #100 (gated)
CSV,1460008,292000,100,99,0,50589,0,0.000000e+00,0.000000e+00,523184.6,53898752000.0,357242.3,51.79,50.13
CSV,1465008,293000,100,99,0,50789,0,0.000000e+00,0.000000e+00,411394.6,46844383232.0,291572.8,52.06,50.56
CSV,1470008,294000,100,99,0,50989,0,0.000000e+00,0.000000e+00,448452.9,52814942208.0,293999.4,52.54,50.71
BER: END_SEQ #100 [LOCK] seq_err=0 BER_seq=0.0000e+00 | lock=100 slip=0 BER_cond=0.0000e+00 BER_cum=0.0000e+00
BER: SYNC #101 (gated)
CSV,1475008,295000,101,100,0,51112,0,0.000000e+00,0.000000e+00,532202.2,55519789056.0,339128.1,52.14,50.18
CSV,1480008,296000,101,100,0,51312,0,0.000000e+00,0.000000e+00,459728.1,46591574016.0,287960.6,52.09,50.06
CSV,1485008,297000,101,100,0,51512,0,0.000000e+00,0.000000e+00,436704.4,53430870016.0,299264.1,52.52,50.88
BER: END_SEQ #101 [LOCK] seq_err=0 BER_seq=0.0000e+00 | lock=101 slip=0 BER_cond=0.0000e+00 BER_cum=0.0000e+00
BER: SYNC #102 (gated)
CSV,1490008,298000,102,101,0,51635,0,0.000000e+00,0.000000e+00,495987.7,53479673856.0,340746.2,51.96,50.33
CSV,1495008,299000,102,101,0,51835,0,0.000000e+00,0.000000e+00,442300.8,46875598848.0,299467.8,51.95,50.25
CSV,1500008,300000,102,101,0,52035,0,0.000000e+00,0.000000e+00,447374.1,52403351552.0,279648.8,52.73,50.69
BER: END_SEQ #102 [LOCK] seq_err=0 BER_seq=0.0000e+00 | lock=102 slip=0 BER_cond=0.0000e+00 BER_cum=0.0000e+00

=========================================
=== END OF TEST (duration=25 min) ===
=========================================
FINAL: syncs=102 lock=102 slip=0 slip_rate=0.0000
FINAL: bits_cum=52122 err_cum=0 BER_cum=0.0000e+00
FINAL: bits_lock=52122 err_lock=0 BER_cond=0.0000e+00
=========================================
=== STOP LOGGING NOW ===
=========================================
