BER: S

=== RX BOOT - BER TEST MODE ===
BPS_MODE=100 (HALF_SAMPLES=400, 2000 samples/bit @ 200000 Hz)
Expect: 64-bit preamble + Barker13 (1F35h, gated by 8 preamble bits = 0x55) + 511-bit PRBS-9
Noise floor band: 5000 Hz; lock threshold: BER<0.10
Auto-stop: test will halt 25 min after the first sync.
RX: edge-tracking sync, center-3 voting
Starting decoder...

BER: SYNC #1 (gated)
CSV,5006,2500,1,0,0,111,59,5.315315e-01,0.000000e+00,20238.4,65381.4,5013.8,11.15,5.09
BER: END_SEQ #1 [SLIP] seq_err=257 BER_seq=5.0294e-01 | lock=0 slip=1 BER_cond=0.0000e+00 BER_cum=5.0294e-01
BER: SYNC #2 (gated)
CSV,10006,5000,2,0,1,535,257,4.803738e-01,0.000000e+00,20292.4,60519.1,5854.2,10.14,4.75
BER: END_SEQ #2 [SLIP] seq_err=239 BER_seq=4.6771e-01 | lock=0 slip=2 BER_cond=0.0000e+00 BER_cum=4.8532e-01
CSV,15006,7500,2,0,2,1022,496,4.853229e-01,0.000000e+00,20698.7,58071.9,5574.3,10.18,4.48
BER: SYNC #3 (gated)
CSV,20006,10000,3,0,2,1453,663,4.562973e-01,0.000000e+00,20637.8,58152.4,5366.5,10.35,4.50
BER: END_SEQ #3 [SLIP] seq_err=208 BER_seq=4.0705e-01 | lock=0 slip=3 BER_cond=0.0000e+00 BER_cum=4.5923e-01
CSV,25006,12500,3,0,3,1533,704,4.592303e-01,0.000000e+00,20512.2,59842.5,5438.9,10.41,4.65
BER: SYNC #4 (gated)
CSV,30006,15000,4,0,3,1791,801,4.472362e-01,0.000000e+00,20528.2,58678.1,5653.5,10.16,4.56
BER: END_SEQ #4 [SLIP] seq_err=165 BER_seq=3.2290e-01 | lock=0 slip=4 BER_cond=0.0000e+00 BER_cum=4.2515e-01
BER: SYNC #5 (gated)
CSV,35006,17500,5,0,4,2213,909,4.107546e-01,0.000000e+00,20597.4,59507.6,5410.2,10.41,4.61
BER: END_SEQ #5 [SLIP] seq_err=194 BER_seq=3.7965e-01 | lock=0 slip=5 BER_cond=0.0000e+00 BER_cum=4.1605e-01
BER: SYNC #6 (gated)
CSV,40006,20000,6,0,5,2638,1078,4.086429e-01,0.000000e+00,19552.2,60390.2,5452.7,10.44,4.90
BER: END_SEQ #6 [SLIP] seq_err=195 BER_seq=3.8160e-01 | lock=0 slip=6 BER_cond=0.0000e+00 BER_cum=4.1031e-01
CSV,45006,22500,6,0,6,3066,1258,4.103066e-01,0.000000e+00,20485.1,58617.5,4812.2,10.86,4.57
BER: SYNC #7 (gated)
CSV,50006,25000,7,0,6,3561,1394,3.914631e-01,0.000000e+00,20374.8,57984.3,4907.5,10.72,4.54
BER: END_SEQ #7 [SLIP] seq_err=136 BER_seq=2.6614e-01 | lock=0 slip=7 BER_cond=0.0000e+00 BER_cum=3.8971e-01
BER: SYNC #8 (gated)
CSV,55006,27500,8,0,7,3980,1585,3.982412e-01,0.000000e+00,20188.3,57832.2,5230.9,10.44,4.57
BER: END_SEQ #8 [SLIP] seq_err=247 BER_seq=4.8337e-01 | lock=0 slip=8 BER_cond=0.0000e+00 BER_cum=4.0142e-01
CSV,60006,30000,8,0,8,4088,1641,4.014188e-01,0.000000e+00,19761.8,58075.3,5152.1,10.52,4.68
BER: SYNC #9 (gated)
CSV,65006,32500,9,0,8,4315,1741,4.034762e-01,0.000000e+00,19270.0,59564.9,5209.7,10.58,4.90
BER: END_SEQ #9 [SLIP] seq_err=232 BER_seq=4.5401e-01 | lock=0 slip=9 BER_cond=0.0000e+00 BER_cum=4.0726e-01
CSV,70006,35000,9,0,9,4599,1873,4.072624e-01,0.000000e+00,19664.0,58937.8,4959.1,10.75,4.77
BER: SYNC #10 (gated)
CSV,75006,37500,10,0,9,4651,1890,4.063642e-01,0.000000e+00,19053.4,59806.6,5157.0,10.64,4.97
BER: END_SEQ #10 [SLIP] seq_err=148 BER_seq=2.8963e-01 | lock=0 slip=10 BER_cond=0.0000e+00 BER_cum=3.9550e-01
CSV,80006,40000,10,0,10,5110,2021,3.954990e-01,0.000000e+00,20396.4,64141.3,4701.8,11.35,4.98
CSV,85006,42500,10,0,10,5110,2021,3.954990e-01,0.000000e+00,19477.5,57958.5,5340.2,10.36,4.74
BER: SYNC #11 (gated)
CSV,90006,45000,11,0,10,5487,2192,3.994897e-01,0.000000e+00,19088.6,60316.1,4763.2,11.03,5.00
BER: END_SEQ #11 [SLIP] seq_err=234 BER_seq=4.5793e-01 | lock=0 slip=11 BER_cond=0.0000e+00 BER_cum=4.0117e-01
CSV,95006,47500,11,0,11,5621,2255,4.011742e-01,0.000000e+00,19989.9,58351.2,4908.0,10.75,4.65
CSV,100006,50000,11,0,11,5621,2255,4.011742e-01,0.000000e+00,19322.8,58870.6,5031.6,10.68,4.84
BER: SYNC #12 (gated)
CSV,105006,52500,12,0,11,5730,2270,3.961606e-01,0.000000e+00,19098.7,62095.8,5271.9,10.71,5.12
BER: END_SEQ #12 [SLIP] seq_err=214 BER_seq=4.1879e-01 | lock=0 slip=12 BER_cond=0.0000e+00 BER_cum=4.0264e-01
CSV,110006,55000,12,0,12,6132,2469,4.026419e-01,0.000000e+00,19896.3,60657.5,5177.6,10.69,4.84
CSV,115006,57500,12,0,12,6132,2469,4.026419e-01,0.000000e+00,20140.8,60588.4,5191.7,10.67,4.78
CSV,120006,60000,12,0,12,6132,2469,4.026419e-01,0.000000e+00,19753.3,59327.9,5269.4,10.52,4.78
CSV,125006,62500,12,0,12,6132,2469,4.026419e-01,0.000000e+00,20338.5,59140.5,5232.7,10.53,4.64
CSV,130006,65000,12,0,12,6132,2469,4.026419e-01,0.000000e+00,20413.0,59837.8,5216.6,10.60,4.67
BER: SYNC #13 (gated)
CSV,135006,67500,13,0,12,6300,2524,4.006349e-01,0.000000e+00,19890.5,60983.6,5202.5,10.69,4.87
BER: END_SEQ #13 [SLIP] seq_err=208 BER_seq=4.0705e-01 | lock=0 slip=13 BER_cond=0.0000e+00 BER_cum=4.0298e-01
CSV,140006,70000,13,0,13,6643,2677,4.029806e-01,0.000000e+00,19675.4,63122.3,4976.4,11.03,5.06
CSV,145006,72500,13,0,13,6643,2677,4.029806e-01,0.000000e+00,20302.1,60495.2,5764.9,10.21,4.74
BER: SYNC #14 (gated)
CSV,150006,75000,14,0,13,7131,2912,4.083579e-01,0.000000e+00,20222.0,58823.8,5106.2,10.61,4.64
BER: END_SEQ #14 [SLIP] seq_err=245 BER_seq=4.7945e-01 | lock=0 slip=14 BER_cond=0.0000e+00 BER_cum=4.0844e-01
CSV,155006,77500,14,0,14,7154,2922,4.084428e-01,0.000000e+00,19872.7,60937.9,5404.3,10.52,4.87
BER: SYNC #15 (gated)
CSV,160006,80000,15,0,14,7469,3048,4.080867e-01,0.000000e+00,20807.9,59344.8,5161.8,10.61,4.55
BER: END_SEQ #15 [SLIP] seq_err=217 BER_seq=4.2466e-01 | lock=0 slip=15 BER_cond=0.0000e+00 BER_cum=4.0952e-01
CSV,165006,82500,15,0,15,7665,3139,4.095238e-01,0.000000e+00,20131.6,60067.7,5337.2,10.51,4.75
BER: SYNC #16 (gated)
CSV,170006,85000,16,0,15,7803,3192,4.090734e-01,0.000000e+00,20652.2,59987.6,5219.4,10.60,4.63
BER: END_SEQ #16 [SLIP] seq_err=240 BER_seq=4.6967e-01 | lock=0 slip=16 BER_cond=0.0000e+00 BER_cum=4.1328e-01
BER: SYNC #17 (gated)
CSV,175006,87500,17,0,16,8227,3399,4.131518e-01,0.000000e+00,19384.7,61591.3,5128.3,10.80,5.02
BER: END_SEQ #17 [SLIP] seq_err=199 BER_seq=3.8943e-01 | lock=0 slip=17 BER_cond=0.0000e+00 BER_cum=4.1188e-01
CSV,180006,90000,17,0,17,8687,3578,4.118798e-01,0.000000e+00,20393.2,59751.3,4917.7,10.85,4.67
CSV,185006,92500,17,0,17,8687,3578,4.118798e-01,0.000000e+00,20547.8,59129.9,4798.6,10.91,4.59
CSV,190006,95000,17,0,17,8687,3578,4.118798e-01,0.000000e+00,19789.4,60593.0,5261.3,10.61,4.86
BER: SYNC #18 (gated)
CSV,195006,97500,18,0,17,8973,3693,4.115680e-01,0.000000e+00,20701.5,59538.9,5508.9,10.34,4.59
BER: END_SEQ #18 [SLIP] seq_err=227 BER_seq=4.4423e-01 | lock=0 slip=18 BER_cond=0.0000e+00 BER_cum=4.1368e-01
CSV,200006,100000,18,0,18,9198,3805,4.136769e-01,0.000000e+00,20736.6,60037.8,5223.8,10.60,4.62
BER: SYNC #19 (gated)
CSV,205006,102500,19,0,18,9305,3847,4.134336e-01,0.000000e+00,19886.4,63272.1,5198.0,10.85,5.03
BER: END_SEQ #19 [SLIP] seq_err=237 BER_seq=4.6380e-01 | lock=0 slip=19 BER_cond=0.0000e+00 BER_cum=4.1631e-01
CSV,210006,105000,19,0,19,9709,4042,4.163148e-01,0.000000e+00,20522.2,60882.4,5076.6,10.79,4.72
CSV,215006,107500,19,0,19,9709,4042,4.163148e-01,0.000000e+00,20952.8,59349.4,5067.8,10.69,4.52
CSV,220006,110000,19,0,19,9709,4042,4.163148e-01,0.000000e+00,20925.8,59637.9,5041.7,10.73,4.55
BER: SYNC #20 (gated)
CSV,225006,112500,20,0,19,10051,4184,4.162770e-01,0.000000e+00,20801.3,61355.0,5320.3,10.62,4.70
BER: END_SEQ #20 [SLIP] seq_err=229 BER_seq=4.4814e-01 | lock=0 slip=20 BER_cond=0.0000e+00 BER_cum=4.1791e-01
CSV,230006,115000,20,0,20,10220,4271,4.179061e-01,0.000000e+00,20859.3,62067.6,4664.2,11.24,4.74
BER: SYNC #21 (gated)
CSV,235006,117500,21,0,20,10387,4346,4.184076e-01,0.000000e+00,21070.0,61917.5,5177.9,10.78,4.68
BER: END_SEQ #21 [SLIP] seq_err=263 BER_seq=5.1468e-01 | lock=0 slip=21 BER_cond=0.0000e+00 BER_cum=4.2251e-01
CSV,240006,120000,21,0,21,10731,4534,4.225142e-01,0.000000e+00,20344.8,63786.6,4978.8,11.08,4.96
CSV,245006,122500,21,0,21,10731,4534,4.225142e-01,0.000000e+00,21264.5,61677.1,5449.7,10.54,4.62
CSV,250006,125000,21,0,21,10731,4534,4.225142e-01,0.000000e+00,20939.6,60449.1,5282.2,10.59,4.60
BER: SYNC #22 (gated)
CSV,255006,127500,22,0,21,11132,4698,4.220266e-01,0.000000e+00,21240.4,61226.3,5025.1,10.86,4.60
BER: END_SEQ #22 [SLIP] seq_err=223 BER_seq=4.3640e-01 | lock=0 slip=22 BER_cond=0.0000e+00 BER_cum=4.2315e-01
CSV,260006,130000,22,0,22,11242,4757,4.231454e-01,0.000000e+00,21549.7,59920.5,5190.7,10.62,4.44
CSV,265006,132500,22,0,22,11242,4757,4.231454e-01,0.000000e+00,20543.5,62127.7,5226.7,10.75,4.81
CSV,270006,135000,22,0,22,11242,4757,4.231454e-01,0.000000e+00,21003.1,60526.7,5403.8,10.49,4.60
BER: SYNC #23 (gated)
CSV,275006,137500,23,0,22,11292,4781,4.233971e-01,0.000000e+00,20480.9,64313.9,5076.1,11.03,4.97
BER: END_SEQ #23 [SLIP] seq_err=258 BER_seq=5.0489e-01 | lock=0 slip=23 BER_cond=0.0000e+00 BER_cum=4.2670e-01
CSV,280006,140000,23,0,23,11753,5015,4.266996e-01,0.000000e+00,21310.4,60627.1,5050.8,10.79,4.54
CSV,285006,142500,23,0,23,11753,5015,4.266996e-01,0.000000e+00,21691.2,59600.2,5454.3,10.39,4.39
BER: SYNC #24 (gated)
CSV,290006,145000,24,0,23,12124,5185,4.276641e-01,0.000000e+00,21271.9,61401.9,5047.6,10.85,4.60
BER: END_SEQ #24 [SLIP] seq_err=243 BER_seq=4.7554e-01 | lock=0 slip=24 BER_cond=0.0000e+00 BER_cum=4.2873e-01
BER: SYNC #25 (gated)
CSV,295006,147500,25,0,24,12547,5385,4.291863e-01,0.000000e+00,22098.0,60143.1,5440.2,10.44,4.35
BER: END_SEQ #25 [SLIP] seq_err=239 BER_seq=4.6771e-01 | lock=0 slip=25 BER_cond=0.0000e+00 BER_cum=4.3029e-01
CSV,300006,150000,25,0,25,12775,5497,4.302935e-01,0.000000e+00,21600.4,61415.9,5117.1,10.79,4.54
CSV,305006,152500,25,0,25,12775,5497,4.302935e-01,0.000000e+00,20750.6,64338.2,5274.2,10.86,4.91
CSV,310006,155000,25,0,25,12775,5497,4.302935e-01,0.000000e+00,21569.7,60941.3,5106.1,10.77,4.51
CSV,315006,157500,25,0,25,12775,5497,4.302935e-01,0.000000e+00,21958.6,61860.6,5222.9,10.74,4.50
CSV,320006,160000,25,0,25,12775,5497,4.302935e-01,0.000000e+00,22068.8,60941.1,4751.4,11.08,4.41
CSV,325006,162500,25,0,25,12775,5497,4.302935e-01,0.000000e+00,22293.5,60900.8,5081.6,10.79,4.36
CSV,330006,165000,25,0,25,12775,5497,4.302935e-01,0.000000e+00,22986.8,61642.9,5471.9,10.52,4.28
CSV,335006,167500,25,0,25,12775,5497,4.302935e-01,0.000000e+00,22340.1,61421.2,5259.1,10.67,4.39
BER: SYNC #26 (gated)
CSV,340006,170000,26,0,25,12856,5528,4.299938e-01,0.000000e+00,21161.3,64592.3,5169.3,10.97,4.85
BER: END_SEQ #26 [SLIP] seq_err=206 BER_seq=4.0313e-01 | lock=0 slip=26 BER_cond=0.0000e+00 BER_cum=4.2925e-01
CSV,345006,172500,26,0,26,13286,5703,4.292488e-01,0.000000e+00,22091.2,62088.5,4997.9,10.94,4.49
BER: SYNC #27 (gated)
CSV,350006,175000,27,0,26,13778,5851,4.246625e-01,0.000000e+00,22962.7,61268.9,5345.2,10.59,4.26
BER: END_SEQ #27 [SLIP] seq_err=148 BER_seq=2.8963e-01 | lock=0 slip=27 BER_cond=0.0000e+00 BER_cum=4.2408e-01
CSV,355006,177500,27,0,27,13797,5851,4.240777e-01,0.000000e+00,22680.9,62934.9,5335.7,10.72,4.43
CSV,360006,180000,27,0,27,13797,5851,4.240777e-01,0.000000e+00,23111.3,61957.7,5225.5,10.74,4.28
CSV,365006,182500,27,0,27,13797,5851,4.240777e-01,0.000000e+00,22539.2,64138.9,5109.5,10.99,4.54
BER: SYNC #28 (gated)
CSV,370006,185000,28,0,27,13936,5853,4.199914e-01,0.000000e+00,22656.9,64239.9,4974.6,11.11,4.53
BER: END_SEQ #28 [SLIP] seq_err=74 BER_seq=1.4481e-01 | lock=0 slip=28 BER_cond=0.0000e+00 BER_cum=4.1410e-01
CSV,375006,187500,28,0,28,14308,5925,4.141040e-01,0.000000e+00,22307.2,66290.3,5430.4,10.87,4.73
CSV,380006,190000,28,0,28,14308,5925,4.141040e-01,0.000000e+00,23046.7,64908.1,5194.6,10.97,4.50
BER: SYNC #29 (gated)
CSV,385006,192500,29,0,28,14765,6160,4.172028e-01,0.000000e+00,23700.7,63512.0,5063.2,10.98,4.28
BER: END_SEQ #29 [SLIP] seq_err=262 BER_seq=5.1272e-01 | lock=0 slip=29 BER_cond=0.0000e+00 BER_cum=4.1750e-01
CSV,390006,195000,29,0,29,14819,6187,4.175045e-01,0.000000e+00,23760.0,63175.8,5296.6,10.77,4.25
BER: SYNC #30 (gated)
CSV,395006,197500,30,0,29,15102,6298,4.170309e-01,0.000000e+00,24021.6,62257.4,5119.0,10.85,4.14
BER: END_SEQ #30 [SLIP] seq_err=226 BER_seq=4.4227e-01 | lock=0 slip=30 BER_cond=0.0000e+00 BER_cum=4.1833e-01
BER: SYNC #31 (gated)
CSV,400006,200000,31,0,30,15526,6451,4.154966e-01,0.000000e+00,23425.1,63027.2,5091.0,10.93,4.30
BER: END_SEQ #31 [SLIP] seq_err=203 BER_seq=3.9726e-01 | lock=0 slip=31 BER_cond=0.0000e+00 BER_cum=4.1765e-01
CSV,405006,202500,31,0,31,15841,6616,4.176504e-01,0.000000e+00,22602.0,65480.0,5159.7,11.03,4.62
BER: SYNC #32 (gated)
CSV,410006,205000,32,0,31,15862,6616,4.170975e-01,0.000000e+00,23416.2,63936.9,5275.7,10.83,4.36
BER: END_SEQ #32 [SLIP] seq_err=71 BER_seq=1.3894e-01 | lock=0 slip=32 BER_cond=0.0000e+00 BER_cum=4.0894e-01
CSV,415006,207500,32,0,32,16352,6687,4.089408e-01,0.000000e+00,23748.1,63545.6,5221.2,10.85,4.27
BER: SYNC #33 (gated)
CSV,420006,210000,33,0,32,16784,6805,4.054457e-01,0.000000e+00,23859.2,61716.7,5039.2,10.88,4.13
BER: END_SEQ #33 [SLIP] seq_err=145 BER_seq=2.8376e-01 | lock=0 slip=33 BER_cond=0.0000e+00 BER_cum=4.0515e-01
CSV,425006,212500,33,0,33,16863,6832,4.051474e-01,0.000000e+00,23440.8,62352.5,5033.6,10.93,4.25
BER: SYNC #34 (gated)
CSV,430006,215000,34,0,33,17116,6924,4.045338e-01,0.000000e+00,23135.3,64555.9,5286.9,10.87,4.46
BER: END_SEQ #34 [SLIP] seq_err=222 BER_seq=4.3444e-01 | lock=0 slip=34 BER_cond=0.0000e+00 BER_cum=4.0601e-01
CSV,435006,217500,34,0,34,17374,7054,4.060090e-01,0.000000e+00,23664.4,62928.4,5269.8,10.77,4.25
BER: SYNC #35 (gated)
CSV,440006,220000,35,0,34,17452,7065,4.048247e-01,0.000000e+00,22575.5,65664.2,5123.3,11.08,4.64
BER: END_SEQ #35 [SLIP] seq_err=226 BER_seq=4.4227e-01 | lock=0 slip=35 BER_cond=0.0000e+00 BER_cum=4.0705e-01
CSV,445006,222500,35,0,35,17885,7280,4.070450e-01,0.000000e+00,23648.0,62813.0,5131.8,10.88,4.24
CSV,450006,225000,35,0,35,17885,7280,4.070450e-01,0.000000e+00,24038.3,60928.0,5147.4,10.73,4.04
BER: SYNC #36 (gated)
CSV,455006,227500,36,0,35,18285,7457,4.078206e-01,0.000000e+00,22683.6,64945.6,5247.4,10.93,4.57
BER: END_SEQ #36 [SLIP] seq_err=234 BER_seq=4.5793e-01 | lock=0 slip=36 BER_cond=0.0000e+00 BER_cum=4.0846e-01
BER: SYNC #37 (gated)
CSV,460006,230000,37,0,36,18709,7650,4.088941e-01,0.000000e+00,23445.8,62572.2,4935.3,11.03,4.26
BER: END_SEQ #37 [SLIP] seq_err=223 BER_seq=4.3640e-01 | lock=0 slip=37 BER_cond=0.0000e+00 BER_cum=4.0921e-01
CSV,465006,232500,37,0,37,18907,7737,4.092135e-01,0.000000e+00,22714.1,64002.6,4867.3,11.19,4.50
BER: SYNC #38 (gated)
CSV,470006,235000,38,0,37,19042,7793,4.092532e-01,0.000000e+00,23474.7,64301.9,5139.4,10.97,4.38
BER: END_SEQ #38 [SLIP] seq_err=246 BER_seq=4.8141e-01 | lock=0 slip=38 BER_cond=0.0000e+00 BER_cum=4.1111e-01
BER: SYNC #39 (gated)
CSV,475006,237500,39,0,38,19467,7984,4.101300e-01,0.000000e+00,22225.8,64992.7,5150.6,11.01,4.66
BER: END_SEQ #39 [SLIP] seq_err=203 BER_seq=3.9726e-01 | lock=0 slip=39 BER_cond=0.0000e+00 BER_cum=4.1076e-01
CSV,480006,240000,39,0,39,19929,8186,4.107582e-01,0.000000e+00,22768.4,63233.1,5087.2,10.94,4.44
BER: SYNC #40 (gated)
CSV,485006,242500,40,0,39,20389,8260,4.051204e-01,0.000000e+00,23546.7,61418.6,5113.4,10.80,4.16
BER: END_SEQ #40 [SLIP] seq_err=99 BER_seq=1.9374e-01 | lock=0 slip=40 BER_cond=0.0000e+00 BER_cum=4.0533e-01
CSV,490006,245000,40,0,40,20440,8285,4.053327e-01,0.000000e+00,22205.2,63602.7,5313.8,10.78,4.57
CSV,495006,247500,40,0,40,20440,8285,4.053327e-01,0.000000e+00,23141.7,62015.6,4797.6,11.11,4.28
BER: SYNC #41 (gated)
CSV,500006,250000,41,0,40,20633,8378,4.060486e-01,0.000000e+00,23752.4,67525.9,4190.9,12.07,4.54
BER: END_SEQ #41 [SLIP] seq_err=220 BER_seq=4.3053e-01 | lock=0 slip=41 BER_cond=0.0000e+00 BER_cum=4.0595e-01
BER: SYNC #42 (gated)
CSV,505006,252500,42,0,41,21059,8505,4.038653e-01,0.000000e+00,21842.4,67262.5,4576.4,11.67,4.88
BER: END_SEQ #42 [SLIP] seq_err=202 BER_seq=3.9530e-01 | lock=0 slip=42 BER_cond=0.0000e+00 BER_cum=4.0569e-01
BER: SYNC #43 (gated)
CSV,510006,255000,43,0,42,21482,8707,4.053161e-01,0.000000e+00,22544.3,62916.1,4966.6,11.03,4.46
BER: END_SEQ #43 [SLIP] seq_err=223 BER_seq=4.3640e-01 | lock=0 slip=43 BER_cond=0.0000e+00 BER_cum=4.0641e-01
CSV,515006,257500,43,0,43,21973,8930,4.064079e-01,0.000000e+00,23001.2,61971.2,5404.8,10.59,4.30
CSV,520006,260000,43,0,43,21973,8930,4.064079e-01,0.000000e+00,23043.6,60689.3,4906.1,10.92,4.21
BER: SYNC #44 (gated)
CSV,525006,262500,44,0,43,22311,9005,4.036126e-01,0.000000e+00,22250.1,62084.3,5006.9,10.93,4.46
BER: END_SEQ #44 [SLIP] seq_err=161 BER_seq=3.1507e-01 | lock=0 slip=44 BER_cond=0.0000e+00 BER_cum=4.0433e-01
CSV,530006,265000,44,0,44,22484,9091,4.043320e-01,0.000000e+00,21891.2,63673.9,4885.5,11.15,4.64
CSV,535006,267500,44,0,44,22484,9091,4.043320e-01,0.000000e+00,22031.5,61497.8,4961.2,10.93,4.46
CSV,540006,270000,44,0,44,22484,9091,4.043320e-01,0.000000e+00,20972.5,65437.2,4965.3,11.20,4.94
CSV,545006,272500,44,0,44,22484,9091,4.043320e-01,0.000000e+00,21615.8,61895.4,5281.5,10.69,4.57
CSV,550006,275000,44,0,44,22484,9091,4.043320e-01,0.000000e+00,22076.2,59762.5,4648.7,11.09,4.33
CSV,555006,277500,44,0,44,22484,9091,4.043320e-01,0.000000e+00,20994.0,62140.5,4770.2,11.15,4.71
BER: SYNC #45 (gated)
CSV,560006,280000,45,0,44,22795,9184,4.028954e-01,0.000000e+00,21345.6,61664.5,4950.3,10.95,4.61
BER: END_SEQ #45 [SLIP] seq_err=182 BER_seq=3.5616e-01 | lock=0 slip=45 BER_cond=0.0000e+00 BER_cum=4.0326e-01
BER: SYNC #46 (gated)
CSV,565006,282500,46,0,45,23219,9345,4.024721e-01,0.000000e+00,21304.2,61090.7,4762.0,11.08,4.58
BER: END_SEQ #46 [SLIP] seq_err=172 BER_seq=3.3659e-01 | lock=0 slip=46 BER_cond=0.0000e+00 BER_cum=4.0181e-01
BER: SYNC #47 (gated)
CSV,570006,285000,47,0,46,23642,9458,4.000508e-01,0.000000e+00,21034.6,61539.1,5301.4,10.65,4.66
BER: END_SEQ #47 [SLIP] seq_err=199 BER_seq=3.8943e-01 | lock=0 slip=47 BER_cond=0.0000e+00 BER_cum=4.0155e-01
BER: SYNC #48 (gated)
CSV,575006,287500,48,0,47,24065,9644,4.007480e-01,0.000000e+00,19889.6,62687.0,4697.3,11.25,4.99
BER: END_SEQ #48 [SLIP] seq_err=237 BER_seq=4.6380e-01 | lock=0 slip=48 BER_cond=0.0000e+00 BER_cum=4.0285e-01
CSV,580006,290000,48,0,48,24528,9881,4.028457e-01,0.000000e+00,21124.9,60581.7,5109.0,10.74,4.58
CSV,585006,292500,48,0,48,24528,9881,4.028457e-01,0.000000e+00,21291.1,60797.4,4709.0,11.11,4.56
CSV,590006,295000,48,0,48,24528,9881,4.028457e-01,0.000000e+00,20740.7,61368.8,5269.3,10.66,4.71
BER: SYNC #49 (gated)
CSV,595006,297500,49,0,48,24803,10002,4.032577e-01,0.000000e+00,20708.4,59665.8,4786.8,10.96,4.60
BER: END_SEQ #49 [SLIP] seq_err=244 BER_seq=4.7750e-01 | lock=0 slip=49 BER_cond=0.0000e+00 BER_cum=4.0437e-01
CSV,600006,300000,49,0,49,25039,10125,4.043692e-01,0.000000e+00,20073.4,61690.9,4798.9,11.09,4.88
CSV,605006,302500,49,0,49,25039,10125,4.043692e-01,0.000000e+00,19145.0,63589.4,4756.9,11.26,5.21
CSV,610006,305000,49,0,49,25039,10125,4.043692e-01,0.000000e+00,20173.7,60552.1,5130.0,10.72,4.77
CSV,615006,307500,49,0,49,25039,10125,4.043692e-01,0.000000e+00,20649.4,59845.8,5046.7,10.74,4.62
CSV,620006,310000,49,0,49,25039,10125,4.043692e-01,0.000000e+00,19888.6,58422.6,4988.3,10.69,4.68
CSV,625006,312500,49,0,49,25039,10125,4.043692e-01,0.000000e+00,20006.2,60053.1,4970.7,10.82,4.77
CSV,630006,315000,49,0,49,25039,10125,4.043692e-01,0.000000e+00,19837.0,59519.2,5141.1,10.64,4.77
CSV,635006,317500,49,0,49,25039,10125,4.043692e-01,0.000000e+00,19511.0,58679.5,4845.8,10.83,4.78
CSV,640006,320000,49,0,49,25039,10125,4.043692e-01,0.000000e+00,18602.4,62609.1,4687.2,11.26,5.27
CSV,645006,322500,49,0,49,25039,10125,4.043692e-01,0.000000e+00,19722.5,58581.8,4723.1,10.94,4.73
BER: SYNC #50 (gated)
CSV,650006,325000,50,0,49,25519,10363,4.060896e-01,0.000000e+00,20073.1,58658.6,4930.5,10.75,4.66
BER: END_SEQ #50 [SLIP] seq_err=253 BER_seq=4.9511e-01 | lock=0 slip=50 BER_cond=0.0000e+00 BER_cum=4.0618e-01
CSV,655006,327500,50,0,50,25550,10378,4.061840e-01,0.000000e+00,19229.5,60160.8,4918.1,10.88,4.95
CSV,660006,330000,50,0,50,25550,10378,4.061840e-01,0.000000e+00,19287.3,58828.4,4708.1,10.97,4.84
CSV,665006,332500,50,0,50,25550,10378,4.061840e-01,0.000000e+00,19061.5,59123.9,4735.3,10.96,4.92
CSV,670006,335000,50,0,50,25550,10378,4.061840e-01,0.000000e+00,19004.8,60453.3,4821.6,10.98,5.03
CSV,675006,337500,50,0,50,25550,10378,4.061840e-01,0.000000e+00,18470.7,61427.4,4894.2,10.99,5.22
CSV,680006,340000,50,0,50,25550,10378,4.061840e-01,0.000000e+00,18964.2,60033.4,4958.4,10.83,5.00
BER: SYNC #51 (gated)
CSV,685006,342500,51,0,50,26006,10584,4.069830e-01,0.000000e+00,19401.7,57034.7,4671.0,10.87,4.68
BER: END_SEQ #51 [SLIP] seq_err=233 BER_seq=4.5597e-01 | lock=0 slip=51 BER_cond=0.0000e+00 BER_cum=4.0716e-01
CSV,690006,345000,51,0,51,26061,10611,4.071601e-01,0.000000e+00,18926.7,60612.7,4774.7,11.04,5.05
CSV,695006,347500,51,0,51,26061,10611,4.071601e-01,0.000000e+00,19425.0,58363.2,4744.7,10.90,4.78
BER: SYNC #52 (gated)
CSV,700006,350000,52,0,51,26257,10681,4.067868e-01,0.000000e+00,18856.5,59791.5,5108.9,10.68,5.01
BER: END_SEQ #52 [SLIP] seq_err=206 BER_seq=4.0313e-01 | lock=0 slip=52 BER_cond=0.0000e+00 BER_cum=4.0708e-01
BER: SYNC #53 (gated)
CSV,705006,352500,53,0,52,26674,10868,4.074380e-01,0.000000e+00,18479.9,61570.3,4934.1,10.96,5.23
BER: END_SEQ #53 [SLIP] seq_err=260 BER_seq=5.0881e-01 | lock=0 slip=53 BER_cond=0.0000e+00 BER_cum=4.0900e-01
CSV,710006,355000,53,0,53,27083,11077,4.090019e-01,0.000000e+00,19163.9,57937.3,4894.1,10.73,4.80
CSV,715006,357500,53,0,53,27083,11077,4.090019e-01,0.000000e+00,24062.0,81726.9,4225.6,12.86,5.31
CSV,720006,360000,53,0,53,27083,11077,4.090019e-01,0.000000e+00,28815.2,96996.1,2927.1,15.20,5.27
CSV,725006,362500,53,0,53,27083,11077,4.090019e-01,0.000000e+00,29400.7,100100.4,2049.0,16.89,5.32
BER: SYNC #54 (gated)
CSV,730006,365000,54,0,53,27335,11163,4.083775e-01,0.000000e+00,28677.4,103409.0,1946.8,17.25,5.57
BER: END_SEQ #54 [SLIP] seq_err=199 BER_seq=3.8943e-01 | lock=0 slip=54 BER_cond=0.0000e+00 BER_cum=4.0864e-01
BER: SYNC #55 (gated)
CSV,735006,367500,55,0,54,27756,11337,4.084522e-01,0.000000e+00,29007.9,101285.5,1869.6,17.34,5.43
BER: END_SEQ #55 [SLIP] seq_err=241 BER_seq=4.7162e-01 | lock=0 slip=55 BER_cond=0.0000e+00 BER_cum=4.0978e-01
BER: SYNC #56 (gated)
CSV,740006,370000,56,0,55,28181,11519,4.087506e-01,0.000000e+00,27658.8,106355.9,1931.5,17.41,5.85
BER: END_SEQ #56 [SLIP] seq_err=230 BER_seq=4.5010e-01 | lock=0 slip=56 BER_cond=0.0000e+00 BER_cum=4.1050e-01
CSV,745006,372500,56,0,56,28616,11747,4.105046e-01,0.000000e+00,29476.4,100596.9,1953.8,17.12,5.33
BER: SYNC #57 (gated)
CSV,750006,375000,57,0,56,29104,11794,4.052364e-01,0.000000e+00,29164.5,100073.1,1881.2,17.26,5.35
BER: END_SEQ #57 [LOCK] seq_err=47 BER_seq=9.1977e-02 | lock=1 slip=56 BER_cond=9.1977e-02 BER_cum=4.0492e-01
BER: SYNC #58 (gated)
CSV,755006,377500,58,1,56,29524,11957,4.049926e-01,9.197652e-02,29109.1,100818.7,2016.8,16.99,5.40
BER: END_SEQ #58 [SLIP] seq_err=222 BER_seq=4.3444e-01 | lock=1 slip=57 BER_cond=9.1977e-02 BER_cum=4.0543e-01
BER: SYNC #59 (gated)
CSV,760006,380000,59,1,57,29946,12141,4.054298e-01,9.197652e-02,29958.1,99533.8,1926.4,17.13,5.21
BER: END_SEQ #59 [SLIP] seq_err=232 BER_seq=4.5401e-01 | lock=1 slip=58 BER_cond=9.1977e-02 BER_cum=4.0625e-01
CSV,765006,382500,59,1,58,30149,12248,4.062490e-01,9.197652e-02,27958.2,96565.7,3281.4,14.69,5.38
CSV,770006,385000,59,1,58,30149,12248,4.062490e-01,9.197652e-02,27849.9,97363.0,2752.4,15.49,5.44
CSV,775006,387500,59,1,58,30149,12248,4.062490e-01,9.197652e-02,27736.9,98802.4,3170.7,14.94,5.52
CSV,780006,390000,59,1,58,30149,12248,4.062490e-01,9.197652e-02,28910.3,96634.5,2567.0,15.76,5.24
CSV,785006,392500,59,1,58,30149,12248,4.062490e-01,9.197652e-02,24213.1,75605.6,3929.4,12.84,4.95
BER: SYNC #60 (gated)
CSV,790006,395000,60,1,58,30516,12356,4.049023e-01,9.197652e-02,21018.0,61708.1,6354.2,9.87,4.68
BER: END_SEQ #60 [SLIP] seq_err=179 BER_seq=3.5029e-01 | lock=1 slip=59 BER_cond=9.1977e-02 BER_cum=4.0532e-01
CSV,795006,397500,60,1,59,30660,12427,4.053164e-01,9.197652e-02,22330.8,63250.3,5180.7,10.87,4.52
BER: SYNC #61 (gated)
CSV,800006,400000,61,1,59,30851,12509,4.054650e-01,9.197652e-02,29089.9,99936.4,3044.5,15.16,5.36
BER: END_SEQ #61 [SLIP] seq_err=248 BER_seq=4.8532e-01 | lock=1 slip=60 BER_cond=9.1977e-02 BER_cum=4.0663e-01
CSV,805006,402500,61,1,60,31171,12675,4.066280e-01,9.197652e-02,22998.3,82782.6,3918.9,13.25,5.56
BER: SYNC #62 (gated)
CSV,810006,405000,62,1,60,31188,12675,4.064063e-01,9.197652e-02,19956.7,64475.6,5130.9,10.99,5.09
BER: END_SEQ #62 [SLIP] seq_err=157 BER_seq=3.0724e-01 | lock=1 slip=61 BER_cond=9.1977e-02 BER_cum=4.0502e-01
CSV,815006,407500,62,1,61,31682,12832,4.050249e-01,9.197652e-02,29231.7,99320.1,2665.9,15.71,5.31
CSV,820006,410000,62,1,61,31682,12832,4.050249e-01,9.197652e-02,29636.2,96903.5,2761.1,15.45,5.15
CSV,825006,412500,62,1,61,31682,12832,4.050249e-01,9.197652e-02,28876.2,101394.8,2482.4,16.11,5.45
CSV,830006,415000,62,1,61,31682,12832,4.050249e-01,9.197652e-02,28950.3,98571.2,2459.5,16.03,5.32
BER: SYNC #63 (gated)
CSV,835006,417500,63,1,61,31841,12877,4.044157e-01,9.197652e-02,29385.0,98671.6,2650.1,15.71,5.26
BER: END_SEQ #63 [SLIP] seq_err=226 BER_seq=4.4227e-01 | lock=1 slip=62 BER_cond=9.1977e-02 BER_cum=4.0562e-01
BER: SYNC #64 (gated)
CSV,840006,420000,64,1,62,32268,13063,4.048283e-01,9.197652e-02,24004.4,88102.7,3404.7,14.13,5.65
BER: END_SEQ #64 [SLIP] seq_err=132 BER_seq=2.5832e-01 | lock=1 slip=63 BER_cond=9.1977e-02 BER_cum=4.0331e-01
CSV,845006,422500,64,1,63,32704,13190,4.033146e-01,9.197652e-02,22014.3,57459.3,5343.7,10.32,4.17
BER: SYNC #65 (gated)
CSV,850006,425000,65,1,63,33186,13308,4.010125e-01,9.197652e-02,17078.5,48176.9,5274.7,9.61,4.50
BER: END_SEQ #65 [SLIP] seq_err=134 BER_seq=2.6223e-01 | lock=1 slip=64 BER_cond=9.1977e-02 BER_cum=4.0114e-01
BER: SYNC #66 (gated)
CSV,855006,427500,66,1,64,33610,13519,4.022315e-01,9.197652e-02,19730.0,62060.4,5420.9,10.59,4.98
BER: END_SEQ #66 [SLIP] seq_err=253 BER_seq=4.9511e-01 | lock=1 slip=65 BER_cond=9.1977e-02 BER_cum=4.0257e-01
CSV,860006,430000,66,1,65,33726,13577,4.025677e-01,9.197652e-02,23836.5,78171.3,4491.2,12.41,5.16
CSV,865006,432500,66,1,65,33726,13577,4.025677e-01,9.197652e-02,23557.3,82934.6,3305.5,14.00,5.47
BER: SYNC #67 (gated)
CSV,870006,435000,67,1,65,33858,13634,4.026818e-01,9.197652e-02,22693.6,80546.0,3849.6,13.21,5.50
BER: END_SEQ #67 [SLIP] seq_err=238 BER_seq=4.6575e-01 | lock=1 slip=66 BER_cond=9.1977e-02 BER_cum=4.0351e-01
CSV,875006,437500,67,1,66,34237,13815,4.035108e-01,9.197652e-02,19874.9,67194.6,3971.2,12.28,5.29
CSV,880006,440000,67,1,66,34237,13815,4.035108e-01,9.197652e-02,17168.0,54699.8,5307.4,10.13,5.03
BER: SYNC #68 (gated)
CSV,885006,442500,68,1,66,34685,13999,4.036039e-01,9.197652e-02,17548.1,52645.6,5071.5,10.16,4.77
BER: END_SEQ #68 [SLIP] seq_err=216 BER_seq=4.2270e-01 | lock=1 slip=67 BER_cond=9.1977e-02 BER_cum=4.0379e-01
BER: SYNC #69 (gated)
CSV,890006,445000,69,1,67,35113,14200,4.044086e-01,9.197652e-02,19544.6,60159.1,6598.9,9.60,4.88
BER: END_SEQ #69 [SLIP] seq_err=245 BER_seq=4.7945e-01 | lock=1 slip=68 BER_cond=9.1977e-02 BER_cum=4.0489e-01
CSV,895006,447500,69,1,68,35259,14276,4.048895e-01,9.197652e-02,18852.8,53270.5,6455.3,9.17,4.51
CSV,900006,450000,69,1,68,35259,14276,4.048895e-01,9.197652e-02,19426.2,62034.1,7033.8,9.45,5.04
CSV,905006,452500,69,1,68,35259,14276,4.048895e-01,9.197652e-02,20923.8,81483.7,3162.4,14.11,5.90
CSV,910006,455000,69,1,68,35259,14276,4.048895e-01,9.197652e-02,21594.1,75831.6,2968.9,14.07,5.46
CSV,915006,457500,69,1,68,35259,14276,4.048895e-01,9.197652e-02,16866.4,53974.4,4897.1,10.42,5.05
CSV,920006,460000,69,1,68,35259,14276,4.048895e-01,9.197652e-02,14798.6,47602.7,4883.4,9.89,5.07
BER: SYNC #70 (gated)
CSV,925006,462500,70,1,68,35591,14423,4.052429e-01,9.197652e-02,15003.8,45984.1,5141.5,9.52,4.86
BER: END_SEQ #70 [SLIP] seq_err=239 BER_seq=4.6771e-01 | lock=1 slip=69 BER_cond=9.1977e-02 BER_cum=4.0579e-01
CSV,930006,465000,70,1,69,35770,14515,4.057870e-01,9.197652e-02,14847.2,46418.4,5381.0,9.36,4.95
CSV,935006,467500,70,1,69,35770,14515,4.057870e-01,9.197652e-02,14816.4,45975.7,4943.9,9.68,4.92
CSV,940006,470000,70,1,69,35770,14515,4.057870e-01,9.197652e-02,13824.9,49201.6,5466.5,9.54,5.51
CSV,945006,472500,70,1,69,35770,14515,4.057870e-01,9.197652e-02,14570.8,46540.6,5156.9,9.55,5.04
CSV,950006,475000,70,1,69,35770,14515,4.057870e-01,9.197652e-02,14242.1,45984.2,5691.9,9.07,5.09
CSV,955006,477500,70,1,69,35770,14515,4.057870e-01,9.197652e-02,14759.8,46419.2,5230.4,9.48,4.98
CSV,960006,480000,70,1,69,35770,14515,4.057870e-01,9.197652e-02,14758.3,45421.9,5490.8,9.18,4.88
BER: SYNC #71 (gated)
CSV,965006,482500,71,1,69,35988,14610,4.059687e-01,9.197652e-02,14231.1,45663.2,4856.8,9.73,5.06
BER: END_SEQ #71 [SLIP] seq_err=231 BER_seq=4.5205e-01 | lock=1 slip=70 BER_cond=9.1977e-02 BER_cum=4.0644e-01
BER: SYNC #72 (gated)
CSV,970006,485000,72,1,70,36413,14786,4.060638e-01,9.197652e-02,14175.9,46347.2,4810.4,9.84,5.14
BER: END_SEQ #72 [SLIP] seq_err=225 BER_seq=4.4031e-01 | lock=1 slip=71 BER_cond=9.1977e-02 BER_cum=4.0691e-01
CSV,975006,487500,72,1,71,36792,14971,4.069091e-01,9.197652e-02,14156.2,46999.9,5213.0,9.55,5.21
CSV,980006,490000,72,1,71,36792,14971,4.069091e-01,9.197652e-02,14737.6,45419.8,5007.6,9.58,4.89
BER: SYNC #73 (gated)
CSV,985006,492500,73,1,71,37240,15149,4.067938e-01,9.197652e-02,14709.9,44478.7,5383.6,9.17,4.81
BER: END_SEQ #73 [SLIP] seq_err=210 BER_seq=4.1096e-01 | lock=1 slip=72 BER_cond=9.1977e-02 BER_cum=4.0696e-01
CSV,990006,495000,73,1,72,37303,15181,4.069646e-01,9.197652e-02,14569.2,45594.3,5299.3,9.35,4.95
BER: SYNC #74 (gated)
CSV,995006,497500,74,1,72,37580,15288,4.068121e-01,9.197652e-02,14525.9,44808.6,4957.9,9.56,4.89
BER: END_SEQ #74 [SLIP] seq_err=239 BER_seq=4.6771e-01 | lock=1 slip=73 BER_cond=9.1977e-02 BER_cum=4.0779e-01
CSV,1000006,500000,74,1,73,37814,15420,4.077855e-01,9.197652e-02,14220.7,46220.9,5387.5,9.33,5.12
CSV,1005006,502500,74,1,73,37814,15420,4.077855e-01,9.197652e-02,14030.8,46714.6,5305.6,9.45,5.22
CSV,1010006,505000,74,1,73,37814,15420,4.077855e-01,9.197652e-02,14349.2,45653.0,5322.7,9.33,5.03
CSV,1015006,507500,74,1,73,37814,15420,4.077855e-01,9.197652e-02,14569.3,44690.8,5130.5,9.40,4.87
CSV,1020006,510000,74,1,73,37814,15420,4.077855e-01,9.197652e-02,14544.8,44238.2,5112.5,9.37,4.83
CSV,1025006,512500,74,1,73,37814,15420,4.077855e-01,9.197652e-02,14183.9,45424.3,5111.6,9.49,5.05
CSV,1030006,515000,74,1,73,37814,15420,4.077855e-01,9.197652e-02,14374.2,44854.8,5028.7,9.50,4.94
CSV,1035006,517500,74,1,73,37814,15420,4.077855e-01,9.197652e-02,14409.3,44345.2,5371.6,9.17,4.88
CSV,1040006,520000,74,1,73,37814,15420,4.077855e-01,9.197652e-02,13994.1,46177.5,4963.6,9.69,5.18
CSV,1045006,522500,74,1,73,37814,15420,4.077855e-01,9.197652e-02,16405.8,54424.6,4384.5,10.94,5.21
CSV,1050006,525000,74,1,73,37814,15420,4.077855e-01,9.197652e-02,21353.4,72472.1,1888.2,15.84,5.31
BER: SYNC #75 (gated)
CSV,1055006,527500,75,1,73,38205,15618,4.087947e-01,9.197652e-02,20784.8,75881.0,1959.5,15.88,5.62
BER: END_SEQ #75 [SLIP] seq_err=257 BER_seq=5.0294e-01 | lock=1 slip=74 BER_cond=9.1977e-02 BER_cum=4.0905e-01
BER: SYNC #76 (gated)
CSV,1060006,530000,76,1,74,38629,15830,4.097958e-01,9.197652e-02,21108.1,74792.1,1850.3,16.07,5.49
BER: END_SEQ #76 [SLIP] seq_err=262 BER_seq=5.1272e-01 | lock=1 slip=75 BER_cond=9.1977e-02 BER_cum=4.1042e-01
CSV,1065006,532500,76,1,75,38836,15939,4.104182e-01,9.197652e-02,21079.7,74447.6,1957.4,15.80,5.48
CSV,1070006,535000,76,1,75,38836,15939,4.104182e-01,9.197652e-02,20289.4,74272.4,2265.5,15.16,5.64
CSV,1075006,537500,76,1,75,38836,15939,4.104182e-01,9.197652e-02,20308.6,76079.8,2290.6,15.21,5.74
CSV,1080006,540000,76,1,75,38836,15939,4.104182e-01,9.197652e-02,20713.1,72730.6,2300.3,15.00,5.45
BER: SYNC #77 (gated)
CSV,1085006,542500,77,1,75,39283,16156,4.112720e-01,9.197652e-02,21270.5,73024.3,1956.7,15.72,5.36
BER: END_SEQ #77 [SLIP] seq_err=249 BER_seq=4.8728e-01 | lock=1 slip=76 BER_cond=9.1977e-02 BER_cum=4.1142e-01
CSV,1090006,545000,77,1,76,39347,16188,4.114164e-01,9.197652e-02,20717.8,75563.9,1981.4,15.81,5.62
BER: SYNC #78 (gated)
CSV,1095006,547500,78,1,76,39624,16255,4.102312e-01,9.197652e-02,21773.2,72262.9,1860.2,15.89,5.21
BER: END_SEQ #78 [SLIP] seq_err=146 BER_seq=2.8571e-01 | lock=1 slip=77 BER_cond=9.1977e-02 BER_cum=4.0980e-01
CSV,1100006,550000,78,1,77,39858,16334,4.098048e-01,9.197652e-02,20934.0,74672.2,1819.9,16.13,5.52
BER: SYNC #79 (gated)
CSV,1105006,552500,79,1,77,39959,16352,4.092194e-01,9.197652e-02,19980.2,76912.6,1810.3,16.28,5.85
BER: END_SEQ #79 [SLIP] seq_err=230 BER_seq=4.5010e-01 | lock=1 slip=78 BER_cond=9.1977e-02 BER_cum=4.1031e-01
CSV,1110006,555000,79,1,78,40369,16564,4.103149e-01,9.197652e-02,20518.7,75363.6,1671.3,16.54,5.65
CSV,1115006,557500,79,1,78,40369,16564,4.103149e-01,9.197652e-02,21256.0,74461.2,1820.6,16.12,5.44
BER: SYNC #80 (gated)
CSV,1120006,560000,80,1,78,40789,16758,4.108461e-01,9.197652e-02,21377.8,74136.1,1654.9,16.51,5.40
BER: END_SEQ #80 [SLIP] seq_err=240 BER_seq=4.6967e-01 | lock=1 slip=79 BER_cond=9.1977e-02 BER_cum=4.1106e-01
CSV,1125006,562500,80,1,79,40880,16804,4.110568e-01,9.197652e-02,20742.9,75655.2,1786.7,16.27,5.62
CSV,1130006,565000,80,1,79,40880,16804,4.110568e-01,9.197652e-02,20683.8,76436.9,1881.0,16.09,5.68
BER: SYNC #81 (gated)
CSV,1135006,567500,81,1,79,41039,16872,4.111211e-01,9.197652e-02,21601.0,73588.9,1806.2,16.10,5.32
BER: END_SEQ #81 [SLIP] seq_err=243 BER_seq=4.7554e-01 | lock=1 slip=80 BER_cond=9.1977e-02 BER_cum=4.1185e-01
CSV,1140006,570000,81,1,80,41391,17047,4.118528e-01,9.197652e-02,20134.8,77461.1,1838.6,16.25,5.85
CSV,1145006,572500,81,1,80,41391,17047,4.118528e-01,9.197652e-02,21320.8,72872.2,1710.4,16.29,5.34
BER: SYNC #82 (gated)
CSV,1150006,575000,82,1,80,41868,17274,4.125824e-01,9.197652e-02,20210.7,71304.6,2546.1,14.47,5.48
BER: END_SEQ #82 [SLIP] seq_err=245 BER_seq=4.7945e-01 | lock=1 slip=81 BER_cond=9.1977e-02 BER_cum=4.1268e-01
CSV,1155006,577500,82,1,81,41902,17292,4.126772e-01,9.197652e-02,20355.2,70974.2,2454.8,14.61,5.42
CSV,1160006,580000,82,1,81,41902,17292,4.126772e-01,9.197652e-02,19977.7,72349.2,2303.2,14.97,5.59
CSV,1165006,582500,82,1,81,41902,17292,4.126772e-01,9.197652e-02,20845.8,70156.8,2564.9,14.37,5.27
BER: SYNC #83 (gated)
CSV,1170006,585000,83,1,81,42031,17343,4.126240e-01,9.197652e-02,19757.3,70235.9,2608.6,14.30,5.51
BER: END_SEQ #83 [SLIP] seq_err=239 BER_seq=4.6771e-01 | lock=1 slip=82 BER_cond=9.1977e-02 BER_cum=4.1334e-01
BER: SYNC #84 (gated)
CSV,1175006,587500,84,1,82,42455,17547,4.133082e-01,9.197652e-02,14566.3,45068.2,5077.2,9.48,4.91
BER: END_SEQ #84 [SLIP] seq_err=249 BER_seq=4.8728e-01 | lock=1 slip=83 BER_cond=9.1977e-02 BER_cum=4.1422e-01
CSV,1180006,590000,84,1,83,42924,17780,4.142205e-01,9.197652e-02,14197.8,43943.5,5337.6,9.16,4.91
CSV,1185006,592500,84,1,83,42924,17780,4.142205e-01,9.197652e-02,14337.2,43030.8,5305.4,9.09,4.77
CSV,1190006,595000,84,1,83,42924,17780,4.142205e-01,9.197652e-02,13936.3,43212.3,5269.6,9.14,4.91
CSV,1195006,597500,84,1,83,42924,17780,4.142205e-01,9.197652e-02,14239.5,42530.3,4965.0,9.33,4.75
BER: SYNC #85 (gated)
CSV,1200006,600000,85,1,83,43112,17819,4.133188e-01,9.197652e-02,14035.5,43505.8,4883.0,9.50,4.91
BER: END_SEQ #85 [SLIP] seq_err=183 BER_seq=3.5812e-01 | lock=1 slip=84 BER_cond=9.1977e-02 BER_cum=4.1356e-01
BER: SYNC #86 (gated)
CSV,1205006,602500,86,1,84,43533,18014,4.138010e-01,9.197652e-02,13502.4,45207.8,4585.7,9.94,5.25
BER: END_SEQ #86 [SLIP] seq_err=233 BER_seq=4.5597e-01 | lock=1 slip=85 BER_cond=9.1977e-02 BER_cum=4.1405e-01
CSV,1210006,605000,86,1,85,43946,18196,4.140536e-01,9.197652e-02,14036.4,42665.1,5346.8,9.02,4.83
CSV,1215006,607500,86,1,85,43946,18196,4.140536e-01,9.197652e-02,14018.9,42946.8,5038.2,9.31,4.86
CSV,1220006,610000,86,1,85,43946,18196,4.140536e-01,9.197652e-02,14225.9,41547.8,5267.6,8.97,4.65
CSV,1225006,612500,86,1,85,43946,18196,4.140536e-01,9.197652e-02,14127.4,43135.6,5145.8,9.23,4.85
BER: SYNC #87 (gated)
CSV,1230006,615000,87,1,85,44189,18274,4.135418e-01,9.197652e-02,14053.8,43071.4,5068.1,9.29,4.86
BER: END_SEQ #87 [SLIP] seq_err=209 BER_seq=4.0900e-01 | lock=1 slip=86 BER_cond=9.1977e-02 BER_cum=4.1400e-01
CSV,1235006,617500,87,1,86,44457,18405,4.139955e-01,9.197652e-02,14014.7,43102.2,5229.5,9.16,4.88
CSV,1240006,620000,87,1,86,44457,18405,4.139955e-01,9.197652e-02,13533.9,44120.8,5071.7,9.39,5.13
CSV,1245006,622500,87,1,86,44457,18405,4.139955e-01,9.197652e-02,14093.1,41900.8,5269.2,9.00,4.73
CSV,1250006,625000,87,1,86,44457,18405,4.139955e-01,9.197652e-02,14256.7,42467.8,4870.5,9.40,4.74
CSV,1255006,627500,87,1,86,44457,18405,4.139955e-01,9.197652e-02,13817.8,42374.5,4986.9,9.29,4.87
CSV,1260006,630000,87,1,86,44457,18405,4.139955e-01,9.197652e-02,13959.0,42656.6,4921.6,9.38,4.85
BER: SYNC #88 (gated)
CSV,1265006,632500,88,1,86,44672,18513,4.144207e-01,9.197652e-02,13799.6,43412.9,5102.7,9.30,4.98
BER: END_SEQ #88 [SLIP] seq_err=255 BER_seq=4.9902e-01 | lock=1 slip=87 BER_cond=9.1977e-02 BER_cum=4.1496e-01
BER: SYNC #89 (gated)
CSV,1270006,635000,89,1,87,45093,18712,4.149646e-01,9.197652e-02,13900.6,43914.0,5206.5,9.26,5.00
BER: END_SEQ #89 [SLIP] seq_err=252 BER_seq=4.9315e-01 | lock=1 slip=88 BER_cond=9.1977e-02 BER_cum=4.1584e-01
CSV,1275006,637500,89,1,88,45479,18912,4.158403e-01,9.197652e-02,17299.6,59241.5,3691.4,12.05,5.35
CSV,1280006,640000,89,1,88,45479,18912,4.158403e-01,9.197652e-02,13939.6,43018.3,5293.2,9.10,4.89
CSV,1285006,642500,89,1,88,45479,18912,4.158403e-01,9.197652e-02,14359.4,43258.3,5190.9,9.21,4.79
CSV,1290006,645000,89,1,88,45479,18912,4.158403e-01,9.197652e-02,14287.0,42436.2,5189.2,9.13,4.73
CSV,1295006,647500,89,1,88,45479,18912,4.158403e-01,9.197652e-02,14062.0,42616.7,5061.0,9.25,4.82
BER: SYNC #90 (gated)
CSV,1300006,650000,90,1,88,45665,18977,4.155699e-01,9.197652e-02,14336.2,44548.0,4850.3,9.63,4.92
BER: END_SEQ #90 [SLIP] seq_err=229 BER_seq=4.4814e-01 | lock=1 slip=89 BER_cond=9.1977e-02 BER_cum=4.1620e-01
CSV,1305006,652500,90,1,89,45990,19141,4.161992e-01,9.197652e-02,17082.5,61875.1,3679.1,12.26,5.59
BER: SYNC #91 (gated)
CSV,1310006,655000,91,1,89,46002,19141,4.160906e-01,9.197652e-02,20344.9,71765.0,2248.5,15.04,5.47
CSV,1315006,657500,91,1,89,46496,19377,4.167455e-01,9.197652e-02,21402.9,74529.0,2269.6,15.16,5.42
BER: END_SEQ #91 [SLIP] seq_err=238 BER_seq=4.6575e-01 | lock=1 slip=90 BER_cond=9.1977e-02 BER_cum=4.1674e-01
BER: SYNC #92 (gated)
CSV,1320006,660000,92,1,90,46920,19571,4.171142e-01,9.197652e-02,20273.5,66141.1,2825.0,13.69,5.14
BER: END_SEQ #92 [SLIP] seq_err=241 BER_seq=4.7162e-01 | lock=1 slip=91 BER_cond=9.1977e-02 BER_cum=4.1734e-01
CSV,1325006,662500,92,1,91,47012,19620,4.173402e-01,9.197652e-02,17531.1,55423.8,4016.5,11.40,5.00
CSV,1330006,665000,92,1,91,47012,19620,4.173402e-01,9.197652e-02,18368.4,59762.5,3682.0,12.10,5.12
BER: SYNC #93 (gated)
CSV,1335006,667500,93,1,91,47169,19688,4.173928e-01,9.197652e-02,17758.7,56153.6,3817.9,11.68,5.00
BER: END_SEQ #93 [SLIP] seq_err=237 BER_seq=4.6380e-01 | lock=1 slip=92 BER_cond=9.1977e-02 BER_cum=4.1784e-01
BER: SYNC #94 (gated)
CSV,1340006,670000,94,1,92,47593,19860,4.172882e-01,9.197652e-02,19830.3,76927.5,2598.1,14.71,5.89
BER: END_SEQ #94 [SLIP] seq_err=228 BER_seq=4.4618e-01 | lock=1 slip=93 BER_cond=9.1977e-02 BER_cum=4.1814e-01
CSV,1345006,672500,94,1,93,48034,20085,4.181413e-01,9.197652e-02,21600.9,72886.4,2197.4,15.21,5.28
CSV,1350006,675000,94,1,93,48034,20085,4.181413e-01,9.197652e-02,21848.0,72171.0,2156.3,15.25,5.19
CSV,1355006,677500,94,1,93,48034,20085,4.181413e-01,9.197652e-02,21324.3,73970.9,2298.3,15.08,5.40
BER: SYNC #95 (gated)
CSV,1360006,680000,95,1,93,48335,20226,4.184545e-01,9.197652e-02,21344.8,74074.2,2167.3,15.34,5.40
BER: END_SEQ #95 [SLIP] seq_err=244 BER_seq=4.7750e-01 | lock=1 slip=94 BER_cond=9.1977e-02 BER_cum=4.1877e-01
CSV,1365006,682500,95,1,94,48545,20329,4.187661e-01,9.197652e-02,20503.7,71372.6,2444.9,14.65,5.42
CSV,1370006,685000,95,1,94,48545,20329,4.187661e-01,9.197652e-02,16744.7,54643.3,4471.3,10.87,5.14
CSV,1375006,687500,95,1,94,48545,20329,4.187661e-01,9.197652e-02,20238.2,70777.1,2929.9,13.83,5.44
CSV,1380006,690000,95,1,94,48545,20329,4.187661e-01,9.197652e-02,20786.4,71471.6,2905.9,13.91,5.36
CSV,1385006,692500,95,1,94,48545,20329,4.187661e-01,9.197652e-02,20898.7,71402.0,2720.6,14.19,5.34
BER: SYNC #96 (gated)
CSV,1390006,695000,96,1,94,48903,20468,4.185428e-01,9.197652e-02,20488.1,71782.3,2605.6,14.40,5.45
BER: END_SEQ #96 [SLIP] seq_err=219 BER_seq=4.2857e-01 | lock=1 slip=95 BER_cond=9.1977e-02 BER_cum=4.1887e-01
BER: SYNC #97 (gated)
CSV,1395006,697500,97,1,95,49328,20634,4.183020e-01,9.197652e-02,21439.4,72974.7,2022.4,15.57,5.32
BER: END_SEQ #97 [SLIP] seq_err=214 BER_seq=4.1879e-01 | lock=1 slip=96 BER_cond=9.1977e-02 BER_cum=4.1887e-01
BER: SYNC #98 (gated)
CSV,1400006,700000,98,1,96,49751,20854,4.191675e-01,9.197652e-02,19054.1,67894.8,2895.5,13.70,5.52
BER: END_SEQ #98 [SLIP] seq_err=248 BER_seq=4.8532e-01 | lock=1 slip=97 BER_cond=9.1977e-02 BER_cum=4.1955e-01
CSV,1405006,702500,98,1,97,50078,21010,4.195455e-01,9.197652e-02,41665.6,91870.9,2659.9,15.38,3.43
CSV,1410006,705000,98,1,97,50078,21010,4.195455e-01,9.197652e-02,48881.3,84666.7,3779.5,13.50,2.39
CSV,1415006,707500,98,1,97,50078,21010,4.195455e-01,9.197652e-02,23414.5,80989.0,2608.7,14.92,5.39
CSV,1420006,710000,98,1,97,50078,21010,4.195455e-01,9.197652e-02,23576.1,78358.5,2921.3,14.29,5.22
BER: SYNC #99 (gated)
CSV,1425006,712500,99,1,97,50410,21165,4.198572e-01,9.197652e-02,22527.9,82001.8,2588.6,15.01,5.61
BER: END_SEQ #99 [SLIP] seq_err=246 BER_seq=4.8141e-01 | lock=1 slip=98 BER_cond=9.1977e-02 BER_cum=4.2017e-01
CSV,1430006,715000,99,1,98,50589,21256,4.201704e-01,9.197652e-02,22573.1,78899.8,2948.9,14.27,5.43
CSV,1435006,717500,99,1,98,50589,21256,4.201704e-01,9.197652e-02,22857.9,79317.5,2826.3,14.48,5.40
CSV,1440006,720000,99,1,98,50589,21256,4.201704e-01,9.197652e-02,21564.2,82793.5,2560.3,15.10,5.84
CSV,1445006,722500,99,1,98,50589,21256,4.201704e-01,9.197652e-02,23365.6,78694.7,2216.6,15.50,5.27
BER: SYNC #100 (gated)
CSV,1450006,725000,100,1,98,51063,21451,4.200889e-01,9.197652e-02,23120.2,78511.4,2704.0,14.63,5.31
BER: END_SEQ #100 [SLIP] seq_err=215 BER_seq=4.2074e-01 | lock=1 slip=99 BER_cond=9.1977e-02 BER_cum=4.2018e-01
CSV,1455006,727500,100,1,99,51100,21471,4.201761e-01,9.197652e-02,22268.7,77501.5,2752.3,14.50,5.42
CSV,1460006,730000,100,1,99,51100,21471,4.201761e-01,9.197652e-02,22112.4,76890.5,2522.1,14.84,5.41
CSV,1465006,732500,100,1,99,51100,21471,4.201761e-01,9.197652e-02,21251.3,76593.1,3080.7,13.96,5.57
BER: SYNC #101 (gated)
CSV,1470006,735000,101,1,99,51227,21527,4.202276e-01,9.197652e-02,21571.2,76496.1,3087.8,13.94,5.50
BER: END_SEQ #101 [SLIP] seq_err=248 BER_seq=4.8532e-01 | lock=1 slip=100 BER_cond=9.1977e-02 BER_cum=4.2082e-01
BER: SYNC #102 (gated)
CSV,1475006,737500,102,1,100,51650,21735,4.208132e-01,9.197652e-02,21130.8,77181.3,3064.3,14.01,5.63
BER: END_SEQ #102 [SLIP] seq_err=254 BER_seq=4.9706e-01 | lock=1 slip=101 BER_cond=9.1977e-02 BER_cum=4.2157e-01
CSV,1480006,740000,102,1,101,52122,21973,4.215686e-01,9.197652e-02,21343.9,74921.0,3098.2,13.83,5.45
CSV,1485006,742500,102,1,101,52122,21973,4.215686e-01,9.197652e-02,21714.8,70913.4,3544.4,13.01,5.14
CSV,1490006,745000,102,1,101,52122,21973,4.215686e-01,9.197652e-02,20611.4,67726.4,3681.6,12.65,5.17
BER: SYNC #103 (gated)
CSV,1495006,747500,103,1,101,52394,22073,4.212887e-01,9.197652e-02,20570.7,65977.4,3188.3,13.16,5.06
BER: END_SEQ #103 [SLIP] seq_err=239 BER_seq=4.6771e-01 | lock=1 slip=102 BER_cond=9.1977e-02 BER_cum=4.2202e-01
BER: SYNC #104 (gated)
CSV,1500006,750000,104,1,102,52815,22301,4.222475e-01,9.197652e-02,21346.6,74020.6,2992.2,13.93,5.40
BER: END_SEQ #104 [SLIP] seq_err=258 BER_seq=5.0489e-01 | lock=1 slip=103 BER_cond=9.1977e-02 BER_cum=4.2281e-01

=========================================
=== END OF TEST (duration=25 min) ===
=========================================
FINAL: syncs=104 lock=1 slip=103 slip_rate=0.9904
FINAL: bits_cum=53144 err_cum=22470 BER_cum=4.2281e-01
FINAL: bits_lock=511 err_lock=47 BER_cond=9.1977e-02
=========================================
=== STOP LOGGING NOW ===
=========================================
