

=== RX BOOT - BER TEST MODE ===
MOD=OOK (20 kHz carrier, adaptive threshold)
BPS_MODE=20 (HALF_SAMPLES=2000, 10000 samples/bit @ 200000 Hz)
Expect: 64-bit preamble + Barker13 (1F35h, gated by 8 preamble bits = 0x55) + 511-bit PRBS-9
Noise floor band: 5000 Hz; lock threshold: BER<0.10
Auto-stop: test will halt 25 min after the first sync.
RX: edge-tracking sync, center-3 voting
Starting decoder...

CSV,5011,500,0,0,0,0,0,0.000000e+00,0.000000e+00,12284.5,13897811.0,31739.9,26.41,30.54
BER: SYNC #1 (gated)
CSV,10011,1000,1,0,0,31,0,0.000000e+00,0.000000e+00,8478.2,19128996.0,15636.6,30.88,33.53
CSV,15011,1500,1,0,0,131,0,0.000000e+00,0.000000e+00,7663.2,15556291.0,14678.0,30.25,33.07
CSV,20011,2000,1,0,0,231,0,0.000000e+00,0.000000e+00,10290.6,13031511.0,22757.0,27.58,31.03
CSV,25011,2500,1,0,0,331,0,0.000000e+00,0.000000e+00,17693.4,4751671.5,44085.4,20.33,24.29
CSV,30011,3000,1,0,0,431,0,0.000000e+00,0.000000e+00,16487.8,4758556.0,43337.9,20.41,24.60
BER: END_SEQ #1 [LOCK] seq_err=0 BER_seq=0.0000e+00 | lock=1 slip=0 BER_cond=0.0000e+00 BER_cum=0.0000e+00
CSV,35011,3500,1,1,0,511,0,0.000000e+00,0.000000e+00,18126.4,5106695.5,41589.8,20.89,24.50
BER: SYNC #2 (gated)
CSV,40011,4000,2,1,0,554,0,0.000000e+00,0.000000e+00,17618.9,4571250.5,45172.6,20.05,24.14
CSV,45011,4500,2,1,0,654,0,0.000000e+00,0.000000e+00,16617.2,3906882.0,40387.6,19.86,23.71
CSV,50011,5000,2,1,0,754,0,0.000000e+00,0.000000e+00,17489.5,4842043.5,41649.5,20.65,24.42
CSV,55011,5500,2,1,0,854,0,0.000000e+00,0.000000e+00,16255.0,4461306.5,42903.8,20.17,24.38
CSV,60011,6000,2,1,0,954,0,0.000000e+00,0.000000e+00,18333.2,4807771.0,44376.8,20.35,24.19
BER: END_SEQ #2 [LOCK] seq_err=0 BER_seq=0.0000e+00 | lock=2 slip=0 BER_cond=0.0000e+00 BER_cum=0.0000e+00
CSV,65011,6500,2,2,0,1022,0,0.000000e+00,0.000000e+00,15778.5,4728250.0,43188.0,20.39,24.77
BER: SYNC #3 (gated)
CSV,70011,7000,3,2,0,1077,0,0.000000e+00,0.000000e+00,17271.9,4632302.5,44324.7,20.19,24.28
CSV,75011,7500,3,2,0,1177,0,0.000000e+00,0.000000e+00,18672.1,3740869.0,39411.6,19.77,23.02
CSV,80011,8000,3,2,0,1277,0,0.000000e+00,0.000000e+00,15162.8,4517914.0,40155.7,20.51,24.74
CSV,85011,8500,3,2,0,1377,0,0.000000e+00,0.000000e+00,18211.0,4759761.0,41606.8,20.58,24.17
CSV,90011,9000,3,2,0,1477,0,0.000000e+00,0.000000e+00,17822.2,4454499.0,43605.0,20.09,23.98
BER: END_SEQ #3 [LOCK] seq_err=0 BER_seq=0.0000e+00 | lock=3 slip=0 BER_cond=0.0000e+00 BER_cum=0.0000e+00
CSV,95011,9500,3,3,0,1533,0,0.000000e+00,0.000000e+00,19288.5,4841511.5,46008.0,20.22,24.00
BER: SYNC #4 (gated)
CSV,100011,10000,4,3,0,1599,0,0.000000e+00,0.000000e+00,17611.0,4699784.0,46789.1,20.02,24.26
CSV,105011,10500,4,3,0,1699,0,0.000000e+00,0.000000e+00,14835.7,3613613.2,40938.2,19.46,23.87
CSV,110011,11000,4,3,0,1799,0,0.000000e+00,0.000000e+00,15191.0,4499692.0,41337.6,20.37,24.72
CSV,115011,11500,4,3,0,1899,0,0.000000e+00,0.000000e+00,14600.4,4887619.5,43930.8,20.46,25.25
CSV,120011,12000,4,3,0,1999,0,0.000000e+00,0.000000e+00,15828.1,4480281.0,39950.8,20.50,24.52
BER: END_SEQ #4 [LOCK] seq_err=0 BER_seq=0.0000e+00 | lock=4 slip=0 BER_cond=0.0000e+00 BER_cum=0.0000e+00
CSV,125011,12500,4,4,0,2044,0,0.000000e+00,0.000000e+00,16612.7,5012144.0,40670.3,20.91,24.80
BER: SYNC #5 (gated)
CSV,130011,13000,5,4,0,2122,0,0.000000e+00,0.000000e+00,15571.2,4768910.0,41793.2,20.57,24.86
CSV,135011,13500,5,4,0,2222,0,0.000000e+00,0.000000e+00,17320.5,3632414.2,43591.4,19.21,23.22
CSV,140011,14000,5,4,0,2322,0,0.000000e+00,0.000000e+00,14814.7,4206224.5,39779.6,20.24,24.53
CSV,145011,14500,5,4,0,2422,0,0.000000e+00,0.000000e+00,16739.1,5162961.0,39063.8,21.21,24.89
CSV,150011,15000,5,4,0,2522,0,0.000000e+00,0.000000e+00,15933.6,4384469.0,39741.6,20.43,24.40
BER: END_SEQ #5 [LOCK] seq_err=0 BER_seq=0.0000e+00 | lock=5 slip=0 BER_cond=0.0000e+00 BER_cum=0.0000e+00
CSV,155011,15500,5,5,0,2555,0,0.000000e+00,0.000000e+00,16743.0,4968824.0,44877.3,20.44,24.72
BER: SYNC #6 (gated)
CSV,160011,16000,6,5,0,2645,0,0.000000e+00,0.000000e+00,14116.7,4579367.5,38091.4,20.80,25.11
CSV,165011,16500,6,5,0,2745,0,0.000000e+00,0.000000e+00,17043.3,3803643.5,43189.7,19.45,23.49
CSV,170011,17000,6,5,0,2845,0,0.000000e+00,0.000000e+00,16906.0,4544575.5,40047.5,20.55,24.29
CSV,175011,17500,6,5,0,2945,0,0.000000e+00,0.000000e+00,16106.9,4670071.0,38978.8,20.78,24.62
CSV,180011,18000,6,5,0,3045,0,0.000000e+00,0.000000e+00,15452.0,4484757.5,38539.9,20.66,24.63
BER: END_SEQ #6 [LOCK] seq_err=0 BER_seq=0.0000e+00 | lock=6 slip=0 BER_cond=0.0000e+00 BER_cum=0.0000e+00
BER: SYNC #7 (gated)
CSV,185011,18500,7,6,0,3068,0,0.000000e+00,0.000000e+00,15366.6,5117457.5,43115.4,20.74,25.22
CSV,190011,19000,7,6,0,3167,0,0.000000e+00,0.000000e+00,14776.1,4507644.0,42951.9,20.21,24.84
CSV,195011,19500,7,6,0,3267,0,0.000000e+00,0.000000e+00,17305.4,3634496.8,41443.4,19.43,23.22
CSV,200011,20000,7,6,0,3368,0,0.000000e+00,0.000000e+00,15715.9,4532633.5,43603.1,20.17,24.60
CSV,205011,20500,7,6,0,3467,0,0.000000e+00,0.000000e+00,15013.1,4794327.0,39701.1,20.82,25.04
CSV,210011,21000,7,6,0,3567,0,0.000000e+00,0.000000e+00,16252.9,4491452.0,38623.7,20.66,24.41
BER: END_SEQ #7 [LOCK] seq_err=0 BER_seq=0.0000e+00 | lock=7 slip=0 BER_cond=0.0000e+00 BER_cum=0.0000e+00
BER: SYNC #8 (gated)
CSV,215011,21500,8,7,0,3590,0,0.000000e+00,0.000000e+00,17326.8,5142822.0,40487.5,21.04,24.72
CSV,220011,22000,8,7,0,3690,0,0.000000e+00,0.000000e+00,17027.9,4371441.5,39674.7,20.42,24.09
CSV,225011,22500,8,7,0,3790,0,0.000000e+00,0.000000e+00,16692.9,3957716.5,44277.9,19.51,23.75
CSV,230011,23000,8,7,0,3890,0,0.000000e+00,0.000000e+00,16485.7,4450270.5,37447.1,20.75,24.31
CSV,235011,23500,8,7,0,3990,0,0.000000e+00,0.000000e+00,16779.2,4875145.5,44018.9,20.44,24.63
BER: END_SEQ #8 [LOCK] seq_err=0 BER_seq=0.0000e+00 | lock=8 slip=0 BER_cond=0.0000e+00 BER_cum=0.0000e+00
CSV,240011,24000,8,8,0,4088,0,0.000000e+00,0.000000e+00,16521.7,4881834.5,39410.0,20.93,24.71
BER: SYNC #9 (gated)
CSV,245011,24500,9,8,0,4113,0,0.000000e+00,0.000000e+00,18103.3,4842322.0,50170.4,19.85,24.27
CSV,250011,25000,9,8,0,4213,0,0.000000e+00,0.000000e+00,16085.9,4097264.5,42111.5,19.88,24.06
CSV,255011,25500,9,8,0,4313,0,0.000000e+00,0.000000e+00,18335.0,4114801.2,41651.2,19.95,23.51
CSV,260011,26000,9,8,0,4413,0,0.000000e+00,0.000000e+00,19051.4,4653009.0,41971.5,20.45,23.88
CSV,265011,26500,9,8,0,4513,0,0.000000e+00,0.000000e+00,20108.6,4759501.5,50752.6,19.72,23.74
BER: END_SEQ #9 [LOCK] seq_err=0 BER_seq=0.0000e+00 | lock=9 slip=0 BER_cond=0.0000e+00 BER_cum=0.0000e+00
CSV,270011,27000,9,9,0,4599,0,0.000000e+00,0.000000e+00,17121.2,4947346.0,41441.1,20.77,24.61
BER: SYNC #10 (gated)
CSV,275011,27500,10,9,0,4636,0,0.000000e+00,0.000000e+00,17008.6,4561193.0,38771.8,20.71,24.28
CSV,280011,28000,10,9,0,4736,0,0.000000e+00,0.000000e+00,15782.1,3942131.5,38036.9,20.16,23.98
CSV,285011,28500,10,9,0,4835,0,0.000000e+00,0.000000e+00,16000.7,4569857.5,35009.4,21.16,24.56
CSV,290011,29000,10,9,0,4936,0,0.000000e+00,0.000000e+00,18273.3,4675181.5,45675.6,20.10,24.08
CSV,295011,29500,10,9,0,5035,0,0.000000e+00,0.000000e+00,15558.1,4486043.0,44181.6,20.07,24.60
BER: END_SEQ #10 [LOCK] seq_err=0 BER_seq=0.0000e+00 | lock=10 slip=0 BER_cond=0.0000e+00 BER_cum=0.0000e+00
CSV,300011,30000,10,10,0,5110,0,0.000000e+00,0.000000e+00,16668.7,4854393.0,41723.2,20.66,24.64
BER: SYNC #11 (gated)
CSV,305011,30500,11,10,0,5158,0,0.000000e+00,0.000000e+00,17016.5,4695359.5,38231.3,20.89,24.41
CSV,310011,31000,11,10,0,5258,0,0.000000e+00,0.000000e+00,14285.3,3788561.8,41277.6,19.63,24.24
CSV,315011,31500,11,10,0,5358,0,0.000000e+00,0.000000e+00,16889.6,4707010.0,46084.2,20.09,24.45
CSV,320011,32000,11,10,0,5458,0,0.000000e+00,0.000000e+00,18137.3,4647481.0,41965.8,20.44,24.09
CSV,325011,32500,11,10,0,5558,0,0.000000e+00,0.000000e+00,15860.1,4564304.0,34886.9,21.17,24.59
BER: END_SEQ #11 [LOCK] seq_err=0 BER_seq=0.0000e+00 | lock=11 slip=0 BER_cond=0.0000e+00 BER_cum=0.0000e+00
CSV,330011,33000,11,11,0,5621,0,0.000000e+00,0.000000e+00,17266.8,4863722.0,40876.5,20.75,24.50
BER: SYNC #12 (gated)
CSV,335011,33500,12,11,0,5681,0,0.000000e+00,0.000000e+00,16733.2,4613605.0,43316.6,20.27,24.40
CSV,340011,34000,12,11,0,5781,0,0.000000e+00,0.000000e+00,15387.5,3869980.0,44723.9,19.37,24.01
CSV,345011,34500,12,11,0,5881,0,0.000000e+00,0.000000e+00,16757.8,4593469.0,43759.1,20.21,24.38
CSV,350011,35000,12,11,0,5981,0,0.000000e+00,0.000000e+00,15076.9,4816641.5,41412.8,20.66,25.04
CSV,355011,35500,12,11,0,6081,0,0.000000e+00,0.000000e+00,16422.7,4469262.0,43043.0,20.16,24.35
BER: END_SEQ #12 [LOCK] seq_err=0 BER_seq=0.0000e+00 | lock=12 slip=0 BER_cond=0.0000e+00 BER_cum=0.0000e+00
CSV,360011,36000,12,12,0,6132,0,0.000000e+00,0.000000e+00,16994.3,4887451.5,46765.7,20.19,24.59
BER: SYNC #13 (gated)
CSV,365011,36500,13,12,0,6204,0,0.000000e+00,0.000000e+00,18400.0,4931656.5,45509.1,20.35,24.28
CSV,370011,37000,13,12,0,6304,0,0.000000e+00,0.000000e+00,16636.0,3582953.8,45644.8,18.95,23.33
CSV,375011,37500,13,12,0,6404,0,0.000000e+00,0.000000e+00,15543.9,4290056.0,42830.0,20.01,24.41
CSV,380011,38000,13,12,0,6504,0,0.000000e+00,0.000000e+00,17516.7,5137648.5,42407.7,20.83,24.67
CSV,385011,38500,13,12,0,6604,0,0.000000e+00,0.000000e+00,16517.1,4376254.0,41245.2,20.26,24.23
BER: END_SEQ #13 [LOCK] seq_err=0 BER_seq=0.0000e+00 | lock=13 slip=0 BER_cond=0.0000e+00 BER_cum=0.0000e+00
CSV,390011,39000,13,13,0,6643,0,0.000000e+00,0.000000e+00,15620.2,4858263.0,42059.1,20.63,24.93
BER: SYNC #14 (gated)
CSV,395011,39500,14,13,0,6726,0,0.000000e+00,0.000000e+00,17644.4,4792022.5,42045.9,20.57,24.34
CSV,400011,40000,14,13,0,6827,0,0.000000e+00,0.000000e+00,16667.1,3807752.5,44060.5,19.37,23.59
CSV,405011,40500,14,13,0,6926,0,0.000000e+00,0.000000e+00,16518.1,4332917.0,45382.6,19.80,24.19
CSV,410011,41000,14,13,0,7026,0,0.000000e+00,0.000000e+00,17904.0,4939403.5,43899.8,20.51,24.41
CSV,415011,41500,14,13,0,7126,0,0.000000e+00,0.000000e+00,15706.7,4527803.0,40589.1,20.47,24.60
BER: END_SEQ #14 [LOCK] seq_err=0 BER_seq=0.0000e+00 | lock=14 slip=0 BER_cond=0.0000e+00 BER_cum=0.0000e+00
CSV,420011,42000,14,14,0,7154,0,0.000000e+00,0.000000e+00,15346.5,5071665.0,38624.5,21.18,25.19
BER: SYNC #15 (gated)
CSV,425011,42500,15,14,0,7249,0,0.000000e+00,0.000000e+00,17715.3,4517918.0,44048.2,20.11,24.07
CSV,430011,43000,15,14,0,7349,0,0.000000e+00,0.000000e+00,16625.2,3677219.0,38456.8,19.81,23.45
CSV,435011,43500,15,14,0,7449,0,0.000000e+00,0.000000e+00,16566.5,4588129.0,44508.0,20.13,24.42
CSV,440011,44000,15,14,0,7549,0,0.000000e+00,0.000000e+00,19805.7,4704168.5,46076.5,20.09,23.76
CSV,445011,44500,15,14,0,7649,0,0.000000e+00,0.000000e+00,17655.3,4751010.0,43718.7,20.36,24.30
BER: END_SEQ #15 [LOCK] seq_err=0 BER_seq=0.0000e+00 | lock=15 slip=0 BER_cond=0.0000e+00 BER_cum=0.0000e+00
BER: SYNC #16 (gated)
CSV,450011,45000,16,15,0,7672,0,0.000000e+00,0.000000e+00,17930.6,4912370.0,43340.0,20.54,24.38
CSV,455011,45500,16,15,0,7772,0,0.000000e+00,0.000000e+00,17970.8,4602565.5,42830.3,20.31,24.08
CSV,460011,46000,16,15,0,7872,0,0.000000e+00,0.000000e+00,16124.6,3691759.5,44409.4,19.20,23.60
CSV,465011,46500,16,15,0,7972,0,0.000000e+00,0.000000e+00,17429.1,4594539.5,42833.0,20.30,24.21
CSV,470011,47000,16,15,0,8072,0,0.000000e+00,0.000000e+00,16825.5,4806283.5,44259.0,20.36,24.56
CSV,475011,47500,16,15,0,8172,0,0.000000e+00,0.000000e+00,16253.5,4746574.5,41081.3,20.63,24.65
BER: END_SEQ #16 [LOCK] seq_err=0 BER_seq=0.0000e+00 | lock=16 slip=0 BER_cond=0.0000e+00 BER_cum=0.0000e+00
BER: SYNC #17 (gated)
CSV,480011,48000,17,16,0,8195,0,0.000000e+00,0.000000e+00,18572.6,4815087.5,38813.4,20.94,24.14
CSV,485011,48500,17,16,0,8295,0,0.000000e+00,0.000000e+00,16496.9,4422362.5,41739.5,20.25,24.28
CSV,490011,49000,17,16,0,8395,0,0.000000e+00,0.000000e+00,16825.2,3862659.5,41542.8,19.68,23.61
CSV,495011,49500,17,16,0,8494,0,0.000000e+00,0.000000e+00,16547.5,4625363.0,39384.0,20.70,24.46
CSV,500011,50000,17,16,0,8595,0,0.000000e+00,0.000000e+00,16527.4,4686580.0,41189.2,20.56,24.53
BER: END_SEQ #17 [LOCK] seq_err=0 BER_seq=0.0000e+00 | lock=17 slip=0 BER_cond=0.0000e+00 BER_cum=0.0000e+00
CSV,505011,50500,17,17,0,8687,0,0.000000e+00,0.000000e+00,15666.0,5037004.0,37758.2,21.25,25.07
BER: SYNC #18 (gated)
CSV,510011,51000,18,17,0,8717,0,0.000000e+00,0.000000e+00,16384.8,4815476.5,35096.0,21.37,24.68
CSV,515011,51500,18,17,0,8817,0,0.000000e+00,0.000000e+00,17058.9,3920129.0,44686.8,19.43,23.61
CSV,520011,52000,18,17,0,8917,0,0.000000e+00,0.000000e+00,18430.2,4581831.0,42893.8,20.29,23.96
CSV,525011,52500,18,17,0,9017,0,0.000000e+00,0.000000e+00,17101.9,4591016.0,47629.2,19.84,24.29
CSV,530011,53000,18,17,0,9117,0,0.000000e+00,0.000000e+00,16623.5,4495288.0,44359.0,20.06,24.32
BER: END_SEQ #18 [LOCK] seq_err=0 BER_seq=0.0000e+00 | lock=18 slip=0 BER_cond=0.0000e+00 BER_cum=0.0000e+00
CSV,535011,53500,18,18,0,9198,0,0.000000e+00,0.000000e+00,18470.1,4935908.0,41368.5,20.77,24.27
BER: SYNC #19 (gated)
CSV,540011,54000,19,18,0,9240,0,0.000000e+00,0.000000e+00,16754.8,4473751.0,37977.8,20.71,24.27
CSV,545011,54500,19,18,0,9340,0,0.000000e+00,0.000000e+00,18966.8,4008425.0,41516.9,19.85,23.25
CSV,550011,55000,19,18,0,9440,0,0.000000e+00,0.000000e+00,16285.9,4619856.5,41022.2,20.52,24.53
CSV,555011,55500,19,18,0,9540,0,0.000000e+00,0.000000e+00,16847.5,4486527.5,41166.2,20.37,24.25
CSV,560011,56000,19,18,0,9640,0,0.000000e+00,0.000000e+00,18180.2,4774692.5,41452.8,20.61,24.19
BER: END_SEQ #19 [LOCK] seq_err=0 BER_seq=0.0000e+00 | lock=19 slip=0 BER_cond=0.0000e+00 BER_cum=0.0000e+00
CSV,565011,56500,19,19,0,9709,0,0.000000e+00,0.000000e+00,16353.5,4800506.5,40915.4,20.69,24.68
BER: SYNC #20 (gated)
CSV,570011,57000,20,19,0,9763,0,0.000000e+00,0.000000e+00,20208.9,4604813.5,46037.7,20.00,23.58
CSV,575011,57500,20,19,0,9863,0,0.000000e+00,0.000000e+00,18347.9,3805770.2,43160.0,19.45,23.17
CSV,580011,58000,20,19,0,9963,0,0.000000e+00,0.000000e+00,16487.6,4678593.5,42096.0,20.46,24.53
CSV,585011,58500,20,19,0,10062,0,0.000000e+00,0.000000e+00,17325.9,4785512.5,41919.8,20.58,24.41
CSV,590011,59000,20,19,0,10162,0,0.000000e+00,0.000000e+00,16743.2,4486703.0,39477.8,20.56,24.28
BER: END_SEQ #20 [LOCK] seq_err=0 BER_seq=0.0000e+00 | lock=20 slip=0 BER_cond=0.0000e+00 BER_cum=0.0000e+00
CSV,595011,59500,20,20,0,10220,0,0.000000e+00,0.000000e+00,17063.4,4792724.0,37723.4,21.04,24.49
BER: SYNC #21 (gated)
CSV,600011,60000,21,20,0,10285,0,0.000000e+00,0.000000e+00,17296.7,4899972.5,40913.5,20.78,24.52
CSV,605011,60500,21,20,0,10385,0,0.000000e+00,0.000000e+00,18388.2,3591185.5,43594.3,19.16,22.91
CSV,610011,61000,21,20,0,10485,0,0.000000e+00,0.000000e+00,17371.7,4603822.0,39223.5,20.70,24.23
CSV,615011,61500,21,20,0,10585,0,0.000000e+00,0.000000e+00,15879.0,4869838.5,40720.8,20.78,24.87
CSV,620011,62000,21,20,0,10685,0,0.000000e+00,0.000000e+00,16320.6,4580182.0,42661.3,20.31,24.48
BER: END_SEQ #21 [LOCK] seq_err=0 BER_seq=0.0000e+00 | lock=21 slip=0 BER_cond=0.0000e+00 BER_cum=0.0000e+00
CSV,625011,62500,21,21,0,10731,0,0.000000e+00,0.000000e+00,15165.4,4957349.0,40818.4,20.84,25.14
BER: SYNC #22 (gated)
CSV,630011,63000,22,21,0,10808,0,0.000000e+00,0.000000e+00,16216.9,4830303.0,39176.5,20.91,24.74
CSV,635011,63500,22,21,0,10908,0,0.000000e+00,0.000000e+00,18545.6,3808021.2,42302.6,19.54,23.12
CSV,640011,64000,22,21,0,11008,0,0.000000e+00,0.000000e+00,17520.9,4377070.5,40082.0,20.38,23.98
CSV,645011,64500,22,21,0,11108,0,0.000000e+00,0.000000e+00,16530.3,5237618.5,41830.4,20.98,25.01
CSV,650011,65000,22,21,0,11208,0,0.000000e+00,0.000000e+00,16074.8,4355713.5,39817.4,20.39,24.33
BER: END_SEQ #22 [LOCK] seq_err=0 BER_seq=0.0000e+00 | lock=22 slip=0 BER_cond=0.0000e+00 BER_cum=0.0000e+00
CSV,655011,65500,22,22,0,11242,0,0.000000e+00,0.000000e+00,16858.1,5003911.0,41785.0,20.78,24.73
BER: SYNC #23 (gated)
CSV,660011,66000,23,22,0,11331,0,0.000000e+00,0.000000e+00,19382.2,4667641.0,41187.9,20.54,23.82
CSV,665011,66500,23,22,0,11431,0,0.000000e+00,0.000000e+00,15990.1,3778085.5,41701.9,19.57,23.73
CSV,670011,67000,23,22,0,11531,0,0.000000e+00,0.000000e+00,15556.4,4525518.0,44771.7,20.05,24.64
CSV,675011,67500,23,22,0,11631,0,0.000000e+00,0.000000e+00,16667.4,4865577.0,40112.8,20.84,24.65
CSV,680011,68000,23,22,0,11731,0,0.000000e+00,0.000000e+00,17024.1,4696287.5,46562.2,20.04,24.41
BER: END_SEQ #23 [LOCK] seq_err=0 BER_seq=0.0000e+00 | lock=23 slip=0 BER_cond=0.0000e+00 BER_cum=0.0000e+00
BER: SYNC #24 (gated)
CSV,685011,68500,24,23,0,11754,0,0.000000e+00,0.000000e+00,16669.0,5317059.5,41793.7,21.05,25.04
CSV,690011,69000,24,23,0,11854,0,0.000000e+00,0.000000e+00,19381.3,4651196.0,43112.0,20.33,23.80
CSV,695011,69500,24,23,0,11953,0,0.000000e+00,0.000000e+00,16497.6,3572712.0,42408.6,19.26,23.36
CSV,700011,70000,24,23,0,12053,0,0.000000e+00,0.000000e+00,15889.4,4653849.0,33836.7,21.38,24.67
CSV,705011,70500,24,23,0,12153,0,0.000000e+00,0.000000e+00,16605.2,4893650.0,42869.6,20.57,24.69
CSV,710011,71000,24,23,0,12253,0,0.000000e+00,0.000000e+00,18153.5,4697982.0,44420.3,20.24,24.13
BER: END_SEQ #24 [LOCK] seq_err=0 BER_seq=0.0000e+00 | lock=24 slip=0 BER_cond=0.0000e+00 BER_cum=0.0000e+00
BER: SYNC #25 (gated)
CSV,715011,71500,25,24,0,12276,0,0.000000e+00,0.000000e+00,15853.3,5110305.0,39011.1,21.17,25.08
CSV,720011,72000,25,24,0,12376,0,0.000000e+00,0.000000e+00,16709.4,4559092.0,42182.7,20.34,24.36
CSV,725011,72500,25,24,0,12476,0,0.000000e+00,0.000000e+00,18413.4,3871314.0,44496.8,19.40,23.23
CSV,730011,73000,25,24,0,12576,0,0.000000e+00,0.000000e+00,16713.3,4365544.5,41036.1,20.27,24.17
CSV,735011,73500,25,24,0,12676,0,0.000000e+00,0.000000e+00,17167.6,5042322.0,40052.7,21.00,24.68
BER: END_SEQ #25 [LOCK] seq_err=0 BER_seq=0.0000e+00 | lock=25 slip=0 BER_cond=0.0000e+00 BER_cum=0.0000e+00
CSV,740011,74000,25,25,0,12775,0,0.000000e+00,0.000000e+00,16708.9,4768712.5,39925.6,20.77,24.55
BER: SYNC #26 (gated)
CSV,745011,74500,26,25,0,12799,0,0.000000e+00,0.000000e+00,16381.4,4962385.0,39112.2,21.03,24.81
CSV,750011,75000,26,25,0,12899,0,0.000000e+00,0.000000e+00,16805.3,4124979.2,45297.8,19.59,23.90
CSV,755011,75500,26,25,0,12999,0,0.000000e+00,0.000000e+00,17304.2,4111787.5,40468.7,20.07,23.76
CSV,760011,76000,26,25,0,13099,0,0.000000e+00,0.000000e+00,17575.5,4721398.0,38854.4,20.85,24.29
CSV,765011,76500,26,25,0,13199,0,0.000000e+00,0.000000e+00,15623.3,4857735.5,41265.9,20.71,24.93
BER: END_SEQ #26 [LOCK] seq_err=0 BER_seq=0.0000e+00 | lock=26 slip=0 BER_cond=0.0000e+00 BER_cum=0.0000e+00
CSV,770011,77000,26,26,0,13286,0,0.000000e+00,0.000000e+00,17083.6,4963531.5,33126.5,21.76,24.63
BER: SYNC #27 (gated)
CSV,775011,77500,27,26,0,13322,0,0.000000e+00,0.000000e+00,16841.9,4695554.0,39780.1,20.72,24.45
CSV,780011,78000,27,26,0,13422,0,0.000000e+00,0.000000e+00,16760.0,4006289.2,39290.3,20.08,23.78
CSV,785011,78500,27,26,0,13521,0,0.000000e+00,0.000000e+00,18087.8,4630046.0,37759.1,20.89,24.08
CSV,790011,79000,27,26,0,13621,0,0.000000e+00,0.000000e+00,20449.4,4655202.0,52392.2,19.49,23.57
CSV,795011,79500,27,26,0,13722,0,0.000000e+00,0.000000e+00,16113.8,4653546.0,43423.0,20.30,24.61
BER: END_SEQ #27 [LOCK] seq_err=0 BER_seq=0.0000e+00 | lock=27 slip=0 BER_cond=0.0000e+00 BER_cum=0.0000e+00
CSV,800011,80000,27,27,0,13797,0,0.000000e+00,0.000000e+00,15211.5,4802764.5,39534.4,20.85,24.99
BER: SYNC #28 (gated)
CSV,805011,80500,28,27,0,13844,0,0.000000e+00,0.000000e+00,17434.5,4811076.5,42546.4,20.53,24.41
CSV,810011,81000,28,27,0,13944,0,0.000000e+00,0.000000e+00,20233.4,3757712.8,45968.4,19.12,22.69
CSV,815011,81500,28,27,0,14044,0,0.000000e+00,0.000000e+00,16117.0,4828994.5,36297.0,21.24,24.77
CSV,820011,82000,28,27,0,14144,0,0.000000e+00,0.000000e+00,15328.9,4677146.0,40134.3,20.66,24.84
CSV,825011,82500,28,27,0,14244,0,0.000000e+00,0.000000e+00,15246.2,4828118.0,39780.7,20.84,25.01
BER: END_SEQ #28 [LOCK] seq_err=0 BER_seq=0.0000e+00 | lock=28 slip=0 BER_cond=0.0000e+00 BER_cum=0.0000e+00
CSV,830011,83000,28,28,0,14308,0,0.000000e+00,0.000000e+00,16327.0,4748983.0,30407.4,21.94,24.64
BER: SYNC #29 (gated)
CSV,835011,83500,29,28,0,14367,0,0.000000e+00,0.000000e+00,17150.3,4754314.0,40827.8,20.66,24.43
CSV,840011,84000,29,28,0,14467,0,0.000000e+00,0.000000e+00,16524.3,3912247.5,36086.9,20.35,23.74
CSV,845011,84500,29,28,0,14567,0,0.000000e+00,0.000000e+00,16930.4,4530781.0,40107.8,20.53,24.28
CSV,850011,85000,29,28,0,14667,0,0.000000e+00,0.000000e+00,17688.6,4875957.0,44102.3,20.44,24.40
CSV,855011,85500,29,28,0,14767,0,0.000000e+00,0.000000e+00,17225.5,4543442.5,43176.1,20.22,24.21
BER: END_SEQ #29 [LOCK] seq_err=0 BER_seq=0.0000e+00 | lock=29 slip=0 BER_cond=0.0000e+00 BER_cum=0.0000e+00
CSV,860011,86000,29,29,0,14819,0,0.000000e+00,0.000000e+00,16217.1,5019050.0,37309.9,21.29,24.91
BER: SYNC #30 (gated)
CSV,865011,86500,30,29,0,14890,0,0.000000e+00,0.000000e+00,15982.1,5027409.0,33597.0,21.75,24.98
CSV,870011,87000,30,29,0,14990,0,0.000000e+00,0.000000e+00,17266.0,3628544.5,41078.3,19.46,23.23
CSV,875011,87500,30,29,0,15090,0,0.000000e+00,0.000000e+00,16997.9,4365426.5,40081.1,20.37,24.10
CSV,880011,88000,30,29,0,15190,0,0.000000e+00,0.000000e+00,16985.7,5048957.0,39830.3,21.03,24.73
CSV,885011,88500,30,29,0,15290,0,0.000000e+00,0.000000e+00,18328.3,4393690.0,39212.7,20.49,23.80
BER: END_SEQ #30 [LOCK] seq_err=0 BER_seq=0.0000e+00 | lock=30 slip=0 BER_cond=0.0000e+00 BER_cum=0.0000e+00
CSV,890011,89000,30,30,0,15330,0,0.000000e+00,0.000000e+00,16902.7,4966067.5,36669.1,21.32,24.68
BER: SYNC #31 (gated)
CSV,895011,89500,31,30,0,15412,0,0.000000e+00,0.000000e+00,17560.7,4874243.0,35760.6,21.35,24.43
CSV,900011,90000,31,30,0,15512,0,0.000000e+00,0.000000e+00,14983.1,3763874.8,35242.7,20.29,24.00
CSV,905011,90500,31,30,0,15612,0,0.000000e+00,0.000000e+00,14764.8,4320927.5,37853.4,20.57,24.66
CSV,910011,91000,31,30,0,15712,0,0.000000e+00,0.000000e+00,15447.6,5108302.5,42636.7,20.78,25.19
CSV,915011,91500,31,30,0,15812,0,0.000000e+00,0.000000e+00,16564.0,4520106.0,44460.1,20.07,24.36
BER: END_SEQ #31 [LOCK] seq_err=0 BER_seq=0.0000e+00 | lock=31 slip=0 BER_cond=0.0000e+00 BER_cum=0.0000e+00
CSV,920011,92000,31,31,0,15841,0,0.000000e+00,0.000000e+00,19505.3,5150581.0,41628.6,20.92,24.22
BER: SYNC #32 (gated)
CSV,925011,92500,32,31,0,15935,0,0.000000e+00,0.000000e+00,16050.2,4549205.5,41787.0,20.37,24.52
CSV,930011,93000,32,31,0,16035,0,0.000000e+00,0.000000e+00,17733.1,3660429.8,40904.0,19.52,23.15
CSV,935011,93500,32,31,0,16135,0,0.000000e+00,0.000000e+00,15963.3,4636655.5,40004.2,20.64,24.63
CSV,940011,94000,32,31,0,16235,0,0.000000e+00,0.000000e+00,17795.2,4848031.5,43347.3,20.49,24.35
CSV,945011,94500,32,31,0,16335,0,0.000000e+00,0.000000e+00,17553.9,4770508.0,41058.0,20.65,24.34
BER: END_SEQ #32 [LOCK] seq_err=0 BER_seq=0.0000e+00 | lock=32 slip=0 BER_cond=0.0000e+00 BER_cum=0.0000e+00
BER: SYNC #33 (gated)
CSV,950011,95000,33,32,0,16358,0,0.000000e+00,0.000000e+00,17884.0,5136439.0,39261.6,21.17,24.58
CSV,955011,95500,33,32,0,16458,0,0.000000e+00,0.000000e+00,13891.2,4712762.5,33647.7,21.46,25.31
CSV,960011,96000,33,32,0,16558,0,0.000000e+00,0.000000e+00,16162.1,3101073.8,42844.7,18.60,22.83
CSV,965011,96500,33,32,0,16658,0,0.000000e+00,0.000000e+00,16706.5,3935910.5,41870.2,19.73,23.72
CSV,970011,97000,33,32,0,16758,0,0.000000e+00,0.000000e+00,18396.7,4171501.8,47046.4,19.48,23.56
CSV,975011,97500,33,32,0,16858,0,0.000000e+00,0.000000e+00,16429.0,4119681.5,41105.3,20.01,23.99
BER: END_SEQ #33 [LOCK] seq_err=0 BER_seq=0.0000e+00 | lock=33 slip=0 BER_cond=0.0000e+00 BER_cum=0.0000e+00
BER: SYNC #34 (gated)
CSV,980011,98000,34,33,0,16880,0,0.000000e+00,0.000000e+00,16645.5,4419199.0,42285.3,20.19,24.24
CSV,985011,98500,34,33,0,16980,0,0.000000e+00,0.000000e+00,14228.1,3682011.5,36683.0,20.02,24.13
CSV,990011,99000,34,33,0,17080,0,0.000000e+00,0.000000e+00,14761.2,3229656.5,37301.5,19.37,23.40
CSV,995011,99500,34,33,0,17181,0,0.000000e+00,0.000000e+00,15744.5,3850065.8,35517.4,20.35,23.88
CSV,1000011,100000,34,33,0,17280,0,0.000000e+00,0.000000e+00,16396.9,4019924.5,38044.3,20.24,23.89
BER: END_SEQ #34 [LOCK] seq_err=0 BER_seq=0.0000e+00 | lock=34 slip=0 BER_cond=0.0000e+00 BER_cum=0.0000e+00
CSV,1005011,100500,34,34,0,17374,0,0.000000e+00,0.000000e+00,16761.6,4297494.5,37311.2,20.61,24.09
BER: SYNC #35 (gated)
CSV,1010011,101000,35,34,0,17403,0,0.000000e+00,0.000000e+00,15698.7,4179814.8,35287.1,20.74,24.25
CSV,1015011,101500,35,34,0,17503,0,0.000000e+00,0.000000e+00,17757.2,3457100.8,34420.1,20.02,22.89
CSV,1020011,102000,35,34,0,17603,0,0.000000e+00,0.000000e+00,17346.2,3874292.5,40513.5,19.81,23.49
CSV,1025011,102500,35,34,0,17703,0,0.000000e+00,0.000000e+00,15611.7,4274102.5,38986.9,20.40,24.37
CSV,1030011,103000,35,34,0,17803,0,0.000000e+00,0.000000e+00,17770.4,4035065.2,39303.6,20.11,23.56
BER: END_SEQ #35 [LOCK] seq_err=0 BER_seq=0.0000e+00 | lock=35 slip=0 BER_cond=0.0000e+00 BER_cum=0.0000e+00
CSV,1035011,103500,35,35,0,17885,0,0.000000e+00,0.000000e+00,15411.4,4210079.0,33971.5,20.93,24.36
BER: SYNC #36 (gated)
CSV,1040011,104000,36,35,0,17926,0,0.000000e+00,0.000000e+00,13560.8,4022307.0,36727.4,20.39,24.72
CSV,1045011,104500,36,35,0,18026,0,0.000000e+00,0.000000e+00,16780.9,3508351.8,37268.3,19.74,23.20
CSV,1050011,105000,36,35,0,18126,0,0.000000e+00,0.000000e+00,15593.7,4413096.5,38970.0,20.54,24.52
CSV,1055011,105500,36,35,0,18226,0,0.000000e+00,0.000000e+00,15590.9,3801052.2,35157.0,20.34,23.87
CSV,1060011,106000,36,35,0,18326,0,0.000000e+00,0.000000e+00,15870.4,4115299.5,43201.4,19.79,24.14
BER: END_SEQ #36 [LOCK] seq_err=0 BER_seq=0.0000e+00 | lock=36 slip=0 BER_cond=0.0000e+00 BER_cum=0.0000e+00
CSV,1065011,106500,36,36,0,18396,0,0.000000e+00,0.000000e+00,15285.1,4081328.5,36254.1,20.51,24.27
BER: SYNC #37 (gated)
CSV,1070011,107000,37,36,0,18449,0,0.000000e+00,0.000000e+00,15799.0,3797473.5,36872.5,20.13,23.81
CSV,1075011,107500,37,36,0,18549,0,0.000000e+00,0.000000e+00,16704.8,3316181.0,41305.0,19.05,22.98
CSV,1080011,108000,37,36,0,18649,0,0.000000e+00,0.000000e+00,15689.8,3978099.0,35143.4,20.54,24.04
CSV,1085011,108500,37,36,0,18749,0,0.000000e+00,0.000000e+00,14671.2,4154878.5,36205.0,20.60,24.52
CSV,1090011,109000,37,36,0,18849,0,0.000000e+00,0.000000e+00,15208.6,3807890.2,34856.3,20.38,23.99
BER: END_SEQ #37 [LOCK] seq_err=0 BER_seq=0.0000e+00 | lock=37 slip=0 BER_cond=0.0000e+00 BER_cum=0.0000e+00
CSV,1095011,109500,37,37,0,18907,0,0.000000e+00,0.000000e+00,15530.4,4045652.2,36015.7,20.50,24.16
BER: SYNC #38 (gated)
CSV,1100011,110000,38,37,0,18971,0,0.000000e+00,0.000000e+00,16743.5,4052289.5,38891.9,20.18,23.84
CSV,1105011,110500,38,37,0,19071,0,0.000000e+00,0.000000e+00,16492.7,2881424.2,37654.5,18.84,22.42
CSV,1110011,111000,38,37,0,19171,0,0.000000e+00,0.000000e+00,16297.4,3890466.2,37207.0,20.19,23.78
CSV,1115011,111500,38,37,0,19271,0,0.000000e+00,0.000000e+00,15270.9,4117888.2,34731.4,20.74,24.31
CSV,1120011,112000,38,37,0,19371,0,0.000000e+00,0.000000e+00,15339.8,3798702.2,38712.6,19.92,23.94
BER: END_SEQ #38 [LOCK] seq_err=0 BER_seq=0.0000e+00 | lock=38 slip=0 BER_cond=0.0000e+00 BER_cum=0.0000e+00
CSV,1125011,112500,38,38,0,19418,0,0.000000e+00,0.000000e+00,14328.2,4243171.0,33559.9,21.02,24.71
BER: SYNC #39 (gated)
CSV,1130011,113000,39,38,0,19494,0,0.000000e+00,0.000000e+00,16653.0,4060668.2,37540.6,20.34,23.87
CSV,1135011,113500,39,38,0,19594,0,0.000000e+00,0.000000e+00,15588.4,3162433.2,37071.7,19.31,23.07
CSV,1140011,114000,39,38,0,19694,0,0.000000e+00,0.000000e+00,14877.8,3573495.8,35365.0,20.05,23.81
CSV,1145011,114500,39,38,0,19794,0,0.000000e+00,0.000000e+00,15704.4,4440261.5,35248.7,21.00,24.51
CSV,1150011,115000,39,38,0,19894,0,0.000000e+00,0.000000e+00,16414.1,9693789.0,35367.4,24.38,27.71
BER: END_SEQ #39 [LOCK] seq_err=0 BER_seq=0.0000e+00 | lock=39 slip=0 BER_cond=0.0000e+00 BER_cum=0.0000e+00
CSV,1155011,115500,39,39,0,19929,0,0.000000e+00,0.000000e+00,16255.0,4224566.5,39088.1,20.34,24.15
BER: SYNC #40 (gated)
CSV,1160011,116000,40,39,0,20017,0,0.000000e+00,0.000000e+00,16191.9,3983357.5,38127.6,20.19,23.91
CSV,1165011,116500,40,39,0,20117,0,0.000000e+00,0.000000e+00,14695.9,3163330.0,35948.3,19.44,23.33
CSV,1170011,117000,40,39,0,20217,0,0.000000e+00,0.000000e+00,15377.2,3853653.5,32273.5,20.77,23.99
CSV,1175011,117500,40,39,0,20317,0,0.000000e+00,0.000000e+00,13605.7,3769492.8,37703.0,20.00,24.43
CSV,1180011,118000,40,39,0,20416,0,0.000000e+00,0.000000e+00,15439.8,3802812.8,35794.0,20.26,23.91
BER: END_SEQ #40 [LOCK] seq_err=0 BER_seq=0.0000e+00 | lock=40 slip=0 BER_cond=0.0000e+00 BER_cum=0.0000e+00
BER: SYNC #41 (gated)
CSV,1185011,118500,41,40,0,20440,0,0.000000e+00,0.000000e+00,15121.8,4229543.5,36242.6,20.67,24.47
CSV,1190011,119000,41,40,0,20539,0,0.000000e+00,0.000000e+00,15186.7,3755351.8,35653.2,20.23,23.93
CSV,1195011,119500,41,40,0,20639,0,0.000000e+00,0.000000e+00,15113.9,3102241.0,38376.8,19.08,23.12
CSV,1200011,120000,41,40,0,20739,0,0.000000e+00,0.000000e+00,14533.4,3701757.5,34845.9,20.26,24.06
CSV,1205011,120500,41,40,0,20839,0,0.000000e+00,0.000000e+00,13499.8,4093666.2,36314.9,20.52,24.82
CSV,1210011,121000,41,40,0,20939,0,0.000000e+00,0.000000e+00,14793.3,3757320.2,35068.0,20.30,24.05
BER: END_SEQ #41 [LOCK] seq_err=0 BER_seq=0.0000e+00 | lock=41 slip=0 BER_cond=0.0000e+00 BER_cum=0.0000e+00
BER: SYNC #42 (gated)
CSV,1215011,121500,42,41,0,20962,0,0.000000e+00,0.000000e+00,13783.0,4155947.5,36720.4,20.54,24.79
CSV,1220011,122000,42,41,0,21062,0,0.000000e+00,0.000000e+00,13574.2,3864357.0,37909.3,20.08,24.54
CSV,1225011,122500,42,41,0,21162,0,0.000000e+00,0.000000e+00,14969.2,3115354.0,39080.3,19.02,23.18
CSV,1230011,123000,42,41,0,21262,0,0.000000e+00,0.000000e+00,14998.1,3744605.2,35579.5,20.22,23.97
CSV,1235011,123500,42,41,0,21362,0,0.000000e+00,0.000000e+00,16595.8,4029889.0,31237.4,21.11,23.85
BER: END_SEQ #42 [LOCK] seq_err=0 BER_seq=0.0000e+00 | lock=42 slip=0 BER_cond=0.0000e+00 BER_cum=0.0000e+00
CSV,1240011,124000,42,42,0,21462,0,0.000000e+00,0.000000e+00,17847.5,4040089.0,41257.6,19.91,23.55
BER: SYNC #43 (gated)
CSV,1245011,124500,43,42,0,21485,0,0.000000e+00,0.000000e+00,15264.3,4014301.2,38483.7,20.18,24.20
CSV,1250011,125000,43,42,0,21585,0,0.000000e+00,0.000000e+00,15980.3,3537303.0,40550.1,19.41,23.45
CSV,1255011,125500,43,42,0,21685,0,0.000000e+00,0.000000e+00,13463.7,3374134.2,29087.3,20.64,23.99
CSV,1260011,126000,43,42,0,21785,0,0.000000e+00,0.000000e+00,13811.9,3960231.5,34350.4,20.62,24.57
CSV,1265011,126500,43,42,0,21885,0,0.000000e+00,0.000000e+00,13936.4,3953916.2,35466.1,20.47,24.53
BER: END_SEQ #43 [LOCK] seq_err=0 BER_seq=0.0000e+00 | lock=43 slip=0 BER_cond=0.0000e+00 BER_cum=0.0000e+00
CSV,1270011,127000,43,43,0,21973,0,0.000000e+00,0.000000e+00,13662.5,4167593.8,35401.6,20.71,24.84
BER: SYNC #44 (gated)
CSV,1275011,127500,44,43,0,22008,0,0.000000e+00,0.000000e+00,13949.3,3760587.8,35107.8,20.30,24.31
CSV,1280011,128000,44,43,0,22108,0,0.000000e+00,0.000000e+00,13785.5,3411775.2,34892.8,19.90,23.94
CSV,1285011,128500,44,43,0,22207,0,0.000000e+00,0.000000e+00,14871.7,3755886.2,34278.0,20.40,24.02
CSV,1290011,129000,44,43,0,22307,0,0.000000e+00,0.000000e+00,15186.6,3798749.0,35144.7,20.34,23.98
CSV,1295011,129500,44,43,0,22407,0,0.000000e+00,0.000000e+00,15311.2,3900821.2,33284.2,20.69,24.06
BER: END_SEQ #44 [LOCK] seq_err=0 BER_seq=0.0000e+00 | lock=44 slip=0 BER_cond=0.0000e+00 BER_cum=0.0000e+00
CSV,1300011,130000,44,44,0,22484,0,0.000000e+00,0.000000e+00,15549.9,4048551.2,39756.2,20.08,24.16
BER: SYNC #45 (gated)
CSV,1305011,130500,45,44,0,22530,0,0.000000e+00,0.000000e+00,15857.8,3721677.2,36885.7,20.04,23.70
CSV,1310011,131000,45,44,0,22630,0,0.000000e+00,0.000000e+00,13547.0,3127232.2,36296.0,19.35,23.63
CSV,1315011,131500,45,44,0,22730,0,0.000000e+00,0.000000e+00,14892.6,4098771.8,36624.8,20.49,24.40
CSV,1320011,132000,45,44,0,22830,0,0.000000e+00,0.000000e+00,14731.5,3858979.2,36651.9,20.22,24.18
CSV,1325011,132500,45,44,0,22930,0,0.000000e+00,0.000000e+00,15881.1,4007702.5,37909.5,20.24,24.02
BER: END_SEQ #45 [LOCK] seq_err=0 BER_seq=0.0000e+00 | lock=45 slip=0 BER_cond=0.0000e+00 BER_cum=0.0000e+00
CSV,1330011,133000,45,45,0,22995,0,0.000000e+00,0.000000e+00,14108.1,3960316.2,38250.0,20.15,24.48
BER: SYNC #46 (gated)
CSV,1335011,133500,46,45,0,23053,0,0.000000e+00,0.000000e+00,13691.5,3945401.0,33688.2,20.69,24.60
CSV,1340011,134000,46,45,0,23153,0,0.000000e+00,0.000000e+00,16170.2,3202238.2,42014.7,18.82,22.97
CSV,1345011,134500,46,45,0,23253,0,0.000000e+00,0.000000e+00,15685.3,3742648.8,41056.7,19.60,23.78
CSV,1350011,135000,46,45,0,23353,0,0.000000e+00,0.000000e+00,14044.8,4102858.2,34008.0,20.82,24.66
CSV,1355011,135500,46,45,0,23453,0,0.000000e+00,0.000000e+00,13402.8,3741815.2,33970.2,20.42,24.46
BER: END_SEQ #46 [LOCK] seq_err=0 BER_seq=0.0000e+00 | lock=46 slip=0 BER_cond=0.0000e+00 BER_cum=0.0000e+00
CSV,1360011,136000,46,46,0,23506,0,0.000000e+00,0.000000e+00,12878.4,4115932.8,35355.7,20.66,25.05
BER: SYNC #47 (gated)
CSV,1365011,136500,47,46,0,23576,0,0.000000e+00,0.000000e+00,14444.8,4087742.0,32930.3,20.94,24.52
CSV,1370011,137000,47,46,0,23676,0,0.000000e+00,0.000000e+00,14584.0,3060143.0,37288.8,19.14,23.22
CSV,1375011,137500,47,46,0,23776,0,0.000000e+00,0.000000e+00,14879.6,3729256.2,34901.6,20.29,23.99
CSV,1380011,138000,47,46,0,23876,0,0.000000e+00,0.000000e+00,13468.9,4107029.2,35500.6,20.63,24.84
CSV,1385011,138500,47,46,0,23975,0,0.000000e+00,0.000000e+00,15952.9,3640198.0,46717.8,18.92,23.58
BER: END_SEQ #47 [LOCK] seq_err=0 BER_seq=0.0000e+00 | lock=47 slip=0 BER_cond=0.0000e+00 BER_cum=0.0000e+00
CSV,1390011,139000,47,47,0,24017,0,0.000000e+00,0.000000e+00,15889.7,4120469.8,35883.7,20.60,24.14
BER: SYNC #48 (gated)
CSV,1395011,139500,48,47,0,24098,0,0.000000e+00,0.000000e+00,14474.4,4058589.5,37102.2,20.39,24.48
CSV,1400011,140000,48,47,0,24198,0,0.000000e+00,0.000000e+00,15911.3,3205494.2,31463.5,20.08,23.04
CSV,1405011,140500,48,47,0,24298,0,0.000000e+00,0.000000e+00,14246.2,3469992.2,36331.1,19.80,23.87
CSV,1410011,141000,48,47,0,24398,0,0.000000e+00,0.000000e+00,16790.0,4330163.5,36659.5,20.72,24.11
CSV,1415011,141500,48,47,0,24498,0,0.000000e+00,0.000000e+00,14056.1,3728242.0,31630.4,20.71,24.24
BER: END_SEQ #48 [LOCK] seq_err=0 BER_seq=0.0000e+00 | lock=48 slip=0 BER_cond=0.0000e+00 BER_cum=0.0000e+00
CSV,1420011,142000,48,48,0,24528,0,0.000000e+00,0.000000e+00,15521.9,4334758.5,34762.3,20.96,24.46
BER: SYNC #49 (gated)
CSV,1425011,142500,49,48,0,24621,0,0.000000e+00,0.000000e+00,15219.5,3885850.2,38360.7,20.06,24.07
CSV,1430011,143000,49,48,0,24721,0,0.000000e+00,0.000000e+00,15427.6,3054885.5,36603.8,19.21,22.97
CSV,1435011,143500,49,48,0,24821,0,0.000000e+00,0.000000e+00,15351.8,3831572.8,37506.9,20.09,23.97
CSV,1440011,144000,49,48,0,24921,0,0.000000e+00,0.000000e+00,14203.1,3987320.8,31039.8,21.09,24.48
CSV,1445011,144500,49,48,0,25021,0,0.000000e+00,0.000000e+00,14235.5,3894350.8,35368.1,20.42,24.37
BER: END_SEQ #49 [LOCK] seq_err=0 BER_seq=0.0000e+00 | lock=49 slip=0 BER_cond=0.0000e+00 BER_cum=0.0000e+00
BER: SYNC #50 (gated)
CSV,1450011,145000,50,49,0,25044,0,0.000000e+00,0.000000e+00,13845.4,4061320.0,35297.4,20.61,24.67
CSV,1455011,145500,50,49,0,25144,0,0.000000e+00,0.000000e+00,14848.1,4125737.8,36057.8,20.59,24.44
CSV,1460011,146000,50,49,0,25244,0,0.000000e+00,0.000000e+00,15549.0,4891590.5,76190.6,18.08,24.98
CSV,1465011,146500,50,49,0,25344,0,0.000000e+00,0.000000e+00,18448.4,5121517.0,108002.7,16.76,24.43
CSV,1470011,147000,50,49,0,25444,0,0.000000e+00,0.000000e+00,14654.4,4417761.0,35548.8,20.94,24.79
CSV,1475011,147500,50,49,0,25544,0,0.000000e+00,0.000000e+00,14559.5,4410279.0,40472.3,20.37,24.81
BER: END_SEQ #50 [LOCK] seq_err=0 BER_seq=0.0000e+00 | lock=50 slip=0 BER_cond=0.0000e+00 BER_cum=0.0000e+00
BER: SYNC #51 (gated)
CSV,1480011,148000,51,50,0,25567,0,0.000000e+00,0.000000e+00,15268.9,4675328.5,35772.4,21.16,24.86
CSV,1485011,148500,51,50,0,25666,0,0.000000e+00,0.000000e+00,29332.3,4799950.5,314860.5,11.83,22.14
CSV,1490011,149000,51,50,0,25766,0,0.000000e+00,0.000000e+00,39141.9,4453248.5,519598.3,9.33,20.56
CSV,1495011,149500,51,50,0,25866,0,0.000000e+00,0.000000e+00,23478.2,4667952.0,211328.2,13.44,22.98
CSV,1500011,150000,51,50,0,25966,0,0.000000e+00,0.000000e+00,16919.4,4680245.0,51700.6,19.57,24.42
BER: END_SEQ #51 [LOCK] seq_err=0 BER_seq=0.0000e+00 | lock=51 slip=0 BER_cond=0.0000e+00 BER_cum=0.0000e+00
CSV,1505011,150500,51,51,0,26061,0,0.000000e+00,0.000000e+00,24007.1,5235414.5,59337.2,19.46,23.39

=========================================
=== END OF TEST (duration=25 min) ===
=========================================
FINAL: syncs=51 lock=51 slip=0 slip_rate=0.0000
FINAL: bits_cum=26061 err_cum=0 BER_cum=0.0000e+00
FINAL: bits_lock=26061 err_lock=0 BER_cond=0.0000e+00
=========================================
=== STOP LOGGING NOW ===
=========================================
