

=== RX BOOT - BER TEST MODE ===
MOD=OOK (20 kHz carrier, adaptive threshold)
BPS_MODE=40 (HALF_SAMPLES=1000, 5000 samples/bit @ 200000 Hz)
Expect: 64-bit preamble + Barker13 (1F35h, gated by 8 preamble bits = 0x55) + 511-bit PRBS-9
Noise floor band: 5000 Hz; lock threshold: BER<0.10
Auto-stop: test will halt 25 min after the first sync.
RX: edge-tracking sync, center-3 voting
Starting decoder...

BER: SYNC #1 (gated)
CSV,5008,1000,1,0,0,40,0,0.000000e+00,0.000000e+00,406268.3,52213432320.0,256176.8,53.09,51.09
CSV,10008,2000,1,0,0,240,0,0.000000e+00,0.000000e+00,402327.2,49282183168.0,251035.8,52.93,50.88
CSV,15008,3000,1,0,0,440,0,0.000000e+00,0.000000e+00,405984.3,53939683328.0,258838.8,53.19,51.23
BER: END_SEQ #1 [LOCK] seq_err=0 BER_seq=0.0000e+00 | lock=1 slip=0 BER_cond=0.0000e+00 BER_cum=0.0000e+00
BER: SYNC #2 (gated)
CSV,20008,4000,2,1,0,562,0,0.000000e+00,0.000000e+00,449485.0,53685161984.0,283861.4,52.77,50.77
CSV,25008,5000,2,1,0,762,0,0.000000e+00,0.000000e+00,399934.0,49688719360.0,244461.4,53.08,50.94
CSV,30008,6000,2,1,0,962,0,0.000000e+00,0.000000e+00,407313.2,52483883008.0,259299.9,53.06,51.10
BER: END_SEQ #2 [LOCK] seq_err=0 BER_seq=0.0000e+00 | lock=2 slip=0 BER_cond=0.0000e+00 BER_cum=0.0000e+00
BER: SYNC #3 (gated)
CSV,35008,7000,3,2,0,1085,0,0.000000e+00,0.000000e+00,470265.8,56330272768.0,295141.0,52.81,50.78
CSV,40008,8000,3,2,0,1285,0,0.000000e+00,0.000000e+00,394180.4,45938094080.0,222605.8,53.15,50.66
CSV,45008,9000,3,2,0,1485,0,0.000000e+00,0.000000e+00,446572.6,55019929600.0,264754.1,53.18,50.91
BER: END_SEQ #3 [LOCK] seq_err=0 BER_seq=0.0000e+00 | lock=3 slip=0 BER_cond=0.0000e+00 BER_cum=0.0000e+00
BER: SYNC #4 (gated)
CSV,50008,10000,4,3,0,1608,0,0.000000e+00,0.000000e+00,470248.8,55069040640.0,274854.3,53.02,50.69
CSV,55008,11000,4,3,0,1808,0,0.000000e+00,0.000000e+00,419278.8,46955270144.0,246815.0,52.79,50.49
CSV,60008,12000,4,3,0,2008,0,0.000000e+00,0.000000e+00,430123.6,54023987200.0,254251.0,53.27,50.99
BER: END_SEQ #4 [LOCK] seq_err=0 BER_seq=0.0000e+00 | lock=4 slip=0 BER_cond=0.0000e+00 BER_cum=0.0000e+00
BER: SYNC #5 (gated)
CSV,65008,13000,5,4,0,2131,0,0.000000e+00,0.000000e+00,479367.4,56253071360.0,292501.9,52.84,50.69
CSV,70008,14000,5,4,0,2331,0,0.000000e+00,0.000000e+00,395427.3,47568949248.0,263158.7,52.57,50.80
CSV,75008,15000,5,4,0,2530,0,0.000000e+00,0.000000e+00,440339.1,54819377152.0,256162.4,53.30,50.95
BER: END_SEQ #5 [LOCK] seq_err=0 BER_seq=0.0000e+00 | lock=5 slip=0 BER_cond=0.0000e+00 BER_cum=0.0000e+00
BER: SYNC #6 (gated)
CSV,80008,16000,6,5,0,2653,0,0.000000e+00,0.000000e+00,479957.9,54337015808.0,294454.7,52.66,50.54
CSV,85008,17000,6,5,0,2853,0,0.000000e+00,0.000000e+00,411835.2,47938015232.0,249362.8,52.84,50.66
CSV,90008,18000,6,5,0,3053,0,0.000000e+00,0.000000e+00,388229.3,54467342336.0,225435.6,53.83,51.47
BER: END_SEQ #6 [LOCK] seq_err=0 BER_seq=0.0000e+00 | lock=6 slip=0 BER_cond=0.0000e+00 BER_cum=0.0000e+00
BER: SYNC #7 (gated)
CSV,95008,19000,7,6,0,3176,0,0.000000e+00,0.000000e+00,478515.0,55144722432.0,297799.5,52.68,50.62
CSV,100008,20000,7,6,0,3376,0,0.000000e+00,0.000000e+00,383423.0,47127371776.0,217743.8,53.35,50.90
CSV,105008,21000,7,6,0,3576,0,0.000000e+00,0.000000e+00,356187.7,57008427008.0,233046.4,53.88,52.04
BER: END_SEQ #7 [LOCK] seq_err=0 BER_seq=0.0000e+00 | lock=7 slip=0 BER_cond=0.0000e+00 BER_cum=0.0000e+00
BER: SYNC #8 (gated)
CSV,110008,22000,8,7,0,3699,0,0.000000e+00,0.000000e+00,503220.0,50480521216.0,300995.3,52.25,50.01
CSV,115008,23000,8,7,0,3898,0,0.000000e+00,0.000000e+00,391664.1,49386160128.0,246778.8,53.01,51.01
BER: END_SEQ #8 [LOCK] seq_err=0 BER_seq=0.0000e+00 | lock=8 slip=0 BER_cond=0.0000e+00 BER_cum=0.0000e+00
CSV,120008,24000,8,8,0,4088,0,0.000000e+00,0.000000e+00,359673.8,52237914112.0,255235.5,53.11,51.62
BER: SYNC #9 (gated)
CSV,125008,25000,9,8,0,4221,0,0.000000e+00,0.000000e+00,457275.8,49764298752.0,270401.6,52.65,50.37
CSV,130008,26000,9,8,0,4421,0,0.000000e+00,0.000000e+00,406190.2,51022618624.0,262209.4,52.89,50.99
BER: END_SEQ #9 [LOCK] seq_err=0 BER_seq=0.0000e+00 | lock=9 slip=0 BER_cond=0.0000e+00 BER_cum=0.0000e+00
CSV,135008,27000,9,9,0,4599,0,0.000000e+00,0.000000e+00,429668.8,53554425856.0,267427.8,53.02,50.96
BER: SYNC #10 (gated)
CSV,140008,28000,10,9,0,4744,0,0.000000e+00,0.000000e+00,425042.7,45442105344.0,251737.0,52.57,50.29
CSV,145008,29000,10,9,0,4944,0,0.000000e+00,0.000000e+00,396117.5,52867207168.0,246195.6,53.32,51.25
BER: END_SEQ #10 [LOCK] seq_err=0 BER_seq=0.0000e+00 | lock=10 slip=0 BER_cond=0.0000e+00 BER_cum=0.0000e+00
CSV,150008,30000,10,10,0,5110,0,0.000000e+00,0.000000e+00,483138.3,52634554368.0,269729.4,52.90,50.37
BER: SYNC #11 (gated)
CSV,155008,31000,11,10,0,5267,0,0.000000e+00,0.000000e+00,452953.7,48016183296.0,293730.6,52.13,50.25
CSV,160008,32000,11,10,0,5467,0,0.000000e+00,0.000000e+00,426663.9,53395251200.0,242950.6,53.42,50.97
BER: END_SEQ #11 [LOCK] seq_err=0 BER_seq=0.0000e+00 | lock=11 slip=0 BER_cond=0.0000e+00 BER_cum=0.0000e+00
CSV,165008,33000,11,11,0,5621,0,0.000000e+00,0.000000e+00,467037.7,52605505536.0,289761.7,52.59,50.52
BER: SYNC #12 (gated)
CSV,170008,34000,12,11,0,5790,0,0.000000e+00,0.000000e+00,406373.5,46959321088.0,242467.2,52.87,50.63
CSV,175008,35000,12,11,0,5989,0,0.000000e+00,0.000000e+00,392390.8,52965281792.0,261519.0,53.06,51.30
BER: END_SEQ #12 [LOCK] seq_err=0 BER_seq=0.0000e+00 | lock=12 slip=0 BER_cond=0.0000e+00 BER_cum=0.0000e+00
CSV,180008,36000,12,12,0,6132,0,0.000000e+00,0.000000e+00,494619.7,52433317888.0,307734.2,52.31,50.25
BER: SYNC #13 (gated)
CSV,185008,37000,13,12,0,6312,0,0.000000e+00,0.000000e+00,383957.1,47755247616.0,246982.3,52.86,50.95
CSV,190008,38000,13,12,0,6512,0,0.000000e+00,0.000000e+00,411655.3,50716426240.0,254305.6,53.00,50.91
BER: END_SEQ #13 [LOCK] seq_err=0 BER_seq=0.0000e+00 | lock=13 slip=0 BER_cond=0.0000e+00 BER_cum=0.0000e+00
CSV,195008,39000,13,13,0,6643,0,0.000000e+00,0.000000e+00,428651.6,53770788864.0,266516.6,53.05,50.98
BER: SYNC #14 (gated)
CSV,200008,40000,14,13,0,6835,0,0.000000e+00,0.000000e+00,384115.9,45528096768.0,221859.5,53.12,50.74
CSV,205008,41000,14,13,0,7035,0,0.000000e+00,0.000000e+00,382942.7,53272055808.0,233476.4,53.58,51.43
BER: END_SEQ #14 [LOCK] seq_err=0 BER_seq=0.0000e+00 | lock=14 slip=0 BER_cond=0.0000e+00 BER_cum=0.0000e+00
BER: SYNC #15 (gated)
CSV,210008,42000,15,14,0,7158,0,0.000000e+00,0.000000e+00,447844.5,53459230720.0,288068.1,52.69,50.77
CSV,215008,43000,15,14,0,7357,0,0.000000e+00,0.000000e+00,390039.2,47298424832.0,245420.8,52.85,50.84
CSV,220008,44000,15,14,0,7557,0,0.000000e+00,0.000000e+00,404433.1,52599549952.0,254018.8,53.16,51.14
BER: END_SEQ #15 [LOCK] seq_err=0 BER_seq=0.0000e+00 | lock=15 slip=0 BER_cond=0.0000e+00 BER_cum=0.0000e+00
BER: SYNC #16 (gated)
CSV,225008,45000,16,15,0,7680,0,0.000000e+00,0.000000e+00,429972.1,56077230080.0,290233.9,52.86,51.15
CSV,230008,46000,16,15,0,7880,0,0.000000e+00,0.000000e+00,386617.4,45750824960.0,229624.1,52.99,50.73
CSV,235008,47000,16,15,0,8080,0,0.000000e+00,0.000000e+00,404951.1,52518010880.0,250643.6,53.21,51.13
BER: END_SEQ #16 [LOCK] seq_err=0 BER_seq=0.0000e+00 | lock=16 slip=0 BER_cond=0.0000e+00 BER_cum=0.0000e+00
BER: SYNC #17 (gated)
CSV,240008,48000,17,16,0,8203,0,0.000000e+00,0.000000e+00,440648.0,54131986432.0,276662.5,52.92,50.89
CSV,245008,49000,17,16,0,8403,0,0.000000e+00,0.000000e+00,385110.2,46741487616.0,239925.2,52.90,50.84
CSV,250008,50000,17,16,0,8603,0,0.000000e+00,0.000000e+00,404674.5,51938238464.0,226507.0,53.60,51.08
BER: END_SEQ #17 [LOCK] seq_err=0 BER_seq=0.0000e+00 | lock=17 slip=0 BER_cond=0.0000e+00 BER_cum=0.0000e+00
BER: SYNC #18 (gated)
CSV,255008,51000,18,17,0,8726,0,0.000000e+00,0.000000e+00,461261.6,53879447552.0,284836.5,52.77,50.67
CSV,260008,52000,18,17,0,8926,0,0.000000e+00,0.000000e+00,374008.7,47877169152.0,250550.6,52.81,51.07
CSV,265008,53000,18,17,0,9125,0,0.000000e+00,0.000000e+00,409086.9,52281262080.0,250527.7,53.19,51.07
BER: END_SEQ #18 [LOCK] seq_err=0 BER_seq=0.0000e+00 | lock=18 slip=0 BER_cond=0.0000e+00 BER_cum=0.0000e+00
BER: SYNC #19 (gated)
CSV,270008,54000,19,18,0,9249,0,0.000000e+00,0.000000e+00,472206.3,52476207104.0,291762.3,52.55,50.46
CSV,275008,55000,19,18,0,9448,0,0.000000e+00,0.000000e+00,376371.0,48484777984.0,228096.0,53.27,51.10
CSV,280008,56000,19,18,0,9648,0,0.000000e+00,0.000000e+00,413961.2,51158003712.0,236932.1,53.34,50.92
BER: END_SEQ #19 [LOCK] seq_err=0 BER_seq=0.0000e+00 | lock=19 slip=0 BER_cond=0.0000e+00 BER_cum=0.0000e+00
BER: SYNC #20 (gated)
CSV,285008,57000,20,19,0,9771,0,0.000000e+00,0.000000e+00,453766.9,54430388224.0,267758.7,53.08,50.79
CSV,290008,58000,20,19,0,9971,0,0.000000e+00,0.000000e+00,377225.8,44915163136.0,252501.1,52.50,50.76
CSV,295008,59000,20,19,0,10171,0,0.000000e+00,0.000000e+00,424748.9,53342302208.0,259060.9,53.14,50.99
BER: END_SEQ #20 [LOCK] seq_err=0 BER_seq=0.0000e+00 | lock=20 slip=0 BER_cond=0.0000e+00 BER_cum=0.0000e+00
BER: SYNC #21 (gated)
CSV,300008,60000,21,20,0,10294,0,0.000000e+00,0.000000e+00,454788.0,54107066368.0,287160.1,52.75,50.75
CSV,305008,61000,21,20,0,10494,0,0.000000e+00,0.000000e+00,385314.4,45344382976.0,228047.4,52.98,50.71
CSV,310008,62000,21,20,0,10694,0,0.000000e+00,0.000000e+00,420506.6,52942221312.0,239797.4,53.44,51.00
BER: END_SEQ #21 [LOCK] seq_err=0 BER_seq=0.0000e+00 | lock=21 slip=0 BER_cond=0.0000e+00 BER_cum=0.0000e+00
BER: SYNC #22 (gated)
CSV,315008,63000,22,21,0,10817,0,0.000000e+00,0.000000e+00,454320.3,53744738304.0,272531.3,52.95,50.73
CSV,320008,64000,22,21,0,11017,0,0.000000e+00,0.000000e+00,393358.7,46249574400.0,261638.7,52.47,50.70
CSV,325008,65000,22,21,0,11216,0,0.000000e+00,0.000000e+00,427497.1,53644451840.0,250738.9,53.30,50.99
BER: END_SEQ #22 [LOCK] seq_err=0 BER_seq=0.0000e+00 | lock=22 slip=0 BER_cond=0.0000e+00 BER_cum=0.0000e+00
BER: SYNC #23 (gated)
CSV,330008,66000,23,22,0,11339,0,0.000000e+00,0.000000e+00,455876.6,52935667712.0,277806.3,52.80,50.65
CSV,335008,67000,23,22,0,11539,0,0.000000e+00,0.000000e+00,397671.2,46796996608.0,232216.9,53.04,50.71
CSV,340008,68000,23,22,0,11739,0,0.000000e+00,0.000000e+00,398314.2,52800937984.0,235738.3,53.50,51.22
BER: END_SEQ #23 [LOCK] seq_err=0 BER_seq=0.0000e+00 | lock=23 slip=0 BER_cond=0.0000e+00 BER_cum=0.0000e+00
BER: SYNC #24 (gated)
CSV,345008,69000,24,23,0,11862,0,0.000000e+00,0.000000e+00,460144.3,53483630592.0,286824.4,52.71,50.65
CSV,350008,70000,24,23,0,12062,0,0.000000e+00,0.000000e+00,408119.7,46030413824.0,249830.4,52.65,50.52
CSV,355008,71000,24,23,0,12262,0,0.000000e+00,0.000000e+00,385000.8,54715670528.0,242262.3,53.54,51.53
BER: END_SEQ #24 [LOCK] seq_err=0 BER_seq=0.0000e+00 | lock=24 slip=0 BER_cond=0.0000e+00 BER_cum=0.0000e+00
BER: SYNC #25 (gated)
CSV,360008,72000,25,24,0,12385,0,0.000000e+00,0.000000e+00,478280.7,50612367360.0,305525.6,52.19,50.25
CSV,365008,73000,25,24,0,12585,0,0.000000e+00,0.000000e+00,394780.6,48124051456.0,216082.1,53.48,50.86
BER: END_SEQ #25 [LOCK] seq_err=0 BER_seq=0.0000e+00 | lock=25 slip=0 BER_cond=0.0000e+00 BER_cum=0.0000e+00
CSV,370008,74000,25,25,0,12775,0,0.000000e+00,0.000000e+00,369105.9,53401882624.0,242278.9,53.43,51.60
BER: SYNC #26 (gated)
CSV,375008,75000,26,25,0,12907,0,0.000000e+00,0.000000e+00,456478.9,48246222848.0,269059.6,52.54,50.24
CSV,380008,76000,26,25,0,13107,0,0.000000e+00,0.000000e+00,398651.8,51365318656.0,249412.8,53.14,51.10
BER: END_SEQ #26 [LOCK] seq_err=0 BER_seq=0.0000e+00 | lock=26 slip=0 BER_cond=0.0000e+00 BER_cum=0.0000e+00
CSV,385008,77000,26,26,0,13286,0,0.000000e+00,0.000000e+00,404613.2,53401309184.0,255124.7,53.21,51.21
BER: SYNC #27 (gated)
CSV,390008,78000,27,26,0,13430,0,0.000000e+00,0.000000e+00,431686.3,47097761792.0,268424.2,52.44,50.38
CSV,395008,79000,27,26,0,13630,0,0.000000e+00,0.000000e+00,406178.6,52508971008.0,237204.5,53.45,51.12
BER: END_SEQ #27 [LOCK] seq_err=0 BER_seq=0.0000e+00 | lock=27 slip=0 BER_cond=0.0000e+00 BER_cum=0.0000e+00
CSV,400008,80000,27,27,0,13797,0,0.000000e+00,0.000000e+00,399325.3,53190635520.0,279331.3,52.80,51.25
BER: SYNC #28 (gated)
CSV,405008,81000,28,27,0,13953,0,0.000000e+00,0.000000e+00,418932.4,47261290496.0,247654.7,52.81,50.52
CSV,410008,82000,28,27,0,14153,0,0.000000e+00,0.000000e+00,399168.5,53123727360.0,235813.7,53.53,51.24
BER: END_SEQ #28 [LOCK] seq_err=0 BER_seq=0.0000e+00 | lock=28 slip=0 BER_cond=0.0000e+00 BER_cum=0.0000e+00
CSV,415008,83000,28,28,0,14308,0,0.000000e+00,0.000000e+00,420067.7,52130861056.0,268732.1,52.88,50.94
BER: SYNC #29 (gated)
CSV,420008,84000,29,28,0,14476,0,0.000000e+00,0.000000e+00,391609.9,46843215872.0,233961.6,53.02,50.78
CSV,425008,85000,29,28,0,14675,0,0.000000e+00,0.000000e+00,401732.3,52867706880.0,265753.3,52.99,51.19
BER: END_SEQ #29 [LOCK] seq_err=0 BER_seq=0.0000e+00 | lock=29 slip=0 BER_cond=0.0000e+00 BER_cum=0.0000e+00
CSV,430008,86000,29,29,0,14819,0,0.000000e+00,0.000000e+00,457651.2,52517392384.0,263116.9,53.00,50.60
BER: SYNC #30 (gated)
CSV,435008,87000,30,29,0,14998,0,0.000000e+00,0.000000e+00,389625.0,48756502528.0,229177.4,53.28,50.97
CSV,440008,88000,30,29,0,15198,0,0.000000e+00,0.000000e+00,407117.7,52869726208.0,256799.0,53.14,51.13
BER: END_SEQ #30 [LOCK] seq_err=0 BER_seq=0.0000e+00 | lock=30 slip=0 BER_cond=0.0000e+00 BER_cum=0.0000e+00
CSV,445008,89000,30,30,0,15330,0,0.000000e+00,0.000000e+00,472018.2,53813047296.0,301973.4,52.51,50.57
BER: SYNC #31 (gated)
CSV,450008,90000,31,30,0,15521,0,0.000000e+00,0.000000e+00,396892.4,46237896704.0,244675.7,52.76,50.66
CSV,455008,91000,31,30,0,15721,0,0.000000e+00,0.000000e+00,411137.7,52657225728.0,243799.1,53.34,51.07
BER: END_SEQ #31 [LOCK] seq_err=0 BER_seq=0.0000e+00 | lock=31 slip=0 BER_cond=0.0000e+00 BER_cum=0.0000e+00
BER: SYNC #32 (gated)
CSV,460008,92000,32,31,0,15844,0,0.000000e+00,0.000000e+00,478030.2,53543448576.0,281000.3,52.80,50.49
CSV,465008,93000,32,31,0,16044,0,0.000000e+00,0.000000e+00,395240.0,46631194624.0,233775.2,53.00,50.72
CSV,470008,94000,32,31,0,16244,0,0.000000e+00,0.000000e+00,395353.4,52871303168.0,253234.7,53.20,51.26
BER: END_SEQ #32 [LOCK] seq_err=0 BER_seq=0.0000e+00 | lock=32 slip=0 BER_cond=0.0000e+00 BER_cum=0.0000e+00
BER: SYNC #33 (gated)
CSV,475008,95000,33,32,0,16366,0,0.000000e+00,0.000000e+00,475233.4,54994882560.0,269746.3,53.09,50.63
CSV,480008,96000,33,32,0,16566,0,0.000000e+00,0.000000e+00,384865.4,45708230656.0,225042.0,53.08,50.75
CSV,485008,97000,33,32,0,16766,0,0.000000e+00,0.000000e+00,416709.7,52097957888.0,240498.6,53.36,50.97
BER: END_SEQ #33 [LOCK] seq_err=0 BER_seq=0.0000e+00 | lock=33 slip=0 BER_cond=0.0000e+00 BER_cum=0.0000e+00
BER: SYNC #34 (gated)
CSV,490008,98000,34,33,0,16889,0,0.000000e+00,0.000000e+00,493231.9,54456430592.0,300999.7,52.57,50.43
CSV,495008,99000,34,33,0,17089,0,0.000000e+00,0.000000e+00,400884.3,45942013952.0,251012.1,52.63,50.59
CSV,500008,100000,34,33,0,17289,0,0.000000e+00,0.000000e+00,410395.4,52597768192.0,242034.7,53.37,51.08
BER: END_SEQ #34 [LOCK] seq_err=0 BER_seq=0.0000e+00 | lock=34 slip=0 BER_cond=0.0000e+00 BER_cum=0.0000e+00
BER: SYNC #35 (gated)
CSV,505008,101000,35,34,0,17412,0,0.000000e+00,0.000000e+00,487578.7,52756615168.0,281092.9,52.73,50.34
CSV,510008,102000,35,34,0,17612,0,0.000000e+00,0.000000e+00,390336.0,48257605632.0,254666.6,52.78,50.92
CSV,515008,103000,35,34,0,17812,0,0.000000e+00,0.000000e+00,421406.0,51851194368.0,245793.9,53.24,50.90
BER: END_SEQ #35 [LOCK] seq_err=0 BER_seq=0.0000e+00 | lock=35 slip=0 BER_cond=0.0000e+00 BER_cum=0.0000e+00
BER: SYNC #36 (gated)
CSV,520008,104000,36,35,0,17934,0,0.000000e+00,0.000000e+00,467211.0,52553531392.0,284081.5,52.67,50.51
CSV,525008,105000,36,35,0,18134,0,0.000000e+00,0.000000e+00,383173.2,47778050048.0,223070.9,53.31,50.96
CSV,530008,106000,36,35,0,18334,0,0.000000e+00,0.000000e+00,405456.9,52063113216.0,238163.2,53.40,51.09
BER: END_SEQ #36 [LOCK] seq_err=0 BER_seq=0.0000e+00 | lock=36 slip=0 BER_cond=0.0000e+00 BER_cum=0.0000e+00
BER: SYNC #37 (gated)
CSV,535008,107000,37,36,0,18457,0,0.000000e+00,0.000000e+00,464841.6,53089837056.0,275123.4,52.85,50.58
CSV,540008,108000,37,36,0,18657,0,0.000000e+00,0.000000e+00,376461.3,46028464128.0,239504.9,52.84,50.87
CSV,545008,109000,37,36,0,18857,0,0.000000e+00,0.000000e+00,402781.4,51930423296.0,256532.3,53.06,51.10
BER: END_SEQ #37 [LOCK] seq_err=0 BER_seq=0.0000e+00 | lock=37 slip=0 BER_cond=0.0000e+00 BER_cum=0.0000e+00
BER: SYNC #38 (gated)
CSV,550008,110000,38,37,0,18980,0,0.000000e+00,0.000000e+00,435668.4,55124697088.0,264098.8,53.20,51.02
CSV,555008,111000,38,37,0,19180,0,0.000000e+00,0.000000e+00,383163.1,44090134528.0,242731.6,52.59,50.61
CSV,560008,112000,38,37,0,19380,0,0.000000e+00,0.000000e+00,389597.2,53726404608.0,258259.6,53.18,51.40
BER: END_SEQ #38 [LOCK] seq_err=0 BER_seq=0.0000e+00 | lock=38 slip=0 BER_cond=0.0000e+00 BER_cum=0.0000e+00
BER: SYNC #39 (gated)
CSV,565008,113000,39,38,0,19503,0,0.000000e+00,0.000000e+00,469080.3,53517275136.0,289477.4,52.67,50.57
CSV,570008,114000,39,38,0,19703,0,0.000000e+00,0.000000e+00,369226.8,46451134464.0,221477.2,53.22,51.00
CSV,575008,115000,39,38,0,19902,0,0.000000e+00,0.000000e+00,371514.5,52714512384.0,239400.0,53.43,51.52
BER: END_SEQ #39 [LOCK] seq_err=0 BER_seq=0.0000e+00 | lock=39 slip=0 BER_cond=0.0000e+00 BER_cum=0.0000e+00
BER: SYNC #40 (gated)
CSV,580008,116000,40,39,0,20025,0,0.000000e+00,0.000000e+00,457211.2,53931667456.0,273013.1,52.96,50.72
CSV,585008,117000,40,39,0,20225,0,0.000000e+00,0.000000e+00,381584.0,46204727296.0,253990.0,52.60,50.83
CSV,590008,118000,40,39,0,20425,0,0.000000e+00,0.000000e+00,377820.3,53407735808.0,232253.3,53.62,51.50
BER: END_SEQ #40 [LOCK] seq_err=0 BER_seq=0.0000e+00 | lock=40 slip=0 BER_cond=0.0000e+00 BER_cum=0.0000e+00
BER: SYNC #41 (gated)
CSV,595008,119000,41,40,0,20548,0,0.000000e+00,0.000000e+00,474668.2,53089845248.0,286044.3,52.69,50.49
CSV,600008,120000,41,40,0,20748,0,0.000000e+00,0.000000e+00,388063.7,47109447680.0,231952.4,53.08,50.84
CSV,605008,121000,41,40,0,20948,0,0.000000e+00,0.000000e+00,386256.8,53900746752.0,254911.5,53.25,51.45
BER: END_SEQ #41 [LOCK] seq_err=0 BER_seq=0.0000e+00 | lock=41 slip=0 BER_cond=0.0000e+00 BER_cum=0.0000e+00
BER: SYNC #42 (gated)
CSV,610008,122000,42,41,0,21071,0,0.000000e+00,0.000000e+00,496849.3,52034592768.0,304623.6,52.33,50.20
CSV,615008,123000,42,41,0,21271,0,0.000000e+00,0.000000e+00,385838.9,48170033152.0,241838.7,52.99,50.96
BER: END_SEQ #42 [LOCK] seq_err=0 BER_seq=0.0000e+00 | lock=42 slip=0 BER_cond=0.0000e+00 BER_cum=0.0000e+00
CSV,620008,124000,42,42,0,21462,0,0.000000e+00,0.000000e+00,428573.0,54242275328.0,234515.6,53.64,51.02
BER: SYNC #43 (gated)
CSV,625008,125000,43,42,0,21593,0,0.000000e+00,0.000000e+00,460111.3,48304308224.0,278113.7,52.40,50.21
CSV,630008,126000,43,42,0,21793,0,0.000000e+00,0.000000e+00,380591.9,52043907072.0,251975.6,53.15,51.36
BER: END_SEQ #43 [LOCK] seq_err=0 BER_seq=0.0000e+00 | lock=43 slip=0 BER_cond=0.0000e+00 BER_cum=0.0000e+00
CSV,635008,127000,43,43,0,21973,0,0.000000e+00,0.000000e+00,443312.6,52679733248.0,251538.2,53.21,50.75
BER: SYNC #44 (gated)
CSV,640008,128000,44,43,0,22116,0,0.000000e+00,0.000000e+00,432720.4,48168329216.0,269063.1,52.53,50.47
CSV,645008,129000,44,43,0,22316,0,0.000000e+00,0.000000e+00,403835.4,52136382464.0,229276.6,53.57,51.11
BER: END_SEQ #44 [LOCK] seq_err=0 BER_seq=0.0000e+00 | lock=44 slip=0 BER_cond=0.0000e+00 BER_cum=0.0000e+00
CSV,650008,130000,44,44,0,22484,0,0.000000e+00,0.000000e+00,464383.7,54363586560.0,273192.1,52.99,50.68
BER: SYNC #45 (gated)
CSV,655008,131000,45,44,0,22639,0,0.000000e+00,0.000000e+00,415519.2,47231909888.0,254803.6,52.68,50.56
CSV,660008,132000,45,44,0,22839,0,0.000000e+00,0.000000e+00,411064.1,54036189184.0,269060.0,53.03,51.19
BER: END_SEQ #45 [LOCK] seq_err=0 BER_seq=0.0000e+00 | lock=45 slip=0 BER_cond=0.0000e+00 BER_cum=0.0000e+00
CSV,665008,133000,45,45,0,22995,0,0.000000e+00,0.000000e+00,487573.0,52164837376.0,264571.3,52.95,50.29
BER: SYNC #46 (gated)
CSV,670008,134000,46,45,0,23161,0,0.000000e+00,0.000000e+00,406412.3,47626846208.0,246057.8,52.87,50.69
CSV,675008,135000,46,45,0,23362,0,0.000000e+00,0.000000e+00,419585.0,53020532736.0,247501.4,53.31,51.02
BER: END_SEQ #46 [LOCK] seq_err=0 BER_seq=0.0000e+00 | lock=46 slip=0 BER_cond=0.0000e+00 BER_cum=0.0000e+00
CSV,680008,136000,46,46,0,23506,0,0.000000e+00,0.000000e+00,495945.1,53520093184.0,290058.1,52.66,50.33
BER: SYNC #47 (gated)
CSV,685008,137000,47,46,0,23684,0,0.000000e+00,0.000000e+00,402516.2,47809921024.0,235527.0,53.07,50.75
CSV,690008,138000,47,46,0,23884,0,0.000000e+00,0.000000e+00,417109.0,53691543552.0,236154.2,53.57,51.10
BER: END_SEQ #47 [LOCK] seq_err=0 BER_seq=0.0000e+00 | lock=47 slip=0 BER_cond=0.0000e+00 BER_cum=0.0000e+00
CSV,695008,139000,47,47,0,24017,0,0.000000e+00,0.000000e+00,485145.8,52386652160.0,282382.7,52.68,50.33
BER: SYNC #48 (gated)
CSV,700008,140000,48,47,0,24207,0,0.000000e+00,0.000000e+00,369010.5,47292137472.0,238938.9,52.97,51.08
CSV,705008,141000,48,47,0,24407,0,0.000000e+00,0.000000e+00,411822.0,51893399552.0,259068.2,53.02,51.00
BER: END_SEQ #48 [LOCK] seq_err=0 BER_seq=0.0000e+00 | lock=48 slip=0 BER_cond=0.0000e+00 BER_cum=0.0000e+00
BER: SYNC #49 (gated)
CSV,710008,142000,49,48,0,24530,0,0.000000e+00,0.000000e+00,488441.7,54500302848.0,293166.8,52.69,50.48
CSV,715008,143000,49,48,0,24730,0,0.000000e+00,0.000000e+00,372429.1,46202527744.0,236059.1,52.92,50.94
CSV,720008,144000,49,48,0,24929,0,0.000000e+00,0.000000e+00,402877.5,53443514368.0,230696.6,53.65,51.23
BER: END_SEQ #49 [LOCK] seq_err=0 BER_seq=0.0000e+00 | lock=49 slip=0 BER_cond=0.0000e+00 BER_cum=0.0000e+00
BER: SYNC #50 (gated)
CSV,725008,145000,50,49,0,25053,0,0.000000e+00,0.000000e+00,453550.2,54599061504.0,289713.2,52.75,50.81
CSV,730008,146000,50,49,0,25252,0,0.000000e+00,0.000000e+00,381540.5,47132069888.0,225768.6,53.20,50.92
CSV,735008,147000,50,49,0,25452,0,0.000000e+00,0.000000e+00,414151.4,51774148608.0,253916.1,53.09,50.97
BER: END_SEQ #50 [LOCK] seq_err=0 BER_seq=0.0000e+00 | lock=50 slip=0 BER_cond=0.0000e+00 BER_cum=0.0000e+00
BER: SYNC #51 (gated)
CSV,740008,148000,51,50,0,25575,0,0.000000e+00,0.000000e+00,430909.0,54896836608.0,260391.9,53.24,51.05
CSV,745008,149000,51,50,0,25775,0,0.000000e+00,0.000000e+00,399990.4,45650481152.0,253152.7,52.56,50.57
CSV,750008,150000,51,50,0,25975,0,0.000000e+00,0.000000e+00,388763.2,53566152704.0,251743.8,53.28,51.39
BER: END_SEQ #51 [LOCK] seq_err=0 BER_seq=0.0000e+00 | lock=51 slip=0 BER_cond=0.0000e+00 BER_cum=0.0000e+00
BER: SYNC #52 (gated)
CSV,755008,151000,52,51,0,26098,0,0.000000e+00,0.000000e+00,447211.4,52544204800.0,306461.4,52.34,50.70
CSV,760008,152000,52,51,0,26298,0,0.000000e+00,0.000000e+00,388412.5,48929177600.0,227232.8,53.33,51.00
CSV,765008,153000,52,51,0,26498,0,0.000000e+00,0.000000e+00,385776.9,51703480320.0,234492.1,53.43,51.27
BER: END_SEQ #52 [LOCK] seq_err=0 BER_seq=0.0000e+00 | lock=52 slip=0 BER_cond=0.0000e+00 BER_cum=0.0000e+00
BER: SYNC #53 (gated)
CSV,770008,154000,53,52,0,26621,0,0.000000e+00,0.000000e+00,462884.5,54449557504.0,283484.8,52.83,50.71
CSV,775008,155000,53,52,0,26820,0,0.000000e+00,0.000000e+00,378541.1,47227858944.0,256038.5,52.66,50.96
CSV,780008,156000,53,52,0,27020,0,0.000000e+00,0.000000e+00,378836.4,53055696896.0,250931.7,53.25,51.46
BER: END_SEQ #53 [LOCK] seq_err=0 BER_seq=0.0000e+00 | lock=53 slip=0 BER_cond=0.0000e+00 BER_cum=0.0000e+00
BER: SYNC #54 (gated)
CSV,785008,157000,54,53,0,27143,0,0.000000e+00,0.000000e+00,455179.7,52715102208.0,288222.3,52.62,50.64
CSV,790008,158000,54,53,0,27343,0,0.000000e+00,0.000000e+00,386850.0,47607750656.0,230019.0,53.16,50.90
CSV,795008,159000,54,53,0,27543,0,0.000000e+00,0.000000e+00,385431.8,51925258240.0,254363.6,53.10,51.29
BER: END_SEQ #54 [LOCK] seq_err=0 BER_seq=0.0000e+00 | lock=54 slip=0 BER_cond=0.0000e+00 BER_cum=0.0000e+00
BER: SYNC #55 (gated)
CSV,800008,160000,55,54,0,27666,0,0.000000e+00,0.000000e+00,446036.8,56934064128.0,271947.7,53.21,51.06
CSV,805008,161000,55,54,0,27866,0,0.000000e+00,0.000000e+00,403613.4,44026990592.0,250488.0,52.45,50.38
CSV,810008,162000,55,54,0,28066,0,0.000000e+00,0.000000e+00,410972.6,54368575488.0,241095.7,53.53,51.22
BER: END_SEQ #55 [LOCK] seq_err=0 BER_seq=0.0000e+00 | lock=55 slip=0 BER_cond=0.0000e+00 BER_cum=0.0000e+00
BER: SYNC #56 (gated)
CSV,815008,163000,56,55,0,28189,0,0.000000e+00,0.000000e+00,487445.7,53878759424.0,291805.8,52.66,50.43
CSV,820008,164000,56,55,0,28389,0,0.000000e+00,0.000000e+00,386697.1,46622392320.0,245522.9,52.79,50.81
CSV,825008,165000,56,55,0,28589,0,0.000000e+00,0.000000e+00,412632.5,53085999104.0,235605.7,53.53,51.09
BER: END_SEQ #56 [LOCK] seq_err=0 BER_seq=0.0000e+00 | lock=56 slip=0 BER_cond=0.0000e+00 BER_cum=0.0000e+00
BER: SYNC #57 (gated)
CSV,830008,166000,57,56,0,28711,0,0.000000e+00,0.000000e+00,460876.1,54440308736.0,280657.3,52.88,50.72
CSV,835008,167000,57,56,0,28911,0,0.000000e+00,0.000000e+00,417550.9,45759033344.0,232210.8,52.95,50.40
CSV,840008,168000,57,56,0,29111,0,0.000000e+00,0.000000e+00,427074.3,53861900288.0,243168.1,53.45,51.01
BER: END_SEQ #57 [LOCK] seq_err=0 BER_seq=0.0000e+00 | lock=57 slip=0 BER_cond=0.0000e+00 BER_cum=0.0000e+00
BER: SYNC #58 (gated)
CSV,845008,169000,58,57,0,29234,0,0.000000e+00,0.000000e+00,461222.1,52762562560.0,276288.4,52.81,50.58
CSV,850008,170000,58,57,0,29434,0,0.000000e+00,0.000000e+00,405943.3,47339659264.0,232663.1,53.08,50.67
CSV,855008,171000,58,57,0,29634,0,0.000000e+00,0.000000e+00,385229.2,53192007680.0,227804.9,53.68,51.40
BER: END_SEQ #58 [LOCK] seq_err=0 BER_seq=0.0000e+00 | lock=58 slip=0 BER_cond=0.0000e+00 BER_cum=0.0000e+00
BER: SYNC #59 (gated)
CSV,860008,172000,59,58,0,29757,0,0.000000e+00,0.000000e+00,473909.1,52610732032.0,287331.8,52.63,50.45
CSV,865008,173000,59,58,0,29957,0,0.000000e+00,0.000000e+00,400977.1,47615729664.0,249622.4,52.80,50.75
BER: END_SEQ #59 [LOCK] seq_err=0 BER_seq=0.0000e+00 | lock=59 slip=0 BER_cond=0.0000e+00 BER_cum=0.0000e+00
CSV,870008,174000,59,59,0,30149,0,0.000000e+00,0.000000e+00,375867.2,55269498880.0,239602.8,53.63,51.67
BER: SYNC #60 (gated)
CSV,875008,175000,60,59,0,30279,0,0.000000e+00,0.000000e+00,471192.9,48190582784.0,297852.2,52.09,50.10
CSV,880008,176000,60,59,0,30479,0,0.000000e+00,0.000000e+00,400922.6,52066222080.0,225046.7,53.64,51.13
BER: END_SEQ #60 [LOCK] seq_err=0 BER_seq=0.0000e+00 | lock=60 slip=0 BER_cond=0.0000e+00 BER_cum=0.0000e+00
CSV,885008,177000,60,60,0,30660,0,0.000000e+00,0.000000e+00,387518.7,52750180352.0,270120.7,52.91,51.34
BER: SYNC #61 (gated)
CSV,890008,178000,61,60,0,30802,0,0.000000e+00,0.000000e+00,430468.0,48429604864.0,255255.7,52.78,50.51
CSV,895008,179000,61,60,0,31002,0,0.000000e+00,0.000000e+00,400313.6,51526643712.0,250564.6,53.13,51.10
BER: END_SEQ #61 [LOCK] seq_err=0 BER_seq=0.0000e+00 | lock=61 slip=0 BER_cond=0.0000e+00 BER_cum=0.0000e+00
CSV,900008,180000,61,61,0,31171,0,0.000000e+00,0.000000e+00,417700.5,54350655488.0,259920.4,53.20,51.14
BER: SYNC #62 (gated)
CSV,905008,181000,62,61,0,31325,0,0.000000e+00,0.000000e+00,411494.0,46824046592.0,248399.5,52.75,50.56
CSV,910008,182000,62,61,0,31525,0,0.000000e+00,0.000000e+00,400321.6,54090850304.0,267256.5,53.06,51.31
BER: END_SEQ #62 [LOCK] seq_err=0 BER_seq=0.0000e+00 | lock=62 slip=0 BER_cond=0.0000e+00 BER_cum=0.0000e+00
CSV,915008,183000,62,62,0,31682,0,0.000000e+00,0.000000e+00,421737.0,51646799872.0,267475.9,52.86,50.88
BER: SYNC #63 (gated)
CSV,920008,184000,63,62,0,31848,0,0.000000e+00,0.000000e+00,381630.3,48316174336.0,251109.9,52.84,51.02
CSV,925008,185000,63,62,0,32047,0,0.000000e+00,0.000000e+00,401186.5,52402159616.0,230388.9,53.57,51.16
BER: END_SEQ #63 [LOCK] seq_err=0 BER_seq=0.0000e+00 | lock=63 slip=0 BER_cond=0.0000e+00 BER_cum=0.0000e+00
CSV,930008,186000,63,63,0,32193,0,0.000000e+00,0.000000e+00,460782.1,53976276992.0,303509.7,52.50,50.69
BER: SYNC #64 (gated)
CSV,935008,187000,64,63,0,32370,0,0.000000e+00,0.000000e+00,401420.1,47675191296.0,245652.7,52.88,50.75
CSV,940008,188000,64,63,0,32570,0,0.000000e+00,0.000000e+00,410277.4,54099148800.0,248932.8,53.37,51.20
BER: END_SEQ #64 [LOCK] seq_err=0 BER_seq=0.0000e+00 | lock=64 slip=0 BER_cond=0.0000e+00 BER_cum=0.0000e+00
CSV,945008,189000,64,64,0,32704,0,0.000000e+00,0.000000e+00,484633.1,52034408448.0,284686.6,52.62,50.31
BER: SYNC #65 (gated)
CSV,950008,190000,65,64,0,32893,0,0.000000e+00,0.000000e+00,397839.2,48002269184.0,231193.1,53.17,50.82
CSV,955008,191000,65,64,0,33093,0,0.000000e+00,0.000000e+00,407288.0,51756019712.0,260498.5,52.98,51.04
BER: END_SEQ #65 [LOCK] seq_err=0 BER_seq=0.0000e+00 | lock=65 slip=0 BER_cond=0.0000e+00 BER_cum=0.0000e+00
BER: SYNC #66 (gated)
CSV,960008,192000,66,65,0,33216,0,0.000000e+00,0.000000e+00,489407.6,55539097600.0,296889.9,52.72,50.55
CSV,965008,193000,66,65,0,33416,0,0.000000e+00,0.000000e+00,395274.2,45718454272.0,237259.3,52.85,50.63
CSV,970008,194000,66,65,0,33615,0,0.000000e+00,0.000000e+00,399385.4,54226718720.0,239206.4,53.55,51.33
BER: END_SEQ #66 [LOCK] seq_err=0 BER_seq=0.0000e+00 | lock=66 slip=0 BER_cond=0.0000e+00 BER_cum=0.0000e+00
BER: SYNC #67 (gated)
CSV,975008,195000,67,66,0,33739,0,0.000000e+00,0.000000e+00,481108.1,54049325056.0,281927.3,52.83,50.51
CSV,980008,196000,67,66,0,33938,0,0.000000e+00,0.000000e+00,395898.6,47962284032.0,243796.9,52.94,50.83
CSV,985008,197000,67,66,0,34138,0,0.000000e+00,0.000000e+00,401898.8,52019961856.0,261536.6,52.99,51.12
BER: END_SEQ #67 [LOCK] seq_err=0 BER_seq=0.0000e+00 | lock=67 slip=0 BER_cond=0.0000e+00 BER_cum=0.0000e+00
BER: SYNC #68 (gated)
CSV,990008,198000,68,67,0,34261,0,0.000000e+00,0.000000e+00,481210.8,55414276096.0,279604.2,52.97,50.61
CSV,995008,199000,68,67,0,34461,0,0.000000e+00,0.000000e+00,397945.1,45821419520.0,230727.8,52.98,50.61
CSV,1000008,200000,68,67,0,34661,0,0.000000e+00,0.000000e+00,389540.3,53606842368.0,236204.3,53.56,51.39
BER: END_SEQ #68 [LOCK] seq_err=0 BER_seq=0.0000e+00 | lock=68 slip=0 BER_cond=0.0000e+00 BER_cum=0.0000e+00
BER: SYNC #69 (gated)
CSV,1005008,201000,69,68,0,34784,0,0.000000e+00,0.000000e+00,487746.8,52547346432.0,275534.1,52.80,50.32
CSV,1010008,202000,69,68,0,34984,0,0.000000e+00,0.000000e+00,388162.7,48829526016.0,256999.8,52.79,51.00
CSV,1015008,203000,69,68,0,35184,0,0.000000e+00,0.000000e+00,404696.5,51692683264.0,251654.2,53.13,51.06
BER: END_SEQ #69 [LOCK] seq_err=0 BER_seq=0.0000e+00 | lock=69 slip=0 BER_cond=0.0000e+00 BER_cum=0.0000e+00
BER: SYNC #70 (gated)
CSV,1020008,204000,70,69,0,35307,0,0.000000e+00,0.000000e+00,486749.4,54046277632.0,281995.9,52.83,50.45
CSV,1025008,205000,70,69,0,35506,0,0.000000e+00,0.000000e+00,409680.8,47586426880.0,235299.0,53.06,50.65
CSV,1030008,206000,70,69,0,35706,0,0.000000e+00,0.000000e+00,422209.4,52994015232.0,230931.1,53.61,50.99
BER: END_SEQ #70 [LOCK] seq_err=0 BER_seq=0.0000e+00 | lock=70 slip=0 BER_cond=0.0000e+00 BER_cum=0.0000e+00
BER: SYNC #71 (gated)
CSV,1035008,207000,71,70,0,35829,0,0.000000e+00,0.000000e+00,473959.5,52397314048.0,290223.6,52.57,50.44
CSV,1040008,208000,71,70,0,36029,0,0.000000e+00,0.000000e+00,388525.2,47490240512.0,230078.8,53.15,50.87
CSV,1045008,209000,71,70,0,36229,0,0.000000e+00,0.000000e+00,426727.2,51728764928.0,242898.3,53.28,50.84
BER: END_SEQ #71 [LOCK] seq_err=0 BER_seq=0.0000e+00 | lock=71 slip=0 BER_cond=0.0000e+00 BER_cum=0.0000e+00
BER: SYNC #72 (gated)
CSV,1050008,210000,72,71,0,36352,0,0.000000e+00,0.000000e+00,456364.2,56164741120.0,278145.4,53.05,50.90
CSV,1055008,211000,72,71,0,36552,0,0.000000e+00,0.000000e+00,378473.2,44257312768.0,249817.9,52.48,50.68
CSV,1060008,212000,72,71,0,36752,0,0.000000e+00,0.000000e+00,402595.0,53630238720.0,249798.0,53.32,51.25
BER: END_SEQ #72 [LOCK] seq_err=0 BER_seq=0.0000e+00 | lock=72 slip=0 BER_cond=0.0000e+00 BER_cum=0.0000e+00
BER: SYNC #73 (gated)
CSV,1065008,213000,73,72,0,36875,0,0.000000e+00,0.000000e+00,465885.3,54500552704.0,290810.9,52.73,50.68
CSV,1070008,214000,73,72,0,37075,0,0.000000e+00,0.000000e+00,382322.8,46386872320.0,230996.2,53.03,50.84
CSV,1075008,215000,73,72,0,37275,0,0.000000e+00,0.000000e+00,399798.4,53452103680.0,245089.9,53.39,51.26
BER: END_SEQ #73 [LOCK] seq_err=0 BER_seq=0.0000e+00 | lock=73 slip=0 BER_cond=0.0000e+00 BER_cum=0.0000e+00
BER: SYNC #74 (gated)
CSV,1080008,216000,74,73,0,37397,0,0.000000e+00,0.000000e+00,460890.8,54453637120.0,274146.2,52.98,50.72
CSV,1085008,217000,74,73,0,37597,0,0.000000e+00,0.000000e+00,385192.9,46048452608.0,243764.2,52.76,50.78
CSV,1090008,218000,74,73,0,37797,0,0.000000e+00,0.000000e+00,380340.2,53772300288.0,229012.5,53.71,51.50
BER: END_SEQ #74 [LOCK] seq_err=0 BER_seq=0.0000e+00 | lock=74 slip=0 BER_cond=0.0000e+00 BER_cum=0.0000e+00
BER: SYNC #75 (gated)
CSV,1095008,219000,75,74,0,37920,0,0.000000e+00,0.000000e+00,480383.4,53832257536.0,283012.7,52.79,50.49
CSV,1100008,220000,75,74,0,38120,0,0.000000e+00,0.000000e+00,375136.0,46795825152.0,247882.5,52.76,50.96
CSV,1105008,221000,75,74,0,38320,0,0.000000e+00,0.000000e+00,357111.8,53479297024.0,251484.7,53.28,51.75
BER: END_SEQ #75 [LOCK] seq_err=0 BER_seq=0.0000e+00 | lock=75 slip=0 BER_cond=0.0000e+00 BER_cum=0.0000e+00
BER: SYNC #76 (gated)
CSV,1110008,222000,76,75,0,38443,0,0.000000e+00,0.000000e+00,496281.3,52876738560.0,310479.9,52.31,50.28
CSV,1115008,223000,76,75,0,38643,0,0.000000e+00,0.000000e+00,371969.4,47328411648.0,214843.8,53.43,51.05
BER: END_SEQ #76 [LOCK] seq_err=0 BER_seq=0.0000e+00 | lock=76 slip=0 BER_cond=0.0000e+00 BER_cum=0.0000e+00
CSV,1120008,224000,76,76,0,38836,0,0.000000e+00,0.000000e+00,361982.6,55145594880.0,231123.5,53.78,51.83
BER: SYNC #77 (gated)
CSV,1125008,225000,77,76,0,38966,0,0.000000e+00,0.000000e+00,460507.3,49089880064.0,272138.8,52.56,50.28
CSV,1130008,226000,77,76,0,39165,0,0.000000e+00,0.000000e+00,382740.7,51496013824.0,258986.1,52.98,51.29
BER: END_SEQ #77 [LOCK] seq_err=0 BER_seq=0.0000e+00 | lock=77 slip=0 BER_cond=0.0000e+00 BER_cum=0.0000e+00
CSV,1135008,227000,77,77,0,39347,0,0.000000e+00,0.000000e+00,404745.8,53304070144.0,239097.1,53.48,51.20
BER: SYNC #78 (gated)
CSV,1140008,228000,78,77,0,39488,0,0.000000e+00,0.000000e+00,437960.2,48571502592.0,271995.2,52.52,50.45
CSV,1145008,229000,78,77,0,39688,0,0.000000e+00,0.000000e+00,400810.2,51648577536.0,237310.1,53.38,51.10
BER: END_SEQ #78 [LOCK] seq_err=0 BER_seq=0.0000e+00 | lock=78 slip=0 BER_cond=0.0000e+00 BER_cum=0.0000e+00
CSV,1150008,230000,78,78,0,39858,0,0.000000e+00,0.000000e+00,432153.9,54423220224.0,292605.6,52.70,51.00
BER: SYNC #79 (gated)
CSV,1155008,231000,79,78,0,40011,0,0.000000e+00,0.000000e+00,425139.8,47367766016.0,268237.0,52.47,50.47
CSV,1160008,232000,79,78,0,40211,0,0.000000e+00,0.000000e+00,404645.1,53982920704.0,237501.6,53.57,51.25
BER: END_SEQ #79 [LOCK] seq_err=0 BER_seq=0.0000e+00 | lock=79 slip=0 BER_cond=0.0000e+00 BER_cum=0.0000e+00
CSV,1165008,233000,79,79,0,40369,0,0.000000e+00,0.000000e+00,475672.2,52354531328.0,276555.8,52.77,50.42
BER: SYNC #80 (gated)
CSV,1170008,234000,80,79,0,40534,0,0.000000e+00,0.000000e+00,401647.6,47651864576.0,245614.4,52.88,50.74
CSV,1175008,235000,80,79,0,40734,0,0.000000e+00,0.000000e+00,417873.6,53265108992.0,264316.0,53.04,51.05
BER: END_SEQ #80 [LOCK] seq_err=0 BER_seq=0.0000e+00 | lock=80 slip=0 BER_cond=0.0000e+00 BER_cum=0.0000e+00
CSV,1180008,236000,80,80,0,40880,0,0.000000e+00,0.000000e+00,503802.1,53773467648.0,281226.8,52.82,50.28
BER: SYNC #81 (gated)
CSV,1185008,237000,81,80,0,41056,0,0.000000e+00,0.000000e+00,403662.9,47891169280.0,240346.9,52.99,50.74
CSV,1190008,238000,81,80,0,41256,0,0.000000e+00,0.000000e+00,407747.5,53933162496.0,253000.7,53.29,51.21
BER: END_SEQ #81 [LOCK] seq_err=0 BER_seq=0.0000e+00 | lock=81 slip=0 BER_cond=0.0000e+00 BER_cum=0.0000e+00
CSV,1195008,239000,81,81,0,41391,0,0.000000e+00,0.000000e+00,503182.8,52091355136.0,283036.1,52.65,50.15
BER: SYNC #82 (gated)
CSV,1200008,240000,82,81,0,41579,0,0.000000e+00,0.000000e+00,374964.5,47909224448.0,221855.8,53.34,51.06
CSV,1205008,241000,82,81,0,41779,0,0.000000e+00,0.000000e+00,415076.4,52011950080.0,237312.0,53.41,50.98
BER: END_SEQ #82 [LOCK] seq_err=0 BER_seq=0.0000e+00 | lock=82 slip=0 BER_cond=0.0000e+00 BER_cum=0.0000e+00
BER: SYNC #83 (gated)
CSV,1210008,242000,83,82,0,41902,0,0.000000e+00,0.000000e+00,481588.0,55338479616.0,302887.1,52.62,50.60
CSV,1215008,243000,83,82,0,42102,0,0.000000e+00,0.000000e+00,379195.5,45726195712.0,222343.8,53.13,50.81
CSV,1220008,244000,83,82,0,42302,0,0.000000e+00,0.000000e+00,400123.8,53644296192.0,248983.9,53.33,51.27
BER: END_SEQ #83 [LOCK] seq_err=0 BER_seq=0.0000e+00 | lock=83 slip=0 BER_cond=0.0000e+00 BER_cum=0.0000e+00
BER: SYNC #84 (gated)
CSV,1225008,245000,84,83,0,42425,0,0.000000e+00,0.000000e+00,448792.8,53305339904.0,276704.9,52.85,50.75
CSV,1230008,246000,84,83,0,42624,0,0.000000e+00,0.000000e+00,381287.8,47357530112.0,231230.0,53.11,50.94
CSV,1235008,247000,84,83,0,42824,0,0.000000e+00,0.000000e+00,403835.4,52522868736.0,260458.8,53.05,51.14
BER: END_SEQ #84 [LOCK] seq_err=0 BER_seq=0.0000e+00 | lock=84 slip=0 BER_cond=0.0000e+00 BER_cum=0.0000e+00
BER: SYNC #85 (gated)
CSV,1240008,248000,85,84,0,42947,0,0.000000e+00,0.000000e+00,470805.8,54660886528.0,266860.7,53.11,50.65
CSV,1245008,249000,85,84,0,43147,0,0.000000e+00,0.000000e+00,408431.8,45384654848.0,253771.0,52.52,50.46
CSV,1250008,250000,85,84,0,43347,0,0.000000e+00,0.000000e+00,395571.4,52983025664.0,255194.1,53.17,51.27
BER: END_SEQ #85 [LOCK] seq_err=0 BER_seq=0.0000e+00 | lock=85 slip=0 BER_cond=0.0000e+00 BER_cum=0.0000e+00
BER: SYNC #86 (gated)
CSV,1255008,251000,86,85,0,43470,0,0.000000e+00,0.000000e+00,493449.7,52907577344.0,275928.0,52.83,50.30
CSV,1260008,252000,86,85,0,43670,0,0.000000e+00,0.000000e+00,401216.8,48608727040.0,255702.2,52.79,50.83
CSV,1265008,253000,86,85,0,43870,0,0.000000e+00,0.000000e+00,411771.2,51339616256.0,257052.2,53.00,50.96
BER: END_SEQ #86 [LOCK] seq_err=0 BER_seq=0.0000e+00 | lock=86 slip=0 BER_cond=0.0000e+00 BER_cum=0.0000e+00
BER: SYNC #87 (gated)
CSV,1270008,254000,87,86,0,43993,0,0.000000e+00,0.000000e+00,463031.2,52950450176.0,286008.8,52.67,50.58
CSV,1275008,255000,87,86,0,44193,0,0.000000e+00,0.000000e+00,392001.4,48097804288.0,256281.9,52.73,50.89
CSV,1280008,256000,87,86,0,44392,0,0.000000e+00,0.000000e+00,389740.5,52476280832.0,256354.6,53.11,51.29
BER: END_SEQ #87 [LOCK] seq_err=0 BER_seq=0.0000e+00 | lock=87 slip=0 BER_cond=0.0000e+00 BER_cum=0.0000e+00
BER: SYNC #88 (gated)
CSV,1285008,257000,88,87,0,44515,0,0.000000e+00,0.000000e+00,439309.0,52367613952.0,276337.9,52.78,50.76
CSV,1290008,258000,88,87,0,44715,0,0.000000e+00,0.000000e+00,401000.8,46369640448.0,235470.6,52.94,50.63
CSV,1295008,259000,88,87,0,44915,0,0.000000e+00,0.000000e+00,405044.9,52278968320.0,245524.0,53.28,51.11
BER: END_SEQ #88 [LOCK] seq_err=0 BER_seq=0.0000e+00 | lock=88 slip=0 BER_cond=0.0000e+00 BER_cum=0.0000e+00
BER: SYNC #89 (gated)
CSV,1300008,260000,89,88,0,45038,0,0.000000e+00,0.000000e+00,465989.6,54930333696.0,278759.2,52.95,50.71
CSV,1305008,261000,89,88,0,45238,0,0.000000e+00,0.000000e+00,395885.2,44972298240.0,231376.8,52.89,50.55
CSV,1310008,262000,89,88,0,45438,0,0.000000e+00,0.000000e+00,425841.9,52426412032.0,240607.2,53.38,50.90
BER: END_SEQ #89 [LOCK] seq_err=0 BER_seq=0.0000e+00 | lock=89 slip=0 BER_cond=0.0000e+00 BER_cum=0.0000e+00
BER: SYNC #90 (gated)
CSV,1315008,263000,90,89,0,45561,0,0.000000e+00,0.000000e+00,467164.0,54716792832.0,286748.2,52.81,50.69
CSV,1320008,264000,90,89,0,45761,0,0.000000e+00,0.000000e+00,380908.0,45708431360.0,227605.0,53.03,50.79
CSV,1325008,265000,90,89,0,45960,0,0.000000e+00,0.000000e+00,394865.4,53820620800.0,244970.4,53.42,51.34
BER: END_SEQ #90 [LOCK] seq_err=0 BER_seq=0.0000e+00 | lock=90 slip=0 BER_cond=0.0000e+00 BER_cum=0.0000e+00
BER: SYNC #91 (gated)
CSV,1330008,266000,91,90,0,46083,0,0.000000e+00,0.000000e+00,453891.7,54025748480.0,280477.5,52.85,50.76
CSV,1335008,267000,91,90,0,46283,0,0.000000e+00,0.000000e+00,371184.1,46365618176.0,222587.9,53.19,50.97
CSV,1340008,268000,91,90,0,46483,0,0.000000e+00,0.000000e+00,379115.9,53104107520.0,252071.1,53.24,51.46
BER: END_SEQ #91 [LOCK] seq_err=0 BER_seq=0.0000e+00 | lock=91 slip=0 BER_cond=0.0000e+00 BER_cum=0.0000e+00
BER: SYNC #92 (gated)
CSV,1345008,269000,92,91,0,46606,0,0.000000e+00,0.000000e+00,484134.6,54472486912.0,288752.3,52.76,50.51
CSV,1350008,270000,92,91,0,46806,0,0.000000e+00,0.000000e+00,372615.2,46006685696.0,215831.2,53.29,50.92
CSV,1355008,271000,92,91,0,47006,0,0.000000e+00,0.000000e+00,421409.1,53237129216.0,250281.3,53.28,51.02
BER: END_SEQ #92 [LOCK] seq_err=0 BER_seq=0.0000e+00 | lock=92 slip=0 BER_cond=0.0000e+00 BER_cum=0.0000e+00
BER: SYNC #93 (gated)
CSV,1360008,272000,93,92,0,47129,0,0.000000e+00,0.000000e+00,481662.9,52541181952.0,296956.7,52.48,50.38
CSV,1365008,273000,93,92,0,47329,0,0.000000e+00,0.000000e+00,415839.7,46947258368.0,227226.8,53.15,50.53
BER: END_SEQ #93 [LOCK] seq_err=0 BER_seq=0.0000e+00 | lock=93 slip=0 BER_cond=0.0000e+00 BER_cum=0.0000e+00
CSV,1370008,274000,93,93,0,47523,0,0.000000e+00,0.000000e+00,392769.7,55115386880.0,236234.0,53.68,51.47
BER: SYNC #94 (gated)
CSV,1375008,275000,94,93,0,47651,0,0.000000e+00,0.000000e+00,475588.2,49067020288.0,271820.7,52.57,50.14
CSV,1380008,276000,94,93,0,47851,0,0.000000e+00,0.000000e+00,392711.5,50915819520.0,243264.5,53.21,51.13
BER: END_SEQ #94 [LOCK] seq_err=0 BER_seq=0.0000e+00 | lock=94 slip=0 BER_cond=0.0000e+00 BER_cum=0.0000e+00
CSV,1385008,277000,94,94,0,48034,0,0.000000e+00,0.000000e+00,392900.4,53614141440.0,253538.6,53.25,51.35
BER: SYNC #95 (gated)
CSV,1390008,278000,95,94,0,48174,0,0.000000e+00,0.000000e+00,439706.8,47891410944.0,262486.7,52.61,50.37
CSV,1395008,279000,95,94,0,48374,0,0.000000e+00,0.000000e+00,390380.3,51653193728.0,231128.0,53.49,51.22
BER: END_SEQ #95 [LOCK] seq_err=0 BER_seq=0.0000e+00 | lock=95 slip=0 BER_cond=0.0000e+00 BER_cum=0.0000e+00
CSV,1400008,280000,95,95,0,48545,0,0.000000e+00,0.000000e+00,467324.2,53764448256.0,282982.1,52.79,50.61
BER: SYNC #96 (gated)
CSV,1405008,281000,96,95,0,48697,0,0.000000e+00,0.000000e+00,430375.6,47584477184.0,254169.1,52.72,50.44
CSV,1410008,282000,96,95,0,48897,0,0.000000e+00,0.000000e+00,409109.4,53479395328.0,242014.9,53.44,51.16
BER: END_SEQ #96 [LOCK] seq_err=0 BER_seq=0.0000e+00 | lock=96 slip=0 BER_cond=0.0000e+00 BER_cum=0.0000e+00
CSV,1415008,283000,96,96,0,49056,0,0.000000e+00,0.000000e+00,470655.7,52596269056.0,280702.0,52.73,50.48
BER: SYNC #97 (gated)
CSV,1420008,284000,97,96,0,49220,0,0.000000e+00,0.000000e+00,408084.2,47162093568.0,236305.8,53.00,50.63
CSV,1425008,285000,97,96,0,49420,0,0.000000e+00,0.000000e+00,403297.0,53734920192.0,250932.6,53.31,51.25
BER: END_SEQ #97 [LOCK] seq_err=0 BER_seq=0.0000e+00 | lock=97 slip=0 BER_cond=0.0000e+00 BER_cum=0.0000e+00
CSV,1430008,286000,97,97,0,49567,0,0.000000e+00,0.000000e+00,452322.3,53596041216.0,285471.2,52.74,50.74
BER: SYNC #98 (gated)
CSV,1435008,287000,98,97,0,49742,0,0.000000e+00,0.000000e+00,397190.1,48381202432.0,242194.7,53.01,50.86
CSV,1440008,288000,98,97,0,49942,0,0.000000e+00,0.000000e+00,401896.6,53924630528.0,239295.2,53.53,51.28
BER: END_SEQ #98 [LOCK] seq_err=0 BER_seq=0.0000e+00 | lock=98 slip=0 BER_cond=0.0000e+00 BER_cum=0.0000e+00
CSV,1445008,289000,98,98,0,50078,0,0.000000e+00,0.000000e+00,507045.5,52311465984.0,298073.6,52.44,50.14
BER: SYNC #99 (gated)
CSV,1450008,290000,99,98,0,50265,0,0.000000e+00,0.000000e+00,372851.6,47889756160.0,235424.8,53.08,51.09
CSV,1455008,291000,99,98,0,50465,0,0.000000e+00,0.000000e+00,413154.7,52716314624.0,241375.6,53.39,51.06
BER: END_SEQ #99 [LOCK] seq_err=0 BER_seq=0.0000e+00 | lock=99 slip=0 BER_cond=0.0000e+00 BER_cum=0.0000e+00
CSV,1460008,292000,99,99,0,50589,0,0.000000e+00,0.000000e+00,500415.4,54963007488.0,303909.8,52.57,50.41
BER: SYNC #100 (gated)
CSV,1465008,293000,100,99,0,50788,0,0.000000e+00,0.000000e+00,387423.9,46345756672.0,218933.4,53.26,50.78
CSV,1470008,294000,100,99,0,50988,0,0.000000e+00,0.000000e+00,393715.1,53745721344.0,242737.6,53.45,51.35
BER: END_SEQ #100 [LOCK] seq_err=0 BER_seq=0.0000e+00 | lock=100 slip=0 BER_cond=0.0000e+00 BER_cum=0.0000e+00
BER: SYNC #101 (gated)
CSV,1475008,295000,101,100,0,51111,0,0.000000e+00,0.000000e+00,442746.4,54188580864.0,300077.4,52.57,50.88
CSV,1480008,296000,101,100,0,51310,0,0.000000e+00,0.000000e+00,407051.9,47446118400.0,232948.1,53.09,50.67
CSV,1485008,297000,101,100,0,51510,0,0.000000e+00,0.000000e+00,413919.8,53679800320.0,242176.2,53.46,51.13
BER: END_SEQ #101 [LOCK] seq_err=0 BER_seq=0.0000e+00 | lock=101 slip=0 BER_cond=0.0000e+00 BER_cum=0.0000e+00
BER: SYNC #102 (gated)
CSV,1490008,298000,102,101,0,51633,0,0.000000e+00,0.000000e+00,490601.1,54737268736.0,299089.3,52.62,50.48
CSV,1495008,299000,102,101,0,51833,0,0.000000e+00,0.000000e+00,383529.0,46173020160.0,231477.9,53.00,50.81
CSV,1500008,300000,102,101,0,52033,0,0.000000e+00,0.000000e+00,414979.1,53082836992.0,233972.7,53.56,51.07
BER: END_SEQ #102 [LOCK] seq_err=0 BER_seq=0.0000e+00 | lock=102 slip=0 BER_cond=0.0000e+00 BER_cum=0.0000e+00

=========================================
=== END OF TEST (duration=25 min) ===
=========================================
FINAL: syncs=102 lock=102 slip=0 slip_rate=0.0000
FINAL: bits_cum=52122 err_cum=0 BER_cum=0.0000e+00
FINAL: bits_lock=52122 err_lock=0 BER_cond=0.0000e+00
=========================================
=== STOP LOGGING NOW ===
=========================================
