

=== RX BOOT - BER TEST MODE ===
MOD=OOK (20 kHz carrier, adaptive threshold)
BPS_MODE=20 (HALF_SAMPLES=2000, 10000 samples/bit @ 200000 Hz)
Expect: 64-bit preamble + Barker13 (1F35h, gated by 8 preamble bits = 0x55) + 511-bit PRBS-9
Noise floor band: 5000 Hz; lock threshold: BER<0.10
Auto-stop: test will halt 25 min after the first sync.
RX: edge-tracking sync, center-3 voting
Starting decoder...

CSV,5011,500,0,0,0,0,0,0.000000e+00,0.000000e+00,299930.6,84173332480.0,229923.4,55.64,54.48
BER: SYNC #1 (gated)
CSV,10011,1000,1,0,0,81,0,0.000000e+00,0.000000e+00,251939.1,88787804160.0,189756.7,56.70,55.47
CSV,15011,1500,1,0,0,181,0,0.000000e+00,0.000000e+00,254679.2,70834192384.0,183353.3,55.87,54.44
CSV,20011,2000,1,0,0,282,0,0.000000e+00,0.000000e+00,265295.3,78727012352.0,194417.2,56.07,54.72
CSV,25011,2500,1,0,0,381,0,0.000000e+00,0.000000e+00,269732.7,99637780480.0,223576.8,56.49,55.67
CSV,30011,3000,1,0,0,481,0,0.000000e+00,0.000000e+00,261010.9,82991038464.0,220207.6,55.76,55.02
BER: END_SEQ #1 [LOCK] seq_err=0 BER_seq=0.0000e+00 | lock=1 slip=0 BER_cond=0.0000e+00 BER_cum=0.0000e+00
CSV,35011,3500,1,1,0,511,0,0.000000e+00,0.000000e+00,325568.6,93061931008.0,267944.9,55.41,54.56
BER: SYNC #2 (gated)
CSV,40011,4000,2,1,0,604,0,0.000000e+00,0.000000e+00,268986.8,87042850816.0,199601.5,56.40,55.10
CSV,45011,4500,2,1,0,704,0,0.000000e+00,0.000000e+00,233278.9,71071842304.0,191201.4,55.70,54.84
CSV,50011,5000,2,1,0,804,0,0.000000e+00,0.000000e+00,284872.8,88709824512.0,227403.1,55.91,54.93
CSV,55011,5500,2,1,0,904,0,0.000000e+00,0.000000e+00,307597.2,90054582272.0,231242.1,55.90,54.67
CSV,60011,6000,2,1,0,1004,0,0.000000e+00,0.000000e+00,273681.4,91314511872.0,219805.1,56.19,55.23
BER: END_SEQ #2 [LOCK] seq_err=0 BER_seq=0.0000e+00 | lock=2 slip=0 BER_cond=0.0000e+00 BER_cum=0.0000e+00
BER: SYNC #3 (gated)
CSV,65011,6500,3,2,0,1027,0,0.000000e+00,0.000000e+00,332106.3,97537810432.0,254169.5,55.84,54.68
CSV,70011,7000,3,2,0,1127,0,0.000000e+00,0.000000e+00,296012.4,93461594112.0,224180.8,56.20,54.99
CSV,75011,7500,3,2,0,1227,0,0.000000e+00,0.000000e+00,263542.6,66314780672.0,200341.3,55.20,54.01
CSV,80011,8000,3,2,0,1327,0,0.000000e+00,0.000000e+00,267838.1,90160488448.0,207351.4,56.38,55.27
CSV,85011,8500,3,2,0,1427,0,0.000000e+00,0.000000e+00,297855.2,94856290304.0,238143.9,56.00,55.03
CSV,90011,9000,3,2,0,1527,0,0.000000e+00,0.000000e+00,247626.7,90728333312.0,203677.2,56.49,55.64
BER: END_SEQ #3 [LOCK] seq_err=0 BER_seq=0.0000e+00 | lock=3 slip=0 BER_cond=0.0000e+00 BER_cum=0.0000e+00
BER: SYNC #4 (gated)
CSV,95011,9500,4,3,0,1550,0,0.000000e+00,0.000000e+00,359573.7,94775164928.0,266265.0,55.51,54.21
CSV,100011,10000,4,3,0,1650,0,0.000000e+00,0.000000e+00,248676.3,84960575488.0,204261.5,56.19,55.34
CSV,105011,10500,4,3,0,1750,0,0.000000e+00,0.000000e+00,268995.9,76732555264.0,226082.7,55.31,54.55
CSV,110011,11000,4,3,0,1850,0,0.000000e+00,0.000000e+00,287041.9,86893723648.0,221722.8,55.93,54.81
CSV,115011,11500,4,3,0,1949,0,0.000000e+00,0.000000e+00,285606.8,89370370048.0,220448.0,56.08,54.95
BER: END_SEQ #4 [LOCK] seq_err=0 BER_seq=0.0000e+00 | lock=4 slip=0 BER_cond=0.0000e+00 BER_cum=0.0000e+00
CSV,120011,12000,4,4,0,2044,0,0.000000e+00,0.000000e+00,284734.9,97251729408.0,219477.0,56.47,55.33
BER: SYNC #5 (gated)
CSV,125011,12500,5,4,0,2072,0,0.000000e+00,0.000000e+00,342593.2,94456569856.0,250377.0,55.77,54.40
CSV,130011,13000,5,4,0,2172,0,0.000000e+00,0.000000e+00,240406.2,76760752128.0,200249.4,55.84,55.04
CSV,135011,13500,5,4,0,2272,0,0.000000e+00,0.000000e+00,279116.2,83082264576.0,233722.7,55.51,54.74
CSV,140011,14000,5,4,0,2372,0,0.000000e+00,0.000000e+00,259442.1,89347448832.0,209884.8,56.29,55.37
CSV,145011,14500,5,4,0,2472,0,0.000000e+00,0.000000e+00,263080.9,90888921088.0,213442.2,56.29,55.38
BER: END_SEQ #5 [LOCK] seq_err=0 BER_seq=0.0000e+00 | lock=5 slip=0 BER_cond=0.0000e+00 BER_cum=0.0000e+00
CSV,150011,15000,5,5,0,2555,0,0.000000e+00,0.000000e+00,313680.7,95322226688.0,232719.2,56.12,54.83
BER: SYNC #6 (gated)
CSV,155011,15500,6,5,0,2595,0,0.000000e+00,0.000000e+00,323150.4,85997019136.0,264535.0,55.12,54.25
CSV,160011,16000,6,5,0,2695,0,0.000000e+00,0.000000e+00,261975.6,76869607424.0,181342.1,56.27,54.67
CSV,165011,16500,6,5,0,2795,0,0.000000e+00,0.000000e+00,270099.5,91171241984.0,207855.0,56.42,55.28
CSV,170011,17000,6,5,0,2895,0,0.000000e+00,0.000000e+00,255717.3,87271079936.0,209883.7,56.19,55.33
CSV,175011,17500,6,5,0,2995,0,0.000000e+00,0.000000e+00,282392.5,91416510464.0,231576.4,55.96,55.10
BER: END_SEQ #6 [LOCK] seq_err=0 BER_seq=0.0000e+00 | lock=6 slip=0 BER_cond=0.0000e+00 BER_cum=0.0000e+00
CSV,180011,18000,6,6,0,3066,0,0.000000e+00,0.000000e+00,272614.7,92614860800.0,199438.1,56.67,55.31
BER: SYNC #7 (gated)
CSV,185011,18500,7,6,0,3118,0,0.000000e+00,0.000000e+00,322630.4,93107838976.0,249226.5,55.72,54.60
CSV,190011,19000,7,6,0,3218,0,0.000000e+00,0.000000e+00,237529.9,74613121024.0,200013.8,55.72,54.97
CSV,195011,19500,7,6,0,3318,0,0.000000e+00,0.000000e+00,297119.0,91597561856.0,260480.4,55.46,54.89
CSV,200011,20000,7,6,0,3418,0,0.000000e+00,0.000000e+00,272564.2,90669129728.0,220565.0,56.14,55.22
CSV,205011,20500,7,6,0,3518,0,0.000000e+00,0.000000e+00,298649.9,88972673024.0,215292.5,56.16,54.74
BER: END_SEQ #7 [LOCK] seq_err=0 BER_seq=0.0000e+00 | lock=7 slip=0 BER_cond=0.0000e+00 BER_cum=0.0000e+00
CSV,210011,21000,7,7,0,3577,0,0.000000e+00,0.000000e+00,350248.3,94217666560.0,262729.2,55.55,54.30
BER: SYNC #8 (gated)
CSV,215011,21500,8,7,0,3641,0,0.000000e+00,0.000000e+00,312380.7,93104807936.0,209945.4,56.47,54.74
CSV,220011,22000,8,7,0,3740,0,0.000000e+00,0.000000e+00,249145.4,67059191808.0,205765.5,55.13,54.30
CSV,225011,22500,8,7,0,3840,0,0.000000e+00,0.000000e+00,267546.9,90305257472.0,213714.5,56.26,55.28
CSV,230011,23000,8,7,0,3940,0,0.000000e+00,0.000000e+00,295195.8,94839275520.0,214705.2,56.45,55.07
CSV,235011,23500,8,7,0,4040,0,0.000000e+00,0.000000e+00,264952.2,87796416512.0,219864.6,56.01,55.20
BER: END_SEQ #8 [LOCK] seq_err=0 BER_seq=0.0000e+00 | lock=8 slip=0 BER_cond=0.0000e+00 BER_cum=0.0000e+00
CSV,240011,24000,8,8,0,4088,0,0.000000e+00,0.000000e+00,312236.2,93248184320.0,233533.4,56.01,54.75
BER: SYNC #9 (gated)
CSV,245011,24500,9,8,0,4163,0,0.000000e+00,0.000000e+00,264521.1,95751979008.0,207653.4,56.64,55.59
CSV,250011,25000,9,8,0,4263,0,0.000000e+00,0.000000e+00,261814.0,71378886656.0,207813.2,55.36,54.36
CSV,255011,25500,9,8,0,4363,0,0.000000e+00,0.000000e+00,287995.5,83322093568.0,229854.8,55.59,54.61
CSV,260011,26000,9,8,0,4463,0,0.000000e+00,0.000000e+00,272592.2,99587710976.0,221432.5,56.53,55.63
CSV,265011,26500,9,8,0,4563,0,0.000000e+00,0.000000e+00,283735.5,85975613440.0,212205.5,56.08,54.81
BER: END_SEQ #9 [LOCK] seq_err=0 BER_seq=0.0000e+00 | lock=9 slip=0 BER_cond=0.0000e+00 BER_cum=0.0000e+00
CSV,270011,27000,9,9,0,4599,0,0.000000e+00,0.000000e+00,354303.5,95723732992.0,278941.0,55.36,54.32
BER: SYNC #10 (gated)
CSV,275011,27500,10,9,0,4686,0,0.000000e+00,0.000000e+00,281049.8,89919586304.0,207631.1,56.37,55.05
CSV,280011,28000,10,9,0,4786,0,0.000000e+00,0.000000e+00,239269.6,71683178496.0,198531.0,55.58,54.77
CSV,285011,28500,10,9,0,4886,0,0.000000e+00,0.000000e+00,270797.5,90360471552.0,211208.0,56.31,55.23
CSV,290011,29000,10,9,0,4986,0,0.000000e+00,0.000000e+00,285645.9,91193040896.0,210733.4,56.36,55.04
CSV,295011,29500,10,9,0,5086,0,0.000000e+00,0.000000e+00,291866.9,89079431168.0,216848.6,56.14,54.85
BER: END_SEQ #10 [LOCK] seq_err=0 BER_seq=0.0000e+00 | lock=10 slip=0 BER_cond=0.0000e+00 BER_cum=0.0000e+00
CSV,300011,30000,10,10,0,5110,0,0.000000e+00,0.000000e+00,351868.3,95055224832.0,245104.7,55.89,54.32
BER: SYNC #11 (gated)
CSV,305011,30500,11,10,0,5209,0,0.000000e+00,0.000000e+00,257883.8,89785884672.0,176416.5,57.07,55.42
CSV,310011,31000,11,10,0,5309,0,0.000000e+00,0.000000e+00,250534.8,69021827072.0,178108.8,55.88,54.40
CSV,315011,31500,11,10,0,5408,0,0.000000e+00,0.000000e+00,263996.0,86876512256.0,172032.4,57.03,55.17
CSV,320011,32000,11,10,0,5509,0,0.000000e+00,0.000000e+00,272600.1,92113928192.0,193272.7,56.78,55.29
CSV,325011,32500,11,10,0,5608,0,0.000000e+00,0.000000e+00,243423.8,92057493504.0,177216.7,57.16,55.78
BER: END_SEQ #11 [LOCK] seq_err=0 BER_seq=0.0000e+00 | lock=11 slip=0 BER_cond=0.0000e+00 BER_cum=0.0000e+00
BER: SYNC #12 (gated)
CSV,330011,33000,12,11,0,5631,0,0.000000e+00,0.000000e+00,356516.7,95920381952.0,251508.0,55.81,54.30
CSV,335011,33500,12,11,0,5731,0,0.000000e+00,0.000000e+00,248194.3,85721792512.0,193513.7,56.46,55.38
CSV,340011,34000,12,11,0,5831,0,0.000000e+00,0.000000e+00,238256.2,72666062848.0,178139.6,56.11,54.84
CSV,345011,34500,12,11,0,5931,0,0.000000e+00,0.000000e+00,269093.6,86540509184.0,180412.6,56.81,55.07
CSV,350011,35000,12,11,0,6031,0,0.000000e+00,0.000000e+00,282210.5,95968575488.0,189285.0,57.05,55.32
CSV,355011,35500,12,11,0,6131,0,0.000000e+00,0.000000e+00,254524.1,90982113280.0,168934.0,57.31,55.53
BER: END_SEQ #12 [LOCK] seq_err=0 BER_seq=0.0000e+00 | lock=12 slip=0 BER_cond=0.0000e+00 BER_cum=0.0000e+00
BER: SYNC #13 (gated)
CSV,360011,36000,13,12,0,6154,0,0.000000e+00,0.000000e+00,335126.2,89946529792.0,245441.7,55.64,54.29
CSV,365011,36500,13,12,0,6254,0,0.000000e+00,0.000000e+00,265102.0,81696169984.0,168911.5,56.85,54.89
CSV,370011,37000,13,12,0,6354,0,0.000000e+00,0.000000e+00,245718.7,77354418176.0,168764.0,56.61,54.98
CSV,375011,37500,13,12,0,6454,0,0.000000e+00,0.000000e+00,253111.6,87237746688.0,179624.4,56.86,55.37
CSV,380011,38000,13,12,0,6554,0,0.000000e+00,0.000000e+00,250014.5,89142214656.0,178112.0,56.99,55.52
BER: END_SEQ #13 [LOCK] seq_err=0 BER_seq=0.0000e+00 | lock=13 slip=0 BER_cond=0.0000e+00 BER_cum=0.0000e+00
CSV,385011,38500,13,13,0,6643,0,0.000000e+00,0.000000e+00,283394.7,95919276032.0,200330.2,56.80,55.30
BER: SYNC #14 (gated)
CSV,390011,39000,14,13,0,6677,0,0.000000e+00,0.000000e+00,323940.9,90873430016.0,239395.7,55.79,54.48
CSV,395011,39500,14,13,0,6777,0,0.000000e+00,0.000000e+00,252905.9,74770399232.0,201129.8,55.70,54.71
CSV,400011,40000,14,13,0,6877,0,0.000000e+00,0.000000e+00,257930.6,86321315840.0,195334.0,56.45,55.25
CSV,405011,40500,14,13,0,6977,0,0.000000e+00,0.000000e+00,258466.7,91082874880.0,182760.0,56.98,55.47
CSV,410011,41000,14,13,0,7077,0,0.000000e+00,0.000000e+00,266098.2,88193449984.0,184680.7,56.79,55.20
BER: END_SEQ #14 [LOCK] seq_err=0 BER_seq=0.0000e+00 | lock=14 slip=0 BER_cond=0.0000e+00 BER_cum=0.0000e+00
CSV,415011,41500,14,14,0,7154,0,0.000000e+00,0.000000e+00,254971.3,93176233984.0,201703.2,56.65,55.63
BER: SYNC #15 (gated)
CSV,420011,42000,15,14,0,7200,0,0.000000e+00,0.000000e+00,316042.9,88568340480.0,229429.5,55.87,54.48
CSV,425011,42500,15,14,0,7299,0,0.000000e+00,0.000000e+00,238589.6,74544570368.0,164554.8,56.56,54.95
CSV,430011,43000,15,14,0,7399,0,0.000000e+00,0.000000e+00,297045.4,95419473920.0,197886.3,56.83,55.07
CSV,435011,43500,15,14,0,7499,0,0.000000e+00,0.000000e+00,269246.3,90137141248.0,184354.8,56.89,55.25
CSV,440011,44000,15,14,0,7599,0,0.000000e+00,0.000000e+00,294933.2,92979347456.0,208891.3,56.48,54.99
BER: END_SEQ #15 [LOCK] seq_err=0 BER_seq=0.0000e+00 | lock=15 slip=0 BER_cond=0.0000e+00 BER_cum=0.0000e+00
CSV,445011,44500,15,15,0,7665,0,0.000000e+00,0.000000e+00,313352.8,93428989952.0,213665.6,56.41,54.74
BER: SYNC #16 (gated)
CSV,450011,45000,16,15,0,7722,0,0.000000e+00,0.000000e+00,290001.9,94811971584.0,188216.5,57.02,55.14
CSV,455011,45500,16,15,0,7822,0,0.000000e+00,0.000000e+00,262808.8,71799267328.0,173455.0,56.17,54.36
CSV,460011,46000,16,15,0,7922,0,0.000000e+00,0.000000e+00,272346.1,87085236224.0,166951.0,57.17,55.05
CSV,465011,46500,16,15,0,8022,0,0.000000e+00,0.000000e+00,277476.2,98227732480.0,203714.2,56.83,55.49
CSV,470011,47000,16,15,0,8122,0,0.000000e+00,0.000000e+00,258810.1,87931338752.0,195923.9,56.52,55.31
BER: END_SEQ #16 [LOCK] seq_err=0 BER_seq=0.0000e+00 | lock=16 slip=0 BER_cond=0.0000e+00 BER_cum=0.0000e+00
CSV,475011,47500,16,16,0,8176,0,0.000000e+00,0.000000e+00,303234.1,97246011392.0,213883.8,56.58,55.06
BER: SYNC #17 (gated)
CSV,480011,48000,17,16,0,8245,0,0.000000e+00,0.000000e+00,289905.3,94618861568.0,194402.2,56.87,55.14
CSV,485011,48500,17,16,0,8345,0,0.000000e+00,0.000000e+00,234600.3,70447128576.0,179440.1,55.94,54.78
CSV,490011,49000,17,16,0,8445,0,0.000000e+00,0.000000e+00,289599.0,87884562432.0,219226.4,56.03,54.82
CSV,495011,49500,17,16,0,8545,0,0.000000e+00,0.000000e+00,284509.2,96274964480.0,194025.8,56.96,55.29
CSV,500011,50000,17,16,0,8645,0,0.000000e+00,0.000000e+00,265129.8,84526456832.0,182570.8,56.66,55.04
BER: END_SEQ #17 [LOCK] seq_err=0 BER_seq=0.0000e+00 | lock=17 slip=0 BER_cond=0.0000e+00 BER_cum=0.0000e+00
CSV,505011,50500,17,17,0,8687,0,0.000000e+00,0.000000e+00,347805.5,98095718400.0,229709.7,56.30,54.50
BER: SYNC #18 (gated)
CSV,510011,51000,18,17,0,8767,0,0.000000e+00,0.000000e+00,294576.7,95080341504.0,185034.6,57.11,55.09
CSV,515011,51500,18,17,0,8868,0,0.000000e+00,0.000000e+00,250656.1,74684735488.0,178461.3,56.22,54.74
CSV,520011,52000,18,17,0,8967,0,0.000000e+00,0.000000e+00,256578.6,79778226176.0,178712.8,56.50,54.93
CSV,525011,52500,18,17,0,9068,0,0.000000e+00,0.000000e+00,289211.4,103128539136.0,207216.2,56.97,55.52
CSV,530011,53000,18,17,0,9167,0,0.000000e+00,0.000000e+00,255746.3,89333334016.0,177789.5,57.01,55.43
BER: END_SEQ #18 [LOCK] seq_err=0 BER_seq=0.0000e+00 | lock=18 slip=0 BER_cond=0.0000e+00 BER_cum=0.0000e+00
CSV,535011,53500,18,18,0,9198,0,0.000000e+00,0.000000e+00,343617.9,97288151040.0,227254.1,56.32,54.52
BER: SYNC #19 (gated)
CSV,540011,54000,19,18,0,9290,0,0.000000e+00,0.000000e+00,245127.5,86151462912.0,166334.9,57.14,55.46
CSV,545011,54500,19,18,0,9390,0,0.000000e+00,0.000000e+00,247631.4,72055382016.0,176247.5,56.12,54.64
CSV,550011,55000,19,18,0,9490,0,0.000000e+00,0.000000e+00,266683.2,91444494336.0,176965.4,57.13,55.35
CSV,555011,55500,19,18,0,9590,0,0.000000e+00,0.000000e+00,281569.2,91345305600.0,205100.5,56.49,55.11
CSV,560011,56000,19,18,0,9690,0,0.000000e+00,0.000000e+00,259100.6,89721438208.0,176284.7,57.07,55.39
BER: END_SEQ #19 [LOCK] seq_err=0 BER_seq=0.0000e+00 | lock=19 slip=0 BER_cond=0.0000e+00 BER_cum=0.0000e+00
BER: SYNC #20 (gated)
CSV,565011,56500,20,19,0,9713,0,0.000000e+00,0.000000e+00,349722.7,93707042816.0,245809.8,55.81,54.28
CSV,570011,57000,20,19,0,9813,0,0.000000e+00,0.000000e+00,297501.2,94922498048.0,184152.7,57.12,55.04
CSV,575011,57500,20,19,0,9913,0,0.000000e+00,0.000000e+00,233561.1,66606264320.0,174932.4,55.81,54.55
CSV,580011,58000,20,19,0,10013,0,0.000000e+00,0.000000e+00,266988.5,88706392064.0,178266.2,56.97,55.21
CSV,585011,58500,20,19,0,10113,0,0.000000e+00,0.000000e+00,292601.3,91225047040.0,191142.4,56.79,54.94
CSV,590011,59000,20,19,0,10213,0,0.000000e+00,0.000000e+00,274958.9,92205817856.0,169836.7,57.35,55.25
BER: END_SEQ #20 [LOCK] seq_err=0 BER_seq=0.0000e+00 | lock=20 slip=0 BER_cond=0.0000e+00 BER_cum=0.0000e+00
BER: SYNC #21 (gated)
CSV,595011,59500,21,20,0,10236,0,0.000000e+00,0.000000e+00,331450.4,97436065792.0,220562.0,56.45,54.68
CSV,600011,60000,21,20,0,10336,0,0.000000e+00,0.000000e+00,273943.2,81392631808.0,168468.5,56.84,54.73
CSV,605011,60500,21,20,0,10436,0,0.000000e+00,0.000000e+00,248824.1,75362254848.0,172262.3,56.41,54.81
CSV,610011,61000,21,20,0,10536,0,0.000000e+00,0.000000e+00,250816.2,86565912576.0,176569.4,56.90,55.38
CSV,615011,61500,21,20,0,10635,0,0.000000e+00,0.000000e+00,265794.5,91362377728.0,173262.5,57.22,55.36
BER: END_SEQ #21 [LOCK] seq_err=0 BER_seq=0.0000e+00 | lock=21 slip=0 BER_cond=0.0000e+00 BER_cum=0.0000e+00
CSV,620011,62000,21,21,0,10731,0,0.000000e+00,0.000000e+00,234045.1,94209056768.0,164888.7,57.57,56.05
BER: SYNC #22 (gated)
CSV,625011,62500,22,21,0,10758,0,0.000000e+00,0.000000e+00,340399.3,90942930944.0,241818.1,55.75,54.27
CSV,630011,63000,22,21,0,10858,0,0.000000e+00,0.000000e+00,234080.6,77581852672.0,169483.9,56.61,55.20
CSV,635011,63500,22,21,0,10958,0,0.000000e+00,0.000000e+00,260044.0,82110955520.0,188631.0,56.39,54.99
CSV,640011,64000,22,21,0,11058,0,0.000000e+00,0.000000e+00,259103.3,88860090368.0,168977.8,57.21,55.35
CSV,645011,64500,22,21,0,11158,0,0.000000e+00,0.000000e+00,267231.4,87860690944.0,190673.8,56.64,55.17
BER: END_SEQ #22 [LOCK] seq_err=0 BER_seq=0.0000e+00 | lock=22 slip=0 BER_cond=0.0000e+00 BER_cum=0.0000e+00
CSV,650011,65000,22,22,0,11242,0,0.000000e+00,0.000000e+00,299885.7,94861025280.0,194639.5,56.88,55.00
BER: SYNC #23 (gated)
CSV,655011,65500,23,22,0,11281,0,0.000000e+00,0.000000e+00,325383.1,88084922368.0,224042.6,55.95,54.33
CSV,660011,66000,23,22,0,11381,0,0.000000e+00,0.000000e+00,240150.1,75660148736.0,180962.5,56.21,54.98
CSV,665011,66500,23,22,0,11481,0,0.000000e+00,0.000000e+00,279748.6,88763195392.0,195803.9,56.56,55.01
CSV,670011,67000,23,22,0,11581,0,0.000000e+00,0.000000e+00,260193.2,87530749952.0,191479.6,56.60,55.27
CSV,675011,67500,23,22,0,11681,0,0.000000e+00,0.000000e+00,291133.8,92028698624.0,208611.5,56.45,55.00
BER: END_SEQ #23 [LOCK] seq_err=0 BER_seq=0.0000e+00 | lock=23 slip=0 BER_cond=0.0000e+00 BER_cum=0.0000e+00
CSV,680011,68000,23,23,0,11753,0,0.000000e+00,0.000000e+00,316776.3,91273592832.0,229251.7,56.00,54.60
BER: SYNC #24 (gated)
CSV,685011,68500,24,23,0,11804,0,0.000000e+00,0.000000e+00,303626.8,88653922304.0,245318.7,55.58,54.65
CSV,690011,69000,24,23,0,11904,0,0.000000e+00,0.000000e+00,238159.9,74293321728.0,180278.4,56.15,54.94
CSV,695011,69500,24,23,0,12004,0,0.000000e+00,0.000000e+00,300205.7,91942666240.0,226044.5,56.09,54.86
CSV,700011,70000,24,23,0,12104,0,0.000000e+00,0.000000e+00,249024.4,87168106496.0,187605.0,56.67,55.44
CSV,705011,70500,24,23,0,12204,0,0.000000e+00,0.000000e+00,269110.3,87136362496.0,198832.9,56.42,55.10
BER: END_SEQ #24 [LOCK] seq_err=0 BER_seq=0.0000e+00 | lock=24 slip=0 BER_cond=0.0000e+00 BER_cum=0.0000e+00
CSV,710011,71000,24,24,0,12264,0,0.000000e+00,0.000000e+00,295206.6,95374065664.0,214462.1,56.48,55.09
BER: SYNC #25 (gated)
CSV,715011,71500,25,24,0,12327,0,0.000000e+00,0.000000e+00,279849.8,92095832064.0,209209.8,56.44,55.17
CSV,720011,72000,25,24,0,12426,0,0.000000e+00,0.000000e+00,236895.2,67511214080.0,181960.9,55.69,54.55
CSV,725011,72500,25,24,0,12526,0,0.000000e+00,0.000000e+00,270836.2,85884985344.0,185241.5,56.66,55.01
CSV,730011,73000,25,24,0,12626,0,0.000000e+00,0.000000e+00,286715.4,95305097216.0,206216.2,56.65,55.22
CSV,735011,73500,25,24,0,12726,0,0.000000e+00,0.000000e+00,288395.4,88354480128.0,205693.5,56.33,54.86
BER: END_SEQ #25 [LOCK] seq_err=0 BER_seq=0.0000e+00 | lock=25 slip=0 BER_cond=0.0000e+00 BER_cum=0.0000e+00
CSV,740011,74000,25,25,0,12775,0,0.000000e+00,0.000000e+00,345596.1,92296413184.0,240987.3,55.83,54.27
BER: SYNC #26 (gated)
CSV,745011,74500,26,25,0,12849,0,0.000000e+00,0.000000e+00,285638.7,91398070272.0,202305.8,56.55,55.05
CSV,750011,75000,26,25,0,12949,0,0.000000e+00,0.000000e+00,271828.3,71822393344.0,182340.6,55.95,54.22
CSV,755011,75500,26,25,0,13049,0,0.000000e+00,0.000000e+00,259008.6,84857053184.0,213753.7,55.99,55.15
CSV,760011,76000,26,25,0,13149,0,0.000000e+00,0.000000e+00,289431.9,98204737536.0,196354.4,56.99,55.31
CSV,765011,76500,26,25,0,13249,0,0.000000e+00,0.000000e+00,261499.3,82682118144.0,197311.3,56.22,55.00
BER: END_SEQ #26 [LOCK] seq_err=0 BER_seq=0.0000e+00 | lock=26 slip=0 BER_cond=0.0000e+00 BER_cum=0.0000e+00
CSV,770011,77000,26,26,0,13286,0,0.000000e+00,0.000000e+00,364328.8,96008454144.0,275379.0,55.42,54.21
BER: SYNC #27 (gated)
CSV,775011,77500,27,26,0,13372,0,0.000000e+00,0.000000e+00,253589.8,91239301120.0,211881.8,56.34,55.56
CSV,780011,78000,27,26,0,13472,0,0.000000e+00,0.000000e+00,251810.7,72787959808.0,186522.6,55.91,54.61
CSV,785011,78500,27,26,0,13572,0,0.000000e+00,0.000000e+00,279949.3,85878243328.0,200801.0,56.31,54.87
CSV,790011,79000,27,26,0,13672,0,0.000000e+00,0.000000e+00,272638.9,92599099392.0,203247.6,56.59,55.31
CSV,795011,79500,27,26,0,13772,0,0.000000e+00,0.000000e+00,298913.4,90540212224.0,209940.9,56.35,54.81
BER: END_SEQ #27 [LOCK] seq_err=0 BER_seq=0.0000e+00 | lock=27 slip=0 BER_cond=0.0000e+00 BER_cum=0.0000e+00
CSV,800011,80000,27,27,0,13797,0,0.000000e+00,0.000000e+00,338361.3,93500129280.0,240813.1,55.89,54.41
BER: SYNC #28 (gated)
CSV,805011,80500,28,27,0,13895,0,0.000000e+00,0.000000e+00,261847.3,84508999680.0,187239.8,56.55,55.09
CSV,810011,81000,28,27,0,13995,0,0.000000e+00,0.000000e+00,233292.2,69273501696.0,175606.9,55.96,54.73
CSV,815011,81500,28,27,0,14094,0,0.000000e+00,0.000000e+00,268156.1,89955426304.0,195964.0,56.62,55.26
CSV,820011,82000,28,27,0,14195,0,0.000000e+00,0.000000e+00,272366.1,89874743296.0,193730.9,56.66,55.18
CSV,825011,82500,28,27,0,14295,0,0.000000e+00,0.000000e+00,263503.5,90954727424.0,200564.2,56.57,55.38
BER: END_SEQ #28 [LOCK] seq_err=0 BER_seq=0.0000e+00 | lock=28 slip=0 BER_cond=0.0000e+00 BER_cum=0.0000e+00
BER: SYNC #29 (gated)
CSV,830011,83000,29,28,0,14317,0,0.000000e+00,0.000000e+00,361046.7,94055038976.0,273176.3,55.37,54.16
CSV,835011,83500,29,28,0,14417,0,0.000000e+00,0.000000e+00,265789.1,88750186496.0,206281.8,56.34,55.24
CSV,840011,84000,29,28,0,14517,0,0.000000e+00,0.000000e+00,267965.1,72210571264.0,200875.3,55.56,54.31
CSV,845011,84500,29,28,0,14617,0,0.000000e+00,0.000000e+00,255422.0,83563610112.0,192666.7,56.37,55.15
CSV,850011,85000,29,28,0,14717,0,0.000000e+00,0.000000e+00,273910.3,94284128256.0,187675.5,57.01,55.37
CSV,855011,85500,29,28,0,14817,0,0.000000e+00,0.000000e+00,216903.5,92902916096.0,171731.2,57.33,56.32
BER: END_SEQ #29 [LOCK] seq_err=0 BER_seq=0.0000e+00 | lock=29 slip=0 BER_cond=0.0000e+00 BER_cum=0.0000e+00
BER: SYNC #30 (gated)
CSV,860011,86000,30,29,0,14840,0,0.000000e+00,0.000000e+00,353714.6,91099832320.0,258099.4,55.48,54.11
CSV,865011,86500,30,29,0,14940,0,0.000000e+00,0.000000e+00,248077.7,81564016640.0,185577.3,56.43,55.17
CSV,870011,87000,30,29,0,15040,0,0.000000e+00,0.000000e+00,262757.9,75741159424.0,166602.9,56.58,54.60
CSV,875011,87500,30,29,0,15140,0,0.000000e+00,0.000000e+00,274748.0,89790496768.0,184820.3,56.86,55.14
CSV,880011,88000,30,29,0,15240,0,0.000000e+00,0.000000e+00,241395.7,87881629696.0,180225.2,56.88,55.61
BER: END_SEQ #30 [LOCK] seq_err=0 BER_seq=0.0000e+00 | lock=30 slip=0 BER_cond=0.0000e+00 BER_cum=0.0000e+00
CSV,885011,88500,30,30,0,15330,0,0.000000e+00,0.000000e+00,301921.8,92822241280.0,212265.3,56.41,54.88
BER: SYNC #31 (gated)
CSV,890011,89000,31,30,0,15363,0,0.000000e+00,0.000000e+00,330364.5,88653914112.0,222494.2,56.00,54.29
CSV,895011,89500,31,30,0,15463,0,0.000000e+00,0.000000e+00,274453.0,76584476672.0,191954.6,56.01,54.46
CSV,900011,90000,31,30,0,15563,0,0.000000e+00,0.000000e+00,303417.6,86688022528.0,195015.6,56.48,54.56
CSV,905011,90500,31,30,0,15663,0,0.000000e+00,0.000000e+00,293648.3,86475948032.0,182984.1,56.74,54.69
CSV,910011,91000,31,30,0,15763,0,0.000000e+00,0.000000e+00,288953.0,86558810112.0,180380.0,56.81,54.76
BER: END_SEQ #31 [LOCK] seq_err=0 BER_seq=0.0000e+00 | lock=31 slip=0 BER_cond=0.0000e+00 BER_cum=0.0000e+00
CSV,915011,91500,31,31,0,15841,0,0.000000e+00,0.000000e+00,297580.1,95962234880.0,212126.6,56.56,55.08
BER: SYNC #32 (gated)
CSV,920011,92000,32,31,0,15886,0,0.000000e+00,0.000000e+00,322896.1,85398003712.0,215059.8,55.99,54.22
CSV,925011,92500,32,31,0,15986,0,0.000000e+00,0.000000e+00,262521.1,71882891264.0,164285.2,56.41,54.37
CSV,930011,93000,32,31,0,16085,0,0.000000e+00,0.000000e+00,299313.5,89150849024.0,182179.9,56.90,54.74
CSV,935011,93500,32,31,0,16185,0,0.000000e+00,0.000000e+00,466500.6,87992532992.0,188746.0,56.69,52.76
CSV,940011,94000,32,31,0,16285,0,0.000000e+00,0.000000e+00,1229400.2,89853329408.0,197349.2,56.58,48.64
BER: END_SEQ #32 [LOCK] seq_err=0 BER_seq=0.0000e+00 | lock=32 slip=0 BER_cond=0.0000e+00 BER_cum=0.0000e+00
CSV,945011,94500,32,32,0,16352,0,0.000000e+00,0.000000e+00,561404.4,88189444096.0,200168.9,56.44,51.96
BER: SYNC #33 (gated)
CSV,950011,95000,33,32,0,16408,0,0.000000e+00,0.000000e+00,1024861.7,88707219456.0,210859.9,56.24,49.37
CSV,955011,95500,33,32,0,16508,0,0.000000e+00,0.000000e+00,27318428.0,72662474752.0,186039.2,55.92,34.25
CSV,960011,96000,33,32,0,16608,0,0.000000e+00,0.000000e+00,1820092.9,85371166720.0,218465.5,55.92,46.71
CSV,965011,96500,33,32,0,16708,0,0.000000e+00,0.000000e+00,291074.3,93553491968.0,208924.0,56.51,55.07
CSV,970011,97000,33,32,0,16808,0,0.000000e+00,0.000000e+00,278050.5,82927681536.0,206668.6,56.03,54.75
BER: END_SEQ #33 [LOCK] seq_err=0 BER_seq=0.0000e+00 | lock=33 slip=0 BER_cond=0.0000e+00 BER_cum=0.0000e+00
CSV,975011,97500,33,33,0,16863,0,0.000000e+00,0.000000e+00,346878.2,97181065216.0,243046.5,56.02,54.47
BER: SYNC #34 (gated)
CSV,980011,98000,34,33,0,16931,0,0.000000e+00,0.000000e+00,302472.1,93095182336.0,198446.9,56.71,54.88
CSV,985011,98500,34,33,0,17031,0,0.000000e+00,0.000000e+00,252940.9,67459244032.0,191070.8,55.48,54.26
CSV,990011,99000,34,33,0,17131,0,0.000000e+00,0.000000e+00,257575.2,86422052864.0,188720.4,56.61,55.26
CSV,995011,99500,34,33,0,17231,0,0.000000e+00,0.000000e+00,303836.6,95350505472.0,202668.8,56.73,54.97
CSV,1000011,100000,34,33,0,17331,0,0.000000e+00,0.000000e+00,253212.1,83539410944.0,212435.2,55.95,55.18
BER: END_SEQ #34 [LOCK] seq_err=0 BER_seq=0.0000e+00 | lock=34 slip=0 BER_cond=0.0000e+00 BER_cum=0.0000e+00
CSV,1005011,100500,34,34,0,17374,0,0.000000e+00,0.000000e+00,322239.2,93147824128.0,231357.5,56.05,54.61
BER: SYNC #35 (gated)
CSV,1010011,101000,35,34,0,17454,0,0.000000e+00,0.000000e+00,262357.1,92836626432.0,209381.8,56.47,55.49
CSV,1015011,101500,35,34,0,17554,0,0.000000e+00,0.000000e+00,264402.3,73328934912.0,192150.7,55.82,54.43
CSV,1020011,102000,35,34,0,17654,0,0.000000e+00,0.000000e+00,266099.0,79523766272.0,208775.6,55.81,54.75
CSV,1025011,102500,35,34,0,17753,0,0.000000e+00,0.000000e+00,274635.1,96793829376.0,196877.2,56.92,55.47
CSV,1030011,103000,35,34,0,17854,0,0.000000e+00,0.000000e+00,259272.2,85343936512.0,192921.9,56.46,55.17
BER: END_SEQ #35 [LOCK] seq_err=0 BER_seq=0.0000e+00 | lock=35 slip=0 BER_cond=0.0000e+00 BER_cum=0.0000e+00
CSV,1035011,103500,35,35,0,17885,0,0.000000e+00,0.000000e+00,316138.9,97490198528.0,244750.9,56.00,54.89
BER: SYNC #36 (gated)
CSV,1040011,104000,36,35,0,17976,0,0.000000e+00,0.000000e+00,253791.0,84013604864.0,198583.0,56.26,55.20
CSV,1045011,104500,36,35,0,18076,0,0.000000e+00,0.000000e+00,244254.2,70079692800.0,176497.0,55.99,54.58
CSV,1050011,105000,36,35,0,18176,0,0.000000e+00,0.000000e+00,268752.7,87854907392.0,181897.6,56.84,55.14
CSV,1055011,105500,36,35,0,18276,0,0.000000e+00,0.000000e+00,275667.5,91883372544.0,198032.3,56.67,55.23
CSV,1060011,106000,36,35,0,18376,0,0.000000e+00,0.000000e+00,279508.5,88850882560.0,207882.2,56.31,55.02
BER: END_SEQ #36 [LOCK] seq_err=0 BER_seq=0.0000e+00 | lock=36 slip=0 BER_cond=0.0000e+00 BER_cum=0.0000e+00
BER: SYNC #37 (gated)
CSV,1065011,106500,37,36,0,18399,0,0.000000e+00,0.000000e+00,363520.2,93091225600.0,253792.8,55.64,54.08
CSV,1070011,107000,37,36,0,18499,0,0.000000e+00,0.000000e+00,274862.0,91047411712.0,200673.3,56.57,55.20
CSV,1075011,107500,37,36,0,18599,0,0.000000e+00,0.000000e+00,267809.7,69665128448.0,198557.1,55.45,54.15
CSV,1080011,108000,37,36,0,18699,0,0.000000e+00,0.000000e+00,259135.8,89680658432.0,197121.5,56.58,55.39
CSV,1085011,108500,37,36,0,18799,0,0.000000e+00,0.000000e+00,290137.6,89566257152.0,208771.7,56.32,54.90
CSV,1090011,109000,37,36,0,18899,0,0.000000e+00,0.000000e+00,233601.5,88424325120.0,204748.9,56.35,55.78
BER: END_SEQ #37 [LOCK] seq_err=0 BER_seq=0.0000e+00 | lock=37 slip=0 BER_cond=0.0000e+00 BER_cum=0.0000e+00
BER: SYNC #38 (gated)
CSV,1095011,109500,38,37,0,18922,0,0.000000e+00,0.000000e+00,335331.7,101877309440.0,243634.1,56.21,54.83
CSV,1100011,110000,38,37,0,19022,0,0.000000e+00,0.000000e+00,272795.2,82246737920.0,195942.8,56.23,54.79
CSV,1105011,110500,38,37,0,19122,0,0.000000e+00,0.000000e+00,245706.8,72449327104.0,166513.1,56.39,54.70
CSV,1110011,111000,38,37,0,19222,0,0.000000e+00,0.000000e+00,284056.4,85487009792.0,207780.2,56.14,54.78
CSV,1115011,111500,38,37,0,19322,0,0.000000e+00,0.000000e+00,259330.1,93247823872.0,192527.8,56.85,55.56
BER: END_SEQ #38 [LOCK] seq_err=0 BER_seq=0.0000e+00 | lock=38 slip=0 BER_cond=0.0000e+00 BER_cum=0.0000e+00
CSV,1120011,112000,38,38,0,19418,0,0.000000e+00,0.000000e+00,250899.3,94513315840.0,210485.4,56.52,55.76
BER: SYNC #39 (gated)
CSV,1125011,112500,39,38,0,19445,0,0.000000e+00,0.000000e+00,357711.8,89357475840.0,264542.8,55.29,53.98
CSV,1130011,113000,39,38,0,19544,0,0.000000e+00,0.000000e+00,249649.0,74803593216.0,204493.8,55.63,54.77
CSV,1135011,113500,39,38,0,19644,0,0.000000e+00,0.000000e+00,276753.1,81729568768.0,217372.4,55.75,54.70
CSV,1140011,114000,39,38,0,19744,0,0.000000e+00,0.000000e+00,269543.7,89676718080.0,204448.9,56.42,55.22
CSV,1145011,114500,39,38,0,19844,0,0.000000e+00,0.000000e+00,276469.2,88047509504.0,211117.1,56.20,55.03
BER: END_SEQ #39 [LOCK] seq_err=0 BER_seq=0.0000e+00 | lock=39 slip=0 BER_cond=0.0000e+00 BER_cum=0.0000e+00
CSV,1150011,115000,39,39,0,19929,0,0.000000e+00,0.000000e+00,311505.8,92794355712.0,209260.5,56.47,54.74
BER: SYNC #40 (gated)
CSV,1155011,115500,40,39,0,19967,0,0.000000e+00,0.000000e+00,315294.5,88619335680.0,210850.7,56.24,54.49
CSV,1160011,116000,40,39,0,20067,0,0.000000e+00,0.000000e+00,247050.5,74912456704.0,182528.8,56.13,54.82
CSV,1165011,116500,40,39,0,20167,0,0.000000e+00,0.000000e+00,282272.2,87272988672.0,194368.4,56.52,54.90
CSV,1170011,117000,40,39,0,20267,0,0.000000e+00,0.000000e+00,265526.6,83920035840.0,189436.9,56.46,55.00
CSV,1175011,117500,40,39,0,20367,0,0.000000e+00,0.000000e+00,287864.9,92402819072.0,228070.0,56.08,55.06
BER: END_SEQ #40 [LOCK] seq_err=0 BER_seq=0.0000e+00 | lock=40 slip=0 BER_cond=0.0000e+00 BER_cum=0.0000e+00
CSV,1180011,118000,40,40,0,20440,0,0.000000e+00,0.000000e+00,281214.1,91312791552.0,207544.8,56.43,55.11
BER: SYNC #41 (gated)
CSV,1185011,118500,41,40,0,20490,0,0.000000e+00,0.000000e+00,294874.8,87033438208.0,213579.7,56.10,54.70
CSV,1190011,119000,41,40,0,20590,0,0.000000e+00,0.000000e+00,246549.4,72626528256.0,183139.2,55.98,54.69
CSV,1195011,119500,41,40,0,20690,0,0.000000e+00,0.000000e+00,298962.9,91350540288.0,228863.6,56.01,54.85
CSV,1200011,120000,41,40,0,20790,0,0.000000e+00,0.000000e+00,249716.5,87338041344.0,177954.8,56.91,55.44
CSV,1205011,120500,41,40,0,20890,0,0.000000e+00,0.000000e+00,270196.7,87320297472.0,207305.6,56.25,55.09
BER: END_SEQ #41 [LOCK] seq_err=0 BER_seq=0.0000e+00 | lock=41 slip=0 BER_cond=0.0000e+00 BER_cum=0.0000e+00
CSV,1210011,121000,41,41,0,20951,0,0.000000e+00,0.000000e+00,298139.8,89712263168.0,221821.0,56.07,54.78
BER: SYNC #42 (gated)
CSV,1215011,121500,42,41,0,21013,0,0.000000e+00,0.000000e+00,297617.2,92589654016.0,218982.9,56.26,54.93
CSV,1220011,122000,42,41,0,21112,0,0.000000e+00,0.000000e+00,232785.6,70144188416.0,178239.8,55.95,54.79
CSV,1225011,122500,42,41,0,21212,0,0.000000e+00,0.000000e+00,261463.6,84609040384.0,179463.5,56.73,55.10
CSV,1230011,123000,42,41,0,21313,0,0.000000e+00,0.000000e+00,294802.6,92062220288.0,194185.2,56.76,54.95
CSV,1235011,123500,42,41,0,21412,0,0.000000e+00,0.000000e+00,288085.7,87229169664.0,216398.1,56.05,54.81
BER: END_SEQ #42 [LOCK] seq_err=0 BER_seq=0.0000e+00 | lock=42 slip=0 BER_cond=0.0000e+00 BER_cum=0.0000e+00
CSV,1240011,124000,42,42,0,21462,0,0.000000e+00,0.000000e+00,338655.8,94243954688.0,235952.5,56.01,54.44
BER: SYNC #43 (gated)
CSV,1245011,124500,43,42,0,21535,0,0.000000e+00,0.000000e+00,293076.4,91737890816.0,219336.8,56.21,54.96
CSV,1250011,125000,43,42,0,21635,0,0.000000e+00,0.000000e+00,263356.9,69900320768.0,193162.0,55.59,54.24
CSV,1255011,125500,43,42,0,21735,0,0.000000e+00,0.000000e+00,262028.0,84261511168.0,209679.4,56.04,55.07
CSV,1260011,126000,43,42,0,21835,0,0.000000e+00,0.000000e+00,290014.2,101061828608.0,207016.8,56.89,55.42
CSV,1265011,126500,43,42,0,21935,0,0.000000e+00,0.000000e+00,257211.5,82348523520.0,200723.3,56.13,55.05
BER: END_SEQ #43 [LOCK] seq_err=0 BER_seq=0.0000e+00 | lock=43 slip=0 BER_cond=0.0000e+00 BER_cum=0.0000e+00
CSV,1270011,127000,43,43,0,21973,0,0.000000e+00,0.000000e+00,334894.6,91911798784.0,250929.7,55.64,54.38
BER: SYNC #44 (gated)
CSV,1275011,127500,44,43,0,22058,0,0.000000e+00,0.000000e+00,238159.2,92014387200.0,213645.5,56.34,55.87
CSV,1280011,128000,44,43,0,22158,0,0.000000e+00,0.000000e+00,263672.1,75116617728.0,189216.0,55.99,54.55
CSV,1285011,128500,44,43,0,22258,0,0.000000e+00,0.000000e+00,285271.2,84004298752.0,191709.6,56.42,54.69
CSV,1290011,129000,44,43,0,22358,0,0.000000e+00,0.000000e+00,278549.2,91822202880.0,198508.8,56.65,55.18
CSV,1295011,129500,44,43,0,22458,0,0.000000e+00,0.000000e+00,282114.1,89728786432.0,215618.7,56.19,55.03
BER: END_SEQ #44 [LOCK] seq_err=0 BER_seq=0.0000e+00 | lock=44 slip=0 BER_cond=0.0000e+00 BER_cum=0.0000e+00
CSV,1300011,130000,44,44,0,22484,0,0.000000e+00,0.000000e+00,341058.0,96043343872.0,263259.4,55.62,54.50
BER: SYNC #45 (gated)
CSV,1305011,130500,45,44,0,22581,0,0.000000e+00,0.000000e+00,265377.3,86645628928.0,197051.0,56.43,55.14
CSV,1310011,131000,45,44,0,22681,0,0.000000e+00,0.000000e+00,238828.8,67344388096.0,196916.8,55.34,54.50
CSV,1315011,131500,45,44,0,22781,0,0.000000e+00,0.000000e+00,267770.2,90707599360.0,209412.6,56.37,55.30
CSV,1320011,132000,45,44,0,22881,0,0.000000e+00,0.000000e+00,285816.2,90021838848.0,216317.9,56.19,54.98
CSV,1325011,132500,45,44,0,22981,0,0.000000e+00,0.000000e+00,267411.4,90313129984.0,200784.4,56.53,55.29
BER: END_SEQ #45 [LOCK] seq_err=0 BER_seq=0.0000e+00 | lock=45 slip=0 BER_cond=0.0000e+00 BER_cum=0.0000e+00
BER: SYNC #46 (gated)
CSV,1330011,133000,46,45,0,23004,0,0.000000e+00,0.000000e+00,350056.1,91890622464.0,246878.3,55.71,54.19
CSV,1335011,133500,46,45,0,23103,0,0.000000e+00,0.000000e+00,281128.8,89020399616.0,192516.8,56.65,55.01
CSV,1340011,134000,46,45,0,23203,0,0.000000e+00,0.000000e+00,258951.1,72614428672.0,184218.8,55.96,54.48
CSV,1345011,134500,46,45,0,23303,0,0.000000e+00,0.000000e+00,268234.2,85164556288.0,206083.8,56.16,55.02
CSV,1350011,135000,46,45,0,23403,0,0.000000e+00,0.000000e+00,289881.9,91234557952.0,217483.1,56.23,54.98
CSV,1355011,135500,46,45,0,23503,0,0.000000e+00,0.000000e+00,229514.0,92756631552.0,175280.0,57.24,56.07
BER: END_SEQ #46 [LOCK] seq_err=0 BER_seq=0.0000e+00 | lock=46 slip=0 BER_cond=0.0000e+00 BER_cum=0.0000e+00
BER: SYNC #47 (gated)
CSV,1360011,136000,47,46,0,23526,0,0.000000e+00,0.000000e+00,344675.7,93811007488.0,246353.8,55.81,54.35
CSV,1365011,136500,47,46,0,23626,0,0.000000e+00,0.000000e+00,271984.0,81445429248.0,208994.9,55.91,54.76
CSV,1370011,137000,47,46,0,23726,0,0.000000e+00,0.000000e+00,243702.4,73371385856.0,182499.9,56.04,54.79
CSV,1375011,137500,47,46,0,23826,0,0.000000e+00,0.000000e+00,270236.3,90272964608.0,188907.0,56.79,55.24
CSV,1380011,138000,47,46,0,23926,0,0.000000e+00,0.000000e+00,268411.7,90315325440.0,178523.7,57.04,55.27
BER: END_SEQ #47 [LOCK] seq_err=0 BER_seq=0.0000e+00 | lock=47 slip=0 BER_cond=0.0000e+00 BER_cum=0.0000e+00
CSV,1385011,138500,47,47,0,24017,0,0.000000e+00,0.000000e+00,240937.1,92424192000.0,185885.0,56.97,55.84
BER: SYNC #48 (gated)
CSV,1390011,139000,48,47,0,24049,0,0.000000e+00,0.000000e+00,356028.7,87634903040.0,248457.5,55.47,53.91
CSV,1395011,139500,48,47,0,24149,0,0.000000e+00,0.000000e+00,232935.0,76039897088.0,162726.5,56.70,55.14
CSV,1400011,140000,48,47,0,24249,0,0.000000e+00,0.000000e+00,273311.2,88987967488.0,191682.8,56.67,55.13
CSV,1405011,140500,48,47,0,24349,0,0.000000e+00,0.000000e+00,269020.2,86909698048.0,164602.4,57.23,55.09
CSV,1410011,141000,48,47,0,24449,0,0.000000e+00,0.000000e+00,269988.2,82729213952.0,194655.1,56.28,54.86
BER: END_SEQ #48 [LOCK] seq_err=0 BER_seq=0.0000e+00 | lock=48 slip=0 BER_cond=0.0000e+00 BER_cum=0.0000e+00
CSV,1415011,141500,48,48,0,24528,0,0.000000e+00,0.000000e+00,297588.9,95821586432.0,198673.2,56.83,55.08
BER: SYNC #49 (gated)
CSV,1420011,142000,49,48,0,24572,0,0.000000e+00,0.000000e+00,312102.1,88858157056.0,218956.2,56.08,54.54
CSV,1425011,142500,49,48,0,24671,0,0.000000e+00,0.000000e+00,240493.9,72889647104.0,170317.0,56.31,54.82
CSV,1430011,143000,49,48,0,24771,0,0.000000e+00,0.000000e+00,289754.9,89567920128.0,200444.7,56.50,54.90
CSV,1435011,143500,49,48,0,24871,0,0.000000e+00,0.000000e+00,242705.9,86539280384.0,172835.2,57.00,55.52
CSV,1440011,144000,49,48,0,24971,0,0.000000e+00,0.000000e+00,282120.8,94227161088.0,193023.9,56.89,55.24
BER: END_SEQ #49 [LOCK] seq_err=0 BER_seq=0.0000e+00 | lock=49 slip=0 BER_cond=0.0000e+00 BER_cum=0.0000e+00
CSV,1445011,144500,49,49,0,25039,0,0.000000e+00,0.000000e+00,266002.8,88189419520.0,208772.5,56.26,55.21
BER: SYNC #50 (gated)
CSV,1450011,145000,50,49,0,25094,0,0.000000e+00,0.000000e+00,284935.8,86579306496.0,217708.2,56.00,54.83
CSV,1455011,145500,50,49,0,25194,0,0.000000e+00,0.000000e+00,246323.3,73185566720.0,176531.9,56.18,54.73
CSV,1460011,146000,50,49,0,25294,0,0.000000e+00,0.000000e+00,277379.2,89814081536.0,182049.5,56.93,55.10
CSV,1465011,146500,50,49,0,25394,0,0.000000e+00,0.000000e+00,261109.2,93946339328.0,188106.2,56.98,55.56
CSV,1470011,147000,50,49,0,25494,0,0.000000e+00,0.000000e+00,271391.1,82543206400.0,200878.0,56.14,54.83
BER: END_SEQ #50 [LOCK] seq_err=0 BER_seq=0.0000e+00 | lock=50 slip=0 BER_cond=0.0000e+00 BER_cum=0.0000e+00
CSV,1475011,147500,50,50,0,25550,0,0.000000e+00,0.000000e+00,318054.1,95656181760.0,226577.5,56.25,54.78
BER: SYNC #51 (gated)
CSV,1480011,148000,51,50,0,25617,0,0.000000e+00,0.000000e+00,287759.4,94434983936.0,191800.4,56.92,55.16
CSV,1485011,148500,51,50,0,25717,0,0.000000e+00,0.000000e+00,230169.4,68201558016.0,161151.6,56.27,54.72
CSV,1490011,149000,51,50,0,25817,0,0.000000e+00,0.000000e+00,256603.8,85470543872.0,198988.7,56.33,55.23
CSV,1495011,149500,51,50,0,25917,0,0.000000e+00,0.000000e+00,295338.6,95491850240.0,198373.8,56.82,55.10
CSV,1500011,150000,51,50,0,26017,0,0.000000e+00,0.000000e+00,265686.8,86827786240.0,184255.0,56.73,55.14
BER: END_SEQ #51 [LOCK] seq_err=0 BER_seq=0.0000e+00 | lock=51 slip=0 BER_cond=0.0000e+00 BER_cum=0.0000e+00
CSV,1505011,150500,51,51,0,26061,0,0.000000e+00,0.000000e+00,349892.2,95486541824.0,222111.3,56.33,54.36

=========================================
=== END OF TEST (duration=25 min) ===
=========================================
FINAL: syncs=51 lock=51 slip=0 slip_rate=0.0000
FINAL: bits_cum=26061 err_cum=0 BER_cum=0.0000e+00
FINAL: bits_lock=26061 err_lock=0 BER_cond=0.0000e+00
=========================================
=== STOP LOGGING NOW ===
=========================================
