

=== RX BOOT - BER TEST MODE ===
BPS_MODE=20 (HALF_SAMPLES=2000, 10000 samples/bit @ 200000 Hz)
Expect: 64-bit preamble + Barker13 (1F35h, gated by 8 preamble bits = 0x55) + 511-bit PRBS-9
Noise floor band: 5000 Hz; lock threshold: BER<0.10
Auto-stop: test will halt 25 min after the first sync.
RX: edge-tracking sync, center-3 voting
Starting decoder...

CSV,5010,500,0,0,0,0,0,0.000000e+00,0.000000e+00,141347553280.0,112703578112.0,1230467.6,50.60,0.98
BER: SYNC #1 (gated)
CSV,10010,1000,1,0,0,81,0,0.000000e+00,0.000000e+00,138896244736.0,124069183488.0,971525.8,51.55,0.49
CSV,15010,1500,1,0,0,181,0,0.000000e+00,0.000000e+00,168791736320.0,100271489024.0,913258.8,52.67,2.26
CSV,20010,2000,1,0,0,281,0,0.000000e+00,0.000000e+00,153806520320.0,106089512960.0,920600.6,52.23,1.61
CSV,25010,2500,1,0,0,381,0,0.000000e+00,0.000000e+00,122376699904.0,132514996224.0,856072.7,51.90,0.35
CSV,30010,3000,1,0,0,481,0,0.000000e+00,0.000000e+00,151816241152.0,116042555392.0,801264.7,52.78,1.17
BER: END_SEQ #1 [LOCK] seq_err=0 BER_seq=0.0000e+00 | lock=1 slip=0 BER_cond=0.0000e+00 BER_cum=0.0000e+00
CSV,35010,3500,1,1,0,511,0,0.000000e+00,0.000000e+00,127660539904.0,130430869504.0,1442296.1,49.56,0.09
BER: SYNC #2 (gated)
CSV,40010,4000,2,1,0,604,0,0.000000e+00,0.000000e+00,143440642048.0,116541022208.0,859994.0,52.22,0.90
CSV,45010,4500,2,1,0,704,0,0.000000e+00,0.000000e+00,173134692352.0,92153012224.0,903511.0,52.82,2.74
CSV,50010,5000,2,1,0,804,0,0.000000e+00,0.000000e+00,142725840896.0,119451615232.0,794854.2,52.54,0.77
CSV,55010,5500,2,1,0,904,0,0.000000e+00,0.000000e+00,138625204224.0,121754796032.0,911317.4,51.82,0.56
CSV,60010,6000,2,1,0,1004,0,0.000000e+00,0.000000e+00,137174073344.0,117931630592.0,718444.6,52.81,0.66
BER: END_SEQ #2 [LOCK] seq_err=0 BER_seq=0.0000e+00 | lock=2 slip=0 BER_cond=0.0000e+00 BER_cum=0.0000e+00
BER: SYNC #3 (gated)
CSV,65010,6500,3,2,0,1027,0,0.000000e+00,0.000000e+00,128036118528.0,122010664960.0,1482240.5,49.36,0.21
CSV,70010,7000,3,2,0,1127,0,0.000000e+00,0.000000e+00,136177254400.0,125304291328.0,784029.0,52.40,0.36
CSV,75010,7500,3,2,0,1227,0,0.000000e+00,0.000000e+00,179591036928.0,90313793536.0,868455.1,53.16,2.99
CSV,80010,8000,3,2,0,1327,0,0.000000e+00,0.000000e+00,137735782400.0,117788737536.0,885385.4,51.92,0.68
CSV,85010,8500,3,2,0,1427,0,0.000000e+00,0.000000e+00,133516722176.0,119760265216.0,849542.8,51.96,0.47
CSV,90010,9000,3,2,0,1527,0,0.000000e+00,0.000000e+00,140796379136.0,120349212672.0,715445.2,52.94,0.68
BER: END_SEQ #3 [LOCK] seq_err=0 BER_seq=0.0000e+00 | lock=3 slip=0 BER_cond=0.0000e+00 BER_cum=0.0000e+00
BER: SYNC #4 (gated)
CSV,95010,9500,4,3,0,1550,0,0.000000e+00,0.000000e+00,128010665984.0,129668104192.0,1442302.0,49.54,0.06
CSV,100010,10000,4,3,0,1649,0,0.000000e+00,0.000000e+00,146252447744.0,110236745728.0,876337.1,52.22,1.23
CSV,105010,10500,4,3,0,1749,0,0.000000e+00,0.000000e+00,164068016128.0,97353580544.0,885532.3,52.68,2.27
CSV,110010,11000,4,3,0,1849,0,0.000000e+00,0.000000e+00,147343589376.0,116478459904.0,902555.8,52.13,1.02
CSV,115010,11500,4,3,0,1949,0,0.000000e+00,0.000000e+00,141324517376.0,122360446976.0,896881.6,51.97,0.63
BER: END_SEQ #4 [LOCK] seq_err=0 BER_seq=0.0000e+00 | lock=4 slip=0 BER_cond=0.0000e+00 BER_cum=0.0000e+00
CSV,120010,12000,4,4,0,2044,0,0.000000e+00,0.000000e+00,126813372416.0,128067379200.0,920307.0,51.44,0.04
BER: SYNC #5 (gated)
CSV,125010,12500,5,4,0,2072,0,0.000000e+00,0.000000e+00,129192615936.0,117550587904.0,1475136.4,49.42,0.41
CSV,130010,13000,5,4,0,2172,0,0.000000e+00,0.000000e+00,163240017920.0,100587855872.0,795615.8,53.12,2.10
CSV,135010,13500,5,4,0,2272,0,0.000000e+00,0.000000e+00,150960062464.0,112395837440.0,883078.6,52.33,1.28
CSV,140010,14000,5,4,0,2372,0,0.000000e+00,0.000000e+00,138626760704.0,116467924992.0,709022.2,52.91,0.76
CSV,145010,14500,5,4,0,2472,0,0.000000e+00,0.000000e+00,138935238656.0,113996218368.0,839339.3,52.19,0.86
BER: END_SEQ #5 [LOCK] seq_err=0 BER_seq=0.0000e+00 | lock=5 slip=0 BER_cond=0.0000e+00 BER_cum=0.0000e+00
CSV,150010,15000,5,5,0,2555,0,0.000000e+00,0.000000e+00,132157308928.0,125314129920.0,980323.4,51.30,0.23
BER: SYNC #6 (gated)
CSV,155010,15500,6,5,0,2595,0,0.000000e+00,0.000000e+00,144351215616.0,118296993792.0,1259761.1,50.59,0.86
CSV,160010,16000,6,5,0,2695,0,0.000000e+00,0.000000e+00,159304302592.0,100266672128.0,818244.4,52.89,2.01
CSV,165010,16500,6,5,0,2795,0,0.000000e+00,0.000000e+00,138015817728.0,114939781120.0,854703.0,52.08,0.79
CSV,170010,17000,6,5,0,2895,0,0.000000e+00,0.000000e+00,146007375872.0,114985197568.0,760815.1,52.83,1.04
CSV,175010,17500,6,5,0,2995,0,0.000000e+00,0.000000e+00,138672193536.0,123392393216.0,911158.1,51.82,0.51
BER: END_SEQ #6 [LOCK] seq_err=0 BER_seq=0.0000e+00 | lock=6 slip=0 BER_cond=0.0000e+00 BER_cum=0.0000e+00
CSV,180010,18000,6,6,0,3066,0,0.000000e+00,0.000000e+00,133146599424.0,119040040960.0,979941.8,51.33,0.49
BER: SYNC #7 (gated)
CSV,185010,18500,7,6,0,3118,0,0.000000e+00,0.000000e+00,134625337344.0,115696214016.0,1105494.9,50.86,0.66
CSV,190010,19000,7,6,0,3218,0,0.000000e+00,0.000000e+00,168992784384.0,95711764480.0,778526.3,53.37,2.47
CSV,195010,19500,7,6,0,3318,0,0.000000e+00,0.000000e+00,138570547200.0,123668316160.0,886643.2,51.94,0.49
CSV,200010,20000,7,6,0,3418,0,0.000000e+00,0.000000e+00,138478616576.0,118842966016.0,824225.9,52.25,0.66
CSV,205010,20500,7,6,0,3517,0,0.000000e+00,0.000000e+00,142115520512.0,113486979072.0,897720.1,52.00,0.98
BER: END_SEQ #7 [LOCK] seq_err=0 BER_seq=0.0000e+00 | lock=7 slip=0 BER_cond=0.0000e+00 BER_cum=0.0000e+00
CSV,210010,21000,7,7,0,3577,0,0.000000e+00,0.000000e+00,132859338752.0,124583624704.0,1159851.4,50.59,0.28
BER: SYNC #8 (gated)
CSV,215010,21500,8,7,0,3640,0,0.000000e+00,0.000000e+00,136095514624.0,125304528896.0,1036052.7,51.18,0.36
CSV,220010,22000,8,7,0,3740,0,0.000000e+00,0.000000e+00,175699525632.0,87868170240.0,905324.2,52.88,3.01
CSV,225010,22500,8,7,0,3840,0,0.000000e+00,0.000000e+00,140406816768.0,114304294912.0,884694.2,52.01,0.89
CSV,230010,23000,8,7,0,3940,0,0.000000e+00,0.000000e+00,133428002816.0,124226355200.0,811512.9,52.16,0.31
CSV,235010,23500,8,7,0,4040,0,0.000000e+00,0.000000e+00,145356079104.0,119062306816.0,943576.3,51.88,0.87
BER: END_SEQ #8 [LOCK] seq_err=0 BER_seq=0.0000e+00 | lock=8 slip=0 BER_cond=0.0000e+00 BER_cum=0.0000e+00
CSV,240010,24000,8,8,0,4088,0,0.000000e+00,0.000000e+00,127949266944.0,122245152768.0,1304731.8,49.92,0.20
BER: SYNC #9 (gated)
CSV,245010,24500,9,8,0,4163,0,0.000000e+00,0.000000e+00,132529733632.0,120962629632.0,971364.1,51.35,0.40
CSV,250010,25000,9,8,0,4263,0,0.000000e+00,0.000000e+00,172465635328.0,93036945408.0,875721.9,52.94,2.68
CSV,255010,25500,9,8,0,4363,0,0.000000e+00,0.000000e+00,152966971392.0,113921581056.0,844769.5,52.58,1.28
CSV,260010,26000,9,8,0,4463,0,0.000000e+00,0.000000e+00,123095556096.0,130462138368.0,788762.1,52.19,0.25
CSV,265010,26500,9,8,0,4563,0,0.000000e+00,0.000000e+00,147378372608.0,108056256512.0,834701.6,52.47,1.35
BER: END_SEQ #9 [LOCK] seq_err=0 BER_seq=0.0000e+00 | lock=9 slip=0 BER_cond=0.0000e+00 BER_cum=0.0000e+00
CSV,270010,27000,9,9,0,4599,0,0.000000e+00,0.000000e+00,127655624704.0,124230688768.0,1415124.0,49.55,0.12
BER: SYNC #10 (gated)
CSV,275010,27500,10,9,0,4686,0,0.000000e+00,0.000000e+00,142291451904.0,121367093248.0,814899.6,52.42,0.69
CSV,280010,28000,10,9,0,4786,0,0.000000e+00,0.000000e+00,168382529536.0,94772813824.0,824638.1,53.10,2.50
CSV,285010,28500,10,9,0,4886,0,0.000000e+00,0.000000e+00,139437850624.0,114318573568.0,850165.8,52.15,0.86
CSV,290010,29000,10,9,0,4986,0,0.000000e+00,0.000000e+00,139123146752.0,119840194560.0,883939.6,51.97,0.65
CSV,295010,29500,10,9,0,5086,0,0.000000e+00,0.000000e+00,143125954560.0,123017576448.0,784904.6,52.61,0.66
BER: END_SEQ #10 [LOCK] seq_err=0 BER_seq=0.0000e+00 | lock=10 slip=0 BER_cond=0.0000e+00 BER_cum=0.0000e+00
CSV,300010,30000,10,10,0,5110,0,0.000000e+00,0.000000e+00,123848810496.0,126352637952.0,1420501.9,49.49,0.09
BER: SYNC #11 (gated)
CSV,305010,30500,11,10,0,5208,0,0.000000e+00,0.000000e+00,140313427968.0,114721914880.0,775152.1,52.58,0.87
CSV,310010,31000,11,10,0,5308,0,0.000000e+00,0.000000e+00,174450851840.0,90168229888.0,823666.8,53.26,2.87
CSV,315010,31500,11,10,0,5408,0,0.000000e+00,0.000000e+00,144618733568.0,120076009472.0,880439.4,52.16,0.81
CSV,320010,32000,11,10,0,5508,0,0.000000e+00,0.000000e+00,132629651456.0,122091872256.0,850157.3,51.93,0.36
CSV,325010,32500,11,10,0,5608,0,0.000000e+00,0.000000e+00,135633838080.0,117123678208.0,750369.7,52.57,0.64
BER: END_SEQ #11 [LOCK] seq_err=0 BER_seq=0.0000e+00 | lock=11 slip=0 BER_cond=0.0000e+00 BER_cum=0.0000e+00
BER: SYNC #12 (gated)
CSV,330010,33000,12,11,0,5631,0,0.000000e+00,0.000000e+00,126918754304.0,122039984128.0,1430566.4,49.48,0.17
CSV,335010,33500,12,11,0,5731,0,0.000000e+00,0.000000e+00,146579816448.0,116974657536.0,833953.1,52.45,0.98
CSV,340010,34000,12,11,0,5831,0,0.000000e+00,0.000000e+00,165688328192.0,98011414528.0,870132.3,52.80,2.28
CSV,345010,34500,12,11,0,5931,0,0.000000e+00,0.000000e+00,144183328768.0,112009748480.0,910731.8,52.00,1.10
CSV,350010,35000,12,11,0,6031,0,0.000000e+00,0.000000e+00,129436065792.0,125711581184.0,845503.5,51.85,0.13
CSV,355010,35500,12,11,0,6131,0,0.000000e+00,0.000000e+00,139590090752.0,124022956032.0,863806.4,52.08,0.51
BER: END_SEQ #12 [LOCK] seq_err=0 BER_seq=0.0000e+00 | lock=12 slip=0 BER_cond=0.0000e+00 BER_cum=0.0000e+00
BER: SYNC #13 (gated)
CSV,360010,36000,13,12,0,6154,0,0.000000e+00,0.000000e+00,130879881216.0,121998393344.0,1475720.1,49.48,0.31
CSV,365010,36500,13,12,0,6254,0,0.000000e+00,0.000000e+00,152025137152.0,104344764416.0,824717.2,52.66,1.63
CSV,370010,37000,13,12,0,6354,0,0.000000e+00,0.000000e+00,161502838784.0,99013689344.0,900098.5,52.54,2.12
CSV,375010,37500,13,12,0,6454,0,0.000000e+00,0.000000e+00,144598515712.0,118728843264.0,742977.6,52.89,0.86
CSV,380010,38000,13,12,0,6554,0,0.000000e+00,0.000000e+00,138574266368.0,119642923008.0,886352.4,51.94,0.64
BER: END_SEQ #13 [LOCK] seq_err=0 BER_seq=0.0000e+00 | lock=13 slip=0 BER_cond=0.0000e+00 BER_cum=0.0000e+00
CSV,385010,38500,13,13,0,6643,0,0.000000e+00,0.000000e+00,128409174016.0,125606912000.0,911481.9,51.49,0.10
BER: SYNC #14 (gated)
CSV,390010,39000,14,13,0,6677,0,0.000000e+00,0.000000e+00,135646158848.0,116493983744.0,1305124.4,50.17,0.66
CSV,395010,39500,14,13,0,6777,0,0.000000e+00,0.000000e+00,165791039488.0,102405816320.0,862565.6,52.84,2.09
CSV,400010,40000,14,13,0,6877,0,0.000000e+00,0.000000e+00,141622149120.0,116552368128.0,839886.9,52.27,0.85
CSV,405010,40500,14,13,0,6976,0,0.000000e+00,0.000000e+00,136531468288.0,116540481536.0,780317.4,52.43,0.69
CSV,410010,41000,14,13,0,7076,0,0.000000e+00,0.000000e+00,142866595840.0,112287735808.0,894538.9,52.03,1.05
BER: END_SEQ #14 [LOCK] seq_err=0 BER_seq=0.0000e+00 | lock=14 slip=0 BER_cond=0.0000e+00 BER_cum=0.0000e+00
CSV,415010,41500,14,14,0,7154,0,0.000000e+00,0.000000e+00,134507667456.0,125624492032.0,888818.9,51.80,0.30
BER: SYNC #15 (gated)
CSV,420010,42000,15,14,0,7199,0,0.000000e+00,0.000000e+00,138781949952.0,117044019200.0,1172823.5,50.73,0.74
CSV,425010,42500,15,14,0,7299,0,0.000000e+00,0.000000e+00,165252612096.0,93672701952.0,793073.7,53.19,2.47
CSV,430010,43000,15,14,0,7399,0,0.000000e+00,0.000000e+00,133996208128.0,117873704960.0,864222.9,51.90,0.56
CSV,435010,43500,15,14,0,7499,0,0.000000e+00,0.000000e+00,143855140864.0,117607874560.0,841653.8,52.33,0.87
CSV,440010,44000,15,14,0,7599,0,0.000000e+00,0.000000e+00,135334895616.0,119811358720.0,815471.8,52.20,0.53
BER: END_SEQ #15 [LOCK] seq_err=0 BER_seq=0.0000e+00 | lock=15 slip=0 BER_cond=0.0000e+00 BER_cum=0.0000e+00
CSV,445010,44500,15,15,0,7665,0,0.000000e+00,0.000000e+00,132803215360.0,115850559488.0,1032966.2,51.09,0.59
BER: SYNC #16 (gated)
CSV,450010,45000,16,15,0,7722,0,0.000000e+00,0.000000e+00,133274648576.0,116163469312.0,1118271.0,50.76,0.60
CSV,455010,45500,16,15,0,7822,0,0.000000e+00,0.000000e+00,172281937920.0,95887433728.0,949134.8,52.59,2.54
CSV,460010,46000,16,15,0,7922,0,0.000000e+00,0.000000e+00,144876060672.0,114272059392.0,864712.6,52.24,1.03
CSV,465010,46500,16,15,0,8022,0,0.000000e+00,0.000000e+00,126350442496.0,122596540416.0,799778.2,51.99,0.13
CSV,470010,47000,16,15,0,8122,0,0.000000e+00,0.000000e+00,146842320896.0,106976821248.0,938870.8,51.94,1.38
BER: END_SEQ #16 [LOCK] seq_err=0 BER_seq=0.0000e+00 | lock=16 slip=0 BER_cond=0.0000e+00 BER_cum=0.0000e+00
CSV,475010,47500,16,16,0,8176,0,0.000000e+00,0.000000e+00,128654999552.0,127776768000.0,1251527.9,50.12,0.03
BER: SYNC #17 (gated)
CSV,480010,48000,17,16,0,8245,0,0.000000e+00,0.000000e+00,132855562240.0,122696491008.0,969924.3,51.37,0.35
CSV,485010,48500,17,16,0,8345,0,0.000000e+00,0.000000e+00,170864148480.0,87936368640.0,809277.1,53.25,2.88
CSV,490010,49000,17,16,0,8445,0,0.000000e+00,0.000000e+00,144236101632.0,108671082496.0,877152.0,52.16,1.23
CSV,495010,49500,17,16,0,8545,0,0.000000e+00,0.000000e+00,130996944896.0,125847724032.0,782147.6,52.24,0.17
CSV,500010,50000,17,16,0,8645,0,0.000000e+00,0.000000e+00,147875659776.0,111057903616.0,848921.5,52.41,1.24
BER: END_SEQ #17 [LOCK] seq_err=0 BER_seq=0.0000e+00 | lock=17 slip=0 BER_cond=0.0000e+00 BER_cum=0.0000e+00
CSV,505010,50500,17,17,0,8687,0,0.000000e+00,0.000000e+00,120194146304.0,122165198848.0,1373339.8,49.49,0.07
BER: SYNC #18 (gated)
CSV,510010,51000,18,17,0,8767,0,0.000000e+00,0.000000e+00,132080967680.0,118402326528.0,816421.1,52.09,0.47
CSV,515010,51500,18,17,0,8867,0,0.000000e+00,0.000000e+00,167340163072.0,98082955264.0,831487.3,53.04,2.32
CSV,520010,52000,18,17,0,8967,0,0.000000e+00,0.000000e+00,156558016512.0,105642278912.0,903127.4,52.39,1.71
CSV,525010,52500,18,17,0,9067,0,0.000000e+00,0.000000e+00,117692686336.0,128084180992.0,827899.4,51.90,0.37
CSV,530010,53000,18,17,0,9167,0,0.000000e+00,0.000000e+00,142921646080.0,108981788672.0,781876.3,52.62,1.18
BER: END_SEQ #18 [LOCK] seq_err=0 BER_seq=0.0000e+00 | lock=18 slip=0 BER_cond=0.0000e+00 BER_cum=0.0000e+00
CSV,535010,53500,18,18,0,9198,0,0.000000e+00,0.000000e+00,125749714944.0,126349926400.0,1351536.0,49.71,0.02
BER: SYNC #19 (gated)
CSV,540010,54000,19,18,0,9290,0,0.000000e+00,0.000000e+00,145975623680.0,112212082688.0,774063.6,52.76,1.14
CSV,545010,54500,19,18,0,9390,0,0.000000e+00,0.000000e+00,166085328896.0,90790535168.0,838446.6,52.97,2.62
CSV,550010,55000,19,18,0,9490,0,0.000000e+00,0.000000e+00,137684090880.0,113099849728.0,847605.7,52.11,0.85
CSV,555010,55500,19,18,0,9590,0,0.000000e+00,0.000000e+00,137458466816.0,119053221888.0,856465.8,52.05,0.62
CSV,560010,56000,19,18,0,9690,0,0.000000e+00,0.000000e+00,139319869440.0,118032465920.0,779946.6,52.52,0.72
BER: END_SEQ #19 [LOCK] seq_err=0 BER_seq=0.0000e+00 | lock=19 slip=0 BER_cond=0.0000e+00 BER_cum=0.0000e+00
BER: SYNC #20 (gated)
CSV,565010,56500,20,19,0,9713,0,0.000000e+00,0.000000e+00,124029796352.0,119003971584.0,1438630.0,49.36,0.18
CSV,570010,57000,20,19,0,9813,0,0.000000e+00,0.000000e+00,131152052224.0,117663342592.0,755525.8,52.40,0.47
CSV,575010,57500,20,19,0,9913,0,0.000000e+00,0.000000e+00,177416732672.0,88101191680.0,902756.8,52.93,3.04
CSV,580010,58000,20,19,0,10013,0,0.000000e+00,0.000000e+00,139402690560.0,117810233344.0,863519.8,52.08,0.73
CSV,585010,58500,20,19,0,10113,0,0.000000e+00,0.000000e+00,131387981824.0,116834582528.0,904463.7,51.62,0.51
CSV,590010,59000,20,19,0,10213,0,0.000000e+00,0.000000e+00,135431954432.0,115025682432.0,841130.8,52.07,0.71
BER: END_SEQ #20 [LOCK] seq_err=0 BER_seq=0.0000e+00 | lock=20 slip=0 BER_cond=0.0000e+00 BER_cum=0.0000e+00
BER: SYNC #21 (gated)
CSV,595010,59500,21,20,0,10236,0,0.000000e+00,0.000000e+00,121037963264.0,127459303424.0,1411872.8,49.56,0.22
CSV,600010,60000,21,20,0,10336,0,0.000000e+00,0.000000e+00,150705864704.0,109022306304.0,814451.9,52.67,1.41
CSV,605010,60500,21,20,0,10435,0,0.000000e+00,0.000000e+00,158885494784.0,96670171136.0,887713.7,52.53,2.16
CSV,610010,61000,21,20,0,10535,0,0.000000e+00,0.000000e+00,143658303488.0,109222699008.0,778504.9,52.66,1.19
CSV,615010,61500,21,20,0,10635,0,0.000000e+00,0.000000e+00,135235436544.0,121082585088.0,819257.7,52.18,0.48
BER: END_SEQ #21 [LOCK] seq_err=0 BER_seq=0.0000e+00 | lock=21 slip=0 BER_cond=0.0000e+00 BER_cum=0.0000e+00
CSV,620010,62000,21,21,0,10731,0,0.000000e+00,0.000000e+00,131204669440.0,127155896320.0,827412.5,52.00,0.14
BER: SYNC #22 (gated)
CSV,625010,62500,22,21,0,10758,0,0.000000e+00,0.000000e+00,126864121856.0,118477676544.0,1365961.6,49.68,0.30
CSV,630010,63000,22,21,0,10858,0,0.000000e+00,0.000000e+00,158701191168.0,96952008704.0,844011.7,52.74,2.14
CSV,635010,63500,22,21,0,10958,0,0.000000e+00,0.000000e+00,150400385024.0,107592990720.0,868054.4,52.39,1.45
CSV,640010,64000,22,21,0,11058,0,0.000000e+00,0.000000e+00,140258426880.0,119950409728.0,773922.4,52.58,0.68
CSV,645010,64500,22,21,0,11158,0,0.000000e+00,0.000000e+00,136899633152.0,114767749120.0,902904.1,51.81,0.77
BER: END_SEQ #22 [LOCK] seq_err=0 BER_seq=0.0000e+00 | lock=22 slip=0 BER_cond=0.0000e+00 BER_cum=0.0000e+00
CSV,650010,65000,22,22,0,11242,0,0.000000e+00,0.000000e+00,128330096640.0,119647395840.0,869489.8,51.69,0.30
BER: SYNC #23 (gated)
CSV,655010,65500,23,22,0,11281,0,0.000000e+00,0.000000e+00,138111500288.0,113284972544.0,1354198.5,50.09,0.86
CSV,660010,66000,23,22,0,11381,0,0.000000e+00,0.000000e+00,162519056384.0,101608136704.0,789101.7,53.14,2.04
CSV,665010,66500,23,22,0,11481,0,0.000000e+00,0.000000e+00,136042954752.0,114677334016.0,853287.4,52.03,0.74
CSV,670010,67000,23,22,0,11581,0,0.000000e+00,0.000000e+00,142628061184.0,108922470400.0,891268.1,52.04,1.17
CSV,675010,67500,23,22,0,11681,0,0.000000e+00,0.000000e+00,133569945600.0,118806061056.0,922011.2,51.61,0.51
BER: END_SEQ #23 [LOCK] seq_err=0 BER_seq=0.0000e+00 | lock=23 slip=0 BER_cond=0.0000e+00 BER_cum=0.0000e+00
CSV,680010,68000,23,23,0,11753,0,0.000000e+00,0.000000e+00,133684715520.0,122527219712.0,1062811.4,51.00,0.38
BER: SYNC #24 (gated)
CSV,685010,68500,24,23,0,11804,0,0.000000e+00,0.000000e+00,134207365120.0,115530915840.0,1254846.0,50.29,0.65
CSV,690010,69000,24,23,0,11904,0,0.000000e+00,0.000000e+00,165112299520.0,92904587264.0,775105.8,53.28,2.50
CSV,695010,69500,24,23,0,12004,0,0.000000e+00,0.000000e+00,133627191296.0,119805788160.0,956524.3,51.45,0.47
CSV,700010,70000,24,23,0,12104,0,0.000000e+00,0.000000e+00,143247982592.0,117631893504.0,768441.9,52.70,0.86
CSV,705010,70500,24,23,0,12204,0,0.000000e+00,0.000000e+00,138224304128.0,113644322816.0,935368.0,51.70,0.85
BER: END_SEQ #24 [LOCK] seq_err=0 BER_seq=0.0000e+00 | lock=24 slip=0 BER_cond=0.0000e+00 BER_cum=0.0000e+00
CSV,710010,71000,24,24,0,12264,0,0.000000e+00,0.000000e+00,127367987200.0,118442246144.0,1262428.8,50.04,0.32
BER: SYNC #25 (gated)
CSV,715010,71500,25,24,0,12326,0,0.000000e+00,0.000000e+00,132884414464.0,118110019584.0,1146435.6,50.64,0.51
CSV,720010,72000,25,24,0,12426,0,0.000000e+00,0.000000e+00,175095545856.0,92273074176.0,950032.8,52.66,2.78
CSV,725010,72500,25,24,0,12526,0,0.000000e+00,0.000000e+00,141878853632.0,111564914688.0,918320.4,51.89,1.04
CSV,730010,73000,25,24,0,12626,0,0.000000e+00,0.000000e+00,128120725504.0,119454851072.0,825675.6,51.91,0.30
CSV,735010,73500,25,24,0,12726,0,0.000000e+00,0.000000e+00,139849957376.0,113029111808.0,819048.5,52.32,0.92
BER: END_SEQ #25 [LOCK] seq_err=0 BER_seq=0.0000e+00 | lock=25 slip=0 BER_cond=0.0000e+00 BER_cum=0.0000e+00
CSV,740010,74000,25,25,0,12775,0,0.000000e+00,0.000000e+00,129953710080.0,125363134464.0,1315192.6,49.95,0.16
BER: SYNC #26 (gated)
CSV,745010,74500,26,25,0,12849,0,0.000000e+00,0.000000e+00,131476881408.0,119645028352.0,810963.1,52.10,0.41
CSV,750010,75000,26,25,0,12949,0,0.000000e+00,0.000000e+00,166382157824.0,89110077440.0,877286.6,52.78,2.71
CSV,755010,75500,26,25,0,13049,0,0.000000e+00,0.000000e+00,146526175232.0,107974369280.0,796459.3,52.65,1.33
CSV,760010,76000,26,25,0,13149,0,0.000000e+00,0.000000e+00,125059923968.0,130642378752.0,857918.1,51.83,0.19
CSV,765010,76500,26,25,0,13249,0,0.000000e+00,0.000000e+00,144215162880.0,106590765056.0,809493.4,52.51,1.31
BER: END_SEQ #26 [LOCK] seq_err=0 BER_seq=0.0000e+00 | lock=26 slip=0 BER_cond=0.0000e+00 BER_cum=0.0000e+00
CSV,770010,77000,26,26,0,13286,0,0.000000e+00,0.000000e+00,122264371200.0,115079471104.0,1328049.5,49.64,0.26
BER: SYNC #27 (gated)
CSV,775010,77500,27,26,0,13372,0,0.000000e+00,0.000000e+00,133647261696.0,111091113984.0,856243.8,51.93,0.80
CSV,780010,78000,27,26,0,13472,0,0.000000e+00,0.000000e+00,160819298304.0,90837598208.0,873013.8,52.65,2.48
CSV,785010,78500,27,26,0,13572,0,0.000000e+00,0.000000e+00,140003082240.0,108980224000.0,825605.9,52.29,1.09
CSV,790010,79000,27,26,0,13672,0,0.000000e+00,0.000000e+00,131595632640.0,117187174400.0,886163.9,51.72,0.50
CSV,795010,79500,27,26,0,13772,0,0.000000e+00,0.000000e+00,136092524544.0,116822876160.0,903122.0,51.78,0.66
BER: END_SEQ #27 [LOCK] seq_err=0 BER_seq=0.0000e+00 | lock=27 slip=0 BER_cond=0.0000e+00 BER_cum=0.0000e+00
CSV,800010,80000,27,27,0,13797,0,0.000000e+00,0.000000e+00,128306495488.0,128869367808.0,1387782.1,49.68,0.02
BER: SYNC #28 (gated)
CSV,805010,80500,28,27,0,13895,0,0.000000e+00,0.000000e+00,142692990976.0,112740335616.0,806349.4,52.48,1.02
CSV,810010,81000,28,27,0,13994,0,0.000000e+00,0.000000e+00,169834119168.0,87264018432.0,821767.6,53.15,2.89
CSV,815010,81500,28,27,0,14094,0,0.000000e+00,0.000000e+00,136149598208.0,116871872512.0,910135.0,51.75,0.66
CSV,820010,82000,28,27,0,14194,0,0.000000e+00,0.000000e+00,137857597440.0,121484746752.0,896803.4,51.87,0.55
CSV,825010,82500,28,27,0,14294,0,0.000000e+00,0.000000e+00,134776709120.0,119539163136.0,882159.6,51.84,0.52
BER: END_SEQ #28 [LOCK] seq_err=0 BER_seq=0.0000e+00 | lock=28 slip=0 BER_cond=0.0000e+00 BER_cum=0.0000e+00
BER: SYNC #29 (gated)
CSV,830010,83000,29,28,0,14317,0,0.000000e+00,0.000000e+00,124452823040.0,117983666176.0,1398767.2,49.49,0.23
CSV,835010,83500,29,28,0,14417,0,0.000000e+00,0.000000e+00,139028021248.0,114307923968.0,975490.0,51.54,0.85
CSV,840010,84000,29,28,0,14517,0,0.000000e+00,0.000000e+00,168391753728.0,98181398528.0,845797.9,52.99,2.34
CSV,845010,84500,29,28,0,14617,0,0.000000e+00,0.000000e+00,144719233024.0,111593283584.0,836447.9,52.38,1.13
CSV,850010,85000,29,28,0,14717,0,0.000000e+00,0.000000e+00,126522351616.0,120041807872.0,862347.9,51.66,0.23
CSV,855010,85500,29,28,0,14817,0,0.000000e+00,0.000000e+00,133560115200.0,119177519104.0,716697.9,52.70,0.49
BER: END_SEQ #29 [LOCK] seq_err=0 BER_seq=0.0000e+00 | lock=29 slip=0 BER_cond=0.0000e+00 BER_cum=0.0000e+00
BER: SYNC #30 (gated)
CSV,860010,86000,30,29,0,14840,0,0.000000e+00,0.000000e+00,132699365376.0,123020910592.0,1441701.1,49.64,0.33
CSV,865010,86500,30,29,0,14940,0,0.000000e+00,0.000000e+00,149755133952.0,106827997184.0,871101.3,52.35,1.47
CSV,870010,87000,30,29,0,15040,0,0.000000e+00,0.000000e+00,160151715840.0,94972002304.0,826131.9,52.87,2.27
CSV,875010,87500,30,29,0,15140,0,0.000000e+00,0.000000e+00,136560320512.0,115743186944.0,846046.0,52.08,0.72
CSV,880010,88000,30,29,0,15240,0,0.000000e+00,0.000000e+00,140405489664.0,119931199488.0,814915.1,52.36,0.68
BER: END_SEQ #30 [LOCK] seq_err=0 BER_seq=0.0000e+00 | lock=30 slip=0 BER_cond=0.0000e+00 BER_cum=0.0000e+00
CSV,885010,88500,30,30,0,15330,0,0.000000e+00,0.000000e+00,129075052544.0,124803899392.0,860847.9,51.76,0.15
BER: SYNC #31 (gated)
CSV,890010,89000,31,30,0,15363,0,0.000000e+00,0.000000e+00,132318486528.0,113869742080.0,1327232.9,49.99,0.65
CSV,895010,89500,31,30,0,15463,0,0.000000e+00,0.000000e+00,160055230464.0,98017927168.0,790356.9,53.06,2.13
CSV,900010,90000,31,30,0,15563,0,0.000000e+00,0.000000e+00,143316746240.0,117721391104.0,851191.3,52.26,0.85
CSV,905010,90500,31,30,0,15663,0,0.000000e+00,0.000000e+00,141882818560.0,116675526656.0,866732.2,52.14,0.85
CSV,910010,91000,31,30,0,15762,0,0.000000e+00,0.000000e+00,141431177216.0,111247564800.0,915355.2,51.89,1.04
BER: END_SEQ #31 [LOCK] seq_err=0 BER_seq=0.0000e+00 | lock=31 slip=0 BER_cond=0.0000e+00 BER_cum=0.0000e+00
CSV,915010,91500,31,31,0,15841,0,0.000000e+00,0.000000e+00,126771363840.0,122918191104.0,930969.7,51.34,0.13
BER: SYNC #32 (gated)
CSV,920010,92000,32,31,0,15885,0,0.000000e+00,0.000000e+00,141618888704.0,116090232832.0,1203487.6,50.71,0.86
CSV,925010,92500,32,31,0,15985,0,0.000000e+00,0.000000e+00,166091096064.0,97697128448.0,774704.2,53.31,2.30
CSV,930010,93000,32,31,0,16085,0,0.000000e+00,0.000000e+00,134277996544.0,116385243136.0,975005.2,51.39,0.62
CSV,935010,93500,32,31,0,16185,0,0.000000e+00,0.000000e+00,140796084224.0,113965998080.0,848313.2,52.20,0.92
CSV,940010,94000,32,31,0,16285,0,0.000000e+00,0.000000e+00,136261214208.0,123326513152.0,936388.4,51.63,0.43
BER: END_SEQ #32 [LOCK] seq_err=0 BER_seq=0.0000e+00 | lock=32 slip=0 BER_cond=0.0000e+00 BER_cum=0.0000e+00
CSV,945010,94500,32,32,0,16352,0,0.000000e+00,0.000000e+00,136260034560.0,119020855296.0,1218026.6,50.49,0.59
BER: SYNC #33 (gated)
CSV,950010,95000,33,32,0,16408,0,0.000000e+00,0.000000e+00,134160752640.0,114894659584.0,1145616.5,50.69,0.67
CSV,955010,95500,33,32,0,16508,0,0.000000e+00,0.000000e+00,165630214144.0,92864733184.0,910734.2,52.60,2.51
CSV,960010,96000,33,32,0,16608,0,0.000000e+00,0.000000e+00,143369109504.0,115148169216.0,932665.5,51.87,0.95
CSV,965010,96500,33,32,0,16708,0,0.000000e+00,0.000000e+00,129580204032.0,125178183680.0,830765.8,51.93,0.15
CSV,970010,97000,33,32,0,16808,0,0.000000e+00,0.000000e+00,146441224192.0,105743540224.0,811276.4,52.56,1.41
BER: END_SEQ #33 [LOCK] seq_err=0 BER_seq=0.0000e+00 | lock=33 slip=0 BER_cond=0.0000e+00 BER_cum=0.0000e+00
CSV,975010,97500,33,33,0,16863,0,0.000000e+00,0.000000e+00,123705516032.0,121687203840.0,1221452.4,50.06,0.07
BER: SYNC #34 (gated)
CSV,980010,98000,34,33,0,16931,0,0.000000e+00,0.000000e+00,132533936128.0,121814482944.0,909865.1,51.63,0.37
CSV,985010,98500,34,33,0,17031,0,0.000000e+00,0.000000e+00,174007664640.0,89956909056.0,882137.8,52.95,2.87
CSV,990010,99000,34,33,0,17131,0,0.000000e+00,0.000000e+00,140871876608.0,109786161152.0,817558.8,52.36,1.08
CSV,995010,99500,34,33,0,17231,0,0.000000e+00,0.000000e+00,128863879168.0,119824785408.0,897703.3,51.57,0.32
CSV,1000010,100000,34,33,0,17331,0,0.000000e+00,0.000000e+00,148027293696.0,111107260416.0,766039.6,52.86,1.25
BER: END_SEQ #34 [LOCK] seq_err=0 BER_seq=0.0000e+00 | lock=34 slip=0 BER_cond=0.0000e+00 BER_cum=0.0000e+00
CSV,1005010,100500,34,34,0,17374,0,0.000000e+00,0.000000e+00,125245136896.0,126306418688.0,1265008.4,49.99,0.04
BER: SYNC #35 (gated)
CSV,1010010,101000,35,34,0,17453,0,0.000000e+00,0.000000e+00,129249345536.0,119797809152.0,935591.3,51.40,0.33
CSV,1015010,101500,35,34,0,17553,0,0.000000e+00,0.000000e+00,164587094016.0,91728134144.0,853260.5,52.85,2.54
CSV,1020010,102000,35,34,0,17653,0,0.000000e+00,0.000000e+00,152810962944.0,106043629568.0,816671.9,52.72,1.59
CSV,1025010,102500,35,34,0,17753,0,0.000000e+00,0.000000e+00,122861592576.0,129619386368.0,910549.7,51.53,0.23
CSV,1030010,103000,35,34,0,17853,0,0.000000e+00,0.000000e+00,141249921024.0,109201514496.0,814631.9,52.39,1.12
BER: END_SEQ #35 [LOCK] seq_err=0 BER_seq=0.0000e+00 | lock=35 slip=0 BER_cond=0.0000e+00 BER_cum=0.0000e+00
CSV,1035010,103500,35,35,0,17885,0,0.000000e+00,0.000000e+00,119563272192.0,121291997184.0,1340178.2,49.57,0.06
BER: SYNC #36 (gated)
CSV,1040010,104000,36,35,0,17976,0,0.000000e+00,0.000000e+00,145506631680.0,111040503808.0,824640.3,52.47,1.17
CSV,1045010,104500,36,35,0,18076,0,0.000000e+00,0.000000e+00,167739129856.0,94484455424.0,820172.4,53.11,2.49
CSV,1050010,105000,36,35,0,18176,0,0.000000e+00,0.000000e+00,137250234368.0,111702032384.0,957135.1,51.57,0.89
CSV,1055010,105500,36,35,0,18276,0,0.000000e+00,0.000000e+00,133376032768.0,113845690368.0,858143.6,51.92,0.69
CSV,1060010,106000,36,35,0,18376,0,0.000000e+00,0.000000e+00,138854481920.0,115211354112.0,935874.0,51.71,0.81
BER: END_SEQ #36 [LOCK] seq_err=0 BER_seq=0.0000e+00 | lock=36 slip=0 BER_cond=0.0000e+00 BER_cum=0.0000e+00
BER: SYNC #37 (gated)
CSV,1065010,106500,37,36,0,18399,0,0.000000e+00,0.000000e+00,126628798464.0,124796198912.0,1483879.8,49.31,0.06
CSV,1070010,107000,37,36,0,18499,0,0.000000e+00,0.000000e+00,133316935680.0,115136045056.0,900287.2,51.71,0.64
CSV,1075010,107500,37,36,0,18599,0,0.000000e+00,0.000000e+00,169984835584.0,85710643200.0,916859.0,52.68,2.97
CSV,1080010,108000,37,36,0,18699,0,0.000000e+00,0.000000e+00,136975974400.0,117019320320.0,857109.3,52.04,0.68
CSV,1085010,108500,37,36,0,18799,0,0.000000e+00,0.000000e+00,135596703744.0,119973863424.0,862206.2,51.97,0.53
CSV,1090010,109000,37,36,0,18899,0,0.000000e+00,0.000000e+00,137780527104.0,113189429248.0,777258.8,52.49,0.85
BER: END_SEQ #37 [LOCK] seq_err=0 BER_seq=0.0000e+00 | lock=37 slip=0 BER_cond=0.0000e+00 BER_cum=0.0000e+00
BER: SYNC #38 (gated)
CSV,1095010,109500,38,37,0,18922,0,0.000000e+00,0.000000e+00,113451966464.0,124967387136.0,1411790.1,49.47,0.42
CSV,1100010,110000,38,37,0,19022,0,0.000000e+00,0.000000e+00,149264695296.0,107433132032.0,781664.2,52.81,1.43
CSV,1105010,110500,38,37,0,19122,0,0.000000e+00,0.000000e+00,166284722176.0,97670062080.0,808430.4,53.13,2.31
CSV,1110010,111000,38,37,0,19222,0,0.000000e+00,0.000000e+00,140668076032.0,110039277568.0,838284.6,52.25,1.07
CSV,1115010,111500,38,37,0,19321,0,0.000000e+00,0.000000e+00,131056631808.0,116033175552.0,801698.8,52.13,0.53
BER: END_SEQ #38 [LOCK] seq_err=0 BER_seq=0.0000e+00 | lock=38 slip=0 BER_cond=0.0000e+00 BER_cum=0.0000e+00
CSV,1120010,112000,38,38,0,19418,0,0.000000e+00,0.000000e+00,128671326208.0,121964904448.0,747176.2,52.36,0.23
BER: SYNC #39 (gated)
CSV,1125010,112500,39,38,0,19444,0,0.000000e+00,0.000000e+00,133000495104.0,122030260224.0,1407418.1,49.75,0.37
CSV,1130010,113000,39,38,0,19544,0,0.000000e+00,0.000000e+00,157962600448.0,96915709952.0,828195.7,52.80,2.12
CSV,1135010,113500,39,38,0,19644,0,0.000000e+00,0.000000e+00,149557264384.0,101475442688.0,839430.8,52.51,1.68
CSV,1140010,114000,39,38,0,19744,0,0.000000e+00,0.000000e+00,137575251968.0,116226179072.0,874068.9,51.97,0.73
CSV,1145010,114500,39,38,0,19844,0,0.000000e+00,0.000000e+00,139790860288.0,118278479872.0,844541.2,52.19,0.73
BER: END_SEQ #39 [LOCK] seq_err=0 BER_seq=0.0000e+00 | lock=39 slip=0 BER_cond=0.0000e+00 BER_cum=0.0000e+00
CSV,1150010,115000,39,39,0,19929,0,0.000000e+00,0.000000e+00,128734076928.0,118468231168.0,864246.1,51.73,0.36
BER: SYNC #40 (gated)
CSV,1155010,115500,40,39,0,19967,0,0.000000e+00,0.000000e+00,133796880384.0,108674105344.0,1271002.5,50.22,0.90
CSV,1160010,116000,40,39,0,20067,0,0.000000e+00,0.000000e+00,159491850240.0,96739753984.0,853465.0,52.72,2.17
CSV,1165010,116500,40,39,0,20167,0,0.000000e+00,0.000000e+00,138874503168.0,116762042368.0,842412.1,52.17,0.75
CSV,1170010,117000,40,39,0,20267,0,0.000000e+00,0.000000e+00,142126448640.0,108993765376.0,805606.1,52.47,1.15
CSV,1175010,117500,40,39,0,20367,0,0.000000e+00,0.000000e+00,129837883392.0,114985279488.0,856625.1,51.81,0.53
BER: END_SEQ #40 [LOCK] seq_err=0 BER_seq=0.0000e+00 | lock=40 slip=0 BER_cond=0.0000e+00 BER_cum=0.0000e+00
CSV,1180010,118000,40,40,0,20440,0,0.000000e+00,0.000000e+00,132203167744.0,117927886848.0,1124818.8,50.70,0.50
BER: SYNC #41 (gated)
CSV,1185010,118500,41,40,0,20490,0,0.000000e+00,0.000000e+00,139472584704.0,117650497536.0,1240937.2,50.51,0.74
CSV,1190010,119000,41,40,0,20590,0,0.000000e+00,0.000000e+00,162968977408.0,94202691584.0,811593.9,53.03,2.38
CSV,1195010,119500,41,40,0,20690,0,0.000000e+00,0.000000e+00,132463173632.0,112714932224.0,919166.3,51.59,0.70
CSV,1200010,120000,41,40,0,20790,0,0.000000e+00,0.000000e+00,138518806528.0,112078725120.0,797403.6,52.40,0.92
CSV,1205010,120500,41,40,0,20890,0,0.000000e+00,0.000000e+00,138701488128.0,116762730496.0,865129.1,52.05,0.75
BER: END_SEQ #41 [LOCK] seq_err=0 BER_seq=0.0000e+00 | lock=41 slip=0 BER_cond=0.0000e+00 BER_cum=0.0000e+00
CSV,1210010,121000,41,41,0,20951,0,0.000000e+00,0.000000e+00,130261712896.0,115413082112.0,1086969.1,50.79,0.53
BER: SYNC #42 (gated)
CSV,1215010,121500,42,41,0,21012,0,0.000000e+00,0.000000e+00,129710120960.0,113988501504.0,1008698.7,51.09,0.56
CSV,1220010,122000,42,41,0,21112,0,0.000000e+00,0.000000e+00,167351435264.0,89821995008.0,830118.8,53.04,2.70
CSV,1225010,122500,42,41,0,21212,0,0.000000e+00,0.000000e+00,144621764608.0,112817094656.0,817015.2,52.48,1.08
CSV,1230010,123000,42,41,0,21312,0,0.000000e+00,0.000000e+00,129748279296.0,118104293376.0,764597.6,52.30,0.41
CSV,1235010,123500,42,41,0,21412,0,0.000000e+00,0.000000e+00,138155196416.0,107486404608.0,843716.1,52.14,1.09
BER: END_SEQ #42 [LOCK] seq_err=0 BER_seq=0.0000e+00 | lock=42 slip=0 BER_cond=0.0000e+00 BER_cum=0.0000e+00
CSV,1240010,124000,42,42,0,21462,0,0.000000e+00,0.000000e+00,123506974720.0,120333869056.0,1156547.1,50.29,0.11
BER: SYNC #43 (gated)
CSV,1245010,124500,43,42,0,21535,0,0.000000e+00,0.000000e+00,132077805568.0,120830484480.0,904816.8,51.64,0.39
CSV,1250010,125000,43,42,0,21635,0,0.000000e+00,0.000000e+00,167677968384.0,89719070720.0,818311.2,53.12,2.72
CSV,1255010,125500,43,42,0,21735,0,0.000000e+00,0.000000e+00,146926469120.0,103148404736.0,839106.8,52.43,1.54
CSV,1260010,126000,43,42,0,21835,0,0.000000e+00,0.000000e+00,119209959424.0,128073113600.0,842277.9,51.82,0.31
CSV,1265010,126500,43,42,0,21935,0,0.000000e+00,0.000000e+00,150356049920.0,110281220096.0,830329.9,52.58,1.35
BER: END_SEQ #43 [LOCK] seq_err=0 BER_seq=0.0000e+00 | lock=43 slip=0 BER_cond=0.0000e+00 BER_cum=0.0000e+00
CSV,1270010,127000,43,43,0,21973,0,0.000000e+00,0.000000e+00,125772136448.0,120186150912.0,1362656.5,49.65,0.20
BER: SYNC #44 (gated)
CSV,1275010,127500,44,43,0,22058,0,0.000000e+00,0.000000e+00,135300718592.0,115331710976.0,788174.0,52.35,0.69
CSV,1280010,128000,44,43,0,22158,0,0.000000e+00,0.000000e+00,163506913280.0,95889612800.0,909067.9,52.55,2.32
CSV,1285010,128500,44,43,0,22258,0,0.000000e+00,0.000000e+00,149118648320.0,113351516160.0,925674.3,52.07,1.19
CSV,1290010,129000,44,43,0,22358,0,0.000000e+00,0.000000e+00,131278987264.0,120340586496.0,828642.4,52.00,0.38
CSV,1295010,129500,44,43,0,22458,0,0.000000e+00,0.000000e+00,137379749888.0,113045569536.0,935250.8,51.67,0.85
BER: END_SEQ #44 [LOCK] seq_err=0 BER_seq=0.0000e+00 | lock=44 slip=0 BER_cond=0.0000e+00 BER_cum=0.0000e+00
CSV,1300010,130000,44,44,0,22484,0,0.000000e+00,0.000000e+00,122537607168.0,124048515072.0,1425045.8,49.40,0.05
BER: SYNC #45 (gated)
CSV,1305010,130500,45,44,0,22581,0,0.000000e+00,0.000000e+00,143990652928.0,117146247168.0,768308.9,52.73,0.90
CSV,1310010,131000,45,44,0,22681,0,0.000000e+00,0.000000e+00,173153861632.0,89020661760.0,832697.6,53.18,2.89
CSV,1315010,131500,45,44,0,22780,0,0.000000e+00,0.000000e+00,134498050048.0,114609717248.0,768114.8,52.43,0.69
CSV,1320010,132000,45,44,0,22880,0,0.000000e+00,0.000000e+00,135200604160.0,114750193664.0,877847.9,51.88,0.71
CSV,1325010,132500,45,44,0,22980,0,0.000000e+00,0.000000e+00,136865013760.0,120699011072.0,886757.2,51.88,0.55
BER: END_SEQ #45 [LOCK] seq_err=0 BER_seq=0.0000e+00 | lock=45 slip=0 BER_cond=0.0000e+00 BER_cum=0.0000e+00
BER: SYNC #46 (gated)
CSV,1330010,133000,46,45,0,23003,0,0.000000e+00,0.000000e+00,125989339136.0,120785977344.0,1320742.0,49.80,0.18
CSV,1335010,133500,46,45,0,23103,0,0.000000e+00,0.000000e+00,137321381888.0,111565455360.0,853667.5,52.06,0.90
CSV,1340010,134000,46,45,0,23203,0,0.000000e+00,0.000000e+00,165496094720.0,92100337664.0,833449.0,52.98,2.55
CSV,1345010,134500,46,45,0,23303,0,0.000000e+00,0.000000e+00,144686186496.0,114318983168.0,747442.9,52.87,1.02
CSV,1350010,135000,46,45,0,23403,0,0.000000e+00,0.000000e+00,132352516096.0,119922532352.0,795764.8,52.21,0.43
CSV,1355010,135500,46,45,0,23503,0,0.000000e+00,0.000000e+00,133022187520.0,117758689280.0,666213.2,53.00,0.53
BER: END_SEQ #46 [LOCK] seq_err=0 BER_seq=0.0000e+00 | lock=46 slip=0 BER_cond=0.0000e+00 BER_cum=0.0000e+00
BER: SYNC #47 (gated)
CSV,1360010,136000,47,46,0,23526,0,0.000000e+00,0.000000e+00,126595686400.0,117768429568.0,1410835.1,49.53,0.31
CSV,1365010,136500,47,46,0,23626,0,0.000000e+00,0.000000e+00,152928108544.0,110588264448.0,945640.4,52.09,1.41
CSV,1370010,137000,47,46,0,23726,0,0.000000e+00,0.000000e+00,163160211456.0,98189918208.0,809045.6,53.05,2.21
CSV,1375010,137500,47,46,0,23826,0,0.000000e+00,0.000000e+00,134794387456.0,114483126272.0,823976.8,52.14,0.71
CSV,1380010,138000,47,46,0,23926,0,0.000000e+00,0.000000e+00,134929719296.0,114602672128.0,812607.4,52.20,0.71
BER: END_SEQ #47 [LOCK] seq_err=0 BER_seq=0.0000e+00 | lock=47 slip=0 BER_cond=0.0000e+00 BER_cum=0.0000e+00
CSV,1385010,138500,47,47,0,24017,0,0.000000e+00,0.000000e+00,132878123008.0,122891149312.0,811765.9,52.14,0.34
BER: SYNC #48 (gated)
CSV,1390010,139000,48,47,0,24049,0,0.000000e+00,0.000000e+00,134190080000.0,117629665280.0,1321476.4,50.07,0.57
CSV,1395010,139500,48,47,0,24149,0,0.000000e+00,0.000000e+00,158380163072.0,95697674240.0,792110.1,53.01,2.19
CSV,1400010,140000,48,47,0,24249,0,0.000000e+00,0.000000e+00,138294706176.0,112596959232.0,819207.8,52.27,0.89
CSV,1405010,140500,48,47,0,24349,0,0.000000e+00,0.000000e+00,143377678336.0,116828045312.0,839769.6,52.32,0.89
CSV,1410010,141000,48,47,0,24449,0,0.000000e+00,0.000000e+00,148846018560.0,112744005632.0,926629.6,52.06,1.21
BER: END_SEQ #48 [LOCK] seq_err=0 BER_seq=0.0000e+00 | lock=48 slip=0 BER_cond=0.0000e+00 BER_cum=0.0000e+00
CSV,1415010,141500,48,48,0,24528,0,0.000000e+00,0.000000e+00,127036145664.0,123891654656.0,912925.9,51.43,0.11
BER: SYNC #49 (gated)
CSV,1420010,142000,49,48,0,24571,0,0.000000e+00,0.000000e+00,138240688128.0,112853499904.0,1278802.0,50.34,0.88
CSV,1425010,142500,49,48,0,24671,0,0.000000e+00,0.000000e+00,168095793152.0,100031291392.0,771496.0,53.38,2.25
CSV,1430010,143000,49,48,0,24771,0,0.000000e+00,0.000000e+00,136726945792.0,122168967168.0,966149.6,51.51,0.49
CSV,1435010,143500,49,48,0,24871,0,0.000000e+00,0.000000e+00,142772568064.0,112233136128.0,870436.7,52.15,1.05
CSV,1440010,144000,49,48,0,24971,0,0.000000e+00,0.000000e+00,130915614720.0,120445296640.0,915633.6,51.55,0.36
BER: END_SEQ #49 [LOCK] seq_err=0 BER_seq=0.0000e+00 | lock=49 slip=0 BER_cond=0.0000e+00 BER_cum=0.0000e+00
CSV,1445010,144500,49,49,0,25039,0,0.000000e+00,0.000000e+00,139552260096.0,120887091200.0,1224892.2,50.57,0.62
BER: SYNC #50 (gated)
CSV,1450010,145000,50,49,0,25094,0,0.000000e+00,0.000000e+00,141061373952.0,118341779456.0,1158492.9,50.86,0.76
CSV,1455010,145500,50,49,0,25194,0,0.000000e+00,0.000000e+00,165121163264.0,94491459584.0,907882.5,52.60,2.42
CSV,1460010,146000,50,49,0,25294,0,0.000000e+00,0.000000e+00,138710843392.0,113551114240.0,961887.2,51.59,0.87
CSV,1465010,146500,50,49,0,25394,0,0.000000e+00,0.000000e+00,133261262848.0,125658259456.0,824757.8,52.08,0.26
CSV,1470010,147000,50,49,0,25494,0,0.000000e+00,0.000000e+00,150296903680.0,111910322176.0,853670.9,52.46,1.28
BER: END_SEQ #50 [LOCK] seq_err=0 BER_seq=0.0000e+00 | lock=50 slip=0 BER_cond=0.0000e+00 BER_cum=0.0000e+00
CSV,1475010,147500,50,50,0,25550,0,0.000000e+00,0.000000e+00,125333626880.0,122110525440.0,1251448.8,50.01,0.11
BER: SYNC #51 (gated)
CSV,1480010,148000,51,50,0,25617,0,0.000000e+00,0.000000e+00,132036435968.0,119081918464.0,924267.1,51.55,0.45
CSV,1485010,148500,51,50,0,25717,0,0.000000e+00,0.000000e+00,175894265856.0,91217117184.0,864791.9,53.08,2.85
CSV,1490010,149000,51,50,0,25817,0,0.000000e+00,0.000000e+00,146003525632.0,114411397120.0,803716.3,52.59,1.06
CSV,1495010,149500,51,50,0,25917,0,0.000000e+00,0.000000e+00,127439519744.0,123179606016.0,860004.1,51.71,0.15
CSV,1500010,150000,51,50,0,26017,0,0.000000e+00,0.000000e+00,144477880320.0,108716105728.0,869300.7,52.21,1.24
BER: END_SEQ #51 [LOCK] seq_err=0 BER_seq=0.0000e+00 | lock=51 slip=0 BER_cond=0.0000e+00 BER_cum=0.0000e+00
CSV,1505010,150500,51,51,0,26061,0,0.000000e+00,0.000000e+00,126576091136.0,127196250112.0,1334285.8,49.79,0.02

=========================================
=== END OF TEST (duration=25 min) ===
=========================================
FINAL: syncs=51 lock=51 slip=0 slip_rate=0.0000
FINAL: bits_cum=26061 err_cum=0 BER_cum=0.0000e+00
FINAL: bits_lock=26061 err_lock=0 BER_cond=0.0000e+00
=========================================
=== STOP LOGGING NOW ===
=========================================
