

=== RX BOOT - BER TEST MODE ===
MOD=OOK (20 kHz carrier, adaptive threshold)
BPS_MODE=40 (HALF_SAMPLES=1000, 5000 samples/bit @ 200000 Hz)
Expect: 64-bit preamble + Barker13 (1F35h, gated by 8 preamble bits = 0x55) + 511-bit PRBS-9
Noise floor band: 5000 Hz; lock threshold: BER<0.10
Auto-stop: test will halt 25 min after the first sync.
RX: edge-tracking sync, center-3 voting
Starting decoder...

BER: SYNC #1 (gated)
CSV,5008,1000,1,0,0,41,0,0.000000e+00,0.000000e+00,405498.8,51112632320.0,266546.7,52.83,51.01
CSV,10008,2000,1,0,0,241,0,0.000000e+00,0.000000e+00,459964.1,48743497728.0,282349.0,52.37,50.25
CSV,15008,3000,1,0,0,441,0,0.000000e+00,0.000000e+00,418748.5,52798992384.0,300534.3,52.45,51.01
BER: END_SEQ #1 [LOCK] seq_err=0 BER_seq=0.0000e+00 | lock=1 slip=0 BER_cond=0.0000e+00 BER_cum=0.0000e+00
BER: SYNC #2 (gated)
CSV,20008,4000,2,1,0,564,0,0.000000e+00,0.000000e+00,513326.6,52084494336.0,341960.0,51.83,50.06
CSV,25008,5000,2,1,0,764,0,0.000000e+00,0.000000e+00,449647.3,48109260800.0,293753.9,52.14,50.29
CSV,30008,6000,2,1,0,964,0,0.000000e+00,0.000000e+00,454735.5,52322852864.0,290276.8,52.56,50.61
BER: END_SEQ #2 [LOCK] seq_err=0 BER_seq=0.0000e+00 | lock=2 slip=0 BER_cond=0.0000e+00 BER_cum=0.0000e+00
BER: SYNC #3 (gated)
CSV,35008,7000,3,2,0,1087,0,0.000000e+00,0.000000e+00,502833.2,54951952384.0,344108.5,52.03,50.39
CSV,40008,8000,3,2,0,1287,0,0.000000e+00,0.000000e+00,447133.8,45414395904.0,302770.9,51.76,50.07
CSV,45008,9000,3,2,0,1487,0,0.000000e+00,0.000000e+00,480271.1,53107712000.0,295314.8,52.55,50.44
BER: END_SEQ #3 [LOCK] seq_err=0 BER_seq=0.0000e+00 | lock=3 slip=0 BER_cond=0.0000e+00 BER_cum=0.0000e+00
BER: SYNC #4 (gated)
CSV,50008,10000,4,3,0,1610,0,0.000000e+00,0.000000e+00,515042.5,54404816896.0,327153.2,52.21,50.24
CSV,55008,11000,4,3,0,1810,0,0.000000e+00,0.000000e+00,456824.2,45813768192.0,307901.8,51.73,50.01
CSV,60008,12000,4,3,0,2010,0,0.000000e+00,0.000000e+00,424134.3,53689630720.0,332350.4,52.08,51.02
BER: END_SEQ #4 [LOCK] seq_err=0 BER_seq=0.0000e+00 | lock=4 slip=0 BER_cond=0.0000e+00 BER_cum=0.0000e+00
BER: SYNC #5 (gated)
CSV,65008,13000,5,4,0,2132,0,0.000000e+00,0.000000e+00,491138.3,54573879296.0,328606.0,52.20,50.46
CSV,70008,14000,5,4,0,2332,0,0.000000e+00,0.000000e+00,409166.9,46561411072.0,306412.6,51.82,50.56
CSV,75008,15000,5,4,0,2532,0,0.000000e+00,0.000000e+00,415805.4,52820041728.0,328686.6,52.06,51.04
BER: END_SEQ #5 [LOCK] seq_err=0 BER_seq=0.0000e+00 | lock=5 slip=0 BER_cond=0.0000e+00 BER_cum=0.0000e+00
BER: SYNC #6 (gated)
CSV,80008,16000,6,5,0,2655,0,0.000000e+00,0.000000e+00,494450.8,53893955584.0,322329.2,52.23,50.37
CSV,85008,17000,6,5,0,2855,0,0.000000e+00,0.000000e+00,457115.4,46381117440.0,311083.2,51.73,50.06
CSV,90008,18000,6,5,0,3055,0,0.000000e+00,0.000000e+00,458771.5,53371199488.0,302419.1,52.47,50.66
BER: END_SEQ #6 [LOCK] seq_err=0 BER_seq=0.0000e+00 | lock=6 slip=0 BER_cond=0.0000e+00 BER_cum=0.0000e+00
BER: SYNC #7 (gated)
CSV,95008,19000,7,6,0,3178,0,0.000000e+00,0.000000e+00,507925.3,54456365056.0,354643.6,51.86,50.30
CSV,100008,20000,7,6,0,3378,0,0.000000e+00,0.000000e+00,464465.5,46209081344.0,319640.7,51.60,49.98
BER: END_SEQ #7 [LOCK] seq_err=0 BER_seq=0.0000e+00 | lock=7 slip=0 BER_cond=0.0000e+00 BER_cum=0.0000e+00
CSV,105008,21000,7,7,0,3577,0,0.000000e+00,0.000000e+00,461045.5,55746891776.0,284378.6,52.92,50.82
BER: SYNC #8 (gated)
CSV,110008,22000,8,7,0,3700,0,0.000000e+00,0.000000e+00,526423.5,49727393792.0,353495.2,51.48,49.75
CSV,115008,23000,8,7,0,3900,0,0.000000e+00,0.000000e+00,443773.6,49130999808.0,301385.2,52.12,50.44
BER: END_SEQ #8 [LOCK] seq_err=0 BER_seq=0.0000e+00 | lock=8 slip=0 BER_cond=0.0000e+00 BER_cum=0.0000e+00
CSV,120008,24000,8,8,0,4088,0,0.000000e+00,0.000000e+00,434510.7,54160760832.0,307040.8,52.46,50.96
BER: SYNC #9 (gated)
CSV,125008,25000,9,8,0,4223,0,0.000000e+00,0.000000e+00,490913.3,49198899200.0,342302.8,51.58,50.01
CSV,130008,26000,9,8,0,4423,0,0.000000e+00,0.000000e+00,442973.3,51351777280.0,310553.8,52.18,50.64
BER: END_SEQ #9 [LOCK] seq_err=0 BER_seq=0.0000e+00 | lock=9 slip=0 BER_cond=0.0000e+00 BER_cum=0.0000e+00
CSV,135008,27000,9,9,0,4599,0,0.000000e+00,0.000000e+00,429736.3,53872160768.0,290663.8,52.68,50.98
BER: SYNC #10 (gated)
CSV,140008,28000,10,9,0,4746,0,0.000000e+00,0.000000e+00,479024.4,46383083520.0,325118.6,51.54,49.86
CSV,145008,29000,10,9,0,4946,0,0.000000e+00,0.000000e+00,451848.9,53457182720.0,304960.8,52.44,50.73
BER: END_SEQ #10 [LOCK] seq_err=0 BER_seq=0.0000e+00 | lock=10 slip=0 BER_cond=0.0000e+00 BER_cum=0.0000e+00
CSV,150008,30000,10,10,0,5110,0,0.000000e+00,0.000000e+00,503626.2,53179645952.0,319796.3,52.21,50.24
BER: SYNC #11 (gated)
CSV,155008,31000,11,10,0,5269,0,0.000000e+00,0.000000e+00,487058.3,48218210304.0,306455.8,51.97,49.96
CSV,160008,32000,11,10,0,5468,0,0.000000e+00,0.000000e+00,469166.3,52412715008.0,280744.0,52.71,50.48
BER: END_SEQ #11 [LOCK] seq_err=0 BER_seq=0.0000e+00 | lock=11 slip=0 BER_cond=0.0000e+00 BER_cum=0.0000e+00
CSV,165008,33000,11,11,0,5621,0,0.000000e+00,0.000000e+00,523558.4,53487861760.0,351323.1,51.83,50.09
BER: SYNC #12 (gated)
CSV,170008,34000,12,11,0,5791,0,0.000000e+00,0.000000e+00,448535.2,47524950016.0,294677.3,52.08,50.25
CSV,175008,35000,12,11,0,5991,0,0.000000e+00,0.000000e+00,471209.2,53412618240.0,304621.5,52.44,50.54
BER: END_SEQ #12 [LOCK] seq_err=0 BER_seq=0.0000e+00 | lock=12 slip=0 BER_cond=0.0000e+00 BER_cum=0.0000e+00
CSV,180008,36000,12,12,0,6132,0,0.000000e+00,0.000000e+00,501979.3,51694809088.0,353582.1,51.65,50.13
BER: SYNC #13 (gated)
CSV,185008,37000,13,12,0,6314,0,0.000000e+00,0.000000e+00,414737.0,49137664000.0,285473.1,52.36,50.74
CSV,190008,38000,13,12,0,6514,0,0.000000e+00,0.000000e+00,459201.8,52071567360.0,303253.2,52.35,50.55
BER: END_SEQ #13 [LOCK] seq_err=0 BER_seq=0.0000e+00 | lock=13 slip=0 BER_cond=0.0000e+00 BER_cum=0.0000e+00
CSV,195008,39000,13,13,0,6643,0,0.000000e+00,0.000000e+00,485080.1,53695385600.0,352791.8,51.82,50.44
BER: SYNC #14 (gated)
CSV,200008,40000,14,13,0,6837,0,0.000000e+00,0.000000e+00,395634.8,45428527104.0,293431.0,51.90,50.60
CSV,205008,41000,14,13,0,7036,0,0.000000e+00,0.000000e+00,479457.3,53460275200.0,314208.3,52.31,50.47
BER: END_SEQ #14 [LOCK] seq_err=0 BER_seq=0.0000e+00 | lock=14 slip=0 BER_cond=0.0000e+00 BER_cum=0.0000e+00
BER: SYNC #15 (gated)
CSV,210008,42000,15,14,0,7160,0,0.000000e+00,0.000000e+00,538036.6,53204115456.0,349907.5,51.82,49.95
CSV,215008,43000,15,14,0,7359,0,0.000000e+00,0.000000e+00,433901.3,47772082176.0,298388.0,52.04,50.42
CSV,220008,44000,15,14,0,7559,0,0.000000e+00,0.000000e+00,483819.2,52672843776.0,314132.2,52.24,50.37
BER: END_SEQ #15 [LOCK] seq_err=0 BER_seq=0.0000e+00 | lock=15 slip=0 BER_cond=0.0000e+00 BER_cum=0.0000e+00
BER: SYNC #16 (gated)
CSV,225008,45000,16,15,0,7682,0,0.000000e+00,0.000000e+00,517287.2,55231766528.0,337247.9,52.14,50.28
CSV,230008,46000,16,15,0,7882,0,0.000000e+00,0.000000e+00,467111.1,45984612352.0,302097.6,51.82,49.93
CSV,235008,47000,16,15,0,8082,0,0.000000e+00,0.000000e+00,437141.8,52802322432.0,319358.1,52.18,50.82
BER: END_SEQ #16 [LOCK] seq_err=0 BER_seq=0.0000e+00 | lock=16 slip=0 BER_cond=0.0000e+00 BER_cum=0.0000e+00
BER: SYNC #17 (gated)
CSV,240008,48000,17,16,0,8205,0,0.000000e+00,0.000000e+00,503841.6,54327984128.0,347800.9,51.94,50.33
CSV,245008,49000,17,16,0,8405,0,0.000000e+00,0.000000e+00,450006.2,47756230656.0,276716.8,52.37,50.26
CSV,250008,50000,17,16,0,8605,0,0.000000e+00,0.000000e+00,446945.2,51168641024.0,312081.0,52.15,50.59
BER: END_SEQ #17 [LOCK] seq_err=0 BER_seq=0.0000e+00 | lock=17 slip=0 BER_cond=0.0000e+00 BER_cum=0.0000e+00
BER: SYNC #18 (gated)
CSV,255008,51000,18,17,0,8728,0,0.000000e+00,0.000000e+00,503440.7,54598148096.0,359933.5,51.81,50.35
CSV,260008,52000,18,17,0,8928,0,0.000000e+00,0.000000e+00,426544.8,48025792512.0,280185.5,52.34,50.52
CSV,265008,53000,18,17,0,9127,0,0.000000e+00,0.000000e+00,490459.4,53147176960.0,317359.9,52.24,50.35
BER: END_SEQ #18 [LOCK] seq_err=0 BER_seq=0.0000e+00 | lock=18 slip=0 BER_cond=0.0000e+00 BER_cum=0.0000e+00
BER: SYNC #19 (gated)
CSV,270008,54000,19,18,0,9250,0,0.000000e+00,0.000000e+00,527993.1,51959558144.0,339080.1,51.85,49.93
CSV,275008,55000,19,18,0,9450,0,0.000000e+00,0.000000e+00,423560.4,48996261888.0,280331.5,52.42,50.63
CSV,280008,56000,19,18,0,9650,0,0.000000e+00,0.000000e+00,461653.1,51446591488.0,296627.9,52.39,50.47
BER: END_SEQ #19 [LOCK] seq_err=0 BER_seq=0.0000e+00 | lock=19 slip=0 BER_cond=0.0000e+00 BER_cum=0.0000e+00
BER: SYNC #20 (gated)
CSV,285008,57000,20,19,0,9773,0,0.000000e+00,0.000000e+00,535187.1,55625158656.0,336344.8,52.18,50.17
CSV,290008,58000,20,19,0,9973,0,0.000000e+00,0.000000e+00,440402.3,44878573568.0,280853.2,52.04,50.08
CSV,295008,59000,20,19,0,10173,0,0.000000e+00,0.000000e+00,425554.0,53929074688.0,285585.3,52.76,51.03
BER: END_SEQ #20 [LOCK] seq_err=0 BER_seq=0.0000e+00 | lock=20 slip=0 BER_cond=0.0000e+00 BER_cum=0.0000e+00
BER: SYNC #21 (gated)
CSV,300008,60000,21,20,0,10296,0,0.000000e+00,0.000000e+00,501101.4,53912395776.0,343513.4,51.96,50.32
CSV,305008,61000,21,20,0,10495,0,0.000000e+00,0.000000e+00,436827.0,45645934592.0,291470.2,51.95,50.19
CSV,310008,62000,21,20,0,10696,0,0.000000e+00,0.000000e+00,458593.8,53265645568.0,289089.0,52.65,50.65
BER: END_SEQ #21 [LOCK] seq_err=0 BER_seq=0.0000e+00 | lock=21 slip=0 BER_cond=0.0000e+00 BER_cum=0.0000e+00
BER: SYNC #22 (gated)
CSV,315008,63000,22,21,0,10818,0,0.000000e+00,0.000000e+00,520423.7,54814183424.0,359584.9,51.83,50.23
CSV,320008,64000,22,21,0,11018,0,0.000000e+00,0.000000e+00,429291.2,46498349056.0,312629.8,51.72,50.35
CSV,325008,65000,22,21,0,11218,0,0.000000e+00,0.000000e+00,489549.4,53177126912.0,308112.8,52.37,50.36
BER: END_SEQ #22 [LOCK] seq_err=0 BER_seq=0.0000e+00 | lock=22 slip=0 BER_cond=0.0000e+00 BER_cum=0.0000e+00
BER: SYNC #23 (gated)
CSV,330008,66000,23,22,0,11341,0,0.000000e+00,0.000000e+00,517856.9,53518438400.0,344393.8,51.91,50.14
CSV,335008,67000,23,22,0,11541,0,0.000000e+00,0.000000e+00,437540.1,46682300416.0,322394.2,51.61,50.28
CSV,340008,68000,23,22,0,11741,0,0.000000e+00,0.000000e+00,474876.8,53369831424.0,317410.3,52.26,50.51
BER: END_SEQ #23 [LOCK] seq_err=0 BER_seq=0.0000e+00 | lock=23 slip=0 BER_cond=0.0000e+00 BER_cum=0.0000e+00
BER: SYNC #24 (gated)
CSV,345008,69000,24,23,0,11864,0,0.000000e+00,0.000000e+00,529499.6,53597908992.0,354638.0,51.79,50.05
CSV,350008,70000,24,23,0,12064,0,0.000000e+00,0.000000e+00,447046.0,46502285312.0,306981.9,51.80,50.17
BER: END_SEQ #24 [LOCK] seq_err=0 BER_seq=0.0000e+00 | lock=24 slip=0 BER_cond=0.0000e+00 BER_cum=0.0000e+00
CSV,355008,71000,24,24,0,12264,0,0.000000e+00,0.000000e+00,401292.5,55631384576.0,287475.1,52.87,51.42
BER: SYNC #25 (gated)
CSV,360008,72000,25,24,0,12386,0,0.000000e+00,0.000000e+00,526976.2,49862316032.0,364366.5,51.36,49.76
CSV,365008,73000,25,24,0,12586,0,0.000000e+00,0.000000e+00,435251.2,48684478464.0,301242.2,52.08,50.49
BER: END_SEQ #25 [LOCK] seq_err=0 BER_seq=0.0000e+00 | lock=25 slip=0 BER_cond=0.0000e+00 BER_cum=0.0000e+00
CSV,370008,74000,25,25,0,12775,0,0.000000e+00,0.000000e+00,429198.4,54384160768.0,304606.7,52.52,51.03
BER: SYNC #26 (gated)
CSV,375008,75000,26,25,0,12909,0,0.000000e+00,0.000000e+00,490016.4,48668028928.0,329338.8,51.70,49.97
CSV,380008,76000,26,25,0,13109,0,0.000000e+00,0.000000e+00,460315.0,51618963456.0,299230.3,52.37,50.50
BER: END_SEQ #26 [LOCK] seq_err=0 BER_seq=0.0000e+00 | lock=26 slip=0 BER_cond=0.0000e+00 BER_cum=0.0000e+00
CSV,385008,77000,26,26,0,13286,0,0.000000e+00,0.000000e+00,507657.8,53379006464.0,313075.7,52.32,50.22
BER: SYNC #27 (gated)
CSV,390008,78000,27,26,0,13432,0,0.000000e+00,0.000000e+00,474941.3,46906798080.0,307548.6,51.83,49.95
CSV,395008,79000,27,26,0,13632,0,0.000000e+00,0.000000e+00,468693.8,53214044160.0,300844.5,52.48,50.55
BER: END_SEQ #27 [LOCK] seq_err=0 BER_seq=0.0000e+00 | lock=27 slip=0 BER_cond=0.0000e+00 BER_cum=0.0000e+00
CSV,400008,80000,27,27,0,13797,0,0.000000e+00,0.000000e+00,510562.4,52723548160.0,330427.4,52.03,50.14
BER: SYNC #28 (gated)
CSV,405008,81000,28,27,0,13955,0,0.000000e+00,0.000000e+00,468759.2,47704166400.0,304436.2,51.95,50.08
CSV,410008,82000,28,27,0,14154,0,0.000000e+00,0.000000e+00,452394.0,53136998400.0,299615.7,52.49,50.70
BER: END_SEQ #28 [LOCK] seq_err=0 BER_seq=0.0000e+00 | lock=28 slip=0 BER_cond=0.0000e+00 BER_cum=0.0000e+00
CSV,415008,83000,28,28,0,14308,0,0.000000e+00,0.000000e+00,471910.3,53129838592.0,348270.1,51.83,50.51
BER: SYNC #29 (gated)
CSV,420008,84000,29,28,0,14477,0,0.000000e+00,0.000000e+00,452816.9,47748337664.0,286344.3,52.22,50.23
CSV,425008,85000,29,28,0,14677,0,0.000000e+00,0.000000e+00,446186.0,53152518144.0,320557.2,52.20,50.76
BER: END_SEQ #29 [LOCK] seq_err=0 BER_seq=0.0000e+00 | lock=29 slip=0 BER_cond=0.0000e+00 BER_cum=0.0000e+00
CSV,430008,86000,29,29,0,14819,0,0.000000e+00,0.000000e+00,483154.6,52368887808.0,354166.0,51.70,50.35
BER: SYNC #30 (gated)
CSV,435008,87000,30,29,0,15000,0,0.000000e+00,0.000000e+00,433263.8,49056268288.0,308362.2,52.02,50.54
CSV,440008,88000,30,29,0,15200,0,0.000000e+00,0.000000e+00,461533.9,52671033344.0,326763.1,52.07,50.57
BER: END_SEQ #30 [LOCK] seq_err=0 BER_seq=0.0000e+00 | lock=30 slip=0 BER_cond=0.0000e+00 BER_cum=0.0000e+00
CSV,445008,89000,30,30,0,15330,0,0.000000e+00,0.000000e+00,538931.8,53646184448.0,352126.9,51.83,49.98
BER: SYNC #31 (gated)
CSV,450008,90000,31,30,0,15523,0,0.000000e+00,0.000000e+00,413204.2,46035050496.0,301325.2,51.84,50.47
CSV,455008,91000,31,30,0,15723,0,0.000000e+00,0.000000e+00,481408.9,53008596992.0,321173.2,52.18,50.42
BER: END_SEQ #31 [LOCK] seq_err=0 BER_seq=0.0000e+00 | lock=31 slip=0 BER_cond=0.0000e+00 BER_cum=0.0000e+00
BER: SYNC #32 (gated)
CSV,460008,92000,32,31,0,15845,0,0.000000e+00,0.000000e+00,537141.7,53427257344.0,338221.9,51.99,49.98
CSV,465008,93000,32,31,0,16045,0,0.000000e+00,0.000000e+00,478685.2,47210221568.0,304693.5,51.90,49.94
CSV,470008,94000,32,31,0,16245,0,0.000000e+00,0.000000e+00,454635.8,53309263872.0,320102.8,52.22,50.69
BER: END_SEQ #32 [LOCK] seq_err=0 BER_seq=0.0000e+00 | lock=32 slip=0 BER_cond=0.0000e+00 BER_cum=0.0000e+00
BER: SYNC #33 (gated)
CSV,475008,95000,33,32,0,16368,0,0.000000e+00,0.000000e+00,494178.2,55085297664.0,348060.0,51.99,50.47
CSV,480008,96000,33,32,0,16568,0,0.000000e+00,0.000000e+00,437811.0,46654058496.0,297405.8,51.96,50.28
CSV,485008,97000,33,32,0,16768,0,0.000000e+00,0.000000e+00,448888.8,51850223616.0,308829.2,52.25,50.63
BER: END_SEQ #33 [LOCK] seq_err=0 BER_seq=0.0000e+00 | lock=33 slip=0 BER_cond=0.0000e+00 BER_cum=0.0000e+00
BER: SYNC #34 (gated)
CSV,490008,98000,34,33,0,16891,0,0.000000e+00,0.000000e+00,492604.1,55208677376.0,348419.0,52.00,50.50
CSV,495008,99000,34,33,0,17091,0,0.000000e+00,0.000000e+00,418417.3,46664503296.0,283495.2,52.16,50.47
CSV,500008,100000,34,33,0,17291,0,0.000000e+00,0.000000e+00,484255.7,52406841344.0,305741.3,52.34,50.34
BER: END_SEQ #34 [LOCK] seq_err=0 BER_seq=0.0000e+00 | lock=34 slip=0 BER_cond=0.0000e+00 BER_cum=0.0000e+00
BER: SYNC #35 (gated)
CSV,505008,101000,35,34,0,17414,0,0.000000e+00,0.000000e+00,519049.2,52913799168.0,342604.5,51.89,50.08
CSV,510008,102000,35,34,0,17613,0,0.000000e+00,0.000000e+00,455774.3,48899162112.0,294881.9,52.20,50.31
CSV,515008,103000,35,34,0,17814,0,0.000000e+00,0.000000e+00,460211.4,52137467904.0,313790.9,52.21,50.54
BER: END_SEQ #35 [LOCK] seq_err=0 BER_seq=0.0000e+00 | lock=35 slip=0 BER_cond=0.0000e+00 BER_cum=0.0000e+00
BER: SYNC #36 (gated)
CSV,520008,104000,36,35,0,17936,0,0.000000e+00,0.000000e+00,526672.1,53450420224.0,332645.8,52.06,50.06
CSV,525008,105000,36,35,0,18136,0,0.000000e+00,0.000000e+00,456915.9,48060805120.0,305046.5,51.97,50.22
CSV,530008,106000,36,35,0,18336,0,0.000000e+00,0.000000e+00,430877.6,52214706176.0,306552.5,52.31,50.83
BER: END_SEQ #36 [LOCK] seq_err=0 BER_seq=0.0000e+00 | lock=36 slip=0 BER_cond=0.0000e+00 BER_cum=0.0000e+00
BER: SYNC #37 (gated)
CSV,535008,107000,37,36,0,18459,0,0.000000e+00,0.000000e+00,504538.9,53967073280.0,330740.2,52.13,50.29
CSV,540008,108000,37,36,0,18659,0,0.000000e+00,0.000000e+00,428498.6,45851389952.0,294473.1,51.92,50.29
CSV,545008,109000,37,36,0,18859,0,0.000000e+00,0.000000e+00,452152.2,53078085632.0,331534.0,52.04,50.70
BER: END_SEQ #37 [LOCK] seq_err=0 BER_seq=0.0000e+00 | lock=37 slip=0 BER_cond=0.0000e+00 BER_cum=0.0000e+00
BER: SYNC #38 (gated)
CSV,550008,110000,38,37,0,18982,0,0.000000e+00,0.000000e+00,490951.3,55140601856.0,336288.9,52.15,50.50
CSV,555008,111000,38,37,0,19182,0,0.000000e+00,0.000000e+00,449249.9,45149032448.0,301995.7,51.75,50.02
CSV,560008,112000,38,37,0,19381,0,0.000000e+00,0.000000e+00,455429.6,53836435456.0,305804.1,52.46,50.73
BER: END_SEQ #38 [LOCK] seq_err=0 BER_seq=0.0000e+00 | lock=38 slip=0 BER_cond=0.0000e+00 BER_cum=0.0000e+00
BER: SYNC #39 (gated)
CSV,565008,113000,39,38,0,19505,0,0.000000e+00,0.000000e+00,513099.0,53442408448.0,340273.6,51.96,50.18
CSV,570008,114000,39,38,0,19704,0,0.000000e+00,0.000000e+00,466181.8,47490777088.0,304176.9,51.93,50.08
CSV,575008,115000,39,38,0,19904,0,0.000000e+00,0.000000e+00,467185.5,52499050496.0,308071.0,52.32,50.51
BER: END_SEQ #39 [LOCK] seq_err=0 BER_seq=0.0000e+00 | lock=39 slip=0 BER_cond=0.0000e+00 BER_cum=0.0000e+00
BER: SYNC #40 (gated)
CSV,580008,116000,40,39,0,20027,0,0.000000e+00,0.000000e+00,497877.6,54605660160.0,325613.8,52.25,50.40
CSV,585008,117000,40,39,0,20227,0,0.000000e+00,0.000000e+00,436145.1,45840707584.0,299225.2,51.85,50.22
CSV,590008,118000,40,39,0,20427,0,0.000000e+00,0.000000e+00,432593.5,54518026240.0,289073.2,52.76,51.00
BER: END_SEQ #40 [LOCK] seq_err=0 BER_seq=0.0000e+00 | lock=40 slip=0 BER_cond=0.0000e+00 BER_cum=0.0000e+00
BER: SYNC #41 (gated)
CSV,595008,119000,41,40,0,20550,0,0.000000e+00,0.000000e+00,513834.9,52307226624.0,347722.7,51.77,50.08
CSV,600008,120000,41,40,0,20750,0,0.000000e+00,0.000000e+00,422102.2,47229030400.0,294305.2,52.05,50.49
CSV,605008,121000,41,40,0,20950,0,0.000000e+00,0.000000e+00,399849.8,54523125760.0,259981.9,53.22,51.35
BER: END_SEQ #41 [LOCK] seq_err=0 BER_seq=0.0000e+00 | lock=41 slip=0 BER_cond=0.0000e+00 BER_cum=0.0000e+00
BER: SYNC #42 (gated)
CSV,610008,122000,42,41,0,21072,0,0.000000e+00,0.000000e+00,538835.4,51729326080.0,369207.7,51.46,49.82
CSV,615008,123000,42,41,0,21272,0,0.000000e+00,0.000000e+00,428891.3,47706734592.0,281813.5,52.29,50.46
BER: END_SEQ #42 [LOCK] seq_err=0 BER_seq=0.0000e+00 | lock=42 slip=0 BER_cond=0.0000e+00 BER_cum=0.0000e+00
CSV,620008,124000,42,42,0,21462,0,0.000000e+00,0.000000e+00,438803.4,55126642688.0,305773.6,52.56,50.99
BER: SYNC #43 (gated)
CSV,625008,125000,43,42,0,21595,0,0.000000e+00,0.000000e+00,522089.9,47682232320.0,333157.2,51.56,49.61
CSV,630008,126000,43,42,0,21795,0,0.000000e+00,0.000000e+00,451436.3,52774141952.0,303384.9,52.40,50.68
BER: END_SEQ #43 [LOCK] seq_err=0 BER_seq=0.0000e+00 | lock=43 slip=0 BER_cond=0.0000e+00 BER_cum=0.0000e+00
CSV,635008,127000,43,43,0,21973,0,0.000000e+00,0.000000e+00,488257.8,52344049664.0,321525.6,52.12,50.30
BER: SYNC #44 (gated)
CSV,640008,128000,44,43,0,22118,0,0.000000e+00,0.000000e+00,477060.6,48050520064.0,319014.3,51.78,50.03
CSV,645008,129000,44,43,0,22318,0,0.000000e+00,0.000000e+00,458237.8,51773771776.0,308065.8,52.25,50.53
BER: END_SEQ #44 [LOCK] seq_err=0 BER_seq=0.0000e+00 | lock=44 slip=0 BER_cond=0.0000e+00 BER_cum=0.0000e+00
CSV,650008,130000,44,44,0,22484,0,0.000000e+00,0.000000e+00,473747.9,54122680320.0,342411.9,51.99,50.58
BER: SYNC #45 (gated)
CSV,655008,131000,45,44,0,22641,0,0.000000e+00,0.000000e+00,456821.5,46788792320.0,312442.6,51.75,50.10
CSV,660008,132000,45,44,0,22840,0,0.000000e+00,0.000000e+00,436091.2,54144061440.0,304652.6,52.50,50.94
BER: END_SEQ #45 [LOCK] seq_err=0 BER_seq=0.0000e+00 | lock=45 slip=0 BER_cond=0.0000e+00 BER_cum=0.0000e+00
CSV,665008,133000,45,45,0,22995,0,0.000000e+00,0.000000e+00,479826.1,51837657088.0,328437.2,51.98,50.34
BER: SYNC #46 (gated)
CSV,670008,134000,46,45,0,23163,0,0.000000e+00,0.000000e+00,439996.3,48158863360.0,305791.1,51.97,50.39
CSV,675008,135000,46,45,0,23363,0,0.000000e+00,0.000000e+00,457135.9,52200165376.0,318430.6,52.15,50.58
BER: END_SEQ #46 [LOCK] seq_err=0 BER_seq=0.0000e+00 | lock=46 slip=0 BER_cond=0.0000e+00 BER_cum=0.0000e+00
CSV,680008,136000,46,46,0,23506,0,0.000000e+00,0.000000e+00,520108.0,53650657280.0,346837.8,51.89,50.13
BER: SYNC #47 (gated)
CSV,685008,137000,47,46,0,23686,0,0.000000e+00,0.000000e+00,449453.6,48058617856.0,312170.3,51.87,50.29
CSV,690008,138000,47,46,0,23886,0,0.000000e+00,0.000000e+00,471193.4,53374582784.0,322049.4,52.19,50.54
BER: END_SEQ #47 [LOCK] seq_err=0 BER_seq=0.0000e+00 | lock=47 slip=0 BER_cond=0.0000e+00 BER_cum=0.0000e+00
CSV,695008,139000,47,47,0,24017,0,0.000000e+00,0.000000e+00,538741.4,52549541888.0,331221.2,52.00,49.89
BER: SYNC #48 (gated)
CSV,700008,140000,48,47,0,24209,0,0.000000e+00,0.000000e+00,449405.8,46737612800.0,301554.9,51.90,50.17
CSV,705008,141000,48,47,0,24409,0,0.000000e+00,0.000000e+00,459478.9,51586777088.0,313635.9,52.16,50.50
BER: END_SEQ #48 [LOCK] seq_err=0 BER_seq=0.0000e+00 | lock=48 slip=0 BER_cond=0.0000e+00 BER_cum=0.0000e+00
BER: SYNC #49 (gated)
CSV,710008,142000,49,48,0,24531,0,0.000000e+00,0.000000e+00,489546.8,54778044416.0,344016.5,52.02,50.49
CSV,715008,143000,49,48,0,24731,0,0.000000e+00,0.000000e+00,415327.4,45876797440.0,295380.4,51.91,50.43
CSV,720008,144000,49,48,0,24931,0,0.000000e+00,0.000000e+00,457269.2,54068027392.0,313701.3,52.36,50.73
BER: END_SEQ #49 [LOCK] seq_err=0 BER_seq=0.0000e+00 | lock=49 slip=0 BER_cond=0.0000e+00 BER_cum=0.0000e+00
BER: SYNC #50 (gated)
CSV,725008,145000,50,49,0,25054,0,0.000000e+00,0.000000e+00,482384.5,54292172800.0,312447.3,52.40,50.51
CSV,730008,146000,50,49,0,25254,0,0.000000e+00,0.000000e+00,409937.9,46959833088.0,293447.3,52.04,50.59
CSV,735008,147000,50,49,0,25454,0,0.000000e+00,0.000000e+00,490457.3,51323240448.0,315263.5,52.12,50.20
BER: END_SEQ #50 [LOCK] seq_err=0 BER_seq=0.0000e+00 | lock=50 slip=0 BER_cond=0.0000e+00 BER_cum=0.0000e+00
BER: SYNC #51 (gated)
CSV,740008,148000,51,50,0,25577,0,0.000000e+00,0.000000e+00,521202.7,56057688064.0,335599.8,52.23,50.32
CSV,745008,149000,51,50,0,25777,0,0.000000e+00,0.000000e+00,460872.4,45415366656.0,292113.2,51.92,49.94
CSV,750008,150000,51,50,0,25977,0,0.000000e+00,0.000000e+00,456160.0,53408878592.0,306718.3,52.41,50.68
BER: END_SEQ #51 [LOCK] seq_err=0 BER_seq=0.0000e+00 | lock=51 slip=0 BER_cond=0.0000e+00 BER_cum=0.0000e+00
BER: SYNC #52 (gated)
CSV,755008,151000,52,51,0,26100,0,0.000000e+00,0.000000e+00,523292.8,52158279680.0,344663.6,51.80,49.99
CSV,760008,152000,52,51,0,26300,0,0.000000e+00,0.000000e+00,432602.6,49242234880.0,303322.7,52.10,50.56
CSV,765008,153000,52,51,0,26499,0,0.000000e+00,0.000000e+00,434344.9,51069153280.0,312429.3,52.13,50.70
BER: END_SEQ #52 [LOCK] seq_err=0 BER_seq=0.0000e+00 | lock=52 slip=0 BER_cond=0.0000e+00 BER_cum=0.0000e+00
BER: SYNC #53 (gated)
CSV,770008,154000,53,52,0,26622,0,0.000000e+00,0.000000e+00,491546.9,54264807424.0,341188.8,52.02,50.43
CSV,775008,155000,53,52,0,26822,0,0.000000e+00,0.000000e+00,423615.9,47348862976.0,304037.9,51.92,50.48
CSV,780008,156000,53,52,0,27022,0,0.000000e+00,0.000000e+00,431636.8,52575830016.0,314413.6,52.23,50.86
BER: END_SEQ #53 [LOCK] seq_err=0 BER_seq=0.0000e+00 | lock=53 slip=0 BER_cond=0.0000e+00 BER_cum=0.0000e+00
BER: SYNC #54 (gated)
CSV,785008,157000,54,53,0,27145,0,0.000000e+00,0.000000e+00,470651.7,53028732928.0,324984.8,52.13,50.52
CSV,790008,158000,54,53,0,27345,0,0.000000e+00,0.000000e+00,436345.9,46409322496.0,313979.8,51.70,50.27
CSV,795008,159000,54,53,0,27545,0,0.000000e+00,0.000000e+00,456578.2,52306558976.0,334047.2,51.95,50.59
BER: END_SEQ #54 [LOCK] seq_err=0 BER_seq=0.0000e+00 | lock=54 slip=0 BER_cond=0.0000e+00 BER_cum=0.0000e+00
BER: SYNC #55 (gated)
CSV,800008,160000,55,54,0,27668,0,0.000000e+00,0.000000e+00,493370.8,55778271232.0,338189.7,52.17,50.53
CSV,805008,161000,55,54,0,27868,0,0.000000e+00,0.000000e+00,467235.0,44373954560.0,298261.9,51.73,49.78
CSV,810008,162000,55,54,0,28068,0,0.000000e+00,0.000000e+00,482973.4,54353301504.0,289304.3,52.74,50.51
BER: END_SEQ #55 [LOCK] seq_err=0 BER_seq=0.0000e+00 | lock=55 slip=0 BER_cond=0.0000e+00 BER_cum=0.0000e+00
BER: SYNC #56 (gated)
CSV,815008,163000,56,55,0,28190,0,0.000000e+00,0.000000e+00,514672.0,52847738880.0,336369.2,51.96,50.11
CSV,820008,164000,56,55,0,28390,0,0.000000e+00,0.000000e+00,404451.8,47535054848.0,279538.2,52.31,50.70
CSV,825008,165000,56,55,0,28590,0,0.000000e+00,0.000000e+00,446496.7,52636303360.0,290975.4,52.57,50.71
BER: END_SEQ #56 [LOCK] seq_err=0 BER_seq=0.0000e+00 | lock=56 slip=0 BER_cond=0.0000e+00 BER_cum=0.0000e+00
BER: SYNC #57 (gated)
CSV,830008,166000,57,56,0,28713,0,0.000000e+00,0.000000e+00,508298.3,54122442752.0,337877.0,52.05,50.27
CSV,835008,167000,57,56,0,28913,0,0.000000e+00,0.000000e+00,440020.0,45972750336.0,282093.9,52.12,50.19
CSV,840008,168000,57,56,0,29113,0,0.000000e+00,0.000000e+00,405837.4,53976317952.0,289653.1,52.70,51.24
BER: END_SEQ #57 [LOCK] seq_err=0 BER_seq=0.0000e+00 | lock=57 slip=0 BER_cond=0.0000e+00 BER_cum=0.0000e+00
BER: SYNC #58 (gated)
CSV,845008,169000,58,57,0,29236,0,0.000000e+00,0.000000e+00,533524.5,52782317568.0,348700.1,51.80,49.95
CSV,850008,170000,58,57,0,29436,0,0.000000e+00,0.000000e+00,431782.8,46973272064.0,271521.9,52.38,50.37
CSV,855008,171000,58,57,0,29636,0,0.000000e+00,0.000000e+00,432880.8,54079766528.0,295035.9,52.63,50.97
BER: END_SEQ #58 [LOCK] seq_err=0 BER_seq=0.0000e+00 | lock=58 slip=0 BER_cond=0.0000e+00 BER_cum=0.0000e+00
BER: SYNC #59 (gated)
CSV,860008,172000,59,58,0,29759,0,0.000000e+00,0.000000e+00,527546.6,51464732672.0,340047.6,51.80,49.89
CSV,865008,173000,59,58,0,29958,0,0.000000e+00,0.000000e+00,434071.0,47673434112.0,311159.1,51.85,50.41
BER: END_SEQ #59 [LOCK] seq_err=0 BER_seq=0.0000e+00 | lock=59 slip=0 BER_cond=0.0000e+00 BER_cum=0.0000e+00
CSV,870008,174000,59,59,0,30149,0,0.000000e+00,0.000000e+00,479103.2,54598344704.0,300478.2,52.59,50.57
BER: SYNC #60 (gated)
CSV,875008,175000,60,59,0,30281,0,0.000000e+00,0.000000e+00,503276.1,48216014848.0,340629.7,51.51,49.81
CSV,880008,176000,60,59,0,30481,0,0.000000e+00,0.000000e+00,446905.8,52028547072.0,314768.5,52.18,50.66
BER: END_SEQ #60 [LOCK] seq_err=0 BER_seq=0.0000e+00 | lock=60 slip=0 BER_cond=0.0000e+00 BER_cum=0.0000e+00
CSV,885008,177000,60,60,0,30660,0,0.000000e+00,0.000000e+00,502438.8,52563578880.0,321055.6,52.14,50.20
BER: SYNC #61 (gated)
CSV,890008,178000,61,60,0,30804,0,0.000000e+00,0.000000e+00,498292.0,47424344064.0,331448.7,51.56,49.79
CSV,895008,179000,61,60,0,31004,0,0.000000e+00,0.000000e+00,463909.3,51961364480.0,325467.3,52.03,50.49
BER: END_SEQ #61 [LOCK] seq_err=0 BER_seq=0.0000e+00 | lock=61 slip=0 BER_cond=0.0000e+00 BER_cum=0.0000e+00
CSV,900008,180000,61,61,0,31171,0,0.000000e+00,0.000000e+00,464186.3,54038048768.0,327667.9,52.17,50.66
BER: SYNC #62 (gated)
CSV,905008,181000,62,61,0,31327,0,0.000000e+00,0.000000e+00,467884.4,47278395392.0,314831.5,51.77,50.05
CSV,910008,182000,62,61,0,31527,0,0.000000e+00,0.000000e+00,448034.2,53952012288.0,317349.2,52.30,50.81
BER: END_SEQ #62 [LOCK] seq_err=0 BER_seq=0.0000e+00 | lock=62 slip=0 BER_cond=0.0000e+00 BER_cum=0.0000e+00
CSV,915008,183000,62,62,0,31682,0,0.000000e+00,0.000000e+00,493984.1,51641577472.0,326989.1,51.98,50.19
BER: SYNC #63 (gated)
CSV,920008,184000,63,62,0,31849,0,0.000000e+00,0.000000e+00,448726.6,47433662464.0,292005.4,52.11,50.24
CSV,925008,185000,63,62,0,32049,0,0.000000e+00,0.000000e+00,455452.4,52704964608.0,297375.9,52.49,50.63
BER: END_SEQ #63 [LOCK] seq_err=0 BER_seq=0.0000e+00 | lock=63 slip=0 BER_cond=0.0000e+00 BER_cum=0.0000e+00
CSV,930008,186000,63,63,0,32193,0,0.000000e+00,0.000000e+00,560362.1,53334020096.0,348529.1,51.85,49.79
BER: SYNC #64 (gated)
CSV,935008,187000,64,63,0,32372,0,0.000000e+00,0.000000e+00,410166.2,48294342656.0,295164.6,52.14,50.71
CSV,940008,188000,64,63,0,32572,0,0.000000e+00,0.000000e+00,476080.8,53125623808.0,307518.3,52.37,50.48
BER: END_SEQ #64 [LOCK] seq_err=0 BER_seq=0.0000e+00 | lock=64 slip=0 BER_cond=0.0000e+00 BER_cum=0.0000e+00
CSV,945008,189000,64,64,0,32704,0,0.000000e+00,0.000000e+00,545360.1,52893745152.0,343612.9,51.87,49.87
BER: SYNC #65 (gated)
CSV,950008,190000,65,64,0,32895,0,0.000000e+00,0.000000e+00,462071.6,46491443200.0,281640.8,52.18,50.03
CSV,955008,191000,65,64,0,33095,0,0.000000e+00,0.000000e+00,460435.8,52337704960.0,304576.5,52.35,50.56
BER: END_SEQ #65 [LOCK] seq_err=0 BER_seq=0.0000e+00 | lock=65 slip=0 BER_cond=0.0000e+00 BER_cum=0.0000e+00
BER: SYNC #66 (gated)
CSV,960008,192000,66,65,0,33218,0,0.000000e+00,0.000000e+00,479479.1,54074249216.0,353204.2,51.85,50.52
CSV,965008,193000,66,65,0,33417,0,0.000000e+00,0.000000e+00,433775.9,46561726464.0,288789.4,52.07,50.31
CSV,970008,194000,66,65,0,33617,0,0.000000e+00,0.000000e+00,449295.6,53183660032.0,312280.8,52.31,50.73
BER: END_SEQ #66 [LOCK] seq_err=0 BER_seq=0.0000e+00 | lock=66 slip=0 BER_cond=0.0000e+00 BER_cum=0.0000e+00
BER: SYNC #67 (gated)
CSV,975008,195000,67,66,0,33740,0,0.000000e+00,0.000000e+00,503904.2,55078801408.0,346371.5,52.01,50.39
CSV,980008,196000,67,66,0,33940,0,0.000000e+00,0.000000e+00,416140.7,46022336512.0,314032.8,51.66,50.44
CSV,985008,197000,67,66,0,34140,0,0.000000e+00,0.000000e+00,483568.5,52468609024.0,335064.4,51.95,50.35
BER: END_SEQ #67 [LOCK] seq_err=0 BER_seq=0.0000e+00 | lock=67 slip=0 BER_cond=0.0000e+00 BER_cum=0.0000e+00
BER: SYNC #68 (gated)
CSV,990008,198000,68,67,0,34263,0,0.000000e+00,0.000000e+00,540420.6,54542376960.0,352832.8,51.89,50.04
CSV,995008,199000,68,67,0,34463,0,0.000000e+00,0.000000e+00,430392.2,46124843008.0,307541.8,51.76,50.30
CSV,1000008,200000,68,67,0,34663,0,0.000000e+00,0.000000e+00,443766.5,52575776768.0,317685.6,52.19,50.74
BER: END_SEQ #68 [LOCK] seq_err=0 BER_seq=0.0000e+00 | lock=68 slip=0 BER_cond=0.0000e+00 BER_cum=0.0000e+00
BER: SYNC #69 (gated)
CSV,1005008,201000,69,68,0,34786,0,0.000000e+00,0.000000e+00,542302.9,53183029248.0,340302.8,51.94,49.92
CSV,1010008,202000,69,68,0,34986,0,0.000000e+00,0.000000e+00,458988.9,48295870464.0,294955.6,52.14,50.22
CSV,1015008,203000,69,68,0,35186,0,0.000000e+00,0.000000e+00,422025.8,52541587456.0,312844.1,52.25,50.95
BER: END_SEQ #69 [LOCK] seq_err=0 BER_seq=0.0000e+00 | lock=69 slip=0 BER_cond=0.0000e+00 BER_cum=0.0000e+00
BER: SYNC #70 (gated)
CSV,1020008,204000,70,69,0,35308,0,0.000000e+00,0.000000e+00,485305.3,52531138560.0,339193.5,51.90,50.34
CSV,1025008,205000,70,69,0,35508,0,0.000000e+00,0.000000e+00,426110.8,48224915456.0,303758.0,52.01,50.54
CSV,1030008,206000,70,69,0,35708,0,0.000000e+00,0.000000e+00,451259.9,51819343872.0,302050.2,52.34,50.60
BER: END_SEQ #70 [LOCK] seq_err=0 BER_seq=0.0000e+00 | lock=70 slip=0 BER_cond=0.0000e+00 BER_cum=0.0000e+00
BER: SYNC #71 (gated)
CSV,1035008,207000,71,70,0,35831,0,0.000000e+00,0.000000e+00,469621.4,53951848448.0,324378.5,52.21,50.60
CSV,1040008,208000,71,70,0,36031,0,0.000000e+00,0.000000e+00,437182.1,45793103872.0,282108.2,52.10,50.20
CSV,1045008,209000,71,70,0,36231,0,0.000000e+00,0.000000e+00,478998.0,52828516352.0,290197.7,52.60,50.43
BER: END_SEQ #71 [LOCK] seq_err=0 BER_seq=0.0000e+00 | lock=71 slip=0 BER_cond=0.0000e+00 BER_cum=0.0000e+00
BER: SYNC #72 (gated)
CSV,1050008,210000,72,71,0,36354,0,0.000000e+00,0.000000e+00,495343.8,54870577152.0,325030.8,52.27,50.44
CSV,1055008,211000,72,71,0,36554,0,0.000000e+00,0.000000e+00,470111.0,44896960512.0,297133.6,51.79,49.80
CSV,1060008,212000,72,71,0,36754,0,0.000000e+00,0.000000e+00,461205.5,53294522368.0,309381.0,52.36,50.63
BER: END_SEQ #72 [LOCK] seq_err=0 BER_seq=0.0000e+00 | lock=72 slip=0 BER_cond=0.0000e+00 BER_cum=0.0000e+00
BER: SYNC #73 (gated)
CSV,1065008,213000,73,72,0,36876,0,0.000000e+00,0.000000e+00,516370.2,54781612032.0,316431.9,52.38,50.26
CSV,1070008,214000,73,72,0,37077,0,0.000000e+00,0.000000e+00,444278.6,45936705536.0,317092.9,51.61,50.15
CSV,1075008,215000,73,72,0,37276,0,0.000000e+00,0.000000e+00,443598.0,53944512512.0,317607.2,52.30,50.85
BER: END_SEQ #73 [LOCK] seq_err=0 BER_seq=0.0000e+00 | lock=73 slip=0 BER_cond=0.0000e+00 BER_cum=0.0000e+00
BER: SYNC #74 (gated)
CSV,1080008,216000,74,73,0,37399,0,0.000000e+00,0.000000e+00,494212.1,53139812352.0,332952.0,52.03,50.32
CSV,1085008,217000,74,73,0,37599,0,0.000000e+00,0.000000e+00,435141.9,47072796672.0,324171.7,51.62,50.34
CSV,1090008,218000,74,73,0,37799,0,0.000000e+00,0.000000e+00,414286.0,52800999424.0,320828.7,52.16,51.05
BER: END_SEQ #74 [LOCK] seq_err=0 BER_seq=0.0000e+00 | lock=74 slip=0 BER_cond=0.0000e+00 BER_cum=0.0000e+00
BER: SYNC #75 (gated)
CSV,1095008,219000,75,74,0,37922,0,0.000000e+00,0.000000e+00,536877.8,54320070656.0,326826.5,52.21,50.05
CSV,1100008,220000,75,74,0,38122,0,0.000000e+00,0.000000e+00,432616.8,46401073152.0,302789.6,51.85,50.30
CSV,1105008,221000,75,74,0,38322,0,0.000000e+00,0.000000e+00,436461.8,54759866368.0,307972.5,52.50,50.99
BER: END_SEQ #75 [LOCK] seq_err=0 BER_seq=0.0000e+00 | lock=75 slip=0 BER_cond=0.0000e+00 BER_cum=0.0000e+00
BER: SYNC #76 (gated)
CSV,1110008,222000,76,75,0,38445,0,0.000000e+00,0.000000e+00,530665.6,50494734336.0,344931.6,51.66,49.78
CSV,1115008,223000,76,75,0,38645,0,0.000000e+00,0.000000e+00,438522.2,49337978880.0,290584.2,52.30,50.51
BER: END_SEQ #76 [LOCK] seq_err=0 BER_seq=0.0000e+00 | lock=76 slip=0 BER_cond=0.0000e+00 BER_cum=0.0000e+00
CSV,1120008,224000,76,76,0,38836,0,0.000000e+00,0.000000e+00,497647.8,53319688192.0,287424.7,52.68,50.30
BER: SYNC #77 (gated)
CSV,1125008,225000,77,76,0,38967,0,0.000000e+00,0.000000e+00,492815.0,49571250176.0,344950.4,51.57,50.03
CSV,1130008,226000,77,76,0,39167,0,0.000000e+00,0.000000e+00,424551.7,50838958080.0,269119.0,52.76,50.78
BER: END_SEQ #77 [LOCK] seq_err=0 BER_seq=0.0000e+00 | lock=77 slip=0 BER_cond=0.0000e+00 BER_cum=0.0000e+00
CSV,1135008,227000,77,77,0,39347,0,0.000000e+00,0.000000e+00,480700.6,53455736832.0,316711.4,52.27,50.46
BER: SYNC #78 (gated)
CSV,1140008,228000,78,77,0,39490,0,0.000000e+00,0.000000e+00,485109.3,46526291968.0,314640.0,51.70,49.82
CSV,1145008,229000,78,77,0,39690,0,0.000000e+00,0.000000e+00,432985.3,52814200832.0,280133.6,52.75,50.86
BER: END_SEQ #78 [LOCK] seq_err=0 BER_seq=0.0000e+00 | lock=78 slip=0 BER_cond=0.0000e+00 BER_cum=0.0000e+00
CSV,1150008,230000,78,78,0,39858,0,0.000000e+00,0.000000e+00,438925.3,53003186176.0,322106.7,52.16,50.82
BER: SYNC #79 (gated)
CSV,1155008,231000,79,78,0,40013,0,0.000000e+00,0.000000e+00,477522.3,48039768064.0,313388.2,51.86,50.03
CSV,1160008,232000,79,78,0,40213,0,0.000000e+00,0.000000e+00,446186.7,52664115200.0,286455.5,52.64,50.72
BER: END_SEQ #79 [LOCK] seq_err=0 BER_seq=0.0000e+00 | lock=79 slip=0 BER_cond=0.0000e+00 BER_cum=0.0000e+00
CSV,1165008,233000,79,79,0,40369,0,0.000000e+00,0.000000e+00,487169.1,53020168192.0,340200.4,51.93,50.37
BER: SYNC #80 (gated)
CSV,1170008,234000,80,79,0,40535,0,0.000000e+00,0.000000e+00,448312.6,46254329856.0,306696.8,51.78,50.14
CSV,1175008,235000,80,79,0,40735,0,0.000000e+00,0.000000e+00,459595.9,53810860032.0,314691.4,52.33,50.68
BER: END_SEQ #80 [LOCK] seq_err=0 BER_seq=0.0000e+00 | lock=80 slip=0 BER_cond=0.0000e+00 BER_cum=0.0000e+00
CSV,1180008,236000,80,80,0,40880,0,0.000000e+00,0.000000e+00,559021.0,52093583360.0,362552.6,51.57,49.69
BER: SYNC #81 (gated)
CSV,1185008,237000,81,80,0,41058,0,0.000000e+00,0.000000e+00,430039.1,48654602240.0,297179.4,52.14,50.54
CSV,1190008,238000,81,80,0,41258,0,0.000000e+00,0.000000e+00,453965.2,52567101440.0,311084.8,52.28,50.64
BER: END_SEQ #81 [LOCK] seq_err=0 BER_seq=0.0000e+00 | lock=81 slip=0 BER_cond=0.0000e+00 BER_cum=0.0000e+00
CSV,1195008,239000,81,81,0,41391,0,0.000000e+00,0.000000e+00,528994.4,53544796160.0,368716.9,51.62,50.05
BER: SYNC #82 (gated)
CSV,1200008,240000,82,81,0,41581,0,0.000000e+00,0.000000e+00,435007.4,46134530048.0,310409.1,51.72,50.26
CSV,1205008,241000,82,81,0,41781,0,0.000000e+00,0.000000e+00,437967.7,52821241856.0,306138.1,52.37,50.81
BER: END_SEQ #82 [LOCK] seq_err=0 BER_seq=0.0000e+00 | lock=82 slip=0 BER_cond=0.0000e+00 BER_cum=0.0000e+00
BER: SYNC #83 (gated)
CSV,1210008,242000,83,82,0,41904,0,0.000000e+00,0.000000e+00,491457.8,53089767424.0,344007.7,51.88,50.34
CSV,1215008,243000,83,82,0,42104,0,0.000000e+00,0.000000e+00,427198.8,47126228992.0,279805.0,52.26,50.43
CSV,1220008,244000,83,82,0,42303,0,0.000000e+00,0.000000e+00,441108.1,52085006336.0,304611.0,52.33,50.72
BER: END_SEQ #83 [LOCK] seq_err=0 BER_seq=0.0000e+00 | lock=83 slip=0 BER_cond=0.0000e+00 BER_cum=0.0000e+00
BER: SYNC #84 (gated)
CSV,1225008,245000,84,83,0,42426,0,0.000000e+00,0.000000e+00,508835.7,55874031616.0,354032.5,51.98,50.41
CSV,1230008,246000,84,83,0,42626,0,0.000000e+00,0.000000e+00,417530.2,45985288192.0,280859.7,52.14,50.42
CSV,1235008,247000,84,83,0,42826,0,0.000000e+00,0.000000e+00,471458.3,52860207104.0,295920.5,52.52,50.50
BER: END_SEQ #84 [LOCK] seq_err=0 BER_seq=0.0000e+00 | lock=84 slip=0 BER_cond=0.0000e+00 BER_cum=0.0000e+00
BER: SYNC #85 (gated)
CSV,1240008,248000,85,84,0,42949,0,0.000000e+00,0.000000e+00,529164.9,53448179712.0,332484.8,52.06,50.04
CSV,1245008,249000,85,84,0,43149,0,0.000000e+00,0.000000e+00,437962.3,46847639552.0,289493.3,52.09,50.29
CSV,1250008,250000,85,84,0,43349,0,0.000000e+00,0.000000e+00,445595.2,52193435648.0,293128.0,52.51,50.69
BER: END_SEQ #85 [LOCK] seq_err=0 BER_seq=0.0000e+00 | lock=85 slip=0 BER_cond=0.0000e+00 BER_cum=0.0000e+00
BER: SYNC #86 (gated)
CSV,1255008,251000,86,85,0,43472,0,0.000000e+00,0.000000e+00,547011.9,53857525760.0,334601.5,52.07,49.93
CSV,1260008,252000,86,85,0,43672,0,0.000000e+00,0.000000e+00,471253.8,47477284864.0,293275.2,52.09,50.03
CSV,1265008,253000,86,85,0,43871,0,0.000000e+00,0.000000e+00,423655.0,52887257088.0,299605.3,52.47,50.96
BER: END_SEQ #86 [LOCK] seq_err=0 BER_seq=0.0000e+00 | lock=86 slip=0 BER_cond=0.0000e+00 BER_cum=0.0000e+00
BER: SYNC #87 (gated)
CSV,1270008,254000,87,86,0,43995,0,0.000000e+00,0.000000e+00,517573.2,52656222208.0,339201.7,51.91,50.07
CSV,1275008,255000,87,86,0,44194,0,0.000000e+00,0.000000e+00,439729.8,48258940928.0,316511.2,51.83,50.40
CSV,1280008,256000,87,86,0,44394,0,0.000000e+00,0.000000e+00,419521.2,51741962240.0,311574.5,52.20,50.91
BER: END_SEQ #87 [LOCK] seq_err=0 BER_seq=0.0000e+00 | lock=87 slip=0 BER_cond=0.0000e+00 BER_cum=0.0000e+00
BER: SYNC #88 (gated)
CSV,1285008,257000,88,87,0,44517,0,0.000000e+00,0.000000e+00,493209.9,53980413952.0,348493.1,51.90,50.39
CSV,1290008,258000,88,87,0,44717,0,0.000000e+00,0.000000e+00,427144.3,46173237248.0,295676.4,51.94,50.34
CSV,1295008,259000,88,87,0,44917,0,0.000000e+00,0.000000e+00,451528.4,52826050560.0,321152.1,52.16,50.68
BER: END_SEQ #88 [LOCK] seq_err=0 BER_seq=0.0000e+00 | lock=88 slip=0 BER_cond=0.0000e+00 BER_cum=0.0000e+00
BER: SYNC #89 (gated)
CSV,1300008,260000,89,88,0,45040,0,0.000000e+00,0.000000e+00,507536.4,54944165888.0,339365.2,52.09,50.34
CSV,1305008,261000,89,88,0,45240,0,0.000000e+00,0.000000e+00,450263.7,44887920640.0,279305.3,52.06,49.99
CSV,1310008,262000,89,88,0,45440,0,0.000000e+00,0.000000e+00,472374.3,52819709952.0,295376.2,52.52,50.49
BER: END_SEQ #89 [LOCK] seq_err=0 BER_seq=0.0000e+00 | lock=89 slip=0 BER_cond=0.0000e+00 BER_cum=0.0000e+00
BER: SYNC #90 (gated)
CSV,1315008,263000,90,89,0,45563,0,0.000000e+00,0.000000e+00,506053.5,54958243840.0,336375.8,52.13,50.36
CSV,1320008,264000,90,89,0,45763,0,0.000000e+00,0.000000e+00,421691.4,45448368128.0,270635.0,52.25,50.33
CSV,1325008,265000,90,89,0,45962,0,0.000000e+00,0.000000e+00,454460.9,54214328320.0,296890.1,52.62,50.77
BER: END_SEQ #90 [LOCK] seq_err=0 BER_seq=0.0000e+00 | lock=90 slip=0 BER_cond=0.0000e+00 BER_cum=0.0000e+00
BER: SYNC #91 (gated)
CSV,1330008,266000,91,90,0,46085,0,0.000000e+00,0.000000e+00,518270.2,52910460928.0,344411.6,51.86,50.09
CSV,1335008,267000,91,90,0,46285,0,0.000000e+00,0.000000e+00,429219.9,46857134080.0,280967.2,52.22,50.38
CSV,1340008,268000,91,90,0,46485,0,0.000000e+00,0.000000e+00,435989.7,52865449984.0,289151.0,52.62,50.84
BER: END_SEQ #91 [LOCK] seq_err=0 BER_seq=0.0000e+00 | lock=91 slip=0 BER_cond=0.0000e+00 BER_cum=0.0000e+00
BER: SYNC #92 (gated)
CSV,1345008,269000,92,91,0,46608,0,0.000000e+00,0.000000e+00,535229.2,54026387456.0,348902.8,51.90,50.04
CSV,1350008,270000,92,91,0,46808,0,0.000000e+00,0.000000e+00,445293.8,46190432256.0,289598.9,52.03,50.16
CSV,1355008,271000,92,91,0,47008,0,0.000000e+00,0.000000e+00,425326.8,54055067648.0,293907.2,52.65,51.04
BER: END_SEQ #92 [LOCK] seq_err=0 BER_seq=0.0000e+00 | lock=92 slip=0 BER_cond=0.0000e+00 BER_cum=0.0000e+00
BER: SYNC #93 (gated)
CSV,1360008,272000,93,92,0,47131,0,0.000000e+00,0.000000e+00,516897.4,51480272896.0,353080.7,51.64,49.98
CSV,1365008,273000,93,92,0,47331,0,0.000000e+00,0.000000e+00,445089.1,48340606976.0,318078.3,51.82,50.36
BER: END_SEQ #93 [LOCK] seq_err=0 BER_seq=0.0000e+00 | lock=93 slip=0 BER_cond=0.0000e+00 BER_cum=0.0000e+00
CSV,1370008,274000,93,93,0,47523,0,0.000000e+00,0.000000e+00,471216.2,54092111872.0,318276.0,52.30,50.60
BER: SYNC #94 (gated)
CSV,1375008,275000,94,93,0,47653,0,0.000000e+00,0.000000e+00,506069.6,48867954688.0,332668.5,51.67,49.85
CSV,1380008,276000,94,93,0,47853,0,0.000000e+00,0.000000e+00,449766.8,50800373760.0,321390.8,51.99,50.53
BER: END_SEQ #94 [LOCK] seq_err=0 BER_seq=0.0000e+00 | lock=94 slip=0 BER_cond=0.0000e+00 BER_cum=0.0000e+00
CSV,1385008,277000,94,94,0,48034,0,0.000000e+00,0.000000e+00,501455.1,53383737344.0,296580.9,52.55,50.27
BER: SYNC #95 (gated)
CSV,1390008,278000,95,94,0,48176,0,0.000000e+00,0.000000e+00,492728.1,47495131136.0,314752.4,51.79,49.84
CSV,1395008,279000,95,94,0,48376,0,0.000000e+00,0.000000e+00,452203.7,52028076032.0,288348.2,52.56,50.61
BER: END_SEQ #95 [LOCK] seq_err=0 BER_seq=0.0000e+00 | lock=95 slip=0 BER_cond=0.0000e+00 BER_cum=0.0000e+00
CSV,1400008,280000,95,95,0,48545,0,0.000000e+00,0.000000e+00,449665.6,53413130240.0,310726.5,52.35,50.75
BER: SYNC #96 (gated)
CSV,1405008,281000,96,95,0,48699,0,0.000000e+00,0.000000e+00,452119.6,47332868096.0,325090.9,51.63,50.20
CSV,1410008,282000,96,95,0,48899,0,0.000000e+00,0.000000e+00,446090.3,53098573824.0,274856.4,52.86,50.76
BER: END_SEQ #96 [LOCK] seq_err=0 BER_seq=0.0000e+00 | lock=96 slip=0 BER_cond=0.0000e+00 BER_cum=0.0000e+00
CSV,1415008,283000,96,96,0,49056,0,0.000000e+00,0.000000e+00,463738.6,52752859136.0,324788.1,52.11,50.56
BER: SYNC #97 (gated)
CSV,1420008,284000,97,96,0,49222,0,0.000000e+00,0.000000e+00,436102.9,47464525824.0,296795.1,52.04,50.37
CSV,1425008,285000,97,96,0,49421,0,0.000000e+00,0.000000e+00,458278.8,52718215168.0,279524.6,52.76,50.61
BER: END_SEQ #97 [LOCK] seq_err=0 BER_seq=0.0000e+00 | lock=97 slip=0 BER_cond=0.0000e+00 BER_cum=0.0000e+00
CSV,1430008,286000,97,97,0,49567,0,0.000000e+00,0.000000e+00,521322.8,52725891072.0,341707.2,51.88,50.05
BER: SYNC #98 (gated)
CSV,1435008,287000,98,97,0,49744,0,0.000000e+00,0.000000e+00,428397.8,47984115712.0,309399.4,51.91,50.49
CSV,1440008,288000,98,97,0,49944,0,0.000000e+00,0.000000e+00,449163.1,53325234176.0,300350.1,52.49,50.75
BER: END_SEQ #98 [LOCK] seq_err=0 BER_seq=0.0000e+00 | lock=98 slip=0 BER_cond=0.0000e+00 BER_cum=0.0000e+00
CSV,1445008,289000,98,98,0,50078,0,0.000000e+00,0.000000e+00,567919.4,52706893824.0,348890.3,51.79,49.68
BER: SYNC #99 (gated)
CSV,1450008,290000,99,98,0,50267,0,0.000000e+00,0.000000e+00,420828.2,47124631552.0,304324.2,51.90,50.49
CSV,1455008,291000,99,98,0,50467,0,0.000000e+00,0.000000e+00,445256.8,52118761472.0,311179.6,52.24,50.68
BER: END_SEQ #99 [LOCK] seq_err=0 BER_seq=0.0000e+00 | lock=99 slip=0 BER_cond=0.0000e+00 BER_cum=0.0000e+00
BER: SYNC #100 (gated)
CSV,1460008,292000,100,99,0,50590,0,0.000000e+00,0.000000e+00,528911.1,54366797824.0,361057.8,51.78,50.12
CSV,1465008,293000,100,99,0,50790,0,0.000000e+00,0.000000e+00,451135.0,45873754112.0,304925.7,51.77,50.07
CSV,1470008,294000,100,99,0,50989,0,0.000000e+00,0.000000e+00,433670.4,53396996096.0,312921.9,52.32,50.90
BER: END_SEQ #100 [LOCK] seq_err=0 BER_seq=0.0000e+00 | lock=100 slip=0 BER_cond=0.0000e+00 BER_cum=0.0000e+00
BER: SYNC #101 (gated)
CSV,1475008,295000,101,100,0,51113,0,0.000000e+00,0.000000e+00,494500.1,54239850496.0,339896.2,52.03,50.40
CSV,1480008,296000,101,100,0,51312,0,0.000000e+00,0.000000e+00,432839.5,47235047424.0,284667.0,52.20,50.38
CSV,1485008,297000,101,100,0,51512,0,0.000000e+00,0.000000e+00,455750.8,52081803264.0,319775.4,52.12,50.58
BER: END_SEQ #101 [LOCK] seq_err=0 BER_seq=0.0000e+00 | lock=101 slip=0 BER_cond=0.0000e+00 BER_cum=0.0000e+00
BER: SYNC #102 (gated)
CSV,1490008,298000,102,101,0,51635,0,0.000000e+00,0.000000e+00,497251.4,54247956480.0,328522.0,52.18,50.38
CSV,1495008,299000,102,101,0,51835,0,0.000000e+00,0.000000e+00,404691.8,45876969472.0,291697.2,51.97,50.54
CSV,1500008,300000,102,101,0,52035,0,0.000000e+00,0.000000e+00,480831.4,53062746112.0,297726.7,52.51,50.43
BER: END_SEQ #102 [LOCK] seq_err=0 BER_seq=0.0000e+00 | lock=102 slip=0 BER_cond=0.0000e+00 BER_cum=0.0000e+00

=========================================
=== END OF TEST (duration=25 min) ===
=========================================
FINAL: syncs=102 lock=102 slip=0 slip_rate=0.0000
FINAL: bits_cum=52122 err_cum=0 BER_cum=0.0000e+00
FINAL: bits_lock=52122 err_lock=0 BER_cond=0.0000e+00
=========================================
=== STOP LOGGING NOW ===
=========================================
