

=== RX BOOT - BER TEST MODE ===
BPS_MODE=20 (HALF_SAMPLES=2000, 10000 samples/bit @ 200000 Hz)
Expect: 64-bit preamble + Barker13 (1F35h, gated by 8 preamble bits = 0x55) + 511-bit PRBS-9
Noise floor band: 5000 Hz; lock threshold: BER<0.10
Auto-stop: test will halt 25 min after the first sync.
RX: edge-tracking sync, center-3 voting
Starting decoder...

CSV,5010,500,0,0,0,0,0,0.000000e+00,0.000000e+00,1820845568.0,1820707072.0,27329.9,48.24,0.00
BER: SYNC #1 (gated)
CSV,10010,1000,1,0,0,79,0,0.000000e+00,0.000000e+00,1763405824.0,1999301632.0,22418.6,49.50,0.55
CSV,15010,1500,1,0,0,179,0,0.000000e+00,0.000000e+00,2255340288.0,1603753728.0,22820.6,49.95,1.48
CSV,20010,2000,1,0,0,279,0,0.000000e+00,0.000000e+00,2003830144.0,1744772992.0,25221.6,49.00,0.60
CSV,25010,2500,1,0,0,379,0,0.000000e+00,0.000000e+00,1545704832.0,2140563968.0,25193.1,49.29,1.41
CSV,30010,3000,1,0,0,479,0,0.000000e+00,0.000000e+00,1931063168.0,1827859968.0,25141.7,48.85,0.24
BER: END_SEQ #1 [LOCK] seq_err=0 BER_seq=0.0000e+00 | lock=1 slip=0 BER_cond=0.0000e+00 BER_cum=0.0000e+00
CSV,35010,3500,1,1,0,511,0,0.000000e+00,0.000000e+00,1660664064.0,2105630592.0,25935.3,49.09,1.03
BER: SYNC #2 (gated)
CSV,40010,4000,2,1,0,601,0,0.000000e+00,0.000000e+00,1852352768.0,1837348992.0,24748.9,48.74,0.04
CSV,45010,4500,2,1,0,701,0,0.000000e+00,0.000000e+00,2153497600.0,1524871040.0,22560.2,49.80,1.50
CSV,50010,5000,2,1,0,801,0,0.000000e+00,0.000000e+00,1858067968.0,1919293952.0,24715.9,48.90,0.14
CSV,55010,5500,2,1,0,901,0,0.000000e+00,0.000000e+00,1785408000.0,1927182080.0,25814.7,48.73,0.33
CSV,60010,6000,2,1,0,1001,0,0.000000e+00,0.000000e+00,1801362560.0,1847641088.0,24212.4,48.83,0.11
BER: END_SEQ #2 [LOCK] seq_err=0 BER_seq=0.0000e+00 | lock=2 slip=0 BER_cond=0.0000e+00 BER_cum=0.0000e+00
BER: SYNC #3 (gated)
CSV,65010,6500,3,2,0,1024,0,0.000000e+00,0.000000e+00,1574421248.0,2046052096.0,27416.3,48.73,1.14
CSV,70010,7000,3,2,0,1124,0,0.000000e+00,0.000000e+00,1830923392.0,1933365376.0,25015.8,48.88,0.24
CSV,75010,7500,3,2,0,1224,0,0.000000e+00,0.000000e+00,2198478592.0,1453925888.0,22549.8,49.89,1.80
CSV,80010,8000,3,2,0,1324,0,0.000000e+00,0.000000e+00,1766722688.0,1868244480.0,21166.3,49.46,0.24
CSV,85010,8500,3,2,0,1424,0,0.000000e+00,0.000000e+00,1750800384.0,1963612928.0,25372.0,48.89,0.50
CSV,90010,9000,3,2,0,1524,0,0.000000e+00,0.000000e+00,1829157376.0,1887019904.0,23159.7,49.11,0.14
BER: END_SEQ #3 [LOCK] seq_err=0 BER_seq=0.0000e+00 | lock=3 slip=0 BER_cond=0.0000e+00 BER_cum=0.0000e+00
BER: SYNC #4 (gated)
CSV,95010,9500,4,3,0,1547,0,0.000000e+00,0.000000e+00,1467599872.0,2066429568.0,26803.0,48.87,1.49
CSV,100010,10000,4,3,0,1647,0,0.000000e+00,0.000000e+00,1869766272.0,1763323776.0,23170.0,49.07,0.25
CSV,105010,10500,4,3,0,1747,0,0.000000e+00,0.000000e+00,2143475584.0,1599594752.0,28286.7,48.80,1.27
CSV,110010,11000,4,3,0,1847,0,0.000000e+00,0.000000e+00,1822011904.0,1812374784.0,26671.8,48.34,0.02
CSV,115010,11500,4,3,0,1947,0,0.000000e+00,0.000000e+00,1684892288.0,1909651712.0,27416.1,48.43,0.54
BER: END_SEQ #4 [LOCK] seq_err=0 BER_seq=0.0000e+00 | lock=4 slip=0 BER_cond=0.0000e+00 BER_cum=0.0000e+00
CSV,120010,12000,4,4,0,2044,0,0.000000e+00,0.000000e+00,1687736576.0,1986207616.0,22353.4,49.49,0.71
BER: SYNC #5 (gated)
CSV,125010,12500,5,4,0,2070,0,0.000000e+00,0.000000e+00,1702780800.0,1991024384.0,27788.5,48.55,0.68
CSV,130010,13000,5,4,0,2169,0,0.000000e+00,0.000000e+00,1989811072.0,1606256256.0,25440.2,48.93,0.93
CSV,135010,13500,5,4,0,2269,0,0.000000e+00,0.000000e+00,1949516032.0,1644540288.0,27453.0,48.51,0.74
CSV,140010,14000,5,4,0,2369,0,0.000000e+00,0.000000e+00,1790450944.0,1916053632.0,27970.6,48.36,0.29
CSV,145010,14500,5,4,0,2469,0,0.000000e+00,0.000000e+00,1739227008.0,1890560256.0,23554.3,49.05,0.36
BER: END_SEQ #5 [LOCK] seq_err=0 BER_seq=0.0000e+00 | lock=5 slip=0 BER_cond=0.0000e+00 BER_cum=0.0000e+00
CSV,150010,15000,5,5,0,2555,0,0.000000e+00,0.000000e+00,1634108928.0,1924760832.0,23702.8,49.10,0.71
BER: SYNC #6 (gated)
CSV,155010,15500,6,5,0,2592,0,0.000000e+00,0.000000e+00,1743822720.0,1812798720.0,26670.1,48.32,0.17
CSV,160010,16000,6,5,0,2692,0,0.000000e+00,0.000000e+00,2080256128.0,1618667136.0,22650.4,49.63,1.09
CSV,165010,16500,6,5,0,2792,0,0.000000e+00,0.000000e+00,1732145920.0,1840551936.0,23933.4,48.86,0.26
CSV,170010,17000,6,5,0,2892,0,0.000000e+00,0.000000e+00,1770603008.0,1801104896.0,25747.1,48.45,0.07
CSV,175010,17500,6,5,0,2992,0,0.000000e+00,0.000000e+00,1741917184.0,1904713856.0,23331.7,49.12,0.39
BER: END_SEQ #6 [LOCK] seq_err=0 BER_seq=0.0000e+00 | lock=6 slip=0 BER_cond=0.0000e+00 BER_cum=0.0000e+00
CSV,180010,18000,6,6,0,3066,0,0.000000e+00,0.000000e+00,1677780864.0,1934915968.0,26770.1,48.59,0.62
BER: SYNC #7 (gated)
CSV,185010,18500,7,6,0,3115,0,0.000000e+00,0.000000e+00,1678784896.0,1825025152.0,26495.8,48.38,0.36
CSV,190010,19000,7,6,0,3215,0,0.000000e+00,0.000000e+00,2089033344.0,1500587008.0,22492.2,49.68,1.44
CSV,195010,19500,7,6,0,3315,0,0.000000e+00,0.000000e+00,1765278720.0,1904355584.0,25812.5,48.68,0.33
CSV,200010,20000,7,6,0,3415,0,0.000000e+00,0.000000e+00,1724189184.0,1855738368.0,24750.5,48.75,0.32
CSV,205010,20500,7,6,0,3515,0,0.000000e+00,0.000000e+00,1726141440.0,1790955264.0,24790.7,48.59,0.16
BER: END_SEQ #7 [LOCK] seq_err=0 BER_seq=0.0000e+00 | lock=7 slip=0 BER_cond=0.0000e+00 BER_cum=0.0000e+00
CSV,210010,21000,7,7,0,3577,0,0.000000e+00,0.000000e+00,1661112320.0,1946782976.0,26472.3,48.67,0.69
BER: SYNC #8 (gated)
CSV,215010,21500,8,7,0,3638,0,0.000000e+00,0.000000e+00,1751608576.0,1885979904.0,26784.2,48.48,0.32
CSV,220010,22000,8,7,0,3737,0,0.000000e+00,0.000000e+00,2065622912.0,1470421632.0,24034.4,49.34,1.48
CSV,225010,22500,8,7,0,3837,0,0.000000e+00,0.000000e+00,1772313728.0,1764809472.0,23009.1,48.87,0.02
CSV,230010,23000,8,7,0,3937,0,0.000000e+00,0.000000e+00,1715993472.0,1928563200.0,25895.1,48.72,0.51
CSV,235010,23500,8,7,0,4037,0,0.000000e+00,0.000000e+00,1784745984.0,1785000960.0,26498.4,48.28,0.00
BER: END_SEQ #8 [LOCK] seq_err=0 BER_seq=0.0000e+00 | lock=8 slip=0 BER_cond=0.0000e+00 BER_cum=0.0000e+00
CSV,240010,24000,8,8,0,4088,0,0.000000e+00,0.000000e+00,1517564544.0,1933138176.0,27741.1,48.43,1.05
BER: SYNC #9 (gated)
CSV,245010,24500,9,8,0,4160,0,0.000000e+00,0.000000e+00,1622773632.0,1936313856.0,23815.2,49.10,0.77
CSV,250010,25000,9,8,0,4260,0,0.000000e+00,0.000000e+00,2170989056.0,1465752320.0,23158.8,49.72,1.71
CSV,255010,25500,9,8,0,4360,0,0.000000e+00,0.000000e+00,1857368832.0,1666683264.0,25378.6,48.64,0.47
CSV,260010,26000,9,8,0,4460,0,0.000000e+00,0.000000e+00,1483482752.0,2028307200.0,24292.2,49.22,1.36
CSV,265010,26500,9,8,0,4560,0,0.000000e+00,0.000000e+00,1881318912.0,1721713536.0,27160.5,48.41,0.39
BER: END_SEQ #9 [LOCK] seq_err=0 BER_seq=0.0000e+00 | lock=9 slip=0 BER_cond=0.0000e+00 BER_cum=0.0000e+00
CSV,270010,27000,9,9,0,4599,0,0.000000e+00,0.000000e+00,1573853312.0,1932169088.0,29494.3,48.16,0.89
BER: SYNC #10 (gated)
CSV,275010,27500,10,9,0,4683,0,0.000000e+00,0.000000e+00,1656379264.0,1847724544.0,23219.9,49.01,0.47
CSV,280010,28000,10,9,0,4783,0,0.000000e+00,0.000000e+00,2029670528.0,1509874688.0,24562.6,49.17,1.28
CSV,285010,28500,10,9,0,4883,0,0.000000e+00,0.000000e+00,1880627840.0,1742542976.0,24872.0,48.79,0.33
CSV,290010,29000,10,9,0,4983,0,0.000000e+00,0.000000e+00,1582293376.0,1927043840.0,25978.3,48.70,0.86
CSV,295010,29500,10,9,0,5083,0,0.000000e+00,0.000000e+00,1709541632.0,1773017344.0,22181.0,49.03,0.16
BER: END_SEQ #10 [LOCK] seq_err=0 BER_seq=0.0000e+00 | lock=10 slip=0 BER_cond=0.0000e+00 BER_cum=0.0000e+00
CSV,300010,30000,10,10,0,5110,0,0.000000e+00,0.000000e+00,1553586688.0,1983687168.0,28915.7,48.36,1.06
BER: SYNC #11 (gated)
CSV,305010,30500,11,10,0,5206,0,0.000000e+00,0.000000e+00,1795215872.0,1784098432.0,22460.6,49.03,0.03
CSV,310010,31000,11,10,0,5305,0,0.000000e+00,0.000000e+00,2109242368.0,1374718080.0,23938.3,49.45,1.86
CSV,315010,31500,11,10,0,5405,0,0.000000e+00,0.000000e+00,1681091840.0,1808077824.0,23707.0,48.82,0.32
CSV,320010,32000,11,10,0,5505,0,0.000000e+00,0.000000e+00,1722557440.0,1875604480.0,24737.4,48.80,0.37
CSV,325010,32500,11,10,0,5605,0,0.000000e+00,0.000000e+00,1664841216.0,1854002304.0,24198.2,48.84,0.47
BER: END_SEQ #11 [LOCK] seq_err=0 BER_seq=0.0000e+00 | lock=11 slip=0 BER_cond=0.0000e+00 BER_cum=0.0000e+00
BER: SYNC #12 (gated)
CSV,330010,33000,12,11,0,5628,0,0.000000e+00,0.000000e+00,1513535104.0,1869063040.0,25239.2,48.70,0.92
CSV,335010,33500,12,11,0,5728,0,0.000000e+00,0.000000e+00,1721139328.0,1812299520.0,22914.7,48.98,0.22
CSV,340010,34000,12,11,0,5828,0,0.000000e+00,0.000000e+00,2100487552.0,1481414400.0,25694.9,49.12,1.52
CSV,345010,34500,12,11,0,5928,0,0.000000e+00,0.000000e+00,1704374400.0,1765970944.0,24734.2,48.54,0.15
CSV,350010,35000,12,11,0,6028,0,0.000000e+00,0.000000e+00,1604964352.0,1854132608.0,24377.9,48.81,0.63
CSV,355010,35500,12,11,0,6128,0,0.000000e+00,0.000000e+00,1705891200.0,1868982912.0,21251.9,49.44,0.40
BER: END_SEQ #12 [LOCK] seq_err=0 BER_seq=0.0000e+00 | lock=12 slip=0 BER_cond=0.0000e+00 BER_cum=0.0000e+00
BER: SYNC #13 (gated)
CSV,360010,36000,13,12,0,6151,0,0.000000e+00,0.000000e+00,1573287680.0,1901067392.0,29002.7,48.17,0.82
CSV,365010,36500,13,12,0,6251,0,0.000000e+00,0.000000e+00,1799119360.0,1651062784.0,52320.8,45.36,0.37
CSV,370010,37000,13,12,0,6351,0,0.000000e+00,0.000000e+00,1969979904.0,1528102656.0,85534.9,43.62,1.10
CSV,375010,37500,13,12,0,6451,0,0.000000e+00,0.000000e+00,1747692672.0,1828085504.0,55073.1,45.21,0.20
CSV,380010,38000,13,12,0,6551,0,0.000000e+00,0.000000e+00,1665229824.0,1800671488.0,85027.0,43.26,0.34
BER: END_SEQ #13 [LOCK] seq_err=0 BER_seq=0.0000e+00 | lock=13 slip=0 BER_cond=0.0000e+00 BER_cum=0.0000e+00
CSV,385010,38500,13,13,0,6643,0,0.000000e+00,0.000000e+00,1548626944.0,1896377088.0,44616.3,46.28,0.88
BER: SYNC #14 (gated)
CSV,390010,39000,14,13,0,6674,0,0.000000e+00,0.000000e+00,1632412288.0,1843957504.0,30196.8,47.86,0.53
CSV,395010,39500,14,13,0,6774,0,0.000000e+00,0.000000e+00,1983896960.0,1545932800.0,22537.7,49.45,1.08
CSV,400010,40000,14,13,0,6873,0,0.000000e+00,0.000000e+00,1719905920.0,1711473664.0,26349.4,48.15,0.02
CSV,405010,40500,14,13,0,6973,0,0.000000e+00,0.000000e+00,1698230400.0,1762709888.0,26316.2,48.26,0.16
CSV,410010,41000,14,13,0,7073,0,0.000000e+00,0.000000e+00,1775049344.0,1776996608.0,26245.8,48.31,0.00
BER: END_SEQ #14 [LOCK] seq_err=0 BER_seq=0.0000e+00 | lock=14 slip=0 BER_cond=0.0000e+00 BER_cum=0.0000e+00
CSV,415010,41500,14,14,0,7154,0,0.000000e+00,0.000000e+00,1557894272.0,1896741760.0,24272.0,48.93,0.85
BER: SYNC #15 (gated)
CSV,420010,42000,15,14,0,7196,0,0.000000e+00,0.000000e+00,1671363072.0,1689581952.0,25406.1,48.23,0.05
CSV,425010,42500,15,14,0,7296,0,0.000000e+00,0.000000e+00,1965281152.0,1529096064.0,20770.7,49.76,1.09
CSV,430010,43000,15,14,0,7396,0,0.000000e+00,0.000000e+00,1672434688.0,1846994432.0,22732.5,49.10,0.43
CSV,435010,43500,15,14,0,7496,0,0.000000e+00,0.000000e+00,1720773376.0,1713613952.0,23998.4,48.56,0.02
CSV,440010,44000,15,14,0,7596,0,0.000000e+00,0.000000e+00,1583369344.0,1828220928.0,25383.7,48.57,0.62
BER: END_SEQ #15 [LOCK] seq_err=0 BER_seq=0.0000e+00 | lock=15 slip=0 BER_cond=0.0000e+00 BER_cum=0.0000e+00
CSV,445010,44500,15,15,0,7665,0,0.000000e+00,0.000000e+00,1677482240.0,1848597888.0,24124.9,48.84,0.42
BER: SYNC #16 (gated)
CSV,450010,45000,16,15,0,7719,0,0.000000e+00,0.000000e+00,1691659136.0,1755604608.0,23742.4,48.69,0.16
CSV,455010,45500,16,15,0,7819,0,0.000000e+00,0.000000e+00,1959359104.0,1455861632.0,22565.2,49.39,1.29
CSV,460010,46000,16,15,0,7919,0,0.000000e+00,0.000000e+00,1658744448.0,1781993088.0,25576.3,48.43,0.31
CSV,465010,46500,16,15,0,8019,0,0.000000e+00,0.000000e+00,1647527424.0,1872322816.0,22234.5,49.25,0.56
CSV,470010,47000,16,15,0,8119,0,0.000000e+00,0.000000e+00,1707931904.0,1693932416.0,22662.4,48.77,0.04
BER: END_SEQ #16 [LOCK] seq_err=0 BER_seq=0.0000e+00 | lock=16 slip=0 BER_cond=0.0000e+00 BER_cum=0.0000e+00
CSV,475010,47500,16,16,0,8176,0,0.000000e+00,0.000000e+00,1534751616.0,1826048128.0,24319.5,48.76,0.75
BER: SYNC #17 (gated)
CSV,480010,48000,17,16,0,8242,0,0.000000e+00,0.000000e+00,1598433664.0,1873249536.0,25042.0,48.74,0.69
CSV,485010,48500,17,16,0,8342,0,0.000000e+00,0.000000e+00,2094043520.0,1378223616.0,23784.2,49.45,1.82
CSV,490010,49000,17,16,0,8441,0,0.000000e+00,0.000000e+00,1687482496.0,1691037312.0,24488.8,48.39,0.01
CSV,495010,49500,17,16,0,8541,0,0.000000e+00,0.000000e+00,1564922880.0,1840738816.0,23803.5,48.88,0.70
CSV,500010,50000,17,16,0,8641,0,0.000000e+00,0.000000e+00,1750148736.0,1745198464.0,19975.6,49.43,0.01
BER: END_SEQ #17 [LOCK] seq_err=0 BER_seq=0.0000e+00 | lock=17 slip=0 BER_cond=0.0000e+00 BER_cum=0.0000e+00
CSV,505010,50500,17,17,0,8687,0,0.000000e+00,0.000000e+00,1492946688.0,1844843136.0,26786.2,48.38,0.92
BER: SYNC #18 (gated)
CSV,510010,51000,18,17,0,8764,0,0.000000e+00,0.000000e+00,1556222592.0,1815446272.0,21056.6,49.36,0.67
CSV,515010,51500,18,17,0,8864,0,0.000000e+00,0.000000e+00,2029890560.0,1414589568.0,22414.8,49.57,1.57
CSV,520010,52000,18,17,0,8964,0,0.000000e+00,0.000000e+00,1802638848.0,1659955456.0,26230.0,48.37,0.36
CSV,525010,52500,18,17,0,9064,0,0.000000e+00,0.000000e+00,1432108800.0,1932125568.0,26201.4,48.68,1.30
CSV,530010,53000,18,17,0,9164,0,0.000000e+00,0.000000e+00,1720831872.0,1651143552.0,22401.3,48.85,0.18
BER: END_SEQ #18 [LOCK] seq_err=0 BER_seq=0.0000e+00 | lock=18 slip=0 BER_cond=0.0000e+00 BER_cum=0.0000e+00
CSV,535010,53500,18,18,0,9198,0,0.000000e+00,0.000000e+00,1542521344.0,1923445248.0,28357.0,48.31,0.96
BER: SYNC #19 (gated)
CSV,540010,54000,19,18,0,9287,0,0.000000e+00,0.000000e+00,1643989120.0,1759053568.0,21598.7,49.11,0.29
CSV,545010,54500,19,18,0,9387,0,0.000000e+00,0.000000e+00,1981015168.0,1366070144.0,22980.2,49.36,1.61
CSV,550010,55000,19,18,0,9487,0,0.000000e+00,0.000000e+00,1665186432.0,1731825024.0,24333.1,48.52,0.17
CSV,555010,55500,19,18,0,9587,0,0.000000e+00,0.000000e+00,1656332416.0,1798361344.0,23686.8,48.80,0.36
CSV,560010,56000,19,18,0,9687,0,0.000000e+00,0.000000e+00,1647178112.0,1707341952.0,24520.8,48.43,0.16
BER: END_SEQ #19 [LOCK] seq_err=0 BER_seq=0.0000e+00 | lock=19 slip=0 BER_cond=0.0000e+00 BER_cum=0.0000e+00
BER: SYNC #20 (gated)
CSV,565010,56500,20,19,0,9710,0,0.000000e+00,0.000000e+00,1386065920.0,1882886400.0,27135.8,48.41,1.33
CSV,570010,57000,20,19,0,9810,0,0.000000e+00,0.000000e+00,1688782976.0,1758789888.0,24847.7,48.50,0.18
CSV,575010,57500,20,19,0,9910,0,0.000000e+00,0.000000e+00,2046636672.0,1344084096.0,23318.6,49.43,1.83
CSV,580010,58000,20,19,0,10009,0,0.000000e+00,0.000000e+00,1629471360.0,1696854784.0,24098.0,48.48,0.18
CSV,585010,58500,20,19,0,10109,0,0.000000e+00,0.000000e+00,1533464192.0,1818309376.0,22750.6,49.03,0.74
CSV,590010,59000,20,19,0,10209,0,0.000000e+00,0.000000e+00,1690994560.0,1759725568.0,23721.3,48.70,0.17
BER: END_SEQ #20 [LOCK] seq_err=0 BER_seq=0.0000e+00 | lock=20 slip=0 BER_cond=0.0000e+00 BER_cum=0.0000e+00
BER: SYNC #21 (gated)
CSV,595010,59500,21,20,0,10232,0,0.000000e+00,0.000000e+00,1404432000.0,1878298112.0,27774.9,48.30,1.26
CSV,600010,60000,21,20,0,10332,0,0.000000e+00,0.000000e+00,1658872192.0,1658420992.0,22775.6,48.62,0.00
CSV,605010,60500,21,20,0,10432,0,0.000000e+00,0.000000e+00,1948330496.0,1454520704.0,25846.0,48.77,1.27
CSV,610010,61000,21,20,0,10532,0,0.000000e+00,0.000000e+00,1734141696.0,1666012800.0,23689.9,48.65,0.17
CSV,615010,61500,21,20,0,10632,0,0.000000e+00,0.000000e+00,1495012608.0,1806062976.0,25005.1,48.59,0.82
BER: END_SEQ #21 [LOCK] seq_err=0 BER_seq=0.0000e+00 | lock=21 slip=0 BER_cond=0.0000e+00 BER_cum=0.0000e+00
CSV,620010,62000,21,21,0,10731,0,0.000000e+00,0.000000e+00,1549687936.0,1795690880.0,21096.3,49.30,0.64
BER: SYNC #22 (gated)
CSV,625010,62500,22,21,0,10755,0,0.000000e+00,0.000000e+00,1573709568.0,1822210560.0,27664.4,48.19,0.64
CSV,630010,63000,22,21,0,10855,0,0.000000e+00,0.000000e+00,1806537472.0,1533884160.0,22173.9,49.11,0.71
CSV,635010,63500,22,21,0,10955,0,0.000000e+00,0.000000e+00,1808322944.0,1477356800.0,26486.6,48.34,0.88
CSV,640010,64000,22,21,0,11055,0,0.000000e+00,0.000000e+00,1644885248.0,1716984320.0,22735.3,48.78,0.19
CSV,645010,64500,22,21,0,11155,0,0.000000e+00,0.000000e+00,1599057024.0,1797919488.0,22694.2,48.99,0.51
BER: END_SEQ #22 [LOCK] seq_err=0 BER_seq=0.0000e+00 | lock=22 slip=0 BER_cond=0.0000e+00 BER_cum=0.0000e+00
CSV,650010,65000,22,22,0,11242,0,0.000000e+00,0.000000e+00,1505095680.0,1787433472.0,25627.9,48.44,0.75
BER: SYNC #23 (gated)
CSV,655010,65500,23,22,0,11278,0,0.000000e+00,0.000000e+00,1545272832.0,1682375168.0,27198.7,47.91,0.37
CSV,660010,66000,23,22,0,11378,0,0.000000e+00,0.000000e+00,1899953664.0,1490031616.0,20626.6,49.64,1.06
CSV,665010,66500,23,22,0,11478,0,0.000000e+00,0.000000e+00,1627854208.0,1696398720.0,24573.2,48.39,0.18
CSV,670010,67000,23,22,0,11577,0,0.000000e+00,0.000000e+00,1600569472.0,1674745088.0,22913.8,48.64,0.20
CSV,675010,67500,23,22,0,11677,0,0.000000e+00,0.000000e+00,1589847936.0,1713345024.0,24378.9,48.47,0.32
BER: END_SEQ #23 [LOCK] seq_err=0 BER_seq=0.0000e+00 | lock=23 slip=0 BER_cond=0.0000e+00 BER_cum=0.0000e+00
CSV,680010,68000,23,23,0,11753,0,0.000000e+00,0.000000e+00,1573059072.0,1795881856.0,23589.8,48.82,0.58
BER: SYNC #24 (gated)
CSV,685010,68500,24,23,0,11800,0,0.000000e+00,0.000000e+00,1562104320.0,1684157312.0,27289.2,47.90,0.33
CSV,690010,69000,24,23,0,11900,0,0.000000e+00,0.000000e+00,1909580800.0,1361119488.0,25387.5,48.76,1.47
CSV,695010,69500,24,23,0,12000,0,0.000000e+00,0.000000e+00,1554396160.0,1785993088.0,25947.6,48.38,0.60
CSV,700010,70000,24,23,0,12100,0,0.000000e+00,0.000000e+00,1643860864.0,1689191552.0,22844.0,48.69,0.12
CSV,705010,70500,24,23,0,12200,0,0.000000e+00,0.000000e+00,1529973888.0,1708259456.0,24159.2,48.49,0.48
BER: END_SEQ #24 [LOCK] seq_err=0 BER_seq=0.0000e+00 | lock=24 slip=0 BER_cond=0.0000e+00 BER_cum=0.0000e+00
CSV,710010,71000,24,24,0,12264,0,0.000000e+00,0.000000e+00,1522968064.0,1727880832.0,26169.4,48.20,0.55
BER: SYNC #25 (gated)
CSV,715010,71500,25,24,0,12323,0,0.000000e+00,0.000000e+00,1602491264.0,1744363776.0,28204.8,47.91,0.37
CSV,720010,72000,25,24,0,12423,0,0.000000e+00,0.000000e+00,1894608768.0,1374235392.0,24690.2,48.85,1.39
CSV,725010,72500,25,24,0,12523,0,0.000000e+00,0.000000e+00,1615106304.0,1612892288.0,23138.1,48.44,0.01
CSV,730010,73000,25,24,0,12623,0,0.000000e+00,0.000000e+00,1520558464.0,1781319296.0,23522.8,48.79,0.69
CSV,735010,73500,25,24,0,12723,0,0.000000e+00,0.000000e+00,1660128128.0,1663659264.0,22908.4,48.61,0.01
BER: END_SEQ #25 [LOCK] seq_err=0 BER_seq=0.0000e+00 | lock=25 slip=0 BER_cond=0.0000e+00 BER_cum=0.0000e+00
CSV,740010,74000,25,25,0,12775,0,0.000000e+00,0.000000e+00,1412944384.0,1763979136.0,25259.6,48.44,0.96
BER: SYNC #26 (gated)
CSV,745010,74500,26,25,0,12846,0,0.000000e+00,0.000000e+00,1474865664.0,1755803904.0,24931.4,48.48,0.76
CSV,750010,75000,26,25,0,12946,0,0.000000e+00,0.000000e+00,1968689664.0,1358155264.0,23923.3,49.15,1.61
CSV,755010,75500,26,25,0,13046,0,0.000000e+00,0.000000e+00,1693922944.0,1562608128.0,23724.2,48.54,0.35
CSV,760010,76000,26,25,0,13145,0,0.000000e+00,0.000000e+00,1404057728.0,1805907584.0,23937.1,48.78,1.09
CSV,765010,76500,26,25,0,13245,0,0.000000e+00,0.000000e+00,1691512064.0,1558010368.0,24039.9,48.47,0.36
BER: END_SEQ #26 [LOCK] seq_err=0 BER_seq=0.0000e+00 | lock=26 slip=0 BER_cond=0.0000e+00 BER_cum=0.0000e+00
CSV,770010,77000,26,26,0,13286,0,0.000000e+00,0.000000e+00,1437875968.0,1841191296.0,25538.7,48.58,1.07
BER: SYNC #27 (gated)
CSV,775010,77500,27,26,0,13368,0,0.000000e+00,0.000000e+00,1507274496.0,1712823552.0,25470.6,48.28,0.56
CSV,780010,78000,27,26,0,13468,0,0.000000e+00,0.000000e+00,1860943232.0,1349577600.0,23677.2,48.95,1.40
CSV,785010,78500,27,26,0,13568,0,0.000000e+00,0.000000e+00,1721493632.0,1566740480.0,24323.3,48.50,0.41
CSV,790010,79000,27,26,0,13668,0,0.000000e+00,0.000000e+00,1407715456.0,1845569280.0,24641.1,48.74,1.18
CSV,795010,79500,27,26,0,13768,0,0.000000e+00,0.000000e+00,1607445760.0,1582595072.0,25790.2,47.95,0.07
BER: END_SEQ #27 [LOCK] seq_err=0 BER_seq=0.0000e+00 | lock=27 slip=0 BER_cond=0.0000e+00 BER_cum=0.0000e+00
CSV,800010,80000,27,27,0,13797,0,0.000000e+00,0.000000e+00,1381208320.0,1784736384.0,28844.8,47.92,1.11
BER: SYNC #28 (gated)
CSV,805010,80500,28,27,0,13891,0,0.000000e+00,0.000000e+00,1628555648.0,1672965120.0,22068.6,48.80,0.12
CSV,810010,81000,28,27,0,13991,0,0.000000e+00,0.000000e+00,1921948288.0,1284425856.0,24081.3,49.02,1.75
CSV,815010,81500,28,27,0,14091,0,0.000000e+00,0.000000e+00,1524781696.0,1648970240.0,24435.5,48.29,0.34
CSV,820010,82000,28,27,0,14191,0,0.000000e+00,0.000000e+00,1548225536.0,1704453120.0,24275.6,48.46,0.42
CSV,825010,82500,28,27,0,14291,0,0.000000e+00,0.000000e+00,1561200768.0,1698537856.0,23682.3,48.56,0.37
BER: END_SEQ #28 [LOCK] seq_err=0 BER_seq=0.0000e+00 | lock=28 slip=0 BER_cond=0.0000e+00 BER_cum=0.0000e+00
BER: SYNC #29 (gated)
CSV,830010,83000,29,28,0,14314,0,0.000000e+00,0.000000e+00,1379385728.0,1718966144.0,28462.2,47.81,0.96
CSV,835010,83500,29,28,0,14414,0,0.000000e+00,0.000000e+00,1491968256.0,1694980992.0,22012.0,48.87,0.55
CSV,840010,84000,29,28,0,14514,0,0.000000e+00,0.000000e+00,1965980672.0,1310710400.0,23126.2,49.29,1.76
CSV,845010,84500,29,28,0,14614,0,0.000000e+00,0.000000e+00,1560851968.0,1634889984.0,21972.9,48.72,0.20
CSV,850010,85000,29,28,0,14713,0,0.000000e+00,0.000000e+00,1438292096.0,1698080384.0,22677.3,48.74,0.72
CSV,855010,85500,29,28,0,14813,0,0.000000e+00,0.000000e+00,1538893312.0,1674157824.0,24636.6,48.32,0.37
BER: END_SEQ #29 [LOCK] seq_err=0 BER_seq=0.0000e+00 | lock=29 slip=0 BER_cond=0.0000e+00 BER_cum=0.0000e+00
BER: SYNC #30 (gated)
CSV,860010,86000,30,29,0,14836,0,0.000000e+00,0.000000e+00,1445015168.0,1796910336.0,27124.8,48.21,0.95
CSV,865010,86500,30,29,0,14936,0,0.000000e+00,0.000000e+00,1600922624.0,1544375040.0,23561.4,48.32,0.16
CSV,870010,87000,30,29,0,15036,0,0.000000e+00,0.000000e+00,1803774720.0,1347294976.0,23561.9,48.84,1.27
CSV,875010,87500,30,29,0,15136,0,0.000000e+00,0.000000e+00,1595346944.0,1646152960.0,24184.9,48.33,0.14
CSV,880010,88000,30,29,0,15236,0,0.000000e+00,0.000000e+00,1525829248.0,1663290240.0,24163.0,48.38,0.37
BER: END_SEQ #30 [LOCK] seq_err=0 BER_seq=0.0000e+00 | lock=30 slip=0 BER_cond=0.0000e+00 BER_cum=0.0000e+00
CSV,885010,88500,30,30,0,15330,0,0.000000e+00,0.000000e+00,1383001088.0,1753378816.0,22135.4,48.99,1.03
BER: SYNC #31 (gated)
CSV,890010,89000,31,30,0,15359,0,0.000000e+00,0.000000e+00,1431708928.0,1667914624.0,28322.3,47.70,0.66
CSV,895010,89500,31,30,0,15459,0,0.000000e+00,0.000000e+00,1813552384.0,1424868992.0,23293.4,48.91,1.05
CSV,900010,90000,31,30,0,15559,0,0.000000e+00,0.000000e+00,1595533184.0,1532546688.0,24024.8,48.22,0.17
CSV,905010,90500,31,30,0,15659,0,0.000000e+00,0.000000e+00,1523515392.0,1599939456.0,22948.3,48.43,0.21
CSV,910010,91000,31,30,0,15759,0,0.000000e+00,0.000000e+00,1561521792.0,1629431680.0,24173.2,48.29,0.18
BER: END_SEQ #31 [LOCK] seq_err=0 BER_seq=0.0000e+00 | lock=31 slip=0 BER_cond=0.0000e+00 BER_cum=0.0000e+00
CSV,915010,91500,31,31,0,15841,0,0.000000e+00,0.000000e+00,1427036544.0,1749338368.0,25068.1,48.44,0.88
BER: SYNC #32 (gated)
CSV,920010,92000,32,31,0,15882,0,0.000000e+00,0.000000e+00,1488323712.0,1565301888.0,25591.0,47.87,0.22
CSV,925010,92500,32,31,0,15982,0,0.000000e+00,0.000000e+00,1757600256.0,1375331968.0,23616.6,48.72,1.07
CSV,930010,93000,32,31,0,16082,0,0.000000e+00,0.000000e+00,1536556288.0,1681163648.0,24504.5,48.36,0.39
CSV,935010,93500,32,31,0,16182,0,0.000000e+00,0.000000e+00,1566234496.0,1573933696.0,18969.7,49.19,0.02
CSV,940010,94000,32,31,0,16281,0,0.000000e+00,0.000000e+00,1436795776.0,1643289472.0,25159.2,48.15,0.58
BER: END_SEQ #32 [LOCK] seq_err=0 BER_seq=0.0000e+00 | lock=32 slip=0 BER_cond=0.0000e+00 BER_cum=0.0000e+00
CSV,945010,94500,32,32,0,16352,0,0.000000e+00,0.000000e+00,1473717248.0,1679212928.0,26597.7,48.00,0.57
BER: SYNC #33 (gated)
CSV,950010,95000,33,32,0,16404,0,0.000000e+00,0.000000e+00,1547494144.0,1635901568.0,26830.5,47.85,0.24
CSV,955010,95500,33,32,0,16504,0,0.000000e+00,0.000000e+00,1783517312.0,1322669568.0,24129.4,48.69,1.30
CSV,960010,96000,33,32,0,16604,0,0.000000e+00,0.000000e+00,1458171648.0,1626409088.0,23098.5,48.48,0.47
CSV,965010,96500,33,32,0,16704,0,0.000000e+00,0.000000e+00,1505803648.0,1685241344.0,22178.9,48.81,0.49
CSV,970010,97000,33,32,0,16804,0,0.000000e+00,0.000000e+00,1554759552.0,1561798144.0,24470.4,48.05,0.02
BER: END_SEQ #33 [LOCK] seq_err=0 BER_seq=0.0000e+00 | lock=33 slip=0 BER_cond=0.0000e+00 BER_cum=0.0000e+00
CSV,975010,97500,33,33,0,16863,0,0.000000e+00,0.000000e+00,1382366336.0,1652185088.0,26063.6,48.02,0.77
BER: SYNC #34 (gated)
CSV,980010,98000,34,33,0,16927,0,0.000000e+00,0.000000e+00,1416345472.0,1684456704.0,25256.9,48.24,0.75
CSV,985010,98500,34,33,0,17027,0,0.000000e+00,0.000000e+00,1938523904.0,1237759232.0,23531.9,49.16,1.95
CSV,990010,99000,34,33,0,17127,0,0.000000e+00,0.000000e+00,1502374912.0,1578316672.0,22431.1,48.47,0.21
CSV,995010,99500,34,33,0,17227,0,0.000000e+00,0.000000e+00,1399255680.0,1668194176.0,22963.1,48.61,0.76
CSV,1000010,100000,34,33,0,17327,0,0.000000e+00,0.000000e+00,1542851456.0,1601247872.0,25580.5,47.97,0.16
BER: END_SEQ #34 [LOCK] seq_err=0 BER_seq=0.0000e+00 | lock=34 slip=0 BER_cond=0.0000e+00 BER_cum=0.0000e+00
CSV,1005010,100500,34,34,0,17374,0,0.000000e+00,0.000000e+00,1397026176.0,1678589568.0,24637.5,48.33,0.80
BER: SYNC #35 (gated)
CSV,1010010,101000,35,34,0,17450,0,0.000000e+00,0.000000e+00,1395843968.0,1659286528.0,26222.9,48.01,0.75
CSV,1015010,101500,35,34,0,17550,0,0.000000e+00,0.000000e+00,1820479872.0,1257090176.0,23385.4,48.91,1.61
CSV,1020010,102000,35,34,0,17650,0,0.000000e+00,0.000000e+00,1636768384.0,1523914624.0,21895.8,48.74,0.31
CSV,1025010,102500,35,34,0,17750,0,0.000000e+00,0.000000e+00,1303396736.0,1769445888.0,21823.5,49.09,1.33
CSV,1030010,103000,35,34,0,17849,0,0.000000e+00,0.000000e+00,1546441472.0,1492106368.0,21320.7,48.61,0.16
BER: END_SEQ #35 [LOCK] seq_err=0 BER_seq=0.0000e+00 | lock=35 slip=0 BER_cond=0.0000e+00 BER_cum=0.0000e+00
CSV,1035010,103500,35,35,0,17885,0,0.000000e+00,0.000000e+00,1378926208.0,1705121024.0,26741.5,48.05,0.92
BER: SYNC #36 (gated)
CSV,1040010,104000,36,35,0,17972,0,0.000000e+00,0.000000e+00,1493766272.0,1631542400.0,24267.7,48.28,0.38
CSV,1045010,104500,36,35,0,18072,0,0.000000e+00,0.000000e+00,1769575808.0,1272089984.0,22601.5,48.94,1.43
CSV,1050010,105000,36,35,0,18172,0,0.000000e+00,0.000000e+00,1484873600.0,1563933568.0,22659.6,48.39,0.23
CSV,1055010,105500,36,35,0,18272,0,0.000000e+00,0.000000e+00,1500813696.0,1633166464.0,27017.4,47.81,0.37
CSV,1060010,106000,36,35,0,18372,0,0.000000e+00,0.000000e+00,1480551424.0,1583818496.0,21699.5,48.63,0.29
BER: END_SEQ #36 [LOCK] seq_err=0 BER_seq=0.0000e+00 | lock=36 slip=0 BER_cond=0.0000e+00 BER_cum=0.0000e+00
CSV,1065010,106500,36,36,0,18396,0,0.000000e+00,0.000000e+00,1261868672.0,1687342976.0,24970.1,48.30,1.26
BER: SYNC #37 (gated)
CSV,1070010,107000,37,36,0,18495,0,0.000000e+00,0.000000e+00,1517767808.0,1567348736.0,21757.6,48.58,0.14
CSV,1075010,107500,37,36,0,18595,0,0.000000e+00,0.000000e+00,1856075776.0,1257434112.0,22807.2,49.11,1.69
CSV,1080010,108000,37,36,0,18695,0,0.000000e+00,0.000000e+00,1486817536.0,1542256512.0,23445.9,48.18,0.16
CSV,1085010,108500,37,36,0,18795,0,0.000000e+00,0.000000e+00,1363735040.0,1651423488.0,24755.2,48.24,0.83
CSV,1090010,109000,37,36,0,18895,0,0.000000e+00,0.000000e+00,1492510336.0,1620868352.0,21414.4,48.79,0.36
BER: END_SEQ #37 [LOCK] seq_err=0 BER_seq=0.0000e+00 | lock=37 slip=0 BER_cond=0.0000e+00 BER_cum=0.0000e+00
BER: SYNC #38 (gated)
CSV,1095010,109500,38,37,0,18918,0,0.000000e+00,0.000000e+00,1342130304.0,1680677120.0,25389.3,48.21,0.98
CSV,1100010,110000,38,37,0,19018,0,0.000000e+00,0.000000e+00,1493913984.0,1508023680.0,20568.5,48.65,0.04
CSV,1105010,110500,38,37,0,19118,0,0.000000e+00,0.000000e+00,1738483712.0,1302067968.0,23922.6,48.61,1.26
CSV,1110010,111000,38,37,0,19218,0,0.000000e+00,0.000000e+00,1548653312.0,1559521152.0,23377.0,48.24,0.03
CSV,1115010,111500,38,37,0,19318,0,0.000000e+00,0.000000e+00,1343560576.0,1665381248.0,25772.6,48.10,0.93
CSV,1120010,112000,38,37,0,19417,0,0.000000e+00,0.000000e+00,1408580608.0,1605724928.0,23378.9,48.37,0.57
BER: END_SEQ #38 [LOCK] seq_err=0 BER_seq=0.0000e+00 | lock=38 slip=0 BER_cond=0.0000e+00 BER_cum=0.0000e+00
BER: SYNC #39 (gated)
CSV,1125010,112500,39,38,0,19440,0,0.000000e+00,0.000000e+00,1377383168.0,1640396416.0,25865.7,48.02,0.76
CSV,1130010,113000,39,38,0,19540,0,0.000000e+00,0.000000e+00,1643439616.0,1418486656.0,25070.6,48.17,0.64
CSV,1135010,113500,39,38,0,19640,0,0.000000e+00,0.000000e+00,1672347264.0,1306970368.0,24495.4,48.34,1.07
CSV,1140010,114000,39,38,0,19740,0,0.000000e+00,0.000000e+00,1465165440.0,1543843328.0,25305.7,47.85,0.23
CSV,1145010,114500,39,38,0,19840,0,0.000000e+00,0.000000e+00,1457583744.0,1637078016.0,23741.1,48.39,0.50
BER: END_SEQ #39 [LOCK] seq_err=0 BER_seq=0.0000e+00 | lock=39 slip=0 BER_cond=0.0000e+00 BER_cum=0.0000e+00
CSV,1150010,115000,39,39,0,19929,0,0.000000e+00,0.000000e+00,1343659520.0,1667916288.0,22476.6,48.70,0.94
BER: SYNC #40 (gated)
CSV,1155010,115500,40,39,0,19963,0,0.000000e+00,0.000000e+00,1401794688.0,1509995392.0,26784.6,47.51,0.32
CSV,1160010,116000,40,39,0,20063,0,0.000000e+00,0.000000e+00,1680385152.0,1345610368.0,23915.5,48.47,0.96
CSV,1165010,116500,40,39,0,20163,0,0.000000e+00,0.000000e+00,1493680512.0,1565960960.0,21928.3,48.54,0.21
CSV,1170010,117000,40,39,0,20263,0,0.000000e+00,0.000000e+00,1426670720.0,1549259904.0,21665.7,48.54,0.36
CSV,1175010,117500,40,39,0,20363,0,0.000000e+00,0.000000e+00,1469143552.0,1499829504.0,24919.1,47.80,0.09
BER: END_SEQ #40 [LOCK] seq_err=0 BER_seq=0.0000e+00 | lock=40 slip=0 BER_cond=0.0000e+00 BER_cum=0.0000e+00
CSV,1180010,118000,40,40,0,20440,0,0.000000e+00,0.000000e+00,1398265856.0,1659035392.0,22963.7,48.59,0.74
BER: SYNC #41 (gated)
CSV,1185010,118500,41,40,0,20486,0,0.000000e+00,0.000000e+00,1429763712.0,1558174720.0,25414.8,47.88,0.37
CSV,1190010,119000,41,40,0,20586,0,0.000000e+00,0.000000e+00,1720992896.0,1238214656.0,21850.6,48.96,1.43
CSV,1195010,119500,41,40,0,20686,0,0.000000e+00,0.000000e+00,1389580928.0,1597351808.0,26626.3,47.78,0.61
CSV,1200010,120000,41,40,0,20786,0,0.000000e+00,0.000000e+00,1493547008.0,1565448576.0,22703.6,48.39,0.20
CSV,1205010,120500,41,40,0,20886,0,0.000000e+00,0.000000e+00,1377804928.0,1573777408.0,24006.0,48.17,0.58
BER: END_SEQ #41 [LOCK] seq_err=0 BER_seq=0.0000e+00 | lock=41 slip=0 BER_cond=0.0000e+00 BER_cum=0.0000e+00
CSV,1210010,121000,41,41,0,20951,0,0.000000e+00,0.000000e+00,1391572736.0,1531762816.0,22289.1,48.37,0.42
BER: SYNC #42 (gated)
CSV,1215010,121500,42,41,0,21008,0,0.000000e+00,0.000000e+00,1409823360.0,1598378240.0,23805.4,48.27,0.55
CSV,1220010,122000,42,41,0,21108,0,0.000000e+00,0.000000e+00,1766570624.0,1240316672.0,24223.6,48.63,1.54
CSV,1225010,122500,42,41,0,21208,0,0.000000e+00,0.000000e+00,1458723968.0,1475003008.0,25410.7,47.64,0.05
CSV,1230010,123000,42,41,0,21308,0,0.000000e+00,0.000000e+00,1318114560.0,1643631360.0,23598.6,48.43,0.96
CSV,1235010,123500,42,41,0,21408,0,0.000000e+00,0.000000e+00,1553774848.0,1485293696.0,22474.5,48.40,0.20
BER: END_SEQ #42 [LOCK] seq_err=0 BER_seq=0.0000e+00 | lock=42 slip=0 BER_cond=0.0000e+00 BER_cum=0.0000e+00
CSV,1240010,124000,42,42,0,21462,0,0.000000e+00,0.000000e+00,1280540544.0,1633615872.0,26375.0,47.92,1.06
BER: SYNC #43 (gated)
CSV,1245010,124500,43,42,0,21531,0,0.000000e+00,0.000000e+00,1328246144.0,1591799680.0,25324.3,47.98,0.79
CSV,1250010,125000,43,42,0,21631,0,0.000000e+00,0.000000e+00,1780372352.0,1206878464.0,23519.3,48.79,1.69
CSV,1255010,125500,43,42,0,21731,0,0.000000e+00,0.000000e+00,1527789824.0,1480769536.0,27764.8,47.41,0.14
CSV,1260010,126000,43,42,0,21831,0,0.000000e+00,0.000000e+00,1302074624.0,1618884992.0,23848.1,48.32,0.95
CSV,1265010,126500,43,42,0,21931,0,0.000000e+00,0.000000e+00,1494343424.0,1433827712.0,22336.7,48.25,0.18
BER: END_SEQ #43 [LOCK] seq_err=0 BER_seq=0.0000e+00 | lock=43 slip=0 BER_cond=0.0000e+00 BER_cum=0.0000e+00
CSV,1270010,127000,43,43,0,21973,0,0.000000e+00,0.000000e+00,1313135872.0,1700493824.0,26248.8,48.11,1.12
BER: SYNC #44 (gated)
CSV,1275010,127500,44,43,0,22054,0,0.000000e+00,0.000000e+00,1376897920.0,1578227328.0,25144.0,47.98,0.59
CSV,1280010,128000,44,43,0,22154,0,0.000000e+00,0.000000e+00,1659096960.0,1249117952.0,23401.0,48.51,1.23
CSV,1285010,128500,44,43,0,22254,0,0.000000e+00,0.000000e+00,1587255936.0,1358185856.0,24131.5,48.18,0.68
CSV,1290010,129000,44,43,0,22354,0,0.000000e+00,0.000000e+00,1249496576.0,1752125440.0,23626.1,48.70,1.47
CSV,1295010,129500,44,43,0,22453,0,0.000000e+00,0.000000e+00,1476837632.0,1436323584.0,22765.4,48.12,0.12
BER: END_SEQ #44 [LOCK] seq_err=0 BER_seq=0.0000e+00 | lock=44 slip=0 BER_cond=0.0000e+00 BER_cum=0.0000e+00
CSV,1300010,130000,44,44,0,22484,0,0.000000e+00,0.000000e+00,1231944576.0,1614059776.0,29545.9,47.37,1.17
BER: SYNC #45 (gated)
CSV,1305010,130500,45,44,0,22576,0,0.000000e+00,0.000000e+00,1494084736.0,1496828672.0,24336.5,47.89,0.01
CSV,1310010,131000,45,44,0,22676,0,0.000000e+00,0.000000e+00,1732621312.0,1213580032.0,21806.0,49.00,1.55
CSV,1315010,131500,45,44,0,22776,0,0.000000e+00,0.000000e+00,1404734976.0,1481814144.0,22059.3,48.27,0.23
CSV,1320010,132000,45,44,0,22876,0,0.000000e+00,0.000000e+00,1370955520.0,1542588160.0,24902.1,47.92,0.51
CSV,1325010,132500,45,44,0,22976,0,0.000000e+00,0.000000e+00,1430078208.0,1566099584.0,25717.1,47.85,0.39
BER: END_SEQ #45 [LOCK] seq_err=0 BER_seq=0.0000e+00 | lock=45 slip=0 BER_cond=0.0000e+00 BER_cum=0.0000e+00
BER: SYNC #46 (gated)
CSV,1330010,133000,46,45,0,22999,0,0.000000e+00,0.000000e+00,1278943488.0,1567465216.0,28807.2,47.36,0.88
CSV,1335010,133500,46,45,0,23099,0,0.000000e+00,0.000000e+00,1328761344.0,1552515968.0,21776.0,48.53,0.68
CSV,1340010,134000,46,45,0,23199,0,0.000000e+00,0.000000e+00,1803800064.0,1150933504.0,22975.6,48.95,1.95
CSV,1345010,134500,46,45,0,23299,0,0.000000e+00,0.000000e+00,1408494592.0,1547805952.0,23527.9,48.18,0.41
CSV,1350010,135000,46,45,0,23399,0,0.000000e+00,0.000000e+00,1331912192.0,1533608448.0,27957.5,47.39,0.61
CSV,1355010,135500,46,45,0,23499,0,0.000000e+00,0.000000e+00,1384488192.0,1519912064.0,22287.7,48.34,0.41
BER: END_SEQ #46 [LOCK] seq_err=0 BER_seq=0.0000e+00 | lock=46 slip=0 BER_cond=0.0000e+00 BER_cum=0.0000e+00
BER: SYNC #47 (gated)
CSV,1360010,136000,47,46,0,23522,0,0.000000e+00,0.000000e+00,1269320832.0,1694850304.0,26193.1,48.11,1.26
CSV,1365010,136500,47,46,0,23622,0,0.000000e+00,0.000000e+00,1495585920.0,1401016192.0,23668.0,48.01,0.28
CSV,1370010,137000,47,46,0,23722,0,0.000000e+00,0.000000e+00,1605122304.0,1259278720.0,22633.7,48.51,1.05
CSV,1375010,137500,47,46,0,23822,0,0.000000e+00,0.000000e+00,1480159872.0,1433967616.0,23549.5,47.98,0.14
CSV,1380010,138000,47,46,0,23922,0,0.000000e+00,0.000000e+00,1379531264.0,1569295744.0,23796.6,48.19,0.56
BER: END_SEQ #47 [LOCK] seq_err=0 BER_seq=0.0000e+00 | lock=47 slip=0 BER_cond=0.0000e+00 BER_cum=0.0000e+00
CSV,1385010,138500,47,47,0,24017,0,0.000000e+00,0.000000e+00,1278818432.0,1600685440.0,22318.8,48.56,0.97
BER: SYNC #48 (gated)
CSV,1390010,139000,48,47,0,24044,0,0.000000e+00,0.000000e+00,1268353280.0,1527735680.0,25496.7,47.78,0.81
CSV,1395010,139500,48,47,0,24144,0,0.000000e+00,0.000000e+00,1646461568.0,1304467072.0,22845.0,48.58,1.01
CSV,1400010,140000,48,47,0,24244,0,0.000000e+00,0.000000e+00,1504427136.0,1383533824.0,23579.7,48.05,0.36
CSV,1405010,140500,48,47,0,24344,0,0.000000e+00,0.000000e+00,1359655680.0,1497138816.0,21537.6,48.42,0.42
CSV,1410010,141000,48,47,0,24444,0,0.000000e+00,0.000000e+00,1387709184.0,1490226688.0,23507.5,48.02,0.31
BER: END_SEQ #48 [LOCK] seq_err=0 BER_seq=0.0000e+00 | lock=48 slip=0 BER_cond=0.0000e+00 BER_cum=0.0000e+00
CSV,1415010,141500,48,48,0,24528,0,0.000000e+00,0.000000e+00,1342090880.0,1597601280.0,24476.2,48.15,0.76
BER: SYNC #49 (gated)
CSV,1420010,142000,49,48,0,24567,0,0.000000e+00,0.000000e+00,1370615168.0,1449907712.0,25910.3,47.48,0.24
CSV,1425010,142500,49,48,0,24667,0,0.000000e+00,0.000000e+00,1579043968.0,1269059840.0,22784.7,48.41,0.95
CSV,1430010,143000,49,48,0,24767,0,0.000000e+00,0.000000e+00,1402240512.0,1516792448.0,23324.3,48.13,0.34
CSV,1435010,143500,49,48,0,24867,0,0.000000e+00,0.000000e+00,1463802368.0,1444804096.0,22155.3,48.20,0.06
CSV,1440010,144000,49,48,0,24967,0,0.000000e+00,0.000000e+00,1313237504.0,1510614656.0,25262.7,47.77,0.61
BER: END_SEQ #49 [LOCK] seq_err=0 BER_seq=0.0000e+00 | lock=49 slip=0 BER_cond=0.0000e+00 BER_cum=0.0000e+00
CSV,1445010,144500,49,49,0,25039,0,0.000000e+00,0.000000e+00,1303383680.0,1546835328.0,25283.1,47.87,0.74
BER: SYNC #50 (gated)
CSV,1450010,145000,50,49,0,25090,0,0.000000e+00,0.000000e+00,1389743872.0,1529589760.0,23960.0,48.05,0.42
CSV,1455010,145500,50,49,0,25190,0,0.000000e+00,0.000000e+00,1661241344.0,1202123648.0,23357.1,48.52,1.40
CSV,1460010,146000,50,49,0,25290,0,0.000000e+00,0.000000e+00,1305002368.0,1502086656.0,22367.7,48.27,0.61
CSV,1465010,146500,50,49,0,25390,0,0.000000e+00,0.000000e+00,1408627456.0,1484401536.0,22628.1,48.17,0.23
CSV,1470010,147000,50,49,0,25490,0,0.000000e+00,0.000000e+00,1413324160.0,1494201216.0,27939.7,47.28,0.24
BER: END_SEQ #50 [LOCK] seq_err=0 BER_seq=0.0000e+00 | lock=50 slip=0 BER_cond=0.0000e+00 BER_cum=0.0000e+00
CSV,1475010,147500,50,50,0,25550,0,0.000000e+00,0.000000e+00,1271689472.0,1520857984.0,24032.5,48.01,0.78
BER: SYNC #51 (gated)
CSV,1480010,148000,51,50,0,25612,0,0.000000e+00,0.000000e+00,1310172160.0,1502851584.0,24228.7,47.93,0.60
CSV,1485010,148500,51,50,0,25712,0,0.000000e+00,0.000000e+00,1737633664.0,1174748800.0,23414.0,48.70,1.70
CSV,1490010,149000,51,50,0,25812,0,0.000000e+00,0.000000e+00,1419736832.0,1440902784.0,22794.5,48.01,0.06
CSV,1495010,149500,51,50,0,25912,0,0.000000e+00,0.000000e+00,1276741888.0,1535103616.0,22951.7,48.25,0.80
CSV,1500010,150000,51,50,0,26012,0,0.000000e+00,0.000000e+00,1396365696.0,1451101440.0,22618.0,48.07,0.17
BER: END_SEQ #51 [LOCK] seq_err=0 BER_seq=0.0000e+00 | lock=51 slip=0 BER_cond=0.0000e+00 BER_cum=0.0000e+00
CSV,1505010,150500,51,51,0,26061,0,0.000000e+00,0.000000e+00,1284967296.0,1595643008.0,23982.4,48.23,0.94

=========================================
=== END OF TEST (duration=25 min) ===
=========================================
FINAL: syncs=51 lock=51 slip=0 slip_rate=0.0000
FINAL: bits_cum=26061 err_cum=0 BER_cum=0.0000e+00
FINAL: bits_lock=26061 err_lock=0 BER_cond=0.0000e+00
=========================================
=== STOP LOGGING NOW ===
=========================================
