

=== RX BOOT - BER TEST MODE ===
BPS_MODE=40 (HALF_SAMPLES=1000, 5000 samples/bit @ 200000 Hz)
Expect: 64-bit preamble + Barker13 (1F35h, gated by 8 preamble bits = 0x55) + 511-bit PRBS-9
Noise floor band: 5000 Hz; lock threshold: BER<0.10
Auto-stop: test will halt 25 min after the first sync.
RX: edge-tracking sync, center-3 voting
Starting decoder...

BER: SYNC #1 (gated)
CSV,5007,1000,1,0,0,6,0,0.000000e+00,0.000000e+00,53421846528.0,51134861312.0,1466465.2,45.61,0.19
CSV,10007,2000,1,0,0,206,0,0.000000e+00,0.000000e+00,58813104128.0,46881542144.0,1357767.1,46.37,0.98
CSV,15007,3000,1,0,0,406,0,0.000000e+00,0.000000e+00,53262245888.0,54505828352.0,1484960.9,45.65,0.10
BER: END_SEQ #1 [LOCK] seq_err=0 BER_seq=0.0000e+00 | lock=1 slip=0 BER_cond=0.0000e+00 BER_cum=0.0000e+00
BER: SYNC #2 (gated)
CSV,20007,4000,2,1,0,529,0,0.000000e+00,0.000000e+00,50184241152.0,53769367552.0,1595534.1,45.28,0.30
CSV,25007,5000,2,1,0,729,0,0.000000e+00,0.000000e+00,60689453056.0,47621443584.0,1341546.8,46.56,1.05
CSV,30007,6000,2,1,0,929,0,0.000000e+00,0.000000e+00,53087399936.0,52230447104.0,1403693.0,45.78,0.07
BER: END_SEQ #2 [LOCK] seq_err=0 BER_seq=0.0000e+00 | lock=2 slip=0 BER_cond=0.0000e+00 BER_cum=0.0000e+00
BER: SYNC #3 (gated)
CSV,35007,7000,3,2,0,1052,0,0.000000e+00,0.000000e+00,50848161792.0,56614920192.0,1612771.1,45.45,0.47
CSV,40007,8000,3,2,0,1251,0,0.000000e+00,0.000000e+00,58927607808.0,47062138880.0,1315837.5,46.51,0.98
CSV,45007,9000,3,2,0,1451,0,0.000000e+00,0.000000e+00,54946299904.0,52947148800.0,1405282.4,45.92,0.16
BER: END_SEQ #3 [LOCK] seq_err=0 BER_seq=0.0000e+00 | lock=3 slip=0 BER_cond=0.0000e+00 BER_cum=0.0000e+00
BER: SYNC #4 (gated)
CSV,50007,10000,4,3,0,1574,0,0.000000e+00,0.000000e+00,51339022336.0,53150441472.0,1523081.9,45.43,0.15
CSV,55007,11000,4,3,0,1774,0,0.000000e+00,0.000000e+00,58290327552.0,49776521216.0,1350084.8,46.35,0.69
CSV,60007,12000,4,3,0,1974,0,0.000000e+00,0.000000e+00,52999655424.0,52839960576.0,1376725.2,45.85,0.01
BER: END_SEQ #4 [LOCK] seq_err=0 BER_seq=0.0000e+00 | lock=4 slip=0 BER_cond=0.0000e+00 BER_cum=0.0000e+00
BER: SYNC #5 (gated)
CSV,65007,13000,5,4,0,2097,0,0.000000e+00,0.000000e+00,53531267072.0,53353865216.0,1540623.5,45.41,0.01
CSV,70007,14000,5,4,0,2297,0,0.000000e+00,0.000000e+00,57948807168.0,48391991296.0,1390998.4,46.20,0.78
CSV,75007,15000,5,4,0,2497,0,0.000000e+00,0.000000e+00,54106775552.0,53387874304.0,1401830.1,45.87,0.06
BER: END_SEQ #5 [LOCK] seq_err=0 BER_seq=0.0000e+00 | lock=5 slip=0 BER_cond=0.0000e+00 BER_cum=0.0000e+00
BER: SYNC #6 (gated)
CSV,80007,16000,6,5,0,2620,0,0.000000e+00,0.000000e+00,50200449024.0,55088402432.0,1511308.4,45.62,0.40
CSV,85007,17000,6,5,0,2820,0,0.000000e+00,0.000000e+00,61442924544.0,46289256448.0,1410273.6,46.39,1.23
CSV,90007,18000,6,5,0,3019,0,0.000000e+00,0.000000e+00,52910989312.0,53310455808.0,1352442.1,45.96,0.03
BER: END_SEQ #6 [LOCK] seq_err=0 BER_seq=0.0000e+00 | lock=6 slip=0 BER_cond=0.0000e+00 BER_cum=0.0000e+00
BER: SYNC #7 (gated)
CSV,95007,19000,7,6,0,3142,0,0.000000e+00,0.000000e+00,50543689728.0,55368032256.0,1554464.6,45.52,0.40
CSV,100007,20000,7,6,0,3342,0,0.000000e+00,0.000000e+00,61325905920.0,45881372672.0,1432814.1,46.31,1.26
CSV,105007,21000,7,6,0,3542,0,0.000000e+00,0.000000e+00,52086644736.0,54592835584.0,1316417.9,46.18,0.20
BER: END_SEQ #7 [LOCK] seq_err=0 BER_seq=0.0000e+00 | lock=7 slip=0 BER_cond=0.0000e+00 BER_cum=0.0000e+00
BER: SYNC #8 (gated)
CSV,110007,22000,8,7,0,3665,0,0.000000e+00,0.000000e+00,51229306880.0,54833532928.0,1608166.8,45.33,0.30
CSV,115007,23000,8,7,0,3865,0,0.000000e+00,0.000000e+00,59680944128.0,47331184640.0,1302954.0,46.61,1.01
CSV,120007,24000,8,7,0,4065,0,0.000000e+00,0.000000e+00,53886910464.0,53118218240.0,1436458.6,45.74,0.06
BER: END_SEQ #8 [LOCK] seq_err=0 BER_seq=0.0000e+00 | lock=8 slip=0 BER_cond=0.0000e+00 BER_cum=0.0000e+00
BER: SYNC #9 (gated)
CSV,125007,25000,9,8,0,4188,0,0.000000e+00,0.000000e+00,50584014848.0,54611091456.0,1626983.4,45.26,0.33
CSV,130007,26000,9,8,0,4388,0,0.000000e+00,0.000000e+00,60991516672.0,46780936192.0,1236752.2,46.93,1.15
CSV,135007,27000,9,8,0,4588,0,0.000000e+00,0.000000e+00,51768766464.0,54284697600.0,1398013.9,45.89,0.21
BER: END_SEQ #9 [LOCK] seq_err=0 BER_seq=0.0000e+00 | lock=9 slip=0 BER_cond=0.0000e+00 BER_cum=0.0000e+00
BER: SYNC #10 (gated)
CSV,140007,28000,10,9,0,4711,0,0.000000e+00,0.000000e+00,52329787392.0,54796128256.0,1632688.6,45.26,0.20
CSV,145007,29000,10,9,0,4910,0,0.000000e+00,0.000000e+00,59705982976.0,46900920320.0,1290860.1,46.65,1.05
BER: END_SEQ #10 [LOCK] seq_err=0 BER_seq=0.0000e+00 | lock=10 slip=0 BER_cond=0.0000e+00 BER_cum=0.0000e+00
CSV,150007,30000,10,10,0,5110,0,0.000000e+00,0.000000e+00,51499470848.0,56275329024.0,1282334.4,46.42,0.39
BER: SYNC #11 (gated)
CSV,155007,31000,11,10,0,5233,0,0.000000e+00,0.000000e+00,54269517824.0,50329780224.0,1657788.0,45.15,0.33
CSV,160007,32000,11,10,0,5433,0,0.000000e+00,0.000000e+00,58642489344.0,49577201664.0,1272524.6,46.64,0.73
BER: END_SEQ #11 [LOCK] seq_err=0 BER_seq=0.0000e+00 | lock=11 slip=0 BER_cond=0.0000e+00 BER_cum=0.0000e+00
CSV,165007,33000,11,11,0,5621,0,0.000000e+00,0.000000e+00,50665492480.0,55011557376.0,1332468.6,46.16,0.36
BER: SYNC #12 (gated)
CSV,170007,34000,12,11,0,5756,0,0.000000e+00,0.000000e+00,58340052992.0,49841463296.0,1535192.5,45.80,0.68
CSV,175007,35000,12,11,0,5956,0,0.000000e+00,0.000000e+00,53762129920.0,52091166720.0,1306207.6,46.14,0.14
BER: END_SEQ #12 [LOCK] seq_err=0 BER_seq=0.0000e+00 | lock=12 slip=0 BER_cond=0.0000e+00 BER_cum=0.0000e+00
CSV,180007,36000,12,12,0,6132,0,0.000000e+00,0.000000e+00,53160501248.0,54644297728.0,1357832.8,46.05,0.12
BER: SYNC #13 (gated)
CSV,185007,37000,13,12,0,6279,0,0.000000e+00,0.000000e+00,58606698496.0,46950637568.0,1436857.0,46.11,0.96
CSV,190007,38000,13,12,0,6479,0,0.000000e+00,0.000000e+00,53988515840.0,54329352192.0,1322037.6,46.14,0.03
BER: END_SEQ #13 [LOCK] seq_err=0 BER_seq=0.0000e+00 | lock=13 slip=0 BER_cond=0.0000e+00 BER_cum=0.0000e+00
CSV,195007,39000,13,13,0,6643,0,0.000000e+00,0.000000e+00,51271696384.0,53866856448.0,1326841.2,46.09,0.21
BER: SYNC #14 (gated)
CSV,200007,40000,14,13,0,6801,0,0.000000e+00,0.000000e+00,59677888512.0,48872402944.0,1467823.5,46.09,0.87
CSV,205007,41000,14,13,0,7001,0,0.000000e+00,0.000000e+00,52422975488.0,53228232704.0,1293688.1,46.14,0.07
BER: END_SEQ #14 [LOCK] seq_err=0 BER_seq=0.0000e+00 | lock=14 slip=0 BER_cond=0.0000e+00 BER_cum=0.0000e+00
CSV,210007,42000,14,14,0,7154,0,0.000000e+00,0.000000e+00,53290958848.0,54355681280.0,1433627.1,45.79,0.09
BER: SYNC #15 (gated)
CSV,215007,43000,15,14,0,7324,0,0.000000e+00,0.000000e+00,57799602176.0,48199421952.0,1312022.0,46.44,0.79
CSV,220007,44000,15,14,0,7524,0,0.000000e+00,0.000000e+00,54042238976.0,54346231808.0,1389440.2,45.92,0.02
BER: END_SEQ #15 [LOCK] seq_err=0 BER_seq=0.0000e+00 | lock=15 slip=0 BER_cond=0.0000e+00 BER_cum=0.0000e+00
CSV,225007,45000,15,15,0,7665,0,0.000000e+00,0.000000e+00,52035702784.0,52472586240.0,1567325.8,45.25,0.04
BER: SYNC #16 (gated)
CSV,230007,46000,16,15,0,7847,0,0.000000e+00,0.000000e+00,58887008256.0,50140520448.0,1259703.9,46.70,0.70
CSV,235007,47000,16,15,0,8047,0,0.000000e+00,0.000000e+00,52440600576.0,52985659392.0,1328199.6,46.01,0.04
BER: END_SEQ #16 [LOCK] seq_err=0 BER_seq=0.0000e+00 | lock=16 slip=0 BER_cond=0.0000e+00 BER_cum=0.0000e+00
CSV,240007,48000,16,16,0,8176,0,0.000000e+00,0.000000e+00,53176295424.0,54725300224.0,1596894.5,45.35,0.12
BER: SYNC #17 (gated)
CSV,245007,49000,17,16,0,8369,0,0.000000e+00,0.000000e+00,60124913664.0,46210514944.0,1295640.9,46.67,1.14
CSV,250007,50000,17,16,0,8569,0,0.000000e+00,0.000000e+00,53878030336.0,54241275904.0,1266576.1,46.32,0.03
BER: END_SEQ #17 [LOCK] seq_err=0 BER_seq=0.0000e+00 | lock=17 slip=0 BER_cond=0.0000e+00 BER_cum=0.0000e+00
BER: SYNC #18 (gated)
CSV,255007,51000,18,17,0,8692,0,0.000000e+00,0.000000e+00,50338127872.0,53711773696.0,1568075.9,45.35,0.28
CSV,260007,52000,18,17,0,8892,0,0.000000e+00,0.000000e+00,60282400768.0,48263868416.0,1354698.4,46.48,0.97
CSV,265007,53000,18,17,0,9092,0,0.000000e+00,0.000000e+00,51879051264.0,53293993984.0,1334494.5,46.01,0.12
BER: END_SEQ #18 [LOCK] seq_err=0 BER_seq=0.0000e+00 | lock=18 slip=0 BER_cond=0.0000e+00 BER_cum=0.0000e+00
BER: SYNC #19 (gated)
CSV,270007,54000,19,18,0,9215,0,0.000000e+00,0.000000e+00,51853774848.0,56107450368.0,1460601.0,45.84,0.34
CSV,275007,55000,19,18,0,9415,0,0.000000e+00,0.000000e+00,59403825152.0,46569467904.0,1332310.5,46.49,1.06
CSV,280007,56000,19,18,0,9615,0,0.000000e+00,0.000000e+00,54886264832.0,53202206720.0,1387224.2,45.97,0.14
BER: END_SEQ #19 [LOCK] seq_err=0 BER_seq=0.0000e+00 | lock=19 slip=0 BER_cond=0.0000e+00 BER_cum=0.0000e+00
BER: SYNC #20 (gated)
CSV,285007,57000,20,19,0,9738,0,0.000000e+00,0.000000e+00,49168871424.0,55095508992.0,1521417.2,45.59,0.49
CSV,290007,58000,20,19,0,9938,0,0.000000e+00,0.000000e+00,60198866944.0,48210903040.0,1322692.9,46.58,0.96
CSV,295007,59000,20,19,0,10137,0,0.000000e+00,0.000000e+00,53758029824.0,51981078528.0,1347205.5,46.01,0.15
BER: END_SEQ #20 [LOCK] seq_err=0 BER_seq=0.0000e+00 | lock=20 slip=0 BER_cond=0.0000e+00 BER_cum=0.0000e+00
BER: SYNC #21 (gated)
CSV,300007,60000,21,20,0,10260,0,0.000000e+00,0.000000e+00,52485881856.0,54853914624.0,1579033.4,45.41,0.19
CSV,305007,61000,21,20,0,10460,0,0.000000e+00,0.000000e+00,57331326976.0,48795852800.0,1325918.6,46.36,0.70
CSV,310007,62000,21,20,0,10660,0,0.000000e+00,0.000000e+00,54318186496.0,53484257280.0,1276316.9,46.29,0.07
BER: END_SEQ #21 [LOCK] seq_err=0 BER_seq=0.0000e+00 | lock=21 slip=0 BER_cond=0.0000e+00 BER_cum=0.0000e+00
BER: SYNC #22 (gated)
CSV,315007,63000,22,21,0,10783,0,0.000000e+00,0.000000e+00,51961524224.0,52873441280.0,1552615.9,45.32,0.08
CSV,320007,64000,22,21,0,10983,0,0.000000e+00,0.000000e+00,58794643456.0,49197301760.0,1378255.0,46.30,0.77
CSV,325007,65000,22,21,0,11183,0,0.000000e+00,0.000000e+00,53774086144.0,52306448384.0,1344281.8,46.02,0.12
BER: END_SEQ #22 [LOCK] seq_err=0 BER_seq=0.0000e+00 | lock=22 slip=0 BER_cond=0.0000e+00 BER_cum=0.0000e+00
BER: SYNC #23 (gated)
CSV,330007,66000,23,22,0,11306,0,0.000000e+00,0.000000e+00,50935648256.0,55675789312.0,1474646.1,45.77,0.39
CSV,335007,67000,23,22,0,11506,0,0.000000e+00,0.000000e+00,61101895680.0,45904764928.0,1439261.8,46.28,1.24
CSV,340007,68000,23,22,0,11706,0,0.000000e+00,0.000000e+00,52859187200.0,54260363264.0,1438520.8,45.77,0.11
BER: END_SEQ #23 [LOCK] seq_err=0 BER_seq=0.0000e+00 | lock=23 slip=0 BER_cond=0.0000e+00 BER_cum=0.0000e+00
BER: SYNC #24 (gated)
CSV,345007,69000,24,23,0,11828,0,0.000000e+00,0.000000e+00,50493964288.0,55263965184.0,1531565.0,45.57,0.39
CSV,350007,70000,24,23,0,12028,0,0.000000e+00,0.000000e+00,61836849152.0,45760364544.0,1444041.9,46.32,1.31
CSV,355007,71000,24,23,0,12228,0,0.000000e+00,0.000000e+00,52193402880.0,54482706432.0,1480148.2,45.66,0.19
BER: END_SEQ #24 [LOCK] seq_err=0 BER_seq=0.0000e+00 | lock=24 slip=0 BER_cond=0.0000e+00 BER_cum=0.0000e+00
BER: SYNC #25 (gated)
CSV,360007,72000,25,24,0,12351,0,0.000000e+00,0.000000e+00,51013562368.0,54698725376.0,1569531.6,45.42,0.30
CSV,365007,73000,25,24,0,12551,0,0.000000e+00,0.000000e+00,59757244416.0,47823593472.0,1444959.6,46.17,0.97
CSV,370007,74000,25,24,0,12751,0,0.000000e+00,0.000000e+00,53312290816.0,53212176384.0,1470955.6,45.59,0.01
BER: END_SEQ #25 [LOCK] seq_err=0 BER_seq=0.0000e+00 | lock=25 slip=0 BER_cond=0.0000e+00 BER_cum=0.0000e+00
BER: SYNC #26 (gated)
CSV,375007,75000,26,25,0,12874,0,0.000000e+00,0.000000e+00,51461996544.0,55257202688.0,1576732.0,45.45,0.31
CSV,380007,76000,26,25,0,13074,0,0.000000e+00,0.000000e+00,60521234432.0,46606999552.0,1432107.8,46.26,1.13
CSV,385007,77000,26,25,0,13274,0,0.000000e+00,0.000000e+00,52420448256.0,55024779264.0,1471278.0,45.73,0.21
BER: END_SEQ #26 [LOCK] seq_err=0 BER_seq=0.0000e+00 | lock=26 slip=0 BER_cond=0.0000e+00 BER_cum=0.0000e+00
BER: SYNC #27 (gated)
CSV,390007,78000,27,26,0,13397,0,0.000000e+00,0.000000e+00,51710377984.0,53325701120.0,1630943.5,45.14,0.13
CSV,395007,79000,27,26,0,13597,0,0.000000e+00,0.000000e+00,60008525824.0,48164995072.0,1303395.9,46.63,0.95
CSV,400007,80000,27,26,0,13796,0,0.000000e+00,0.000000e+00,50630172672.0,55401312256.0,1448116.2,45.83,0.39
BER: END_SEQ #27 [LOCK] seq_err=0 BER_seq=0.0000e+00 | lock=27 slip=0 BER_cond=0.0000e+00 BER_cum=0.0000e+00
BER: SYNC #28 (gated)
CSV,405007,81000,28,27,0,13919,0,0.000000e+00,0.000000e+00,55815618560.0,51961081856.0,1713837.5,45.13,0.31
CSV,410007,82000,28,27,0,14119,0,0.000000e+00,0.000000e+00,57978728448.0,48455585792.0,1311261.0,46.46,0.78
BER: END_SEQ #28 [LOCK] seq_err=0 BER_seq=0.0000e+00 | lock=28 slip=0 BER_cond=0.0000e+00 BER_cum=0.0000e+00
CSV,415007,83000,28,28,0,14308,0,0.000000e+00,0.000000e+00,51799011328.0,56116097024.0,1456562.2,45.86,0.35
BER: SYNC #29 (gated)
CSV,420007,84000,29,28,0,14442,0,0.000000e+00,0.000000e+00,56829349888.0,48369922048.0,1632031.0,45.42,0.70
CSV,425007,85000,29,28,0,14642,0,0.000000e+00,0.000000e+00,54708600832.0,53597229056.0,1332635.6,46.13,0.09
BER: END_SEQ #29 [LOCK] seq_err=0 BER_seq=0.0000e+00 | lock=29 slip=0 BER_cond=0.0000e+00 BER_cum=0.0000e+00
CSV,430007,86000,29,29,0,14819,0,0.000000e+00,0.000000e+00,52394397696.0,53164150784.0,1485548.0,45.54,0.06
BER: SYNC #30 (gated)
CSV,435007,87000,30,29,0,14965,0,0.000000e+00,0.000000e+00,59727908864.0,48746524672.0,1530875.0,45.91,0.88
CSV,440007,88000,30,29,0,15165,0,0.000000e+00,0.000000e+00,52529438720.0,53082206208.0,1389315.8,45.82,0.05
BER: END_SEQ #30 [LOCK] seq_err=0 BER_seq=0.0000e+00 | lock=30 slip=0 BER_cond=0.0000e+00 BER_cum=0.0000e+00
CSV,445007,89000,30,30,0,15330,0,0.000000e+00,0.000000e+00,53120667648.0,54590099456.0,1477261.2,45.68,0.12
BER: SYNC #31 (gated)
CSV,450007,90000,31,30,0,15487,0,0.000000e+00,0.000000e+00,58125258752.0,47516020736.0,1452806.2,46.02,0.88
CSV,455007,91000,31,30,0,15687,0,0.000000e+00,0.000000e+00,53429669888.0,54899806208.0,1334060.8,46.14,0.12
BER: END_SEQ #31 [LOCK] seq_err=0 BER_seq=0.0000e+00 | lock=31 slip=0 BER_cond=0.0000e+00 BER_cum=0.0000e+00
CSV,460007,92000,31,31,0,15841,0,0.000000e+00,0.000000e+00,52136652800.0,52664463360.0,1543376.0,45.33,0.04
BER: SYNC #32 (gated)
CSV,465007,93000,32,31,0,16010,0,0.000000e+00,0.000000e+00,59420168192.0,49294995456.0,1388551.0,46.31,0.81
CSV,470007,94000,32,31,0,16210,0,0.000000e+00,0.000000e+00,52526063616.0,52907331584.0,1319422.6,46.03,0.03
BER: END_SEQ #32 [LOCK] seq_err=0 BER_seq=0.0000e+00 | lock=32 slip=0 BER_cond=0.0000e+00 BER_cum=0.0000e+00
CSV,475007,95000,32,32,0,16352,0,0.000000e+00,0.000000e+00,53239042048.0,54285017088.0,1561951.5,45.41,0.08
BER: SYNC #33 (gated)
CSV,480007,96000,33,32,0,16533,0,0.000000e+00,0.000000e+00,57215885312.0,48827867136.0,1385168.0,46.16,0.69
CSV,485007,97000,33,32,0,16733,0,0.000000e+00,0.000000e+00,53919358976.0,54314319872.0,1364036.1,46.00,0.03
BER: END_SEQ #33 [LOCK] seq_err=0 BER_seq=0.0000e+00 | lock=33 slip=0 BER_cond=0.0000e+00 BER_cum=0.0000e+00
CSV,490007,98000,33,33,0,16863,0,0.000000e+00,0.000000e+00,51341709312.0,52863451136.0,1517291.2,45.42,0.13
BER: SYNC #34 (gated)
CSV,495007,99000,34,33,0,17056,0,0.000000e+00,0.000000e+00,61086892032.0,46645534720.0,1347228.5,46.57,1.17
CSV,500007,100000,34,33,0,17255,0,0.000000e+00,0.000000e+00,52143255552.0,51947937792.0,1432838.2,45.61,0.02
BER: END_SEQ #34 [LOCK] seq_err=0 BER_seq=0.0000e+00 | lock=34 slip=0 BER_cond=0.0000e+00 BER_cum=0.0000e+00
BER: SYNC #35 (gated)
CSV,505007,101000,35,34,0,17378,0,0.000000e+00,0.000000e+00,52180643840.0,54405525504.0,1586883.0,45.35,0.18
CSV,510007,102000,35,34,0,17578,0,0.000000e+00,0.000000e+00,58639814656.0,46166671360.0,1321173.1,46.47,1.04
CSV,515007,103000,35,34,0,17778,0,0.000000e+00,0.000000e+00,53005946880.0,53816668160.0,1395747.1,45.86,0.07
BER: END_SEQ #35 [LOCK] seq_err=0 BER_seq=0.0000e+00 | lock=35 slip=0 BER_cond=0.0000e+00 BER_cum=0.0000e+00
BER: SYNC #36 (gated)
CSV,520007,104000,36,35,0,17901,0,0.000000e+00,0.000000e+00,49096679424.0,53989568512.0,1542818.4,45.44,0.41
CSV,525007,105000,36,35,0,18101,0,0.000000e+00,0.000000e+00,60352897024.0,47062347776.0,1321402.9,46.60,1.08
CSV,530007,106000,36,35,0,18301,0,0.000000e+00,0.000000e+00,53326921728.0,51093131264.0,1321721.9,46.06,0.19
BER: END_SEQ #36 [LOCK] seq_err=0 BER_seq=0.0000e+00 | lock=36 slip=0 BER_cond=0.0000e+00 BER_cum=0.0000e+00
BER: SYNC #37 (gated)
CSV,535007,107000,37,36,0,18424,0,0.000000e+00,0.000000e+00,50608943104.0,56020107264.0,1585393.8,45.48,0.44
CSV,540007,108000,37,36,0,18624,0,0.000000e+00,0.000000e+00,59366096896.0,46442483712.0,1347559.2,46.44,1.07
CSV,545007,109000,37,36,0,18824,0,0.000000e+00,0.000000e+00,54104412160.0,52789514240.0,1302692.9,46.18,0.11
BER: END_SEQ #37 [LOCK] seq_err=0 BER_seq=0.0000e+00 | lock=37 slip=0 BER_cond=0.0000e+00 BER_cum=0.0000e+00
BER: SYNC #38 (gated)
CSV,550007,110000,38,37,0,18946,0,0.000000e+00,0.000000e+00,51183054848.0,52328275968.0,1640934.2,45.04,0.10
CSV,555007,111000,38,37,0,19146,0,0.000000e+00,0.000000e+00,57944457216.0,49110007808.0,1222014.6,46.76,0.72
CSV,560007,112000,38,37,0,19346,0,0.000000e+00,0.000000e+00,53103587328.0,51632889856.0,1406624.4,45.77,0.12
BER: END_SEQ #38 [LOCK] seq_err=0 BER_seq=0.0000e+00 | lock=38 slip=0 BER_cond=0.0000e+00 BER_cum=0.0000e+00
BER: SYNC #39 (gated)
CSV,565007,113000,39,38,0,19469,0,0.000000e+00,0.000000e+00,52234104832.0,53610614784.0,1620828.9,45.20,0.11
CSV,570007,114000,39,38,0,19669,0,0.000000e+00,0.000000e+00,57565904896.0,47667781632.0,1258075.1,46.60,0.82
CSV,575007,115000,39,38,0,19869,0,0.000000e+00,0.000000e+00,54387163136.0,52074254336.0,1300083.6,46.22,0.19
BER: END_SEQ #39 [LOCK] seq_err=0 BER_seq=0.0000e+00 | lock=39 slip=0 BER_cond=0.0000e+00 BER_cum=0.0000e+00
BER: SYNC #40 (gated)
CSV,580007,116000,40,39,0,19992,0,0.000000e+00,0.000000e+00,50255351808.0,53847654400.0,1628437.6,45.19,0.30
CSV,585007,117000,40,39,0,20192,0,0.000000e+00,0.000000e+00,61138132992.0,45568253952.0,1252767.4,46.88,1.28
CSV,590007,118000,40,39,0,20392,0,0.000000e+00,0.000000e+00,52090859520.0,52999700480.0,1238984.8,46.31,0.08
BER: END_SEQ #40 [LOCK] seq_err=0 BER_seq=0.0000e+00 | lock=40 slip=0 BER_cond=0.0000e+00 BER_cum=0.0000e+00
BER: SYNC #41 (gated)
CSV,595007,119000,41,40,0,20515,0,0.000000e+00,0.000000e+00,50306588672.0,54526173184.0,1574655.0,45.39,0.35
CSV,600007,120000,41,40,0,20714,0,0.000000e+00,0.000000e+00,60855037952.0,45288308736.0,1350136.4,46.54,1.28
CSV,605007,121000,41,40,0,20914,0,0.000000e+00,0.000000e+00,52204146688.0,53441544192.0,1236604.2,46.36,0.10
BER: END_SEQ #41 [LOCK] seq_err=0 BER_seq=0.0000e+00 | lock=41 slip=0 BER_cond=0.0000e+00 BER_cum=0.0000e+00
BER: SYNC #42 (gated)
CSV,610007,122000,42,41,0,21037,0,0.000000e+00,0.000000e+00,51191558144.0,54338547712.0,1644371.1,45.19,0.26
CSV,615007,123000,42,41,0,21237,0,0.000000e+00,0.000000e+00,59464278016.0,47544090624.0,1313658.6,46.56,0.97
CSV,620007,124000,42,41,0,21437,0,0.000000e+00,0.000000e+00,53056946176.0,53801836544.0,1248876.8,46.34,0.06
BER: END_SEQ #42 [LOCK] seq_err=0 BER_seq=0.0000e+00 | lock=42 slip=0 BER_cond=0.0000e+00 BER_cum=0.0000e+00
BER: SYNC #43 (gated)
CSV,625007,125000,43,42,0,21560,0,0.000000e+00,0.000000e+00,51102502912.0,54158327808.0,1592417.6,45.32,0.25
CSV,630007,126000,43,42,0,21760,0,0.000000e+00,0.000000e+00,60629000192.0,47358914560.0,1360934.1,46.49,1.07
CSV,635007,127000,43,42,0,21960,0,0.000000e+00,0.000000e+00,51636592640.0,54063628288.0,1188933.9,46.58,0.20
BER: END_SEQ #43 [LOCK] seq_err=0 BER_seq=0.0000e+00 | lock=43 slip=0 BER_cond=0.0000e+00 BER_cum=0.0000e+00
BER: SYNC #44 (gated)
CSV,640007,128000,44,43,0,22083,0,0.000000e+00,0.000000e+00,52500819968.0,53466972160.0,1538120.9,45.41,0.08
CSV,645007,129000,44,43,0,22283,0,0.000000e+00,0.000000e+00,59365634048.0,46108446720.0,1368375.8,46.37,1.10
CSV,650007,130000,44,43,0,22483,0,0.000000e+00,0.000000e+00,51199602688.0,55318556672.0,1196492.1,46.65,0.34
BER: END_SEQ #44 [LOCK] seq_err=0 BER_seq=0.0000e+00 | lock=44 slip=0 BER_cond=0.0000e+00 BER_cum=0.0000e+00
BER: SYNC #45 (gated)
CSV,655007,131000,45,44,0,22605,0,0.000000e+00,0.000000e+00,53294989312.0,50095112192.0,1573395.5,45.30,0.27
CSV,660007,132000,45,44,0,22805,0,0.000000e+00,0.000000e+00,58512297984.0,48529195008.0,1315772.4,46.48,0.81
BER: END_SEQ #45 [LOCK] seq_err=0 BER_seq=0.0000e+00 | lock=45 slip=0 BER_cond=0.0000e+00 BER_cum=0.0000e+00
CSV,665007,133000,45,45,0,22995,0,0.000000e+00,0.000000e+00,50569682944.0,53720498176.0,1337930.2,46.04,0.26
BER: SYNC #46 (gated)
CSV,670007,134000,46,45,0,23128,0,0.000000e+00,0.000000e+00,57889353728.0,48942256128.0,1478339.5,45.93,0.73
CSV,675007,135000,46,45,0,23328,0,0.000000e+00,0.000000e+00,53064376320.0,51286409216.0,1324082.4,46.03,0.15
BER: END_SEQ #46 [LOCK] seq_err=0 BER_seq=0.0000e+00 | lock=46 slip=0 BER_cond=0.0000e+00 BER_cum=0.0000e+00
CSV,680007,136000,46,46,0,23506,0,0.000000e+00,0.000000e+00,53217640448.0,54038638592.0,1434775.5,45.76,0.07
BER: SYNC #47 (gated)
CSV,685007,137000,47,46,0,23651,0,0.000000e+00,0.000000e+00,57982722048.0,47351123968.0,1404459.9,46.16,0.88
CSV,690007,138000,47,46,0,23851,0,0.000000e+00,0.000000e+00,54425477120.0,53800615936.0,1376196.4,45.97,0.05
BER: END_SEQ #47 [LOCK] seq_err=0 BER_seq=0.0000e+00 | lock=47 slip=0 BER_cond=0.0000e+00 BER_cum=0.0000e+00
CSV,695007,139000,47,47,0,24017,0,0.000000e+00,0.000000e+00,51231907840.0,53769949184.0,1504099.0,45.53,0.21
BER: SYNC #48 (gated)
CSV,700007,140000,48,47,0,24174,0,0.000000e+00,0.000000e+00,59339763712.0,48402132992.0,1372643.1,46.36,0.88
CSV,705007,141000,48,47,0,24373,0,0.000000e+00,0.000000e+00,51486363648.0,52542136320.0,1362765.0,45.86,0.09
BER: END_SEQ #48 [LOCK] seq_err=0 BER_seq=0.0000e+00 | lock=48 slip=0 BER_cond=0.0000e+00 BER_cum=0.0000e+00
CSV,710007,142000,48,48,0,24528,0,0.000000e+00,0.000000e+00,53340651520.0,52906741760.0,1484265.2,45.56,0.04
BER: SYNC #49 (gated)
CSV,715007,143000,49,48,0,24696,0,0.000000e+00,0.000000e+00,57817006080.0,46672224256.0,1292803.0,46.51,0.93
CSV,720007,144000,49,48,0,24896,0,0.000000e+00,0.000000e+00,53568700416.0,53216870400.0,1379419.4,45.89,0.03
BER: END_SEQ #49 [LOCK] seq_err=0 BER_seq=0.0000e+00 | lock=49 slip=0 BER_cond=0.0000e+00 BER_cum=0.0000e+00
CSV,725007,145000,49,49,0,25039,0,0.000000e+00,0.000000e+00,51032219648.0,52003512320.0,1537635.5,45.29,0.08
BER: SYNC #50 (gated)
CSV,730007,146000,50,49,0,25219,0,0.000000e+00,0.000000e+00,58237820928.0,49143263232.0,1196824.8,46.87,0.74
CSV,735007,147000,50,49,0,25419,0,0.000000e+00,0.000000e+00,52033466368.0,51853250560.0,1391558.6,45.73,0.02
BER: END_SEQ #50 [LOCK] seq_err=0 BER_seq=0.0000e+00 | lock=50 slip=0 BER_cond=0.0000e+00 BER_cum=0.0000e+00
CSV,740007,148000,50,50,0,25550,0,0.000000e+00,0.000000e+00,52259762176.0,53997002752.0,1526009.1,45.49,0.14
BER: SYNC #51 (gated)
CSV,745007,149000,51,50,0,25742,0,0.000000e+00,0.000000e+00,59620241408.0,45286670336.0,1290491.8,46.65,1.19
CSV,750007,150000,51,50,0,25942,0,0.000000e+00,0.000000e+00,54104055808.0,52785278976.0,1328183.6,46.10,0.11
BER: END_SEQ #51 [LOCK] seq_err=0 BER_seq=0.0000e+00 | lock=51 slip=0 BER_cond=0.0000e+00 BER_cum=0.0000e+00
BER: SYNC #52 (gated)
CSV,755007,151000,52,51,0,26064,0,0.000000e+00,0.000000e+00,49766584320.0,53058928640.0,1559541.2,45.32,0.28
CSV,760007,152000,52,51,0,26264,0,0.000000e+00,0.000000e+00,60479840256.0,47179177984.0,1424655.5,46.28,1.08
CSV,765007,153000,52,51,0,26464,0,0.000000e+00,0.000000e+00,51890249728.0,53470965760.0,1368039.2,45.92,0.13
BER: END_SEQ #52 [LOCK] seq_err=0 BER_seq=0.0000e+00 | lock=52 slip=0 BER_cond=0.0000e+00 BER_cum=0.0000e+00
BER: SYNC #53 (gated)
CSV,770007,154000,53,52,0,26587,0,0.000000e+00,0.000000e+00,51054960640.0,56912093184.0,1530845.0,45.70,0.47
CSV,775007,155000,53,52,0,26787,0,0.000000e+00,0.000000e+00,59783524352.0,46308446208.0,1447048.9,46.16,1.11
CSV,780007,156000,53,52,0,26987,0,0.000000e+00,0.000000e+00,54718889984.0,53432733696.0,1444398.4,45.78,0.10
BER: END_SEQ #53 [LOCK] seq_err=0 BER_seq=0.0000e+00 | lock=53 slip=0 BER_cond=0.0000e+00 BER_cum=0.0000e+00
BER: SYNC #54 (gated)
CSV,785007,157000,54,53,0,27110,0,0.000000e+00,0.000000e+00,49147285504.0,55144390656.0,1576298.4,45.44,0.50
CSV,790007,158000,54,53,0,27310,0,0.000000e+00,0.000000e+00,61231284224.0,47338094592.0,1437017.9,46.30,1.12
CSV,795007,159000,54,53,0,27510,0,0.000000e+00,0.000000e+00,52755746816.0,53008039936.0,1496180.4,45.49,0.02
BER: END_SEQ #54 [LOCK] seq_err=0 BER_seq=0.0000e+00 | lock=54 slip=0 BER_cond=0.0000e+00 BER_cum=0.0000e+00
BER: SYNC #55 (gated)
CSV,800007,160000,55,54,0,27633,0,0.000000e+00,0.000000e+00,53055287296.0,54528090112.0,1583585.1,45.37,0.12
CSV,805007,161000,55,54,0,27832,0,0.000000e+00,0.000000e+00,57354870784.0,48648265728.0,1379849.2,46.19,0.72
CSV,810007,162000,55,54,0,28032,0,0.000000e+00,0.000000e+00,54403891200.0,52200775680.0,1505835.8,45.58,0.18
BER: END_SEQ #55 [LOCK] seq_err=0 BER_seq=0.0000e+00 | lock=55 slip=0 BER_cond=0.0000e+00 BER_cum=0.0000e+00
BER: SYNC #56 (gated)
CSV,815007,163000,56,55,0,28155,0,0.000000e+00,0.000000e+00,50855391232.0,52664995840.0,1571507.8,45.25,0.15
CSV,820007,164000,56,55,0,28355,0,0.000000e+00,0.000000e+00,58419347456.0,48336179200.0,1337827.5,46.40,0.82
CSV,825007,165000,56,55,0,28555,0,0.000000e+00,0.000000e+00,53284786176.0,51435548672.0,1536801.5,45.40,0.15
BER: END_SEQ #56 [LOCK] seq_err=0 BER_seq=0.0000e+00 | lock=56 slip=0 BER_cond=0.0000e+00 BER_cum=0.0000e+00
BER: SYNC #57 (gated)
CSV,830007,166000,57,56,0,28678,0,0.000000e+00,0.000000e+00,51415441408.0,53901115392.0,1497323.2,45.56,0.21
CSV,835007,167000,57,56,0,28878,0,0.000000e+00,0.000000e+00,60234698752.0,45436243968.0,1294979.2,46.68,1.22
CSV,840007,168000,57,56,0,29078,0,0.000000e+00,0.000000e+00,52849938432.0,52949893120.0,1571062.5,45.28,0.01
BER: END_SEQ #57 [LOCK] seq_err=0 BER_seq=0.0000e+00 | lock=57 slip=0 BER_cond=0.0000e+00 BER_cum=0.0000e+00
BER: SYNC #58 (gated)
CSV,845007,169000,58,57,0,29201,0,0.000000e+00,0.000000e+00,49569591296.0,54721843200.0,1484021.0,45.67,0.43
CSV,850007,170000,58,57,0,29401,0,0.000000e+00,0.000000e+00,61453131776.0,44908032000.0,1284036.0,46.80,1.36
CSV,855007,171000,58,57,0,29600,0,0.000000e+00,0.000000e+00,51709788160.0,53692112896.0,1497856.8,45.54,0.16
BER: END_SEQ #58 [LOCK] seq_err=0 BER_seq=0.0000e+00 | lock=58 slip=0 BER_cond=0.0000e+00 BER_cum=0.0000e+00
BER: SYNC #59 (gated)
CSV,860007,172000,59,58,0,29723,0,0.000000e+00,0.000000e+00,51062026240.0,53294235648.0,1591190.1,45.25,0.19
CSV,865007,173000,59,58,0,29923,0,0.000000e+00,0.000000e+00,59377414144.0,46845067264.0,1239880.2,46.80,1.03
CSV,870007,174000,59,58,0,30123,0,0.000000e+00,0.000000e+00,52145876992.0,53068881920.0,1494033.5,45.50,0.08
BER: END_SEQ #59 [LOCK] seq_err=0 BER_seq=0.0000e+00 | lock=59 slip=0 BER_cond=0.0000e+00 BER_cum=0.0000e+00
BER: SYNC #60 (gated)
CSV,875007,175000,60,59,0,30246,0,0.000000e+00,0.000000e+00,51445174272.0,53979021312.0,1592769.4,45.30,0.21
CSV,880007,176000,60,59,0,30446,0,0.000000e+00,0.000000e+00,59479052288.0,46250729472.0,1318528.4,46.54,1.09
CSV,885007,177000,60,59,0,30646,0,0.000000e+00,0.000000e+00,52413071360.0,53702316032.0,1363506.2,45.95,0.11
BER: END_SEQ #60 [LOCK] seq_err=0 BER_seq=0.0000e+00 | lock=60 slip=0 BER_cond=0.0000e+00 BER_cum=0.0000e+00
BER: SYNC #61 (gated)
CSV,890007,178000,61,60,0,30769,0,0.000000e+00,0.000000e+00,51167453184.0,53306339328.0,1640452.1,45.12,0.18
CSV,895007,179000,61,60,0,30969,0,0.000000e+00,0.000000e+00,60454313984.0,47400767488.0,1307292.2,46.65,1.06
CSV,900007,180000,61,60,0,31169,0,0.000000e+00,0.000000e+00,50776231936.0,54087585792.0,1238382.0,46.40,0.27
BER: END_SEQ #61 [LOCK] seq_err=0 BER_seq=0.0000e+00 | lock=61 slip=0 BER_cond=0.0000e+00 BER_cum=0.0000e+00
BER: SYNC #62 (gated)
CSV,905007,181000,62,61,0,31292,0,0.000000e+00,0.000000e+00,54354972672.0,51838423040.0,1670671.0,45.12,0.21
CSV,910007,182000,62,61,0,31491,0,0.000000e+00,0.000000e+00,57427922944.0,47589105664.0,1322189.2,46.38,0.82
BER: END_SEQ #62 [LOCK] seq_err=0 BER_seq=0.0000e+00 | lock=62 slip=0 BER_cond=0.0000e+00 BER_cum=0.0000e+00
CSV,915007,183000,62,62,0,31682,0,0.000000e+00,0.000000e+00,51852173312.0,54640361472.0,1202840.5,46.57,0.23
BER: SYNC #63 (gated)
CSV,920007,184000,63,62,0,31814,0,0.000000e+00,0.000000e+00,56061485056.0,47543128064.0,1666266.6,45.27,0.72
CSV,925007,185000,63,62,0,32014,0,0.000000e+00,0.000000e+00,54586736640.0,52167913472.0,1316566.5,46.18,0.20
BER: END_SEQ #63 [LOCK] seq_err=0 BER_seq=0.0000e+00 | lock=63 slip=0 BER_cond=0.0000e+00 BER_cum=0.0000e+00
CSV,930007,186000,63,63,0,32193,0,0.000000e+00,0.000000e+00,52155555840.0,53024231424.0,1327440.9,46.01,0.07
BER: SYNC #64 (gated)
CSV,935007,187000,64,63,0,32337,0,0.000000e+00,0.000000e+00,59537338368.0,48694566912.0,1575994.8,45.77,0.87
CSV,940007,188000,64,63,0,32537,0,0.000000e+00,0.000000e+00,52933652480.0,51921342464.0,1418804.4,45.72,0.08
BER: END_SEQ #64 [LOCK] seq_err=0 BER_seq=0.0000e+00 | lock=64 slip=0 BER_cond=0.0000e+00 BER_cum=0.0000e+00
CSV,945007,189000,64,64,0,32704,0,0.000000e+00,0.000000e+00,52542935040.0,54995873792.0,1435094.8,45.83,0.20
BER: SYNC #65 (gated)
CSV,950007,190000,65,64,0,32860,0,0.000000e+00,0.000000e+00,58118045696.0,47364399104.0,1516231.1,45.84,0.89
CSV,955007,191000,65,64,0,33060,0,0.000000e+00,0.000000e+00,52859494400.0,55175847936.0,1388145.1,45.99,0.19
BER: END_SEQ #65 [LOCK] seq_err=0 BER_seq=0.0000e+00 | lock=65 slip=0 BER_cond=0.0000e+00 BER_cum=0.0000e+00
CSV,960007,192000,65,65,0,33215,0,0.000000e+00,0.000000e+00,52646723584.0,52056289280.0,1544513.1,45.33,0.05
BER: SYNC #66 (gated)
CSV,965007,193000,66,65,0,33382,0,0.000000e+00,0.000000e+00,59770421248.0,48704286720.0,1439889.0,46.18,0.89
CSV,970007,194000,66,65,0,33582,0,0.000000e+00,0.000000e+00,52183011328.0,52768149504.0,1303521.1,46.07,0.05
BER: END_SEQ #66 [LOCK] seq_err=0 BER_seq=0.0000e+00 | lock=66 slip=0 BER_cond=0.0000e+00 BER_cum=0.0000e+00
CSV,975007,195000,66,66,0,33726,0,0.000000e+00,0.000000e+00,52902543360.0,54270263296.0,1580753.9,45.36,0.11
BER: SYNC #67 (gated)
CSV,980007,196000,67,66,0,33905,0,0.000000e+00,0.000000e+00,57435279360.0,48332238848.0,1419681.2,46.07,0.75
CSV,985007,197000,67,66,0,34105,0,0.000000e+00,0.000000e+00,53543346176.0,54434074624.0,1287898.5,46.26,0.07
BER: END_SEQ #67 [LOCK] seq_err=0 BER_seq=0.0000e+00 | lock=67 slip=0 BER_cond=0.0000e+00 BER_cum=0.0000e+00
CSV,990007,198000,67,67,0,34237,0,0.000000e+00,0.000000e+00,51151699968.0,52968271872.0,1691535.5,44.96,0.15
BER: SYNC #68 (gated)
CSV,995007,199000,68,67,0,34428,0,0.000000e+00,0.000000e+00,61000720384.0,47683379200.0,1298438.8,46.72,1.07
CSV,1000007,200000,68,67,0,34628,0,0.000000e+00,0.000000e+00,52971024384.0,52242501632.0,1346731.1,45.95,0.06
BER: END_SEQ #68 [LOCK] seq_err=0 BER_seq=0.0000e+00 | lock=68 slip=0 BER_cond=0.0000e+00 BER_cum=0.0000e+00
BER: SYNC #69 (gated)
CSV,1005007,201000,69,68,0,34751,0,0.000000e+00,0.000000e+00,51988594688.0,55616352256.0,1704910.9,45.14,0.29
CSV,1010007,202000,69,68,0,34950,0,0.000000e+00,0.000000e+00,59426873344.0,46527111168.0,1196822.0,46.96,1.06
CSV,1015007,203000,69,68,0,35150,0,0.000000e+00,0.000000e+00,53199331328.0,54028615680.0,1302121.2,46.18,0.07
BER: END_SEQ #69 [LOCK] seq_err=0 BER_seq=0.0000e+00 | lock=69 slip=0 BER_cond=0.0000e+00 BER_cum=0.0000e+00
BER: SYNC #70 (gated)
CSV,1020007,204000,70,69,0,35273,0,0.000000e+00,0.000000e+00,48960360448.0,54541094912.0,1714015.2,45.03,0.47
CSV,1025007,205000,70,69,0,35473,0,0.000000e+00,0.000000e+00,60980260864.0,47030063104.0,1201671.6,47.05,1.13
CSV,1030007,206000,70,69,0,35673,0,0.000000e+00,0.000000e+00,53008941056.0,52242141184.0,1369315.1,45.88,0.06
BER: END_SEQ #70 [LOCK] seq_err=0 BER_seq=0.0000e+00 | lock=70 slip=0 BER_cond=0.0000e+00 BER_cum=0.0000e+00
BER: SYNC #71 (gated)
CSV,1035007,207000,71,70,0,35796,0,0.000000e+00,0.000000e+00,51251306496.0,56343818240.0,1692761.5,45.22,0.41
CSV,1040007,208000,71,70,0,35996,0,0.000000e+00,0.000000e+00,60010131456.0,45880274944.0,1393240.6,46.34,1.17
CSV,1045007,209000,71,70,0,36196,0,0.000000e+00,0.000000e+00,53854347264.0,54002577408.0,1286569.4,46.23,0.01
BER: END_SEQ #71 [LOCK] seq_err=0 BER_seq=0.0000e+00 | lock=71 slip=0 BER_cond=0.0000e+00 BER_cum=0.0000e+00
BER: SYNC #72 (gated)
CSV,1050007,210000,72,71,0,36319,0,0.000000e+00,0.000000e+00,51583434752.0,52996694016.0,1603751.2,45.19,0.12
CSV,1055007,211000,72,71,0,36519,0,0.000000e+00,0.000000e+00,58365673472.0,49776922624.0,1320050.9,46.46,0.69
CSV,1060007,212000,72,71,0,36718,0,0.000000e+00,0.000000e+00,53308190720.0,52414717952.0,1326775.0,46.04,0.07
BER: END_SEQ #72 [LOCK] seq_err=0 BER_seq=0.0000e+00 | lock=72 slip=0 BER_cond=0.0000e+00 BER_cum=0.0000e+00
BER: SYNC #73 (gated)
CSV,1065007,213000,73,72,0,36841,0,0.000000e+00,0.000000e+00,52660060160.0,54265733120.0,1587008.9,45.34,0.13
CSV,1070007,214000,73,72,0,37041,0,0.000000e+00,0.000000e+00,58091675648.0,48148017152.0,1398484.1,46.18,0.82
CSV,1075007,215000,73,72,0,37241,0,0.000000e+00,0.000000e+00,54155984896.0,53197754368.0,1264546.1,46.32,0.08
BER: END_SEQ #73 [LOCK] seq_err=0 BER_seq=0.0000e+00 | lock=73 slip=0 BER_cond=0.0000e+00 BER_cum=0.0000e+00
BER: SYNC #74 (gated)
CSV,1080007,216000,74,73,0,37364,0,0.000000e+00,0.000000e+00,51293921280.0,53704646656.0,1686618.9,45.03,0.20
CSV,1085007,217000,74,73,0,37564,0,0.000000e+00,0.000000e+00,60661551104.0,47162519552.0,1377259.8,46.44,1.09
CSV,1090007,218000,74,73,0,37764,0,0.000000e+00,0.000000e+00,53347926016.0,52915208192.0,1194239.6,46.50,0.04
BER: END_SEQ #74 [LOCK] seq_err=0 BER_seq=0.0000e+00 | lock=74 slip=0 BER_cond=0.0000e+00 BER_cum=0.0000e+00
BER: SYNC #75 (gated)
CSV,1095007,219000,75,74,0,37887,0,0.000000e+00,0.000000e+00,49637212160.0,56340938752.0,1537526.9,45.64,0.55
CSV,1100007,220000,75,74,0,38087,0,0.000000e+00,0.000000e+00,62228799488.0,44936409088.0,1409033.0,46.45,1.41
CSV,1105007,221000,75,74,0,38287,0,0.000000e+00,0.000000e+00,51708284928.0,53687316480.0,1135069.8,46.75,0.16
BER: END_SEQ #75 [LOCK] seq_err=0 BER_seq=0.0000e+00 | lock=75 slip=0 BER_cond=0.0000e+00 BER_cum=0.0000e+00
BER: SYNC #76 (gated)
CSV,1110007,222000,76,75,0,38410,0,0.000000e+00,0.000000e+00,50734600192.0,53893386240.0,1558226.5,45.39,0.26
CSV,1115007,223000,76,75,0,38609,0,0.000000e+00,0.000000e+00,59962413056.0,46825435136.0,1360177.4,46.44,1.07
CSV,1120007,224000,76,75,0,38809,0,0.000000e+00,0.000000e+00,52612882432.0,54252404736.0,1224067.2,46.47,0.13
BER: END_SEQ #76 [LOCK] seq_err=0 BER_seq=0.0000e+00 | lock=76 slip=0 BER_cond=0.0000e+00 BER_cum=0.0000e+00
BER: SYNC #77 (gated)
CSV,1125007,225000,77,76,0,38932,0,0.000000e+00,0.000000e+00,50927116288.0,54215938048.0,1558629.4,45.41,0.27
CSV,1130007,226000,77,76,0,39132,0,0.000000e+00,0.000000e+00,60335939584.0,47242952704.0,1325314.4,46.58,1.06
CSV,1135007,227000,77,76,0,39332,0,0.000000e+00,0.000000e+00,52321648640.0,53713674240.0,1258321.4,46.30,0.11
BER: END_SEQ #77 [LOCK] seq_err=0 BER_seq=0.0000e+00 | lock=77 slip=0 BER_cond=0.0000e+00 BER_cum=0.0000e+00
BER: SYNC #78 (gated)
CSV,1140007,228000,78,77,0,39455,0,0.000000e+00,0.000000e+00,52304551936.0,54703325184.0,1608427.9,45.32,0.19
CSV,1145007,229000,78,77,0,39655,0,0.000000e+00,0.000000e+00,59347144704.0,47235162112.0,1316770.2,46.54,0.99
CSV,1150007,230000,78,77,0,39855,0,0.000000e+00,0.000000e+00,52558794752.0,55217602560.0,1239634.0,46.49,0.21
BER: END_SEQ #78 [LOCK] seq_err=0 BER_seq=0.0000e+00 | lock=78 slip=0 BER_cond=0.0000e+00 BER_cum=0.0000e+00
BER: SYNC #79 (gated)
CSV,1155007,231000,79,78,0,39978,0,0.000000e+00,0.000000e+00,53219639296.0,51368198144.0,1610478.8,45.19,0.15
CSV,1160007,232000,79,78,0,40178,0,0.000000e+00,0.000000e+00,58401583104.0,49773412352.0,1324290.2,46.44,0.69
BER: END_SEQ #79 [LOCK] seq_err=0 BER_seq=0.0000e+00 | lock=79 slip=0 BER_cond=0.0000e+00 BER_cum=0.0000e+00
CSV,1165007,233000,79,79,0,40369,0,0.000000e+00,0.000000e+00,51464458240.0,54225465344.0,1345705.5,46.05,0.23
BER: SYNC #80 (gated)
CSV,1170007,234000,80,79,0,40500,0,0.000000e+00,0.000000e+00,57727246336.0,50334986240.0,1502937.1,45.84,0.60
CSV,1175007,235000,80,79,0,40700,0,0.000000e+00,0.000000e+00,53946490880.0,51783393280.0,1336784.1,46.06,0.18
BER: END_SEQ #80 [LOCK] seq_err=0 BER_seq=0.0000e+00 | lock=80 slip=0 BER_cond=0.0000e+00 BER_cum=0.0000e+00
CSV,1180007,236000,80,80,0,40880,0,0.000000e+00,0.000000e+00,53519085568.0,54282133504.0,1471250.0,45.67,0.06
BER: SYNC #81 (gated)
CSV,1185007,237000,81,80,0,41023,0,0.000000e+00,0.000000e+00,57966735360.0,47359594496.0,1373299.6,46.25,0.88
CSV,1190007,238000,81,80,0,41223,0,0.000000e+00,0.000000e+00,54471897088.0,53771722752.0,1398650.9,45.90,0.06
BER: END_SEQ #81 [LOCK] seq_err=0 BER_seq=0.0000e+00 | lock=81 slip=0 BER_cond=0.0000e+00 BER_cum=0.0000e+00
CSV,1195007,239000,81,81,0,41391,0,0.000000e+00,0.000000e+00,51155824640.0,53822050304.0,1459883.1,45.67,0.22
BER: SYNC #82 (gated)
CSV,1200007,240000,82,81,0,41546,0,0.000000e+00,0.000000e+00,59575500800.0,48828174336.0,1424527.0,46.21,0.86
CSV,1205007,241000,82,81,0,41746,0,0.000000e+00,0.000000e+00,51894886400.0,53472620544.0,1350276.0,45.98,0.13
BER: END_SEQ #82 [LOCK] seq_err=0 BER_seq=0.0000e+00 | lock=82 slip=0 BER_cond=0.0000e+00 BER_cum=0.0000e+00
CSV,1210007,242000,82,82,0,41902,0,0.000000e+00,0.000000e+00,53698285568.0,53935489024.0,1492879.4,45.58,0.02
BER: SYNC #83 (gated)
CSV,1215007,243000,83,82,0,42068,0,0.000000e+00,0.000000e+00,58740731904.0,47067480064.0,1357873.8,46.36,0.96
CSV,1220007,244000,83,82,0,42268,0,0.000000e+00,0.000000e+00,53530648576.0,54739165184.0,1319033.9,46.18,0.10
BER: END_SEQ #83 [LOCK] seq_err=0 BER_seq=0.0000e+00 | lock=83 slip=0 BER_cond=0.0000e+00 BER_cum=0.0000e+00
CSV,1225007,245000,83,83,0,42413,0,0.000000e+00,0.000000e+00,51456610304.0,52962078720.0,1600623.5,45.20,0.13
BER: SYNC #84 (gated)
CSV,1230007,246000,84,83,0,42591,0,0.000000e+00,0.000000e+00,59249614848.0,49545056256.0,1268339.6,46.69,0.78
CSV,1235007,247000,84,83,0,42791,0,0.000000e+00,0.000000e+00,51919839232.0,53431934976.0,1338709.1,46.01,0.12
BER: END_SEQ #84 [LOCK] seq_err=0 BER_seq=0.0000e+00 | lock=84 slip=0 BER_cond=0.0000e+00 BER_cum=0.0000e+00
CSV,1240007,248000,84,84,0,42924,0,0.000000e+00,0.000000e+00,53144576000.0,54491193344.0,1601687.2,45.32,0.11
BER: SYNC #85 (gated)
CSV,1245007,249000,85,84,0,43114,0,0.000000e+00,0.000000e+00,59121979392.0,46987104256.0,1320509.2,46.51,1.00
CSV,1250007,250000,85,84,0,43314,0,0.000000e+00,0.000000e+00,54514888704.0,53758562304.0,1378260.1,45.97,0.06
BER: END_SEQ #85 [LOCK] seq_err=0 BER_seq=0.0000e+00 | lock=85 slip=0 BER_cond=0.0000e+00 BER_cum=0.0000e+00
BER: SYNC #86 (gated)
CSV,1255007,251000,86,85,0,43437,0,0.000000e+00,0.000000e+00,50179923968.0,54007336960.0,1564469.8,45.38,0.32
CSV,1260007,252000,86,85,0,43637,0,0.000000e+00,0.000000e+00,60920807424.0,47927791616.0,1425216.4,46.31,1.04
CSV,1265007,253000,86,85,0,43836,0,0.000000e+00,0.000000e+00,52475138048.0,52944949248.0,1383482.4,45.83,0.04
BER: END_SEQ #86 [LOCK] seq_err=0 BER_seq=0.0000e+00 | lock=86 slip=0 BER_cond=0.0000e+00 BER_cum=0.0000e+00
BER: SYNC #87 (gated)
CSV,1270007,254000,87,86,0,43959,0,0.000000e+00,0.000000e+00,51153915904.0,56742445056.0,1533206.5,45.68,0.45
CSV,1275007,255000,87,86,0,44159,0,0.000000e+00,0.000000e+00,59353362432.0,46732300288.0,1435845.2,46.16,1.04
CSV,1280007,256000,87,86,0,44359,0,0.000000e+00,0.000000e+00,54439538688.0,53665361920.0,1461679.2,45.71,0.06
BER: END_SEQ #87 [LOCK] seq_err=0 BER_seq=0.0000e+00 | lock=87 slip=0 BER_cond=0.0000e+00 BER_cum=0.0000e+00
BER: SYNC #88 (gated)
CSV,1285007,257000,88,87,0,44482,0,0.000000e+00,0.000000e+00,50064302080.0,54389714944.0,1546905.4,45.46,0.36
CSV,1290007,258000,88,87,0,44682,0,0.000000e+00,0.000000e+00,61017067520.0,47469166592.0,1425061.1,46.32,1.09
CSV,1295007,259000,88,87,0,44882,0,0.000000e+00,0.000000e+00,52692234240.0,53068251136.0,1428486.5,45.70,0.03
BER: END_SEQ #88 [LOCK] seq_err=0 BER_seq=0.0000e+00 | lock=88 slip=0 BER_cond=0.0000e+00 BER_cum=0.0000e+00
BER: SYNC #89 (gated)
CSV,1300007,260000,89,88,0,45005,0,0.000000e+00,0.000000e+00,53001768960.0,54436823040.0,1607715.8,45.30,0.12
CSV,1305007,261000,89,88,0,45205,0,0.000000e+00,0.000000e+00,57853878272.0,48371372032.0,1418256.6,46.11,0.78
CSV,1310007,262000,89,88,0,45405,0,0.000000e+00,0.000000e+00,54333734912.0,53456998400.0,1471626.1,45.67,0.07
BER: END_SEQ #89 [LOCK] seq_err=0 BER_seq=0.0000e+00 | lock=89 slip=0 BER_cond=0.0000e+00 BER_cum=0.0000e+00
BER: SYNC #90 (gated)
CSV,1315007,263000,90,89,0,45527,0,0.000000e+00,0.000000e+00,51177893888.0,53679624192.0,1605229.2,45.24,0.21
CSV,1320007,264000,90,89,0,45727,0,0.000000e+00,0.000000e+00,59279220736.0,48647127040.0,1401431.6,46.26,0.86
CSV,1325007,265000,90,89,0,45927,0,0.000000e+00,0.000000e+00,53406429184.0,52670189568.0,1552052.4,45.37,0.06
BER: END_SEQ #90 [LOCK] seq_err=0 BER_seq=0.0000e+00 | lock=90 slip=0 BER_cond=0.0000e+00 BER_cum=0.0000e+00
BER: SYNC #91 (gated)
CSV,1330007,266000,91,90,0,46050,0,0.000000e+00,0.000000e+00,52192690176.0,54332968960.0,1539353.1,45.48,0.17
CSV,1335007,267000,91,90,0,46250,0,0.000000e+00,0.000000e+00,59663716352.0,47132573696.0,1340447.9,46.48,1.02
CSV,1340007,268000,91,90,0,46450,0,0.000000e+00,0.000000e+00,53931470848.0,53172506624.0,1582468.9,45.33,0.06
BER: END_SEQ #91 [LOCK] seq_err=0 BER_seq=0.0000e+00 | lock=91 slip=0 BER_cond=0.0000e+00 BER_cum=0.0000e+00
BER: SYNC #92 (gated)
CSV,1345007,269000,92,91,0,46573,0,0.000000e+00,0.000000e+00,49257144320.0,56352243712.0,1523390.6,45.68,0.58
CSV,1350007,270000,92,91,0,46773,0,0.000000e+00,0.000000e+00,62489452544.0,45080399872.0,1309562.8,46.79,1.42
CSV,1355007,271000,92,91,0,46973,0,0.000000e+00,0.000000e+00,52565671936.0,54147252224.0,1555335.5,45.42,0.13
BER: END_SEQ #92 [LOCK] seq_err=0 BER_seq=0.0000e+00 | lock=92 slip=0 BER_cond=0.0000e+00 BER_cum=0.0000e+00
BER: SYNC #93 (gated)
CSV,1360007,272000,93,92,0,47096,0,0.000000e+00,0.000000e+00,50384244736.0,55146405888.0,1575313.9,45.44,0.39
CSV,1365007,273000,93,92,0,47296,0,0.000000e+00,0.000000e+00,60837683200.0,46654459904.0,1314731.6,46.65,1.15
CSV,1370007,274000,93,92,0,47495,0,0.000000e+00,0.000000e+00,51919335424.0,54358454272.0,1549664.5,45.45,0.20
BER: END_SEQ #93 [LOCK] seq_err=0 BER_seq=0.0000e+00 | lock=93 slip=0 BER_cond=0.0000e+00 BER_cum=0.0000e+00
BER: SYNC #94 (gated)
CSV,1375007,275000,94,93,0,47618,0,0.000000e+00,0.000000e+00,52101435392.0,54502580224.0,1546131.4,45.47,0.20
CSV,1380007,276000,94,93,0,47818,0,0.000000e+00,0.000000e+00,59854131200.0,46851342336.0,1360733.0,46.43,1.06
CSV,1385007,277000,94,93,0,48018,0,0.000000e+00,0.000000e+00,52969541632.0,54252511232.0,1490648.4,45.61,0.10
BER: END_SEQ #94 [LOCK] seq_err=0 BER_seq=0.0000e+00 | lock=94 slip=0 BER_cond=0.0000e+00 BER_cum=0.0000e+00
BER: SYNC #95 (gated)
CSV,1390007,278000,95,94,0,48141,0,0.000000e+00,0.000000e+00,50817150976.0,53982105600.0,1602435.0,45.27,0.26
CSV,1395007,279000,95,94,0,48341,0,0.000000e+00,0.000000e+00,60325249024.0,47670358016.0,1271373.0,46.76,1.02
CSV,1400007,280000,95,94,0,48541,0,0.000000e+00,0.000000e+00,51695992832.0,54173773824.0,1387442.9,45.92,0.20
BER: END_SEQ #95 [LOCK] seq_err=0 BER_seq=0.0000e+00 | lock=95 slip=0 BER_cond=0.0000e+00 BER_cum=0.0000e+00
BER: SYNC #96 (gated)
CSV,1405007,281000,96,95,0,48664,0,0.000000e+00,0.000000e+00,54297493504.0,53248765952.0,1679753.8,45.10,0.08
CSV,1410007,282000,96,95,0,48864,0,0.000000e+00,0.000000e+00,57826234368.0,48274984960.0,1294085.8,46.50,0.78
BER: END_SEQ #96 [LOCK] seq_err=0 BER_seq=0.0000e+00 | lock=96 slip=0 BER_cond=0.0000e+00 BER_cum=0.0000e+00
CSV,1415007,283000,96,96,0,49056,0,0.000000e+00,0.000000e+00,52144578560.0,55649374208.0,1247166.8,46.50,0.28
BER: SYNC #97 (gated)
CSV,1420007,284000,97,96,0,49186,0,0.000000e+00,0.000000e+00,55950249984.0,48701652992.0,1717275.8,45.13,0.60
CSV,1425007,285000,97,96,0,49386,0,0.000000e+00,0.000000e+00,55741431808.0,52328611840.0,1283780.0,46.38,0.27
BER: END_SEQ #97 [LOCK] seq_err=0 BER_seq=0.0000e+00 | lock=97 slip=0 BER_cond=0.0000e+00 BER_cum=0.0000e+00
CSV,1430007,286000,97,97,0,49567,0,0.000000e+00,0.000000e+00,51913977856.0,53315235840.0,1338477.5,46.00,0.12
BER: SYNC #98 (gated)
CSV,1435007,287000,98,97,0,49709,0,0.000000e+00,0.000000e+00,59291226112.0,48960610304.0,1588441.1,45.72,0.83
CSV,1440007,288000,98,97,0,49909,0,0.000000e+00,0.000000e+00,53373562880.0,52083986432.0,1357881.8,45.94,0.11
BER: END_SEQ #98 [LOCK] seq_err=0 BER_seq=0.0000e+00 | lock=98 slip=0 BER_cond=0.0000e+00 BER_cum=0.0000e+00
CSV,1445007,289000,98,98,0,50078,0,0.000000e+00,0.000000e+00,52531388416.0,54937485312.0,1405317.8,45.92,0.19
BER: SYNC #99 (gated)
CSV,1450007,290000,99,98,0,50232,0,0.000000e+00,0.000000e+00,58095329280.0,47341027328.0,1488381.0,45.91,0.89
CSV,1455007,291000,99,98,0,50432,0,0.000000e+00,0.000000e+00,53416525824.0,54669602816.0,1393055.0,45.94,0.10
BER: END_SEQ #99 [LOCK] seq_err=0 BER_seq=0.0000e+00 | lock=99 slip=0 BER_cond=0.0000e+00 BER_cum=0.0000e+00
CSV,1460007,292000,99,99,0,50589,0,0.000000e+00,0.000000e+00,52203261952.0,52573855744.0,1495132.6,45.46,0.03
BER: SYNC #100 (gated)
CSV,1465007,293000,100,99,0,50755,0,0.000000e+00,0.000000e+00,59750793216.0,48920924160.0,1396286.9,46.31,0.87
CSV,1470007,294000,100,99,0,50954,0,0.000000e+00,0.000000e+00,52428718080.0,52965990400.0,1399641.8,45.78,0.04
BER: END_SEQ #100 [LOCK] seq_err=0 BER_seq=0.0000e+00 | lock=100 slip=0 BER_cond=0.0000e+00 BER_cum=0.0000e+00
CSV,1475007,295000,100,100,0,51100,0,0.000000e+00,0.000000e+00,52990636032.0,54489321472.0,1566589.8,45.41,0.12
BER: SYNC #101 (gated)
CSV,1480007,296000,101,100,0,51277,0,0.000000e+00,0.000000e+00,57723494400.0,48231649280.0,1445726.1,46.01,0.78
CSV,1485007,297000,101,100,0,51477,0,0.000000e+00,0.000000e+00,53360906240.0,54826934272.0,1374089.8,46.01,0.12
BER: END_SEQ #101 [LOCK] seq_err=0 BER_seq=0.0000e+00 | lock=101 slip=0 BER_cond=0.0000e+00 BER_cum=0.0000e+00
CSV,1490007,298000,101,101,0,51611,0,0.000000e+00,0.000000e+00,51634008064.0,52641652736.0,1587180.9,45.21,0.08
BER: SYNC #102 (gated)
CSV,1495007,299000,102,101,0,51800,0,0.000000e+00,0.000000e+00,60446277632.0,48469540864.0,1367206.5,46.46,0.96
CSV,1500007,300000,102,101,0,52000,0,0.000000e+00,0.000000e+00,53120135168.0,52359618560.0,1369731.1,45.89,0.06
BER: END_SEQ #102 [LOCK] seq_err=0 BER_seq=0.0000e+00 | lock=102 slip=0 BER_cond=0.0000e+00 BER_cum=0.0000e+00

=========================================
=== END OF TEST (duration=25 min) ===
=========================================
FINAL: syncs=102 lock=102 slip=0 slip_rate=0.0000
FINAL: bits_cum=52122 err_cum=0 BER_cum=0.0000e+00
FINAL: bits_lock=52122 err_lock=0 BER_cond=0.0000e+00
=========================================
=== STOP LOGGING NOW ===
=========================================
