

=== RX BOOT - BER TEST MODE ===
BPS_MODE=100 (HALF_SAMPLES=400, 2000 samples/bit @ 200000 Hz)
Expect: 64-bit preamble + Barker13 (1F35h, gated by 8 preamble bits = 0x55) + 511-bit PRBS-9
Noise floor band: 5000 Hz; lock threshold: BER<0.10
Auto-stop: test will halt 25 min after the first sync.
RX: edge-tracking sync, center-3 voting
Starting decoder...

BER: SYNC #1 (gated)
CSV,5006,2500,1,0,0,428,183,4.275701e-01,0.000000e+00,36266.0,94035.3,4091.8,13.61,4.14
BER: END_SEQ #1 [SLIP] seq_err=223 BER_seq=4.3640e-01 | lock=0 slip=1 BER_cond=0.0000e+00 BER_cum=4.3640e-01
CSV,10006,5000,1,0,1,511,223,4.363992e-01,0.000000e+00,15441.8,41435.7,4299.1,9.84,4.29
CSV,15006,7500,1,0,1,511,223,4.363992e-01,0.000000e+00,14468.6,40658.8,4571.9,9.49,4.49
CSV,20006,10000,1,0,1,511,223,4.363992e-01,0.000000e+00,14911.1,40722.1,4775.6,9.31,4.36
CSV,25006,12500,1,0,1,511,223,4.363992e-01,0.000000e+00,14739.6,40131.4,4576.5,9.43,4.35
CSV,30006,15000,1,0,1,511,223,4.363992e-01,0.000000e+00,15145.1,41211.2,4826.8,9.31,4.35
BER: SYNC #2 (gated)
CSV,35006,17500,2,0,1,663,285,4.298643e-01,0.000000e+00,15205.8,39938.9,4885.3,9.13,4.19
BER: END_SEQ #2 [SLIP] seq_err=207 BER_seq=4.0509e-01 | lock=0 slip=2 BER_cond=0.0000e+00 BER_cum=4.2074e-01
CSV,40006,20000,2,0,2,1022,430,4.207436e-01,0.000000e+00,14160.5,41610.7,4763.9,9.41,4.68
CSV,45006,22500,2,0,2,1022,430,4.207436e-01,0.000000e+00,14967.6,39491.6,4398.6,9.53,4.21
CSV,50006,25000,2,0,2,1022,430,4.207436e-01,0.000000e+00,15349.4,39405.1,5039.7,8.93,4.09
CSV,55006,27500,2,0,2,1022,430,4.207436e-01,0.000000e+00,16883.2,45287.0,9771.8,6.66,4.29
BER: SYNC #3 (gated)
CSV,60006,30000,3,0,2,1313,559,4.257426e-01,0.000000e+00,16312.9,41039.2,10572.4,5.89,4.01
BER: END_SEQ #3 [SLIP] seq_err=244 BER_seq=4.7750e-01 | lock=0 slip=3 BER_cond=0.0000e+00 BER_cum=4.3966e-01
CSV,65006,32500,3,0,3,1533,674,4.396608e-01,0.000000e+00,18344.4,44907.8,31670.4,1.52,3.89
CSV,70006,35000,3,0,3,1533,674,4.396608e-01,0.000000e+00,18295.1,45239.6,33259.5,1.34,3.93
CSV,75006,37500,3,0,3,1533,674,4.396608e-01,0.000000e+00,15662.4,39465.1,10288.4,5.84,4.01
CSV,80006,40000,3,0,3,1533,674,4.396608e-01,0.000000e+00,14455.1,38148.7,5011.4,8.82,4.21
CSV,85006,42500,3,0,3,1533,674,4.396608e-01,0.000000e+00,14572.6,37430.2,4849.0,8.88,4.10
BER: SYNC #4 (gated)
CSV,90006,45000,4,0,3,1890,782,4.137566e-01,0.000000e+00,15695.4,42994.8,5659.6,8.81,4.38
BER: END_SEQ #4 [SLIP] seq_err=190 BER_seq=3.7182e-01 | lock=0 slip=4 BER_cond=0.0000e+00 BER_cum=4.2270e-01
CSV,95006,47500,4,0,4,2044,864,4.227006e-01,0.000000e+00,16769.4,42347.5,15148.7,4.46,4.02
CSV,100006,50000,4,0,4,2044,864,4.227006e-01,0.000000e+00,14340.3,36855.5,5015.7,8.66,4.10
BER: SYNC #5 (gated)
CSV,105006,52500,5,0,4,2135,874,4.093677e-01,0.000000e+00,13754.2,37345.4,5029.4,8.71,4.34
BER: END_SEQ #5 [SLIP] seq_err=229 BER_seq=4.4814e-01 | lock=0 slip=5 BER_cond=0.0000e+00 BER_cum=4.2779e-01
CSV,110006,55000,5,0,5,2555,1093,4.277886e-01,0.000000e+00,14425.2,36658.8,4922.8,8.72,4.05
CSV,115006,57500,5,0,5,2555,1093,4.277886e-01,0.000000e+00,14424.6,35680.7,5081.8,8.46,3.93
BER: SYNC #6 (gated)
CSV,120006,60000,6,0,5,2972,1252,4.212652e-01,0.000000e+00,14937.5,36618.5,5034.8,8.62,3.89
BER: END_SEQ #6 [SLIP] seq_err=188 BER_seq=3.6791e-01 | lock=0 slip=6 BER_cond=0.0000e+00 BER_cum=4.1781e-01
CSV,125006,62500,6,0,6,3066,1281,4.178082e-01,0.000000e+00,15179.4,38078.8,8892.6,6.32,3.99
BER: SYNC #7 (gated)
CSV,130006,65000,7,0,6,3304,1348,4.079903e-01,0.000000e+00,14306.5,36397.2,4784.2,8.81,4.06
BER: END_SEQ #7 [SLIP] seq_err=193 BER_seq=3.7769e-01 | lock=0 slip=7 BER_cond=0.0000e+00 BER_cum=4.1208e-01
BER: SYNC #8 (gated)
CSV,135006,67500,8,0,7,3725,1549,4.158389e-01,0.000000e+00,14915.4,36068.0,4721.4,8.83,3.83
BER: END_SEQ #8 [SLIP] seq_err=254 BER_seq=4.9706e-01 | lock=0 slip=8 BER_cond=0.0000e+00 BER_cum=4.2270e-01
CSV,140006,70000,8,0,8,4088,1728,4.227006e-01,0.000000e+00,14209.4,38575.4,4664.6,9.17,4.34
CSV,145006,72500,8,0,8,4088,1728,4.227006e-01,0.000000e+00,14423.5,36019.3,4948.3,8.62,3.97
BER: SYNC #9 (gated)
CSV,150006,75000,9,0,8,4560,1827,4.006579e-01,0.000000e+00,14564.1,35468.0,4731.5,8.75,3.87
BER: END_SEQ #9 [SLIP] seq_err=118 BER_seq=2.3092e-01 | lock=0 slip=9 BER_cond=0.0000e+00 BER_cum=4.0139e-01
BER: SYNC #10 (gated)
CSV,155006,77500,10,0,9,4986,1911,3.832732e-01,0.000000e+00,14179.9,36414.1,4788.8,8.81,4.10
BER: END_SEQ #10 [SLIP] seq_err=99 BER_seq=1.9374e-01 | lock=0 slip=10 BER_cond=0.0000e+00 BER_cum=3.8063e-01
CSV,160006,80000,10,0,10,5110,1945,3.806262e-01,0.000000e+00,14404.5,35365.6,4898.4,8.59,3.90
CSV,165006,82500,10,0,10,5110,1945,3.806262e-01,0.000000e+00,14109.2,36429.5,4772.4,8.83,4.12
CSV,170006,85000,10,0,10,5110,1945,3.806262e-01,0.000000e+00,13951.7,36303.0,4750.2,8.83,4.15
CSV,175006,87500,10,0,10,5110,1945,3.806262e-01,0.000000e+00,13530.8,36477.9,4710.8,8.89,4.31
CSV,180006,90000,10,0,10,5110,1945,3.806262e-01,0.000000e+00,14112.7,35546.9,4691.8,8.79,4.01
BER: SYNC #11 (gated)
CSV,185006,92500,11,0,10,5548,2160,3.893295e-01,0.000000e+00,14102.1,34725.4,4880.9,8.52,3.91
BER: END_SEQ #11 [SLIP] seq_err=254 BER_seq=4.9706e-01 | lock=0 slip=11 BER_cond=0.0000e+00 BER_cum=3.9121e-01
CSV,190006,95000,11,0,11,5621,2199,3.912115e-01,0.000000e+00,13513.4,34826.6,4918.9,8.50,4.11
CSV,195006,97500,11,0,11,5621,2199,3.912115e-01,0.000000e+00,13661.9,34017.1,4921.0,8.40,3.96
CSV,200006,100000,11,0,11,5621,2199,3.912115e-01,0.000000e+00,13363.2,34286.2,4449.7,8.87,4.09
CSV,205006,102500,11,0,11,5621,2199,3.912115e-01,0.000000e+00,12919.9,34209.2,5023.3,8.33,4.23
CSV,210006,105000,11,0,11,5621,2199,3.912115e-01,0.000000e+00,12950.7,34140.0,4919.4,8.41,4.21
CSV,215006,107500,11,0,11,5621,2199,3.912115e-01,0.000000e+00,12841.9,33333.8,4971.5,8.26,4.14
CSV,220006,110000,11,0,11,5621,2199,3.912115e-01,0.000000e+00,12766.8,32948.5,4811.2,8.36,4.12
BER: SYNC #12 (gated)
CSV,225006,112500,12,0,11,5949,2317,3.894772e-01,0.000000e+00,12591.4,33522.8,4744.2,8.49,4.25
BER: END_SEQ #12 [SLIP] seq_err=195 BER_seq=3.8160e-01 | lock=0 slip=12 BER_cond=0.0000e+00 BER_cum=3.9041e-01
CSV,230006,115000,12,0,12,6132,2394,3.904110e-01,0.000000e+00,12363.6,33660.6,4941.2,8.33,4.35
BER: SYNC #13 (gated)
CSV,235006,117500,13,0,12,6280,2458,3.914013e-01,0.000000e+00,12511.4,33258.4,4928.6,8.29,4.25
BER: END_SEQ #13 [SLIP] seq_err=247 BER_seq=4.8337e-01 | lock=0 slip=13 BER_cond=0.0000e+00 BER_cum=3.9756e-01
CSV,240006,120000,13,0,13,6643,2641,3.975613e-01,0.000000e+00,11709.0,34320.3,4938.5,8.42,4.67
CSV,245006,122500,13,0,13,6643,2641,3.975613e-01,0.000000e+00,12360.9,32775.8,4384.5,8.74,4.24
CSV,250006,125000,13,0,13,6643,2641,3.975613e-01,0.000000e+00,12554.6,32701.3,4717.3,8.41,4.16
CSV,255006,127500,13,0,13,6643,2641,3.975613e-01,0.000000e+00,11836.5,32818.4,4990.0,8.18,4.43
CSV,260006,130000,13,0,13,6643,2641,3.975613e-01,0.000000e+00,12165.3,32427.8,4792.6,8.30,4.26
CSV,265006,132500,13,0,13,6643,2641,3.975613e-01,0.000000e+00,12250.3,32961.0,4881.8,8.29,4.30
BER: SYNC #14 (gated)
CSV,270006,135000,14,0,13,6764,2677,3.957717e-01,0.000000e+00,11999.0,33085.9,4713.8,8.46,4.40
BER: END_SEQ #14 [SLIP] seq_err=220 BER_seq=4.3053e-01 | lock=0 slip=14 BER_cond=0.0000e+00 BER_cum=3.9992e-01
BER: SYNC #15 (gated)
CSV,275006,137500,15,0,14,7186,2861,3.981353e-01,0.000000e+00,12499.5,32818.7,4948.1,8.22,4.19
BER: END_SEQ #15 [SLIP] seq_err=244 BER_seq=4.7750e-01 | lock=0 slip=15 BER_cond=0.0000e+00 BER_cum=4.0509e-01
CSV,280006,140000,15,0,15,7665,3105,4.050881e-01,0.000000e+00,12449.3,32210.5,4846.0,8.23,4.13
CSV,285006,142500,15,0,15,7665,3105,4.050881e-01,0.000000e+00,12335.6,31414.7,4868.5,8.10,4.06
CSV,290006,145000,15,0,15,7665,3105,4.050881e-01,0.000000e+00,12151.7,32293.4,4450.2,8.61,4.24
BER: SYNC #16 (gated)
CSV,295006,147500,16,0,15,7933,3158,3.980840e-01,0.000000e+00,12848.4,31276.1,4759.2,8.18,3.86
BER: END_SEQ #16 [SLIP] seq_err=155 BER_seq=3.0333e-01 | lock=0 slip=16 BER_cond=0.0000e+00 BER_cum=3.9873e-01
CSV,300006,150000,16,0,16,8176,3260,3.987280e-01,0.000000e+00,12267.7,32341.3,4874.9,8.22,4.21
CSV,305006,152500,16,0,16,8176,3260,3.987280e-01,0.000000e+00,11938.9,32686.1,4935.1,8.21,4.37
CSV,310006,155000,16,0,16,8176,3260,3.987280e-01,0.000000e+00,12308.2,31298.9,4684.3,8.25,4.05
CSV,315006,157500,16,0,16,8176,3260,3.987280e-01,0.000000e+00,12767.8,31203.5,4385.3,8.52,3.88
CSV,320006,160000,16,0,16,8176,3260,3.987280e-01,0.000000e+00,12525.0,31817.2,4850.4,8.17,4.05
BER: SYNC #17 (gated)
CSV,325006,162500,17,0,16,8496,3383,3.981874e-01,0.000000e+00,12165.8,32158.0,4764.7,8.29,4.22
BER: END_SEQ #17 [SLIP] seq_err=218 BER_seq=4.2661e-01 | lock=0 slip=17 BER_cond=0.0000e+00 BER_cum=4.0037e-01
CSV,330006,165000,17,0,17,8687,3478,4.003684e-01,0.000000e+00,12321.9,32044.2,4778.8,8.26,4.15
CSV,335006,167500,17,0,17,8687,3478,4.003684e-01,0.000000e+00,12352.7,32437.3,4419.1,8.66,4.19
CSV,340006,170000,17,0,17,8687,3478,4.003684e-01,0.000000e+00,12142.5,32794.4,4467.4,8.66,4.31
CSV,345006,172500,17,0,17,8687,3478,4.003684e-01,0.000000e+00,12287.5,31721.5,4969.0,8.05,4.12
CSV,350006,175000,17,0,17,8687,3478,4.003684e-01,0.000000e+00,12553.3,31832.4,4660.0,8.34,4.04
CSV,355006,177500,17,0,17,8687,3478,4.003684e-01,0.000000e+00,12052.4,31800.6,4843.4,8.17,4.21
CSV,360006,180000,17,0,17,8687,3478,4.003684e-01,0.000000e+00,12336.7,31784.3,4887.2,8.13,4.11
CSV,365006,182500,17,0,17,8687,3478,4.003684e-01,0.000000e+00,11898.2,31398.8,4765.9,8.19,4.21
CSV,370006,185000,17,0,17,8687,3478,4.003684e-01,0.000000e+00,11839.0,32273.9,4719.7,8.35,4.36
CSV,375006,187500,17,0,17,8687,3478,4.003684e-01,0.000000e+00,12057.1,32417.4,4740.6,8.35,4.30
CSV,380006,190000,17,0,17,8687,3478,4.003684e-01,0.000000e+00,12095.5,31490.1,4755.0,8.21,4.16
CSV,385006,192500,17,0,17,8687,3478,4.003684e-01,0.000000e+00,12275.2,31018.7,4698.5,8.20,4.03
BER: SYNC #18 (gated)
CSV,390006,195000,18,0,17,9038,3651,4.039611e-01,0.000000e+00,12017.4,31955.9,4969.7,8.08,4.25
BER: END_SEQ #18 [SLIP] seq_err=249 BER_seq=4.8728e-01 | lock=0 slip=18 BER_cond=0.0000e+00 BER_cum=4.0520e-01
CSV,395006,197500,18,0,18,9198,3727,4.051968e-01,0.000000e+00,12447.1,31354.4,4763.9,8.18,4.01
CSV,400006,200000,18,0,18,9198,3727,4.051968e-01,0.000000e+00,12135.5,32461.5,4699.9,8.39,4.27
BER: SYNC #19 (gated)
CSV,405006,202500,19,0,18,9287,3752,4.040056e-01,0.000000e+00,11950.3,32661.9,4808.3,8.32,4.37
BER: END_SEQ #19 [SLIP] seq_err=239 BER_seq=4.6771e-01 | lock=0 slip=19 BER_cond=0.0000e+00 BER_cum=4.0849e-01
CSV,410006,205000,19,0,19,9709,3966,4.084870e-01,0.000000e+00,12052.0,31428.0,4928.1,8.05,4.16
CSV,415006,207500,19,0,19,9709,3966,4.084870e-01,0.000000e+00,12570.3,30954.1,4705.1,8.18,3.91
CSV,420006,210000,19,0,19,9709,3966,4.084870e-01,0.000000e+00,12289.2,31172.3,4811.4,8.11,4.04
BER: SYNC #20 (gated)
CSV,425006,212500,20,0,19,10036,4128,4.113193e-01,0.000000e+00,12318.0,32134.0,4865.6,8.20,4.16
BER: END_SEQ #20 [SLIP] seq_err=243 BER_seq=4.7554e-01 | lock=0 slip=20 BER_cond=0.0000e+00 BER_cum=4.1184e-01
CSV,430006,215000,20,0,20,10220,4209,4.118395e-01,0.000000e+00,15058.5,37071.0,22081.9,2.25,3.91
CSV,435006,217500,20,0,20,10220,4209,4.118395e-01,0.000000e+00,13354.6,33263.4,11853.0,4.48,3.96
CSV,440006,220000,20,0,20,10220,4209,4.118395e-01,0.000000e+00,11508.8,32275.8,5024.7,8.08,4.48
CSV,445006,222500,20,0,20,10220,4209,4.118395e-01,0.000000e+00,11885.5,31584.7,5374.1,7.69,4.24
CSV,450006,225000,20,0,20,10220,4209,4.118395e-01,0.000000e+00,14935.4,41258.3,4639.0,9.49,4.41
BER: SYNC #21 (gated)
CSV,455006,227500,21,0,20,10600,4320,4.075472e-01,0.000000e+00,13395.8,37587.4,4354.2,9.36,4.48
BER: END_SEQ #21 [SLIP] seq_err=179 BER_seq=3.5029e-01 | lock=0 slip=21 BER_cond=0.0000e+00 BER_cum=4.0891e-01
BER: SYNC #22 (gated)
CSV,460006,230000,22,0,21,11023,4507,4.088724e-01,0.000000e+00,12459.0,30769.8,4964.8,7.92,3.93
BER: END_SEQ #22 [SLIP] seq_err=239 BER_seq=4.6771e-01 | lock=0 slip=22 BER_cond=0.0000e+00 BER_cum=4.1158e-01
CSV,465006,232500,22,0,22,11242,4627,4.115816e-01,0.000000e+00,11985.0,31677.8,5149.5,7.89,4.22
CSV,470006,235000,22,0,22,11242,4627,4.115816e-01,0.000000e+00,11803.2,32312.7,4880.2,8.21,4.37
BER: SYNC #23 (gated)
CSV,475006,237500,23,0,22,11274,4636,4.112116e-01,0.000000e+00,11974.0,31250.6,4847.1,8.09,4.17
BER: END_SEQ #23 [SLIP] seq_err=102 BER_seq=1.9961e-01 | lock=0 slip=23 BER_cond=0.0000e+00 BER_cum=4.0237e-01
CSV,480006,240000,23,0,23,11753,4729,4.023654e-01,0.000000e+00,12459.3,30209.7,4822.9,7.97,3.85
CSV,485006,242500,23,0,23,11753,4729,4.023654e-01,0.000000e+00,11993.6,30327.6,4923.6,7.90,4.03
CSV,490006,245000,23,0,23,11753,4729,4.023654e-01,0.000000e+00,11671.8,31040.7,4900.7,8.02,4.25
BER: SYNC #24 (gated)
CSV,495006,247500,24,0,23,12018,4850,4.035613e-01,0.000000e+00,12418.2,32427.2,4961.7,8.15,4.17
BER: END_SEQ #24 [SLIP] seq_err=240 BER_seq=4.6967e-01 | lock=0 slip=24 BER_cond=0.0000e+00 BER_cum=4.0517e-01
BER: SYNC #25 (gated)
CSV,500006,250000,25,0,24,12440,5048,4.057878e-01,0.000000e+00,16721.8,50957.9,3393.8,11.77,4.84
BER: END_SEQ #25 [SLIP] seq_err=247 BER_seq=4.8337e-01 | lock=0 slip=25 BER_cond=0.0000e+00 BER_cum=4.0830e-01
CSV,505006,252500,25,0,25,12775,5216,4.082974e-01,0.000000e+00,11633.7,32523.1,4895.2,8.22,4.46
CSV,510006,255000,25,0,25,12775,5216,4.082974e-01,0.000000e+00,11761.1,31261.6,4733.9,8.20,4.25
CSV,515006,257500,25,0,25,12775,5216,4.082974e-01,0.000000e+00,12351.8,30282.7,5177.3,7.67,3.89
BER: SYNC #26 (gated)
CSV,520006,260000,26,0,25,13185,5384,4.083428e-01,0.000000e+00,11842.2,31702.7,4671.6,8.32,4.28
BER: END_SEQ #26 [SLIP] seq_err=216 BER_seq=4.2270e-01 | lock=0 slip=26 BER_cond=0.0000e+00 BER_cum=4.0885e-01
BER: SYNC #27 (gated)
CSV,525006,262500,27,0,26,13608,5556,4.082893e-01,0.000000e+00,12069.8,31008.0,4743.8,8.15,4.10
BER: END_SEQ #27 [SLIP] seq_err=215 BER_seq=4.2074e-01 | lock=0 slip=27 BER_cond=0.0000e+00 BER_cum=4.0929e-01
CSV,530006,265000,27,0,27,13797,5647,4.092919e-01,0.000000e+00,11985.8,31183.1,4670.5,8.25,4.15
CSV,535006,267500,27,0,27,13797,5647,4.092919e-01,0.000000e+00,11775.2,30876.0,4848.6,8.04,4.19
CSV,540006,270000,27,0,27,13797,5647,4.092919e-01,0.000000e+00,11523.5,32666.6,4616.4,8.50,4.53
CSV,545006,272500,27,0,27,13797,5647,4.092919e-01,0.000000e+00,12145.8,31094.1,4806.5,8.11,4.08
CSV,550006,275000,27,0,27,13797,5647,4.092919e-01,0.000000e+00,12329.7,30835.6,4773.8,8.10,3.98
CSV,555006,277500,27,0,27,13797,5647,4.092919e-01,0.000000e+00,12352.2,31484.6,4977.7,8.01,4.06
CSV,560006,280000,27,0,27,13797,5647,4.092919e-01,0.000000e+00,12512.6,31017.8,4822.0,8.08,3.94
CSV,565006,282500,27,0,27,13797,5647,4.092919e-01,0.000000e+00,11989.7,31861.3,4422.4,8.58,4.24
CSV,570006,285000,27,0,27,13797,5647,4.092919e-01,0.000000e+00,11840.0,32569.9,4514.8,8.58,4.39
CSV,575006,287500,27,0,27,13797,5647,4.092919e-01,0.000000e+00,12453.7,31416.7,4981.3,8.00,4.02
CSV,580006,290000,27,0,27,13797,5647,4.092919e-01,0.000000e+00,12458.5,31434.2,4836.1,8.13,4.02
BER: SYNC #28 (gated)
CSV,585006,292500,28,0,27,14233,5802,4.076442e-01,0.000000e+00,12489.7,31200.3,4843.4,8.09,3.98
BER: END_SEQ #28 [SLIP] seq_err=195 BER_seq=3.8160e-01 | lock=0 slip=28 BER_cond=0.0000e+00 BER_cum=4.0830e-01
CSV,590006,295000,28,0,28,14308,5842,4.083031e-01,0.000000e+00,12163.1,31125.4,4781.6,8.14,4.08
CSV,595006,297500,28,0,28,14308,5842,4.083031e-01,0.000000e+00,12577.9,30681.2,4826.0,8.03,3.87
CSV,600006,300000,28,0,28,14308,5842,4.083031e-01,0.000000e+00,12628.4,31564.5,4720.6,8.25,3.98
CSV,605006,302500,28,0,28,14308,5842,4.083031e-01,0.000000e+00,11817.5,33441.2,4498.7,8.71,4.52
CSV,610006,305000,28,0,28,14308,5842,4.083031e-01,0.000000e+00,12609.6,31514.4,4540.6,8.41,3.98
CSV,615006,307500,28,0,28,14308,5842,4.083031e-01,0.000000e+00,12596.9,30914.9,4687.4,8.19,3.90
BER: SYNC #29 (gated)
CSV,620006,310000,29,0,28,14717,6044,4.106815e-01,0.000000e+00,12476.6,32271.0,4897.7,8.19,4.13
BER: END_SEQ #29 [SLIP] seq_err=226 BER_seq=4.4227e-01 | lock=0 slip=29 BER_cond=0.0000e+00 BER_cum=4.0947e-01
BER: SYNC #30 (gated)
CSV,625006,312500,30,0,29,15139,6221,4.109254e-01,0.000000e+00,12667.8,31674.7,4706.8,8.28,3.98
BER: END_SEQ #30 [SLIP] seq_err=252 BER_seq=4.9315e-01 | lock=0 slip=30 BER_cond=0.0000e+00 BER_cum=4.1226e-01
CSV,630006,315000,30,0,30,15330,6320,4.122635e-01,0.000000e+00,12488.1,32233.4,5051.1,8.05,4.12
BER: SYNC #31 (gated)
CSV,635006,317500,31,0,30,15476,6363,4.111528e-01,0.000000e+00,12723.1,31514.9,4723.7,8.24,3.94
BER: END_SEQ #31 [SLIP] seq_err=109 BER_seq=2.1331e-01 | lock=0 slip=31 BER_cond=0.0000e+00 BER_cum=4.0585e-01
BER: SYNC #32 (gated)
CSV,640006,320000,32,0,31,15900,6430,4.044025e-01,0.000000e+00,13175.1,38795.0,4395.0,9.46,4.69
BER: END_SEQ #32 [SLIP] seq_err=196 BER_seq=3.8356e-01 | lock=0 slip=32 BER_cond=0.0000e+00 BER_cum=4.0515e-01
CSV,645006,322500,32,0,32,16352,6625,4.051492e-01,0.000000e+00,17429.2,51861.1,2196.8,13.73,4.74
CSV,650006,325000,32,0,32,16352,6625,4.051492e-01,0.000000e+00,16673.3,47464.5,2567.8,12.67,4.54
CSV,655006,327500,32,0,32,16352,6625,4.051492e-01,0.000000e+00,17584.8,53613.3,2011.2,14.26,4.84
BER: SYNC #33 (gated)
CSV,660006,330000,33,0,32,16644,6745,4.052511e-01,0.000000e+00,17739.8,52277.1,1824.5,14.57,4.69
BER: END_SEQ #33 [SLIP] seq_err=216 BER_seq=4.2270e-01 | lock=0 slip=33 BER_cond=0.0000e+00 BER_cum=4.0568e-01
BER: SYNC #34 (gated)
CSV,665006,332500,34,0,33,17068,6854,4.015702e-01,0.000000e+00,17602.5,52591.7,1888.2,14.45,4.75
BER: END_SEQ #34 [SLIP] seq_err=139 BER_seq=2.7202e-01 | lock=0 slip=34 BER_cond=0.0000e+00 BER_cum=4.0175e-01
BER: SYNC #35 (gated)
CSV,670006,335000,35,0,34,17491,7019,4.012921e-01,0.000000e+00,16680.7,55065.1,2102.1,14.18,5.19
BER: END_SEQ #35 [SLIP] seq_err=207 BER_seq=4.0509e-01 | lock=0 slip=35 BER_cond=0.0000e+00 BER_cum=4.0185e-01
CSV,675006,337500,35,0,35,17885,7187,4.018451e-01,0.000000e+00,17611.5,53417.8,2090.0,14.08,4.82
CSV,680006,340000,35,0,35,17885,7187,4.018451e-01,0.000000e+00,17561.0,52104.6,2057.6,14.04,4.72
CSV,685006,342500,35,0,35,17885,7187,4.018451e-01,0.000000e+00,17602.5,52558.8,1920.6,14.37,4.75
CSV,690006,345000,35,0,35,17885,7187,4.018451e-01,0.000000e+00,17477.1,52899.3,2263.2,13.69,4.81
CSV,695006,347500,35,0,35,17885,7187,4.018451e-01,0.000000e+00,17452.6,50469.1,2471.9,13.10,4.61
BER: SYNC #36 (gated)
CSV,700006,350000,36,0,35,18059,7267,4.024032e-01,0.000000e+00,16807.5,52494.3,2428.8,13.35,4.95
BER: END_SEQ #36 [SLIP] seq_err=243 BER_seq=4.7554e-01 | lock=0 slip=36 BER_cond=0.0000e+00 BER_cum=4.0389e-01
BER: SYNC #37 (gated)
CSV,705006,352500,37,0,36,18482,7471,4.042311e-01,0.000000e+00,16263.9,53127.5,2456.8,13.35,5.14
BER: END_SEQ #37 [SLIP] seq_err=225 BER_seq=4.4031e-01 | lock=0 slip=37 BER_cond=0.0000e+00 BER_cum=4.0488e-01
CSV,710006,355000,37,0,37,18907,7655,4.048765e-01,0.000000e+00,15667.2,40820.2,9977.7,6.12,4.16
BER: SYNC #38 (gated)
CSV,715006,357500,38,0,37,19402,7798,4.019173e-01,0.000000e+00,16948.4,47403.6,2433.7,12.90,4.47
BER: END_SEQ #38 [SLIP] seq_err=152 BER_seq=2.9746e-01 | lock=0 slip=38 BER_cond=0.0000e+00 BER_cum=4.0205e-01
BER: SYNC #39 (gated)
CSV,720006,360000,39,0,38,19828,7999,4.034194e-01,0.000000e+00,17412.3,52122.0,2310.7,13.53,4.76
BER: END_SEQ #39 [SLIP] seq_err=242 BER_seq=4.7358e-01 | lock=0 slip=39 BER_cond=0.0000e+00 BER_cum=4.0388e-01
BER: SYNC #40 (gated)
CSV,725006,362500,40,0,39,20250,8169,4.034074e-01,0.000000e+00,17796.0,50818.9,2246.9,13.54,4.56
BER: END_SEQ #40 [SLIP] seq_err=218 BER_seq=4.2661e-01 | lock=0 slip=40 BER_cond=0.0000e+00 BER_cum=4.0445e-01
CSV,730006,365000,40,0,40,20440,8267,4.044521e-01,0.000000e+00,16766.9,52777.4,2192.6,13.81,4.98
CSV,735006,367500,40,0,40,20440,8267,4.044521e-01,0.000000e+00,17706.9,51492.6,2223.9,13.65,4.64
CSV,740006,370000,40,0,40,20440,8267,4.044521e-01,0.000000e+00,16573.9,55576.5,2348.5,13.74,5.25
CSV,745006,372500,40,0,40,20440,8267,4.044521e-01,0.000000e+00,14080.1,37559.4,3750.7,10.01,4.26
BER: SYNC #41 (gated)
CSV,750006,375000,41,0,40,20904,8483,4.058075e-01,0.000000e+00,13710.3,36506.5,10873.3,5.26,4.25
BER: END_SEQ #41 [SLIP] seq_err=238 BER_seq=4.6575e-01 | lock=0 slip=41 BER_cond=0.0000e+00 BER_cum=4.0595e-01
BER: SYNC #42 (gated)
CSV,755006,377500,42,0,41,21330,8682,4.070323e-01,0.000000e+00,12918.6,33929.3,8837.1,5.84,4.19
BER: END_SEQ #42 [SLIP] seq_err=243 BER_seq=4.7554e-01 | lock=0 slip=42 BER_cond=0.0000e+00 BER_cum=4.0760e-01
CSV,760006,380000,42,0,42,21462,8748,4.076041e-01,0.000000e+00,13831.4,36217.4,7439.3,6.87,4.18
CSV,765006,382500,42,0,42,21462,8748,4.076041e-01,0.000000e+00,15611.3,45649.9,5153.7,9.47,4.66
BER: SYNC #43 (gated)
CSV,770006,385000,43,0,42,21578,8754,4.056910e-01,0.000000e+00,15217.1,49402.7,3019.6,12.14,5.11
BER: END_SEQ #43 [SLIP] seq_err=162 BER_seq=3.1703e-01 | lock=0 slip=43 BER_cond=0.0000e+00 BER_cum=4.0550e-01
BER: SYNC #44 (gated)
CSV,775006,387500,44,0,43,22001,8911,4.050270e-01,0.000000e+00,16070.7,48075.3,3243.5,11.71,4.76
BER: END_SEQ #44 [SLIP] seq_err=198 BER_seq=3.8748e-01 | lock=0 slip=44 BER_cond=0.0000e+00 BER_cum=4.0509e-01
CSV,780006,390000,44,0,44,22484,9108,4.050881e-01,0.000000e+00,15988.9,48302.0,2714.6,12.50,4.80
CSV,785006,392500,44,0,44,22484,9108,4.050881e-01,0.000000e+00,16075.0,48397.8,3069.5,11.98,4.79
CSV,790006,395000,44,0,44,22484,9108,4.050881e-01,0.000000e+00,16001.3,47087.7,3703.2,11.04,4.69
CSV,795006,397500,44,0,44,22484,9108,4.050881e-01,0.000000e+00,15947.2,46793.9,2213.7,13.25,4.68
BER: SYNC #45 (gated)
CSV,800006,400000,45,0,44,22657,9188,4.055259e-01,0.000000e+00,15891.6,50157.0,2205.8,13.57,4.99
BER: END_SEQ #45 [SLIP] seq_err=236 BER_seq=4.6184e-01 | lock=0 slip=45 BER_cond=0.0000e+00 BER_cum=4.0635e-01
CSV,805006,402500,45,0,45,22995,9344,4.063492e-01,0.000000e+00,15657.0,51058.4,1749.9,14.65,5.13
CSV,810006,405000,45,0,45,22995,9344,4.063492e-01,0.000000e+00,15661.3,49909.4,1787.3,14.46,5.03
CSV,815006,407500,45,0,45,22995,9344,4.063492e-01,0.000000e+00,16173.2,48291.6,2005.1,13.82,4.75
CSV,820006,410000,45,0,45,22995,9344,4.063492e-01,0.000000e+00,16070.9,48453.1,1986.4,13.87,4.79
BER: SYNC #46 (gated)
CSV,825006,412500,46,0,45,23317,9453,4.054123e-01,0.000000e+00,16252.9,49297.9,1838.2,14.28,4.82
BER: END_SEQ #46 [SLIP] seq_err=158 BER_seq=3.0920e-01 | lock=0 slip=46 BER_cond=0.0000e+00 BER_cum=4.0424e-01
CSV,830006,415000,46,0,46,23506,9502,4.042372e-01,0.000000e+00,15748.5,48633.5,1993.6,13.87,4.90
BER: SYNC #47 (gated)
CSV,835006,417500,47,0,46,23653,9562,4.042616e-01,0.000000e+00,15378.9,45318.9,4073.1,10.46,4.69
BER: END_SEQ #47 [SLIP] seq_err=170 BER_seq=3.3268e-01 | lock=0 slip=47 BER_cond=0.0000e+00 BER_cum=4.0271e-01
BER: SYNC #48 (gated)
CSV,840006,420000,48,0,47,24073,9675,4.019026e-01,0.000000e+00,11704.3,32644.0,4927.6,8.21,4.45
BER: END_SEQ #48 [SLIP] seq_err=221 BER_seq=4.3249e-01 | lock=0 slip=48 BER_cond=0.0000e+00 BER_cum=4.0333e-01
CSV,845006,422500,48,0,48,24528,9893,4.033350e-01,0.000000e+00,12014.5,32225.0,4332.5,8.71,4.28
BER: SYNC #49 (gated)
CSV,850006,425000,49,0,48,24992,10078,4.032490e-01,0.000000e+00,12176.4,31181.1,4619.9,8.29,4.08
BER: END_SEQ #49 [SLIP] seq_err=207 BER_seq=4.0509e-01 | lock=0 slip=49 BER_cond=0.0000e+00 BER_cum=4.0337e-01
BER: SYNC #50 (gated)
CSV,855006,427500,50,0,49,25418,10229,4.024313e-01,0.000000e+00,11702.1,31160.8,4402.8,8.50,4.25
BER: END_SEQ #50 [SLIP] seq_err=192 BER_seq=3.7573e-01 | lock=0 slip=50 BER_cond=0.0000e+00 BER_cum=4.0282e-01
CSV,860006,430000,50,0,50,25550,10292,4.028180e-01,0.000000e+00,12075.5,30035.7,4501.3,8.24,3.96
BER: SYNC #51 (gated)
CSV,865006,432500,51,0,50,25755,10349,4.018249e-01,0.000000e+00,11828.6,31209.0,4791.7,8.14,4.21
BER: END_SEQ #51 [SLIP] seq_err=149 BER_seq=2.9159e-01 | lock=0 slip=51 BER_cond=0.0000e+00 BER_cum=4.0064e-01
CSV,870006,435000,51,0,51,26061,10441,4.006370e-01,0.000000e+00,11603.6,32222.4,4707.2,8.35,4.44
CSV,875006,437500,51,0,51,26061,10441,4.006370e-01,0.000000e+00,11612.4,32681.5,4395.4,8.71,4.49
CSV,880006,440000,51,0,51,26061,10441,4.006370e-01,0.000000e+00,12051.9,32273.8,4194.4,8.86,4.28
CSV,885006,442500,51,0,51,26061,10441,4.006370e-01,0.000000e+00,12678.6,35983.9,3378.3,10.27,4.53
CSV,890006,445000,51,0,51,26061,10441,4.006370e-01,0.000000e+00,13837.7,41353.3,2548.8,12.10,4.75
CSV,895006,447500,51,0,51,26061,10441,4.006370e-01,0.000000e+00,12043.7,31649.5,4221.9,8.75,4.20
CSV,900006,450000,51,0,51,26061,10441,4.006370e-01,0.000000e+00,11391.3,31263.1,4590.7,8.33,4.38
CSV,905006,452500,51,0,51,26061,10441,4.006370e-01,0.000000e+00,10878.2,31382.7,4334.5,8.60,4.60
CSV,910006,455000,51,0,51,26061,10441,4.006370e-01,0.000000e+00,11035.7,31054.6,4488.2,8.40,4.49
BER: SYNC #52 (gated)
CSV,915006,457500,52,0,51,26554,10688,4.025006e-01,0.000000e+00,11714.6,31122.8,4493.6,8.40,4.24
BER: END_SEQ #52 [SLIP] seq_err=259 BER_seq=5.0685e-01 | lock=0 slip=52 BER_cond=0.0000e+00 BER_cum=4.0268e-01
BER: SYNC #53 (gated)
CSV,920006,460000,53,0,52,26976,10893,4.038034e-01,0.000000e+00,15062.4,44798.9,3371.7,11.23,4.73
BER: END_SEQ #53 [SLIP] seq_err=247 BER_seq=4.8337e-01 | lock=0 slip=53 BER_cond=0.0000e+00 BER_cum=4.0420e-01
BER: SYNC #54 (gated)
CSV,925006,462500,54,0,53,27401,11044,4.030510e-01,0.000000e+00,15286.4,46041.2,2730.3,12.27,4.79
BER: END_SEQ #54 [SLIP] seq_err=191 BER_seq=3.7378e-01 | lock=0 slip=54 BER_cond=0.0000e+00 BER_cum=4.0364e-01
CSV,930006,465000,54,0,54,27594,11138,4.036385e-01,0.000000e+00,14474.1,46492.6,3077.6,11.79,5.07
BER: SYNC #55 (gated)
CSV,935006,467500,55,0,54,27734,11202,4.039086e-01,0.000000e+00,14818.0,45179.5,3374.6,11.27,4.84
BER: END_SEQ #55 [SLIP] seq_err=258 BER_seq=5.0489e-01 | lock=0 slip=55 BER_cond=0.0000e+00 BER_cum=4.0548e-01
BER: SYNC #56 (gated)
CSV,940006,470000,56,0,55,28161,11396,4.046731e-01,0.000000e+00,14371.7,48151.8,3121.3,11.88,5.25
BER: END_SEQ #56 [SLIP] seq_err=140 BER_seq=2.7397e-01 | lock=0 slip=56 BER_cond=0.0000e+00 BER_cum=4.0313e-01
CSV,945006,472500,56,0,56,28616,11536,4.031311e-01,0.000000e+00,14669.3,45853.9,3271.0,11.47,4.95
BER: SYNC #57 (gated)
CSV,950006,475000,57,0,56,29079,11732,4.034527e-01,0.000000e+00,14629.8,43850.1,2996.5,11.65,4.77
BER: END_SEQ #57 [SLIP] seq_err=221 BER_seq=4.3249e-01 | lock=0 slip=57 BER_cond=0.0000e+00 BER_cum=4.0365e-01
CSV,955006,477500,57,0,57,29127,11757,4.036461e-01,0.000000e+00,13020.7,35329.4,10333.7,5.34,4.34
CSV,960006,480000,57,0,57,29127,11757,4.036461e-01,0.000000e+00,14593.5,44387.7,2757.3,12.07,4.83
BER: SYNC #58 (gated)
CSV,965006,482500,58,0,57,29324,11843,4.038671e-01,0.000000e+00,14489.6,46086.8,1917.0,13.81,5.03
BER: END_SEQ #58 [SLIP] seq_err=260 BER_seq=5.0881e-01 | lock=0 slip=58 BER_cond=0.0000e+00 BER_cum=4.0546e-01
BER: SYNC #59 (gated)
CSV,970006,485000,59,0,58,29751,12070,4.057007e-01,0.000000e+00,14108.4,48500.3,1930.5,14.00,5.36
BER: END_SEQ #59 [SLIP] seq_err=257 BER_seq=5.0294e-01 | lock=0 slip=59 BER_cond=0.0000e+00 BER_cum=4.0711e-01
CSV,975006,487500,59,0,59,30149,12274,4.071113e-01,0.000000e+00,14431.4,46959.9,1924.8,13.87,5.12
CSV,980006,490000,59,0,59,30149,12274,4.071113e-01,0.000000e+00,14705.8,45183.8,3019.7,11.75,4.87
BER: SYNC #60 (gated)
CSV,985006,492500,60,0,59,30581,12481,4.081292e-01,0.000000e+00,14787.6,45652.9,2860.7,12.03,4.90
BER: END_SEQ #60 [SLIP] seq_err=245 BER_seq=4.7945e-01 | lock=0 slip=60 BER_cond=0.0000e+00 BER_cum=4.0832e-01
BER: SYNC #61 (gated)
CSV,990006,495000,61,0,60,31004,12689,4.092698e-01,0.000000e+00,14902.2,45997.5,3047.2,11.79,4.89
BER: END_SEQ #61 [SLIP] seq_err=253 BER_seq=4.9511e-01 | lock=0 slip=61 BER_cond=0.0000e+00 BER_cum=4.0974e-01
CSV,995006,497500,61,0,61,31171,12772,4.097398e-01,0.000000e+00,14502.6,46500.4,2665.7,12.42,5.06
BER: SYNC #62 (gated)
CSV,1000006,500000,62,0,61,31340,12852,4.100830e-01,0.000000e+00,14179.6,46137.4,2860.2,12.08,5.12
BER: END_SEQ #62 [SLIP] seq_err=260 BER_seq=5.0881e-01 | lock=0 slip=62 BER_cond=0.0000e+00 BER_cum=4.1134e-01
BER: SYNC #63 (gated)
CSV,1005006,502500,63,0,62,31768,13046,4.106648e-01,0.000000e+00,11524.3,32970.5,5026.7,8.17,4.57
BER: END_SEQ #63 [SLIP] seq_err=164 BER_seq=3.2094e-01 | lock=0 slip=63 BER_cond=0.0000e+00 BER_cum=4.0990e-01
CSV,1010006,505000,63,0,63,32193,13196,4.099028e-01,0.000000e+00,11773.8,31927.6,4970.1,8.08,4.33
CSV,1015006,507500,63,0,63,32193,13196,4.099028e-01,0.000000e+00,12349.8,32550.3,5828.7,7.47,4.21
CSV,1020006,510000,63,0,63,32193,13196,4.099028e-01,0.000000e+00,14715.7,45650.7,3266.9,11.45,4.92
CSV,1025006,512500,63,0,63,32193,13196,4.099028e-01,0.000000e+00,14806.8,45782.9,3318.2,11.40,4.90
CSV,1030006,515000,63,0,63,32193,13196,4.099028e-01,0.000000e+00,14527.5,45077.0,3148.5,11.56,4.92
CSV,1035006,517500,63,0,63,32193,13196,4.099028e-01,0.000000e+00,14491.3,44482.4,2823.2,11.97,4.87
BER: SYNC #64 (gated)
CSV,1040006,520000,64,0,63,32247,13221,4.099916e-01,0.000000e+00,14049.5,47062.2,2267.2,13.17,5.25
BER: END_SEQ #64 [SLIP] seq_err=261 BER_seq=5.1076e-01 | lock=0 slip=64 BER_cond=0.0000e+00 BER_cum=4.1148e-01
CSV,1045006,522500,64,0,64,32704,13457,4.114787e-01,0.000000e+00,14559.1,46893.5,2025.8,13.65,5.08
CSV,1050006,525000,64,0,64,32704,13457,4.114787e-01,0.000000e+00,14804.8,46391.2,2018.7,13.61,4.96
CSV,1055006,527500,64,0,64,32704,13457,4.114787e-01,0.000000e+00,11256.3,32666.2,4311.3,8.79,4.63
CSV,1060006,530000,64,0,64,32704,13457,4.114787e-01,0.000000e+00,11727.9,32301.8,4362.5,8.69,4.40
BER: SYNC #65 (gated)
CSV,1065006,532500,65,0,64,32902,13499,4.102790e-01,0.000000e+00,14635.1,44183.8,3334.1,11.22,4.80
BER: END_SEQ #65 [SLIP] seq_err=204 BER_seq=3.9922e-01 | lock=0 slip=65 BER_cond=0.0000e+00 BER_cum=4.1129e-01
CSV,1070006,535000,65,0,65,33215,13661,4.112901e-01,0.000000e+00,11347.8,31812.0,5016.7,8.02,4.48
CSV,1075006,537500,65,0,65,33215,13661,4.112901e-01,0.000000e+00,11186.8,29804.8,4685.6,8.04,4.26
CSV,1080006,540000,65,0,65,33215,13661,4.112901e-01,0.000000e+00,11059.3,30009.1,4778.4,7.98,4.34
CSV,1085006,542500,65,0,65,33215,13661,4.112901e-01,0.000000e+00,11094.6,29813.3,4460.3,8.25,4.29
BER: SYNC #66 (gated)
CSV,1090006,545000,66,0,65,33557,13820,4.118366e-01,0.000000e+00,10970.5,30997.8,4732.0,8.16,4.51
BER: END_SEQ #66 [SLIP] seq_err=247 BER_seq=4.8337e-01 | lock=0 slip=66 BER_cond=0.0000e+00 BER_cum=4.1238e-01
CSV,1095006,547500,66,0,66,33726,13908,4.123821e-01,0.000000e+00,11372.5,29950.0,4474.0,8.26,4.21
CSV,1100006,550000,66,0,66,33726,13908,4.123821e-01,0.000000e+00,10924.6,29703.8,4324.0,8.37,4.34
CSV,1105006,552500,66,0,66,33726,13908,4.123821e-01,0.000000e+00,10750.3,31416.3,4861.0,8.10,4.66
CSV,1110006,555000,66,0,66,33726,13908,4.123821e-01,0.000000e+00,10828.4,30796.2,4643.3,8.22,4.54
CSV,1115006,557500,66,0,66,33726,13908,4.123821e-01,0.000000e+00,11576.5,29129.5,4652.6,7.97,4.01
CSV,1120006,560000,66,0,66,33726,13908,4.123821e-01,0.000000e+00,11155.2,30492.3,4620.6,8.19,4.37
CSV,1125006,562500,66,0,66,33726,13908,4.123821e-01,0.000000e+00,11046.8,30035.8,4348.9,8.39,4.34
BER: SYNC #67 (gated)
CSV,1130006,565000,67,0,66,33954,14014,4.127349e-01,0.000000e+00,10965.5,31194.6,4523.2,8.39,4.54
BER: END_SEQ #67 [SLIP] seq_err=270 BER_seq=5.2838e-01 | lock=0 slip=67 BER_cond=0.0000e+00 BER_cum=4.1411e-01
CSV,1135006,567500,67,0,67,34237,14178,4.141134e-01,0.000000e+00,11258.7,29879.0,4255.6,8.46,4.24
BER: SYNC #68 (gated)
CSV,1140006,570000,68,0,67,34293,14201,4.141078e-01,0.000000e+00,10914.3,32189.6,4446.1,8.60,4.70
BER: END_SEQ #68 [SLIP] seq_err=179 BER_seq=3.5029e-01 | lock=0 slip=68 BER_cond=0.0000e+00 BER_cum=4.1317e-01
CSV,1145006,572500,68,0,68,34748,14357,4.131749e-01,0.000000e+00,10897.2,30232.9,4285.5,8.48,4.43
BER: SYNC #69 (gated)
CSV,1150006,575000,69,0,68,35202,14567,4.138117e-01,0.000000e+00,11267.0,29857.2,4515.6,8.20,4.23
BER: END_SEQ #69 [SLIP] seq_err=231 BER_seq=4.5205e-01 | lock=0 slip=69 BER_cond=0.0000e+00 BER_cum=4.1374e-01
BER: SYNC #70 (gated)
CSV,1155006,577500,70,0,69,35637,14707,4.126891e-01,0.000000e+00,10983.7,30154.2,4491.7,8.27,4.39
BER: END_SEQ #70 [SLIP] seq_err=186 BER_seq=3.6399e-01 | lock=0 slip=70 BER_cond=0.0000e+00 BER_cum=4.1303e-01
CSV,1160006,580000,70,0,70,35770,14774,4.130277e-01,0.000000e+00,11437.2,29700.3,4671.5,8.03,4.14
BER: SYNC #71 (gated)
CSV,1165006,582500,71,0,70,35968,14865,4.132840e-01,0.000000e+00,11370.4,29867.5,4735.1,8.00,4.19
BER: END_SEQ #71 [SLIP] seq_err=233 BER_seq=4.5597e-01 | lock=0 slip=71 BER_cond=0.0000e+00 BER_cum=4.1363e-01
CSV,1170006,585000,71,0,71,36281,15007,4.136325e-01,0.000000e+00,10591.7,31762.0,4591.6,8.40,4.77
CSV,1175006,587500,71,0,71,36281,15007,4.136325e-01,0.000000e+00,11080.0,30815.6,4521.7,8.33,4.44
CSV,1180006,590000,71,0,71,36281,15007,4.136325e-01,0.000000e+00,11347.2,31120.7,4332.4,8.56,4.38
BER: SYNC #72 (gated)
CSV,1185006,592500,72,0,71,36706,15213,4.144554e-01,0.000000e+00,11367.5,30717.9,3981.5,8.87,4.32
BER: END_SEQ #72 [SLIP] seq_err=245 BER_seq=4.7945e-01 | lock=0 slip=72 BER_cond=0.0000e+00 BER_cum=4.1455e-01
BER: SYNC #73 (gated)
CSV,1190006,595000,73,0,72,37130,15422,4.153515e-01,0.000000e+00,11345.8,29714.7,4437.2,8.26,4.18
BER: END_SEQ #73 [SLIP] seq_err=261 BER_seq=5.1076e-01 | lock=0 slip=73 BER_cond=0.0000e+00 BER_cum=4.1586e-01
CSV,1195006,597500,73,0,73,37303,15513,4.158647e-01,0.000000e+00,11432.9,29897.8,4397.1,8.32,4.17
CSV,1200006,600000,73,0,73,37303,15513,4.158647e-01,0.000000e+00,10998.6,30418.6,5091.5,7.76,4.42
CSV,1205006,602500,73,0,73,37303,15513,4.158647e-01,0.000000e+00,10965.6,31223.6,4599.6,8.32,4.54
CSV,1210006,605000,73,0,73,37303,15513,4.158647e-01,0.000000e+00,11031.1,30608.6,4581.7,8.25,4.43
CSV,1215006,607500,73,0,73,37303,15513,4.158647e-01,0.000000e+00,11828.1,31889.3,3891.3,9.14,4.31
BER: SYNC #74 (gated)
CSV,1220006,610000,74,0,73,37704,15712,4.167197e-01,0.000000e+00,11330.2,30774.4,4287.0,8.56,4.34
BER: END_SEQ #74 [SLIP] seq_err=256 BER_seq=5.0098e-01 | lock=0 slip=74 BER_cond=0.0000e+00 BER_cum=4.1701e-01
CSV,1225006,612500,74,0,74,37814,15769,4.170149e-01,0.000000e+00,11474.2,30305.5,4634.1,8.16,4.22
CSV,1230006,615000,74,0,74,37814,15769,4.170149e-01,0.000000e+00,11410.3,30655.6,4737.5,8.11,4.29
CSV,1235006,617500,74,0,74,37814,15769,4.170149e-01,0.000000e+00,11215.1,30771.1,4682.4,8.18,4.38
BER: SYNC #75 (gated)
CSV,1240006,620000,75,0,74,37867,15771,4.164840e-01,0.000000e+00,11479.2,31352.6,4238.9,8.69,4.36
BER: END_SEQ #75 [SLIP] seq_err=221 BER_seq=4.3249e-01 | lock=0 slip=75 BER_cond=0.0000e+00 BER_cum=4.1722e-01
CSV,1245006,622500,75,0,75,38325,15990,4.172211e-01,0.000000e+00,11367.4,30656.9,4217.8,8.61,4.31
CSV,1250006,625000,75,0,75,38325,15990,4.172211e-01,0.000000e+00,11835.4,32198.5,3933.6,9.13,4.35
CSV,1255006,627500,75,0,75,38325,15990,4.172211e-01,0.000000e+00,11361.9,31356.1,4345.1,8.58,4.41
CSV,1260006,630000,75,0,75,38325,15990,4.172211e-01,0.000000e+00,11350.5,29280.4,4632.0,8.01,4.12
CSV,1265006,632500,75,0,75,38325,15990,4.172211e-01,0.000000e+00,11362.3,30626.7,4706.0,8.13,4.31
CSV,1270006,635000,75,0,75,38325,15990,4.172211e-01,0.000000e+00,11394.9,31383.1,4701.3,8.24,4.40
CSV,1275006,637500,75,0,75,38325,15990,4.172211e-01,0.000000e+00,11374.8,30795.5,4343.5,8.51,4.33
CSV,1280006,640000,75,0,75,38325,15990,4.172211e-01,0.000000e+00,12425.7,33422.7,3691.5,9.57,4.30
CSV,1285006,642500,75,0,75,38325,15990,4.172211e-01,0.000000e+00,11376.9,29802.0,4327.8,8.38,4.18
BER: SYNC #76 (gated)
CSV,1290006,645000,76,0,75,38670,16116,4.167572e-01,0.000000e+00,11146.5,30395.9,4620.0,8.18,4.36
BER: END_SEQ #76 [SLIP] seq_err=199 BER_seq=3.8943e-01 | lock=0 slip=76 BER_cond=0.0000e+00 BER_cum=4.1686e-01
CSV,1295006,647500,76,0,76,38836,16189,4.168555e-01,0.000000e+00,11589.1,30268.9,4463.0,8.31,4.17
CSV,1300006,650000,76,0,76,38836,16189,4.168555e-01,0.000000e+00,11135.3,30949.8,4688.1,8.20,4.44
CSV,1305006,652500,76,0,76,38836,16189,4.168555e-01,0.000000e+00,11068.0,32001.2,4294.1,8.72,4.61
CSV,1310006,655000,76,0,76,38836,16189,4.168555e-01,0.000000e+00,11814.5,33552.1,4419.6,8.80,4.53
BER: SYNC #77 (gated)
CSV,1315006,657500,77,0,76,39325,16414,4.173935e-01,0.000000e+00,13703.7,37748.9,4379.8,9.35,4.40
BER: END_SEQ #77 [SLIP] seq_err=236 BER_seq=4.6184e-01 | lock=0 slip=77 BER_cond=0.0000e+00 BER_cum=4.1744e-01
BER: SYNC #78 (gated)
CSV,1320006,660000,78,0,77,39748,16609,4.178575e-01,0.000000e+00,11143.7,28941.0,4944.0,7.67,4.14
BER: END_SEQ #78 [SLIP] seq_err=243 BER_seq=4.7554e-01 | lock=0 slip=78 BER_cond=0.0000e+00 BER_cum=4.1818e-01
CSV,1325006,662500,78,0,78,39858,16668,4.181845e-01,0.000000e+00,11166.1,28652.1,5317.2,7.31,4.09
CSV,1330006,665000,78,0,78,39858,16668,4.181845e-01,0.000000e+00,11182.2,29442.0,4808.6,7.87,4.20
CSV,1335006,667500,78,0,78,39858,16668,4.181845e-01,0.000000e+00,10875.0,29155.1,4801.6,7.83,4.28
CSV,1340006,670000,78,0,78,39858,16668,4.181845e-01,0.000000e+00,10869.8,29567.4,4838.3,7.86,4.35
CSV,1345006,672500,78,0,78,39858,16668,4.181845e-01,0.000000e+00,11140.7,29061.3,4650.3,7.96,4.16
CSV,1350006,675000,78,0,78,39858,16668,4.181845e-01,0.000000e+00,11393.4,28699.5,5022.6,7.57,4.01
CSV,1355006,677500,78,0,78,39858,16668,4.181845e-01,0.000000e+00,11146.9,29966.0,4724.5,8.02,4.29
CSV,1360006,680000,78,0,78,39858,16668,4.181845e-01,0.000000e+00,11231.0,29093.1,4822.3,7.81,4.13
CSV,1365006,682500,78,0,78,39858,16668,4.181845e-01,0.000000e+00,10869.9,28802.9,4836.2,7.75,4.23
BER: SYNC #79 (gated)
CSV,1370006,685000,79,0,78,39966,16720,4.183556e-01,0.000000e+00,10601.0,29841.3,4970.1,7.78,4.49
BER: END_SEQ #79 [SLIP] seq_err=253 BER_seq=4.9511e-01 | lock=0 slip=79 BER_cond=0.0000e+00 BER_cum=4.1916e-01
BER: SYNC #80 (gated)
CSV,1375006,687500,80,0,79,40391,16926,4.190538e-01,0.000000e+00,11348.1,29678.2,4968.7,7.76,4.18
BER: END_SEQ #80 [SLIP] seq_err=260 BER_seq=5.0881e-01 | lock=0 slip=80 BER_cond=0.0000e+00 BER_cum=4.2028e-01
CSV,1380006,690000,80,0,80,40880,17181,4.202789e-01,0.000000e+00,11359.3,28797.5,4705.9,7.87,4.04
CSV,1385006,692500,80,0,80,40880,17181,4.202789e-01,0.000000e+00,11511.2,28682.1,4890.5,7.68,3.96
CSV,1390006,695000,80,0,80,40880,17181,4.202789e-01,0.000000e+00,11161.6,28869.0,4987.9,7.63,4.13
BER: SYNC #81 (gated)
CSV,1395006,697500,81,0,80,41138,17279,4.200253e-01,0.000000e+00,11381.4,28814.6,4948.1,7.65,4.03
BER: END_SEQ #81 [SLIP] seq_err=190 BER_seq=3.7182e-01 | lock=0 slip=81 BER_cond=0.0000e+00 BER_cum=4.1968e-01
CSV,1400006,700000,81,0,81,41391,17371,4.196806e-01,0.000000e+00,11016.7,29788.2,4962.9,7.78,4.32
CSV,1405006,702500,81,0,81,41391,17371,4.196806e-01,0.000000e+00,10459.1,29596.6,4937.3,7.78,4.52
CSV,1410006,705000,81,0,81,41391,17371,4.196806e-01,0.000000e+00,11348.9,28860.3,5015.9,7.60,4.05
CSV,1415006,707500,81,0,81,41391,17371,4.196806e-01,0.000000e+00,11508.8,27888.1,4965.9,7.49,3.84
CSV,1420006,710000,81,0,81,41391,17371,4.196806e-01,0.000000e+00,11236.0,28517.3,4971.5,7.59,4.04
CSV,1425006,712500,81,0,81,41391,17371,4.196806e-01,0.000000e+00,10837.0,29253.3,4636.5,8.00,4.31
CSV,1430006,715000,81,0,81,41391,17371,4.196806e-01,0.000000e+00,11114.1,29414.8,4903.9,7.78,4.23
BER: SYNC #82 (gated)
CSV,1435006,717500,82,0,81,41529,17443,4.200197e-01,0.000000e+00,10983.2,29494.3,5027.4,7.68,4.29
BER: END_SEQ #82 [SLIP] seq_err=262 BER_seq=5.1272e-01 | lock=0 slip=82 BER_cond=0.0000e+00 BER_cum=4.2082e-01
CSV,1440006,720000,82,0,82,41902,17633,4.208152e-01,0.000000e+00,10660.8,30292.0,4723.9,8.07,4.54
CSV,1445006,722500,82,0,82,41902,17633,4.208152e-01,0.000000e+00,11173.8,29056.4,4867.2,7.76,4.15
CSV,1450006,725000,82,0,82,41902,17633,4.208152e-01,0.000000e+00,11103.4,28742.0,4798.8,7.77,4.13
CSV,1455006,727500,82,0,82,41902,17633,4.208152e-01,0.000000e+00,11044.8,29377.5,4969.8,7.72,4.25
CSV,1460006,730000,82,0,82,41902,17633,4.208152e-01,0.000000e+00,11115.2,28615.1,4856.2,7.70,4.11
BER: SYNC #83 (gated)
CSV,1465006,732500,83,0,82,42095,17723,4.210239e-01,0.000000e+00,11211.7,29074.7,5129.1,7.53,4.14
BER: END_SEQ #83 [SLIP] seq_err=242 BER_seq=4.7358e-01 | lock=0 slip=83 BER_cond=0.0000e+00 BER_cum=4.2145e-01
CSV,1470006,735000,83,0,83,42413,17875,4.214510e-01,0.000000e+00,10823.0,30623.4,4664.8,8.17,4.52
BER: SYNC #84 (gated)
CSV,1475006,737500,84,0,83,42435,17876,4.212560e-01,0.000000e+00,10743.1,29289.6,4743.5,7.91,4.36
BER: END_SEQ #84 [SLIP] seq_err=218 BER_seq=4.2661e-01 | lock=0 slip=84 BER_cond=0.0000e+00 BER_cum=4.2151e-01
CSV,1480006,740000,84,0,84,42924,18093,4.215125e-01,0.000000e+00,11224.0,28589.8,4842.4,7.71,4.06
CSV,1485006,742500,84,0,84,42924,18093,4.215125e-01,0.000000e+00,11246.9,28109.7,5005.5,7.49,3.98
CSV,1490006,745000,84,0,84,42924,18093,4.215125e-01,0.000000e+00,11170.4,28771.0,5061.4,7.55,4.11
CSV,1495006,747500,84,0,84,42924,18093,4.215125e-01,0.000000e+00,11041.4,28553.3,4868.1,7.68,4.13
CSV,1500006,750000,84,0,84,42924,18093,4.215125e-01,0.000000e+00,11005.4,29486.4,5003.0,7.70,4.28

=========================================
=== END OF TEST (duration=25 min) ===
=========================================
FINAL: syncs=84 lock=0 slip=84 slip_rate=1.0000
FINAL: bits_cum=42924 err_cum=18093 BER_cum=4.2151e-01
FINAL: bits_lock=0 err_lock=0 BER_cond=0.0000e+00
=========================================
=== STOP LOGGING NOW ===
=========================================
