

=== RX BOOT - BER TEST MODE ===
MOD=OOK (20 kHz carrier, adaptive threshold)
BPS_MODE=20 (HALF_SAMPLES=2000, 10000 samples/bit @ 200000 Hz)
Expect: 64-bit preamble + Barker13 (1F35h, gated by 8 preamble bits = 0x55) + 511-bit PRBS-9
Noise floor band: 5000 Hz; lock threshold: BER<0.10
Auto-stop: test will halt 25 min after the first sync.
RX: edge-tracking sync, center-3 voting
Starting decoder...

CSV,5011,500,0,0,0,0,0,0.000000e+00,0.000000e+00,4339.9,182957.1,7567.4,13.83,16.25
CSV,10011,1000,0,0,0,0,0,0.000000e+00,0.000000e+00,4192.8,262839.4,7504.3,15.44,17.97
BER: SYNC #1 (gated)
CSV,15011,1500,1,0,0,72,0,0.000000e+00,0.000000e+00,4676.3,256781.7,9357.7,14.38,17.40
CSV,20011,2000,1,0,0,172,0,0.000000e+00,0.000000e+00,5315.0,184735.8,10119.9,12.61,15.41
CSV,25011,2500,1,0,0,272,0,0.000000e+00,0.000000e+00,4291.9,227635.9,9108.5,13.98,17.25
CSV,30011,3000,1,0,0,372,0,0.000000e+00,0.000000e+00,4322.1,270192.2,7077.8,15.82,17.96
CSV,35011,3500,1,0,0,472,0,0.000000e+00,0.000000e+00,3988.3,206255.0,7978.3,14.12,17.14
BER: END_SEQ #1 [LOCK] seq_err=0 BER_seq=0.0000e+00 | lock=1 slip=0 BER_cond=0.0000e+00 BER_cum=0.0000e+00
CSV,40011,4000,1,1,0,511,0,0.000000e+00,0.000000e+00,5200.4,235180.8,9071.2,14.14,16.55
BER: SYNC #2 (gated)
CSV,45011,4500,2,1,0,595,0,0.000000e+00,0.000000e+00,4775.2,203168.0,9693.9,13.21,16.29
CSV,50011,5000,2,1,0,695,0,0.000000e+00,0.000000e+00,4800.6,159192.6,9278.6,12.34,15.21
CSV,55011,5500,2,1,0,795,0,0.000000e+00,0.000000e+00,5108.3,185667.3,9630.0,12.85,15.60
CSV,60011,6000,2,1,0,895,0,0.000000e+00,0.000000e+00,4484.1,186423.1,9149.8,13.09,16.19
CSV,65011,6500,2,1,0,995,0,0.000000e+00,0.000000e+00,4742.6,196490.8,9154.7,13.32,16.17
BER: END_SEQ #2 [LOCK] seq_err=0 BER_seq=0.0000e+00 | lock=2 slip=0 BER_cond=0.0000e+00 BER_cum=0.0000e+00
CSV,70011,7000,2,2,0,1022,0,0.000000e+00,0.000000e+00,5035.3,238717.5,9321.9,14.08,16.76
BER: SYNC #3 (gated)
CSV,75011,7500,3,2,0,1118,0,0.000000e+00,0.000000e+00,4609.9,189548.9,8781.5,13.34,16.14
CSV,80011,8000,3,2,0,1218,0,0.000000e+00,0.000000e+00,4292.9,138077.9,8790.5,11.96,15.07
CSV,85011,8500,3,2,0,1318,0,0.000000e+00,0.000000e+00,4796.4,179684.1,9767.4,12.65,15.74
CSV,90011,9000,3,2,0,1417,0,0.000000e+00,0.000000e+00,4627.3,186785.5,8707.6,13.31,16.06
CSV,95011,9500,3,2,0,1517,0,0.000000e+00,0.000000e+00,4528.7,196034.4,9141.8,13.31,16.36
BER: END_SEQ #3 [LOCK] seq_err=0 BER_seq=0.0000e+00 | lock=3 slip=0 BER_cond=0.0000e+00 BER_cum=0.0000e+00
BER: SYNC #4 (gated)
CSV,100011,10000,4,3,0,1540,0,0.000000e+00,0.000000e+00,5043.9,169300.4,8320.3,13.09,15.26
CSV,105011,10500,4,3,0,1640,0,0.000000e+00,0.000000e+00,4421.9,160670.1,9015.3,12.51,15.60
CSV,110011,11000,4,3,0,1740,0,0.000000e+00,0.000000e+00,4384.1,131967.2,9388.8,11.48,14.79
CSV,115011,11500,4,3,0,1840,0,0.000000e+00,0.000000e+00,5055.2,170649.1,9266.0,12.65,15.28
CSV,120011,12000,4,3,0,1940,0,0.000000e+00,0.000000e+00,4996.8,192500.9,9118.6,13.25,15.86
CSV,125011,12500,4,3,0,2040,0,0.000000e+00,0.000000e+00,4679.8,170522.6,8495.5,13.03,15.62
BER: END_SEQ #4 [LOCK] seq_err=0 BER_seq=0.0000e+00 | lock=4 slip=0 BER_cond=0.0000e+00 BER_cum=0.0000e+00
BER: SYNC #5 (gated)
CSV,130011,13000,5,4,0,2063,0,0.000000e+00,0.000000e+00,5387.1,165849.7,8006.9,13.16,14.88
CSV,135011,13500,5,4,0,2163,0,0.000000e+00,0.000000e+00,4294.9,151766.8,8743.1,12.40,15.48
CSV,140011,14000,5,4,0,2263,0,0.000000e+00,0.000000e+00,4350.5,178436.3,8531.8,13.20,16.13
CSV,145011,14500,5,4,0,2363,0,0.000000e+00,0.000000e+00,4793.6,182340.7,8346.6,13.39,15.80
CSV,150011,15000,5,4,0,2463,0,0.000000e+00,0.000000e+00,4744.9,207234.9,8575.0,13.83,16.40
BER: END_SEQ #5 [LOCK] seq_err=0 BER_seq=0.0000e+00 | lock=5 slip=0 BER_cond=0.0000e+00 BER_cum=0.0000e+00
CSV,155011,15500,5,5,0,2555,0,0.000000e+00,0.000000e+00,5679.4,365203.1,10411.6,15.45,18.08
BER: SYNC #6 (gated)
CSV,160011,16000,6,5,0,2586,0,0.000000e+00,0.000000e+00,4497.6,233362.8,9699.9,13.81,17.15
CSV,165011,16500,6,5,0,2686,0,0.000000e+00,0.000000e+00,5008.0,190273.9,10704.7,12.50,15.80
CSV,170011,17000,6,5,0,2786,0,0.000000e+00,0.000000e+00,4619.0,218228.2,8924.3,13.88,16.74
CSV,175011,17500,6,5,0,2886,0,0.000000e+00,0.000000e+00,5280.6,245281.6,11435.1,13.31,16.67
CSV,180011,18000,6,5,0,2986,1,3.348962e-04,0.000000e+00,5068.9,274665.2,10222.6,14.29,17.34
BER: END_SEQ #6 [LOCK] seq_err=1 BER_seq=1.9569e-03 | lock=6 slip=0 BER_cond=3.2616e-04 BER_cum=3.2616e-04
CSV,185011,18500,6,6,0,3066,1,3.261579e-04,3.261579e-04,5545.8,455508.2,10105.0,16.54,19.15
BER: SYNC #7 (gated)
CSV,190011,19000,7,6,0,3108,1,3.217503e-04,3.261579e-04,5514.4,317815.0,10546.3,14.79,17.61
CSV,195011,19500,7,6,0,3208,1,3.117207e-04,3.261579e-04,4986.5,226231.5,9772.0,13.65,16.57
CSV,200011,20000,7,6,0,3308,1,3.022975e-04,3.261579e-04,5019.6,261046.7,10534.4,13.94,17.16
CSV,205011,20500,7,6,0,3408,1,2.934272e-04,3.261579e-04,3828.1,328586.9,8098.9,16.08,19.34
CSV,210011,21000,7,6,0,3508,1,2.850627e-04,3.261579e-04,4357.2,351775.8,8983.6,15.93,19.07
BER: END_SEQ #7 [LOCK] seq_err=0 BER_seq=0.0000e+00 | lock=7 slip=0 BER_cond=2.7956e-04 BER_cum=2.7956e-04
CSV,215011,21500,7,7,0,3577,1,2.795639e-04,2.795639e-04,3844.6,599446.9,6153.8,19.89,21.93
BER: SYNC #8 (gated)
CSV,220011,22000,8,7,0,3631,1,2.754062e-04,2.795639e-04,3593.7,590096.5,5217.8,20.53,22.15
CSV,225011,22500,8,7,0,3731,1,2.680247e-04,2.795639e-04,3375.1,506982.6,4317.7,20.70,21.77
CSV,230011,23000,8,7,0,3831,1,2.610284e-04,2.795639e-04,3689.8,543460.2,5458.9,19.98,21.68
CSV,235011,23500,8,7,0,3931,1,2.543882e-04,2.795639e-04,4834.9,351799.6,10073.9,15.43,18.62
CSV,240011,24000,8,7,0,4031,1,2.480774e-04,2.795639e-04,4692.6,318753.5,9923.6,15.07,18.32
BER: END_SEQ #8 [LOCK] seq_err=0 BER_seq=0.0000e+00 | lock=8 slip=0 BER_cond=2.4462e-04 BER_cum=2.4462e-04
CSV,245011,24500,8,8,0,4088,1,2.446184e-04,2.446184e-04,5021.4,358683.6,9778.8,15.64,18.54
BER: SYNC #9 (gated)
CSV,250011,25000,9,8,0,4154,1,2.407318e-04,2.446184e-04,5063.7,340548.5,8883.1,15.84,18.28
CSV,255011,25500,9,8,0,4254,1,2.350729e-04,2.446184e-04,5143.8,262458.9,11118.0,13.73,17.08
CSV,260011,26000,9,8,0,4354,1,2.296739e-04,2.446184e-04,4007.5,521549.5,6475.6,19.06,21.14
CSV,265011,26500,9,8,0,4454,1,2.245173e-04,2.446184e-04,3515.8,625287.4,5079.7,20.90,22.50
CSV,270011,27000,9,8,0,4554,1,2.195872e-04,2.446184e-04,3398.9,567606.5,4340.8,21.16,22.23
BER: END_SEQ #9 [LOCK] seq_err=0 BER_seq=0.0000e+00 | lock=9 slip=0 BER_cond=2.1744e-04 BER_cum=2.1744e-04
CSV,275011,27500,9,9,0,4599,1,2.174386e-04,2.174386e-04,3913.9,631488.2,4877.6,21.12,22.08
BER: SYNC #10 (gated)
CSV,280011,28000,10,9,0,4677,1,2.138123e-04,2.174386e-04,3293.2,613665.1,4640.4,21.21,22.70
CSV,285011,28500,10,9,0,4777,1,2.093364e-04,2.174386e-04,3150.6,489657.5,4740.4,20.14,21.92
CSV,290011,29000,10,9,0,4876,1,2.050861e-04,2.174386e-04,3596.3,556034.5,4151.3,21.27,21.89
CSV,295011,29500,10,9,0,4976,1,2.009646e-04,2.174386e-04,3100.4,644680.8,4146.9,21.92,23.18
CSV,300011,30000,10,9,0,5076,1,1.970055e-04,2.174386e-04,3026.3,562319.8,4517.5,20.95,22.69
BER: END_SEQ #10 [LOCK] seq_err=0 BER_seq=0.0000e+00 | lock=10 slip=0 BER_cond=1.9569e-04 BER_cum=1.9569e-04
CSV,305011,30500,10,10,0,5110,1,1.956947e-04,1.956947e-04,4190.9,625176.8,4955.6,21.01,21.74
BER: SYNC #11 (gated)
CSV,310011,31000,11,10,0,5199,1,1.923447e-04,1.956947e-04,3298.9,576829.9,4395.9,21.18,22.43
CSV,315011,31500,11,10,0,5299,1,1.887149e-04,1.956947e-04,3902.0,462617.8,4645.1,19.98,20.74
CSV,320011,32000,11,10,0,5399,1,1.852195e-04,1.956947e-04,3415.4,568957.9,4664.2,20.86,22.22
CSV,325011,32500,11,10,0,5499,1,1.818512e-04,1.956947e-04,3452.9,595707.8,4404.2,21.31,22.37
CSV,330011,33000,11,10,0,5599,1,1.786033e-04,1.956947e-04,3585.2,563115.2,4531.1,20.94,21.96
BER: END_SEQ #11 [LOCK] seq_err=0 BER_seq=0.0000e+00 | lock=11 slip=0 BER_cond=1.7790e-04 BER_cum=1.7790e-04
BER: SYNC #12 (gated)
CSV,335011,33500,12,11,0,5622,1,1.778726e-04,1.779043e-04,4316.1,629807.8,5479.7,20.60,21.64
CSV,340011,34000,12,11,0,5722,1,1.747641e-04,1.779043e-04,3797.3,555600.8,5641.8,19.93,21.65
CSV,345011,34500,12,11,0,5822,1,1.717623e-04,1.779043e-04,3293.7,463270.6,4504.3,20.12,21.48
CSV,350011,35000,12,11,0,5922,1,1.688619e-04,1.779043e-04,3647.1,568018.1,4716.9,20.81,21.92
CSV,355011,35500,12,11,0,6022,1,1.660578e-04,1.779043e-04,3497.7,612991.8,4387.4,21.45,22.44
CSV,360011,36000,12,11,0,6122,1,1.633453e-04,1.779043e-04,3366.3,580073.9,4364.1,21.24,22.36
BER: END_SEQ #12 [LOCK] seq_err=0 BER_seq=0.0000e+00 | lock=12 slip=0 BER_cond=1.6308e-04 BER_cum=1.6308e-04
BER: SYNC #13 (gated)
CSV,365011,36500,13,12,0,6145,1,1.627339e-04,1.630789e-04,3660.4,657689.6,4822.3,21.35,22.54
CSV,370011,37000,13,12,0,6245,1,1.601281e-04,1.630789e-04,3495.1,559093.9,4563.5,20.88,22.04
CSV,375011,37500,13,12,0,6345,1,1.576044e-04,1.630789e-04,3198.4,490027.2,4489.7,20.38,21.85
CSV,380011,38000,13,12,0,6445,1,1.551590e-04,1.630789e-04,3380.7,546763.6,4723.5,20.64,22.09
CSV,385011,38500,13,12,0,6545,1,1.527884e-04,1.630789e-04,3545.2,637030.4,4251.0,21.76,22.55
BER: END_SEQ #13 [LOCK] seq_err=0 BER_seq=0.0000e+00 | lock=13 slip=0 BER_cond=1.5053e-04 BER_cum=1.5053e-04
CSV,390011,39000,13,13,0,6643,1,1.505344e-04,1.505344e-04,3608.7,639433.9,4587.6,21.44,22.48
BER: SYNC #14 (gated)
CSV,395011,39500,14,13,0,6667,1,1.499925e-04,1.505344e-04,3545.5,643348.4,5218.0,20.91,22.59
CSV,400011,40000,14,13,0,6767,1,1.477760e-04,1.505344e-04,3066.3,527722.1,4650.3,20.55,22.36
CSV,405011,40500,14,13,0,6867,1,1.456240e-04,1.505344e-04,3002.3,480530.2,4262.1,20.52,22.04
CSV,410011,41000,14,13,0,6967,1,1.435338e-04,1.505344e-04,3463.7,530560.4,4012.2,21.21,21.85
CSV,415011,41500,14,13,0,7067,1,1.415028e-04,1.505344e-04,3777.9,458213.1,5004.5,19.62,20.84
BER: END_SEQ #14 [LOCK] seq_err=0 BER_seq=0.0000e+00 | lock=14 slip=0 BER_cond=1.3978e-04 BER_cum=1.3978e-04
CSV,420011,42000,14,14,0,7154,1,1.397819e-04,1.397819e-04,5098.5,336062.4,8691.5,15.87,18.19
BER: SYNC #15 (gated)
CSV,425011,42500,15,14,0,7190,1,1.390821e-04,1.397819e-04,4718.9,313613.1,7748.2,16.07,18.23
CSV,430011,43000,15,14,0,7290,1,1.371742e-04,1.397819e-04,4332.9,261641.8,8770.5,14.75,17.81
CSV,435011,43500,15,14,0,7390,1,1.353180e-04,1.397819e-04,4316.3,304305.6,8975.5,15.30,18.48
CSV,440011,44000,15,14,0,7490,1,1.335113e-04,1.397819e-04,4542.9,303344.8,9441.1,15.07,18.25
CSV,445011,44500,15,14,0,7590,1,1.317523e-04,1.397819e-04,4285.8,316056.5,8310.2,15.80,18.68
BER: END_SEQ #15 [LOCK] seq_err=0 BER_seq=0.0000e+00 | lock=15 slip=0 BER_cond=1.3046e-04 BER_cum=1.3046e-04
CSV,450011,45000,15,15,0,7665,1,1.304631e-04,1.304631e-04,4889.6,296172.8,8408.9,15.47,17.82
BER: SYNC #16 (gated)
CSV,455011,45500,16,15,0,7713,1,1.296512e-04,1.304631e-04,4728.0,301189.4,9392.3,15.06,18.04
CSV,460011,46000,16,15,0,7813,1,1.279918e-04,1.304631e-04,4516.0,250610.9,8505.9,14.69,17.44
CSV,465011,46500,16,15,0,7913,1,1.263743e-04,1.304631e-04,4641.7,311905.3,7691.5,16.08,18.27
CSV,470011,47000,16,15,0,8013,1,1.247972e-04,1.304631e-04,4829.8,290255.1,8928.9,15.12,17.79
CSV,475011,47500,16,15,0,8113,1,1.232590e-04,1.304631e-04,4075.7,283747.9,8871.7,15.05,18.43
BER: END_SEQ #16 [LOCK] seq_err=0 BER_seq=0.0000e+00 | lock=16 slip=0 BER_cond=1.2231e-04 BER_cum=1.2231e-04
CSV,480011,48000,16,16,0,8176,1,1.223092e-04,1.223092e-04,4912.1,308985.3,8828.1,15.44,17.99
BER: SYNC #17 (gated)
CSV,485011,48500,17,16,0,8235,1,1.214329e-04,1.223092e-04,4420.5,298353.0,9131.2,15.14,18.29
CSV,490011,49000,17,16,0,8336,1,1.199616e-04,1.223092e-04,4659.2,233256.8,9206.3,14.04,17.00
CSV,495011,49500,17,16,0,8435,1,1.185536e-04,1.223092e-04,4155.9,274447.7,7952.4,15.38,18.20
CSV,500011,50000,17,16,0,8535,1,1.171646e-04,1.223092e-04,5113.0,313151.5,9469.4,15.19,17.87
CSV,505011,50500,17,16,0,8635,1,1.158078e-04,1.223092e-04,4735.6,304455.0,8991.1,15.30,18.08
BER: END_SEQ #17 [LOCK] seq_err=0 BER_seq=0.0000e+00 | lock=17 slip=0 BER_cond=1.1511e-04 BER_cum=1.1511e-04
CSV,510011,51000,17,17,0,8687,1,1.151145e-04,1.151145e-04,4277.2,325790.1,6874.4,16.76,18.82
BER: SYNC #18 (gated)
CSV,515011,51500,18,17,0,8758,1,1.141813e-04,1.151145e-04,4798.7,327062.4,8517.3,15.84,18.34
CSV,520011,52000,18,17,0,8858,1,1.128923e-04,1.151145e-04,4374.3,250805.1,7957.8,14.99,17.58
CSV,525011,52500,18,17,0,8958,1,1.116321e-04,1.151145e-04,4295.9,293546.2,8786.1,15.24,18.35
CSV,530011,53000,18,17,0,9058,1,1.103996e-04,1.151145e-04,4337.8,333815.6,8928.2,15.73,18.86
CSV,535011,53500,18,17,0,9158,1,1.091941e-04,1.151145e-04,3746.0,371420.2,5714.0,18.13,19.96
BER: END_SEQ #18 [LOCK] seq_err=0 BER_seq=0.0000e+00 | lock=18 slip=0 BER_cond=1.0872e-04 BER_cum=1.0872e-04
CSV,540011,54000,18,18,0,9198,1,1.087193e-04,1.087193e-04,4211.7,460044.1,6127.1,18.76,20.38
BER: SYNC #19 (gated)
CSV,545011,54500,19,18,0,9281,1,1.077470e-04,1.087193e-04,3818.7,468596.4,5773.9,19.09,20.89
CSV,550011,55000,19,18,0,9381,1,1.065984e-04,1.087193e-04,3792.7,335982.9,5259.4,18.05,19.47
CSV,555011,55500,19,18,0,9481,1,1.054741e-04,1.087193e-04,3624.5,465540.7,5381.9,19.37,21.09
CSV,560011,56000,19,18,0,9581,1,1.043732e-04,1.087193e-04,3300.9,580244.2,4347.5,21.25,22.45
CSV,565011,56500,19,18,0,9681,1,1.032951e-04,1.087193e-04,3180.4,515916.8,4092.2,21.01,22.10
BER: END_SEQ #19 [LOCK] seq_err=0 BER_seq=0.0000e+00 | lock=19 slip=0 BER_cond=1.0300e-04 BER_cum=1.0300e-04
CSV,570011,57000,19,19,0,9709,1,1.029972e-04,1.029972e-04,3921.3,545076.6,4434.7,20.90,21.43
BER: SYNC #20 (gated)
CSV,575011,57500,20,19,0,9804,1,1.019992e-04,1.029972e-04,3418.9,499481.0,4594.6,20.36,21.65
CSV,580011,58000,20,19,0,9904,1,1.009693e-04,1.029972e-04,3251.8,410934.0,4409.0,19.69,21.02
CSV,585011,58500,20,19,0,10003,1,9.997001e-05,1.029972e-04,3150.7,505402.8,4015.2,21.00,22.05
CSV,590011,59000,20,19,0,10104,1,9.897070e-05,1.029972e-04,3298.1,516245.9,4267.3,20.83,21.95
CSV,595011,59500,20,19,0,10203,1,9.801039e-05,1.029972e-04,4456.4,305593.7,8002.2,15.82,18.36
BER: END_SEQ #20 [LOCK] seq_err=0 BER_seq=0.0000e+00 | lock=20 slip=0 BER_cond=9.7847e-05 BER_cum=9.7847e-05
BER: SYNC #21 (gated)
CSV,600011,60000,21,20,0,10226,1,9.778995e-05,9.784736e-05,4948.6,291939.5,9326.2,14.96,17.71
CSV,605011,60500,21,20,0,10326,1,9.684292e-05,9.784736e-05,3817.2,422607.4,7629.3,17.43,20.44
CSV,610011,61000,21,20,0,10426,1,9.591406e-05,9.784736e-05,4828.2,232427.9,8654.0,14.29,16.83
CSV,615011,61500,21,20,0,10526,1,9.500285e-05,9.784736e-05,4277.4,275881.0,9935.8,14.44,18.10
CSV,620011,62000,21,20,0,10626,1,9.410879e-05,9.784736e-05,4679.0,289036.5,9081.9,15.03,17.91
CSV,625011,62500,21,20,0,10726,1,9.323140e-05,9.784736e-05,4784.9,282857.4,9347.7,14.81,17.72
BER: END_SEQ #21 [LOCK] seq_err=0 BER_seq=0.0000e+00 | lock=21 slip=0 BER_cond=9.3188e-05 BER_cum=9.3188e-05
BER: SYNC #22 (gated)
CSV,630011,63000,22,21,0,10749,1,9.303191e-05,9.318796e-05,5598.3,284533.3,9080.9,14.96,17.06
CSV,635011,63500,22,21,0,10849,1,9.217439e-05,9.318796e-05,4789.0,261905.5,9012.3,14.63,17.38
CSV,640011,64000,22,21,0,10949,1,9.133254e-05,9.318796e-05,4467.4,235564.7,9237.5,14.07,17.22
CSV,645011,64500,22,21,0,11049,1,9.050593e-05,9.318796e-05,4581.3,277956.2,8800.6,14.99,17.83
CSV,650011,65000,22,21,0,11149,1,8.969414e-05,9.318796e-05,4612.9,275844.9,8328.2,15.20,17.77
BER: END_SEQ #22 [LOCK] seq_err=0 BER_seq=0.0000e+00 | lock=22 slip=0 BER_cond=8.8952e-05 BER_cum=8.8952e-05
CSV,655011,65500,22,22,0,11242,1,8.895215e-05,8.895215e-05,4771.3,298939.8,8708.5,15.36,17.97
BER: SYNC #23 (gated)
CSV,660011,66000,23,22,0,11272,1,8.871540e-05,8.895215e-05,5208.6,297598.2,10418.1,14.56,17.57
CSV,665011,66500,23,22,0,11372,1,8.793528e-05,8.895215e-05,4759.9,234902.5,9432.7,13.96,16.93
CSV,670011,67000,23,22,0,11472,1,8.716876e-05,8.895215e-05,4550.1,263017.7,9177.8,14.57,17.62
CSV,675011,67500,23,22,0,11572,1,8.641549e-05,8.895215e-05,4554.9,275372.2,9805.4,14.48,17.81
CSV,680011,68000,23,22,0,11672,1,8.567512e-05,8.895215e-05,4358.0,273865.3,9147.2,14.76,17.98
BER: END_SEQ #23 [LOCK] seq_err=0 BER_seq=0.0000e+00 | lock=23 slip=0 BER_cond=8.5085e-05 BER_cum=8.5085e-05
CSV,685011,68500,23,23,0,11753,1,8.508466e-05,8.508466e-05,5053.5,295276.6,9902.6,14.74,17.67
BER: SYNC #24 (gated)
CSV,690011,69000,24,23,0,11794,2,1.695777e-04,8.508466e-05,4703.0,273173.8,9788.5,14.46,17.64
CSV,695011,69500,24,23,0,11894,2,1.681520e-04,8.508466e-05,4692.6,236394.8,10387.7,13.57,17.02
CSV,700011,70000,24,23,0,11994,2,1.667500e-04,8.508466e-05,4257.6,285528.1,8266.9,15.38,18.26
CSV,705011,70500,24,23,0,12094,2,1.653713e-04,8.508466e-05,4662.0,276196.0,9127.7,14.81,17.73
CSV,710011,71000,24,23,0,12194,2,1.640151e-04,8.508466e-05,4660.5,281895.5,9421.0,14.76,17.82
BER: END_SEQ #24 [LOCK] seq_err=1 BER_seq=1.9569e-03 | lock=24 slip=0 BER_cond=1.6308e-04 BER_cum=1.6308e-04
CSV,715011,71500,24,24,0,12264,2,1.630789e-04,1.630789e-04,5420.0,284853.9,9735.1,14.66,17.21
BER: SYNC #25 (gated)
CSV,720011,72000,25,24,0,12317,2,1.623772e-04,1.630789e-04,4431.8,280986.8,8907.5,14.99,18.02
CSV,725011,72500,25,24,0,12417,2,1.610695e-04,1.630789e-04,4269.9,235143.0,9715.1,13.84,17.41
CSV,730011,73000,25,24,0,12517,2,1.597827e-04,1.630789e-04,4310.6,289165.7,9156.5,14.99,18.27
CSV,735011,73500,25,24,0,12617,2,1.585163e-04,1.630789e-04,4140.2,299106.4,8965.0,15.23,18.59
CSV,740011,74000,25,24,0,12717,2,1.572698e-04,1.630789e-04,4615.6,293844.4,8515.6,15.38,18.04
BER: END_SEQ #25 [LOCK] seq_err=0 BER_seq=0.0000e+00 | lock=25 slip=0 BER_cond=1.5656e-04 BER_cum=1.5656e-04
CSV,745011,74500,25,25,0,12775,2,1.565558e-04,1.565558e-04,4916.0,304017.9,8545.0,15.51,17.91
BER: SYNC #26 (gated)
CSV,750011,75000,26,25,0,12840,2,1.557632e-04,1.565558e-04,4642.0,298680.5,8542.1,15.44,18.08
CSV,755011,75500,26,25,0,12940,2,1.545595e-04,1.565558e-04,4592.5,209330.1,8797.9,13.76,16.59
CSV,760011,76000,26,25,0,13040,2,1.533742e-04,1.565558e-04,4326.0,288230.5,9551.8,14.80,18.24
CSV,765011,76500,26,25,0,13140,2,1.522070e-04,1.565558e-04,4449.3,288134.8,8975.1,15.07,18.11
CSV,770011,77000,26,25,0,13240,2,1.510574e-04,1.565558e-04,4878.7,270102.2,9223.2,14.67,17.43
BER: END_SEQ #26 [LOCK] seq_err=0 BER_seq=0.0000e+00 | lock=26 slip=0 BER_cond=1.5053e-04 BER_cum=1.5053e-04
CSV,775011,77500,26,26,0,13286,2,1.505344e-04,1.505344e-04,4930.8,291116.9,8524.1,15.33,17.71
BER: SYNC #27 (gated)
CSV,780011,78000,27,26,0,13363,2,1.496670e-04,1.505344e-04,4313.5,292072.3,7863.4,15.70,18.31
CSV,785011,78500,27,26,0,13463,2,1.485553e-04,1.505344e-04,4791.9,226372.8,8963.1,14.02,16.74
CSV,790011,79000,27,26,0,13562,9,6.636189e-04,1.505344e-04,4785.4,250865.1,8262.9,14.82,17.20
CSV,795011,79500,27,26,0,13661,60,4.392065e-03,1.505344e-04,4922.3,309220.9,8627.6,15.54,17.98
CSV,800011,80000,27,26,0,13761,113,8.211613e-03,1.505344e-04,4774.1,273143.9,8278.7,15.18,17.57
BER: END_SEQ #27 [SLIP] seq_err=124 BER_seq=2.4266e-01 | lock=26 slip=1 BER_cond=1.5053e-04 BER_cum=9.1324e-03
CSV,805011,80500,27,26,1,13797,126,9.132420e-03,1.505344e-04,5106.5,314445.4,8637.8,15.61,17.89
BER: SYNC #28 (gated)
CSV,810011,81000,28,26,1,13885,126,9.074541e-03,1.505344e-04,4515.3,297669.4,8351.1,15.52,18.19
CSV,815011,81500,28,26,1,13985,126,9.009653e-03,1.505344e-04,4692.3,230531.6,8718.2,14.22,16.91
CSV,820011,82000,28,26,1,14085,126,8.945687e-03,1.505344e-04,4714.7,295497.2,8741.9,15.29,17.97
CSV,825011,82500,28,26,1,14185,126,8.882622e-03,1.505344e-04,4589.4,301593.0,9096.6,15.21,18.18
CSV,830011,83000,28,26,1,14285,126,8.820441e-03,1.505344e-04,4486.2,294736.1,8433.4,15.43,18.18
BER: END_SEQ #28 [LOCK] seq_err=0 BER_seq=0.0000e+00 | lock=27 slip=1 BER_cond=1.4496e-04 BER_cum=8.8063e-03
BER: SYNC #29 (gated)
CSV,835011,83500,29,27,1,14308,126,8.806262e-03,1.449590e-04,5073.9,330855.8,8698.7,15.80,18.14
CSV,840011,84000,29,27,1,14408,126,8.745141e-03,1.449590e-04,4374.8,301459.9,8077.0,15.72,18.38
CSV,845011,84500,29,27,1,14508,126,8.684863e-03,1.449590e-04,4721.2,240972.4,9030.5,14.26,17.08
CSV,850011,85000,29,27,1,14608,126,8.625410e-03,1.449590e-04,5057.4,286929.2,9285.2,14.90,17.54
CSV,855011,85500,29,27,1,14708,126,8.566766e-03,1.449590e-04,4242.7,323212.0,8761.9,15.67,18.82
CSV,860011,86000,29,27,1,14808,126,8.508914e-03,1.449590e-04,4998.0,322205.7,10269.3,14.97,18.09
BER: END_SEQ #29 [LOCK] seq_err=0 BER_seq=0.0000e+00 | lock=28 slip=1 BER_cond=1.3978e-04 BER_cum=8.5026e-03
BER: SYNC #30 (gated)
CSV,865011,86500,30,28,1,14831,126,8.495718e-03,1.397819e-04,4901.3,333668.1,9793.2,15.32,18.33
CSV,870011,87000,30,28,1,14931,126,8.438818e-03,1.397819e-04,4801.7,307492.8,8683.6,15.49,18.06
CSV,875011,87500,30,28,1,15031,126,8.382676e-03,1.397819e-04,4543.1,255465.7,7490.2,15.33,17.50
CSV,880011,88000,30,28,1,15131,126,8.327276e-03,1.397819e-04,4514.3,304426.5,8712.6,15.43,18.29
CSV,885011,88500,30,28,1,15230,126,8.273145e-03,1.397819e-04,4886.2,343100.5,9430.5,15.61,18.46
BER: END_SEQ #30 [LOCK] seq_err=0 BER_seq=0.0000e+00 | lock=29 slip=1 BER_cond=1.3496e-04 BER_cum=8.2192e-03
CSV,890011,89000,30,29,1,15330,126,8.219178e-03,1.349619e-04,5113.4,315891.6,8207.3,15.85,17.91
BER: SYNC #31 (gated)
CSV,895011,89500,31,29,1,15353,126,8.206865e-03,1.349619e-04,5330.8,307697.5,8076.2,15.81,17.61
CSV,900011,90000,31,29,1,15453,126,8.153756e-03,1.349619e-04,4236.3,260291.4,7853.9,15.20,17.88
CSV,905011,90500,31,29,1,15553,126,8.101331e-03,1.349619e-04,4563.4,205247.0,8663.1,13.75,16.53
CSV,910011,91000,31,29,1,15653,126,8.049576e-03,1.349619e-04,4658.5,209974.1,7726.5,14.34,16.54
CSV,915011,91500,31,29,1,15753,126,7.998477e-03,1.349619e-04,4337.0,230692.7,8324.4,14.43,17.26
BER: END_SEQ #31 [LOCK] seq_err=0 BER_seq=0.0000e+00 | lock=30 slip=1 BER_cond=1.3046e-04 BER_cum=7.9540e-03
CSV,920011,92000,31,30,1,15841,126,7.954043e-03,1.304631e-04,4945.1,235865.0,8411.7,14.48,16.78
BER: SYNC #32 (gated)
CSV,925011,92500,32,30,1,15876,126,7.936508e-03,1.304631e-04,4253.1,212847.9,8051.7,14.22,16.99
CSV,930011,93000,32,30,1,15976,126,7.886830e-03,1.304631e-04,4177.7,170974.6,7178.9,13.77,16.12
CSV,935011,93500,32,30,1,16076,126,7.837771e-03,1.304631e-04,4874.2,208182.5,9886.2,13.23,16.31
CSV,940011,94000,32,30,1,16176,126,7.789318e-03,1.304631e-04,4432.5,224833.0,8519.6,14.21,17.05
CSV,945011,94500,32,30,1,16276,126,7.741460e-03,1.304631e-04,4367.4,215089.0,7186.5,14.76,16.92
BER: END_SEQ #32 [LOCK] seq_err=0 BER_seq=0.0000e+00 | lock=31 slip=1 BER_cond=1.2625e-04 BER_cum=7.7055e-03
CSV,950011,95000,32,31,1,16352,126,7.705479e-03,1.262547e-04,4932.1,209741.3,8112.9,14.13,16.29
BER: SYNC #33 (gated)
CSV,955011,95500,33,31,1,16399,126,7.683395e-03,1.262547e-04,4713.2,209368.3,7876.8,14.25,16.48
CSV,960011,96000,33,31,1,16499,126,7.636826e-03,1.262547e-04,4788.8,169498.1,8149.7,13.18,15.49
CSV,965011,96500,33,31,1,16599,126,7.590819e-03,1.262547e-04,4565.3,211732.7,8286.8,14.07,16.66
CSV,970011,97000,33,31,1,16699,126,7.545362e-03,1.262547e-04,4247.6,200493.6,6120.0,15.15,16.74
CSV,975011,97500,33,31,1,16799,126,7.500446e-03,1.262547e-04,4287.9,214494.1,6805.1,14.99,16.99
BER: END_SEQ #33 [LOCK] seq_err=0 BER_seq=0.0000e+00 | lock=32 slip=1 BER_cond=1.2231e-04 BER_cum=7.4720e-03
CSV,980011,98000,33,32,1,16863,126,7.471980e-03,1.223092e-04,4954.6,210471.5,8706.7,13.83,16.28
BER: SYNC #34 (gated)
CSV,985011,98500,34,32,1,16921,126,7.446368e-03,1.223092e-04,4462.6,208692.2,7879.4,14.23,16.70
CSV,990011,99000,34,32,1,17022,126,7.402185e-03,1.223092e-04,4207.0,153535.1,7943.0,12.86,15.62
CSV,995011,99500,34,32,1,17121,126,7.359383e-03,1.223092e-04,4588.1,202672.8,7746.0,14.18,16.45
CSV,1000011,100000,34,32,1,17221,126,7.316648e-03,1.223092e-04,4435.6,227223.4,7975.3,14.55,17.09
CSV,1005011,100500,34,32,1,17321,126,7.274407e-03,1.223092e-04,4229.1,197362.3,8118.5,13.86,16.69
BER: END_SEQ #34 [LOCK] seq_err=0 BER_seq=0.0000e+00 | lock=33 slip=1 BER_cond=1.1860e-04 BER_cum=7.2522e-03
CSV,1010011,101000,34,33,1,17374,126,7.252216e-03,1.186029e-04,4631.5,213131.4,7995.8,14.26,16.63
BER: SYNC #35 (gated)
CSV,1015011,101500,35,33,1,17444,126,7.223114e-03,1.186029e-04,4503.6,210079.4,7689.5,14.36,16.69
CSV,1020011,102000,35,33,1,17544,126,7.181942e-03,1.186029e-04,4239.3,168766.5,8284.3,13.09,16.00
CSV,1025011,102500,35,33,1,17644,126,7.141238e-03,1.186029e-04,4536.0,188462.7,8359.5,13.53,16.19
CSV,1030011,103000,35,33,1,17743,177,9.975765e-03,1.186029e-04,4162.2,216296.0,8319.1,14.15,17.16
CSV,1035011,103500,35,33,1,17843,230,1.289021e-02,1.186029e-04,4531.4,183943.1,8013.5,13.61,16.08
BER: END_SEQ #35 [SLIP] seq_err=120 BER_seq=2.3483e-01 | lock=33 slip=2 BER_cond=1.1860e-04 BER_cum=1.3755e-02
CSV,1040011,104000,35,33,2,17885,246,1.375454e-02,1.186029e-04,4688.6,232443.3,7488.8,14.92,16.95
BER: SYNC #36 (gated)
CSV,1045011,104500,36,33,2,17967,246,1.369177e-02,1.186029e-04,5005.9,210115.0,8723.4,13.82,16.23
CSV,1050011,105000,36,33,2,18067,246,1.361599e-02,1.186029e-04,4262.9,167932.0,7621.8,13.43,15.95
CSV,1055011,105500,36,33,2,18167,246,1.354104e-02,1.186029e-04,4382.9,167003.5,7497.9,13.48,15.81
CSV,1060011,106000,36,33,2,18267,246,1.346691e-02,1.186029e-04,4319.5,198668.7,7457.8,14.26,16.63
CSV,1065011,106500,36,33,2,18367,246,1.339359e-02,1.186029e-04,4444.0,167296.5,8133.4,13.13,15.76
BER: END_SEQ #36 [LOCK] seq_err=0 BER_seq=0.0000e+00 | lock=34 slip=2 BER_cond=1.1511e-04 BER_cum=1.3372e-02
CSV,1070011,107000,36,34,2,18396,246,1.337247e-02,1.151145e-04,4936.9,225464.2,6839.8,15.18,16.60
BER: SYNC #37 (gated)
CSV,1075011,107500,37,34,2,18490,246,1.330449e-02,1.151145e-04,5067.7,206866.8,7895.1,14.18,16.11
CSV,1080011,108000,37,34,2,18589,296,1.592340e-02,1.151145e-04,4585.0,159972.6,8600.6,12.70,15.43
CSV,1085011,108500,37,34,2,18689,349,1.867409e-02,1.151145e-04,4719.1,214718.2,7917.6,14.33,16.58
CSV,1090011,109000,37,34,2,18788,403,2.144986e-02,1.151145e-04,4286.2,221258.0,7666.3,14.60,17.13
CSV,1095011,109500,37,34,2,18888,453,2.398348e-02,1.151145e-04,4231.1,222982.9,7575.6,14.69,17.22
BER: END_SEQ #37 [SLIP] seq_err=212 BER_seq=4.1487e-01 | lock=34 slip=3 BER_cond=1.1511e-04 BER_cum=2.4224e-02
BER: SYNC #38 (gated)
CSV,1100011,110000,38,34,3,18912,458,2.421743e-02,1.151145e-04,4773.9,231473.9,8248.4,14.48,16.86
CSV,1105011,110500,38,34,3,19012,458,2.409005e-02,1.151145e-04,4377.2,198771.1,7283.1,14.36,16.57
CSV,1110011,111000,38,34,3,19112,458,2.396400e-02,1.151145e-04,4772.9,161027.0,8015.2,13.03,15.28
CSV,1115011,111500,38,34,3,19212,458,2.383927e-02,1.151145e-04,5001.5,213939.4,8540.3,13.99,16.31
CSV,1120011,112000,38,34,3,19312,458,2.371582e-02,1.151145e-04,4759.7,233400.5,8147.8,14.57,16.91
CSV,1125011,112500,38,34,3,19412,458,2.359365e-02,1.151145e-04,4355.8,230545.0,7338.8,14.97,17.24
BER: END_SEQ #38 [LOCK] seq_err=0 BER_seq=0.0000e+00 | lock=35 slip=3 BER_cond=1.1183e-04 BER_cum=2.3586e-02
BER: SYNC #39 (gated)
CSV,1130011,113000,39,35,3,19435,458,2.356573e-02,1.118256e-04,5004.6,235899.6,8389.8,14.49,16.73
CSV,1135011,113500,39,35,3,19535,458,2.344510e-02,1.118256e-04,4946.9,212895.5,8647.4,13.91,16.34
CSV,1140011,114000,39,35,3,19635,458,2.332569e-02,1.118256e-04,4414.8,182728.6,8300.6,13.43,16.17
CSV,1145011,114500,39,35,3,19735,458,2.320750e-02,1.118256e-04,4463.9,210123.4,7594.5,14.42,16.73
CSV,1150011,115000,39,35,3,19835,458,2.309050e-02,1.118256e-04,4526.6,203740.3,8397.1,13.85,16.53
BER: END_SEQ #39 [LOCK] seq_err=0 BER_seq=0.0000e+00 | lock=36 slip=3 BER_cond=1.0872e-04 BER_cum=2.2982e-02
CSV,1155011,115500,39,36,3,19929,458,2.298158e-02,1.087193e-04,4888.3,219285.3,8187.1,14.28,16.52
BER: SYNC #40 (gated)
CSV,1160011,116000,40,36,3,19958,458,2.294819e-02,1.087193e-04,4635.2,211903.9,7977.9,14.24,16.60
CSV,1165011,116500,40,36,3,20056,506,2.522936e-02,1.087193e-04,4650.7,173653.8,7994.5,13.37,15.72
CSV,1170011,117000,40,36,3,20156,558,2.768406e-02,1.087193e-04,4845.3,195822.1,7382.7,14.24,16.07
CSV,1175011,117500,40,36,3,20256,613,3.026264e-02,1.087193e-04,4663.1,204299.4,8290.3,13.92,16.42
CSV,1180011,118000,40,36,3,20355,653,3.208057e-02,1.087193e-04,4782.1,210917.0,8060.9,14.18,16.44
BER: END_SEQ #40 [SLIP] seq_err=237 BER_seq=4.6380e-01 | lock=36 slip=4 BER_cond=1.0872e-04 BER_cum=3.4002e-02
CSV,1185011,118500,40,36,4,20440,695,3.400196e-02,1.087193e-04,5598.2,222437.1,8838.6,14.01,15.99
BER: SYNC #41 (gated)
CSV,1190011,119000,41,36,4,20480,695,3.393555e-02,1.087193e-04,4542.0,189604.5,8851.8,13.31,16.21
CSV,1195011,119500,41,36,4,20580,695,3.377065e-02,1.087193e-04,5088.1,169076.2,7540.3,13.51,15.22
CSV,1200011,120000,41,36,4,20680,695,3.360735e-02,1.087193e-04,4568.9,190876.2,8468.8,13.53,16.21
CSV,1205011,120500,41,36,4,20780,695,3.344562e-02,1.087193e-04,4599.4,174096.0,8196.7,13.27,15.78
CSV,1210011,121000,41,36,4,20880,695,3.328544e-02,1.087193e-04,4856.0,192436.5,8797.5,13.40,15.98
BER: END_SEQ #41 [LOCK] seq_err=0 BER_seq=0.0000e+00 | lock=37 slip=4 BER_cond=1.0578e-04 BER_cum=3.3173e-02
CSV,1215011,121500,41,37,4,20951,695,3.317264e-02,1.057809e-04,5157.4,209694.5,6951.8,14.79,16.09
BER: SYNC #42 (gated)
CSV,1220011,122000,42,37,4,21003,695,3.309051e-02,1.057809e-04,4509.3,186551.6,8749.8,13.29,16.17
CSV,1225011,122500,42,37,4,21103,695,3.293370e-02,1.057809e-04,3927.8,162107.1,8125.6,13.00,16.16
CSV,1230011,123000,42,37,4,21203,695,3.277838e-02,1.057809e-04,4088.3,179505.5,7355.0,13.87,16.43
CSV,1235011,123500,42,37,4,21303,695,3.262451e-02,1.057809e-04,4707.5,198386.0,8531.9,13.66,16.25
CSV,1240011,124000,42,37,4,21403,695,3.247209e-02,1.057809e-04,4376.0,194114.5,8313.5,13.68,16.47
BER: END_SEQ #42 [LOCK] seq_err=22 BER_seq=4.3053e-02 | lock=38 slip=4 BER_cond=1.2360e-03 BER_cum=3.3408e-02
CSV,1245011,124500,42,38,4,21462,717,3.340788e-02,1.235967e-03,5772.5,195179.1,9317.2,13.21,15.29
BER: SYNC #43 (gated)
CSV,1250011,125000,43,38,4,21526,717,3.330856e-02,1.235967e-03,4509.0,198943.7,7258.3,14.38,16.45
CSV,1255011,125500,43,38,4,21626,717,3.315454e-02,1.235967e-03,4010.7,147398.5,7898.3,12.71,15.65
CSV,1260011,126000,43,38,4,21726,717,3.300193e-02,1.235967e-03,4470.3,193982.1,7950.8,13.87,16.37
CSV,1265011,126500,43,38,4,21826,717,3.285073e-02,1.235967e-03,4551.2,201360.6,7373.7,14.36,16.46
CSV,1270011,127000,43,38,4,21926,718,3.274651e-02,1.235967e-03,4295.5,177023.3,7401.0,13.79,16.15
BER: END_SEQ #43 [LOCK] seq_err=1 BER_seq=1.9569e-03 | lock=39 slip=4 BER_cond=1.2545e-03 BER_cum=3.2676e-02
CSV,1275011,127500,43,39,4,21973,718,3.267647e-02,1.254453e-03,4800.9,207823.5,7961.1,14.17,16.36
BER: SYNC #44 (gated)
CSV,1280011,128000,44,39,4,22049,719,3.260919e-02,1.254453e-03,4392.6,199246.0,7773.4,14.09,16.57
CSV,1285011,128500,44,39,4,22148,719,3.246343e-02,1.254453e-03,4818.9,140451.5,9029.3,11.92,14.65
CSV,1290011,129000,44,39,4,22248,719,3.231751e-02,1.254453e-03,4730.4,165366.3,8087.3,13.11,15.44
CSV,1295011,129500,44,39,4,22348,719,3.217290e-02,1.254453e-03,4383.4,208119.0,8340.8,13.97,16.77
CSV,1300011,130000,44,39,4,22448,720,3.207413e-02,1.254453e-03,4255.8,168233.5,8502.0,12.96,15.97
BER: END_SEQ #44 [LOCK] seq_err=2 BER_seq=3.9139e-03 | lock=40 slip=4 BER_cond=1.3209e-03 BER_cum=3.2023e-02
CSV,1305011,130500,44,40,4,22484,720,3.202277e-02,1.320939e-03,5356.9,192747.5,9285.7,13.17,15.56
BER: SYNC #45 (gated)
CSV,1310011,131000,45,40,4,22571,720,3.189934e-02,1.320939e-03,4895.1,185578.1,8187.8,13.55,15.79
CSV,1315011,131500,45,40,4,22671,720,3.175864e-02,1.320939e-03,4453.3,149504.7,7894.4,12.77,15.26
CSV,1320011,132000,45,40,4,22771,720,3.161917e-02,1.320939e-03,4184.8,211694.0,6916.5,14.86,17.04
CSV,1325011,132500,45,40,4,22871,720,3.148092e-02,1.320939e-03,4520.4,203026.4,8036.1,14.03,16.52
CSV,1330011,133000,45,40,4,22971,720,3.134387e-02,1.320939e-03,4722.0,188858.0,7208.3,14.18,16.02
BER: END_SEQ #45 [LOCK] seq_err=0 BER_seq=0.0000e+00 | lock=41 slip=4 BER_cond=1.2887e-03 BER_cum=3.1311e-02
CSV,1335011,133500,45,41,4,22995,720,3.131115e-02,1.288721e-03,4920.0,215678.5,8008.5,14.30,16.42
BER: SYNC #46 (gated)
CSV,1340011,134000,46,41,4,23094,720,3.117693e-02,1.288721e-03,4522.0,185169.1,7670.1,13.83,16.12
CSV,1345011,134500,46,41,4,23194,720,3.104251e-02,1.288721e-03,4175.5,136447.1,8118.7,12.25,15.14
CSV,1350011,135000,46,41,4,23294,720,3.090925e-02,1.288721e-03,4632.8,181427.7,8514.6,13.29,15.93
CSV,1355011,135500,46,41,4,23393,733,3.133416e-02,1.288721e-03,5219.4,189922.3,8299.2,13.60,15.61
CSV,1360011,136000,46,41,4,23493,781,3.324395e-02,1.288721e-03,4604.9,178644.3,7768.6,13.62,15.89
BER: END_SEQ #46 [SLIP] seq_err=63 BER_seq=1.2329e-01 | lock=41 slip=5 BER_cond=1.2887e-03 BER_cum=3.3311e-02
BER: SYNC #47 (gated)
CSV,1365011,136500,47,41,5,23517,783,3.329506e-02,1.288721e-03,5278.5,181110.3,8800.1,13.13,15.35
CSV,1370011,137000,47,41,5,23617,783,3.315409e-02,1.288721e-03,4563.1,170973.8,8260.3,13.16,15.74
CSV,1375011,137500,47,41,5,23717,783,3.301429e-02,1.288721e-03,4666.1,156713.5,7863.8,12.99,15.26
CSV,1380011,138000,47,41,5,23816,834,3.501847e-02,1.288721e-03,4700.0,172689.1,8536.1,13.06,15.65
CSV,1385011,138500,47,41,5,23916,888,3.712995e-02,1.288721e-03,4718.0,195545.9,8278.1,13.73,16.17
CSV,1390011,139000,47,41,5,24015,932,3.880908e-02,1.288721e-03,4448.5,181257.2,7844.9,13.64,16.10
BER: END_SEQ #47 [SLIP] seq_err=150 BER_seq=2.9354e-01 | lock=41 slip=6 BER_cond=1.2887e-03 BER_cum=3.8847e-02
BER: SYNC #48 (gated)
CSV,1395011,139500,48,41,6,24039,933,3.881193e-02,1.288721e-03,5329.8,191009.0,8772.6,13.38,15.54
CSV,1400011,140000,48,41,6,24139,933,3.865115e-02,1.288721e-03,4440.4,158700.8,8276.0,12.83,15.53
CSV,1405011,140500,48,41,6,24239,933,3.849169e-02,1.288721e-03,4413.8,153549.5,8975.3,12.33,15.41
CSV,1410011,141000,48,41,6,24339,933,3.833354e-02,1.288721e-03,4696.2,176767.3,8825.8,13.02,15.76
CSV,1415011,141500,48,41,6,24439,933,3.817669e-02,1.288721e-03,4449.9,184228.2,7784.8,13.74,16.17
BER: END_SEQ #48 [LOCK] seq_err=0 BER_seq=0.0000e+00 | lock=42 slip=6 BER_cond=1.2580e-03 BER_cum=3.8038e-02
CSV,1420011,142000,48,42,6,24528,933,3.803816e-02,1.258038e-03,5376.0,185119.0,8140.1,13.57,15.37
BER: SYNC #49 (gated)
CSV,1425011,142500,49,42,6,24562,933,3.798551e-02,1.258038e-03,4817.8,171618.4,7792.9,13.43,15.52
CSV,1430011,143000,49,42,6,24662,933,3.783148e-02,1.258038e-03,4606.8,142889.0,8484.2,12.26,14.92
CSV,1435011,143500,49,42,6,24762,935,3.775947e-02,1.258038e-03,4894.7,186801.6,8803.3,13.27,15.82
CSV,1440011,144000,49,42,6,24862,935,3.760760e-02,1.258038e-03,4383.4,178394.2,7478.4,13.78,16.10
CSV,1445011,144500,49,42,6,24961,988,3.958175e-02,1.258038e-03,4284.7,182220.9,8392.8,13.37,16.29
BER: END_SEQ #49 [SLIP] seq_err=90 BER_seq=1.7613e-01 | lock=42 slip=7 BER_cond=1.2580e-03 BER_cum=4.0856e-02
CSV,1450011,145000,49,42,7,25039,1023,4.085626e-02,1.258038e-03,4784.4,191172.4,8278.5,13.63,16.02
BER: SYNC #50 (gated)
CSV,1455011,145500,50,42,7,25085,1023,4.078135e-02,1.258038e-03,4670.3,189029.5,8283.9,13.58,16.07
CSV,1460011,146000,50,42,7,25185,1023,4.061942e-02,1.258038e-03,4449.1,146383.2,8654.7,12.28,15.17
CSV,1465011,146500,50,42,7,25285,1023,4.045877e-02,1.258038e-03,4146.2,176331.7,8033.6,13.41,16.29
CSV,1470011,147000,50,42,7,25385,1023,4.029939e-02,1.258038e-03,4759.0,160908.6,7744.1,13.18,15.29
CSV,1475011,147500,50,42,7,25485,1023,4.014126e-02,1.258038e-03,4422.6,159102.7,8524.9,12.71,15.56
BER: END_SEQ #50 [LOCK] seq_err=0 BER_seq=0.0000e+00 | lock=43 slip=7 BER_cond=1.2288e-03 BER_cum=4.0039e-02
CSV,1480011,148000,50,43,7,25550,1023,4.003914e-02,1.228781e-03,4801.2,154580.9,8050.0,12.83,15.08
BER: SYNC #51 (gated)
CSV,1485011,148500,51,43,7,25607,1023,3.995001e-02,1.228781e-03,4442.9,159150.8,8544.1,12.70,15.54
CSV,1490011,149000,51,43,7,25707,1023,3.979461e-02,1.228781e-03,4612.4,118788.0,8232.0,11.59,14.11
CSV,1495011,149500,51,43,7,25807,1023,3.964041e-02,1.228781e-03,4443.9,152561.6,7992.7,12.81,15.36
CSV,1500011,150000,51,43,7,25907,1023,3.948740e-02,1.228781e-03,4154.7,161979.7,8462.2,12.82,15.91
CSV,1505011,150500,51,43,7,26006,1077,4.141352e-02,1.228781e-03,4743.7,135758.0,7585.8,12.53,14.57
BER: END_SEQ #51 [SLIP] seq_err=76 BER_seq=1.4873e-01 | lock=43 slip=8 BER_cond=1.2288e-03 BER_cum=4.2170e-02
CSV,1510011,151000,51,43,8,26061,1099,4.217029e-02,1.228781e-03,4824.6,159137.8,9285.2,12.34,15.18

=========================================
=== END OF TEST (duration=25 min) ===
=========================================
FINAL: syncs=51 lock=43 slip=8 slip_rate=0.1569
FINAL: bits_cum=26061 err_cum=1099 BER_cum=4.2170e-02
FINAL: bits_lock=21973 err_lock=27 BER_cond=1.2288e-03
=========================================
=== STOP LOGGING NOW ===
=========================================
