

=== RX BOOT - BER TEST MODE ===
BPS_MODE=20 (HALF_SAMPLES=2000, 10000 samples/bit @ 200000 Hz)
Expect: 64-bit preamble + Barker13 (1F35h, gated by 8 preamble bits = 0x55) + 511-bit PRBS-9
Noise floor band: 5000 Hz; lock threshold: BER<0.10
Auto-stop: test will halt 25 min after the first sync.
RX: edge-tracking sync, center-3 voting
Starting decoder...

CSV,5010,500,0,0,0,0,0,0.000000e+00,0.000000e+00,557780288.0,618826368.0,17239.6,45.55,0.45
BER: SYNC #1 (gated)
CSV,10010,1000,1,0,0,84,0,0.000000e+00,0.000000e+00,541493248.0,634361984.0,15633.3,46.08,0.69
CSV,15010,1500,1,0,0,184,0,0.000000e+00,0.000000e+00,665860992.0,526902016.0,14118.9,46.74,1.02
CSV,20010,2000,1,0,0,284,0,0.000000e+00,0.000000e+00,606109504.0,598484672.0,15446.5,45.94,0.05
CSV,25010,2500,1,0,0,384,0,0.000000e+00,0.000000e+00,513090464.0,657539584.0,14658.1,46.52,1.08
CSV,30010,3000,1,0,0,484,0,0.000000e+00,0.000000e+00,557499008.0,614533824.0,14820.6,46.18,0.42
BER: END_SEQ #1 [LOCK] seq_err=0 BER_seq=0.0000e+00 | lock=1 slip=0 BER_cond=0.0000e+00 BER_cum=0.0000e+00
CSV,35010,3500,1,1,0,511,0,0.000000e+00,0.000000e+00,512920672.0,693255488.0,18395.8,45.76,1.31
BER: SYNC #2 (gated)
CSV,40010,4000,2,1,0,607,0,0.000000e+00,0.000000e+00,572671808.0,608184896.0,13417.1,46.56,0.26
CSV,45010,4500,2,1,0,707,0,0.000000e+00,0.000000e+00,681080384.0,467500704.0,15381.9,46.46,1.63
CSV,50010,5000,2,1,0,807,0,0.000000e+00,0.000000e+00,545001536.0,624139584.0,14158.3,46.44,0.59
CSV,55010,5500,2,1,0,907,0,0.000000e+00,0.000000e+00,551853760.0,633824000.0,15917.3,46.00,0.60
CSV,60010,6000,2,1,0,1007,0,0.000000e+00,0.000000e+00,525553344.0,629414016.0,17056.7,45.67,0.78
BER: END_SEQ #2 [LOCK] seq_err=0 BER_seq=0.0000e+00 | lock=2 slip=0 BER_cond=0.0000e+00 BER_cum=0.0000e+00
BER: SYNC #3 (gated)
CSV,65010,6500,3,2,0,1029,0,0.000000e+00,0.000000e+00,485803552.0,636811712.0,15228.7,46.21,1.18
CSV,70010,7000,3,2,0,1129,0,0.000000e+00,0.000000e+00,558178496.0,619599616.0,14504.9,46.31,0.45
CSV,75010,7500,3,2,0,1229,0,0.000000e+00,0.000000e+00,659872576.0,495379680.0,12738.7,47.14,1.25
CSV,80010,8000,3,2,0,1329,0,0.000000e+00,0.000000e+00,539538816.0,593656128.0,14067.6,46.25,0.42
CSV,85010,8500,3,2,0,1429,0,0.000000e+00,0.000000e+00,516650016.0,625112576.0,16219.5,45.86,0.83
CSV,90010,9000,3,2,0,1529,0,0.000000e+00,0.000000e+00,541651136.0,634519168.0,15124.0,46.23,0.69
BER: END_SEQ #3 [LOCK] seq_err=0 BER_seq=0.0000e+00 | lock=3 slip=0 BER_cond=0.0000e+00 BER_cum=0.0000e+00
BER: SYNC #4 (gated)
CSV,95010,9500,4,3,0,1552,0,0.000000e+00,0.000000e+00,491176832.0,627798656.0,16498.7,45.80,1.07
CSV,100010,10000,4,3,0,1652,0,0.000000e+00,0.000000e+00,569869312.0,553952896.0,15296.2,45.71,0.12
CSV,105010,10500,4,3,0,1752,0,0.000000e+00,0.000000e+00,628896192.0,521072800.0,15366.2,46.12,0.82
CSV,110010,11000,4,3,0,1852,0,0.000000e+00,0.000000e+00,545534208.0,610998528.0,13548.1,46.54,0.49
CSV,115010,11500,4,3,0,1952,0,0.000000e+00,0.000000e+00,522303008.0,602325632.0,14137.5,46.29,0.62
BER: END_SEQ #4 [LOCK] seq_err=0 BER_seq=0.0000e+00 | lock=4 slip=0 BER_cond=0.0000e+00 BER_cum=0.0000e+00
CSV,120010,12000,4,4,0,2044,0,0.000000e+00,0.000000e+00,493193856.0,638635264.0,14604.1,46.41,1.12
BER: SYNC #5 (gated)
CSV,125010,12500,5,4,0,2075,0,0.000000e+00,0.000000e+00,523640576.0,627441088.0,14204.7,46.45,0.79
CSV,130010,13000,5,4,0,2175,0,0.000000e+00,0.000000e+00,618696896.0,510650240.0,13254.6,46.69,0.83
CSV,135010,13500,5,4,0,2275,0,0.000000e+00,0.000000e+00,539549504.0,570896256.0,15457.1,45.67,0.25
CSV,140010,14000,5,4,0,2375,0,0.000000e+00,0.000000e+00,539602880.0,595164736.0,14955.3,46.00,0.43
CSV,145010,14500,5,4,0,2475,0,0.000000e+00,0.000000e+00,558763648.0,588965952.0,14315.3,46.14,0.23
BER: END_SEQ #5 [LOCK] seq_err=0 BER_seq=0.0000e+00 | lock=5 slip=0 BER_cond=0.0000e+00 BER_cum=0.0000e+00
CSV,150010,15000,5,5,0,2555,0,0.000000e+00,0.000000e+00,483214592.0,630872448.0,14961.5,46.25,1.16
BER: SYNC #6 (gated)
CSV,155010,15500,6,5,0,2597,0,0.000000e+00,0.000000e+00,528680480.0,563564096.0,13832.6,46.10,0.28
CSV,160010,16000,6,5,0,2697,0,0.000000e+00,0.000000e+00,623341504.0,516481728.0,14955.6,46.20,0.82
CSV,165010,16500,6,5,0,2797,0,0.000000e+00,0.000000e+00,514652704.0,610425280.0,13658.4,46.50,0.74
CSV,170010,17000,6,5,0,2897,0,0.000000e+00,0.000000e+00,538072640.0,569961920.0,15891.0,45.55,0.25
CSV,175010,17500,6,5,0,2997,0,0.000000e+00,0.000000e+00,501883840.0,614284224.0,14443.7,46.29,0.88
BER: END_SEQ #6 [LOCK] seq_err=0 BER_seq=0.0000e+00 | lock=6 slip=0 BER_cond=0.0000e+00 BER_cum=0.0000e+00
CSV,180010,18000,6,6,0,3066,0,0.000000e+00,0.000000e+00,522236768.0,613832320.0,16149.4,45.80,0.70
BER: SYNC #7 (gated)
CSV,185010,18500,7,6,0,3120,0,0.000000e+00,0.000000e+00,522006496.0,575084032.0,16482.9,45.43,0.42
CSV,190010,19000,7,6,0,3220,0,0.000000e+00,0.000000e+00,613250688.0,484087488.0,15237.0,46.05,1.03
CSV,195010,19500,7,6,0,3320,0,0.000000e+00,0.000000e+00,528075040.0,594571392.0,13290.8,46.51,0.52
CSV,200010,20000,7,6,0,3420,0,0.000000e+00,0.000000e+00,507546208.0,617513024.0,15416.7,46.03,0.85
CSV,205010,20500,7,6,0,3520,0,0.000000e+00,0.000000e+00,532629920.0,558365888.0,16975.8,45.17,0.20
BER: END_SEQ #7 [LOCK] seq_err=0 BER_seq=0.0000e+00 | lock=7 slip=0 BER_cond=0.0000e+00 BER_cum=0.0000e+00
CSV,210010,21000,7,7,0,3577,0,0.000000e+00,0.000000e+00,482651680.0,611036992.0,15995.4,45.82,1.02
BER: SYNC #8 (gated)
CSV,215010,21500,8,7,0,3643,0,0.000000e+00,0.000000e+00,505790016.0,623453760.0,14004.8,46.49,0.91
CSV,220010,22000,8,7,0,3743,0,0.000000e+00,0.000000e+00,645784448.0,449495488.0,13784.2,46.71,1.57
CSV,225010,22500,8,7,0,3843,0,0.000000e+00,0.000000e+00,526506528.0,559021952.0,16726.0,45.24,0.26
CSV,230010,23000,8,7,0,3943,0,0.000000e+00,0.000000e+00,493416032.0,613847680.0,15804.1,45.89,0.95
CSV,235010,23500,8,7,0,4043,0,0.000000e+00,0.000000e+00,543673856.0,575117760.0,15272.4,45.76,0.24
BER: END_SEQ #8 [LOCK] seq_err=0 BER_seq=0.0000e+00 | lock=8 slip=0 BER_cond=0.0000e+00 BER_cum=0.0000e+00
CSV,240010,24000,8,8,0,4088,0,0.000000e+00,0.000000e+00,460130784.0,606363712.0,13905.4,46.40,1.20
BER: SYNC #9 (gated)
CSV,245010,24500,9,8,0,4165,0,0.000000e+00,0.000000e+00,484351968.0,603363456.0,15532.0,45.89,0.95
CSV,250010,25000,9,8,0,4265,0,0.000000e+00,0.000000e+00,639641024.0,472472384.0,15064.3,46.28,1.32
CSV,255010,25500,9,8,0,4365,0,0.000000e+00,0.000000e+00,553302016.0,541300672.0,14568.8,45.80,0.10
CSV,260010,26000,9,8,0,4465,0,0.000000e+00,0.000000e+00,445225504.0,633598720.0,14659.0,46.36,1.53
CSV,265010,26500,9,8,0,4565,0,0.000000e+00,0.000000e+00,539763904.0,548956992.0,14527.5,45.77,0.07
BER: END_SEQ #9 [LOCK] seq_err=0 BER_seq=0.0000e+00 | lock=9 slip=0 BER_cond=0.0000e+00 BER_cum=0.0000e+00
CSV,270010,27000,9,9,0,4599,0,0.000000e+00,0.000000e+00,474737568.0,631940224.0,14438.8,46.41,1.24
BER: SYNC #10 (gated)
CSV,275010,27500,10,9,0,4688,0,0.000000e+00,0.000000e+00,508293856.0,573192832.0,15160.4,45.78,0.52
CSV,280010,28000,10,9,0,4788,0,0.000000e+00,0.000000e+00,614435136.0,453014368.0,14419.8,46.30,1.32
CSV,285010,28500,10,9,0,4888,0,0.000000e+00,0.000000e+00,523876288.0,576333248.0,15095.2,45.82,0.41
CSV,290010,29000,10,9,0,4988,0,0.000000e+00,0.000000e+00,507829088.0,586315904.0,15589.8,45.75,0.62
CSV,295010,29500,10,9,0,5088,0,0.000000e+00,0.000000e+00,510512352.0,556360448.0,15480.4,45.56,0.37
BER: END_SEQ #10 [LOCK] seq_err=0 BER_seq=0.0000e+00 | lock=10 slip=0 BER_cond=0.0000e+00 BER_cum=0.0000e+00
BER: SYNC #11 (gated)
CSV,300010,30000,11,10,0,5111,0,0.000000e+00,0.000000e+00,435718560.0,622576128.0,16423.4,45.79,1.55
CSV,305010,30500,11,10,0,5211,0,0.000000e+00,0.000000e+00,524837696.0,578931648.0,14969.8,45.87,0.43
CSV,310010,31000,11,10,0,5311,0,0.000000e+00,0.000000e+00,627255104.0,437142336.0,15091.2,46.19,1.57
CSV,315010,31500,11,10,0,5411,0,0.000000e+00,0.000000e+00,504469760.0,557324800.0,15019.6,45.69,0.43
CSV,320010,32000,11,10,0,5511,0,0.000000e+00,0.000000e+00,482823744.0,600835200.0,14184.1,46.27,0.95
CSV,325010,32500,11,10,0,5611,0,0.000000e+00,0.000000e+00,518555296.0,574891712.0,13734.7,46.22,0.45
BER: END_SEQ #11 [LOCK] seq_err=0 BER_seq=0.0000e+00 | lock=11 slip=0 BER_cond=0.0000e+00 BER_cum=0.0000e+00
BER: SYNC #12 (gated)
CSV,330010,33000,12,11,0,5633,0,0.000000e+00,0.000000e+00,427266816.0,611963136.0,15460.7,45.97,1.56
CSV,335010,33500,12,11,0,5733,0,0.000000e+00,0.000000e+00,515403424.0,545263872.0,15514.4,45.46,0.24
CSV,340010,34000,12,11,0,5833,0,0.000000e+00,0.000000e+00,606182336.0,482731296.0,16227.5,45.72,0.99
CSV,345010,34500,12,11,0,5933,0,0.000000e+00,0.000000e+00,528705184.0,536936192.0,15185.4,45.48,0.07
CSV,350010,35000,12,11,0,6033,0,0.000000e+00,0.000000e+00,462547936.0,589668672.0,13705.7,46.34,1.05
BER: END_SEQ #12 [LOCK] seq_err=0 BER_seq=0.0000e+00 | lock=12 slip=0 BER_cond=0.0000e+00 BER_cum=0.0000e+00
CSV,355010,35500,12,12,0,6132,0,0.000000e+00,0.000000e+00,480904832.0,590810560.0,13470.2,46.42,0.89
BER: SYNC #13 (gated)
CSV,360010,36000,13,12,0,6156,0,0.000000e+00,0.000000e+00,489196672.0,594736896.0,14732.1,46.06,0.85
CSV,365010,36500,13,12,0,6256,0,0.000000e+00,0.000000e+00,552793088.0,496525472.0,16216.3,45.33,0.47
CSV,370010,37000,13,12,0,6356,0,0.000000e+00,0.000000e+00,556603008.0,489849248.0,17065.3,45.13,0.55
CSV,375010,37500,13,12,0,6456,0,0.000000e+00,0.000000e+00,513560864.0,566127168.0,14287.9,45.98,0.42
CSV,380010,38000,13,12,0,6556,0,0.000000e+00,0.000000e+00,485303168.0,582970944.0,14550.7,46.03,0.80
BER: END_SEQ #13 [LOCK] seq_err=0 BER_seq=0.0000e+00 | lock=13 slip=0 BER_cond=0.0000e+00 BER_cum=0.0000e+00
CSV,385010,38500,13,13,0,6643,0,0.000000e+00,0.000000e+00,461596384.0,581100736.0,14245.4,46.11,1.00
BER: SYNC #14 (gated)
CSV,390010,39000,14,13,0,6679,0,0.000000e+00,0.000000e+00,482301440.0,550811584.0,16233.9,45.31,0.58
CSV,395010,39500,14,13,0,6779,0,0.000000e+00,0.000000e+00,586517568.0,489117376.0,13911.0,46.25,0.79
CSV,400010,40000,14,13,0,6879,0,0.000000e+00,0.000000e+00,495831968.0,548119808.0,15524.0,45.48,0.44
CSV,405010,40500,14,13,0,6979,0,0.000000e+00,0.000000e+00,492884992.0,545744064.0,14357.2,45.80,0.44
CSV,410010,41000,14,13,0,7079,0,0.000000e+00,0.000000e+00,492865152.0,565785280.0,14525.0,45.91,0.60
BER: END_SEQ #14 [LOCK] seq_err=0 BER_seq=0.0000e+00 | lock=14 slip=0 BER_cond=0.0000e+00 BER_cum=0.0000e+00
CSV,415010,41500,14,14,0,7154,0,0.000000e+00,0.000000e+00,481010464.0,578893376.0,15858.1,45.62,0.80
BER: SYNC #15 (gated)
CSV,420010,42000,15,14,0,7201,0,0.000000e+00,0.000000e+00,473842592.0,546783040.0,17224.8,45.02,0.62
CSV,425010,42500,15,14,0,7301,0,0.000000e+00,0.000000e+00,588751040.0,446425376.0,13646.6,46.35,1.20
CSV,430010,43000,15,14,0,7401,0,0.000000e+00,0.000000e+00,484132448.0,583829376.0,15325.5,45.81,0.81
CSV,435010,43500,15,14,0,7501,0,0.000000e+00,0.000000e+00,498298400.0,544495808.0,12907.0,46.25,0.39
CSV,440010,44000,15,14,0,7601,0,0.000000e+00,0.000000e+00,471978112.0,552777984.0,11814.8,46.70,0.69
BER: END_SEQ #15 [LOCK] seq_err=0 BER_seq=0.0000e+00 | lock=15 slip=0 BER_cond=0.0000e+00 BER_cum=0.0000e+00
CSV,445010,44500,15,15,0,7665,0,0.000000e+00,0.000000e+00,474018592.0,569750784.0,16175.4,45.47,0.80
BER: SYNC #16 (gated)
CSV,450010,45000,16,15,0,7724,0,0.000000e+00,0.000000e+00,492188608.0,568057024.0,17895.5,45.02,0.62
CSV,455010,45500,16,15,0,7824,0,0.000000e+00,0.000000e+00,575629568.0,445544512.0,14168.7,46.09,1.11
CSV,460010,46000,16,15,0,7924,0,0.000000e+00,0.000000e+00,496636160.0,527096640.0,14007.8,45.76,0.26
CSV,465010,46500,16,15,0,8024,0,0.000000e+00,0.000000e+00,473498400.0,583852736.0,14062.0,46.18,0.91
CSV,470010,47000,16,15,0,8124,0,0.000000e+00,0.000000e+00,502246464.0,534370528.0,13478.1,45.98,0.27
BER: END_SEQ #16 [LOCK] seq_err=0 BER_seq=0.0000e+00 | lock=16 slip=0 BER_cond=0.0000e+00 BER_cum=0.0000e+00
CSV,475010,47500,16,16,0,8176,0,0.000000e+00,0.000000e+00,432699680.0,570882304.0,15790.6,45.58,1.20
BER: SYNC #17 (gated)
CSV,480010,48000,17,16,0,8247,0,0.000000e+00,0.000000e+00,454128256.0,575580224.0,16981.0,45.30,1.03
CSV,485010,48500,17,16,0,8347,0,0.000000e+00,0.000000e+00,605938048.0,441506208.0,14633.1,46.17,1.37
CSV,490010,49000,17,16,0,8447,0,0.000000e+00,0.000000e+00,515054368.0,504657696.0,15914.4,45.10,0.09
CSV,495010,49500,17,16,0,8547,0,0.000000e+00,0.000000e+00,429684448.0,589395584.0,12541.0,46.72,1.37
CSV,500010,50000,17,16,0,8647,0,0.000000e+00,0.000000e+00,524498752.0,512138080.0,15879.9,45.19,0.10
BER: END_SEQ #17 [LOCK] seq_err=0 BER_seq=0.0000e+00 | lock=17 slip=0 BER_cond=0.0000e+00 BER_cum=0.0000e+00
CSV,505010,50500,17,17,0,8687,0,0.000000e+00,0.000000e+00,432769344.0,590438208.0,19596.7,44.79,1.35
BER: SYNC #18 (gated)
CSV,510010,51000,18,17,0,8769,0,0.000000e+00,0.000000e+00,459278688.0,553772288.0,15062.0,45.65,0.81
CSV,515010,51500,18,17,0,8869,0,0.000000e+00,0.000000e+00,575000256.0,439328352.0,18730.0,44.87,1.17
CSV,520010,52000,18,17,0,8969,0,0.000000e+00,0.000000e+00,528246496.0,514004192.0,14401.1,45.64,0.12
CSV,525010,52500,18,17,0,9069,0,0.000000e+00,0.000000e+00,428038080.0,591052992.0,13584.4,46.39,1.40
CSV,530010,53000,18,17,0,9169,0,0.000000e+00,0.000000e+00,490120928.0,515133312.0,14073.7,45.64,0.22
BER: END_SEQ #18 [LOCK] seq_err=0 BER_seq=0.0000e+00 | lock=18 slip=0 BER_cond=0.0000e+00 BER_cum=0.0000e+00
CSV,535010,53500,18,18,0,9198,0,0.000000e+00,0.000000e+00,430204000.0,588131008.0,14832.1,45.98,1.36
BER: SYNC #19 (gated)
CSV,540010,54000,19,18,0,9292,0,0.000000e+00,0.000000e+00,497428416.0,537551936.0,13961.9,45.85,0.34
CSV,545010,54500,19,18,0,9392,0,0.000000e+00,0.000000e+00,583395520.0,415827456.0,12941.1,46.54,1.47
CSV,550010,55000,19,18,0,9492,0,0.000000e+00,0.000000e+00,470336512.0,534345856.0,12603.6,46.27,0.55
CSV,555010,55500,19,18,0,9592,0,0.000000e+00,0.000000e+00,476508544.0,558209984.0,13152.7,46.28,0.69
CSV,560010,56000,19,18,0,9692,0,0.000000e+00,0.000000e+00,471461056.0,545352576.0,14841.6,45.65,0.63
BER: END_SEQ #19 [LOCK] seq_err=0 BER_seq=0.0000e+00 | lock=19 slip=0 BER_cond=0.0000e+00 BER_cum=0.0000e+00
BER: SYNC #20 (gated)
CSV,565010,56500,20,19,0,9715,0,0.000000e+00,0.000000e+00,420742208.0,554381184.0,16297.3,45.32,1.20
CSV,570010,57000,20,19,0,9815,0,0.000000e+00,0.000000e+00,461998208.0,551061440.0,14173.0,45.90,0.77
CSV,575010,57500,20,19,0,9915,0,0.000000e+00,0.000000e+00,597725568.0,425268768.0,13783.5,46.37,1.48
CSV,580010,58000,20,19,0,10015,0,0.000000e+00,0.000000e+00,473567968.0,524471872.0,13845.9,45.78,0.44
CSV,585010,58500,20,19,0,10115,0,0.000000e+00,0.000000e+00,440813728.0,551264768.0,14335.9,45.85,0.97
CSV,590010,59000,20,19,0,10215,0,0.000000e+00,0.000000e+00,475421760.0,546761024.0,15685.8,45.42,0.61
BER: END_SEQ #20 [LOCK] seq_err=0 BER_seq=0.0000e+00 | lock=20 slip=0 BER_cond=0.0000e+00 BER_cum=0.0000e+00
BER: SYNC #21 (gated)
CSV,595010,59500,21,20,0,10238,0,0.000000e+00,0.000000e+00,435078432.0,569915584.0,13944.8,46.11,1.17
CSV,600010,60000,21,20,0,10337,0,0.000000e+00,0.000000e+00,487042944.0,496812288.0,14182.3,45.44,0.09
CSV,605010,60500,21,20,0,10437,0,0.000000e+00,0.000000e+00,553469632.0,439712352.0,14813.3,45.72,1.00
CSV,610010,61000,21,20,0,10537,0,0.000000e+00,0.000000e+00,486641472.0,534514144.0,16360.4,45.14,0.41
CSV,615010,61500,21,20,0,10637,0,0.000000e+00,0.000000e+00,460426208.0,534228384.0,14713.1,45.60,0.65
BER: END_SEQ #21 [LOCK] seq_err=0 BER_seq=0.0000e+00 | lock=21 slip=0 BER_cond=0.0000e+00 BER_cum=0.0000e+00
CSV,620010,62000,21,21,0,10731,0,0.000000e+00,0.000000e+00,424167968.0,563446336.0,16178.0,45.42,1.23
BER: SYNC #22 (gated)
CSV,625010,62500,22,21,0,10760,0,0.000000e+00,0.000000e+00,441813728.0,546934464.0,14109.8,45.88,0.93
CSV,630010,63000,22,21,0,10860,0,0.000000e+00,0.000000e+00,550908864.0,457053472.0,13896.5,45.98,0.81
CSV,635010,63500,22,21,0,10960,0,0.000000e+00,0.000000e+00,484780224.0,492652256.0,15159.0,45.12,0.07
CSV,640010,64000,22,21,0,11060,0,0.000000e+00,0.000000e+00,468012512.0,517537696.0,16709.4,44.91,0.44
CSV,645010,64500,22,21,0,11160,0,0.000000e+00,0.000000e+00,481677440.0,532616992.0,16332.0,45.13,0.44
BER: END_SEQ #22 [LOCK] seq_err=0 BER_seq=0.0000e+00 | lock=22 slip=0 BER_cond=0.0000e+00 BER_cum=0.0000e+00
CSV,650010,65000,22,22,0,11242,0,0.000000e+00,0.000000e+00,432764416.0,557677440.0,13860.3,46.05,1.10
BER: SYNC #23 (gated)
CSV,655010,65500,23,22,0,11283,0,0.000000e+00,0.000000e+00,453479968.0,504639328.0,14787.5,45.33,0.46
CSV,660010,66000,23,22,0,11383,0,0.000000e+00,0.000000e+00,540728128.0,448642880.0,14379.9,45.75,0.81
CSV,665010,66500,23,22,0,11483,0,0.000000e+00,0.000000e+00,468127488.0,539026112.0,15929.8,45.29,0.61
CSV,670010,67000,23,22,0,11583,0,0.000000e+00,0.000000e+00,474967776.0,505820672.0,14119.0,45.54,0.27
CSV,675010,67500,23,22,0,11683,0,0.000000e+00,0.000000e+00,439536896.0,533368288.0,15507.5,45.36,0.84
BER: END_SEQ #23 [LOCK] seq_err=0 BER_seq=0.0000e+00 | lock=23 slip=0 BER_cond=0.0000e+00 BER_cum=0.0000e+00
CSV,680010,68000,23,23,0,11753,0,0.000000e+00,0.000000e+00,456508672.0,546064192.0,13291.2,46.14,0.78
BER: SYNC #24 (gated)
CSV,685010,68500,24,23,0,11806,0,0.000000e+00,0.000000e+00,467611712.0,519156000.0,15693.3,45.20,0.45
CSV,690010,69000,24,23,0,11905,0,0.000000e+00,0.000000e+00,541316160.0,426587008.0,15527.2,45.42,1.03
CSV,695010,69500,24,23,0,12005,0,0.000000e+00,0.000000e+00,450684352.0,523473472.0,13487.0,45.89,0.65
CSV,700010,70000,24,23,0,12105,0,0.000000e+00,0.000000e+00,458316000.0,546731904.0,13373.6,46.12,0.77
CSV,705010,70500,24,23,0,12205,0,0.000000e+00,0.000000e+00,469479040.0,500288800.0,13890.5,45.57,0.28
BER: END_SEQ #24 [LOCK] seq_err=0 BER_seq=0.0000e+00 | lock=24 slip=0 BER_cond=0.0000e+00 BER_cum=0.0000e+00
CSV,710010,71000,24,24,0,12264,0,0.000000e+00,0.000000e+00,422701504.0,531960256.0,14553.6,45.63,1.00
BER: SYNC #25 (gated)
CSV,715010,71500,25,24,0,12328,0,0.000000e+00,0.000000e+00,436252416.0,545351552.0,13316.8,46.12,0.97
CSV,720010,72000,25,24,0,12428,0,0.000000e+00,0.000000e+00,586590144.0,394691392.0,14900.1,45.95,1.72
CSV,725010,72500,25,24,0,12528,0,0.000000e+00,0.000000e+00,455404992.0,504772704.0,12587.7,46.03,0.45
CSV,730010,73000,25,24,0,12628,0,0.000000e+00,0.000000e+00,427295296.0,539484736.0,12955.0,46.20,1.01
CSV,735010,73500,25,24,0,12728,0,0.000000e+00,0.000000e+00,473550432.0,516828896.0,14554.4,45.50,0.38
BER: END_SEQ #25 [LOCK] seq_err=0 BER_seq=0.0000e+00 | lock=25 slip=0 BER_cond=0.0000e+00 BER_cum=0.0000e+00
CSV,740010,74000,25,25,0,12775,0,0.000000e+00,0.000000e+00,417509728.0,533900480.0,15522.2,45.37,1.07
BER: SYNC #26 (gated)
CSV,745010,74500,26,25,0,12851,0,0.000000e+00,0.000000e+00,425951200.0,529650400.0,14693.6,45.57,0.95
CSV,750010,75000,26,25,0,12951,0,0.000000e+00,0.000000e+00,555337600.0,409034464.0,13733.8,46.07,1.33
CSV,755010,75500,26,25,0,13051,0,0.000000e+00,0.000000e+00,496256800.0,485853952.0,14877.3,45.23,0.09
CSV,760010,76000,26,25,0,13151,0,0.000000e+00,0.000000e+00,393637248.0,563754176.0,13050.2,46.35,1.56
CSV,765010,76500,26,25,0,13251,0,0.000000e+00,0.000000e+00,470503008.0,480791168.0,12691.1,45.78,0.09
BER: END_SEQ #26 [LOCK] seq_err=0 BER_seq=0.0000e+00 | lock=26 slip=0 BER_cond=0.0000e+00 BER_cum=0.0000e+00
CSV,770010,77000,26,26,0,13286,0,0.000000e+00,0.000000e+00,424831072.0,553598016.0,16326.2,45.30,1.15
BER: SYNC #27 (gated)
CSV,775010,77500,27,26,0,13374,0,0.000000e+00,0.000000e+00,447983968.0,517227104.0,15811.9,45.15,0.62
CSV,780010,78000,27,26,0,13473,0,0.000000e+00,0.000000e+00,535063136.0,404958592.0,12784.7,46.22,1.21
CSV,785010,78500,27,26,0,13573,0,0.000000e+00,0.000000e+00,452986304.0,501997920.0,13597.4,45.67,0.45
CSV,790010,79000,27,26,0,13673,0,0.000000e+00,0.000000e+00,453357536.0,523897152.0,14126.8,45.69,0.63
CSV,795010,79500,27,26,0,13773,0,0.000000e+00,0.000000e+00,446195648.0,501233728.0,12272.5,46.11,0.51
BER: END_SEQ #27 [LOCK] seq_err=0 BER_seq=0.0000e+00 | lock=27 slip=0 BER_cond=0.0000e+00 BER_cum=0.0000e+00
CSV,800010,80000,27,27,0,13797,0,0.000000e+00,0.000000e+00,381224544.0,542765888.0,15597.5,45.42,1.53
BER: SYNC #28 (gated)
CSV,805010,80500,28,27,0,13896,0,0.000000e+00,0.000000e+00,464962240.0,502708096.0,15470.1,45.12,0.34
CSV,810010,81000,28,27,0,13996,0,0.000000e+00,0.000000e+00,555488768.0,398094592.0,15660.0,45.50,1.45
CSV,815010,81500,28,27,0,14096,0,0.000000e+00,0.000000e+00,448814144.0,487721504.0,14791.9,45.18,0.36
CSV,820010,82000,28,27,0,14196,0,0.000000e+00,0.000000e+00,413206176.0,527764256.0,13594.4,45.89,1.06
CSV,825010,82500,28,27,0,14296,0,0.000000e+00,0.000000e+00,453966688.0,516212992.0,15750.1,45.16,0.56
BER: END_SEQ #28 [LOCK] seq_err=0 BER_seq=0.0000e+00 | lock=28 slip=0 BER_cond=0.0000e+00 BER_cum=0.0000e+00
BER: SYNC #29 (gated)
CSV,830010,83000,29,28,0,14319,0,0.000000e+00,0.000000e+00,397160864.0,530605536.0,13706.5,45.88,1.26
CSV,835010,83500,29,28,0,14419,0,0.000000e+00,0.000000e+00,450294496.0,479307168.0,13368.8,45.55,0.27
CSV,840010,84000,29,28,0,14519,0,0.000000e+00,0.000000e+00,527356704.0,418261024.0,13591.1,45.89,1.01
CSV,845010,84500,29,28,0,14619,0,0.000000e+00,0.000000e+00,465227424.0,490680192.0,14538.7,45.28,0.23
CSV,850010,85000,29,28,0,14719,0,0.000000e+00,0.000000e+00,401535424.0,526956192.0,12720.9,46.17,1.18
BER: END_SEQ #29 [LOCK] seq_err=0 BER_seq=0.0000e+00 | lock=29 slip=0 BER_cond=0.0000e+00 BER_cum=0.0000e+00
CSV,855012,85500,29,29,0,14819,0,0.000000e+00,0.000000e+00,424135872.0,514520352.0,14736.8,45.43,0.84
BER: SYNC #30 (gated)
CSV,860020,86001,30,29,0,14842,0,0.000000e+00,0.000000e+00,421356640.0,526755488.0,13981.4,45.76,0.97
CSV,865020,86501,30,29,0,14942,0,0.000000e+00,0.000000e+00,491557472.0,444172896.0,13573.4,45.59,0.44
CSV,870020,87001,30,29,0,15042,0,0.000000e+00,0.000000e+00,500450688.0,417202048.0,13364.7,45.73,0.79
CSV,875020,87501,30,29,0,15142,0,0.000000e+00,0.000000e+00,444180576.0,492973472.0,12922.1,45.81,0.45
CSV,880020,88001,30,29,0,15242,0,0.000000e+00,0.000000e+00,433591264.0,520233920.0,14569.3,45.53,0.79
BER: END_SEQ #30 [LOCK] seq_err=0 BER_seq=0.0000e+00 | lock=30 slip=0 BER_cond=0.0000e+00 BER_cum=0.0000e+00
CSV,885020,88501,30,30,0,15330,0,0.000000e+00,0.000000e+00,399982912.0,526393504.0,13821.1,45.81,1.19
BER: SYNC #31 (gated)
CSV,890020,89001,31,30,0,15364,0,0.000000e+00,0.000000e+00,424933056.0,474593504.0,13325.1,45.52,0.48
CSV,895020,89501,31,30,0,15464,0,0.000000e+00,0.000000e+00,504581728.0,435154880.0,15106.4,45.24,0.64
CSV,900020,90001,31,30,0,15564,0,0.000000e+00,0.000000e+00,443111808.0,490863584.0,14068.3,45.43,0.44
CSV,905020,90501,31,30,0,15664,0,0.000000e+00,0.000000e+00,430378944.0,483480480.0,17612.4,44.39,0.51
CSV,910020,91001,31,30,0,15764,0,0.000000e+00,0.000000e+00,439359552.0,479484512.0,14107.9,45.31,0.38
BER: END_SEQ #31 [LOCK] seq_err=0 BER_seq=0.0000e+00 | lock=31 slip=0 BER_cond=0.0000e+00 BER_cum=0.0000e+00
CSV,915020,91501,31,31,0,15841,0,0.000000e+00,0.000000e+00,419472000.0,524033440.0,13545.0,45.88,0.97
BER: SYNC #32 (gated)
CSV,920020,92001,32,31,0,15887,0,0.000000e+00,0.000000e+00,427097024.0,484245664.0,13913.1,45.42,0.55
CSV,925020,92501,32,31,0,15987,0,0.000000e+00,0.000000e+00,515072896.0,392734656.0,13495.2,45.82,1.18
CSV,930020,93001,32,31,0,16087,0,0.000000e+00,0.000000e+00,417156800.0,511545568.0,14324.8,45.53,0.89
CSV,935020,93501,32,31,0,16187,0,0.000000e+00,0.000000e+00,446743520.0,487970784.0,14778.6,45.19,0.38
CSV,940020,94001,32,31,0,16287,0,0.000000e+00,0.000000e+00,408782176.0,498466816.0,15957.4,44.95,0.86
BER: END_SEQ #32 [LOCK] seq_err=0 BER_seq=0.0000e+00 | lock=32 slip=0 BER_cond=0.0000e+00 BER_cum=0.0000e+00
CSV,945020,94501,32,32,0,16352,0,0.000000e+00,0.000000e+00,417144448.0,489118624.0,15261.7,45.06,0.69
BER: SYNC #33 (gated)
CSV,950020,95001,33,32,0,16410,0,0.000000e+00,0.000000e+00,425061856.0,507095488.0,16217.9,44.95,0.77
CSV,955020,95501,33,32,0,16510,0,0.000000e+00,0.000000e+00,524084320.0,386258112.0,15007.1,45.43,1.33
CSV,960020,96001,33,32,0,16610,0,0.000000e+00,0.000000e+00,435596320.0,464599360.0,14848.6,44.95,0.28
CSV,965020,96501,33,32,0,16710,0,0.000000e+00,0.000000e+00,397603168.0,521420288.0,15863.6,45.17,1.18
CSV,970020,97001,33,32,0,16810,0,0.000000e+00,0.000000e+00,459661312.0,469627648.0,14664.4,45.05,0.09
BER: END_SEQ #33 [LOCK] seq_err=0 BER_seq=0.0000e+00 | lock=33 slip=0 BER_cond=0.0000e+00 BER_cum=0.0000e+00
CSV,975020,97501,33,33,0,16863,0,0.000000e+00,0.000000e+00,382596352.0,508098016.0,13498.4,45.76,1.23
BER: SYNC #34 (gated)
CSV,980020,98001,34,33,0,16932,0,0.000000e+00,0.000000e+00,397111872.0,502391168.0,13122.1,45.83,1.02
CSV,985020,98501,34,33,0,17032,0,0.000000e+00,0.000000e+00,531280416.0,387609600.0,14907.4,45.52,1.37
CSV,990020,99001,34,33,0,17132,0,0.000000e+00,0.000000e+00,451385280.0,460620224.0,14969.9,44.88,0.09
CSV,995020,99501,34,33,0,17232,0,0.000000e+00,0.000000e+00,386292800.0,510768512.0,14936.3,45.34,1.21
CSV,1000020,100001,34,33,0,17332,0,0.000000e+00,0.000000e+00,451079904.0,450146912.0,13455.7,45.25,0.01
BER: END_SEQ #34 [LOCK] seq_err=0 BER_seq=0.0000e+00 | lock=34 slip=0 BER_cond=0.0000e+00 BER_cum=0.0000e+00
CSV,1005020,100501,34,34,0,17374,0,0.000000e+00,0.000000e+00,389806752.0,532122592.0,14754.1,45.57,1.35
BER: SYNC #35 (gated)
CSV,1010020,101001,35,34,0,17455,0,0.000000e+00,0.000000e+00,407344192.0,492814944.0,14859.2,45.21,0.83
CSV,1015020,101501,35,34,0,17555,0,0.000000e+00,0.000000e+00,494478432.0,393952992.0,15158.8,45.13,0.99
CSV,1020020,102001,35,34,0,17655,0,0.000000e+00,0.000000e+00,472569184.0,435972448.0,14796.6,45.04,0.35
CSV,1025020,102501,35,34,0,17755,0,0.000000e+00,0.000000e+00,371788512.0,541538752.0,13367.5,46.08,1.63
CSV,1030020,103001,35,34,0,17855,0,0.000000e+00,0.000000e+00,438553312.0,449332256.0,13938.2,45.08,0.11
BER: END_SEQ #35 [LOCK] seq_err=0 BER_seq=0.0000e+00 | lock=35 slip=0 BER_cond=0.0000e+00 BER_cum=0.0000e+00
CSV,1035020,103501,35,35,0,17885,0,0.000000e+00,0.000000e+00,369102400.0,511228672.0,14687.1,45.42,1.41
BER: SYNC #36 (gated)
CSV,1040020,104001,36,35,0,17978,0,0.000000e+00,0.000000e+00,442308064.0,475261760.0,17265.5,44.40,0.31
CSV,1045020,104501,36,35,0,18078,0,0.000000e+00,0.000000e+00,515186304.0,373652928.0,16033.2,45.07,1.39
CSV,1050020,105001,36,35,0,18178,0,0.000000e+00,0.000000e+00,416168640.0,464441120.0,14277.7,45.12,0.48
CSV,1055020,105501,36,35,0,18278,0,0.000000e+00,0.000000e+00,408089696.0,489453856.0,14944.3,45.15,0.79
CSV,1060020,106001,36,35,0,18378,0,0.000000e+00,0.000000e+00,422384096.0,489256096.0,13886.9,45.47,0.64
BER: END_SEQ #36 [LOCK] seq_err=0 BER_seq=0.0000e+00 | lock=36 slip=0 BER_cond=0.0000e+00 BER_cum=0.0000e+00
BER: SYNC #37 (gated)
CSV,1065020,106501,37,36,0,18400,0,0.000000e+00,0.000000e+00,379996192.0,484171488.0,14651.6,45.19,1.05
CSV,1070020,107001,37,36,0,18500,0,0.000000e+00,0.000000e+00,391787040.0,492912000.0,17291.5,44.55,1.00
CSV,1075020,107501,37,36,0,18600,0,0.000000e+00,0.000000e+00,537592704.0,363496192.0,15122.0,45.51,1.70
CSV,1080020,108001,37,36,0,18700,0,0.000000e+00,0.000000e+00,414088224.0,479827360.0,13946.3,45.37,0.64
CSV,1085020,108501,37,36,0,18800,0,0.000000e+00,0.000000e+00,393717952.0,479880544.0,14868.5,45.09,0.86
CSV,1090020,109001,37,36,0,18900,0,0.000000e+00,0.000000e+00,412271424.0,476315872.0,13280.7,45.55,0.63
BER: END_SEQ #37 [LOCK] seq_err=0 BER_seq=0.0000e+00 | lock=37 slip=0 BER_cond=0.0000e+00 BER_cum=0.0000e+00
BER: SYNC #38 (gated)
CSV,1095020,109501,38,37,0,18923,0,0.000000e+00,0.000000e+00,379928032.0,526360224.0,14869.2,45.49,1.42
CSV,1100020,110001,38,37,0,19023,0,0.000000e+00,0.000000e+00,436652448.0,438571040.0,14899.2,44.69,0.02
CSV,1105020,110501,38,37,0,19123,0,0.000000e+00,0.000000e+00,479370144.0,389282976.0,15353.8,44.94,0.90
CSV,1110020,111001,38,37,0,19223,0,0.000000e+00,0.000000e+00,437493536.0,456051616.0,14836.9,44.88,0.18
CSV,1115020,111501,38,37,0,19323,0,0.000000e+00,0.000000e+00,407640640.0,482278048.0,13069.3,45.67,0.73
BER: END_SEQ #38 [LOCK] seq_err=0 BER_seq=0.0000e+00 | lock=38 slip=0 BER_cond=0.0000e+00 BER_cum=0.0000e+00
CSV,1120020,112001,38,38,0,19418,0,0.000000e+00,0.000000e+00,373390656.0,500381504.0,14759.6,45.30,1.27
BER: SYNC #39 (gated)
CSV,1125020,112501,39,38,0,19446,0,0.000000e+00,0.000000e+00,379799200.0,476361632.0,14902.4,45.05,0.98
CSV,1130020,113001,39,38,0,19546,0,0.000000e+00,0.000000e+00,486860352.0,408575456.0,14731.8,45.19,0.76
CSV,1135020,113501,39,38,0,19646,0,0.000000e+00,0.000000e+00,437425600.0,432657728.0,14672.4,44.74,0.05
CSV,1140020,114001,39,38,0,19746,0,0.000000e+00,0.000000e+00,401368512.0,464726368.0,12678.3,45.64,0.64
CSV,1145020,114501,39,38,0,19846,0,0.000000e+00,0.000000e+00,415499552.0,463432608.0,15992.5,44.62,0.47
BER: END_SEQ #39 [LOCK] seq_err=0 BER_seq=0.0000e+00 | lock=39 slip=0 BER_cond=0.0000e+00 BER_cum=0.0000e+00
CSV,1150020,115001,39,39,0,19929,0,0.000000e+00,0.000000e+00,393240928.0,496085312.0,14617.1,45.31,1.01
BER: SYNC #40 (gated)
CSV,1155020,115501,40,39,0,19968,0,0.000000e+00,0.000000e+00,401302944.0,447602112.0,14397.3,44.93,0.47
CSV,1160020,116001,40,39,0,20068,0,0.000000e+00,0.000000e+00,462638400.0,398237760.0,13090.7,45.48,0.65
CSV,1165020,116501,40,39,0,20168,0,0.000000e+00,0.000000e+00,418756064.0,470539712.0,13312.1,45.48,0.51
CSV,1170020,117001,40,39,0,20268,0,0.000000e+00,0.000000e+00,424031456.0,449290944.0,12718.6,45.48,0.25
CSV,1175020,117501,40,39,0,20368,0,0.000000e+00,0.000000e+00,385506464.0,469500960.0,14335.5,45.15,0.86
BER: END_SEQ #40 [LOCK] seq_err=0 BER_seq=0.0000e+00 | lock=40 slip=0 BER_cond=0.0000e+00 BER_cum=0.0000e+00
CSV,1180020,118001,40,40,0,20440,0,0.000000e+00,0.000000e+00,389843040.0,478412544.0,13583.8,45.47,0.89
BER: SYNC #41 (gated)
CSV,1185020,118501,41,40,0,20491,0,0.000000e+00,0.000000e+00,409277888.0,474832192.0,15048.5,44.99,0.65
CSV,1190020,119001,41,40,0,20591,0,0.000000e+00,0.000000e+00,486383552.0,371646592.0,14168.5,45.36,1.17
CSV,1195020,119501,41,40,0,20691,0,0.000000e+00,0.000000e+00,383832320.0,466662784.0,13079.6,45.52,0.85
CSV,1200020,120001,41,40,0,20791,0,0.000000e+00,0.000000e+00,413131104.0,465637312.0,15399.5,44.81,0.52
CSV,1205020,120501,41,40,0,20891,0,0.000000e+00,0.000000e+00,414485344.0,453503136.0,15930.6,44.54,0.39
BER: END_SEQ #41 [LOCK] seq_err=0 BER_seq=0.0000e+00 | lock=41 slip=0 BER_cond=0.0000e+00 BER_cum=0.0000e+00
CSV,1210020,121001,41,41,0,20951,0,0.000000e+00,0.000000e+00,370335520.0,472137216.0,21013.5,43.52,1.05
BER: SYNC #42 (gated)
CSV,1215020,121501,42,41,0,21014,0,0.000000e+00,0.000000e+00,384013600.0,469387904.0,15129.5,44.92,0.87
CSV,1220020,122001,42,41,0,21114,0,0.000000e+00,0.000000e+00,513148416.0,361556480.0,14350.9,45.53,1.52
CSV,1225020,122501,42,41,0,21214,0,0.000000e+00,0.000000e+00,411674240.0,443295296.0,13738.4,45.09,0.32
CSV,1230020,123001,42,41,0,21314,0,0.000000e+00,0.000000e+00,374445984.0,474828896.0,15533.1,44.85,1.03
CSV,1235020,123501,42,41,0,21414,0,0.000000e+00,0.000000e+00,408729536.0,455128704.0,17560.1,44.14,0.47
BER: END_SEQ #42 [LOCK] seq_err=0 BER_seq=0.0000e+00 | lock=42 slip=0 BER_cond=0.0000e+00 BER_cum=0.0000e+00
CSV,1240020,124001,42,42,0,21462,0,0.000000e+00,0.000000e+00,371960384.0,489122944.0,18013.8,44.34,1.19
BER: SYNC #43 (gated)
CSV,1245020,124501,43,42,0,21536,0,0.000000e+00,0.000000e+00,381937920.0,465421664.0,19800.8,43.71,0.86
CSV,1250020,125001,43,42,0,21636,0,0.000000e+00,0.000000e+00,485156960.0,355594016.0,16303.1,44.74,1.35
CSV,1255020,125501,43,42,0,21736,0,0.000000e+00,0.000000e+00,430414080.0,439448864.0,23870.7,42.65,0.09
CSV,1260020,126001,43,42,0,21836,0,0.000000e+00,0.000000e+00,351459456.0,505003552.0,27961.0,42.57,1.57
CSV,1265020,126501,43,42,0,21936,0,0.000000e+00,0.000000e+00,418489952.0,417232992.0,21093.8,42.98,0.01
BER: END_SEQ #43 [LOCK] seq_err=0 BER_seq=0.0000e+00 | lock=43 slip=0 BER_cond=0.0000e+00 BER_cum=0.0000e+00
CSV,1270020,127001,43,43,0,21973,0,0.000000e+00,0.000000e+00,366895744.0,476318720.0,25655.8,42.69,1.13
BER: SYNC #44 (gated)
CSV,1275020,127501,44,43,0,22059,0,0.000000e+00,0.000000e+00,400990016.0,465581024.0,19592.0,43.76,0.65
CSV,1280020,128001,44,43,0,22159,0,0.000000e+00,0.000000e+00,469660896.0,365643712.0,25951.4,42.58,1.09
CSV,1285020,128501,44,43,0,22259,0,0.000000e+00,0.000000e+00,398854304.0,434621536.0,15820.1,44.39,0.37
CSV,1290020,129001,44,43,0,22359,0,0.000000e+00,0.000000e+00,393415648.0,466060704.0,24740.4,42.75,0.74
CSV,1295020,129501,44,43,0,22459,0,0.000000e+00,0.000000e+00,392249760.0,455853600.0,24456.0,42.70,0.65
BER: END_SEQ #44 [LOCK] seq_err=0 BER_seq=0.0000e+00 | lock=44 slip=0 BER_cond=0.0000e+00 BER_cum=0.0000e+00
CSV,1300020,130001,44,44,0,22484,0,0.000000e+00,0.000000e+00,340320608.0,473416896.0,17376.0,44.35,1.43
BER: SYNC #45 (gated)
CSV,1305020,130501,45,44,0,22582,0,0.000000e+00,0.000000e+00,404175552.0,437100320.0,21981.1,42.99,0.34
CSV,1310020,131001,45,44,0,22682,0,0.000000e+00,0.000000e+00,498020992.0,353768960.0,11986.1,46.19,1.49
CSV,1315020,131501,45,44,0,22782,0,0.000000e+00,0.000000e+00,386811328.0,447003072.0,17005.4,44.20,0.63
CSV,1320020,132001,45,44,0,22882,0,0.000000e+00,0.000000e+00,372263360.0,451696448.0,24209.8,42.71,0.84
CSV,1325020,132501,45,44,0,22982,0,0.000000e+00,0.000000e+00,384088512.0,465847104.0,18913.5,43.91,0.84
BER: END_SEQ #45 [LOCK] seq_err=0 BER_seq=0.0000e+00 | lock=45 slip=0 BER_cond=0.0000e+00 BER_cum=0.0000e+00
BER: SYNC #46 (gated)
CSV,1330020,133001,46,45,0,23005,0,0.000000e+00,0.000000e+00,370697280.0,469250688.0,21119.9,43.47,1.02
CSV,1335020,133501,46,45,0,23104,0,0.000000e+00,0.000000e+00,388571040.0,435477664.0,24061.3,42.58,0.49
CSV,1340020,134001,46,45,0,23204,0,0.000000e+00,0.000000e+00,460874240.0,363826176.0,28669.3,42.06,1.03
CSV,1345020,134501,46,45,0,23304,0,0.000000e+00,0.000000e+00,417543328.0,433085216.0,16253.6,44.26,0.16
CSV,1350020,135001,46,45,0,23404,0,0.000000e+00,0.000000e+00,359680224.0,472118688.0,25420.7,42.69,1.18
CSV,1355020,135501,46,45,0,23504,0,0.000000e+00,0.000000e+00,373894752.0,452496832.0,31919.5,41.52,0.83
BER: END_SEQ #46 [LOCK] seq_err=0 BER_seq=0.0000e+00 | lock=46 slip=0 BER_cond=0.0000e+00 BER_cum=0.0000e+00
BER: SYNC #47 (gated)
CSV,1360020,136001,47,46,0,23527,0,0.000000e+00,0.000000e+00,361815360.0,458264448.0,25547.7,42.54,1.03
CSV,1365020,136501,47,46,0,23627,0,0.000000e+00,0.000000e+00,429016224.0,413417440.0,51099.7,39.24,0.16
CSV,1370020,137001,47,46,0,23727,0,0.000000e+00,0.000000e+00,449361152.0,366460544.0,50383.0,39.50,0.89
CSV,1375020,137501,47,46,0,23827,0,0.000000e+00,0.000000e+00,382968256.0,437227392.0,45107.5,39.86,0.58
CSV,1380020,138001,47,46,0,23927,0,0.000000e+00,0.000000e+00,390913408.0,452582848.0,22805.6,42.98,0.64
BER: END_SEQ #47 [LOCK] seq_err=0 BER_seq=0.0000e+00 | lock=47 slip=0 BER_cond=0.0000e+00 BER_cum=0.0000e+00
CSV,1385020,138501,47,47,0,24017,0,0.000000e+00,0.000000e+00,358404192.0,474466208.0,17259.8,44.39,1.22
BER: SYNC #48 (gated)
CSV,1390020,139001,48,47,0,24050,0,0.000000e+00,0.000000e+00,367355936.0,429820416.0,28439.2,41.79,0.68
CSV,1395020,139501,48,47,0,24150,0,0.000000e+00,0.000000e+00,446678208.0,372108448.0,15626.4,44.56,0.79
CSV,1400020,140001,48,47,0,24250,0,0.000000e+00,0.000000e+00,397065120.0,443950624.0,16130.0,44.40,0.48
CSV,1405020,140501,48,47,0,24350,0,0.000000e+00,0.000000e+00,384040512.0,431886304.0,19459.3,43.46,0.51
CSV,1410020,141001,48,47,0,24450,0,0.000000e+00,0.000000e+00,389753184.0,418566752.0,25632.3,42.13,0.31
BER: END_SEQ #48 [LOCK] seq_err=0 BER_seq=0.0000e+00 | lock=48 slip=0 BER_cond=0.0000e+00 BER_cum=0.0000e+00
CSV,1415020,141501,48,48,0,24528,0,0.000000e+00,0.000000e+00,360864128.0,473002528.0,24538.5,42.85,1.18
BER: SYNC #49 (gated)
CSV,1420020,142001,49,48,0,24573,0,0.000000e+00,0.000000e+00,389754528.0,434536384.0,13173.1,45.18,0.47
CSV,1425020,142501,49,48,0,24672,0,0.000000e+00,0.000000e+00,448066304.0,356456384.0,13697.9,45.15,0.99
CSV,1430020,143001,49,48,0,24772,0,0.000000e+00,0.000000e+00,372761376.0,436775776.0,34323.8,41.05,0.69
CSV,1435020,143501,49,48,0,24872,0,0.000000e+00,0.000000e+00,396945024.0,437614784.0,33685.8,41.14,0.42
CSV,1440020,144001,49,48,0,24972,0,0.000000e+00,0.000000e+00,364376320.0,446375840.0,11088.1,46.05,0.88
BER: END_SEQ #49 [LOCK] seq_err=0 BER_seq=0.0000e+00 | lock=49 slip=0 BER_cond=0.0000e+00 BER_cum=0.0000e+00
CSV,1445020,144501,49,49,0,25039,0,0.000000e+00,0.000000e+00,361878368.0,435183872.0,16270.6,44.27,0.80
BER: SYNC #50 (gated)
CSV,1450020,145001,50,49,0,25095,0,0.000000e+00,0.000000e+00,375896448.0,437141888.0,12829.8,45.32,0.66
CSV,1455020,145501,50,49,0,25195,0,0.000000e+00,0.000000e+00,464168480.0,357361120.0,13395.3,45.40,1.14
CSV,1460020,146001,50,49,0,25295,0,0.000000e+00,0.000000e+00,382482400.0,418042144.0,13157.6,45.02,0.39
CSV,1465020,146501,50,49,0,25395,0,0.000000e+00,0.000000e+00,346650528.0,458252160.0,14386.9,45.03,1.21
CSV,1470020,147001,50,49,0,25495,0,0.000000e+00,0.000000e+00,414896992.0,408919776.0,35758.4,40.65,0.06
BER: END_SEQ #50 [LOCK] seq_err=0 BER_seq=0.0000e+00 | lock=50 slip=0 BER_cond=0.0000e+00 BER_cum=0.0000e+00
CSV,1475020,147501,50,50,0,25550,0,0.000000e+00,0.000000e+00,341509728.0,459521152.0,67102.9,38.36,1.29
BER: SYNC #51 (gated)
CSV,1480020,148001,51,50,0,25618,0,0.000000e+00,0.000000e+00,350615232.0,445253120.0,11394.5,45.92,1.04
CSV,1485020,148501,51,50,0,25718,0,0.000000e+00,0.000000e+00,470295616.0,330034464.0,10778.1,46.40,1.54
CSV,1490020,149001,51,50,0,25818,0,0.000000e+00,0.000000e+00,398471680.0,423904864.0,11766.4,45.57,0.27
CSV,1495020,149501,51,50,0,25918,0,0.000000e+00,0.000000e+00,350663680.0,447402016.0,10739.3,46.20,1.06
CSV,1500020,150001,51,50,0,26018,0,0.000000e+00,0.000000e+00,391249664.0,401164384.0,11846.8,45.30,0.11
BER: END_SEQ #51 [LOCK] seq_err=0 BER_seq=0.0000e+00 | lock=51 slip=0 BER_cond=0.0000e+00 BER_cum=0.0000e+00
CSV,1505020,150501,51,51,0,26061,0,0.000000e+00,0.000000e+00,344676864.0,472783232.0,11890.3,45.99,1.37

=========================================
=== END OF TEST (duration=25 min) ===
=========================================
FINAL: syncs=51 lock=51 slip=0 slip_rate=0.0000
FINAL: bits_cum=26061 err_cum=0 BER_cum=0.0000e+00
FINAL: bits_lock=26061 err_lock=0 BER_cond=0.0000e+00
=========================================
=== STOP LOGGING NOW ===
=========================================
