

=== RX BOOT - BER TEST MODE ===
BPS_MODE=40 (HALF_SAMPLES=1000, 5000 samples/bit @ 200000 Hz)
Expect: 64-bit preamble + Barker13 (1F35h, gated by 8 preamble bits = 0x55) + 511-bit PRBS-9
Noise floor band: 5000 Hz; lock threshold: BER<0.10
Auto-stop: test will halt 25 min after the first sync.
RX: edge-tracking sync, center-3 voting
Starting decoder...

BER: SYNC #1 (gated)
CSV,5007,1000,1,0,0,46,0,0.000000e+00,0.000000e+00,119986136.0,134112400.0,8857.1,41.80,0.48
CSV,10007,2000,1,0,0,246,0,0.000000e+00,0.000000e+00,132057480.0,124245472.0,9770.9,41.31,0.26
CSV,15007,3000,1,0,0,446,0,0.000000e+00,0.000000e+00,120096008.0,131871240.0,9432.3,41.46,0.41
BER: END_SEQ #1 [LOCK] seq_err=0 BER_seq=0.0000e+00 | lock=1 slip=0 BER_cond=0.0000e+00 BER_cum=0.0000e+00
BER: SYNC #2 (gated)
CSV,20007,4000,2,1,0,569,0,0.000000e+00,0.000000e+00,120349416.0,136864000.0,11495.2,40.76,0.56
CSV,25007,5000,2,1,0,769,0,0.000000e+00,0.000000e+00,134877888.0,115658280.0,9649.7,41.45,0.67
CSV,30007,6000,2,1,0,969,0,0.000000e+00,0.000000e+00,120803552.0,134545824.0,10720.0,40.99,0.47
BER: END_SEQ #2 [LOCK] seq_err=0 BER_seq=0.0000e+00 | lock=2 slip=0 BER_cond=0.0000e+00 BER_cum=0.0000e+00
BER: SYNC #3 (gated)
CSV,35007,7000,3,2,0,1092,0,0.000000e+00,0.000000e+00,110176944.0,136851344.0,9846.1,41.43,0.94
CSV,40007,8000,3,2,0,1292,0,0.000000e+00,0.000000e+00,136227216.0,113561824.0,9341.3,41.64,0.79
CSV,45007,9000,3,2,0,1492,0,0.000000e+00,0.000000e+00,118884808.0,130733256.0,9462.4,41.40,0.41
BER: END_SEQ #3 [LOCK] seq_err=0 BER_seq=0.0000e+00 | lock=3 slip=0 BER_cond=0.0000e+00 BER_cum=0.0000e+00
BER: SYNC #4 (gated)
CSV,50007,10000,4,3,0,1614,0,0.000000e+00,0.000000e+00,108569976.0,136009936.0,9931.9,41.37,0.98
CSV,55007,11000,4,3,0,1814,0,0.000000e+00,0.000000e+00,135830432.0,113940680.0,9306.6,41.64,0.76
CSV,60007,12000,4,3,0,2014,0,0.000000e+00,0.000000e+00,112101432.0,132398096.0,9468.3,41.46,0.72
BER: END_SEQ #4 [LOCK] seq_err=0 BER_seq=0.0000e+00 | lock=4 slip=0 BER_cond=0.0000e+00 BER_cum=0.0000e+00
BER: SYNC #5 (gated)
CSV,65007,13000,5,4,0,2137,0,0.000000e+00,0.000000e+00,114065648.0,134906080.0,9358.1,41.59,0.73
CSV,70007,14000,5,4,0,2337,0,0.000000e+00,0.000000e+00,129947240.0,113583000.0,9655.8,41.29,0.58
CSV,75007,15000,5,4,0,2537,0,0.000000e+00,0.000000e+00,115706312.0,131748320.0,10386.5,41.03,0.56
BER: END_SEQ #5 [LOCK] seq_err=0 BER_seq=0.0000e+00 | lock=5 slip=0 BER_cond=0.0000e+00 BER_cum=0.0000e+00
BER: SYNC #6 (gated)
CSV,80007,16000,6,5,0,2660,0,0.000000e+00,0.000000e+00,109463416.0,134082976.0,10344.5,41.13,0.88
CSV,85007,17000,6,5,0,2860,0,0.000000e+00,0.000000e+00,131172056.0,112397168.0,9773.0,41.28,0.67
CSV,90007,18000,6,5,0,3060,0,0.000000e+00,0.000000e+00,115377432.0,132226608.0,9417.9,41.47,0.59
BER: END_SEQ #6 [LOCK] seq_err=0 BER_seq=0.0000e+00 | lock=6 slip=0 BER_cond=0.0000e+00 BER_cum=0.0000e+00
BER: SYNC #7 (gated)
CSV,95007,19000,7,6,0,3182,0,0.000000e+00,0.000000e+00,111725376.0,128465504.0,10838.2,40.74,0.61
CSV,100007,20000,7,6,0,3382,0,0.000000e+00,0.000000e+00,130467872.0,117047632.0,8918.9,41.65,0.47
BER: END_SEQ #7 [LOCK] seq_err=0 BER_seq=0.0000e+00 | lock=7 slip=0 BER_cond=0.0000e+00 BER_cum=0.0000e+00
CSV,105007,21000,7,7,0,3577,0,0.000000e+00,0.000000e+00,109151784.0,133655920.0,10078.7,41.23,0.88
BER: SYNC #8 (gated)
CSV,110007,22000,8,7,0,3705,0,0.000000e+00,0.000000e+00,124193528.0,121927616.0,9951.2,40.96,0.08
CSV,115007,23000,8,7,0,3905,0,0.000000e+00,0.000000e+00,119590568.0,123741936.0,9869.6,40.98,0.15
BER: END_SEQ #8 [LOCK] seq_err=0 BER_seq=0.0000e+00 | lock=8 slip=0 BER_cond=0.0000e+00 BER_cum=0.0000e+00
CSV,120007,24000,8,8,0,4088,0,0.000000e+00,0.000000e+00,112947464.0,130592008.0,9388.4,41.43,0.63
BER: SYNC #9 (gated)
CSV,125007,25000,9,8,0,4228,0,0.000000e+00,0.000000e+00,124840304.0,118275560.0,10014.1,40.96,0.23
CSV,130007,26000,9,8,0,4428,0,0.000000e+00,0.000000e+00,117130992.0,124023336.0,9164.6,41.31,0.25
BER: END_SEQ #9 [LOCK] seq_err=0 BER_seq=0.0000e+00 | lock=9 slip=0 BER_cond=0.0000e+00 BER_cum=0.0000e+00
CSV,135007,27000,9,9,0,4599,0,0.000000e+00,0.000000e+00,112911928.0,132194608.0,10708.0,40.92,0.68
BER: SYNC #10 (gated)
CSV,140007,28000,10,9,0,4750,0,0.000000e+00,0.000000e+00,125026296.0,114328104.0,10110.5,40.92,0.39
CSV,145007,29000,10,9,0,4950,0,0.000000e+00,0.000000e+00,114505984.0,131008072.0,9520.7,41.39,0.58
BER: END_SEQ #10 [LOCK] seq_err=0 BER_seq=0.0000e+00 | lock=10 slip=0 BER_cond=0.0000e+00 BER_cum=0.0000e+00
CSV,150007,30000,10,10,0,5110,0,0.000000e+00,0.000000e+00,112838184.0,128093840.0,10056.8,41.05,0.55
BER: SYNC #11 (gated)
CSV,155007,31000,11,10,0,5273,0,0.000000e+00,0.000000e+00,127998784.0,115123192.0,9461.6,41.31,0.46
CSV,160007,32000,11,10,0,5473,0,0.000000e+00,0.000000e+00,113855872.0,129501032.0,9975.1,41.13,0.56
BER: END_SEQ #11 [LOCK] seq_err=0 BER_seq=0.0000e+00 | lock=11 slip=0 BER_cond=0.0000e+00 BER_cum=0.0000e+00
CSV,165007,33000,11,11,0,5621,0,0.000000e+00,0.000000e+00,109829592.0,128471680.0,9974.3,41.10,0.68
BER: SYNC #12 (gated)
CSV,170007,34000,12,11,0,5796,0,0.000000e+00,0.000000e+00,127069840.0,117000256.0,10232.8,40.94,0.36
CSV,175007,35000,12,11,0,5996,0,0.000000e+00,0.000000e+00,110020392.0,129163280.0,9039.3,41.55,0.70
BER: END_SEQ #12 [LOCK] seq_err=0 BER_seq=0.0000e+00 | lock=12 slip=0 BER_cond=0.0000e+00 BER_cum=0.0000e+00
CSV,180007,36000,12,12,0,6132,0,0.000000e+00,0.000000e+00,115092944.0,126863536.0,10679.4,40.75,0.42
BER: SYNC #13 (gated)
CSV,185007,37000,13,12,0,6318,0,0.000000e+00,0.000000e+00,125229344.0,114836152.0,9980.6,40.99,0.38
CSV,190007,38000,13,12,0,6518,0,0.000000e+00,0.000000e+00,115543672.0,127535424.0,9871.1,41.11,0.43
BER: END_SEQ #13 [LOCK] seq_err=0 BER_seq=0.0000e+00 | lock=13 slip=0 BER_cond=0.0000e+00 BER_cum=0.0000e+00
CSV,195007,39000,13,13,0,6643,0,0.000000e+00,0.000000e+00,108394728.0,132854736.0,10307.6,41.10,0.88
BER: SYNC #14 (gated)
CSV,200007,40000,14,13,0,6841,0,0.000000e+00,0.000000e+00,129543512.0,110163416.0,8655.5,41.75,0.70
CSV,205007,41000,14,13,0,7041,0,0.000000e+00,0.000000e+00,113307576.0,130181848.0,10958.3,40.75,0.60
BER: END_SEQ #14 [LOCK] seq_err=0 BER_seq=0.0000e+00 | lock=14 slip=0 BER_cond=0.0000e+00 BER_cum=0.0000e+00
BER: SYNC #15 (gated)
CSV,210007,42000,15,14,0,7164,0,0.000000e+00,0.000000e+00,107273128.0,128965952.0,9553.5,41.30,0.80
CSV,215007,43000,15,14,0,7364,0,0.000000e+00,0.000000e+00,127201368.0,116232896.0,8930.5,41.54,0.39
CSV,220007,44000,15,14,0,7564,0,0.000000e+00,0.000000e+00,111713984.0,126311880.0,9614.6,41.19,0.53
BER: END_SEQ #15 [LOCK] seq_err=0 BER_seq=0.0000e+00 | lock=15 slip=0 BER_cond=0.0000e+00 BER_cum=0.0000e+00
BER: SYNC #16 (gated)
CSV,225007,45000,16,15,0,7687,0,0.000000e+00,0.000000e+00,109597216.0,131511824.0,9935.2,41.22,0.79
CSV,230007,46000,16,15,0,7886,0,0.000000e+00,0.000000e+00,128874776.0,110799984.0,9781.2,41.20,0.66
CSV,235007,47000,16,15,0,8086,0,0.000000e+00,0.000000e+00,113811128.0,126511904.0,9707.1,41.15,0.46
BER: END_SEQ #16 [LOCK] seq_err=0 BER_seq=0.0000e+00 | lock=16 slip=0 BER_cond=0.0000e+00 BER_cum=0.0000e+00
BER: SYNC #17 (gated)
CSV,240007,48000,17,16,0,8209,0,0.000000e+00,0.000000e+00,109572008.0,131786256.0,9709.3,41.33,0.80
CSV,245007,49000,17,16,0,8409,0,0.000000e+00,0.000000e+00,122473400.0,114684216.0,9682.7,41.02,0.29
CSV,250007,50000,17,16,0,8609,0,0.000000e+00,0.000000e+00,117022800.0,125167472.0,9529.9,41.18,0.29
BER: END_SEQ #17 [LOCK] seq_err=0 BER_seq=0.0000e+00 | lock=17 slip=0 BER_cond=0.0000e+00 BER_cum=0.0000e+00
BER: SYNC #18 (gated)
CSV,255007,51000,18,17,0,8732,0,0.000000e+00,0.000000e+00,107562864.0,126833888.0,10060.1,41.01,0.72
CSV,260007,52000,18,17,0,8932,0,0.000000e+00,0.000000e+00,124383728.0,116386368.0,8971.6,41.42,0.29
CSV,265007,53000,18,17,0,9132,0,0.000000e+00,0.000000e+00,111871592.0,126111464.0,9276.0,41.33,0.52
BER: END_SEQ #18 [LOCK] seq_err=0 BER_seq=0.0000e+00 | lock=18 slip=0 BER_cond=0.0000e+00 BER_cum=0.0000e+00
BER: SYNC #19 (gated)
CSV,270007,54000,19,18,0,9254,0,0.000000e+00,0.000000e+00,110648088.0,127319984.0,10146.3,40.99,0.61
CSV,275007,55000,19,18,0,9454,0,0.000000e+00,0.000000e+00,127151448.0,112282560.0,8906.7,41.55,0.54
CSV,280007,56000,19,18,0,9654,0,0.000000e+00,0.000000e+00,112208440.0,124127512.0,9400.5,41.21,0.44
BER: END_SEQ #19 [LOCK] seq_err=0 BER_seq=0.0000e+00 | lock=19 slip=0 BER_cond=0.0000e+00 BER_cum=0.0000e+00
BER: SYNC #20 (gated)
CSV,285007,57000,20,19,0,9777,0,0.000000e+00,0.000000e+00,106390256.0,134484448.0,9790.1,41.38,1.02
CSV,290007,58000,20,19,0,9977,0,0.000000e+00,0.000000e+00,128470864.0,106934224.0,9156.2,41.47,0.80
CSV,295007,59000,20,19,0,10177,0,0.000000e+00,0.000000e+00,114282008.0,127352864.0,9561.4,41.24,0.47
BER: END_SEQ #20 [LOCK] seq_err=0 BER_seq=0.0000e+00 | lock=20 slip=0 BER_cond=0.0000e+00 BER_cum=0.0000e+00
BER: SYNC #21 (gated)
CSV,300007,60000,21,20,0,10300,0,0.000000e+00,0.000000e+00,103117672.0,131536552.0,9747.5,41.30,1.06
CSV,305007,61000,21,20,0,10500,0,0.000000e+00,0.000000e+00,130963768.0,108307920.0,10010.8,41.17,0.82
CSV,310007,62000,21,20,0,10700,0,0.000000e+00,0.000000e+00,108679616.0,130453048.0,9889.5,41.20,0.79
BER: END_SEQ #21 [LOCK] seq_err=0 BER_seq=0.0000e+00 | lock=21 slip=0 BER_cond=0.0000e+00 BER_cum=0.0000e+00
BER: SYNC #22 (gated)
CSV,315007,63000,22,21,0,10822,0,0.000000e+00,0.000000e+00,109338088.0,126334224.0,10074.7,40.98,0.63
CSV,320007,64000,22,21,0,11022,0,0.000000e+00,0.000000e+00,126246000.0,113602816.0,9071.1,41.44,0.46
CSV,325007,65000,22,21,0,11222,0,0.000000e+00,0.000000e+00,110763648.0,124250744.0,10282.3,40.82,0.50
BER: END_SEQ #22 [LOCK] seq_err=0 BER_seq=0.0000e+00 | lock=22 slip=0 BER_cond=0.0000e+00 BER_cum=0.0000e+00
BER: SYNC #23 (gated)
CSV,330007,66000,23,22,0,11345,0,0.000000e+00,0.000000e+00,107721528.0,131714080.0,10250.0,41.09,0.87
CSV,335007,67000,23,22,0,11545,0,0.000000e+00,0.000000e+00,125658688.0,109238488.0,9218.1,41.35,0.61
CSV,340007,68000,23,22,0,11745,0,0.000000e+00,0.000000e+00,112273808.0,127519096.0,9855.4,41.12,0.55
BER: END_SEQ #23 [LOCK] seq_err=0 BER_seq=0.0000e+00 | lock=23 slip=0 BER_cond=0.0000e+00 BER_cum=0.0000e+00
BER: SYNC #24 (gated)
CSV,345007,69000,24,23,0,11868,0,0.000000e+00,0.000000e+00,107783224.0,126356440.0,9690.5,41.15,0.69
CSV,350007,70000,24,23,0,12068,0,0.000000e+00,0.000000e+00,124387336.0,111713336.0,9307.5,41.26,0.47
BER: END_SEQ #24 [LOCK] seq_err=0 BER_seq=0.0000e+00 | lock=24 slip=0 BER_cond=0.0000e+00 BER_cum=0.0000e+00
CSV,355007,71000,24,24,0,12264,0,0.000000e+00,0.000000e+00,107315184.0,131564744.0,8913.9,41.69,0.88
BER: SYNC #25 (gated)
CSV,360007,72000,25,24,0,12390,0,0.000000e+00,0.000000e+00,116322600.0,116043752.0,9516.0,40.87,0.01
CSV,365007,73000,25,24,0,12590,0,0.000000e+00,0.000000e+00,118755832.0,120217040.0,9032.4,41.24,0.05
BER: END_SEQ #25 [LOCK] seq_err=0 BER_seq=0.0000e+00 | lock=25 slip=0 BER_cond=0.0000e+00 BER_cum=0.0000e+00
CSV,370007,74000,25,25,0,12775,0,0.000000e+00,0.000000e+00,107212184.0,126142352.0,9563.8,41.20,0.71
BER: SYNC #26 (gated)
CSV,375007,75000,26,25,0,12913,0,0.000000e+00,0.000000e+00,122577296.0,114713512.0,10314.2,40.75,0.29
CSV,380007,76000,26,25,0,13113,0,0.000000e+00,0.000000e+00,113020512.0,121313656.0,9257.7,41.17,0.31
BER: END_SEQ #26 [LOCK] seq_err=0 BER_seq=0.0000e+00 | lock=26 slip=0 BER_cond=0.0000e+00 BER_cum=0.0000e+00
CSV,385007,77000,26,26,0,13286,0,0.000000e+00,0.000000e+00,107842376.0,127803128.0,9318.3,41.37,0.74
BER: SYNC #27 (gated)
CSV,390007,78000,27,26,0,13436,0,0.000000e+00,0.000000e+00,121636896.0,113177240.0,9389.2,41.12,0.31
CSV,395007,79000,27,26,0,13636,0,0.000000e+00,0.000000e+00,110773232.0,122613224.0,8804.5,41.44,0.44
BER: END_SEQ #27 [LOCK] seq_err=0 BER_seq=0.0000e+00 | lock=27 slip=0 BER_cond=0.0000e+00 BER_cum=0.0000e+00
CSV,400007,80000,27,27,0,13797,0,0.000000e+00,0.000000e+00,110132704.0,126565680.0,9508.3,41.24,0.60
BER: SYNC #28 (gated)
CSV,405007,81000,28,27,0,13958,0,0.000000e+00,0.000000e+00,120891504.0,110712272.0,9571.3,41.01,0.38
CSV,410007,82000,28,27,0,14158,0,0.000000e+00,0.000000e+00,112083824.0,125600480.0,10068.9,40.96,0.49
BER: END_SEQ #28 [LOCK] seq_err=0 BER_seq=0.0000e+00 | lock=28 slip=0 BER_cond=0.0000e+00 BER_cum=0.0000e+00
CSV,415007,83000,28,28,0,14308,0,0.000000e+00,0.000000e+00,107187392.0,124339048.0,10165.8,40.87,0.64
BER: SYNC #29 (gated)
CSV,420007,84000,29,28,0,14481,0,0.000000e+00,0.000000e+00,121835064.0,114013912.0,9430.6,41.11,0.29
CSV,425007,85000,29,28,0,14681,0,0.000000e+00,0.000000e+00,109222992.0,125791328.0,9397.7,41.27,0.61
BER: END_SEQ #29 [LOCK] seq_err=0 BER_seq=0.0000e+00 | lock=29 slip=0 BER_cond=0.0000e+00 BER_cum=0.0000e+00
CSV,430007,86000,29,29,0,14819,0,0.000000e+00,0.000000e+00,109747584.0,121341976.0,10343.6,40.69,0.44
BER: SYNC #30 (gated)
CSV,435007,87000,30,29,0,15004,0,0.000000e+00,0.000000e+00,122776296.0,114918944.0,9935.0,40.92,0.29
CSV,440007,88000,30,29,0,15204,0,0.000000e+00,0.000000e+00,110055720.0,121622240.0,9908.7,40.89,0.43
BER: END_SEQ #30 [LOCK] seq_err=0 BER_seq=0.0000e+00 | lock=30 slip=0 BER_cond=0.0000e+00 BER_cum=0.0000e+00
CSV,445007,89000,30,30,0,15330,0,0.000000e+00,0.000000e+00,105854928.0,127174168.0,9260.7,41.38,0.80
BER: SYNC #31 (gated)
CSV,450007,90000,31,30,0,15526,0,0.000000e+00,0.000000e+00,122839936.0,105339248.0,9542.1,41.10,0.67
CSV,455007,91000,31,30,0,15726,0,0.000000e+00,0.000000e+00,108956416.0,122632672.0,9183.6,41.26,0.51
BER: END_SEQ #31 [LOCK] seq_err=0 BER_seq=0.0000e+00 | lock=31 slip=0 BER_cond=0.0000e+00 BER_cum=0.0000e+00
BER: SYNC #32 (gated)
CSV,460007,92000,32,31,0,15849,0,0.000000e+00,0.000000e+00,102545176.0,125893408.0,8807.8,41.55,0.89
CSV,465007,93000,32,31,0,16049,0,0.000000e+00,0.000000e+00,120959336.0,108432768.0,9013.3,41.28,0.47
CSV,470007,94000,32,31,0,16249,0,0.000000e+00,0.000000e+00,108736328.0,122353384.0,9598.6,41.05,0.51
BER: END_SEQ #32 [LOCK] seq_err=0 BER_seq=0.0000e+00 | lock=32 slip=0 BER_cond=0.0000e+00 BER_cum=0.0000e+00
BER: SYNC #33 (gated)
CSV,475007,95000,33,32,0,16372,0,0.000000e+00,0.000000e+00,102158184.0,122964816.0,9345.9,41.19,0.81
CSV,480007,96000,33,32,0,16572,0,0.000000e+00,0.000000e+00,123213248.0,107971872.0,9574.1,41.10,0.57
CSV,485007,97000,33,32,0,16772,0,0.000000e+00,0.000000e+00,106226816.0,120166936.0,9926.8,40.83,0.54
BER: END_SEQ #33 [LOCK] seq_err=0 BER_seq=0.0000e+00 | lock=33 slip=0 BER_cond=0.0000e+00 BER_cum=0.0000e+00
BER: SYNC #34 (gated)
CSV,490007,98000,34,33,0,16895,0,0.000000e+00,0.000000e+00,104571064.0,125547080.0,9885.7,41.04,0.79
CSV,495007,99000,34,33,0,17094,0,0.000000e+00,0.000000e+00,117474360.0,109523272.0,9818.4,40.78,0.30
CSV,500007,100000,34,33,0,17294,0,0.000000e+00,0.000000e+00,112204256.0,117209496.0,10158.6,40.62,0.19
BER: END_SEQ #34 [LOCK] seq_err=0 BER_seq=0.0000e+00 | lock=34 slip=0 BER_cond=0.0000e+00 BER_cum=0.0000e+00
BER: SYNC #35 (gated)
CSV,505007,101000,35,34,0,17417,0,0.000000e+00,0.000000e+00,105109504.0,122911784.0,9736.5,41.01,0.68
CSV,510007,102000,35,34,0,17617,0,0.000000e+00,0.000000e+00,115145576.0,111171320.0,9546.2,40.81,0.15
CSV,515007,103000,35,34,0,17817,0,0.000000e+00,0.000000e+00,109149064.0,121672704.0,8841.2,41.39,0.47
BER: END_SEQ #35 [LOCK] seq_err=0 BER_seq=0.0000e+00 | lock=35 slip=0 BER_cond=0.0000e+00 BER_cum=0.0000e+00
BER: SYNC #36 (gated)
CSV,520007,104000,36,35,0,17940,0,0.000000e+00,0.000000e+00,104700808.0,118391920.0,9207.8,41.09,0.53
CSV,525007,105000,36,35,0,18140,0,0.000000e+00,0.000000e+00,120090888.0,110106832.0,9293.8,41.11,0.38
CSV,530007,106000,36,35,0,18340,0,0.000000e+00,0.000000e+00,106863472.0,118503448.0,9853.9,40.80,0.45
BER: END_SEQ #36 [LOCK] seq_err=0 BER_seq=0.0000e+00 | lock=36 slip=0 BER_cond=0.0000e+00 BER_cum=0.0000e+00
BER: SYNC #37 (gated)
CSV,535007,107000,37,36,0,18463,0,0.000000e+00,0.000000e+00,102447808.0,125941768.0,9849.6,41.07,0.90
CSV,540007,108000,37,36,0,18662,0,0.000000e+00,0.000000e+00,122763304.0,103810856.0,9995.2,40.89,0.73
CSV,545007,109000,37,36,0,18862,0,0.000000e+00,0.000000e+00,106230112.0,120334360.0,9479.3,41.04,0.54
BER: END_SEQ #37 [LOCK] seq_err=0 BER_seq=0.0000e+00 | lock=37 slip=0 BER_cond=0.0000e+00 BER_cum=0.0000e+00
BER: SYNC #38 (gated)
CSV,550007,110000,38,37,0,18985,0,0.000000e+00,0.000000e+00,100998192.0,126874120.0,10772.0,40.71,0.99
CSV,555007,111000,38,37,0,19185,0,0.000000e+00,0.000000e+00,122636336.0,101382960.0,10022.5,40.88,0.83
CSV,560007,112000,38,37,0,19385,0,0.000000e+00,0.000000e+00,105120416.0,124973720.0,9696.1,41.10,0.75
BER: END_SEQ #38 [LOCK] seq_err=0 BER_seq=0.0000e+00 | lock=38 slip=0 BER_cond=0.0000e+00 BER_cum=0.0000e+00
BER: SYNC #39 (gated)
CSV,565007,113000,39,38,0,19508,0,0.000000e+00,0.000000e+00,101084448.0,121403696.0,10507.9,40.63,0.80
CSV,570007,114000,39,38,0,19708,0,0.000000e+00,0.000000e+00,120130288.0,108529040.0,10007.2,40.79,0.44
CSV,575007,115000,39,38,0,19908,0,0.000000e+00,0.000000e+00,108191784.0,117704328.0,9392.8,40.98,0.37
BER: END_SEQ #39 [LOCK] seq_err=0 BER_seq=0.0000e+00 | lock=39 slip=0 BER_cond=0.0000e+00 BER_cum=0.0000e+00
BER: SYNC #40 (gated)
CSV,580007,116000,40,39,0,20030,0,0.000000e+00,0.000000e+00,101315856.0,124913888.0,10084.6,40.93,0.91
CSV,585007,117000,40,39,0,20230,0,0.000000e+00,0.000000e+00,121236000.0,106792240.0,9340.4,41.13,0.55
CSV,590007,118000,40,39,0,20430,0,0.000000e+00,0.000000e+00,105103416.0,119792936.0,9721.8,40.91,0.57
BER: END_SEQ #40 [LOCK] seq_err=0 BER_seq=0.0000e+00 | lock=40 slip=0 BER_cond=0.0000e+00 BER_cum=0.0000e+00
BER: SYNC #41 (gated)
CSV,595007,119000,41,40,0,20553,0,0.000000e+00,0.000000e+00,103026304.0,124420120.0,10058.2,40.92,0.82
CSV,600007,120000,41,40,0,20753,0,0.000000e+00,0.000000e+00,118250280.0,105405168.0,9845.1,40.80,0.50
BER: END_SEQ #41 [LOCK] seq_err=0 BER_seq=0.0000e+00 | lock=41 slip=0 BER_cond=0.0000e+00 BER_cum=0.0000e+00
CSV,605007,121000,41,41,0,20951,0,0.000000e+00,0.000000e+00,103591376.0,126219840.0,9471.6,41.25,0.86
BER: SYNC #42 (gated)
CSV,610007,122000,42,41,0,21076,0,0.000000e+00,0.000000e+00,109644320.0,112188272.0,10891.5,40.13,0.10
CSV,615007,123000,42,41,0,21276,0,0.000000e+00,0.000000e+00,114703152.0,112768440.0,8592.2,41.25,0.07
BER: END_SEQ #42 [LOCK] seq_err=0 BER_seq=0.0000e+00 | lock=42 slip=0 BER_cond=0.0000e+00 BER_cum=0.0000e+00
CSV,620007,124000,42,42,0,21462,0,0.000000e+00,0.000000e+00,102957160.0,124050784.0,8826.3,41.48,0.81
BER: SYNC #43 (gated)
CSV,625007,125000,43,42,0,21598,0,0.000000e+00,0.000000e+00,115512440.0,108622304.0,10075.0,40.59,0.27
CSV,630007,126000,43,42,0,21798,0,0.000000e+00,0.000000e+00,109430984.0,118883552.0,9320.8,41.06,0.36
BER: END_SEQ #43 [LOCK] seq_err=0 BER_seq=0.0000e+00 | lock=43 slip=0 BER_cond=0.0000e+00 BER_cum=0.0000e+00
CSV,635007,127000,43,43,0,21973,0,0.000000e+00,0.000000e+00,102405248.0,120514344.0,9375.9,41.09,0.71
BER: SYNC #44 (gated)
CSV,640007,128000,44,43,0,22121,0,0.000000e+00,0.000000e+00,118384768.0,108965576.0,9209.1,41.09,0.36
CSV,645007,129000,44,43,0,22321,0,0.000000e+00,0.000000e+00,104774600.0,118832824.0,9397.8,41.02,0.55
BER: END_SEQ #44 [LOCK] seq_err=0 BER_seq=0.0000e+00 | lock=44 slip=0 BER_cond=0.0000e+00 BER_cum=0.0000e+00
CSV,650007,130000,44,44,0,22484,0,0.000000e+00,0.000000e+00,105047688.0,121331192.0,9336.6,41.14,0.63
BER: SYNC #45 (gated)
CSV,655007,131000,45,44,0,22644,0,0.000000e+00,0.000000e+00,115792304.0,108294720.0,9374.3,40.92,0.29
CSV,660007,132000,45,44,0,22844,0,0.000000e+00,0.000000e+00,106638560.0,118350864.0,8632.6,41.37,0.45
BER: END_SEQ #45 [LOCK] seq_err=0 BER_seq=0.0000e+00 | lock=45 slip=0 BER_cond=0.0000e+00 BER_cum=0.0000e+00
CSV,665007,133000,45,45,0,22995,0,0.000000e+00,0.000000e+00,104756976.0,121210664.0,10079.8,40.80,0.63
BER: SYNC #46 (gated)
CSV,670007,134000,46,45,0,23166,0,0.000000e+00,0.000000e+00,114666528.0,107839640.0,9347.3,40.89,0.27
CSV,675007,135000,46,45,0,23366,0,0.000000e+00,0.000000e+00,105580544.0,121504816.0,9098.5,41.26,0.61
BER: END_SEQ #46 [LOCK] seq_err=0 BER_seq=0.0000e+00 | lock=46 slip=0 BER_cond=0.0000e+00 BER_cum=0.0000e+00
CSV,680007,136000,46,46,0,23506,0,0.000000e+00,0.000000e+00,103762984.0,116023336.0,10255.8,40.54,0.49
BER: SYNC #47 (gated)
CSV,685007,137000,47,46,0,23689,0,0.000000e+00,0.000000e+00,116050560.0,110410640.0,9923.6,40.68,0.22
CSV,690007,138000,47,46,0,23889,0,0.000000e+00,0.000000e+00,105123920.0,117850272.0,9456.3,40.96,0.50
BER: END_SEQ #47 [LOCK] seq_err=0 BER_seq=0.0000e+00 | lock=47 slip=0 BER_cond=0.0000e+00 BER_cum=0.0000e+00
CSV,695007,139000,47,47,0,24017,0,0.000000e+00,0.000000e+00,101685888.0,120830048.0,9660.1,40.97,0.75
BER: SYNC #48 (gated)
CSV,700007,140000,48,47,0,24212,0,0.000000e+00,0.000000e+00,120778184.0,103890792.0,8810.4,41.37,0.65
CSV,705007,141000,48,47,0,24412,0,0.000000e+00,0.000000e+00,103857544.0,117689816.0,9244.5,41.05,0.54
BER: END_SEQ #48 [LOCK] seq_err=0 BER_seq=0.0000e+00 | lock=48 slip=0 BER_cond=0.0000e+00 BER_cum=0.0000e+00
BER: SYNC #49 (gated)
CSV,710007,142000,49,48,0,24535,0,0.000000e+00,0.000000e+00,102383984.0,123206784.0,9617.7,41.08,0.80
CSV,715007,143000,49,48,0,24734,0,0.000000e+00,0.000000e+00,116110776.0,104140344.0,10194.2,40.57,0.47
CSV,720007,144000,49,48,0,24934,0,0.000000e+00,0.000000e+00,104662472.0,120741680.0,9604.0,40.99,0.62
BER: END_SEQ #49 [LOCK] seq_err=0 BER_seq=0.0000e+00 | lock=49 slip=0 BER_cond=0.0000e+00 BER_cum=0.0000e+00
BER: SYNC #50 (gated)
CSV,725007,145000,50,49,0,25057,0,0.000000e+00,0.000000e+00,99523104.0,119903568.0,9514.9,41.00,0.81
CSV,730007,146000,50,49,0,25257,0,0.000000e+00,0.000000e+00,118716112.0,104633776.0,9488.9,40.97,0.55
CSV,735007,147000,50,49,0,25457,0,0.000000e+00,0.000000e+00,105631896.0,116854720.0,10045.1,40.66,0.44
BER: END_SEQ #50 [LOCK] seq_err=0 BER_seq=0.0000e+00 | lock=50 slip=0 BER_cond=0.0000e+00 BER_cum=0.0000e+00
BER: SYNC #51 (gated)
CSV,740007,148000,51,50,0,25580,0,0.000000e+00,0.000000e+00,97540504.0,121869208.0,9722.8,40.98,0.97
CSV,745007,149000,51,50,0,25780,0,0.000000e+00,0.000000e+00,117483080.0,106392264.0,9245.9,41.04,0.43
CSV,750007,150000,51,50,0,25980,0,0.000000e+00,0.000000e+00,105275976.0,114105392.0,8906.6,41.08,0.35
BER: END_SEQ #51 [LOCK] seq_err=0 BER_seq=0.0000e+00 | lock=51 slip=0 BER_cond=0.0000e+00 BER_cum=0.0000e+00
BER: SYNC #52 (gated)
CSV,755007,151000,52,51,0,26103,0,0.000000e+00,0.000000e+00,104077160.0,120161512.0,9659.9,40.95,0.62
CSV,760007,152000,52,51,0,26302,0,0.000000e+00,0.000000e+00,111954296.0,107256624.0,9346.3,40.78,0.19
CSV,765007,153000,52,51,0,26502,0,0.000000e+00,0.000000e+00,105318776.0,118467008.0,8927.4,41.23,0.51
BER: END_SEQ #52 [LOCK] seq_err=0 BER_seq=0.0000e+00 | lock=52 slip=0 BER_cond=0.0000e+00 BER_cum=0.0000e+00
BER: SYNC #53 (gated)
CSV,770007,154000,53,52,0,26625,0,0.000000e+00,0.000000e+00,103324664.0,115409968.0,10343.0,40.48,0.48
CSV,775007,155000,53,52,0,26825,0,0.000000e+00,0.000000e+00,113860696.0,106838672.0,9460.1,40.80,0.28
CSV,780007,156000,53,52,0,27025,0,0.000000e+00,0.000000e+00,105632824.0,117105752.0,8706.3,41.29,0.45
BER: END_SEQ #53 [LOCK] seq_err=0 BER_seq=0.0000e+00 | lock=53 slip=0 BER_cond=0.0000e+00 BER_cum=0.0000e+00
BER: SYNC #54 (gated)
CSV,785007,157000,54,53,0,27148,0,0.000000e+00,0.000000e+00,97260648.0,120158296.0,9506.1,41.02,0.92
CSV,790007,158000,54,53,0,27348,0,0.000000e+00,0.000000e+00,120540520.0,102394320.0,9264.7,41.14,0.71
CSV,795007,159000,54,53,0,27548,0,0.000000e+00,0.000000e+00,102080088.0,115890776.0,9419.4,40.90,0.55
BER: END_SEQ #54 [LOCK] seq_err=0 BER_seq=0.0000e+00 | lock=54 slip=0 BER_cond=0.0000e+00 BER_cum=0.0000e+00
BER: SYNC #55 (gated)
CSV,800007,160000,55,54,0,27671,0,0.000000e+00,0.000000e+00,100087208.0,122999568.0,9897.3,40.94,0.90
CSV,805007,161000,55,54,0,27870,0,0.000000e+00,0.000000e+00,118480992.0,99880832.0,9040.7,41.17,0.74
CSV,810007,162000,55,54,0,28070,0,0.000000e+00,0.000000e+00,101568848.0,119764776.0,8988.0,41.25,0.72
BER: END_SEQ #55 [LOCK] seq_err=0 BER_seq=0.0000e+00 | lock=55 slip=0 BER_cond=0.0000e+00 BER_cum=0.0000e+00
BER: SYNC #56 (gated)
CSV,815007,163000,56,55,0,28193,0,0.000000e+00,0.000000e+00,99295472.0,119743768.0,9431.6,41.04,0.81
CSV,820007,164000,56,55,0,28393,0,0.000000e+00,0.000000e+00,115470864.0,102764824.0,9106.9,41.03,0.51
CSV,825007,165000,56,55,0,28593,0,0.000000e+00,0.000000e+00,105178424.0,116623184.0,9367.0,40.95,0.45
BER: END_SEQ #56 [LOCK] seq_err=0 BER_seq=0.0000e+00 | lock=56 slip=0 BER_cond=0.0000e+00 BER_cum=0.0000e+00
BER: SYNC #57 (gated)
CSV,830007,166000,57,56,0,28716,0,0.000000e+00,0.000000e+00,97003904.0,118224912.0,9311.2,41.04,0.86
CSV,835007,167000,57,56,0,28916,0,0.000000e+00,0.000000e+00,118899552.0,102895168.0,9217.9,41.11,0.63
CSV,840007,168000,57,56,0,29116,0,0.000000e+00,0.000000e+00,99644112.0,117819992.0,9848.2,40.78,0.73
BER: END_SEQ #57 [LOCK] seq_err=0 BER_seq=0.0000e+00 | lock=57 slip=0 BER_cond=0.0000e+00 BER_cum=0.0000e+00
BER: SYNC #58 (gated)
CSV,845007,169000,58,57,0,29239,0,0.000000e+00,0.000000e+00,101139640.0,119420976.0,9179.2,41.14,0.72
CSV,850007,170000,58,57,0,29438,0,0.000000e+00,0.000000e+00,115860968.0,102945936.0,9664.0,40.79,0.51
BER: END_SEQ #58 [LOCK] seq_err=0 BER_seq=0.0000e+00 | lock=58 slip=0 BER_cond=0.0000e+00 BER_cum=0.0000e+00
CSV,855007,171000,58,58,0,29638,0,0.000000e+00,0.000000e+00,98221456.0,121225640.0,9150.0,41.22,0.91
BER: SYNC #59 (gated)
CSV,860007,172000,59,58,0,29761,0,0.000000e+00,0.000000e+00,106454552.0,111471016.0,10285.3,40.35,0.20
CSV,865007,173000,59,58,0,29961,0,0.000000e+00,0.000000e+00,110686480.0,105387800.0,9879.8,40.49,0.21
BER: END_SEQ #59 [LOCK] seq_err=0 BER_seq=0.0000e+00 | lock=59 slip=0 BER_cond=0.0000e+00 BER_cum=0.0000e+00
CSV,870007,174000,59,59,0,30149,0,0.000000e+00,0.000000e+00,99541536.0,121703904.0,8853.3,41.38,0.87
BER: SYNC #60 (gated)
CSV,875007,175000,60,59,0,30284,0,0.000000e+00,0.000000e+00,109005392.0,104903752.0,8799.1,40.93,0.17
CSV,880007,176000,60,59,0,30484,0,0.000000e+00,0.000000e+00,105498824.0,114944912.0,9563.6,40.80,0.37
BER: END_SEQ #60 [LOCK] seq_err=0 BER_seq=0.0000e+00 | lock=60 slip=0 BER_cond=0.0000e+00 BER_cum=0.0000e+00
CSV,885007,177000,60,60,0,30660,0,0.000000e+00,0.000000e+00,100276664.0,116699464.0,10041.5,40.65,0.66
BER: SYNC #61 (gated)
CSV,890007,178000,61,60,0,30806,0,0.000000e+00,0.000000e+00,114612384.0,103807800.0,9489.8,40.82,0.43
CSV,895007,179000,61,60,0,31006,0,0.000000e+00,0.000000e+00,102383600.0,116377992.0,9100.4,41.07,0.56
BER: END_SEQ #61 [LOCK] seq_err=0 BER_seq=0.0000e+00 | lock=61 slip=0 BER_cond=0.0000e+00 BER_cum=0.0000e+00
CSV,900007,180000,61,61,0,31171,0,0.000000e+00,0.000000e+00,98636856.0,116383360.0,9713.7,40.79,0.72
BER: SYNC #62 (gated)
CSV,905007,181000,62,61,0,31329,0,0.000000e+00,0.000000e+00,113683384.0,104843616.0,9705.2,40.69,0.35
CSV,910007,182000,62,61,0,31529,0,0.000000e+00,0.000000e+00,99945576.0,114776568.0,9091.5,41.01,0.60
BER: END_SEQ #62 [LOCK] seq_err=0 BER_seq=0.0000e+00 | lock=62 slip=0 BER_cond=0.0000e+00 BER_cum=0.0000e+00
CSV,915007,183000,62,62,0,31682,0,0.000000e+00,0.000000e+00,101463368.0,116088496.0,10530.2,40.42,0.58
BER: SYNC #63 (gated)
CSV,920007,184000,63,62,0,31852,0,0.000000e+00,0.000000e+00,110505016.0,103912016.0,9785.0,40.53,0.27
CSV,925007,185000,63,62,0,32052,0,0.000000e+00,0.000000e+00,102169880.0,115728080.0,8290.1,41.45,0.54
BER: END_SEQ #63 [LOCK] seq_err=0 BER_seq=0.0000e+00 | lock=63 slip=0 BER_cond=0.0000e+00 BER_cum=0.0000e+00
CSV,930007,186000,63,63,0,32193,0,0.000000e+00,0.000000e+00,101488792.0,115160160.0,9555.9,40.81,0.55
BER: SYNC #64 (gated)
CSV,935007,187000,64,63,0,32374,0,0.000000e+00,0.000000e+00,109679976.0,105639872.0,9301.8,40.72,0.16
CSV,940007,188000,64,63,0,32574,0,0.000000e+00,0.000000e+00,101938232.0,115893128.0,9034.8,41.08,0.56
BER: END_SEQ #64 [LOCK] seq_err=0 BER_seq=0.0000e+00 | lock=64 slip=0 BER_cond=0.0000e+00 BER_cum=0.0000e+00
CSV,945007,189000,64,64,0,32704,0,0.000000e+00,0.000000e+00,97886448.0,113970936.0,9634.2,40.73,0.66
BER: SYNC #65 (gated)
CSV,950007,190000,65,64,0,32897,0,0.000000e+00,0.000000e+00,116643832.0,101572408.0,9501.9,40.89,0.60
CSV,955007,191000,65,64,0,33097,0,0.000000e+00,0.000000e+00,99790200.0,113674680.0,9299.0,40.87,0.57
BER: END_SEQ #65 [LOCK] seq_err=0 BER_seq=0.0000e+00 | lock=65 slip=0 BER_cond=0.0000e+00 BER_cum=0.0000e+00
BER: SYNC #66 (gated)
CSV,960007,192000,66,65,0,33220,0,0.000000e+00,0.000000e+00,98336272.0,117317856.0,10194.6,40.61,0.77
CSV,965007,193000,66,65,0,33420,0,0.000000e+00,0.000000e+00,113024008.0,101968464.0,8931.9,41.02,0.45
CSV,970007,194000,66,65,0,33620,0,0.000000e+00,0.000000e+00,99691992.0,115446144.0,9025.1,41.07,0.64
BER: END_SEQ #66 [LOCK] seq_err=0 BER_seq=0.0000e+00 | lock=66 slip=0 BER_cond=0.0000e+00 BER_cum=0.0000e+00
BER: SYNC #67 (gated)
CSV,975007,195000,67,66,0,33743,0,0.000000e+00,0.000000e+00,97399520.0,120070288.0,9946.8,40.82,0.91
CSV,980007,196000,67,66,0,33942,0,0.000000e+00,0.000000e+00,112977208.0,99900512.0,9855.7,40.59,0.53
CSV,985007,197000,67,66,0,34142,0,0.000000e+00,0.000000e+00,104271056.0,113688456.0,9936.1,40.58,0.38
BER: END_SEQ #67 [LOCK] seq_err=0 BER_seq=0.0000e+00 | lock=67 slip=0 BER_cond=0.0000e+00 BER_cum=0.0000e+00
BER: SYNC #68 (gated)
CSV,990007,198000,68,67,0,34265,0,0.000000e+00,0.000000e+00,93166352.0,118075608.0,9405.6,40.99,1.03
CSV,995007,199000,68,67,0,34465,0,0.000000e+00,0.000000e+00,114332120.0,102594384.0,8656.5,41.21,0.47
CSV,1000007,200000,68,67,0,34665,0,0.000000e+00,0.000000e+00,101810872.0,112207992.0,8934.7,40.99,0.42
BER: END_SEQ #68 [LOCK] seq_err=0 BER_seq=0.0000e+00 | lock=68 slip=0 BER_cond=0.0000e+00 BER_cum=0.0000e+00
BER: SYNC #69 (gated)
CSV,1005007,201000,69,68,0,34788,0,0.000000e+00,0.000000e+00,98868432.0,115477944.0,10177.3,40.55,0.67
CSV,1010007,202000,69,68,0,34988,0,0.000000e+00,0.000000e+00,110160688.0,105862792.0,9256.6,40.76,0.17
CSV,1015007,203000,69,68,0,35188,0,0.000000e+00,0.000000e+00,101325880.0,112518864.0,8779.8,41.08,0.46
BER: END_SEQ #69 [LOCK] seq_err=0 BER_seq=0.0000e+00 | lock=69 slip=0 BER_cond=0.0000e+00 BER_cum=0.0000e+00
BER: SYNC #70 (gated)
CSV,1020007,204000,70,69,0,35311,0,0.000000e+00,0.000000e+00,100815328.0,116741544.0,9945.1,40.70,0.64
CSV,1025007,205000,70,69,0,35510,0,0.000000e+00,0.000000e+00,109537512.0,103193200.0,9531.5,40.60,0.26
CSV,1030007,206000,70,69,0,35710,0,0.000000e+00,0.000000e+00,104402864.0,113779664.0,8400.2,41.32,0.37
BER: END_SEQ #70 [LOCK] seq_err=0 BER_seq=0.0000e+00 | lock=70 slip=0 BER_cond=0.0000e+00 BER_cum=0.0000e+00
BER: SYNC #71 (gated)
CSV,1035007,207000,71,70,0,35833,0,0.000000e+00,0.000000e+00,95144664.0,116826760.0,9773.2,40.78,0.89
CSV,1040007,208000,71,70,0,36033,0,0.000000e+00,0.000000e+00,117056784.0,99300544.0,8635.1,41.32,0.71
CSV,1045007,209000,71,70,0,36233,0,0.000000e+00,0.000000e+00,100105920.0,115658048.0,9134.3,41.03,0.63
BER: END_SEQ #71 [LOCK] seq_err=0 BER_seq=0.0000e+00 | lock=71 slip=0 BER_cond=0.0000e+00 BER_cum=0.0000e+00
BER: SYNC #72 (gated)
CSV,1050007,210000,72,71,0,36356,0,0.000000e+00,0.000000e+00,95668680.0,118010144.0,9562.8,40.91,0.91
CSV,1055007,211000,72,71,0,36556,0,0.000000e+00,0.000000e+00,117598056.0,99375528.0,9211.7,41.06,0.73
CSV,1060007,212000,72,71,0,36756,0,0.000000e+00,0.000000e+00,98782272.0,114708928.0,9604.9,40.77,0.65
BER: END_SEQ #72 [LOCK] seq_err=0 BER_seq=0.0000e+00 | lock=72 slip=0 BER_cond=0.0000e+00 BER_cum=0.0000e+00
BER: SYNC #73 (gated)
CSV,1065007,213000,73,72,0,36879,0,0.000000e+00,0.000000e+00,98988184.0,119175216.0,10164.4,40.69,0.81
CSV,1070007,214000,73,72,0,37078,0,0.000000e+00,0.000000e+00,112306984.0,100998512.0,9183.8,40.87,0.46
CSV,1075007,215000,73,72,0,37278,0,0.000000e+00,0.000000e+00,101928024.0,115748816.0,9431.1,40.89,0.55
BER: END_SEQ #73 [LOCK] seq_err=0 BER_seq=0.0000e+00 | lock=73 slip=0 BER_cond=0.0000e+00 BER_cum=0.0000e+00
BER: SYNC #74 (gated)
CSV,1080007,216000,74,73,0,37401,0,0.000000e+00,0.000000e+00,97012792.0,116323320.0,10133.5,40.60,0.79
CSV,1085007,217000,74,73,0,37601,0,0.000000e+00,0.000000e+00,114702312.0,100020712.0,9216.3,40.95,0.59
CSV,1090007,218000,74,73,0,37801,0,0.000000e+00,0.000000e+00,99575984.0,117558048.0,9139.7,41.09,0.72
BER: END_SEQ #74 [LOCK] seq_err=0 BER_seq=0.0000e+00 | lock=74 slip=0 BER_cond=0.0000e+00 BER_cum=0.0000e+00
BER: SYNC #75 (gated)
CSV,1095007,219000,75,74,0,37924,0,0.000000e+00,0.000000e+00,98446304.0,114027480.0,10092.3,40.53,0.64
CSV,1100007,220000,75,74,0,38124,0,0.000000e+00,0.000000e+00,115736952.0,102528920.0,9743.9,40.75,0.53
CSV,1105007,221000,75,74,0,38324,0,0.000000e+00,0.000000e+00,96083728.0,118270296.0,9020.3,41.18,0.90
BER: END_SEQ #75 [LOCK] seq_err=0 BER_seq=0.0000e+00 | lock=75 slip=0 BER_cond=0.0000e+00 BER_cum=0.0000e+00
BER: SYNC #76 (gated)
CSV,1110007,222000,76,75,0,38447,0,0.000000e+00,0.000000e+00,105105368.0,111878856.0,9707.3,40.62,0.27
CSV,1115007,223000,76,75,0,38646,0,0.000000e+00,0.000000e+00,110382976.0,103622032.0,9437.8,40.68,0.27
BER: END_SEQ #76 [LOCK] seq_err=0 BER_seq=0.0000e+00 | lock=76 slip=0 BER_cond=0.0000e+00 BER_cum=0.0000e+00
CSV,1120007,224000,76,76,0,38836,0,0.000000e+00,0.000000e+00,98341216.0,118385280.0,9686.3,40.87,0.81
BER: SYNC #77 (gated)
CSV,1125007,225000,77,76,0,38969,0,0.000000e+00,0.000000e+00,109043248.0,104562872.0,9789.6,40.47,0.18
CSV,1130007,226000,77,76,0,39169,0,0.000000e+00,0.000000e+00,102022920.0,111841528.0,9053.2,40.92,0.40
BER: END_SEQ #77 [LOCK] seq_err=0 BER_seq=0.0000e+00 | lock=77 slip=0 BER_cond=0.0000e+00 BER_cum=0.0000e+00
CSV,1135007,227000,77,77,0,39347,0,0.000000e+00,0.000000e+00,101247904.0,115765512.0,9342.7,40.93,0.58
BER: SYNC #78 (gated)
CSV,1140007,228000,78,77,0,39492,0,0.000000e+00,0.000000e+00,110285208.0,101255824.0,9413.2,40.69,0.37
CSV,1145007,229000,78,77,0,39692,0,0.000000e+00,0.000000e+00,103060368.0,114704208.0,9230.9,40.94,0.46
BER: END_SEQ #78 [LOCK] seq_err=0 BER_seq=0.0000e+00 | lock=78 slip=0 BER_cond=0.0000e+00 BER_cum=0.0000e+00
CSV,1150007,230000,78,78,0,39858,0,0.000000e+00,0.000000e+00,97483432.0,115058200.0,10653.3,40.33,0.72
BER: SYNC #79 (gated)
CSV,1155007,231000,79,78,0,40015,0,0.000000e+00,0.000000e+00,112503528.0,103428064.0,9568.4,40.70,0.37
CSV,1160007,232000,79,78,0,40214,0,0.000000e+00,0.000000e+00,99367384.0,115207008.0,9975.7,40.63,0.64
BER: END_SEQ #79 [LOCK] seq_err=0 BER_seq=0.0000e+00 | lock=79 slip=0 BER_cond=0.0000e+00 BER_cum=0.0000e+00
CSV,1165007,233000,79,79,0,40369,0,0.000000e+00,0.000000e+00,99657256.0,112269904.0,9417.3,40.76,0.52
BER: SYNC #80 (gated)
CSV,1170007,234000,80,79,0,40537,0,0.000000e+00,0.000000e+00,112026984.0,103011256.0,8980.4,40.96,0.36
CSV,1175007,235000,80,79,0,40737,0,0.000000e+00,0.000000e+00,99104168.0,112243288.0,8763.4,41.07,0.54
BER: END_SEQ #80 [LOCK] seq_err=0 BER_seq=0.0000e+00 | lock=80 slip=0 BER_cond=0.0000e+00 BER_cum=0.0000e+00
CSV,1180007,236000,80,80,0,40880,0,0.000000e+00,0.000000e+00,99357984.0,114788664.0,9682.7,40.74,0.63
BER: SYNC #81 (gated)
CSV,1185007,237000,81,80,0,41060,0,0.000000e+00,0.000000e+00,107574432.0,103162032.0,8871.3,40.84,0.18
CSV,1190007,238000,81,80,0,41260,0,0.000000e+00,0.000000e+00,100527872.0,113802864.0,8765.0,41.13,0.54
BER: END_SEQ #81 [LOCK] seq_err=0 BER_seq=0.0000e+00 | lock=81 slip=0 BER_cond=0.0000e+00 BER_cum=0.0000e+00
CSV,1195007,239000,81,81,0,41391,0,0.000000e+00,0.000000e+00,96733664.0,114382536.0,8702.7,41.19,0.73
BER: SYNC #82 (gated)
CSV,1200007,240000,82,81,0,41582,0,0.000000e+00,0.000000e+00,113577776.0,98447288.0,8774.0,41.12,0.62
CSV,1205007,241000,82,81,0,41782,0,0.000000e+00,0.000000e+00,100822312.0,112204432.0,8858.4,41.03,0.46
BER: END_SEQ #82 [LOCK] seq_err=0 BER_seq=0.0000e+00 | lock=82 slip=0 BER_cond=0.0000e+00 BER_cum=0.0000e+00
BER: SYNC #83 (gated)
CSV,1210007,242000,83,82,0,41905,0,0.000000e+00,0.000000e+00,93632216.0,113600632.0,8826.2,41.10,0.84
CSV,1215007,243000,83,82,0,42105,0,0.000000e+00,0.000000e+00,112589328.0,99954792.0,8895.5,41.02,0.52
CSV,1220007,244000,83,82,0,42305,0,0.000000e+00,0.000000e+00,96076992.0,111581024.0,9559.8,40.67,0.65
BER: END_SEQ #83 [LOCK] seq_err=0 BER_seq=0.0000e+00 | lock=83 slip=0 BER_cond=0.0000e+00 BER_cum=0.0000e+00
BER: SYNC #84 (gated)
CSV,1225007,245000,84,83,0,42428,0,0.000000e+00,0.000000e+00,93679552.0,117969432.0,9488.5,40.95,1.00
CSV,1230007,246000,84,83,0,42628,0,0.000000e+00,0.000000e+00,111759200.0,97324288.0,9223.5,40.83,0.60
CSV,1235007,247000,84,83,0,42828,0,0.000000e+00,0.000000e+00,102311656.0,113173768.0,9286.3,40.86,0.44
BER: END_SEQ #84 [LOCK] seq_err=0 BER_seq=0.0000e+00 | lock=84 slip=0 BER_cond=0.0000e+00 BER_cum=0.0000e+00
BER: SYNC #85 (gated)
CSV,1240007,248000,85,84,0,42951,0,0.000000e+00,0.000000e+00,95752216.0,120515408.0,10159.9,40.74,1.00
CSV,1245007,249000,85,84,0,43150,0,0.000000e+00,0.000000e+00,115912168.0,99726624.0,9539.7,40.85,0.65
CSV,1250007,250000,85,84,0,43350,0,0.000000e+00,0.000000e+00,103407536.0,116837360.0,8641.4,41.31,0.53
BER: END_SEQ #85 [LOCK] seq_err=0 BER_seq=0.0000e+00 | lock=85 slip=0 BER_cond=0.0000e+00 BER_cum=0.0000e+00
BER: SYNC #86 (gated)
CSV,1255007,251000,86,85,0,43473,0,0.000000e+00,0.000000e+00,99025912.0,114502512.0,9879.3,40.64,0.63
CSV,1260007,252000,86,85,0,43673,0,0.000000e+00,0.000000e+00,111642296.0,106927952.0,9122.1,40.88,0.19
CSV,1265007,253000,86,85,0,43873,0,0.000000e+00,0.000000e+00,101082944.0,110968072.0,9604.8,40.63,0.41
BER: END_SEQ #86 [LOCK] seq_err=0 BER_seq=0.0000e+00 | lock=86 slip=0 BER_cond=0.0000e+00 BER_cum=0.0000e+00
BER: SYNC #87 (gated)
CSV,1270007,254000,87,86,0,43996,0,0.000000e+00,0.000000e+00,99056744.0,115182032.0,9831.9,40.69,0.66
CSV,1275007,255000,87,86,0,44196,0,0.000000e+00,0.000000e+00,111490648.0,104365296.0,9613.9,40.64,0.29
CSV,1280007,256000,87,86,0,44396,0,0.000000e+00,0.000000e+00,102092464.0,112459664.0,9433.9,40.76,0.42
BER: END_SEQ #87 [LOCK] seq_err=0 BER_seq=0.0000e+00 | lock=87 slip=0 BER_cond=0.0000e+00 BER_cum=0.0000e+00
BER: SYNC #88 (gated)
CSV,1285007,257000,88,87,0,44519,0,0.000000e+00,0.000000e+00,99255360.0,116944552.0,9661.7,40.83,0.71
CSV,1290007,258000,88,87,0,44718,0,0.000000e+00,0.000000e+00,114020488.0,98260200.0,8710.6,41.17,0.65
CSV,1295007,259000,88,87,0,44918,0,0.000000e+00,0.000000e+00,101864680.0,114622232.0,9119.7,40.99,0.51
BER: END_SEQ #88 [LOCK] seq_err=0 BER_seq=0.0000e+00 | lock=88 slip=0 BER_cond=0.0000e+00 BER_cum=0.0000e+00
BER: SYNC #89 (gated)
CSV,1300007,260000,89,88,0,45041,0,0.000000e+00,0.000000e+00,91396192.0,115896784.0,9629.0,40.80,1.03
CSV,1305007,261000,89,88,0,45241,0,0.000000e+00,0.000000e+00,116776216.0,95978048.0,9090.8,41.09,0.85
CSV,1310007,262000,89,88,0,45441,0,0.000000e+00,0.000000e+00,96613768.0,113742184.0,8570.7,41.23,0.71
BER: END_SEQ #89 [LOCK] seq_err=0 BER_seq=0.0000e+00 | lock=89 slip=0 BER_cond=0.0000e+00 BER_cum=0.0000e+00
BER: SYNC #90 (gated)
CSV,1315007,263000,90,89,0,45564,0,0.000000e+00,0.000000e+00,96031128.0,114758064.0,9987.2,40.60,0.77
CSV,1320007,264000,90,89,0,45764,0,0.000000e+00,0.000000e+00,112634728.0,99637912.0,8523.2,41.21,0.53
CSV,1325007,265000,90,89,0,45964,0,0.000000e+00,0.000000e+00,97404784.0,112310016.0,10273.7,40.39,0.62
BER: END_SEQ #90 [LOCK] seq_err=0 BER_seq=0.0000e+00 | lock=90 slip=0 BER_cond=0.0000e+00 BER_cum=0.0000e+00
BER: SYNC #91 (gated)
CSV,1330007,266000,91,90,0,46087,0,0.000000e+00,0.000000e+00,96477832.0,115910952.0,9693.5,40.78,0.80
CSV,1335007,267000,91,90,0,46286,0,0.000000e+00,0.000000e+00,110578128.0,97135864.0,8931.4,40.93,0.56
CSV,1340007,268000,91,90,0,46486,0,0.000000e+00,0.000000e+00,99058000.0,114031880.0,9519.2,40.78,0.61
BER: END_SEQ #91 [LOCK] seq_err=0 BER_seq=0.0000e+00 | lock=91 slip=0 BER_cond=0.0000e+00 BER_cum=0.0000e+00
BER: SYNC #92 (gated)
CSV,1345007,269000,92,91,0,46609,0,0.000000e+00,0.000000e+00,94797872.0,111797296.0,9369.8,40.77,0.72
CSV,1350007,270000,92,91,0,46809,0,0.000000e+00,0.000000e+00,111239096.0,98801472.0,9455.6,40.71,0.51
CSV,1355007,271000,92,91,0,47009,0,0.000000e+00,0.000000e+00,95927744.0,114058336.0,9270.4,40.90,0.75
BER: END_SEQ #92 [LOCK] seq_err=0 BER_seq=0.0000e+00 | lock=92 slip=0 BER_cond=0.0000e+00 BER_cum=0.0000e+00
BER: SYNC #93 (gated)
CSV,1360007,272000,93,92,0,47132,0,0.000000e+00,0.000000e+00,99401120.0,107639720.0,10411.4,40.14,0.35
CSV,1365007,273000,93,92,0,47332,0,0.000000e+00,0.000000e+00,108068728.0,103039224.0,9231.9,40.68,0.21
BER: END_SEQ #93 [LOCK] seq_err=0 BER_seq=0.0000e+00 | lock=93 slip=0 BER_cond=0.0000e+00 BER_cum=0.0000e+00
CSV,1370007,274000,93,93,0,47523,0,0.000000e+00,0.000000e+00,94779448.0,112026656.0,9316.5,40.80,0.73
BER: SYNC #94 (gated)
CSV,1375007,275000,94,93,0,47655,0,0.000000e+00,0.000000e+00,105875832.0,103637592.0,8986.0,40.71,0.09
CSV,1380007,276000,94,93,0,47854,0,0.000000e+00,0.000000e+00,98878272.0,107126024.0,8711.8,40.90,0.35
BER: END_SEQ #94 [LOCK] seq_err=0 BER_seq=0.0000e+00 | lock=94 slip=0 BER_cond=0.0000e+00 BER_cum=0.0000e+00
CSV,1385007,277000,94,94,0,48034,0,0.000000e+00,0.000000e+00,97903624.0,111205152.0,10187.7,40.38,0.55
BER: SYNC #95 (gated)
CSV,1390007,278000,95,94,0,48177,0,0.000000e+00,0.000000e+00,106957760.0,98367976.0,9944.6,40.32,0.36
CSV,1395007,279000,95,94,0,48377,0,0.000000e+00,0.000000e+00,98369856.0,109197640.0,8824.5,40.93,0.45
BER: END_SEQ #95 [LOCK] seq_err=0 BER_seq=0.0000e+00 | lock=95 slip=0 BER_cond=0.0000e+00 BER_cum=0.0000e+00
CSV,1400007,280000,95,95,0,48545,0,0.000000e+00,0.000000e+00,95437512.0,112718856.0,9334.7,40.82,0.72
BER: SYNC #96 (gated)
CSV,1405007,281000,96,95,0,48700,0,0.000000e+00,0.000000e+00,106308144.0,97809328.0,9252.4,40.60,0.36
CSV,1410007,282000,96,95,0,48900,0,0.000000e+00,0.000000e+00,96979720.0,112433488.0,8985.8,40.97,0.64
BER: END_SEQ #96 [LOCK] seq_err=0 BER_seq=0.0000e+00 | lock=96 slip=0 BER_cond=0.0000e+00 BER_cum=0.0000e+00
CSV,1415007,283000,96,96,0,49056,0,0.000000e+00,0.000000e+00,95634936.0,108268200.0,9259.2,40.68,0.54
BER: SYNC #97 (gated)
CSV,1420007,284000,97,96,0,49223,0,0.000000e+00,0.000000e+00,109905800.0,99351864.0,9119.5,40.81,0.44
CSV,1425007,285000,97,96,0,49422,0,0.000000e+00,0.000000e+00,95816288.0,110440192.0,8631.4,41.07,0.62
BER: END_SEQ #97 [LOCK] seq_err=0 BER_seq=0.0000e+00 | lock=97 slip=0 BER_cond=0.0000e+00 BER_cum=0.0000e+00
CSV,1430007,286000,97,97,0,49567,0,0.000000e+00,0.000000e+00,95171952.0,109911880.0,9439.2,40.66,0.63
BER: SYNC #98 (gated)
CSV,1435007,287000,98,97,0,49745,0,0.000000e+00,0.000000e+00,107007256.0,100632032.0,8780.4,40.86,0.27
CSV,1440007,288000,98,97,0,49945,0,0.000000e+00,0.000000e+00,95215744.0,110039856.0,9017.9,40.86,0.63
BER: END_SEQ #98 [LOCK] seq_err=0 BER_seq=0.0000e+00 | lock=98 slip=0 BER_cond=0.0000e+00 BER_cum=0.0000e+00
CSV,1445007,289000,98,98,0,50078,0,0.000000e+00,0.000000e+00,96489376.0,111514288.0,8718.5,41.07,0.63
BER: SYNC #99 (gated)
CSV,1450007,290000,99,98,0,50268,0,0.000000e+00,0.000000e+00,107753520.0,96441288.0,9361.5,40.61,0.48
CSV,1455007,291000,99,98,0,50468,0,0.000000e+00,0.000000e+00,98742448.0,109746432.0,8813.0,40.95,0.46
BER: END_SEQ #99 [LOCK] seq_err=0 BER_seq=0.0000e+00 | lock=99 slip=0 BER_cond=0.0000e+00 BER_cum=0.0000e+00
BER: SYNC #100 (gated)
CSV,1460007,292000,100,99,0,50591,0,0.000000e+00,0.000000e+00,92026184.0,111513320.0,9603.3,40.65,0.83
CSV,1465007,293000,100,99,0,50791,0,0.000000e+00,0.000000e+00,110175688.0,97333288.0,8722.1,41.01,0.54
CSV,1470007,294000,100,99,0,50990,0,0.000000e+00,0.000000e+00,96933248.0,110230432.0,8823.8,40.97,0.56
BER: END_SEQ #100 [LOCK] seq_err=0 BER_seq=0.0000e+00 | lock=100 slip=0 BER_cond=0.0000e+00 BER_cum=0.0000e+00
BER: SYNC #101 (gated)
CSV,1475007,295000,101,100,0,51113,0,0.000000e+00,0.000000e+00,90250048.0,113242792.0,9761.5,40.64,0.99
CSV,1480007,296000,101,100,0,51313,0,0.000000e+00,0.000000e+00,109877392.0,97973456.0,8379.7,41.18,0.50
CSV,1485007,297000,101,100,0,51513,0,0.000000e+00,0.000000e+00,96439904.0,107240736.0,9658.6,40.45,0.46
BER: END_SEQ #101 [LOCK] seq_err=0 BER_seq=0.0000e+00 | lock=101 slip=0 BER_cond=0.0000e+00 BER_cum=0.0000e+00
BER: SYNC #102 (gated)
CSV,1490007,298000,102,101,0,51636,0,0.000000e+00,0.000000e+00,93887280.0,114118408.0,9817.0,40.65,0.85
CSV,1495007,299000,102,101,0,51836,0,0.000000e+00,0.000000e+00,108251776.0,94862376.0,8848.4,40.88,0.57
CSV,1500007,300000,102,101,0,52036,0,0.000000e+00,0.000000e+00,96291024.0,109301632.0,8922.0,40.88,0.55
BER: END_SEQ #102 [LOCK] seq_err=0 BER_seq=0.0000e+00 | lock=102 slip=0 BER_cond=0.0000e+00 BER_cum=0.0000e+00

=========================================
=== END OF TEST (duration=25 min) ===
=========================================
FINAL: syncs=102 lock=102 slip=0 slip_rate=0.0000
FINAL: bits_cum=52122 err_cum=0 BER_cum=0.0000e+00
FINAL: bits_lock=52122 err_lock=0 BER_cond=0.0000e+00
=========================================
=== STOP LOGGING NOW ===
=========================================
