

=== RX BOOT - BER TEST MODE ===
MOD=OOK (20 kHz carrier, adaptive threshold)
BPS_MODE=20 (HALF_SAMPLES=2000, 10000 samples/bit @ 200000 Hz)
Expect: 64-bit preamble + Barker13 (1F35h, gated by 8 preamble bits = 0x55) + 511-bit PRBS-9
Noise floor band: 5000 Hz; lock threshold: BER<0.10
Auto-stop: test will halt 25 min after the first sync.
RX: edge-tracking sync, center-3 voting
Starting decoder...

CSV,5011,500,0,0,0,0,0,0.000000e+00,0.000000e+00,11902.3,10220983.0,33699.5,24.82,29.34
BER: SYNC #1 (gated)
CSV,10011,1000,1,0,0,82,0,0.000000e+00,0.000000e+00,15563.1,8017652.0,49588.0,22.09,27.12
CSV,15011,1500,1,0,0,182,0,0.000000e+00,0.000000e+00,19747.7,3828941.8,65297.9,17.68,22.88
CSV,20011,2000,1,0,0,282,0,0.000000e+00,0.000000e+00,21352.4,4234343.0,65373.3,18.11,22.97
CSV,25011,2500,1,0,0,382,0,0.000000e+00,0.000000e+00,20271.6,5027440.0,71109.6,18.49,23.94
CSV,30011,3000,1,0,0,482,0,0.000000e+00,0.000000e+00,20754.4,4398224.5,69916.9,17.99,23.26
BER: END_SEQ #1 [LOCK] seq_err=0 BER_seq=0.0000e+00 | lock=1 slip=0 BER_cond=0.0000e+00 BER_cum=0.0000e+00
CSV,35011,3500,1,1,0,511,0,0.000000e+00,0.000000e+00,24736.2,4965272.5,66745.8,18.72,23.03
BER: SYNC #2 (gated)
CSV,40011,4000,2,1,0,605,0,0.000000e+00,0.000000e+00,21626.6,4468074.0,67323.9,18.22,23.15
CSV,45011,4500,2,1,0,705,0,0.000000e+00,0.000000e+00,21378.7,3620288.0,72232.5,17.00,22.29
CSV,50011,5000,2,1,0,805,0,0.000000e+00,0.000000e+00,19565.7,4561470.0,67312.3,18.31,23.68
CSV,55011,5500,2,1,0,905,0,0.000000e+00,0.000000e+00,20455.7,4664497.5,65766.9,18.51,23.58
CSV,60011,6000,2,1,0,1005,0,0.000000e+00,0.000000e+00,20784.0,4794102.5,69692.7,18.38,23.63
BER: END_SEQ #2 [LOCK] seq_err=0 BER_seq=0.0000e+00 | lock=2 slip=0 BER_cond=0.0000e+00 BER_cum=0.0000e+00
BER: SYNC #3 (gated)
CSV,65011,6500,3,2,0,1028,0,0.000000e+00,0.000000e+00,22754.4,4874981.0,64788.3,18.76,23.31
CSV,70011,7000,3,2,0,1128,0,0.000000e+00,0.000000e+00,19344.9,4709007.5,61258.2,18.86,23.86
CSV,75011,7500,3,2,0,1228,0,0.000000e+00,0.000000e+00,20149.0,3514464.2,65272.2,17.31,22.42
CSV,80011,8000,3,2,0,1328,0,0.000000e+00,0.000000e+00,21810.7,4606650.5,62308.0,18.69,23.25
CSV,85011,8500,3,2,0,1428,0,0.000000e+00,0.000000e+00,20865.4,4893087.5,62186.8,18.96,23.70
CSV,90011,9000,3,2,0,1528,0,0.000000e+00,0.000000e+00,22366.3,4551528.0,65810.1,18.40,23.09
BER: END_SEQ #3 [LOCK] seq_err=0 BER_seq=0.0000e+00 | lock=3 slip=0 BER_cond=0.0000e+00 BER_cum=0.0000e+00
BER: SYNC #4 (gated)
CSV,95011,9500,4,3,0,1550,0,0.000000e+00,0.000000e+00,19933.9,4736961.0,61985.8,18.83,23.76
CSV,100011,10000,4,3,0,1650,0,0.000000e+00,0.000000e+00,18915.3,4422019.0,63798.6,18.41,23.69
CSV,105011,10500,4,3,0,1750,0,0.000000e+00,0.000000e+00,19973.8,3764372.8,61067.8,17.90,22.75
CSV,110011,11000,4,3,0,1850,0,0.000000e+00,0.000000e+00,20875.5,4365968.5,63159.8,18.40,23.20
CSV,115011,11500,4,3,0,1950,0,0.000000e+00,0.000000e+00,18477.0,4566920.0,58941.6,18.89,23.93
BER: END_SEQ #4 [LOCK] seq_err=0 BER_seq=0.0000e+00 | lock=4 slip=0 BER_cond=0.0000e+00 BER_cum=0.0000e+00
CSV,120011,12000,4,4,0,2044,0,0.000000e+00,0.000000e+00,19998.1,4727213.0,65841.5,18.56,23.74
BER: SYNC #5 (gated)
CSV,125011,12500,5,4,0,2073,0,0.000000e+00,0.000000e+00,21694.7,4621220.0,65634.5,18.48,23.28
CSV,130011,13000,5,4,0,2173,0,0.000000e+00,0.000000e+00,21785.5,3787049.5,66819.3,17.53,22.40
CSV,135011,13500,5,4,0,2273,0,0.000000e+00,0.000000e+00,19790.9,4189001.8,67505.2,17.93,23.26
CSV,140011,14000,5,4,0,2373,0,0.000000e+00,0.000000e+00,19129.2,4374480.0,60183.0,18.61,23.59
CSV,145011,14500,5,4,0,2473,0,0.000000e+00,0.000000e+00,23176.1,4428027.5,63063.6,18.46,22.81
BER: END_SEQ #5 [LOCK] seq_err=0 BER_seq=0.0000e+00 | lock=5 slip=0 BER_cond=0.0000e+00 BER_cum=0.0000e+00
CSV,150011,15000,5,5,0,2555,0,0.000000e+00,0.000000e+00,19405.3,4712197.5,63651.5,18.69,23.85
BER: SYNC #6 (gated)
CSV,155011,15500,6,5,0,2596,0,0.000000e+00,0.000000e+00,21519.5,4331106.0,61024.7,18.51,23.04
CSV,160011,16000,6,5,0,2696,0,0.000000e+00,0.000000e+00,17716.1,3712514.0,58123.2,18.05,23.21
CSV,165011,16500,6,5,0,2796,0,0.000000e+00,0.000000e+00,17156.9,4502795.5,62989.1,18.54,24.19
CSV,170011,17000,6,5,0,2896,0,0.000000e+00,0.000000e+00,17939.1,4240876.5,67431.4,17.99,23.74
CSV,175011,17500,6,5,0,2996,0,0.000000e+00,0.000000e+00,19730.0,4476025.5,61677.0,18.61,23.56
BER: END_SEQ #6 [LOCK] seq_err=0 BER_seq=0.0000e+00 | lock=6 slip=0 BER_cond=0.0000e+00 BER_cum=0.0000e+00
CSV,180011,18000,6,6,0,3066,0,0.000000e+00,0.000000e+00,19828.7,4589584.5,56006.3,19.14,23.64
BER: SYNC #7 (gated)
CSV,185011,18500,7,6,0,3119,0,0.000000e+00,0.000000e+00,22620.3,4370296.5,60540.4,18.58,22.86
CSV,190011,19000,7,6,0,3219,0,0.000000e+00,0.000000e+00,20829.9,3585883.8,58532.5,17.87,22.36
CSV,195011,19500,7,6,0,3318,0,0.000000e+00,0.000000e+00,20191.7,4348220.5,67534.0,18.09,23.33
CSV,200011,20000,7,6,0,3418,0,0.000000e+00,0.000000e+00,18250.3,4389769.5,69204.4,18.02,23.81
CSV,205011,20500,7,6,0,3518,0,0.000000e+00,0.000000e+00,18900.7,4285456.5,51723.1,19.18,23.56
BER: END_SEQ #7 [LOCK] seq_err=0 BER_seq=0.0000e+00 | lock=7 slip=0 BER_cond=0.0000e+00 BER_cum=0.0000e+00
CSV,210011,21000,7,7,0,3577,0,0.000000e+00,0.000000e+00,21514.2,4541675.5,63339.7,18.56,23.24
BER: SYNC #8 (gated)
CSV,215011,21500,8,7,0,3641,0,0.000000e+00,0.000000e+00,19404.5,4504155.0,53215.4,19.28,23.66
CSV,220011,22000,8,7,0,3741,0,0.000000e+00,0.000000e+00,19837.5,3218871.0,68537.2,16.72,22.10
CSV,225011,22500,8,7,0,3841,0,0.000000e+00,0.000000e+00,18807.9,4304483.5,58547.3,18.66,23.60
CSV,230011,23000,8,7,0,3941,0,0.000000e+00,0.000000e+00,18571.1,4555355.0,62595.9,18.62,23.90
CSV,235011,23500,8,7,0,4041,0,0.000000e+00,0.000000e+00,19874.1,4203759.0,61476.6,18.35,23.25
BER: END_SEQ #8 [LOCK] seq_err=0 BER_seq=0.0000e+00 | lock=8 slip=0 BER_cond=0.0000e+00 BER_cum=0.0000e+00
CSV,240011,24000,8,8,0,4088,0,0.000000e+00,0.000000e+00,21153.8,4552003.5,67552.5,18.29,23.33
BER: SYNC #9 (gated)
CSV,245011,24500,9,8,0,4164,0,0.000000e+00,0.000000e+00,18610.5,4516686.5,61303.2,18.67,23.85
CSV,250011,25000,9,8,0,4264,0,0.000000e+00,0.000000e+00,19869.7,3419101.2,63791.7,17.29,22.36
CSV,255011,25500,9,8,0,4364,0,0.000000e+00,0.000000e+00,21554.0,3973419.2,59054.3,18.28,22.66
CSV,260011,26000,9,8,0,4464,0,0.000000e+00,0.000000e+00,20314.8,4683737.5,64670.5,18.60,23.63
CSV,265011,26500,9,8,0,4564,0,0.000000e+00,0.000000e+00,18014.3,4181393.0,65592.4,18.04,23.66
BER: END_SEQ #9 [LOCK] seq_err=0 BER_seq=0.0000e+00 | lock=9 slip=0 BER_cond=0.0000e+00 BER_cum=0.0000e+00
CSV,270011,27000,9,9,0,4599,0,0.000000e+00,0.000000e+00,20629.7,4582684.5,65300.3,18.46,23.47
BER: SYNC #10 (gated)
CSV,275011,27500,10,9,0,4687,0,0.000000e+00,0.000000e+00,20753.7,4307041.0,61940.2,18.42,23.17
CSV,280011,28000,10,9,0,4787,0,0.000000e+00,0.000000e+00,22234.8,3436255.8,57195.8,17.79,21.89
CSV,285011,28500,10,9,0,4887,0,0.000000e+00,0.000000e+00,20029.2,4322618.0,60835.2,18.52,23.34
CSV,290011,29000,10,9,0,4987,0,0.000000e+00,0.000000e+00,19128.8,4313294.5,62316.6,18.40,23.53
CSV,295011,29500,10,9,0,5086,0,0.000000e+00,0.000000e+00,20744.6,4066601.5,66701.1,17.85,22.92
BER: END_SEQ #10 [LOCK] seq_err=0 BER_seq=0.0000e+00 | lock=10 slip=0 BER_cond=0.0000e+00 BER_cum=0.0000e+00
CSV,300011,30000,10,10,0,5110,0,0.000000e+00,0.000000e+00,19930.9,4606081.0,67153.9,18.36,23.64
BER: SYNC #11 (gated)
CSV,305011,30500,11,10,0,5209,0,0.000000e+00,0.000000e+00,38937.3,4867909.5,166423.0,14.66,20.97
CSV,310011,31000,11,10,0,5309,0,0.000000e+00,0.000000e+00,26926.1,3811916.8,96611.9,15.96,21.51
CSV,315011,31500,11,10,0,5409,0,0.000000e+00,0.000000e+00,21403.1,4233643.0,65208.6,18.12,22.96
CSV,320011,32000,11,10,0,5509,0,0.000000e+00,0.000000e+00,21259.7,4539653.5,61019.3,18.72,23.29
CSV,325011,32500,11,10,0,5609,0,0.000000e+00,0.000000e+00,20518.5,4239449.5,57790.3,18.65,23.15
BER: END_SEQ #11 [LOCK] seq_err=0 BER_seq=0.0000e+00 | lock=11 slip=0 BER_cond=0.0000e+00 BER_cum=0.0000e+00
BER: SYNC #12 (gated)
CSV,330011,33000,12,11,0,5632,0,0.000000e+00,0.000000e+00,19913.3,4611801.0,65078.6,18.50,23.65
CSV,335011,33500,12,11,0,5732,0,0.000000e+00,0.000000e+00,19044.7,4097329.8,61778.9,18.22,23.33
CSV,340011,34000,12,11,0,5832,0,0.000000e+00,0.000000e+00,21768.3,3519018.2,63408.3,17.44,22.09
CSV,345011,34500,12,11,0,5932,0,0.000000e+00,0.000000e+00,19202.7,3348906.2,59966.6,17.47,22.42
CSV,350011,35000,12,11,0,6032,0,0.000000e+00,0.000000e+00,21376.1,4080996.5,58592.7,18.43,22.81
BER: END_SEQ #12 [LOCK] seq_err=0 BER_seq=0.0000e+00 | lock=12 slip=0 BER_cond=0.0000e+00 BER_cum=0.0000e+00
CSV,355011,35500,12,12,0,6132,0,0.000000e+00,0.000000e+00,23481.2,4593324.5,54917.7,19.22,22.91
BER: SYNC #13 (gated)
CSV,360011,36000,13,12,0,6155,0,0.000000e+00,0.000000e+00,21375.7,4622515.5,64400.0,18.56,23.35
CSV,365011,36500,13,12,0,6255,0,0.000000e+00,0.000000e+00,20297.5,4056142.2,66563.2,17.85,23.01
CSV,370011,37000,13,12,0,6355,0,0.000000e+00,0.000000e+00,19617.4,3923095.0,55373.2,18.50,23.01
CSV,375011,37500,13,12,0,6455,0,0.000000e+00,0.000000e+00,17643.7,4403612.5,58938.0,18.73,23.97
CSV,380011,38000,13,12,0,6555,0,0.000000e+00,0.000000e+00,21236.9,3150018.2,62439.7,17.03,21.71
BER: END_SEQ #13 [LOCK] seq_err=0 BER_seq=0.0000e+00 | lock=13 slip=0 BER_cond=0.0000e+00 BER_cum=0.0000e+00
CSV,385011,38500,13,13,0,6643,0,0.000000e+00,0.000000e+00,22289.3,5609603.5,61662.1,19.59,24.01
BER: SYNC #14 (gated)
CSV,390011,39000,14,13,0,6678,0,0.000000e+00,0.000000e+00,22577.6,5266371.0,66764.6,18.97,23.68
CSV,395011,39500,14,13,0,6778,0,0.000000e+00,0.000000e+00,23327.1,3254278.8,65181.2,16.98,21.45
CSV,400011,40000,14,13,0,6878,0,0.000000e+00,0.000000e+00,21485.0,5132023.0,64356.0,19.02,23.78
CSV,405011,40500,14,13,0,6977,0,0.000000e+00,0.000000e+00,22268.0,5196548.0,63766.3,19.11,23.68
CSV,410011,41000,14,13,0,7077,0,0.000000e+00,0.000000e+00,24427.7,5211776.0,65398.5,19.01,23.29
BER: END_SEQ #14 [LOCK] seq_err=0 BER_seq=0.0000e+00 | lock=14 slip=0 BER_cond=0.0000e+00 BER_cum=0.0000e+00
CSV,415011,41500,14,14,0,7154,0,0.000000e+00,0.000000e+00,22186.4,3845203.5,51743.4,18.71,22.39
BER: SYNC #15 (gated)
CSV,420011,42000,15,14,0,7200,0,0.000000e+00,0.000000e+00,26873.3,3283224.8,65765.3,16.98,20.87
CSV,425011,42500,15,14,0,7300,0,0.000000e+00,0.000000e+00,24055.9,3480804.0,58874.2,17.72,21.60
CSV,430011,43000,15,14,0,7400,0,0.000000e+00,0.000000e+00,22461.4,4793390.5,63055.4,18.81,23.29
CSV,435011,43500,15,14,0,7500,0,0.000000e+00,0.000000e+00,23273.6,5491026.0,64903.1,19.27,23.73
CSV,440011,44000,15,14,0,7600,0,0.000000e+00,0.000000e+00,22047.8,5623626.0,66368.1,19.28,24.07
BER: END_SEQ #15 [LOCK] seq_err=0 BER_seq=0.0000e+00 | lock=15 slip=0 BER_cond=0.0000e+00 BER_cum=0.0000e+00
CSV,445011,44500,15,15,0,7665,0,0.000000e+00,0.000000e+00,22667.4,5651859.0,64256.6,19.44,23.97
BER: SYNC #16 (gated)
CSV,450011,45000,16,15,0,7723,0,0.000000e+00,0.000000e+00,21198.8,5756452.5,55740.5,20.14,24.34
CSV,455011,45500,16,15,0,7823,0,0.000000e+00,0.000000e+00,22811.5,4524459.0,59550.2,18.81,22.97
CSV,460011,46000,16,15,0,7923,0,0.000000e+00,0.000000e+00,21405.7,3749098.0,62343.8,17.79,22.43
CSV,465011,46500,16,15,0,8023,0,0.000000e+00,0.000000e+00,19700.3,5363723.0,62527.5,19.33,24.35
CSV,470011,47000,16,15,0,8123,0,0.000000e+00,0.000000e+00,19175.2,5246956.5,62460.9,19.24,24.37
BER: END_SEQ #16 [LOCK] seq_err=0 BER_seq=0.0000e+00 | lock=16 slip=0 BER_cond=0.0000e+00 BER_cum=0.0000e+00
CSV,475011,47500,16,16,0,8176,0,0.000000e+00,0.000000e+00,20637.0,5901387.5,63379.5,19.69,24.56
BER: SYNC #17 (gated)
CSV,480011,48000,17,16,0,8246,0,0.000000e+00,0.000000e+00,22004.8,5512919.0,60286.5,19.61,23.99
CSV,485011,48500,17,16,0,8346,0,0.000000e+00,0.000000e+00,21117.3,4144401.8,59907.3,18.40,22.93
CSV,490011,49000,17,16,0,8446,0,0.000000e+00,0.000000e+00,21056.6,4938680.5,63859.6,18.88,23.70
CSV,495011,49500,17,16,0,8546,0,0.000000e+00,0.000000e+00,20780.6,3373098.5,65955.7,17.09,22.10
CSV,500011,50000,17,16,0,8645,0,0.000000e+00,0.000000e+00,21144.4,3206500.5,61384.3,17.18,21.81
BER: END_SEQ #17 [LOCK] seq_err=0 BER_seq=0.0000e+00 | lock=17 slip=0 BER_cond=0.0000e+00 BER_cum=0.0000e+00
CSV,505011,50500,17,17,0,8687,0,0.000000e+00,0.000000e+00,21222.7,3262037.8,57714.9,17.52,21.87
BER: SYNC #18 (gated)
CSV,510011,51000,18,17,0,8768,0,0.000000e+00,0.000000e+00,20805.2,4813248.5,64948.8,18.70,23.64
CSV,515011,51500,18,17,0,8868,0,0.000000e+00,0.000000e+00,20821.4,4308409.5,64744.8,18.23,23.16
CSV,520011,52000,18,17,0,8968,0,0.000000e+00,0.000000e+00,23339.0,3052761.8,64537.3,16.75,21.17
CSV,525011,52500,18,17,0,9068,0,0.000000e+00,0.000000e+00,27529.1,3090438.2,71468.5,16.36,20.50
CSV,530011,53000,18,17,0,9168,0,0.000000e+00,0.000000e+00,22358.7,3571220.8,66870.4,17.28,22.03
BER: END_SEQ #18 [LOCK] seq_err=0 BER_seq=0.0000e+00 | lock=18 slip=0 BER_cond=0.0000e+00 BER_cum=0.0000e+00
CSV,535011,53500,18,18,0,9198,0,0.000000e+00,0.000000e+00,20523.7,5717223.5,60223.0,19.77,24.45
BER: SYNC #19 (gated)
CSV,540011,54000,19,18,0,9291,0,0.000000e+00,0.000000e+00,21180.2,5100288.0,63366.0,19.06,23.82
CSV,545011,54500,19,18,0,9391,0,0.000000e+00,0.000000e+00,18305.2,4028230.5,62991.5,18.06,23.43
CSV,550011,55000,19,18,0,9491,0,0.000000e+00,0.000000e+00,21910.9,5190018.5,60418.1,19.34,23.75
CSV,555011,55500,19,18,0,9591,0,0.000000e+00,0.000000e+00,21597.9,5402197.0,62662.3,19.36,23.98
CSV,560011,56000,19,18,0,9691,0,0.000000e+00,0.000000e+00,22932.0,5402492.0,71957.6,18.76,23.72
BER: END_SEQ #19 [LOCK] seq_err=0 BER_seq=0.0000e+00 | lock=19 slip=0 BER_cond=0.0000e+00 BER_cum=0.0000e+00
BER: SYNC #20 (gated)
CSV,565011,56500,20,19,0,9714,0,0.000000e+00,0.000000e+00,22150.7,5356515.0,65914.0,19.10,23.83
CSV,570011,57000,20,19,0,9814,0,0.000000e+00,0.000000e+00,21837.9,5402900.0,71347.0,18.79,23.93
CSV,575011,57500,20,19,0,9914,0,0.000000e+00,0.000000e+00,20426.5,3961634.8,65803.6,17.80,22.88
CSV,580011,58000,20,19,0,10014,0,0.000000e+00,0.000000e+00,20029.3,5254725.0,64105.6,19.14,24.19
CSV,585011,58500,20,19,0,10114,0,0.000000e+00,0.000000e+00,19451.1,5110061.0,65782.9,18.90,24.19
CSV,590011,59000,20,19,0,10214,0,0.000000e+00,0.000000e+00,20178.2,5349848.0,64961.1,19.16,24.23
BER: END_SEQ #20 [LOCK] seq_err=0 BER_seq=0.0000e+00 | lock=20 slip=0 BER_cond=0.0000e+00 BER_cum=0.0000e+00
BER: SYNC #21 (gated)
CSV,595011,59500,21,20,0,10237,0,0.000000e+00,0.000000e+00,20333.0,5700352.5,62607.2,19.59,24.48
CSV,600011,60000,21,20,0,10337,0,0.000000e+00,0.000000e+00,18348.1,4829565.0,65607.6,18.67,24.20
CSV,605011,60500,21,20,0,10436,0,0.000000e+00,0.000000e+00,22337.0,4264442.5,61727.4,18.39,22.81
CSV,610011,61000,21,20,0,10536,0,0.000000e+00,0.000000e+00,19937.9,4891573.0,64943.7,18.77,23.90
CSV,615011,61500,21,20,0,10636,0,0.000000e+00,0.000000e+00,20094.3,5212411.5,61598.5,19.27,24.14
BER: END_SEQ #21 [LOCK] seq_err=0 BER_seq=0.0000e+00 | lock=21 slip=0 BER_cond=0.0000e+00 BER_cum=0.0000e+00
CSV,620011,62000,21,21,0,10731,0,0.000000e+00,0.000000e+00,20451.1,5522206.0,69235.8,19.02,24.31
BER: SYNC #22 (gated)
CSV,625011,62500,22,21,0,10759,0,0.000000e+00,0.000000e+00,19587.3,5120594.5,62775.6,19.12,24.17
CSV,630011,63000,22,21,0,10859,0,0.000000e+00,0.000000e+00,19958.0,4407117.0,63328.7,18.43,23.44
CSV,635011,63500,22,21,0,10959,0,0.000000e+00,0.000000e+00,17933.5,4944068.0,66464.6,18.71,24.40
CSV,640011,64000,22,21,0,11059,0,0.000000e+00,0.000000e+00,18895.2,5212325.5,58953.9,19.47,24.41
CSV,645011,64500,22,21,0,11159,0,0.000000e+00,0.000000e+00,18840.4,5118243.0,62111.7,19.16,24.34
BER: END_SEQ #22 [LOCK] seq_err=0 BER_seq=0.0000e+00 | lock=22 slip=0 BER_cond=0.0000e+00 BER_cum=0.0000e+00
CSV,650011,65000,22,22,0,11242,0,0.000000e+00,0.000000e+00,18469.6,5381248.5,65366.2,19.16,24.64
BER: SYNC #23 (gated)
CSV,655011,65500,23,22,0,11282,0,0.000000e+00,0.000000e+00,22601.3,5031373.5,70917.2,18.51,23.48
CSV,660011,66000,23,22,0,11382,0,0.000000e+00,0.000000e+00,20367.4,4466981.5,62353.2,18.55,23.41
CSV,665011,66500,23,22,0,11482,0,0.000000e+00,0.000000e+00,21959.6,5036328.5,64622.6,18.92,23.60
CSV,670011,67000,23,22,0,11582,0,0.000000e+00,0.000000e+00,20173.6,4925446.0,64264.7,18.84,23.88
CSV,675011,67500,23,22,0,11682,0,0.000000e+00,0.000000e+00,21394.0,5171095.5,71557.7,18.59,23.83
BER: END_SEQ #23 [LOCK] seq_err=0 BER_seq=0.0000e+00 | lock=23 slip=0 BER_cond=0.0000e+00 BER_cum=0.0000e+00
CSV,680011,68000,23,23,0,11753,0,0.000000e+00,0.000000e+00,19171.2,5207778.0,66093.0,18.96,24.34
BER: SYNC #24 (gated)
CSV,685011,68500,24,23,0,11805,0,0.000000e+00,0.000000e+00,17749.2,5035371.0,60378.0,19.21,24.53
CSV,690011,69000,24,23,0,11905,0,0.000000e+00,0.000000e+00,18276.2,4142399.8,62078.6,18.24,23.55
CSV,695011,69500,24,23,0,12005,0,0.000000e+00,0.000000e+00,20996.0,5228504.0,68249.6,18.84,23.96
CSV,700011,70000,24,23,0,12105,0,0.000000e+00,0.000000e+00,22010.8,5224236.0,68589.0,18.82,23.75
CSV,705011,70500,24,23,0,12204,0,0.000000e+00,0.000000e+00,20114.4,4988685.5,72603.6,18.37,23.94
BER: END_SEQ #24 [LOCK] seq_err=0 BER_seq=0.0000e+00 | lock=24 slip=0 BER_cond=0.0000e+00 BER_cum=0.0000e+00
CSV,710011,71000,24,24,0,12264,0,0.000000e+00,0.000000e+00,19568.7,5186618.0,61725.6,19.24,24.23
BER: SYNC #25 (gated)
CSV,715011,71500,25,24,0,12327,0,0.000000e+00,0.000000e+00,18578.0,5310949.0,58845.0,19.55,24.56
CSV,720011,72000,25,24,0,12427,0,0.000000e+00,0.000000e+00,18812.5,3949523.5,67289.7,17.69,23.22
CSV,725011,72500,25,24,0,12527,0,0.000000e+00,0.000000e+00,22943.1,4965269.0,70747.6,18.46,23.35
CSV,730011,73000,25,24,0,12627,0,0.000000e+00,0.000000e+00,19757.9,5311493.0,75578.8,18.47,24.29
CSV,735011,73500,25,24,0,12727,0,0.000000e+00,0.000000e+00,19104.3,5063827.5,66478.5,18.82,24.23
BER: END_SEQ #25 [LOCK] seq_err=0 BER_seq=0.0000e+00 | lock=25 slip=0 BER_cond=0.0000e+00 BER_cum=0.0000e+00
CSV,740011,74000,25,25,0,12775,0,0.000000e+00,0.000000e+00,19026.6,5388121.5,63777.5,19.27,24.52
BER: SYNC #26 (gated)
CSV,745011,74500,26,25,0,12850,0,0.000000e+00,0.000000e+00,19531.6,5221428.0,69690.6,18.75,24.27
CSV,750011,75000,26,25,0,12950,0,0.000000e+00,0.000000e+00,21124.2,3946040.5,68902.6,17.58,22.71
CSV,755011,75500,26,25,0,13050,0,0.000000e+00,0.000000e+00,19126.8,4813166.0,57174.0,19.25,24.01
CSV,760011,76000,26,25,0,13150,0,0.000000e+00,0.000000e+00,17966.7,5723425.5,58937.2,19.87,25.03
CSV,765011,76500,26,25,0,13250,0,0.000000e+00,0.000000e+00,18007.1,4805707.5,58494.2,19.15,24.26
BER: END_SEQ #26 [LOCK] seq_err=0 BER_seq=0.0000e+00 | lock=26 slip=0 BER_cond=0.0000e+00 BER_cum=0.0000e+00
CSV,770011,77000,26,26,0,13286,0,0.000000e+00,0.000000e+00,19980.7,5350319.5,66202.1,19.08,24.28
BER: SYNC #27 (gated)
CSV,775011,77500,27,26,0,13373,0,0.000000e+00,0.000000e+00,21926.6,5263426.5,67388.6,18.93,23.80
CSV,780011,78000,27,26,0,13473,0,0.000000e+00,0.000000e+00,18516.5,4214272.5,57383.0,18.66,23.57
CSV,785011,78500,27,26,0,13573,0,0.000000e+00,0.000000e+00,20977.7,5093291.5,68960.9,18.68,23.85
CSV,790011,79000,27,26,0,13673,0,0.000000e+00,0.000000e+00,20052.2,5030792.5,64571.3,18.92,23.99
CSV,795011,79500,27,26,0,13773,0,0.000000e+00,0.000000e+00,18871.5,5072867.5,65986.7,18.86,24.29
BER: END_SEQ #27 [LOCK] seq_err=0 BER_seq=0.0000e+00 | lock=27 slip=0 BER_cond=0.0000e+00 BER_cum=0.0000e+00
CSV,800011,80000,27,27,0,13797,0,0.000000e+00,0.000000e+00,18466.6,5471060.0,60059.2,19.59,24.72
BER: SYNC #28 (gated)
CSV,805011,80500,28,27,0,13896,0,0.000000e+00,0.000000e+00,21162.4,5064141.0,70026.3,18.59,23.79
CSV,810011,81000,28,27,0,13996,0,0.000000e+00,0.000000e+00,20035.8,3910712.5,62239.1,17.98,22.90
CSV,815011,81500,28,27,0,14095,0,0.000000e+00,0.000000e+00,22179.0,4954711.5,69097.9,18.56,23.49
CSV,820011,82000,28,27,0,14195,0,0.000000e+00,0.000000e+00,21574.5,5245955.0,67326.7,18.92,23.86
CSV,825011,82500,28,27,0,14295,0,0.000000e+00,0.000000e+00,20111.3,5336521.5,61883.4,19.36,24.24
BER: END_SEQ #28 [LOCK] seq_err=0 BER_seq=0.0000e+00 | lock=28 slip=0 BER_cond=0.0000e+00 BER_cum=0.0000e+00
BER: SYNC #29 (gated)
CSV,830011,83000,29,28,0,14318,0,0.000000e+00,0.000000e+00,19800.3,5279577.0,63083.1,19.23,24.26
CSV,835011,83500,29,28,0,14418,0,0.000000e+00,0.000000e+00,18863.1,4812860.0,64852.8,18.70,24.07
CSV,840011,84000,29,28,0,14518,0,0.000000e+00,0.000000e+00,21233.3,4243263.5,67938.6,17.96,23.01
CSV,845011,84500,29,28,0,14618,0,0.000000e+00,0.000000e+00,18445.7,5046150.0,58662.9,19.35,24.37
CSV,850011,85000,29,28,0,14718,0,0.000000e+00,0.000000e+00,20942.3,5276607.5,62244.2,19.28,24.01
CSV,855011,85500,29,28,0,14818,0,0.000000e+00,0.000000e+00,19598.9,5265728.5,58549.0,19.54,24.29
BER: END_SEQ #29 [LOCK] seq_err=0 BER_seq=0.0000e+00 | lock=29 slip=0 BER_cond=0.0000e+00 BER_cum=0.0000e+00
BER: SYNC #30 (gated)
CSV,860011,86000,30,29,0,14841,0,0.000000e+00,0.000000e+00,18443.8,5256293.0,62525.1,19.25,24.55
CSV,865011,86500,30,29,0,14941,0,0.000000e+00,0.000000e+00,19480.2,4600578.0,59554.0,18.88,23.73
CSV,870011,87000,30,29,0,15041,0,0.000000e+00,0.000000e+00,19663.8,4266230.0,64304.9,18.22,23.36
CSV,875011,87500,30,29,0,15141,0,0.000000e+00,0.000000e+00,17678.8,4963670.0,63655.9,18.92,24.48
CSV,880011,88000,30,29,0,15241,0,0.000000e+00,0.000000e+00,18944.4,5106815.5,62151.9,19.15,24.31
BER: END_SEQ #30 [LOCK] seq_err=0 BER_seq=0.0000e+00 | lock=30 slip=0 BER_cond=0.0000e+00 BER_cum=0.0000e+00
CSV,885011,88500,30,30,0,15330,0,0.000000e+00,0.000000e+00,19180.5,5578597.5,61341.1,19.59,24.64
BER: SYNC #31 (gated)
CSV,890011,89000,31,30,0,15364,0,0.000000e+00,0.000000e+00,19689.8,5038740.5,63302.8,19.01,24.08
CSV,895011,89500,31,30,0,15464,0,0.000000e+00,0.000000e+00,18967.3,4250673.5,61512.9,18.39,23.50
CSV,900011,90000,31,30,0,15564,0,0.000000e+00,0.000000e+00,18205.3,4931350.0,58043.5,19.29,24.33
CSV,905011,90500,31,30,0,15664,0,0.000000e+00,0.000000e+00,21376.4,5164475.5,61001.8,19.28,23.83
CSV,910011,91000,31,30,0,15764,0,0.000000e+00,0.000000e+00,19635.2,4916914.0,64266.6,18.84,23.99
BER: END_SEQ #31 [LOCK] seq_err=0 BER_seq=0.0000e+00 | lock=31 slip=0 BER_cond=0.0000e+00 BER_cum=0.0000e+00
CSV,915011,91500,31,31,0,15841,0,0.000000e+00,0.000000e+00,18735.6,5180318.0,60103.4,19.35,24.42
BER: SYNC #32 (gated)
CSV,920011,92000,32,31,0,15886,0,0.000000e+00,0.000000e+00,18803.8,5072277.5,68477.5,18.70,24.31
CSV,925011,92500,32,31,0,15986,0,0.000000e+00,0.000000e+00,20353.2,4050228.8,65089.7,17.94,22.99
CSV,930011,93000,32,31,0,16086,0,0.000000e+00,0.000000e+00,21183.2,5165646.5,68101.8,18.80,23.87
CSV,935011,93500,32,31,0,16186,0,0.000000e+00,0.000000e+00,18226.6,4887829.5,58737.8,19.20,24.28
CSV,940011,94000,32,31,0,16286,0,0.000000e+00,0.000000e+00,17990.5,5190084.0,65364.6,19.00,24.60
BER: END_SEQ #32 [LOCK] seq_err=0 BER_seq=0.0000e+00 | lock=32 slip=0 BER_cond=0.0000e+00 BER_cum=0.0000e+00
CSV,945011,94500,32,32,0,16352,0,0.000000e+00,0.000000e+00,18905.1,5201195.0,58878.9,19.46,24.40
BER: SYNC #33 (gated)
CSV,950011,95000,33,32,0,16409,0,0.000000e+00,0.000000e+00,18134.1,5197958.0,56726.6,19.62,24.57
CSV,955011,95500,33,32,0,16509,0,0.000000e+00,0.000000e+00,20037.3,4004372.2,63041.3,18.03,23.01
CSV,960011,96000,33,32,0,16609,0,0.000000e+00,0.000000e+00,18301.6,4836786.5,59677.5,19.09,24.22
CSV,965011,96500,33,32,0,16709,0,0.000000e+00,0.000000e+00,19994.8,5506766.0,60390.2,19.60,24.40
CSV,970011,97000,33,32,0,16809,0,0.000000e+00,0.000000e+00,17967.7,4789345.5,59110.5,19.09,24.26
BER: END_SEQ #33 [LOCK] seq_err=0 BER_seq=0.0000e+00 | lock=33 slip=0 BER_cond=0.0000e+00 BER_cum=0.0000e+00
CSV,975011,97500,33,33,0,16863,0,0.000000e+00,0.000000e+00,19402.6,5281679.0,61365.4,19.35,24.35
BER: SYNC #34 (gated)
CSV,980011,98000,34,33,0,16932,0,0.000000e+00,0.000000e+00,19852.1,5219453.0,64222.4,19.10,24.20
CSV,985011,98500,34,33,0,17032,0,0.000000e+00,0.000000e+00,19042.8,3908123.2,59176.9,18.20,23.12
CSV,990011,99000,34,33,0,17132,0,0.000000e+00,0.000000e+00,25982.3,5088196.0,107920.6,16.73,22.92
CSV,995011,99500,34,33,0,17232,0,0.000000e+00,0.000000e+00,16154.6,9691591.0,62750.6,21.89,27.78
CSV,1000011,100000,34,33,0,17332,0,0.000000e+00,0.000000e+00,8750.4,10346361.0,22316.0,26.66,30.73
BER: END_SEQ #34 [LOCK] seq_err=0 BER_seq=0.0000e+00 | lock=34 slip=0 BER_cond=0.0000e+00 BER_cum=0.0000e+00
CSV,1005011,100500,34,34,0,17374,0,0.000000e+00,0.000000e+00,8488.1,12343620.0,19159.6,28.09,31.63
BER: SYNC #35 (gated)
CSV,1010011,101000,35,34,0,17454,0,0.000000e+00,0.000000e+00,8148.1,11855134.0,19193.3,27.91,31.63
CSV,1015011,101500,35,34,0,17555,0,0.000000e+00,0.000000e+00,14199.0,6125486.5,47480.7,21.11,26.35
CSV,1020011,102000,35,34,0,17654,0,0.000000e+00,0.000000e+00,19454.3,4467687.0,58548.3,18.83,23.61
CSV,1025011,102500,35,34,0,17754,0,0.000000e+00,0.000000e+00,18570.6,5694354.0,71465.3,19.01,24.87
CSV,1030011,103000,35,34,0,17854,0,0.000000e+00,0.000000e+00,19466.7,4928392.0,56323.0,19.42,24.03
BER: END_SEQ #35 [LOCK] seq_err=0 BER_seq=0.0000e+00 | lock=35 slip=0 BER_cond=0.0000e+00 BER_cum=0.0000e+00
CSV,1035011,103500,35,35,0,17885,0,0.000000e+00,0.000000e+00,18743.9,5460155.5,66160.3,19.17,24.64
BER: SYNC #36 (gated)
CSV,1040011,104000,36,35,0,17977,0,0.000000e+00,0.000000e+00,19428.6,4839284.5,68672.6,18.48,23.96
CSV,1045011,104500,36,35,0,18077,0,0.000000e+00,0.000000e+00,19820.7,3975925.0,67923.5,17.67,23.02
CSV,1050011,105000,36,35,0,18177,0,0.000000e+00,0.000000e+00,21668.3,5051146.0,71098.3,18.52,23.68
CSV,1055011,105500,36,35,0,18277,0,0.000000e+00,0.000000e+00,22443.2,5135943.5,69270.2,18.70,23.60
CSV,1060011,106000,36,35,0,18377,0,0.000000e+00,0.000000e+00,17881.2,5047299.0,61776.8,19.12,24.51
BER: END_SEQ #36 [LOCK] seq_err=0 BER_seq=0.0000e+00 | lock=36 slip=0 BER_cond=0.0000e+00 BER_cum=0.0000e+00
BER: SYNC #37 (gated)
CSV,1065011,106500,37,36,0,18400,0,0.000000e+00,0.000000e+00,19554.8,5246020.0,73485.5,18.54,24.29
CSV,1070011,107000,37,36,0,18500,0,0.000000e+00,0.000000e+00,23320.4,5233465.5,70930.7,18.68,23.51
CSV,1075011,107500,37,36,0,18600,0,0.000000e+00,0.000000e+00,19054.7,3750281.8,70135.4,17.28,22.94
CSV,1080011,108000,37,36,0,18700,0,0.000000e+00,0.000000e+00,19665.3,4979784.0,67289.8,18.69,24.04
CSV,1085011,108500,37,36,0,18800,0,0.000000e+00,0.000000e+00,20828.1,5212769.0,58888.0,19.47,23.98
CSV,1090011,109000,37,36,0,18900,0,0.000000e+00,0.000000e+00,22153.0,5105992.5,59556.0,19.33,23.63
BER: END_SEQ #37 [LOCK] seq_err=0 BER_seq=0.0000e+00 | lock=37 slip=0 BER_cond=0.0000e+00 BER_cum=0.0000e+00
BER: SYNC #38 (gated)
CSV,1095011,109500,38,37,0,18923,0,0.000000e+00,0.000000e+00,21358.8,5531604.0,68890.5,19.05,24.13
CSV,1100011,110000,38,37,0,19023,0,0.000000e+00,0.000000e+00,17217.8,4716492.0,62517.1,18.78,24.38
CSV,1105011,110500,38,37,0,19123,0,0.000000e+00,0.000000e+00,18765.4,4230654.5,65434.0,18.11,23.53
CSV,1110011,111000,38,37,0,19223,0,0.000000e+00,0.000000e+00,19926.9,4862608.0,63960.6,18.81,23.87
CSV,1115011,111500,38,37,0,19322,0,0.000000e+00,0.000000e+00,17346.6,5115719.0,71734.6,18.53,24.70
BER: END_SEQ #38 [LOCK] seq_err=0 BER_seq=0.0000e+00 | lock=38 slip=0 BER_cond=0.0000e+00 BER_cum=0.0000e+00
CSV,1120011,112000,38,38,0,19418,0,0.000000e+00,0.000000e+00,19156.0,5390167.5,62665.0,19.35,24.49
BER: SYNC #39 (gated)
CSV,1125011,112500,39,38,0,19445,0,0.000000e+00,0.000000e+00,18923.8,5078135.5,63775.6,19.01,24.29
CSV,1130011,113000,39,38,0,19545,0,0.000000e+00,0.000000e+00,19408.4,4373543.0,61189.4,18.54,23.53
CSV,1135011,113500,39,38,0,19645,0,0.000000e+00,0.000000e+00,19163.7,4661025.5,62963.7,18.69,23.86
CSV,1140011,114000,39,38,0,19745,0,0.000000e+00,0.000000e+00,21285.9,5065531.0,62547.9,19.08,23.77
CSV,1145011,114500,39,38,0,19845,0,0.000000e+00,0.000000e+00,22430.0,4835929.5,64832.2,18.73,23.34
BER: END_SEQ #39 [LOCK] seq_err=0 BER_seq=0.0000e+00 | lock=39 slip=0 BER_cond=0.0000e+00 BER_cum=0.0000e+00
CSV,1150011,115000,39,39,0,19929,0,0.000000e+00,0.000000e+00,19928.7,5278297.0,64911.8,19.10,24.23
BER: SYNC #40 (gated)
CSV,1155011,115500,40,39,0,19968,0,0.000000e+00,0.000000e+00,20705.4,5033367.0,66006.3,18.82,23.86
CSV,1160011,116000,40,39,0,20068,0,0.000000e+00,0.000000e+00,18609.2,4208048.5,59920.7,18.47,23.54
CSV,1165011,116500,40,39,0,20168,0,0.000000e+00,0.000000e+00,20603.8,4869420.5,63129.2,18.87,23.74
CSV,1170011,117000,40,39,0,20268,0,0.000000e+00,0.000000e+00,19367.9,4775817.0,61636.4,18.89,23.92
CSV,1175011,117500,40,39,0,20368,0,0.000000e+00,0.000000e+00,18690.3,5158635.0,60096.7,19.34,24.41
BER: END_SEQ #40 [LOCK] seq_err=0 BER_seq=0.0000e+00 | lock=40 slip=0 BER_cond=0.0000e+00 BER_cum=0.0000e+00
CSV,1180011,118000,40,40,0,20440,0,0.000000e+00,0.000000e+00,18440.5,5267565.5,63655.2,19.18,24.56
BER: SYNC #41 (gated)
CSV,1185011,118500,41,40,0,20491,0,0.000000e+00,0.000000e+00,17413.9,4998085.0,67667.9,18.68,24.58
CSV,1190011,119000,41,40,0,20591,0,0.000000e+00,0.000000e+00,18099.6,4005143.5,62942.0,18.04,23.45
CSV,1195011,119500,41,40,0,20691,0,0.000000e+00,0.000000e+00,20448.0,5161756.0,75544.4,18.35,24.02
CSV,1200011,120000,41,40,0,20791,0,0.000000e+00,0.000000e+00,20198.6,4895504.5,65007.3,18.77,23.84
CSV,1205011,120500,41,40,0,20891,0,0.000000e+00,0.000000e+00,19118.9,4893135.0,71310.5,18.36,24.08
BER: END_SEQ #41 [LOCK] seq_err=0 BER_seq=0.0000e+00 | lock=41 slip=0 BER_cond=0.0000e+00 BER_cum=0.0000e+00
CSV,1210011,121000,41,41,0,20951,0,0.000000e+00,0.000000e+00,17791.1,5256029.0,55374.6,19.77,24.70
BER: SYNC #42 (gated)
CSV,1215011,121500,42,41,0,21014,0,0.000000e+00,0.000000e+00,20891.2,5132892.5,61429.2,19.22,23.90
CSV,1220011,122000,42,41,0,21113,0,0.000000e+00,0.000000e+00,20137.9,3870127.5,66125.7,17.67,22.84
CSV,1225011,122500,42,41,0,21213,0,0.000000e+00,0.000000e+00,19995.6,4810791.5,68334.0,18.48,23.81
CSV,1230011,123000,42,41,0,21313,0,0.000000e+00,0.000000e+00,21734.2,5262588.5,60446.9,19.40,23.84
CSV,1235011,123500,42,41,0,21413,0,0.000000e+00,0.000000e+00,27846.2,5507267.0,109203.7,17.03,22.96
BER: END_SEQ #42 [LOCK] seq_err=0 BER_seq=0.0000e+00 | lock=42 slip=0 BER_cond=0.0000e+00 BER_cum=0.0000e+00
CSV,1240011,124000,42,42,0,21462,0,0.000000e+00,0.000000e+00,36043.2,6139870.0,166719.6,15.66,22.31
BER: SYNC #43 (gated)
CSV,1245011,124500,43,42,0,21536,0,0.000000e+00,0.000000e+00,18891.1,5230194.5,60178.7,19.39,24.42
CSV,1250011,125000,43,42,0,21636,0,0.000000e+00,0.000000e+00,23411.0,3928638.2,69116.1,17.55,22.25
CSV,1255011,125500,43,42,0,21736,0,0.000000e+00,0.000000e+00,21275.3,4829983.0,64268.7,18.76,23.56
CSV,1260011,126000,43,42,0,21836,0,0.000000e+00,0.000000e+00,20091.4,5655073.5,65927.6,19.33,24.49
CSV,1265011,126500,43,42,0,21936,0,0.000000e+00,0.000000e+00,22535.8,4710691.0,68728.1,18.36,23.20
BER: END_SEQ #43 [LOCK] seq_err=0 BER_seq=0.0000e+00 | lock=43 slip=0 BER_cond=0.0000e+00 BER_cum=0.0000e+00
CSV,1270011,127000,43,43,0,21973,0,0.000000e+00,0.000000e+00,20383.9,5232449.0,55575.5,19.74,24.09
BER: SYNC #44 (gated)
CSV,1275011,127500,44,43,0,22059,0,0.000000e+00,0.000000e+00,20032.3,5012279.0,61913.8,19.08,23.98
CSV,1280011,128000,44,43,0,22159,0,0.000000e+00,0.000000e+00,19108.5,4197676.5,55582.5,18.78,23.42
CSV,1285011,128500,44,43,0,22259,0,0.000000e+00,0.000000e+00,18604.3,4817852.5,61253.9,18.96,24.13
CSV,1290011,129000,44,43,0,22359,0,0.000000e+00,0.000000e+00,19493.4,5054183.0,59091.8,19.32,24.14
CSV,1295011,129500,44,43,0,22459,0,0.000000e+00,0.000000e+00,17672.6,5073736.0,61987.7,19.13,24.58
BER: END_SEQ #44 [LOCK] seq_err=0 BER_seq=0.0000e+00 | lock=44 slip=0 BER_cond=0.0000e+00 BER_cum=0.0000e+00
CSV,1300011,130000,44,44,0,22484,0,0.000000e+00,0.000000e+00,19513.8,5455625.0,64660.8,19.26,24.47
BER: SYNC #45 (gated)
CSV,1305011,130500,45,44,0,22582,0,0.000000e+00,0.000000e+00,18971.5,4765558.0,56887.1,19.23,24.00
CSV,1310011,131000,45,44,0,22682,0,0.000000e+00,0.000000e+00,19090.9,3798716.0,61669.0,17.90,22.99
CSV,1315011,131500,45,44,0,22782,0,0.000000e+00,0.000000e+00,18732.2,5030022.0,62839.3,19.03,24.29
CSV,1320011,132000,45,44,0,22882,0,0.000000e+00,0.000000e+00,20077.8,5304208.5,60040.2,19.46,24.22
CSV,1325011,132500,45,44,0,22982,0,0.000000e+00,0.000000e+00,19560.7,5031453.0,52687.0,19.80,24.10
BER: END_SEQ #45 [LOCK] seq_err=0 BER_seq=0.0000e+00 | lock=45 slip=0 BER_cond=0.0000e+00 BER_cum=0.0000e+00
BER: SYNC #46 (gated)
CSV,1330011,133000,46,45,0,23004,0,0.000000e+00,0.000000e+00,20156.0,5065919.0,55960.6,19.57,24.00
CSV,1335011,133500,46,45,0,23104,0,0.000000e+00,0.000000e+00,21004.8,4997714.0,64161.4,18.91,23.76
CSV,1340011,134000,46,45,0,23204,0,0.000000e+00,0.000000e+00,17471.8,4132588.8,60452.0,18.35,23.74
CSV,1345011,134500,46,45,0,23304,0,0.000000e+00,0.000000e+00,20143.5,4762096.5,71837.7,18.21,23.74
CSV,1350011,135000,46,45,0,23404,0,0.000000e+00,0.000000e+00,18835.9,5146598.5,69962.7,18.67,24.37
CSV,1355011,135500,46,45,0,23504,0,0.000000e+00,0.000000e+00,19615.1,5192702.0,63426.0,19.13,24.23
BER: END_SEQ #46 [LOCK] seq_err=0 BER_seq=0.0000e+00 | lock=46 slip=0 BER_cond=0.0000e+00 BER_cum=0.0000e+00
BER: SYNC #47 (gated)
CSV,1360011,136000,47,46,0,23527,0,0.000000e+00,0.000000e+00,20261.1,5236466.5,65285.1,19.04,24.12
CSV,1365011,136500,47,46,0,23627,0,0.000000e+00,0.000000e+00,20411.0,4536209.0,61953.3,18.65,23.47
CSV,1370011,137000,47,46,0,23727,0,0.000000e+00,0.000000e+00,18499.4,4156004.5,60312.1,18.38,23.52
CSV,1375011,137500,47,46,0,23827,0,0.000000e+00,0.000000e+00,18165.4,4938552.5,61966.0,19.01,24.34
CSV,1380011,138000,47,46,0,23927,0,0.000000e+00,0.000000e+00,20082.3,5134507.0,67931.7,18.78,24.08
BER: END_SEQ #47 [LOCK] seq_err=0 BER_seq=0.0000e+00 | lock=47 slip=0 BER_cond=0.0000e+00 BER_cum=0.0000e+00
CSV,1385011,138500,47,47,0,24017,0,0.000000e+00,0.000000e+00,19169.1,5348510.5,63126.9,19.28,24.46
BER: SYNC #48 (gated)
CSV,1390011,139000,48,47,0,24050,0,0.000000e+00,0.000000e+00,20189.5,4831582.0,52816.4,19.61,23.79
CSV,1395011,139500,48,47,0,24150,0,0.000000e+00,0.000000e+00,22523.9,4209878.0,67794.0,17.93,22.72
CSV,1400011,140000,48,47,0,24250,0,0.000000e+00,0.000000e+00,20549.1,5002495.0,64554.9,18.89,23.86
CSV,1405011,140500,48,47,0,24350,0,0.000000e+00,0.000000e+00,20594.3,4981336.0,59302.0,19.24,23.84
CSV,1410011,141000,48,47,0,24450,0,0.000000e+00,0.000000e+00,21621.7,4688180.5,63857.7,18.66,23.36
BER: END_SEQ #48 [LOCK] seq_err=0 BER_seq=0.0000e+00 | lock=48 slip=0 BER_cond=0.0000e+00 BER_cum=0.0000e+00
CSV,1415011,141500,48,48,0,24528,0,0.000000e+00,0.000000e+00,18853.5,5309863.5,65240.7,19.11,24.50
BER: SYNC #49 (gated)
CSV,1420011,142000,49,48,0,24573,0,0.000000e+00,0.000000e+00,19971.3,4974312.5,59510.0,19.22,23.96
CSV,1425011,142500,49,48,0,24673,0,0.000000e+00,0.000000e+00,21481.3,4078203.0,61645.0,18.21,22.78
CSV,1430011,143000,49,48,0,24772,0,0.000000e+00,0.000000e+00,19034.3,4951391.5,62378.0,19.00,24.15
CSV,1435011,143500,49,48,0,24872,0,0.000000e+00,0.000000e+00,18582.7,4885869.5,59358.0,19.15,24.20
CSV,1440011,144000,49,48,0,24972,0,0.000000e+00,0.000000e+00,21511.9,5143503.0,73315.3,18.46,23.79
BER: END_SEQ #49 [LOCK] seq_err=0 BER_seq=0.0000e+00 | lock=49 slip=0 BER_cond=0.0000e+00 BER_cum=0.0000e+00
CSV,1445011,144500,49,49,0,25039,0,0.000000e+00,0.000000e+00,20807.1,5140526.0,64302.2,19.03,23.93
BER: SYNC #50 (gated)
CSV,1450011,145000,50,49,0,25095,0,0.000000e+00,0.000000e+00,20850.3,5022438.5,73016.0,18.37,23.82
CSV,1455011,145500,50,49,0,25195,0,0.000000e+00,0.000000e+00,19754.0,3970743.8,61552.2,18.10,23.03
CSV,1460011,146000,50,49,0,25295,0,0.000000e+00,0.000000e+00,21186.8,4840595.5,62233.9,18.91,23.59
CSV,1465011,146500,50,49,0,25395,0,0.000000e+00,0.000000e+00,20805.1,5440689.0,65507.9,19.19,24.17
CSV,1470011,147000,50,49,0,25495,0,0.000000e+00,0.000000e+00,22975.3,4582183.5,61098.0,18.75,23.00
BER: END_SEQ #50 [LOCK] seq_err=0 BER_seq=0.0000e+00 | lock=50 slip=0 BER_cond=0.0000e+00 BER_cum=0.0000e+00
CSV,1475011,147500,50,50,0,25550,0,0.000000e+00,0.000000e+00,21950.6,5317867.0,68865.9,18.88,23.84
BER: SYNC #51 (gated)
CSV,1480011,148000,51,50,0,25618,0,0.000000e+00,0.000000e+00,19583.3,5186579.0,66096.0,18.95,24.23
CSV,1485011,148500,51,50,0,25718,0,0.000000e+00,0.000000e+00,20568.0,3919531.8,64951.0,17.81,22.80
CSV,1490011,149000,51,50,0,25818,0,0.000000e+00,0.000000e+00,21316.1,4760256.0,67521.8,18.48,23.49
CSV,1495011,149500,51,50,0,25918,0,0.000000e+00,0.000000e+00,18854.9,5255877.5,62050.9,19.28,24.45
CSV,1500011,150000,51,50,0,26018,0,0.000000e+00,0.000000e+00,18566.6,4780260.5,60914.9,18.95,24.11
BER: END_SEQ #51 [LOCK] seq_err=0 BER_seq=0.0000e+00 | lock=51 slip=0 BER_cond=0.0000e+00 BER_cum=0.0000e+00
CSV,1505011,150500,51,51,0,26061,0,0.000000e+00,0.000000e+00,20126.1,5459535.5,68641.6,19.01,24.33

=========================================
=== END OF TEST (duration=25 min) ===
=========================================
FINAL: syncs=51 lock=51 slip=0 slip_rate=0.0000
FINAL: bits_cum=26061 err_cum=0 BER_cum=0.0000e+00
FINAL: bits_lock=26061 err_lock=0 BER_cond=0.0000e+00
=========================================
=== STOP LOGGING NOW ===
=========================================
