

=== RX BOOT - BER TEST MODE ===
MOD=OOK (20 kHz carrier, adaptive threshold)
BPS_MODE=20 (HALF_SAMPLES=2000, 10000 samples/bit @ 200000 Hz)
Expect: 64-bit preamble + Barker13 (1F35h, gated by 8 preamble bits = 0x55) + 511-bit PRBS-9
Noise floor band: 5000 Hz; lock threshold: BER<0.10
Auto-stop: test will halt 25 min after the first sync.
RX: edge-tracking sync, center-3 voting
Starting decoder...

CSV,5011,500,0,0,0,0,0,0.000000e+00,0.000000e+00,23963.7,4388561.5,77100.3,17.55,22.63
CSV,10011,1000,0,0,0,0,0,0.000000e+00,0.000000e+00,24422.0,4775263.0,79248.5,17.80,22.91
BER: SYNC #1 (gated)
CSV,15011,1500,1,0,0,46,0,0.000000e+00,0.000000e+00,15700.6,7001814.0,48755.6,21.57,26.49
CSV,20011,2000,1,0,0,146,0,0.000000e+00,0.000000e+00,9857.3,8134672.5,24968.8,25.13,29.17
CSV,25011,2500,1,0,0,246,0,0.000000e+00,0.000000e+00,8899.3,10058953.0,24291.8,26.17,30.53
CSV,30011,3000,1,0,0,346,0,0.000000e+00,0.000000e+00,9613.3,9317170.0,25092.9,25.70,29.86
CSV,35011,3500,1,0,0,446,0,0.000000e+00,0.000000e+00,10338.2,9860493.0,24846.9,25.99,29.79
BER: END_SEQ #1 [LOCK] seq_err=0 BER_seq=0.0000e+00 | lock=1 slip=0 BER_cond=0.0000e+00 BER_cum=0.0000e+00
CSV,40011,4000,1,1,0,511,0,0.000000e+00,0.000000e+00,9450.3,10048059.0,23367.5,26.33,30.27
BER: SYNC #2 (gated)
CSV,45011,4500,2,1,0,569,0,0.000000e+00,0.000000e+00,10093.9,9874566.0,24321.2,26.09,29.90
CSV,50011,5000,2,1,0,669,0,0.000000e+00,0.000000e+00,10513.7,7528075.0,26228.0,24.58,28.55
CSV,55011,5500,2,1,0,769,0,0.000000e+00,0.000000e+00,9955.7,9340292.0,22079.7,26.26,29.72
CSV,60011,6000,2,1,0,869,0,0.000000e+00,0.000000e+00,9541.3,10532110.0,23411.6,26.53,30.43
CSV,65011,6500,2,1,0,969,0,0.000000e+00,0.000000e+00,11647.5,9221613.0,26469.6,25.42,28.99
BER: END_SEQ #2 [LOCK] seq_err=0 BER_seq=0.0000e+00 | lock=2 slip=0 BER_cond=0.0000e+00 BER_cum=0.0000e+00
CSV,70011,7000,2,2,0,1022,0,0.000000e+00,0.000000e+00,11726.1,10066275.0,25180.5,26.02,29.34
BER: SYNC #3 (gated)
CSV,75011,7500,3,2,0,1092,0,0.000000e+00,0.000000e+00,11312.1,9992873.0,23343.6,26.32,29.46
CSV,80011,8000,3,2,0,1192,0,0.000000e+00,0.000000e+00,10155.7,7701328.5,30447.1,24.03,28.80
CSV,85011,8500,3,2,0,1292,0,0.000000e+00,0.000000e+00,11102.2,9181157.0,28358.9,25.10,29.17
CSV,90011,9000,3,2,0,1392,0,0.000000e+00,0.000000e+00,9842.3,10277751.0,29736.9,25.39,30.19
CSV,95011,9500,3,2,0,1491,0,0.000000e+00,0.000000e+00,9426.6,8729234.0,23915.4,25.62,29.67
BER: END_SEQ #3 [LOCK] seq_err=0 BER_seq=0.0000e+00 | lock=3 slip=0 BER_cond=0.0000e+00 BER_cum=0.0000e+00
CSV,100011,10000,3,3,0,1533,0,0.000000e+00,0.000000e+00,10787.7,10627581.0,28171.3,25.77,29.94
BER: SYNC #4 (gated)
CSV,105011,10500,4,3,0,1614,0,0.000000e+00,0.000000e+00,9766.3,9919377.0,30151.5,25.17,30.07
CSV,110011,11000,4,3,0,1714,0,0.000000e+00,0.000000e+00,9957.3,7951689.0,30380.6,24.18,29.02
CSV,115011,11500,4,3,0,1814,0,0.000000e+00,0.000000e+00,11062.1,8536690.0,30286.3,24.50,28.87
CSV,120011,12000,4,3,0,1914,0,0.000000e+00,0.000000e+00,11565.8,10899942.0,27593.2,25.97,29.74
CSV,125011,12500,4,3,0,2014,0,0.000000e+00,0.000000e+00,11417.9,9184585.0,28899.9,25.02,29.05
BER: END_SEQ #4 [LOCK] seq_err=0 BER_seq=0.0000e+00 | lock=4 slip=0 BER_cond=0.0000e+00 BER_cum=0.0000e+00
CSV,130011,13000,4,4,0,2044,0,0.000000e+00,0.000000e+00,11352.2,10292076.0,28198.9,25.62,29.57
BER: SYNC #5 (gated)
CSV,135011,13500,5,4,0,2137,0,0.000000e+00,0.000000e+00,20591.5,5661372.0,66366.5,19.31,24.39
CSV,140011,14000,5,4,0,2237,0,0.000000e+00,0.000000e+00,21520.8,3598244.8,62391.1,17.61,22.23
CSV,145011,14500,5,4,0,2337,0,0.000000e+00,0.000000e+00,22252.7,4542681.5,71706.4,18.02,23.10
CSV,150011,15000,5,4,0,2437,0,0.000000e+00,0.000000e+00,22774.5,4709693.0,76004.6,17.92,23.16
CSV,155011,15500,5,4,0,2537,0,0.000000e+00,0.000000e+00,21422.0,4647117.0,74792.0,17.93,23.36
BER: END_SEQ #5 [LOCK] seq_err=0 BER_seq=0.0000e+00 | lock=5 slip=0 BER_cond=0.0000e+00 BER_cum=0.0000e+00
BER: SYNC #6 (gated)
CSV,160011,16000,6,5,0,2560,0,0.000000e+00,0.000000e+00,22534.5,4836733.5,70108.3,18.39,23.32
CSV,165011,16500,6,5,0,2660,0,0.000000e+00,0.000000e+00,24504.7,4872117.0,72589.5,18.27,22.98
CSV,170011,17000,6,5,0,2760,0,0.000000e+00,0.000000e+00,21609.1,3472320.5,71675.6,16.85,22.06
CSV,175011,17500,6,5,0,2860,0,0.000000e+00,0.000000e+00,24026.3,4546354.5,74032.6,17.88,22.77
CSV,180011,18000,6,5,0,2960,0,0.000000e+00,0.000000e+00,21952.2,4739613.5,70146.8,18.30,23.34
CSV,185011,18500,6,5,0,3060,0,0.000000e+00,0.000000e+00,21259.1,4766837.0,69993.7,18.33,23.51
BER: END_SEQ #6 [LOCK] seq_err=0 BER_seq=0.0000e+00 | lock=6 slip=0 BER_cond=0.0000e+00 BER_cum=0.0000e+00
BER: SYNC #7 (gated)
CSV,190011,19000,7,6,0,3082,0,0.000000e+00,0.000000e+00,23723.3,4990286.0,73708.5,18.31,23.23
CSV,195011,19500,7,6,0,3182,0,0.000000e+00,0.000000e+00,25696.7,4347661.0,72241.3,17.79,22.28
CSV,200011,20000,7,6,0,3282,0,0.000000e+00,0.000000e+00,20395.9,3834190.5,77521.0,16.94,22.74
CSV,205011,20500,7,6,0,3382,0,0.000000e+00,0.000000e+00,21204.6,4561585.5,74434.4,17.87,23.33
CSV,210011,21000,7,6,0,3482,0,0.000000e+00,0.000000e+00,23596.2,4673527.5,75204.1,17.93,22.97
BER: END_SEQ #7 [LOCK] seq_err=0 BER_seq=0.0000e+00 | lock=7 slip=0 BER_cond=0.0000e+00 BER_cum=0.0000e+00
CSV,215011,21500,7,7,0,3577,0,0.000000e+00,0.000000e+00,22519.6,5039235.0,74714.8,18.29,23.50
BER: SYNC #8 (gated)
CSV,220011,22000,8,7,0,3605,0,0.000000e+00,0.000000e+00,25580.2,4760876.0,73345.0,18.12,22.70
CSV,225011,22500,8,7,0,3705,0,0.000000e+00,0.000000e+00,26516.9,4060686.2,75744.9,17.29,21.85
CSV,230011,23000,8,7,0,3805,0,0.000000e+00,0.000000e+00,21953.8,4411841.0,65592.7,18.28,23.03
CSV,235011,23500,8,7,0,3905,0,0.000000e+00,0.000000e+00,24686.8,4542397.5,75662.6,17.78,22.65
CSV,240011,24000,8,7,0,4005,0,0.000000e+00,0.000000e+00,22199.3,4573841.5,75192.3,17.84,23.14
BER: END_SEQ #8 [LOCK] seq_err=0 BER_seq=0.0000e+00 | lock=8 slip=0 BER_cond=0.0000e+00 BER_cum=0.0000e+00
CSV,245011,24500,8,8,0,4088,0,0.000000e+00,0.000000e+00,23704.6,4896975.0,65844.1,18.71,23.15
BER: SYNC #9 (gated)
CSV,250011,25000,9,8,0,4128,0,0.000000e+00,0.000000e+00,25137.7,4525750.5,76570.6,17.72,22.55
CSV,255011,25500,9,8,0,4228,0,0.000000e+00,0.000000e+00,26002.5,4085512.5,74384.4,17.40,21.96
CSV,260011,26000,9,8,0,4328,0,0.000000e+00,0.000000e+00,25740.5,4602998.5,74066.9,17.93,22.52
CSV,265011,26500,9,8,0,4428,0,0.000000e+00,0.000000e+00,22617.0,4456500.5,71759.3,17.93,22.95
CSV,270011,27000,9,8,0,4528,0,0.000000e+00,0.000000e+00,24969.6,4767667.5,72306.3,18.19,22.81
BER: END_SEQ #9 [LOCK] seq_err=0 BER_seq=0.0000e+00 | lock=9 slip=0 BER_cond=0.0000e+00 BER_cum=0.0000e+00
CSV,275011,27500,9,9,0,4599,0,0.000000e+00,0.000000e+00,25077.1,4775433.0,71834.4,18.23,22.80
BER: SYNC #10 (gated)
CSV,280011,28000,10,9,0,4651,0,0.000000e+00,0.000000e+00,24809.2,4636065.5,74746.3,17.93,22.72
CSV,285011,28500,10,9,0,4751,0,0.000000e+00,0.000000e+00,22261.5,3699330.8,69769.5,17.24,22.21
CSV,290011,29000,10,9,0,4850,0,0.000000e+00,0.000000e+00,24965.0,4767433.5,68302.3,18.44,22.81
CSV,295011,29500,10,9,0,4951,0,0.000000e+00,0.000000e+00,22989.1,4656615.5,68051.2,18.35,23.07
CSV,300011,30000,10,9,0,5050,0,0.000000e+00,0.000000e+00,23365.5,4429630.5,71856.5,17.90,22.78
BER: END_SEQ #10 [LOCK] seq_err=0 BER_seq=0.0000e+00 | lock=10 slip=0 BER_cond=0.0000e+00 BER_cum=0.0000e+00
CSV,305011,30500,10,10,0,5110,0,0.000000e+00,0.000000e+00,23787.5,4813045.0,69574.1,18.40,23.06
BER: SYNC #11 (gated)
CSV,310011,31000,11,10,0,5173,0,0.000000e+00,0.000000e+00,22978.3,4791177.5,73857.6,18.12,23.19
CSV,315011,31500,11,10,0,5273,0,0.000000e+00,0.000000e+00,23103.6,3408765.2,69987.0,16.88,21.69
CSV,320011,32000,11,10,0,5373,0,0.000000e+00,0.000000e+00,23335.7,4382618.5,75232.3,17.65,22.74
CSV,325011,32500,11,10,0,5473,0,0.000000e+00,0.000000e+00,15937.0,8843347.0,44723.0,22.96,27.44
CSV,330011,33000,11,10,0,5573,0,0.000000e+00,0.000000e+00,15649.6,8074816.0,44089.0,22.63,27.13
BER: END_SEQ #11 [LOCK] seq_err=0 BER_seq=0.0000e+00 | lock=11 slip=0 BER_cond=0.0000e+00 BER_cum=0.0000e+00
CSV,335011,33500,11,11,0,5621,0,0.000000e+00,0.000000e+00,14456.9,9364147.0,33858.3,24.42,28.11
BER: SYNC #12 (gated)
CSV,340011,34000,12,11,0,5696,0,0.000000e+00,0.000000e+00,15889.2,9587302.0,36733.7,24.17,27.81
CSV,345011,34500,12,11,0,5796,0,0.000000e+00,0.000000e+00,11581.7,7891044.0,22114.2,25.52,28.33
CSV,350011,35000,12,11,0,5896,0,0.000000e+00,0.000000e+00,14533.0,8749645.0,29672.7,24.70,27.80
CSV,355011,35500,12,11,0,5996,0,0.000000e+00,0.000000e+00,15359.5,10052428.0,35142.6,24.56,28.16
CSV,360011,36000,12,11,0,6096,0,0.000000e+00,0.000000e+00,16060.7,8537348.0,51531.6,22.19,27.26
BER: END_SEQ #12 [LOCK] seq_err=0 BER_seq=0.0000e+00 | lock=12 slip=0 BER_cond=0.0000e+00 BER_cum=0.0000e+00
CSV,365011,36500,12,12,0,6132,0,0.000000e+00,0.000000e+00,13903.1,9787778.0,42448.1,23.63,28.48
BER: SYNC #13 (gated)
CSV,370011,37000,13,12,0,6219,0,0.000000e+00,0.000000e+00,12967.2,9525151.0,43073.0,23.45,28.66
CSV,375011,37500,13,12,0,6319,0,0.000000e+00,0.000000e+00,14694.4,7301642.0,48521.4,21.77,26.96
CSV,380011,38000,13,12,0,6419,0,0.000000e+00,0.000000e+00,13155.0,8957105.0,38911.1,23.62,28.33
CSV,385011,38500,13,12,0,6519,0,0.000000e+00,0.000000e+00,11621.6,9261516.0,37945.4,23.88,29.01
CSV,390011,39000,13,12,0,6618,0,0.000000e+00,0.000000e+00,14754.2,9590697.0,37992.1,24.02,28.13
BER: END_SEQ #13 [LOCK] seq_err=0 BER_seq=0.0000e+00 | lock=13 slip=0 BER_cond=0.0000e+00 BER_cum=0.0000e+00
CSV,395011,39500,13,13,0,6643,0,0.000000e+00,0.000000e+00,12181.3,9991142.0,34670.0,24.60,29.14
BER: SYNC #14 (gated)
CSV,400011,40000,14,13,0,6742,0,0.000000e+00,0.000000e+00,13124.9,9317443.0,51405.3,22.58,28.51
CSV,405011,40500,14,13,0,6841,0,0.000000e+00,0.000000e+00,14316.2,7237868.5,55787.4,21.13,27.04
CSV,410011,41000,14,13,0,6941,0,0.000000e+00,0.000000e+00,13444.0,9454431.0,51737.1,22.62,28.47
CSV,415011,41500,14,13,0,7041,0,0.000000e+00,0.000000e+00,14481.4,9666763.0,41334.1,23.69,28.24
CSV,420011,42000,14,13,0,7141,0,0.000000e+00,0.000000e+00,13363.4,9507139.0,53586.4,22.49,28.52
BER: END_SEQ #14 [LOCK] seq_err=0 BER_seq=0.0000e+00 | lock=14 slip=0 BER_cond=0.0000e+00 BER_cum=0.0000e+00
BER: SYNC #15 (gated)
CSV,425011,42500,15,14,0,7164,0,0.000000e+00,0.000000e+00,14393.8,9567244.0,41496.6,23.63,28.23
CSV,430011,43000,15,14,0,7264,0,0.000000e+00,0.000000e+00,12012.5,8992963.0,38049.3,23.74,28.74
CSV,435011,43500,15,14,0,7364,0,0.000000e+00,0.000000e+00,17528.7,6427751.0,54877.7,20.69,25.64
CSV,440011,44000,15,14,0,7464,0,0.000000e+00,0.000000e+00,11703.0,9172710.0,29603.1,24.91,28.94
CSV,445011,44500,15,14,0,7564,0,0.000000e+00,0.000000e+00,10392.5,10720072.0,24816.1,26.35,30.13
CSV,450011,45000,15,14,0,7664,0,0.000000e+00,0.000000e+00,8724.1,10181981.0,21830.6,26.69,30.67
BER: END_SEQ #15 [LOCK] seq_err=0 BER_seq=0.0000e+00 | lock=15 slip=0 BER_cond=0.0000e+00 BER_cum=0.0000e+00
BER: SYNC #16 (gated)
CSV,455011,45500,16,15,0,7687,0,0.000000e+00,0.000000e+00,10232.7,10476173.0,27241.5,25.85,30.10
CSV,460011,46000,16,15,0,7787,0,0.000000e+00,0.000000e+00,10414.3,8913060.0,22376.1,26.00,29.32
CSV,465011,46500,16,15,0,7887,0,0.000000e+00,0.000000e+00,13253.5,8159441.5,28633.5,24.55,27.89
CSV,470011,47000,16,15,0,7987,0,0.000000e+00,0.000000e+00,11268.9,9560270.0,30458.3,24.97,29.29
CSV,475011,47500,16,15,0,8087,0,0.000000e+00,0.000000e+00,9814.3,9878718.0,30101.3,25.16,30.03
BER: END_SEQ #16 [LOCK] seq_err=0 BER_seq=0.0000e+00 | lock=16 slip=0 BER_cond=0.0000e+00 BER_cum=0.0000e+00
CSV,480011,48000,16,16,0,8176,0,0.000000e+00,0.000000e+00,12059.9,10130520.0,28479.7,25.51,29.24
BER: SYNC #17 (gated)
CSV,485011,48500,17,16,0,8210,0,0.000000e+00,0.000000e+00,9511.2,9757295.0,26597.3,25.64,30.11
CSV,490011,49000,17,16,0,8310,0,0.000000e+00,0.000000e+00,9744.3,8239607.5,23672.1,25.42,29.27
CSV,495011,49500,17,16,0,8409,0,0.000000e+00,0.000000e+00,10369.8,9757128.0,29619.5,25.18,29.74
CSV,500011,50000,17,16,0,8510,0,0.000000e+00,0.000000e+00,10467.5,9737805.0,30358.8,25.06,29.69
CSV,505011,50500,17,16,0,8610,0,0.000000e+00,0.000000e+00,11331.8,9378983.0,29735.0,24.99,29.18
BER: END_SEQ #17 [LOCK] seq_err=0 BER_seq=0.0000e+00 | lock=17 slip=0 BER_cond=0.0000e+00 BER_cum=0.0000e+00
CSV,510011,51000,17,17,0,8687,0,0.000000e+00,0.000000e+00,8961.3,10269814.0,25612.8,26.03,30.59
BER: SYNC #18 (gated)
CSV,515011,51500,18,17,0,8732,0,0.000000e+00,0.000000e+00,8618.3,10131153.0,24160.1,26.23,30.70
CSV,520011,52000,18,17,0,8832,0,0.000000e+00,0.000000e+00,10460.8,8144624.5,28902.9,24.50,28.91
CSV,525011,52500,18,17,0,8932,0,0.000000e+00,0.000000e+00,15627.2,7150340.5,53047.4,21.30,26.60
CSV,530011,53000,18,17,0,9032,0,0.000000e+00,0.000000e+00,20825.7,6448708.5,58651.0,20.41,24.91
CSV,535011,53500,18,17,0,9132,0,0.000000e+00,0.000000e+00,12777.5,9703722.0,41656.4,23.67,28.80
BER: END_SEQ #18 [LOCK] seq_err=0 BER_seq=0.0000e+00 | lock=18 slip=0 BER_cond=0.0000e+00 BER_cum=0.0000e+00
CSV,540011,54000,18,18,0,9198,0,0.000000e+00,0.000000e+00,19126.4,6555448.0,57072.9,20.60,25.35
BER: SYNC #19 (gated)
CSV,545011,54500,19,18,0,9255,0,0.000000e+00,0.000000e+00,24715.4,4544034.0,74022.5,17.88,22.64
CSV,550011,55000,19,18,0,9355,0,0.000000e+00,0.000000e+00,24017.4,3575052.8,74876.2,16.79,21.73
CSV,555011,55500,19,18,0,9455,0,0.000000e+00,0.000000e+00,20066.7,4486532.5,66169.9,18.31,23.49
CSV,560011,56000,19,18,0,9555,0,0.000000e+00,0.000000e+00,10518.0,10082077.0,27071.2,25.71,29.82
CSV,565011,56500,19,18,0,9655,0,0.000000e+00,0.000000e+00,10171.5,9033938.0,23225.6,25.90,29.48
BER: END_SEQ #19 [LOCK] seq_err=0 BER_seq=0.0000e+00 | lock=19 slip=0 BER_cond=0.0000e+00 BER_cum=0.0000e+00
CSV,570011,57000,19,19,0,9709,0,0.000000e+00,0.000000e+00,10532.9,10405177.0,26276.2,25.98,29.95
BER: SYNC #20 (gated)
CSV,575011,57500,20,19,0,9778,0,0.000000e+00,0.000000e+00,10179.4,10540482.0,22226.3,26.76,30.15
CSV,580011,58000,20,19,0,9878,0,0.000000e+00,0.000000e+00,9490.9,7729552.0,25248.2,24.86,29.11
CSV,585011,58500,20,19,0,9978,0,0.000000e+00,0.000000e+00,10308.0,9373289.0,24832.8,25.77,29.59
CSV,590011,59000,20,19,0,10078,0,0.000000e+00,0.000000e+00,10153.3,10584868.0,24561.5,26.34,30.18
CSV,595011,59500,20,19,0,10178,0,0.000000e+00,0.000000e+00,10357.6,9335430.0,25898.9,25.57,29.55
BER: END_SEQ #20 [LOCK] seq_err=0 BER_seq=0.0000e+00 | lock=20 slip=0 BER_cond=0.0000e+00 BER_cum=0.0000e+00
CSV,600011,60000,20,20,0,10220,0,0.000000e+00,0.000000e+00,10679.6,10633822.0,25032.7,26.28,29.98
BER: SYNC #21 (gated)
CSV,605011,60500,21,20,0,10300,0,0.000000e+00,0.000000e+00,11349.1,9885187.0,33030.7,24.76,29.40
CSV,610011,61000,21,20,0,10400,0,0.000000e+00,0.000000e+00,10075.6,7903675.0,32127.6,23.91,28.95
CSV,615011,61500,21,20,0,10500,0,0.000000e+00,0.000000e+00,12380.2,8731236.0,30690.9,24.54,28.48
CSV,620011,62000,21,20,0,10600,0,0.000000e+00,0.000000e+00,11046.3,11087136.0,30512.0,25.60,30.02
CSV,625011,62500,21,20,0,10700,0,0.000000e+00,0.000000e+00,11265.6,9314421.0,32301.7,24.60,29.17
BER: END_SEQ #21 [LOCK] seq_err=0 BER_seq=0.0000e+00 | lock=21 slip=0 BER_cond=0.0000e+00 BER_cum=0.0000e+00
CSV,630011,63000,21,21,0,10731,0,0.000000e+00,0.000000e+00,10702.7,10478568.0,32227.8,25.12,29.91
BER: SYNC #22 (gated)
CSV,635011,63500,22,21,0,10823,0,0.000000e+00,0.000000e+00,12077.7,8164537.5,42589.5,22.83,28.30
CSV,640011,64000,22,21,0,10923,0,0.000000e+00,0.000000e+00,11631.7,7737465.0,30503.1,24.04,28.23
CSV,645011,64500,22,21,0,11023,0,0.000000e+00,0.000000e+00,11358.5,9548102.0,29898.4,25.04,29.25
CSV,650011,65000,22,21,0,11123,0,0.000000e+00,0.000000e+00,11537.0,9843142.0,28692.7,25.35,29.31
CSV,655011,65500,22,21,0,11223,0,0.000000e+00,0.000000e+00,11965.2,9862842.0,28354.6,25.41,29.16
BER: END_SEQ #22 [LOCK] seq_err=0 BER_seq=0.0000e+00 | lock=22 slip=0 BER_cond=0.0000e+00 BER_cum=0.0000e+00
BER: SYNC #23 (gated)
CSV,660011,66000,23,22,0,11246,0,0.000000e+00,0.000000e+00,14758.8,10545754.0,31459.2,25.25,28.54
CSV,665011,66500,23,22,0,11346,0,0.000000e+00,0.000000e+00,13213.1,10071968.0,32891.6,24.86,28.82
CSV,670011,67000,23,22,0,11446,0,0.000000e+00,0.000000e+00,13561.6,7252390.5,30670.5,23.74,27.28
CSV,675011,67500,23,22,0,11546,0,0.000000e+00,0.000000e+00,11546.4,10099946.0,35086.0,24.59,29.42
CSV,680011,68000,23,22,0,11646,0,0.000000e+00,0.000000e+00,12132.9,10376386.0,31184.0,25.22,29.32
CSV,685011,68500,23,22,0,11746,0,0.000000e+00,0.000000e+00,14519.6,10001443.0,24849.4,26.05,28.38
BER: END_SEQ #23 [LOCK] seq_err=0 BER_seq=0.0000e+00 | lock=23 slip=0 BER_cond=0.0000e+00 BER_cum=0.0000e+00
BER: SYNC #24 (gated)
CSV,690011,69000,24,23,0,11769,0,0.000000e+00,0.000000e+00,12962.5,10723764.0,25061.9,26.31,29.18
CSV,695011,69500,24,23,0,11869,0,0.000000e+00,0.000000e+00,11756.9,9095853.0,23700.5,25.84,28.89
CSV,700011,70000,24,23,0,11969,0,0.000000e+00,0.000000e+00,12025.9,8593764.0,24756.6,25.40,28.54
CSV,705011,70500,24,23,0,12068,0,0.000000e+00,0.000000e+00,18678.3,6712664.0,53444.0,20.99,25.56
CSV,710011,71000,24,23,0,12168,0,0.000000e+00,0.000000e+00,25804.9,4519672.5,76783.3,17.70,22.43
BER: END_SEQ #24 [LOCK] seq_err=0 BER_seq=0.0000e+00 | lock=24 slip=0 BER_cond=0.0000e+00 BER_cum=0.0000e+00
CSV,715011,71500,24,24,0,12264,0,0.000000e+00,0.000000e+00,24732.9,4590658.5,79382.3,17.62,22.69
BER: SYNC #25 (gated)
CSV,720011,72000,25,24,0,12291,0,0.000000e+00,0.000000e+00,21893.3,4525994.5,70250.0,18.09,23.15
CSV,725011,72500,25,24,0,12391,0,0.000000e+00,0.000000e+00,23230.1,3710455.5,69105.5,17.30,22.03
CSV,730011,73000,25,24,0,12491,0,0.000000e+00,0.000000e+00,24349.2,3969944.2,70855.2,17.48,22.12
CSV,735011,73500,25,24,0,12591,0,0.000000e+00,0.000000e+00,25151.9,4444677.0,78160.2,17.55,22.47
CSV,740011,74000,25,24,0,12691,0,0.000000e+00,0.000000e+00,24551.6,4437125.0,77351.9,17.59,22.57
BER: END_SEQ #25 [LOCK] seq_err=0 BER_seq=0.0000e+00 | lock=25 slip=0 BER_cond=0.0000e+00 BER_cum=0.0000e+00
CSV,745011,74500,25,25,0,12775,0,0.000000e+00,0.000000e+00,25010.8,4735900.5,79237.3,17.76,22.77
BER: SYNC #26 (gated)
CSV,750011,75000,26,25,0,12814,0,0.000000e+00,0.000000e+00,26312.2,4342261.0,69300.6,17.97,22.18
CSV,755011,75500,26,25,0,12914,0,0.000000e+00,0.000000e+00,26381.2,3837582.5,78291.7,16.90,21.63
CSV,760011,76000,26,25,0,13014,0,0.000000e+00,0.000000e+00,28859.0,4488943.5,80858.1,17.44,21.92
CSV,765011,76500,26,25,0,13114,0,0.000000e+00,0.000000e+00,22994.0,4309971.5,74185.1,17.64,22.73
CSV,770011,77000,26,25,0,13214,0,0.000000e+00,0.000000e+00,21678.9,4571750.5,79302.2,17.61,23.24
BER: END_SEQ #26 [LOCK] seq_err=0 BER_seq=0.0000e+00 | lock=26 slip=0 BER_cond=0.0000e+00 BER_cum=0.0000e+00
CSV,775011,77500,26,26,0,13286,0,0.000000e+00,0.000000e+00,23837.7,4519398.0,75689.7,17.76,22.78
BER: SYNC #27 (gated)
CSV,780011,78000,27,26,0,13337,0,0.000000e+00,0.000000e+00,23125.5,4411764.5,78238.1,17.51,22.81
CSV,785011,78500,27,26,0,13437,0,0.000000e+00,0.000000e+00,24830.1,3745918.2,82602.9,16.57,21.79
CSV,790011,79000,27,26,0,13537,0,0.000000e+00,0.000000e+00,22102.6,4486607.5,66973.9,18.26,23.07
CSV,795011,79500,27,26,0,13637,0,0.000000e+00,0.000000e+00,24241.9,4280298.0,76265.5,17.49,22.47
CSV,800011,80000,27,26,0,13737,0,0.000000e+00,0.000000e+00,23083.0,4315617.0,75722.5,17.56,22.72
BER: END_SEQ #27 [LOCK] seq_err=0 BER_seq=0.0000e+00 | lock=27 slip=0 BER_cond=0.0000e+00 BER_cum=0.0000e+00
CSV,805011,80500,27,27,0,13797,0,0.000000e+00,0.000000e+00,23813.7,4679058.5,75235.5,17.94,22.93
BER: SYNC #28 (gated)
CSV,810011,81000,28,27,0,13860,0,0.000000e+00,0.000000e+00,25593.0,4520971.0,73890.3,17.87,22.47
CSV,815011,81500,28,27,0,13959,0,0.000000e+00,0.000000e+00,22197.8,3432794.5,73990.4,16.66,21.89
CSV,820011,82000,28,27,0,14059,0,0.000000e+00,0.000000e+00,24611.0,4257599.0,73137.7,17.65,22.38
CSV,825011,82500,28,27,0,14159,0,0.000000e+00,0.000000e+00,26024.6,4746639.5,74594.6,18.04,22.61
CSV,830011,83000,28,27,0,14259,0,0.000000e+00,0.000000e+00,24449.6,4259770.5,71126.8,17.77,22.41
BER: END_SEQ #28 [LOCK] seq_err=0 BER_seq=0.0000e+00 | lock=28 slip=0 BER_cond=0.0000e+00 BER_cum=0.0000e+00
CSV,835011,83500,28,28,0,14308,0,0.000000e+00,0.000000e+00,26487.5,4593754.5,69364.5,18.21,22.39
BER: SYNC #29 (gated)
CSV,840011,84000,29,28,0,14382,0,0.000000e+00,0.000000e+00,25600.0,4552922.0,73334.2,17.93,22.50
CSV,845011,84500,29,28,0,14482,0,0.000000e+00,0.000000e+00,25133.1,3568995.2,72984.5,16.89,21.52
CSV,850011,85000,29,28,0,14582,0,0.000000e+00,0.000000e+00,23792.5,4118200.8,65925.7,17.96,22.38
CSV,855011,85500,29,28,0,14682,0,0.000000e+00,0.000000e+00,27031.9,4806267.5,81323.8,17.72,22.50
CSV,860011,86000,29,28,0,14782,0,0.000000e+00,0.000000e+00,25660.9,4060575.0,76745.8,17.24,21.99
BER: END_SEQ #29 [LOCK] seq_err=0 BER_seq=0.0000e+00 | lock=29 slip=0 BER_cond=0.0000e+00 BER_cum=0.0000e+00
CSV,865011,86500,29,29,0,14819,0,0.000000e+00,0.000000e+00,22842.6,4622352.5,73184.7,18.00,23.06
BER: SYNC #30 (gated)
CSV,870011,87000,30,29,0,14905,0,0.000000e+00,0.000000e+00,25227.5,4398877.5,76505.3,17.60,22.41
CSV,875011,87500,30,29,0,15005,0,0.000000e+00,0.000000e+00,24447.8,3603492.5,74298.0,16.86,21.68
CSV,880011,88000,30,29,0,15105,0,0.000000e+00,0.000000e+00,22323.8,4259897.0,78640.9,17.34,22.81
CSV,885011,88500,30,29,0,15205,0,0.000000e+00,0.000000e+00,26307.7,4522086.5,70140.4,18.09,22.35
CSV,890011,89000,30,29,0,15305,0,0.000000e+00,0.000000e+00,25354.2,4445754.5,69953.3,18.03,22.44
BER: END_SEQ #30 [LOCK] seq_err=0 BER_seq=0.0000e+00 | lock=30 slip=0 BER_cond=0.0000e+00 BER_cum=0.0000e+00
CSV,895011,89500,30,30,0,15330,0,0.000000e+00,0.000000e+00,27969.9,4719022.5,73168.8,18.10,22.27
BER: SYNC #31 (gated)
CSV,900011,90000,31,30,0,15428,0,0.000000e+00,0.000000e+00,27354.0,4225409.5,70495.8,17.78,21.89
CSV,905011,90500,31,30,0,15528,0,0.000000e+00,0.000000e+00,28216.4,3456356.0,78160.8,16.46,20.88
CSV,910011,91000,31,30,0,15628,0,0.000000e+00,0.000000e+00,28643.0,4446999.5,67733.0,18.17,21.91
CSV,915011,91500,31,30,0,15728,0,0.000000e+00,0.000000e+00,27779.8,4397903.5,79020.7,17.46,22.00
CSV,920011,92000,31,30,0,15827,0,0.000000e+00,0.000000e+00,24555.3,4567049.5,68318.5,18.25,22.69
BER: END_SEQ #31 [LOCK] seq_err=0 BER_seq=0.0000e+00 | lock=31 slip=0 BER_cond=0.0000e+00 BER_cum=0.0000e+00
BER: SYNC #32 (gated)
CSV,925011,92500,32,31,0,15850,0,0.000000e+00,0.000000e+00,29522.7,4624351.0,69762.0,18.21,21.95
CSV,930011,93000,32,31,0,15950,0,0.000000e+00,0.000000e+00,25211.5,4280386.0,68409.5,17.96,22.30
CSV,935011,93500,32,31,0,16050,0,0.000000e+00,0.000000e+00,27790.7,3617619.0,71583.2,17.04,21.15
CSV,940011,94000,32,31,0,16150,0,0.000000e+00,0.000000e+00,27966.0,4221057.5,68758.3,17.88,21.79
CSV,945011,94500,32,31,0,16250,0,0.000000e+00,0.000000e+00,25170.9,4680222.0,68122.8,18.37,22.69
CSV,950011,95000,32,31,0,16350,0,0.000000e+00,0.000000e+00,27492.2,4638787.5,67638.6,18.36,22.27
BER: END_SEQ #32 [LOCK] seq_err=0 BER_seq=0.0000e+00 | lock=32 slip=0 BER_cond=0.0000e+00 BER_cum=0.0000e+00
BER: SYNC #33 (gated)
CSV,955011,95500,33,32,0,16373,0,0.000000e+00,0.000000e+00,25745.8,4586067.5,72899.1,17.99,22.51
CSV,960011,96000,33,32,0,16473,0,0.000000e+00,0.000000e+00,26155.7,3931099.2,72314.5,17.35,21.77
CSV,965011,96500,33,32,0,16573,0,0.000000e+00,0.000000e+00,25239.5,3711051.5,72241.9,17.11,21.67
CSV,970011,97000,33,32,0,16673,0,0.000000e+00,0.000000e+00,25854.2,4426609.5,68370.8,18.11,22.34
CSV,975011,97500,33,32,0,16773,0,0.000000e+00,0.000000e+00,27746.3,4446747.0,75932.4,17.68,22.05
BER: END_SEQ #33 [LOCK] seq_err=0 BER_seq=0.0000e+00 | lock=33 slip=0 BER_cond=0.0000e+00 BER_cum=0.0000e+00
CSV,980011,98000,33,33,0,16863,0,0.000000e+00,0.000000e+00,28410.2,4738097.5,79236.7,17.77,22.22
BER: SYNC #34 (gated)
CSV,985011,98500,34,33,0,16896,0,0.000000e+00,0.000000e+00,25743.3,4377057.5,79440.7,17.41,22.31
CSV,990011,99000,34,33,0,16996,0,0.000000e+00,0.000000e+00,19154.8,6091466.0,46938.7,21.13,25.02
CSV,995011,99500,34,33,0,17096,0,0.000000e+00,0.000000e+00,11589.2,9815782.0,25707.7,25.82,29.28
CSV,1000011,100000,34,33,0,17196,0,0.000000e+00,0.000000e+00,9146.4,10091613.0,20500.3,26.92,30.43
CSV,1005011,100500,34,33,0,17296,0,0.000000e+00,0.000000e+00,9416.4,9885329.0,23427.6,26.25,30.21
BER: END_SEQ #34 [LOCK] seq_err=0 BER_seq=0.0000e+00 | lock=34 slip=0 BER_cond=0.0000e+00 BER_cum=0.0000e+00
CSV,1010011,101000,34,34,0,17374,0,0.000000e+00,0.000000e+00,9311.5,10987688.0,23082.8,26.78,30.72
BER: SYNC #35 (gated)
CSV,1015011,101500,35,34,0,17419,0,0.000000e+00,0.000000e+00,8683.9,10019432.0,20521.5,26.89,30.62
CSV,1020011,102000,35,34,0,17519,0,0.000000e+00,0.000000e+00,8850.0,8533607.0,18821.6,26.56,29.84
CSV,1025011,102500,35,34,0,17618,0,0.000000e+00,0.000000e+00,9103.1,10492768.0,22200.3,26.75,30.62
CSV,1030011,103000,35,34,0,17718,0,0.000000e+00,0.000000e+00,9739.0,10320382.0,22508.0,26.61,30.25
CSV,1035011,103500,35,34,0,17818,0,0.000000e+00,0.000000e+00,9238.5,10472300.0,20993.2,26.98,30.54
BER: END_SEQ #35 [LOCK] seq_err=0 BER_seq=0.0000e+00 | lock=35 slip=0 BER_cond=0.0000e+00 BER_cum=0.0000e+00
CSV,1040011,104000,35,35,0,17885,0,0.000000e+00,0.000000e+00,9473.4,10529234.0,21412.5,26.92,30.46
BER: SYNC #36 (gated)
CSV,1045011,104500,36,35,0,17941,0,0.000000e+00,0.000000e+00,10420.1,10342477.0,21613.1,26.80,29.97
CSV,1050011,105000,36,35,0,18041,0,0.000000e+00,0.000000e+00,10417.2,8360168.5,22254.3,25.75,29.04
CSV,1055011,105500,36,35,0,18141,0,0.000000e+00,0.000000e+00,10415.2,10200562.0,20338.1,27.00,29.91
CSV,1060011,106000,36,35,0,18241,0,0.000000e+00,0.000000e+00,10291.9,11114371.0,21472.0,27.14,30.33
CSV,1065011,106500,36,35,0,18341,0,0.000000e+00,0.000000e+00,9787.9,9541471.0,21415.7,26.49,29.89
BER: END_SEQ #36 [LOCK] seq_err=0 BER_seq=0.0000e+00 | lock=36 slip=0 BER_cond=0.0000e+00 BER_cum=0.0000e+00
CSV,1070011,107000,36,36,0,18396,0,0.000000e+00,0.000000e+00,11718.4,11027854.0,22169.0,26.97,29.74
BER: SYNC #37 (gated)
CSV,1075011,107500,37,36,0,18464,0,0.000000e+00,0.000000e+00,10670.1,10748349.0,23029.0,26.69,30.03
CSV,1080011,108000,37,36,0,18564,0,0.000000e+00,0.000000e+00,8941.7,7900207.0,20215.7,25.92,29.46
CSV,1085011,108500,37,36,0,18664,0,0.000000e+00,0.000000e+00,10202.1,9866745.0,20445.7,26.84,29.85
CSV,1090011,109000,37,36,0,18764,0,0.000000e+00,0.000000e+00,9895.6,10965703.0,23016.6,26.78,30.45
CSV,1095011,109500,37,36,0,18864,0,0.000000e+00,0.000000e+00,9705.8,9855291.0,23020.7,26.32,30.07
BER: END_SEQ #37 [LOCK] seq_err=0 BER_seq=0.0000e+00 | lock=37 slip=0 BER_cond=0.0000e+00 BER_cum=0.0000e+00
CSV,1100011,110000,37,37,0,18907,0,0.000000e+00,0.000000e+00,8906.2,11071866.0,23592.8,26.71,30.95
BER: SYNC #38 (gated)
CSV,1105011,110500,38,37,0,18987,0,0.000000e+00,0.000000e+00,8990.1,10764431.0,21352.8,27.03,30.78
CSV,1110011,111000,38,37,0,19087,0,0.000000e+00,0.000000e+00,9165.8,8370989.5,21232.2,25.96,29.61
CSV,1115011,111500,38,37,0,19187,0,0.000000e+00,0.000000e+00,9578.8,9562384.0,21667.0,26.45,29.99
CSV,1120011,112000,38,37,0,19286,0,0.000000e+00,0.000000e+00,10238.2,11516436.0,20890.6,27.41,30.51
CSV,1125011,112500,38,37,0,19387,0,0.000000e+00,0.000000e+00,8894.0,9868906.0,21685.9,26.58,30.45
BER: END_SEQ #38 [LOCK] seq_err=0 BER_seq=0.0000e+00 | lock=38 slip=0 BER_cond=0.0000e+00 BER_cum=0.0000e+00
CSV,1130011,113000,38,38,0,19418,0,0.000000e+00,0.000000e+00,9750.6,11208772.0,22233.9,27.03,30.61
BER: SYNC #39 (gated)
CSV,1135011,113500,39,38,0,19509,0,0.000000e+00,0.000000e+00,9900.9,9973666.0,22513.7,26.46,30.03
CSV,1140011,114000,39,38,0,19609,0,0.000000e+00,0.000000e+00,8891.2,8327158.0,23045.4,25.58,29.72
CSV,1145011,114500,39,38,0,19709,0,0.000000e+00,0.000000e+00,9557.1,10155888.0,23038.7,26.44,30.26
CSV,1150011,115000,39,38,0,19809,0,0.000000e+00,0.000000e+00,9573.0,10456681.0,22797.4,26.62,30.38
CSV,1155011,115500,39,38,0,19909,0,0.000000e+00,0.000000e+00,9968.7,10415582.0,19737.1,27.22,30.19
BER: END_SEQ #39 [LOCK] seq_err=0 BER_seq=0.0000e+00 | lock=39 slip=0 BER_cond=0.0000e+00 BER_cum=0.0000e+00
BER: SYNC #40 (gated)
CSV,1160011,116000,40,39,0,19932,0,0.000000e+00,0.000000e+00,11102.8,11010988.0,20202.2,27.36,29.96
CSV,1165011,116500,40,39,0,20032,0,0.000000e+00,0.000000e+00,10607.2,10446679.0,21851.8,26.79,29.93
CSV,1170011,117000,40,39,0,20132,0,0.000000e+00,0.000000e+00,10914.8,7856464.5,19659.7,26.02,28.57
CSV,1175011,117500,40,39,0,20232,0,0.000000e+00,0.000000e+00,10043.0,10764856.0,21516.3,26.99,30.30
CSV,1180011,118000,40,39,0,20332,0,0.000000e+00,0.000000e+00,10668.0,10316489.0,23806.7,26.37,29.85
CSV,1185011,118500,40,39,0,20432,0,0.000000e+00,0.000000e+00,9723.8,10308289.0,23191.4,26.48,30.25
BER: END_SEQ #40 [LOCK] seq_err=0 BER_seq=0.0000e+00 | lock=40 slip=0 BER_cond=0.0000e+00 BER_cum=0.0000e+00
BER: SYNC #41 (gated)
CSV,1190011,119000,41,40,0,20455,0,0.000000e+00,0.000000e+00,10803.5,11430881.0,21751.1,27.21,30.25
CSV,1195011,119500,41,40,0,20555,0,0.000000e+00,0.000000e+00,11223.9,9606440.0,21088.8,26.59,29.32
CSV,1200011,120000,41,40,0,20655,0,0.000000e+00,0.000000e+00,11030.1,8611974.0,22547.1,25.82,28.93
CSV,1205011,120500,41,40,0,20755,0,0.000000e+00,0.000000e+00,10679.0,9739881.0,22449.5,26.37,29.60
CSV,1210011,121000,41,40,0,20855,0,0.000000e+00,0.000000e+00,10847.7,10656772.0,21527.9,26.95,29.92
BER: END_SEQ #41 [LOCK] seq_err=0 BER_seq=0.0000e+00 | lock=41 slip=0 BER_cond=0.0000e+00 BER_cum=0.0000e+00
CSV,1215011,121500,41,41,0,20951,0,0.000000e+00,0.000000e+00,11243.4,10909835.0,21309.7,27.09,29.87
BER: SYNC #42 (gated)
CSV,1220011,122000,42,41,0,20978,0,0.000000e+00,0.000000e+00,16458.4,7572932.0,45965.4,22.17,26.63
CSV,1225011,122500,42,41,0,21077,0,0.000000e+00,0.000000e+00,24123.7,4342919.5,71879.0,17.81,22.55
CSV,1230011,123000,42,41,0,21178,0,0.000000e+00,0.000000e+00,20101.1,6738792.5,54630.5,20.91,25.25
CSV,1235011,123500,42,41,0,21277,0,0.000000e+00,0.000000e+00,24930.6,4472913.0,73203.9,17.86,22.54
CSV,1240011,124000,42,41,0,21377,0,0.000000e+00,0.000000e+00,25227.6,4354661.5,69401.2,17.98,22.37
BER: END_SEQ #42 [LOCK] seq_err=0 BER_seq=0.0000e+00 | lock=42 slip=0 BER_cond=0.0000e+00 BER_cum=0.0000e+00
CSV,1245011,124500,42,42,0,21462,0,0.000000e+00,0.000000e+00,21823.8,4453815.5,70235.9,18.02,23.10
BER: SYNC #43 (gated)
CSV,1250011,125000,43,42,0,21500,0,0.000000e+00,0.000000e+00,23351.2,4082455.5,69171.4,17.71,22.43
CSV,1255011,125500,43,42,0,21600,0,0.000000e+00,0.000000e+00,23075.9,3599591.5,70783.1,17.06,21.93
CSV,1260011,126000,43,42,0,21700,0,0.000000e+00,0.000000e+00,23504.0,4258094.0,73525.8,17.63,22.58
CSV,1265011,126500,43,42,0,21800,0,0.000000e+00,0.000000e+00,23785.8,4014596.2,69144.6,17.64,22.27
CSV,1270011,127000,43,42,0,21900,0,0.000000e+00,0.000000e+00,23039.9,4289281.0,72855.0,17.70,22.70
BER: END_SEQ #43 [LOCK] seq_err=0 BER_seq=0.0000e+00 | lock=43 slip=0 BER_cond=0.0000e+00 BER_cum=0.0000e+00
CSV,1275011,127500,43,43,0,21973,0,0.000000e+00,0.000000e+00,22480.9,4475311.0,63310.6,18.49,22.99
BER: SYNC #44 (gated)
CSV,1280011,128000,44,43,0,22023,0,0.000000e+00,0.000000e+00,21511.3,4325470.0,77514.3,17.47,23.03
CSV,1285011,128500,44,43,0,22123,0,0.000000e+00,0.000000e+00,22388.8,3414676.5,68627.1,16.97,21.83
CSV,1290011,129000,44,43,0,22223,0,0.000000e+00,0.000000e+00,24023.2,4229446.0,68207.3,17.92,22.46
CSV,1295011,129500,44,43,0,22323,0,0.000000e+00,0.000000e+00,24802.8,4196656.0,73948.3,17.54,22.28
CSV,1300011,130000,44,43,0,22423,0,0.000000e+00,0.000000e+00,24117.6,4264284.0,74873.7,17.56,22.48
BER: END_SEQ #44 [LOCK] seq_err=0 BER_seq=0.0000e+00 | lock=44 slip=0 BER_cond=0.0000e+00 BER_cum=0.0000e+00
CSV,1305011,130500,44,44,0,22484,0,0.000000e+00,0.000000e+00,23414.1,4346605.0,71405.0,17.84,22.69
BER: SYNC #45 (gated)
CSV,1310011,131000,45,44,0,22546,0,0.000000e+00,0.000000e+00,23620.3,4328816.5,66673.1,18.12,22.63
CSV,1315011,131500,45,44,0,22646,0,0.000000e+00,0.000000e+00,23026.1,3322226.5,65492.2,17.05,21.59
CSV,1320011,132000,45,44,0,22745,0,0.000000e+00,0.000000e+00,23373.6,4188903.5,70846.0,17.72,22.53
CSV,1325011,132500,45,44,0,22846,0,0.000000e+00,0.000000e+00,25593.7,4369045.5,75657.6,17.62,22.32
CSV,1330011,133000,45,44,0,22945,0,0.000000e+00,0.000000e+00,21008.4,4060991.0,71913.2,17.52,22.86
BER: END_SEQ #45 [LOCK] seq_err=0 BER_seq=0.0000e+00 | lock=45 slip=0 BER_cond=0.0000e+00 BER_cum=0.0000e+00
CSV,1335011,133500,45,45,0,22995,0,0.000000e+00,0.000000e+00,25517.6,4519869.0,75050.1,17.80,22.48
BER: SYNC #46 (gated)
CSV,1340011,134000,46,45,0,23068,0,0.000000e+00,0.000000e+00,24768.5,4520914.5,71111.3,18.03,22.61
CSV,1345011,134500,46,45,0,23168,0,0.000000e+00,0.000000e+00,23041.0,3325055.0,77312.9,16.34,21.59
CSV,1350011,135000,46,45,0,23268,0,0.000000e+00,0.000000e+00,22633.4,3867039.0,65283.0,17.73,22.33
CSV,1355011,135500,46,45,0,23368,0,0.000000e+00,0.000000e+00,23990.8,4694418.5,69625.2,18.29,22.92
CSV,1360011,136000,46,45,0,23468,0,0.000000e+00,0.000000e+00,23457.4,4087513.5,75358.6,17.34,22.41
BER: END_SEQ #46 [LOCK] seq_err=0 BER_seq=0.0000e+00 | lock=46 slip=0 BER_cond=0.0000e+00 BER_cum=0.0000e+00
CSV,1365011,136500,46,46,0,23506,0,0.000000e+00,0.000000e+00,23542.5,4463254.0,76094.6,17.68,22.78
BER: SYNC #47 (gated)
CSV,1370011,137000,47,46,0,23591,0,0.000000e+00,0.000000e+00,21978.8,4215384.5,76606.2,17.41,22.83
CSV,1375011,137500,47,46,0,23691,0,0.000000e+00,0.000000e+00,21418.4,3487795.5,70254.9,16.96,22.12
CSV,1380011,138000,47,46,0,23791,0,0.000000e+00,0.000000e+00,22503.2,4054204.0,63087.0,18.08,22.56
CSV,1385011,138500,47,46,0,23891,0,0.000000e+00,0.000000e+00,19966.7,4473083.0,67155.2,18.24,23.50
CSV,1390011,139000,47,46,0,23991,0,0.000000e+00,0.000000e+00,21877.8,4240281.5,72820.8,17.65,22.87
BER: END_SEQ #47 [LOCK] seq_err=0 BER_seq=0.0000e+00 | lock=47 slip=0 BER_cond=0.0000e+00 BER_cum=0.0000e+00
CSV,1395011,139500,47,47,0,24017,0,0.000000e+00,0.000000e+00,22022.4,4515956.0,68284.6,18.20,23.12
BER: SYNC #48 (gated)
CSV,1400011,140000,48,47,0,24114,0,0.000000e+00,0.000000e+00,20697.9,4153763.0,68957.1,17.80,23.03
CSV,1405011,140500,48,47,0,24214,0,0.000000e+00,0.000000e+00,23836.2,3323153.5,69258.4,16.81,21.44
CSV,1410011,141000,48,47,0,24314,0,0.000000e+00,0.000000e+00,21494.1,4177305.8,70894.2,17.70,22.89
CSV,1415011,141500,48,47,0,24414,0,0.000000e+00,0.000000e+00,25739.0,4170638.2,79654.1,17.19,22.10
CSV,1420011,142000,48,47,0,24514,0,0.000000e+00,0.000000e+00,23536.2,4441331.0,72437.0,17.88,22.76
BER: END_SEQ #48 [LOCK] seq_err=0 BER_seq=0.0000e+00 | lock=48 slip=0 BER_cond=0.0000e+00 BER_cum=0.0000e+00
BER: SYNC #49 (gated)
CSV,1425011,142500,49,48,0,24537,0,0.000000e+00,0.000000e+00,23712.3,4531784.0,65380.3,18.41,22.81
CSV,1430011,143000,49,48,0,24637,0,0.000000e+00,0.000000e+00,23740.4,4181645.0,70576.3,17.73,22.46
CSV,1435011,143500,49,48,0,24736,0,0.000000e+00,0.000000e+00,25188.9,3359675.2,78972.9,16.29,21.25
CSV,1440011,144000,49,48,0,24836,0,0.000000e+00,0.000000e+00,21449.4,4217507.5,68136.0,17.92,22.94
CSV,1445011,144500,49,48,0,24936,0,0.000000e+00,0.000000e+00,24432.2,4366498.0,73101.3,17.76,22.52
CSV,1450011,145000,49,48,0,25036,0,0.000000e+00,0.000000e+00,22020.3,4357959.0,71189.8,17.87,22.96
BER: END_SEQ #49 [LOCK] seq_err=0 BER_seq=0.0000e+00 | lock=49 slip=0 BER_cond=0.0000e+00 BER_cum=0.0000e+00
BER: SYNC #50 (gated)
CSV,1455011,145500,50,49,0,25059,0,0.000000e+00,0.000000e+00,22783.0,4305327.5,75637.3,17.55,22.76
CSV,1460011,146000,50,49,0,25159,0,0.000000e+00,0.000000e+00,20570.1,3915353.0,65576.1,17.76,22.80
CSV,1465011,146500,50,49,0,25259,0,0.000000e+00,0.000000e+00,23492.0,3569304.2,64152.3,17.45,21.82
CSV,1470011,147000,50,49,0,25359,0,0.000000e+00,0.000000e+00,22854.9,4257326.0,76153.7,17.47,22.70
CSV,1475011,147500,50,49,0,25459,0,0.000000e+00,0.000000e+00,23054.8,4160104.8,74423.3,17.47,22.56
BER: END_SEQ #50 [LOCK] seq_err=0 BER_seq=0.0000e+00 | lock=50 slip=0 BER_cond=0.0000e+00 BER_cum=0.0000e+00
CSV,1480011,148000,50,50,0,25550,0,0.000000e+00,0.000000e+00,25170.4,4388137.0,76665.6,17.58,22.41
BER: SYNC #51 (gated)
CSV,1485011,148500,51,50,0,25582,0,0.000000e+00,0.000000e+00,25031.1,4344120.5,76817.8,17.52,22.39
CSV,1490011,149000,51,50,0,25682,0,0.000000e+00,0.000000e+00,21063.4,3522647.8,68631.5,17.10,22.23
CSV,1495011,149500,51,50,0,25782,0,0.000000e+00,0.000000e+00,23209.8,4144940.5,81459.1,17.07,22.52
CSV,1500011,150000,51,50,0,25882,0,0.000000e+00,0.000000e+00,21959.6,4174087.5,72206.6,17.62,22.79
CSV,1505011,150500,51,50,0,25982,0,0.000000e+00,0.000000e+00,21037.6,4017793.2,71273.4,17.51,22.81
BER: END_SEQ #51 [LOCK] seq_err=0 BER_seq=0.0000e+00 | lock=51 slip=0 BER_cond=0.0000e+00 BER_cum=0.0000e+00
CSV,1510011,151000,51,51,0,26061,0,0.000000e+00,0.000000e+00,24557.3,4438054.5,67225.6,18.20,22.57

=========================================
=== END OF TEST (duration=25 min) ===
=========================================
FINAL: syncs=51 lock=51 slip=0 slip_rate=0.0000
FINAL: bits_cum=26061 err_cum=0 BER_cum=0.0000e+00
FINAL: bits_lock=26061 err_lock=0 BER_cond=0.0000e+00
=========================================
=== STOP LOGGING NOW ===
=========================================
