

=== RX BOOT - BER TEST MODE ===
BPS_MODE=40 (HALF_SAMPLES=1000, 5000 samples/bit @ 200000 Hz)
Expect: 64-bit preamble + Barker13 (1F35h, gated by 8 preamble bits = 0x55) + 511-bit PRBS-9
Noise floor band: 5000 Hz; lock threshold: BER<0.10
Auto-stop: test will halt 25 min after the first sync.
RX: edge-tracking sync, center-3 voting
Starting decoder...

BER: SYNC #1 (gated)
CSV,5007,1000,1,0,0,41,0,0.000000e+00,0.000000e+00,50114973696.0,44802519040.0,1189124.9,46.25,0.49
CSV,10007,2000,1,0,0,241,0,0.000000e+00,0.000000e+00,53026148352.0,42498912256.0,1214738.5,46.40,0.96
CSV,15007,3000,1,0,0,441,0,0.000000e+00,0.000000e+00,48990703616.0,45616508928.0,1209356.5,46.08,0.31
BER: END_SEQ #1 [LOCK] seq_err=0 BER_seq=0.0000e+00 | lock=1 slip=0 BER_cond=0.0000e+00 BER_cum=0.0000e+00
BER: SYNC #2 (gated)
CSV,20007,4000,2,1,0,564,0,0.000000e+00,0.000000e+00,48264994816.0,45398519808.0,1437565.9,45.26,0.27
CSV,25007,5000,2,1,0,764,0,0.000000e+00,0.000000e+00,53391187968.0,41908424704.0,1276152.9,46.22,1.05
CSV,30007,6000,2,1,0,964,0,0.000000e+00,0.000000e+00,48941875200.0,45330079744.0,1243561.4,45.95,0.33
BER: END_SEQ #2 [LOCK] seq_err=0 BER_seq=0.0000e+00 | lock=2 slip=0 BER_cond=0.0000e+00 BER_cum=0.0000e+00
BER: SYNC #3 (gated)
CSV,35007,7000,3,2,0,1087,0,0.000000e+00,0.000000e+00,46397095936.0,47505534976.0,1378979.4,45.37,0.10
CSV,40007,8000,3,2,0,1286,0,0.000000e+00,0.000000e+00,55614926848.0,39131328512.0,1320892.1,46.24,1.53
CSV,45007,9000,3,2,0,1486,0,0.000000e+00,0.000000e+00,48686370816.0,46113792000.0,1447176.8,45.27,0.24
BER: END_SEQ #3 [LOCK] seq_err=0 BER_seq=0.0000e+00 | lock=3 slip=0 BER_cond=0.0000e+00 BER_cum=0.0000e+00
BER: SYNC #4 (gated)
CSV,50007,10000,4,3,0,1609,0,0.000000e+00,0.000000e+00,45598875648.0,46878273536.0,1379106.9,45.31,0.12
CSV,55007,11000,4,3,0,1809,0,0.000000e+00,0.000000e+00,56366731264.0,39338876928.0,1220207.8,46.65,1.56
CSV,60007,12000,4,3,0,2009,0,0.000000e+00,0.000000e+00,47030517760.0,46142668800.0,1445465.0,45.12,0.08
BER: END_SEQ #4 [LOCK] seq_err=0 BER_seq=0.0000e+00 | lock=4 slip=0 BER_cond=0.0000e+00 BER_cum=0.0000e+00
BER: SYNC #5 (gated)
CSV,65007,13000,5,4,0,2132,0,0.000000e+00,0.000000e+00,47276625920.0,47313723392.0,1421233.5,45.22,0.00
CSV,70007,14000,5,4,0,2332,0,0.000000e+00,0.000000e+00,53919072256.0,40106598400.0,1163657.2,46.66,1.29
CSV,75007,15000,5,4,0,2532,0,0.000000e+00,0.000000e+00,49499045888.0,45638520832.0,1245526.6,45.99,0.35
BER: END_SEQ #5 [LOCK] seq_err=0 BER_seq=0.0000e+00 | lock=5 slip=0 BER_cond=0.0000e+00 BER_cum=0.0000e+00
BER: SYNC #6 (gated)
CSV,80007,16000,6,5,0,2655,0,0.000000e+00,0.000000e+00,45846589440.0,46166171648.0,1503322.5,44.87,0.03
CSV,85007,17000,6,5,0,2855,0,0.000000e+00,0.000000e+00,55552864256.0,39755534336.0,1266043.0,46.42,1.45
CSV,90007,18000,6,5,0,3054,0,0.000000e+00,0.000000e+00,46398504960.0,45294526464.0,1168261.1,45.99,0.10
BER: END_SEQ #6 [LOCK] seq_err=0 BER_seq=0.0000e+00 | lock=6 slip=0 BER_cond=0.0000e+00 BER_cum=0.0000e+00
BER: SYNC #7 (gated)
CSV,95007,19000,7,6,0,3177,0,0.000000e+00,0.000000e+00,47601389568.0,46136942592.0,1586474.2,44.77,0.14
CSV,100007,20000,7,6,0,3377,0,0.000000e+00,0.000000e+00,53529776128.0,39114321920.0,1166100.9,46.62,1.36
BER: END_SEQ #7 [LOCK] seq_err=0 BER_seq=0.0000e+00 | lock=7 slip=0 BER_cond=0.0000e+00 BER_cum=0.0000e+00
CSV,105007,21000,7,7,0,3577,0,0.000000e+00,0.000000e+00,46914215936.0,47576379392.0,1207319.2,45.96,0.06
BER: SYNC #8 (gated)
CSV,110007,22000,8,7,0,3700,0,0.000000e+00,0.000000e+00,48782094336.0,41848868864.0,1490852.9,45.15,0.67
CSV,115007,23000,8,7,0,3900,0,0.000000e+00,0.000000e+00,53237559296.0,41591533568.0,1145965.6,46.67,1.07
BER: END_SEQ #8 [LOCK] seq_err=0 BER_seq=0.0000e+00 | lock=8 slip=0 BER_cond=0.0000e+00 BER_cum=0.0000e+00
CSV,120007,24000,8,8,0,4088,0,0.000000e+00,0.000000e+00,45361668096.0,45740638208.0,1164931.6,45.94,0.04
BER: SYNC #9 (gated)
CSV,125007,25000,9,8,0,4223,0,0.000000e+00,0.000000e+00,52440666112.0,41332727808.0,1384537.1,45.78,1.03
CSV,130007,26000,9,8,0,4423,0,0.000000e+00,0.000000e+00,48279556096.0,43145060352.0,1229697.4,45.94,0.49
BER: END_SEQ #9 [LOCK] seq_err=0 BER_seq=0.0000e+00 | lock=9 slip=0 BER_cond=0.0000e+00 BER_cum=0.0000e+00
CSV,135007,27000,9,9,0,4599,0,0.000000e+00,0.000000e+00,48267976704.0,46064517120.0,1216659.9,45.98,0.20
BER: SYNC #10 (gated)
CSV,140007,28000,10,9,0,4745,0,0.000000e+00,0.000000e+00,53196808192.0,39765995520.0,1276241.0,46.20,1.26
CSV,145007,29000,10,9,0,4945,0,0.000000e+00,0.000000e+00,48686211072.0,45431304192.0,1233537.4,45.96,0.30
BER: END_SEQ #10 [LOCK] seq_err=0 BER_seq=0.0000e+00 | lock=10 slip=0 BER_cond=0.0000e+00 BER_cum=0.0000e+00
CSV,150007,30000,10,10,0,5110,0,0.000000e+00,0.000000e+00,46262685696.0,44833366016.0,1364156.2,45.30,0.14
BER: SYNC #11 (gated)
CSV,155007,31000,11,10,0,5268,0,0.000000e+00,0.000000e+00,53705351168.0,40640364544.0,1263893.8,46.28,1.21
CSV,160007,32000,11,10,0,5468,0,0.000000e+00,0.000000e+00,46955749376.0,44115189760.0,1241549.2,45.78,0.27
BER: END_SEQ #11 [LOCK] seq_err=0 BER_seq=0.0000e+00 | lock=11 slip=0 BER_cond=0.0000e+00 BER_cum=0.0000e+00
CSV,165007,33000,11,11,0,5621,0,0.000000e+00,0.000000e+00,48157777920.0,45168439296.0,1371887.4,45.45,0.28
BER: SYNC #12 (gated)
CSV,170007,34000,12,11,0,5791,0,0.000000e+00,0.000000e+00,52298272768.0,40618471424.0,1182705.0,46.46,1.10
CSV,175007,35000,12,11,0,5991,0,0.000000e+00,0.000000e+00,48482414592.0,44906209280.0,1185823.4,46.12,0.33
BER: END_SEQ #12 [LOCK] seq_err=0 BER_seq=0.0000e+00 | lock=12 slip=0 BER_cond=0.0000e+00 BER_cum=0.0000e+00
CSV,180007,36000,12,12,0,6132,0,0.000000e+00,0.000000e+00,46983405568.0,43998265344.0,1493569.2,44.98,0.29
BER: SYNC #13 (gated)
CSV,185007,37000,13,12,0,6314,0,0.000000e+00,0.000000e+00,52803186688.0,41682771968.0,1190029.8,46.47,1.03
CSV,190007,38000,13,12,0,6513,0,0.000000e+00,0.000000e+00,47110074368.0,43813634048.0,1391621.9,45.30,0.32
BER: END_SEQ #13 [LOCK] seq_err=0 BER_seq=0.0000e+00 | lock=13 slip=0 BER_cond=0.0000e+00 BER_cum=0.0000e+00
CSV,195007,39000,13,13,0,6643,0,0.000000e+00,0.000000e+00,47775272960.0,45208510464.0,1458835.6,45.15,0.24
BER: SYNC #14 (gated)
CSV,200007,40000,14,13,0,6836,0,0.000000e+00,0.000000e+00,54062514176.0,38277218304.0,1177055.4,46.62,1.50
CSV,205007,41000,14,13,0,7036,0,0.000000e+00,0.000000e+00,48244297728.0,44716564480.0,1398014.4,45.38,0.33
BER: END_SEQ #14 [LOCK] seq_err=0 BER_seq=0.0000e+00 | lock=14 slip=0 BER_cond=0.0000e+00 BER_cum=0.0000e+00
BER: SYNC #15 (gated)
CSV,210007,42000,15,14,0,7159,0,0.000000e+00,0.000000e+00,45682196480.0,45083623424.0,1493412.0,44.86,0.06
CSV,215007,43000,15,14,0,7359,0,0.000000e+00,0.000000e+00,54714523648.0,40882765824.0,1170325.9,46.70,1.27
CSV,220007,44000,15,14,0,7559,0,0.000000e+00,0.000000e+00,47318728704.0,45305778176.0,1292534.0,45.64,0.19
BER: END_SEQ #15 [LOCK] seq_err=0 BER_seq=0.0000e+00 | lock=15 slip=0 BER_cond=0.0000e+00 BER_cum=0.0000e+00
BER: SYNC #16 (gated)
CSV,225007,45000,16,15,0,7682,0,0.000000e+00,0.000000e+00,46881906688.0,47493861376.0,1471927.8,45.09,0.06
CSV,230007,46000,16,15,0,7882,0,0.000000e+00,0.000000e+00,54127939584.0,39545540608.0,1243653.6,46.39,1.36
CSV,235007,47000,16,15,0,8082,0,0.000000e+00,0.000000e+00,49433202688.0,44135219200.0,1218485.4,46.08,0.49
BER: END_SEQ #16 [LOCK] seq_err=0 BER_seq=0.0000e+00 | lock=16 slip=0 BER_cond=0.0000e+00 BER_cum=0.0000e+00
BER: SYNC #17 (gated)
CSV,240007,48000,17,16,0,8204,0,0.000000e+00,0.000000e+00,44316520448.0,45809614848.0,1405786.8,45.13,0.14
CSV,245007,49000,17,16,0,8404,0,0.000000e+00,0.000000e+00,54320156672.0,40227647488.0,1273887.9,46.30,1.30
CSV,250007,50000,17,16,0,8604,0,0.000000e+00,0.000000e+00,48312500224.0,43176525824.0,1187653.6,46.09,0.49
BER: END_SEQ #17 [LOCK] seq_err=0 BER_seq=0.0000e+00 | lock=17 slip=0 BER_cond=0.0000e+00 BER_cum=0.0000e+00
BER: SYNC #18 (gated)
CSV,255007,51000,18,17,0,8727,0,0.000000e+00,0.000000e+00,46937972736.0,44990894080.0,1494285.1,44.97,0.18
CSV,260007,52000,18,17,0,8927,0,0.000000e+00,0.000000e+00,51799498752.0,40734924800.0,1153540.4,46.52,1.04
CSV,265007,53000,18,17,0,9127,0,0.000000e+00,0.000000e+00,48502415360.0,43964911616.0,1232298.4,45.95,0.43
BER: END_SEQ #18 [LOCK] seq_err=0 BER_seq=0.0000e+00 | lock=18 slip=0 BER_cond=0.0000e+00 BER_cum=0.0000e+00
BER: SYNC #19 (gated)
CSV,270007,54000,19,18,0,9250,0,0.000000e+00,0.000000e+00,47001407488.0,44401115136.0,1503584.2,44.95,0.25
CSV,275007,55000,19,18,0,9450,0,0.000000e+00,0.000000e+00,52915564544.0,41024520192.0,1239515.8,46.30,1.11
CSV,280007,56000,19,18,0,9650,0,0.000000e+00,0.000000e+00,49188409344.0,44376305664.0,1068411.6,46.63,0.45
BER: END_SEQ #19 [LOCK] seq_err=0 BER_seq=0.0000e+00 | lock=19 slip=0 BER_cond=0.0000e+00 BER_cum=0.0000e+00
BER: SYNC #20 (gated)
CSV,285007,57000,20,19,0,9773,0,0.000000e+00,0.000000e+00,45871349760.0,46735835136.0,1397132.9,45.24,0.08
CSV,290007,58000,20,19,0,9972,0,0.000000e+00,0.000000e+00,55661285376.0,38945390592.0,1225301.0,46.57,1.55
CSV,295007,59000,20,19,0,10172,0,0.000000e+00,0.000000e+00,47633391616.0,45530251264.0,1154671.0,46.15,0.20
BER: END_SEQ #20 [LOCK] seq_err=0 BER_seq=0.0000e+00 | lock=20 slip=0 BER_cond=0.0000e+00 BER_cum=0.0000e+00
BER: SYNC #21 (gated)
CSV,300007,60000,21,20,0,10295,0,0.000000e+00,0.000000e+00,46098620416.0,46939340800.0,1426921.5,45.17,0.08
CSV,305007,61000,21,20,0,10495,0,0.000000e+00,0.000000e+00,55780057088.0,38552596480.0,1268279.2,46.43,1.60
CSV,310007,62000,21,20,0,10695,0,0.000000e+00,0.000000e+00,47655628800.0,46124441600.0,1162352.8,46.13,0.14
BER: END_SEQ #21 [LOCK] seq_err=0 BER_seq=0.0000e+00 | lock=21 slip=0 BER_cond=0.0000e+00 BER_cum=0.0000e+00
BER: SYNC #22 (gated)
CSV,315007,63000,22,21,0,10818,0,0.000000e+00,0.000000e+00,45976772608.0,45945303040.0,1406010.0,45.15,0.00
CSV,320007,64000,22,21,0,11018,0,0.000000e+00,0.000000e+00,54360608768.0,40529874944.0,1181829.1,46.63,1.28
CSV,325007,65000,22,21,0,11218,0,0.000000e+00,0.000000e+00,47980716032.0,44738007040.0,1237108.0,45.89,0.30
BER: END_SEQ #22 [LOCK] seq_err=0 BER_seq=0.0000e+00 | lock=22 slip=0 BER_cond=0.0000e+00 BER_cum=0.0000e+00
BER: SYNC #23 (gated)
CSV,330007,66000,23,22,0,11341,0,0.000000e+00,0.000000e+00,46875860992.0,46693765120.0,1410612.1,45.22,0.02
CSV,335007,67000,23,22,0,11541,0,0.000000e+00,0.000000e+00,54588534784.0,39006552064.0,1271151.5,46.33,1.46
CSV,340007,68000,23,22,0,11741,0,0.000000e+00,0.000000e+00,47676395520.0,46592446464.0,1320699.0,45.57,0.10
BER: END_SEQ #23 [LOCK] seq_err=0 BER_seq=0.0000e+00 | lock=23 slip=0 BER_cond=0.0000e+00 BER_cum=0.0000e+00
BER: SYNC #24 (gated)
CSV,345007,69000,24,23,0,11863,0,0.000000e+00,0.000000e+00,46727118848.0,44865953792.0,1430634.2,45.14,0.18
CSV,350007,70000,24,23,0,12063,0,0.000000e+00,0.000000e+00,54681161728.0,40639954944.0,1270961.6,46.34,1.29
CSV,355007,71000,24,23,0,12263,0,0.000000e+00,0.000000e+00,45781725184.0,46613938176.0,1330213.8,45.45,0.08
BER: END_SEQ #24 [LOCK] seq_err=0 BER_seq=0.0000e+00 | lock=24 slip=0 BER_cond=0.0000e+00 BER_cum=0.0000e+00
BER: SYNC #25 (gated)
CSV,360007,72000,25,24,0,12386,0,0.000000e+00,0.000000e+00,50482618368.0,43878465536.0,1537635.4,45.16,0.61
CSV,365007,73000,25,24,0,12586,0,0.000000e+00,0.000000e+00,52401762304.0,40734879744.0,1191856.2,46.43,1.09
BER: END_SEQ #25 [LOCK] seq_err=0 BER_seq=0.0000e+00 | lock=25 slip=0 BER_cond=0.0000e+00 BER_cum=0.0000e+00
CSV,370007,74000,25,25,0,12775,0,0.000000e+00,0.000000e+00,47108001792.0,47239204864.0,1289730.9,45.64,0.01
BER: SYNC #26 (gated)
CSV,375007,75000,26,25,0,12909,0,0.000000e+00,0.000000e+00,51398864896.0,40697810944.0,1495625.5,45.36,1.01
CSV,380007,76000,26,25,0,13109,0,0.000000e+00,0.000000e+00,49541136384.0,45234331648.0,1155172.5,46.32,0.39
BER: END_SEQ #26 [LOCK] seq_err=0 BER_seq=0.0000e+00 | lock=26 slip=0 BER_cond=0.0000e+00 BER_cum=0.0000e+00
CSV,385007,77000,26,26,0,13286,0,0.000000e+00,0.000000e+00,47483777024.0,44643307520.0,1227918.0,45.87,0.27
BER: SYNC #27 (gated)
CSV,390007,78000,27,26,0,13432,0,0.000000e+00,0.000000e+00,53915967488.0,41089142784.0,1461498.1,45.67,1.18
CSV,395007,79000,27,26,0,13631,0,0.000000e+00,0.000000e+00,47566106624.0,44456030208.0,1265968.9,45.75,0.29
BER: END_SEQ #27 [LOCK] seq_err=0 BER_seq=0.0000e+00 | lock=27 slip=0 BER_cond=0.0000e+00 BER_cum=0.0000e+00
CSV,400007,80000,27,27,0,13797,0,0.000000e+00,0.000000e+00,47981309952.0,46051684352.0,1329170.2,45.57,0.18
BER: SYNC #28 (gated)
CSV,405007,81000,28,27,0,13954,0,0.000000e+00,0.000000e+00,52511117312.0,39862321152.0,1359343.5,45.87,1.20
CSV,410007,82000,28,27,0,14154,0,0.000000e+00,0.000000e+00,48277983232.0,46024564736.0,1229328.6,45.94,0.21
BER: END_SEQ #28 [LOCK] seq_err=0 BER_seq=0.0000e+00 | lock=28 slip=0 BER_cond=0.0000e+00 BER_cum=0.0000e+00
CSV,415007,83000,28,28,0,14308,0,0.000000e+00,0.000000e+00,47088820224.0,44174200832.0,1493177.6,44.99,0.28
BER: SYNC #29 (gated)
CSV,420007,84000,29,28,0,14477,0,0.000000e+00,0.000000e+00,53830148096.0,41325412352.0,1176149.6,46.61,1.15
CSV,425007,85000,29,28,0,14677,0,0.000000e+00,0.000000e+00,47496904704.0,44455702528.0,1180294.0,46.05,0.29
BER: END_SEQ #29 [LOCK] seq_err=0 BER_seq=0.0000e+00 | lock=29 slip=0 BER_cond=0.0000e+00 BER_cum=0.0000e+00
CSV,430007,86000,29,29,0,14819,0,0.000000e+00,0.000000e+00,48049672192.0,45731074048.0,1410983.2,45.32,0.21
BER: SYNC #30 (gated)
CSV,435007,87000,30,29,0,15000,0,0.000000e+00,0.000000e+00,51710779392.0,40949415936.0,1166132.4,46.47,1.01
CSV,440007,88000,30,29,0,15200,0,0.000000e+00,0.000000e+00,48737161216.0,45564547072.0,1179446.5,46.16,0.29
BER: END_SEQ #30 [LOCK] seq_err=0 BER_seq=0.0000e+00 | lock=30 slip=0 BER_cond=0.0000e+00 BER_cum=0.0000e+00
CSV,445007,89000,30,30,0,15330,0,0.000000e+00,0.000000e+00,46403153920.0,44504510464.0,1414427.1,45.16,0.18
BER: SYNC #31 (gated)
CSV,450007,90000,31,30,0,15522,0,0.000000e+00,0.000000e+00,55674916864.0,39920332800.0,1186852.4,46.71,1.44
CSV,455007,91000,31,30,0,15722,0,0.000000e+00,0.000000e+00,47710912512.0,44508778496.0,1171692.2,46.10,0.30
BER: END_SEQ #31 [LOCK] seq_err=0 BER_seq=0.0000e+00 | lock=31 slip=0 BER_cond=0.0000e+00 BER_cum=0.0000e+00
BER: SYNC #32 (gated)
CSV,460007,92000,32,31,0,15845,0,0.000000e+00,0.000000e+00,47595929600.0,46870982656.0,1402881.8,45.31,0.07
CSV,465007,93000,32,31,0,16045,0,0.000000e+00,0.000000e+00,53579784192.0,39479357440.0,1206629.4,46.47,1.33
CSV,470007,94000,32,31,0,16245,0,0.000000e+00,0.000000e+00,48371986432.0,46202621952.0,1284343.1,45.76,0.20
BER: END_SEQ #32 [LOCK] seq_err=0 BER_seq=0.0000e+00 | lock=32 slip=0 BER_cond=0.0000e+00 BER_cum=0.0000e+00
BER: SYNC #33 (gated)
CSV,475007,95000,33,32,0,16368,0,0.000000e+00,0.000000e+00,44578967552.0,46080851968.0,1355141.5,45.32,0.14
CSV,480007,96000,33,32,0,16568,0,0.000000e+00,0.000000e+00,54506668032.0,39584952320.0,1269804.5,46.33,1.39
CSV,485007,97000,33,32,0,16768,0,0.000000e+00,0.000000e+00,48177803264.0,42930880512.0,1176860.2,46.12,0.50
BER: END_SEQ #33 [LOCK] seq_err=0 BER_seq=0.0000e+00 | lock=33 slip=0 BER_cond=0.0000e+00 BER_cum=0.0000e+00
BER: SYNC #34 (gated)
CSV,490007,98000,34,33,0,16891,0,0.000000e+00,0.000000e+00,45689155584.0,47200886784.0,1413163.9,45.24,0.14
CSV,495007,99000,34,33,0,17090,0,0.000000e+00,0.000000e+00,53797486592.0,39066730496.0,1306040.6,46.15,1.39
CSV,500007,100000,34,33,0,17290,0,0.000000e+00,0.000000e+00,48977440768.0,44839174144.0,1377492.6,45.51,0.38
BER: END_SEQ #34 [LOCK] seq_err=0 BER_seq=0.0000e+00 | lock=34 slip=0 BER_cond=0.0000e+00 BER_cum=0.0000e+00
BER: SYNC #35 (gated)
CSV,505007,101000,35,34,0,17413,0,0.000000e+00,0.000000e+00,46772432896.0,44905730048.0,1428035.4,45.15,0.18
CSV,510007,102000,35,34,0,17613,0,0.000000e+00,0.000000e+00,52823748608.0,42052964352.0,1197306.0,46.45,0.99
CSV,515007,103000,35,34,0,17813,0,0.000000e+00,0.000000e+00,48572682240.0,44203302912.0,1400326.5,45.40,0.41
BER: END_SEQ #35 [LOCK] seq_err=0 BER_seq=0.0000e+00 | lock=35 slip=0 BER_cond=0.0000e+00 BER_cum=0.0000e+00
BER: SYNC #36 (gated)
CSV,520007,104000,36,35,0,17936,0,0.000000e+00,0.000000e+00,46944395264.0,44941848576.0,1446334.9,45.11,0.19
CSV,525007,105000,36,35,0,18136,0,0.000000e+00,0.000000e+00,51847282688.0,39843766272.0,1170214.4,46.46,1.14
CSV,530007,106000,36,35,0,18336,0,0.000000e+00,0.000000e+00,48952168448.0,43556089856.0,1242239.2,45.96,0.51
BER: END_SEQ #36 [LOCK] seq_err=0 BER_seq=0.0000e+00 | lock=36 slip=0 BER_cond=0.0000e+00 BER_cum=0.0000e+00
BER: SYNC #37 (gated)
CSV,535007,107000,37,36,0,18459,0,0.000000e+00,0.000000e+00,45497872384.0,45147725824.0,1375657.4,45.19,0.03
CSV,540007,108000,37,36,0,18659,0,0.000000e+00,0.000000e+00,55087116288.0,38221303808.0,1284535.1,46.32,1.59
CSV,545007,109000,37,36,0,18858,0,0.000000e+00,0.000000e+00,47005274112.0,44445560832.0,1224656.2,45.84,0.24
BER: END_SEQ #37 [LOCK] seq_err=0 BER_seq=0.0000e+00 | lock=37 slip=0 BER_cond=0.0000e+00 BER_cum=0.0000e+00
BER: SYNC #38 (gated)
CSV,550007,110000,38,37,0,18981,0,0.000000e+00,0.000000e+00,45362159616.0,46104272896.0,1395790.0,45.19,0.07
CSV,555007,111000,38,37,0,19181,0,0.000000e+00,0.000000e+00,55252942848.0,38219628544.0,1244556.9,46.47,1.60
CSV,560007,112000,38,37,0,19381,0,0.000000e+00,0.000000e+00,46984060928.0,44892327936.0,1259829.6,45.72,0.20
BER: END_SEQ #38 [LOCK] seq_err=0 BER_seq=0.0000e+00 | lock=38 slip=0 BER_cond=0.0000e+00 BER_cum=0.0000e+00
BER: SYNC #39 (gated)
CSV,565007,113000,39,38,0,19504,0,0.000000e+00,0.000000e+00,46092541952.0,45087076352.0,1456505.6,45.00,0.10
CSV,570007,114000,39,38,0,19704,0,0.000000e+00,0.000000e+00,53402910720.0,39433543680.0,1085825.0,46.92,1.32
CSV,575007,115000,39,38,0,19904,0,0.000000e+00,0.000000e+00,47455195136.0,44611538944.0,1235129.0,45.85,0.27
BER: END_SEQ #39 [LOCK] seq_err=0 BER_seq=0.0000e+00 | lock=39 slip=0 BER_cond=0.0000e+00 BER_cum=0.0000e+00
BER: SYNC #40 (gated)
CSV,580007,116000,40,39,0,20027,0,0.000000e+00,0.000000e+00,45863186432.0,44665110528.0,1450812.5,45.00,0.11
CSV,585007,117000,40,39,0,20227,0,0.000000e+00,0.000000e+00,54086864896.0,38931079168.0,1176812.6,46.62,1.43
CSV,590007,118000,40,39,0,20427,0,0.000000e+00,0.000000e+00,46228295680.0,44712955904.0,1061328.4,46.39,0.14
BER: END_SEQ #40 [LOCK] seq_err=0 BER_seq=0.0000e+00 | lock=40 slip=0 BER_cond=0.0000e+00 BER_cum=0.0000e+00
BER: SYNC #41 (gated)
CSV,595007,119000,41,40,0,20550,0,0.000000e+00,0.000000e+00,47274004480.0,44735582208.0,1412715.6,45.25,0.24
CSV,600007,120000,41,40,0,20749,0,0.000000e+00,0.000000e+00,53523193856.0,38702624768.0,1221169.0,46.42,1.41
CSV,605007,121000,41,40,0,20949,0,0.000000e+00,0.000000e+00,46698860544.0,47150436352.0,1115698.5,46.26,0.04
BER: END_SEQ #41 [LOCK] seq_err=0 BER_seq=0.0000e+00 | lock=41 slip=0 BER_cond=0.0000e+00 BER_cum=0.0000e+00
BER: SYNC #42 (gated)
CSV,610007,122000,42,41,0,21072,0,0.000000e+00,0.000000e+00,48509784064.0,43112067072.0,1514449.4,45.06,0.51
CSV,615007,123000,42,41,0,21272,0,0.000000e+00,0.000000e+00,52756525056.0,40716779520.0,1189513.5,46.47,1.13
BER: END_SEQ #42 [LOCK] seq_err=0 BER_seq=0.0000e+00 | lock=42 slip=0 BER_cond=0.0000e+00 BER_cum=0.0000e+00
CSV,620007,124000,42,42,0,21462,0,0.000000e+00,0.000000e+00,45574107136.0,45027397632.0,1212677.4,45.75,0.05
BER: SYNC #43 (gated)
CSV,625007,125000,43,42,0,21595,0,0.000000e+00,0.000000e+00,52151738368.0,41025675264.0,1366279.4,45.82,1.04
CSV,630007,126000,43,42,0,21795,0,0.000000e+00,0.000000e+00,48033263616.0,43055411200.0,1190674.8,46.06,0.48
BER: END_SEQ #43 [LOCK] seq_err=0 BER_seq=0.0000e+00 | lock=43 slip=0 BER_cond=0.0000e+00 BER_cum=0.0000e+00
CSV,635007,127000,43,43,0,21973,0,0.000000e+00,0.000000e+00,47658905600.0,44910354432.0,1311402.4,45.60,0.26
BER: SYNC #44 (gated)
CSV,640007,128000,44,43,0,22118,0,0.000000e+00,0.000000e+00,52160589824.0,39355506688.0,1328673.1,45.94,1.22
CSV,645007,129000,44,43,0,22318,0,0.000000e+00,0.000000e+00,49284419584.0,45126000640.0,1289113.1,45.82,0.38
BER: END_SEQ #44 [LOCK] seq_err=0 BER_seq=0.0000e+00 | lock=44 slip=0 BER_cond=0.0000e+00 BER_cum=0.0000e+00
CSV,650007,130000,44,44,0,22484,0,0.000000e+00,0.000000e+00,45934419968.0,44568629248.0,1473673.4,44.94,0.13
BER: SYNC #45 (gated)
CSV,655007,131000,45,44,0,22640,0,0.000000e+00,0.000000e+00,53394325504.0,40301928448.0,1329324.2,46.04,1.22
CSV,660007,132000,45,44,0,22840,0,0.000000e+00,0.000000e+00,46625247232.0,44808302592.0,1280585.0,45.61,0.17
BER: END_SEQ #45 [LOCK] seq_err=0 BER_seq=0.0000e+00 | lock=45 slip=0 BER_cond=0.0000e+00 BER_cum=0.0000e+00
CSV,665007,133000,45,45,0,22995,0,0.000000e+00,0.000000e+00,48543797248.0,44911857664.0,1481520.1,45.15,0.34
BER: SYNC #46 (gated)
CSV,670007,134000,46,45,0,23163,0,0.000000e+00,0.000000e+00,52495921152.0,39708413952.0,1274605.5,46.15,1.21
CSV,675007,135000,46,45,0,23363,0,0.000000e+00,0.000000e+00,48725225472.0,45428666368.0,1249037.2,45.91,0.30
BER: END_SEQ #46 [LOCK] seq_err=0 BER_seq=0.0000e+00 | lock=46 slip=0 BER_cond=0.0000e+00 BER_cum=0.0000e+00
CSV,680007,136000,46,46,0,23506,0,0.000000e+00,0.000000e+00,46258397184.0,44091617280.0,1492570.0,44.91,0.21
BER: SYNC #47 (gated)
CSV,685007,137000,47,46,0,23686,0,0.000000e+00,0.000000e+00,52598910976.0,41386504192.0,1231320.2,46.31,1.04
CSV,690007,138000,47,46,0,23886,0,0.000000e+00,0.000000e+00,46979866624.0,43649884160.0,1243465.1,45.77,0.32
BER: END_SEQ #47 [LOCK] seq_err=0 BER_seq=0.0000e+00 | lock=47 slip=0 BER_cond=0.0000e+00 BER_cum=0.0000e+00
CSV,695007,139000,47,47,0,24017,0,0.000000e+00,0.000000e+00,47057223680.0,45411860480.0,1391444.1,45.29,0.15
BER: SYNC #48 (gated)
CSV,700007,140000,48,47,0,24208,0,0.000000e+00,0.000000e+00,53980684288.0,38402760704.0,1248392.5,46.36,1.48
CSV,705007,141000,48,47,0,24408,0,0.000000e+00,0.000000e+00,49102491648.0,44927029248.0,1273776.2,45.86,0.39
BER: END_SEQ #48 [LOCK] seq_err=0 BER_seq=0.0000e+00 | lock=48 slip=0 BER_cond=0.0000e+00 BER_cum=0.0000e+00
BER: SYNC #49 (gated)
CSV,710007,142000,49,48,0,24531,0,0.000000e+00,0.000000e+00,44996845568.0,44818849792.0,1487386.8,44.81,0.02
CSV,715007,143000,49,48,0,24731,0,0.000000e+00,0.000000e+00,54728990720.0,39884906496.0,1150853.9,46.77,1.37
CSV,720007,144000,49,48,0,24931,0,0.000000e+00,0.000000e+00,46737178624.0,44710535168.0,1234284.9,45.78,0.19
BER: END_SEQ #49 [LOCK] seq_err=0 BER_seq=0.0000e+00 | lock=49 slip=0 BER_cond=0.0000e+00 BER_cum=0.0000e+00
BER: SYNC #50 (gated)
CSV,725007,145000,50,49,0,25054,0,0.000000e+00,0.000000e+00,46003232768.0,47597867008.0,1530121.6,44.93,0.15
CSV,730007,146000,50,49,0,25254,0,0.000000e+00,0.000000e+00,53935382528.0,38637563904.0,1123462.5,46.81,1.45
CSV,735007,147000,50,49,0,25454,0,0.000000e+00,0.000000e+00,49262616576.0,44817633280.0,1153254.8,46.31,0.41
BER: END_SEQ #50 [LOCK] seq_err=0 BER_seq=0.0000e+00 | lock=50 slip=0 BER_cond=0.0000e+00 BER_cum=0.0000e+00
BER: SYNC #51 (gated)
CSV,740007,148000,51,50,0,25577,0,0.000000e+00,0.000000e+00,44329693184.0,46293135360.0,1424823.1,45.12,0.19
CSV,745007,149000,51,50,0,25777,0,0.000000e+00,0.000000e+00,55332610048.0,39632035840.0,1278333.0,46.36,1.45
CSV,750007,150000,51,50,0,25976,0,0.000000e+00,0.000000e+00,47463940096.0,44375375872.0,1045657.4,46.57,0.29
BER: END_SEQ #51 [LOCK] seq_err=0 BER_seq=0.0000e+00 | lock=51 slip=0 BER_cond=0.0000e+00 BER_cum=0.0000e+00
BER: SYNC #52 (gated)
CSV,755007,151000,52,51,0,26099,0,0.000000e+00,0.000000e+00,48006496256.0,45784829952.0,1438138.8,45.23,0.21
CSV,760007,152000,52,51,0,26299,0,0.000000e+00,0.000000e+00,51652689920.0,40835108864.0,1238403.6,46.20,1.02
CSV,765007,153000,52,51,0,26499,0,0.000000e+00,0.000000e+00,49351421952.0,44545835008.0,1137746.1,46.37,0.44
BER: END_SEQ #52 [LOCK] seq_err=0 BER_seq=0.0000e+00 | lock=52 slip=0 BER_cond=0.0000e+00 BER_cum=0.0000e+00
BER: SYNC #53 (gated)
CSV,770007,154000,53,52,0,26622,0,0.000000e+00,0.000000e+00,46190817280.0,44664926208.0,1416956.1,45.13,0.15
CSV,775007,155000,53,52,0,26822,0,0.000000e+00,0.000000e+00,53218205696.0,41256108032.0,1217135.2,46.41,1.11
CSV,780007,156000,53,52,0,27022,0,0.000000e+00,0.000000e+00,48211820544.0,43866959872.0,1259483.8,45.83,0.41
BER: END_SEQ #53 [LOCK] seq_err=0 BER_seq=0.0000e+00 | lock=53 slip=0 BER_cond=0.0000e+00 BER_cum=0.0000e+00
BER: SYNC #54 (gated)
CSV,785007,157000,54,53,0,27145,0,0.000000e+00,0.000000e+00,46986567680.0,45982531584.0,1359123.0,45.39,0.09
CSV,790007,158000,54,53,0,27345,0,0.000000e+00,0.000000e+00,54483959808.0,38752800768.0,1224341.9,46.48,1.48
CSV,795007,159000,54,53,0,27545,0,0.000000e+00,0.000000e+00,48253026304.0,45148262400.0,1266036.8,45.81,0.29
BER: END_SEQ #54 [LOCK] seq_err=0 BER_seq=0.0000e+00 | lock=54 slip=0 BER_cond=0.0000e+00 BER_cum=0.0000e+00
BER: SYNC #55 (gated)
CSV,800007,160000,55,54,0,27667,0,0.000000e+00,0.000000e+00,44713803776.0,46573428736.0,1387278.9,45.26,0.18
CSV,805007,161000,55,54,0,27867,0,0.000000e+00,0.000000e+00,56107831296.0,38314483712.0,1284281.2,46.40,1.66
CSV,810007,162000,55,54,0,28067,0,0.000000e+00,0.000000e+00,46824087552.0,45615882240.0,1375225.1,45.32,0.11
BER: END_SEQ #55 [LOCK] seq_err=0 BER_seq=0.0000e+00 | lock=55 slip=0 BER_cond=0.0000e+00 BER_cum=0.0000e+00
BER: SYNC #56 (gated)
CSV,815007,163000,56,55,0,28190,0,0.000000e+00,0.000000e+00,46511640576.0,45729796096.0,1470241.2,45.00,0.07
CSV,820007,164000,56,55,0,28390,0,0.000000e+00,0.000000e+00,53795590144.0,39605231616.0,1206891.5,46.49,1.33
CSV,825007,165000,56,55,0,28590,0,0.000000e+00,0.000000e+00,47528353792.0,45325369344.0,1412552.9,45.27,0.21
BER: END_SEQ #56 [LOCK] seq_err=0 BER_seq=0.0000e+00 | lock=56 slip=0 BER_cond=0.0000e+00 BER_cum=0.0000e+00
BER: SYNC #57 (gated)
CSV,830007,166000,57,56,0,28713,0,0.000000e+00,0.000000e+00,46364930048.0,45845307392.0,1426114.9,45.12,0.05
CSV,835007,167000,57,56,0,28913,0,0.000000e+00,0.000000e+00,54224105472.0,39581380608.0,1211230.1,46.51,1.37
CSV,840007,168000,57,56,0,29113,0,0.000000e+00,0.000000e+00,47577841664.0,45600411648.0,1221027.8,45.91,0.18
BER: END_SEQ #57 [LOCK] seq_err=0 BER_seq=0.0000e+00 | lock=57 slip=0 BER_cond=0.0000e+00 BER_cum=0.0000e+00
BER: SYNC #58 (gated)
CSV,845007,169000,58,57,0,29236,0,0.000000e+00,0.000000e+00,46348648448.0,45222797312.0,1499015.9,44.90,0.11
CSV,850007,170000,58,57,0,29436,0,0.000000e+00,0.000000e+00,54353092608.0,39628955648.0,1297506.4,46.22,1.37
CSV,855007,171000,58,57,0,29635,0,0.000000e+00,0.000000e+00,46305812480.0,45981388800.0,1085481.6,46.30,0.03
BER: END_SEQ #58 [LOCK] seq_err=0 BER_seq=0.0000e+00 | lock=58 slip=0 BER_cond=0.0000e+00 BER_cum=0.0000e+00
BER: SYNC #59 (gated)
CSV,860007,172000,59,58,0,29758,0,0.000000e+00,0.000000e+00,49184571392.0,44033347584.0,1574081.2,44.95,0.48
CSV,865007,173000,59,58,0,29958,0,0.000000e+00,0.000000e+00,52259594240.0,40831107072.0,1209238.9,46.36,1.07
BER: END_SEQ #59 [LOCK] seq_err=0 BER_seq=0.0000e+00 | lock=59 slip=0 BER_cond=0.0000e+00 BER_cum=0.0000e+00
CSV,870007,174000,59,59,0,30149,0,0.000000e+00,0.000000e+00,47010578432.0,46289211392.0,1279471.9,45.65,0.07
BER: SYNC #60 (gated)
CSV,875007,175000,60,59,0,30281,0,0.000000e+00,0.000000e+00,50970091520.0,40778186752.0,1410467.4,45.58,0.97
CSV,880007,176000,60,59,0,30481,0,0.000000e+00,0.000000e+00,49434750976.0,44337143808.0,1165045.0,46.28,0.47
BER: END_SEQ #60 [LOCK] seq_err=0 BER_seq=0.0000e+00 | lock=60 slip=0 BER_cond=0.0000e+00 BER_cum=0.0000e+00
CSV,885007,177000,60,60,0,30660,0,0.000000e+00,0.000000e+00,47323992064.0,44548476928.0,1330081.6,45.51,0.26
BER: SYNC #61 (gated)
CSV,890007,178000,61,60,0,30804,0,0.000000e+00,0.000000e+00,53634596864.0,40723742720.0,1364887.2,45.94,1.20
CSV,895007,179000,61,60,0,31004,0,0.000000e+00,0.000000e+00,47933399040.0,43826782208.0,1189817.9,46.05,0.39
BER: END_SEQ #61 [LOCK] seq_err=0 BER_seq=0.0000e+00 | lock=61 slip=0 BER_cond=0.0000e+00 BER_cum=0.0000e+00
CSV,900007,180000,61,61,0,31171,0,0.000000e+00,0.000000e+00,47153696768.0,45900181504.0,1190724.6,45.98,0.12
BER: SYNC #62 (gated)
CSV,905007,181000,62,61,0,31326,0,0.000000e+00,0.000000e+00,52371615744.0,39729545216.0,1272005.5,46.15,1.20
CSV,910007,182000,62,61,0,31526,0,0.000000e+00,0.000000e+00,47573528576.0,46074601472.0,1232462.6,45.87,0.14
BER: END_SEQ #62 [LOCK] seq_err=0 BER_seq=0.0000e+00 | lock=62 slip=0 BER_cond=0.0000e+00 BER_cum=0.0000e+00
CSV,915007,183000,62,62,0,31682,0,0.000000e+00,0.000000e+00,47452028928.0,43795468288.0,1403004.5,45.29,0.35
BER: SYNC #63 (gated)
CSV,920007,184000,63,62,0,31849,0,0.000000e+00,0.000000e+00,53901955072.0,40598847488.0,1263987.8,46.30,1.23
CSV,925007,185000,63,62,0,32049,0,0.000000e+00,0.000000e+00,47114035200.0,44615872512.0,1274182.4,45.68,0.24
BER: END_SEQ #63 [LOCK] seq_err=0 BER_seq=0.0000e+00 | lock=63 slip=0 BER_cond=0.0000e+00 BER_cum=0.0000e+00
CSV,930007,186000,63,63,0,32193,0,0.000000e+00,0.000000e+00,47644188672.0,45459845120.0,1402379.6,45.31,0.20
BER: SYNC #64 (gated)
CSV,935007,187000,64,63,0,32372,0,0.000000e+00,0.000000e+00,51952443392.0,40469483520.0,1064788.5,46.88,1.08
CSV,940007,188000,64,63,0,32572,0,0.000000e+00,0.000000e+00,48142360576.0,45660217344.0,1292369.1,45.71,0.23
BER: END_SEQ #64 [LOCK] seq_err=0 BER_seq=0.0000e+00 | lock=64 slip=0 BER_cond=0.0000e+00 BER_cum=0.0000e+00
CSV,945007,189000,64,64,0,32704,0,0.000000e+00,0.000000e+00,46279520256.0,44301508608.0,1414158.8,45.15,0.19
BER: SYNC #65 (gated)
CSV,950007,190000,65,64,0,32895,0,0.000000e+00,0.000000e+00,54887182336.0,40065789952.0,1218865.8,46.54,1.37
CSV,955007,191000,65,64,0,33094,0,0.000000e+00,0.000000e+00,47707439104.0,43725312000.0,1257172.6,45.79,0.38
BER: END_SEQ #65 [LOCK] seq_err=0 BER_seq=0.0000e+00 | lock=65 slip=0 BER_cond=0.0000e+00 BER_cum=0.0000e+00
BER: SYNC #66 (gated)
CSV,960007,192000,66,65,0,33217,0,0.000000e+00,0.000000e+00,46706327552.0,46450552832.0,1443563.2,45.10,0.02
CSV,965007,193000,66,65,0,33417,0,0.000000e+00,0.000000e+00,53524508672.0,38887268352.0,1267468.4,46.26,1.39
CSV,970007,194000,66,65,0,33617,0,0.000000e+00,0.000000e+00,48323059712.0,45694640128.0,1380310.4,45.44,0.24
BER: END_SEQ #66 [LOCK] seq_err=0 BER_seq=0.0000e+00 | lock=66 slip=0 BER_cond=0.0000e+00 BER_cum=0.0000e+00
BER: SYNC #67 (gated)
CSV,975007,195000,67,66,0,33740,0,0.000000e+00,0.000000e+00,44219224064.0,45944438784.0,1404355.1,45.15,0.17
CSV,980007,196000,67,66,0,33940,0,0.000000e+00,0.000000e+00,55017336832.0,39771836416.0,1281639.6,46.33,1.41
CSV,985007,197000,67,66,0,34140,0,0.000000e+00,0.000000e+00,47783157760.0,43831472128.0,1327701.1,45.56,0.37
BER: END_SEQ #67 [LOCK] seq_err=0 BER_seq=0.0000e+00 | lock=67 slip=0 BER_cond=0.0000e+00 BER_cum=0.0000e+00
BER: SYNC #68 (gated)
CSV,990007,198000,68,67,0,34263,0,0.000000e+00,0.000000e+00,46500773888.0,47395434496.0,1466123.6,45.10,0.08
CSV,995007,199000,68,67,0,34463,0,0.000000e+00,0.000000e+00,54032838656.0,38401499136.0,1210585.9,46.50,1.48
CSV,1000007,200000,68,67,0,34663,0,0.000000e+00,0.000000e+00,48623001600.0,45297598464.0,1233373.5,45.96,0.31
BER: END_SEQ #68 [LOCK] seq_err=0 BER_seq=0.0000e+00 | lock=68 slip=0 BER_cond=0.0000e+00 BER_cum=0.0000e+00
BER: SYNC #69 (gated)
CSV,1005007,201000,69,68,0,34785,0,0.000000e+00,0.000000e+00,46224523264.0,44203937792.0,1395442.2,45.20,0.19
CSV,1010007,202000,69,68,0,34985,0,0.000000e+00,0.000000e+00,52807270400.0,41628438528.0,1249812.5,46.26,1.03
CSV,1015007,203000,69,68,0,35185,0,0.000000e+00,0.000000e+00,47847096320.0,43723382784.0,1252295.4,45.82,0.39
BER: END_SEQ #69 [LOCK] seq_err=0 BER_seq=0.0000e+00 | lock=69 slip=0 BER_cond=0.0000e+00 BER_cum=0.0000e+00
BER: SYNC #70 (gated)
CSV,1020007,204000,70,69,0,35308,0,0.000000e+00,0.000000e+00,47650869248.0,45728038912.0,1479962.4,45.08,0.18
CSV,1025007,205000,70,69,0,35508,0,0.000000e+00,0.000000e+00,52242395136.0,39985430528.0,1213184.1,46.34,1.16
CSV,1030007,206000,70,69,0,35708,0,0.000000e+00,0.000000e+00,49116798976.0,44888793088.0,1203195.9,46.11,0.39
BER: END_SEQ #70 [LOCK] seq_err=0 BER_seq=0.0000e+00 | lock=70 slip=0 BER_cond=0.0000e+00 BER_cum=0.0000e+00
BER: SYNC #71 (gated)
CSV,1035007,207000,71,70,0,35831,0,0.000000e+00,0.000000e+00,45987880960.0,44904390656.0,1480979.8,44.92,0.10
CSV,1040007,208000,71,70,0,36031,0,0.000000e+00,0.000000e+00,54894333952.0,39935881216.0,1152578.4,46.78,1.38
CSV,1045007,209000,71,70,0,36231,0,0.000000e+00,0.000000e+00,47965282304.0,44074934272.0,1189045.9,46.06,0.37
BER: END_SEQ #71 [LOCK] seq_err=0 BER_seq=0.0000e+00 | lock=71 slip=0 BER_cond=0.0000e+00 BER_cum=0.0000e+00
BER: SYNC #72 (gated)
CSV,1050007,210000,72,71,0,36354,0,0.000000e+00,0.000000e+00,45142548480.0,47861469184.0,1467394.5,45.13,0.25
CSV,1055007,211000,72,71,0,36553,0,0.000000e+00,0.000000e+00,55846154240.0,37408854016.0,1253315.0,46.49,1.74
CSV,1060007,212000,72,71,0,36753,0,0.000000e+00,0.000000e+00,47373713408.0,45997072384.0,1061477.9,46.50,0.13
BER: END_SEQ #72 [LOCK] seq_err=0 BER_seq=0.0000e+00 | lock=72 slip=0 BER_cond=0.0000e+00 BER_cum=0.0000e+00
BER: SYNC #73 (gated)
CSV,1065007,213000,73,72,0,36876,0,0.000000e+00,0.000000e+00,45584449536.0,45764620288.0,1453293.8,44.98,0.02
CSV,1070007,214000,73,72,0,37076,0,0.000000e+00,0.000000e+00,54850711552.0,39810306048.0,1238918.4,46.46,1.39
CSV,1075007,215000,73,72,0,37276,0,0.000000e+00,0.000000e+00,46972674048.0,45379084288.0,1153057.8,46.10,0.15
BER: END_SEQ #73 [LOCK] seq_err=0 BER_seq=0.0000e+00 | lock=73 slip=0 BER_cond=0.0000e+00 BER_cum=0.0000e+00
BER: SYNC #74 (gated)
CSV,1080007,216000,74,73,0,37399,0,0.000000e+00,0.000000e+00,46443102208.0,45689909248.0,1404698.6,45.19,0.07
CSV,1085007,217000,74,73,0,37599,0,0.000000e+00,0.000000e+00,54016368640.0,39265579008.0,1223315.8,46.45,1.39
CSV,1090007,218000,74,73,0,37799,0,0.000000e+00,0.000000e+00,47579131904.0,45343637504.0,1227940.2,45.88,0.21
BER: END_SEQ #74 [LOCK] seq_err=0 BER_seq=0.0000e+00 | lock=74 slip=0 BER_cond=0.0000e+00 BER_cum=0.0000e+00
BER: SYNC #75 (gated)
CSV,1095007,219000,75,74,0,37922,0,0.000000e+00,0.000000e+00,46544572416.0,45337243648.0,1392057.2,45.24,0.11
CSV,1100007,220000,75,74,0,38122,0,0.000000e+00,0.000000e+00,53759799296.0,39975706624.0,1163132.9,46.65,1.29
CSV,1105007,221000,75,74,0,38321,0,0.000000e+00,0.000000e+00,47052922880.0,45787029504.0,1199578.6,45.94,0.12
BER: END_SEQ #75 [LOCK] seq_err=0 BER_seq=0.0000e+00 | lock=75 slip=0 BER_cond=0.0000e+00 BER_cum=0.0000e+00
BER: SYNC #76 (gated)
CSV,1110007,222000,76,75,0,38444,0,0.000000e+00,0.000000e+00,48176168960.0,43348221952.0,1459143.8,45.19,0.46
CSV,1115007,223000,76,75,0,38644,0,0.000000e+00,0.000000e+00,52252434432.0,41095446528.0,1322850.4,45.97,1.04
BER: END_SEQ #76 [LOCK] seq_err=0 BER_seq=0.0000e+00 | lock=76 slip=0 BER_cond=0.0000e+00 BER_cum=0.0000e+00
CSV,1120007,224000,76,76,0,38836,0,0.000000e+00,0.000000e+00,46530293760.0,45624496128.0,1262805.6,45.66,0.09
BER: SYNC #77 (gated)
CSV,1125007,225000,77,76,0,38967,0,0.000000e+00,0.000000e+00,51703549952.0,41803837440.0,1527951.4,45.29,0.92
CSV,1130007,226000,77,76,0,39167,0,0.000000e+00,0.000000e+00,49013518336.0,43451600896.0,1244240.8,45.95,0.52
BER: END_SEQ #77 [LOCK] seq_err=0 BER_seq=0.0000e+00 | lock=77 slip=0 BER_cond=0.0000e+00 BER_cum=0.0000e+00
CSV,1135007,227000,77,77,0,39347,0,0.000000e+00,0.000000e+00,47733641216.0,45133938688.0,1374928.9,45.41,0.24
BER: SYNC #78 (gated)
CSV,1140007,228000,78,77,0,39490,0,0.000000e+00,0.000000e+00,52368977920.0,39715741696.0,1360188.2,45.85,1.20
CSV,1145007,229000,78,77,0,39690,0,0.000000e+00,0.000000e+00,48729804800.0,44535930880.0,1269467.1,45.84,0.39
BER: END_SEQ #78 [LOCK] seq_err=0 BER_seq=0.0000e+00 | lock=78 slip=0 BER_cond=0.0000e+00 BER_cum=0.0000e+00
CSV,1150007,230000,78,78,0,39858,0,0.000000e+00,0.000000e+00,46279905280.0,45090983936.0,1364871.2,45.30,0.11
BER: SYNC #79 (gated)
CSV,1155007,231000,79,78,0,40013,0,0.000000e+00,0.000000e+00,53445124096.0,40516665344.0,1360598.4,45.94,1.20
CSV,1160007,232000,79,78,0,40212,0,0.000000e+00,0.000000e+00,46868172800.0,44627857408.0,1225184.8,45.83,0.21
BER: END_SEQ #79 [LOCK] seq_err=0 BER_seq=0.0000e+00 | lock=79 slip=0 BER_cond=0.0000e+00 BER_cum=0.0000e+00
CSV,1165007,233000,79,79,0,40369,0,0.000000e+00,0.000000e+00,48051335168.0,44776366080.0,1366008.1,45.46,0.31
BER: SYNC #80 (gated)
CSV,1170007,234000,80,79,0,40535,0,0.000000e+00,0.000000e+00,52889706496.0,39559827456.0,1302928.4,46.08,1.26
CSV,1175007,235000,80,79,0,40735,0,0.000000e+00,0.000000e+00,48164392960.0,45453811712.0,1237157.6,45.90,0.25
BER: END_SEQ #80 [LOCK] seq_err=0 BER_seq=0.0000e+00 | lock=80 slip=0 BER_cond=0.0000e+00 BER_cum=0.0000e+00
CSV,1180007,236000,80,80,0,40880,0,0.000000e+00,0.000000e+00,46559338496.0,44500312064.0,1465121.0,45.02,0.20
BER: SYNC #81 (gated)
CSV,1185007,237000,81,80,0,41058,0,0.000000e+00,0.000000e+00,53303447552.0,41348341760.0,1248508.6,46.30,1.10
CSV,1190007,238000,81,80,0,41258,0,0.000000e+00,0.000000e+00,46919270400.0,44880945152.0,1164128.1,46.05,0.19
BER: END_SEQ #81 [LOCK] seq_err=0 BER_seq=0.0000e+00 | lock=81 slip=0 BER_cond=0.0000e+00 BER_cum=0.0000e+00
CSV,1195007,239000,81,81,0,41391,0,0.000000e+00,0.000000e+00,47613804544.0,45341872128.0,1555675.0,44.86,0.21
BER: SYNC #82 (gated)
CSV,1200007,240000,82,81,0,41581,0,0.000000e+00,0.000000e+00,53201711104.0,39438036992.0,1185001.8,46.52,1.30
CSV,1205007,241000,82,81,0,41781,0,0.000000e+00,0.000000e+00,49104400384.0,44903981056.0,1101657.6,46.49,0.39
BER: END_SEQ #82 [LOCK] seq_err=0 BER_seq=0.0000e+00 | lock=82 slip=0 BER_cond=0.0000e+00 BER_cum=0.0000e+00
BER: SYNC #83 (gated)
CSV,1210007,242000,83,82,0,41903,0,0.000000e+00,0.000000e+00,45172183040.0,45197471744.0,1383808.1,45.14,0.00
CSV,1215007,243000,83,82,0,42103,0,0.000000e+00,0.000000e+00,54932615168.0,39857037312.0,1214922.4,46.55,1.39
CSV,1220007,244000,83,82,0,42303,0,0.000000e+00,0.000000e+00,47080898560.0,44333776896.0,1145290.9,46.14,0.26
BER: END_SEQ #83 [LOCK] seq_err=0 BER_seq=0.0000e+00 | lock=83 slip=0 BER_cond=0.0000e+00 BER_cum=0.0000e+00
BER: SYNC #84 (gated)
CSV,1225007,245000,84,83,0,42426,0,0.000000e+00,0.000000e+00,46028107776.0,47241588736.0,1421311.9,45.22,0.11
CSV,1230007,246000,84,83,0,42626,0,0.000000e+00,0.000000e+00,53290819584.0,39167782912.0,1190027.2,46.51,1.34
CSV,1235007,247000,84,83,0,42826,0,0.000000e+00,0.000000e+00,49152999424.0,45026811904.0,1195354.2,46.14,0.38
BER: END_SEQ #84 [LOCK] seq_err=0 BER_seq=0.0000e+00 | lock=84 slip=0 BER_cond=0.0000e+00 BER_cum=0.0000e+00
BER: SYNC #85 (gated)
CSV,1240007,248000,85,84,0,42949,0,0.000000e+00,0.000000e+00,45119070208.0,45405945856.0,1388668.5,45.15,0.03
CSV,1245007,249000,85,84,0,43149,0,0.000000e+00,0.000000e+00,54954926080.0,39955271680.0,1211168.6,46.57,1.38
CSV,1250007,250000,85,84,0,43349,0,0.000000e+00,0.000000e+00,47291588608.0,44337410048.0,1181231.1,46.02,0.28
BER: END_SEQ #85 [LOCK] seq_err=0 BER_seq=0.0000e+00 | lock=85 slip=0 BER_cond=0.0000e+00 BER_cum=0.0000e+00
BER: SYNC #86 (gated)
CSV,1255007,251000,86,85,0,43472,0,0.000000e+00,0.000000e+00,48000942080.0,45733658624.0,1413761.4,45.31,0.21
CSV,1260007,252000,86,85,0,43671,0,0.000000e+00,0.000000e+00,51970285568.0,40342011904.0,1295704.4,46.03,1.10
CSV,1265007,253000,86,85,0,43871,0,0.000000e+00,0.000000e+00,49212588032.0,45109366784.0,1250538.5,45.95,0.38
BER: END_SEQ #86 [LOCK] seq_err=0 BER_seq=0.0000e+00 | lock=86 slip=0 BER_cond=0.0000e+00 BER_cum=0.0000e+00
BER: SYNC #87 (gated)
CSV,1270007,254000,87,86,0,43994,0,0.000000e+00,0.000000e+00,45944360960.0,44726169600.0,1465097.5,44.96,0.12
CSV,1275007,255000,87,86,0,44194,0,0.000000e+00,0.000000e+00,53633204224.0,41149100032.0,1273510.5,46.24,1.15
CSV,1280007,256000,87,86,0,44394,0,0.000000e+00,0.000000e+00,47922155520.0,44050489344.0,1419316.8,45.28,0.37
BER: END_SEQ #87 [LOCK] seq_err=0 BER_seq=0.0000e+00 | lock=87 slip=0 BER_cond=0.0000e+00 BER_cum=0.0000e+00
BER: SYNC #88 (gated)
CSV,1285007,257000,88,87,0,44517,0,0.000000e+00,0.000000e+00,47783260160.0,46050775040.0,1363024.9,45.45,0.16
CSV,1290007,258000,88,87,0,44717,0,0.000000e+00,0.000000e+00,53339488256.0,39448866816.0,1201296.5,46.47,1.31
CSV,1295007,259000,88,87,0,44917,0,0.000000e+00,0.000000e+00,49055326208.0,44981870592.0,1378868.1,45.51,0.38
BER: END_SEQ #88 [LOCK] seq_err=0 BER_seq=0.0000e+00 | lock=88 slip=0 BER_cond=0.0000e+00 BER_cum=0.0000e+00
BER: SYNC #89 (gated)
CSV,1300007,260000,89,88,0,45040,0,0.000000e+00,0.000000e+00,43801419776.0,46654025728.0,1415617.1,45.18,0.27
CSV,1305007,261000,89,88,0,45240,0,0.000000e+00,0.000000e+00,56746266624.0,38145331200.0,1165661.1,46.87,1.72
CSV,1310007,262000,89,88,0,45439,0,0.000000e+00,0.000000e+00,46975275008.0,44837691392.0,1259112.1,45.72,0.20
BER: END_SEQ #89 [LOCK] seq_err=0 BER_seq=0.0000e+00 | lock=89 slip=0 BER_cond=0.0000e+00 BER_cum=0.0000e+00
BER: SYNC #90 (gated)
CSV,1315007,263000,90,89,0,45562,0,0.000000e+00,0.000000e+00,45917503488.0,46803369984.0,1451692.5,45.08,0.08
CSV,1320007,264000,90,89,0,45762,0,0.000000e+00,0.000000e+00,54328852480.0,38451757056.0,1272619.6,46.30,1.50
CSV,1325007,265000,90,89,0,45962,0,0.000000e+00,0.000000e+00,47319121920.0,45990080512.0,1174434.4,46.05,0.12
BER: END_SEQ #90 [LOCK] seq_err=0 BER_seq=0.0000e+00 | lock=90 slip=0 BER_cond=0.0000e+00 BER_cum=0.0000e+00
BER: SYNC #91 (gated)
CSV,1330007,266000,91,90,0,46085,0,0.000000e+00,0.000000e+00,46180130816.0,45028483072.0,1530286.4,44.80,0.11
CSV,1335007,267000,91,90,0,46285,0,0.000000e+00,0.000000e+00,54646738944.0,39868788736.0,1176943.2,46.67,1.37
CSV,1340007,268000,91,90,0,46485,0,0.000000e+00,0.000000e+00,47141371904.0,45009977344.0,1259759.8,45.73,0.20
BER: END_SEQ #91 [LOCK] seq_err=0 BER_seq=0.0000e+00 | lock=91 slip=0 BER_cond=0.0000e+00 BER_cum=0.0000e+00
BER: SYNC #92 (gated)
CSV,1345007,269000,92,91,0,46608,0,0.000000e+00,0.000000e+00,46344011776.0,45877624832.0,1439226.5,45.08,0.04
CSV,1350007,270000,92,91,0,46808,0,0.000000e+00,0.000000e+00,53807824896.0,39273873408.0,1189737.8,46.55,1.37
CSV,1355007,271000,92,91,0,47008,0,0.000000e+00,0.000000e+00,47102087168.0,45783920640.0,1038961.2,46.56,0.12
BER: END_SEQ #92 [LOCK] seq_err=0 BER_seq=0.0000e+00 | lock=92 slip=0 BER_cond=0.0000e+00 BER_cum=0.0000e+00
BER: SYNC #93 (gated)
CSV,1360007,272000,93,92,0,47130,0,0.000000e+00,0.000000e+00,47926878208.0,43866755072.0,1482607.2,45.10,0.38
CSV,1365007,273000,93,92,0,47330,0,0.000000e+00,0.000000e+00,52985622528.0,41049907200.0,1245606.8,46.29,1.11
BER: END_SEQ #93 [LOCK] seq_err=0 BER_seq=0.0000e+00 | lock=93 slip=0 BER_cond=0.0000e+00 BER_cum=0.0000e+00
CSV,1370007,274000,93,93,0,47523,0,0.000000e+00,0.000000e+00,46578286592.0,46522732544.0,1126599.1,46.16,0.01
BER: SYNC #94 (gated)
CSV,1375007,275000,94,93,0,47653,0,0.000000e+00,0.000000e+00,51030425600.0,41682898944.0,1336339.9,45.82,0.88
CSV,1380007,276000,94,93,0,47853,0,0.000000e+00,0.000000e+00,49858281472.0,43484143616.0,1214341.1,46.13,0.59
BER: END_SEQ #94 [LOCK] seq_err=0 BER_seq=0.0000e+00 | lock=94 slip=0 BER_cond=0.0000e+00 BER_cum=0.0000e+00
CSV,1385007,277000,94,94,0,48034,0,0.000000e+00,0.000000e+00,47445176320.0,45304094720.0,1316473.4,45.57,0.20
BER: SYNC #95 (gated)
CSV,1390007,278000,95,94,0,48176,0,0.000000e+00,0.000000e+00,53148585984.0,41033625600.0,1295608.5,46.13,1.12
CSV,1395007,279000,95,94,0,48376,0,0.000000e+00,0.000000e+00,48799219712.0,44132171776.0,1251541.2,45.91,0.44
BER: END_SEQ #95 [LOCK] seq_err=0 BER_seq=0.0000e+00 | lock=95 slip=0 BER_cond=0.0000e+00 BER_cum=0.0000e+00
CSV,1400007,280000,95,95,0,48545,0,0.000000e+00,0.000000e+00,46922207232.0,45747441664.0,1327603.4,45.48,0.11
BER: SYNC #96 (gated)
CSV,1405007,281000,96,95,0,48699,0,0.000000e+00,0.000000e+00,52717744128.0,39993331712.0,1336469.2,45.96,1.20
CSV,1410007,282000,96,95,0,48899,0,0.000000e+00,0.000000e+00,47753342976.0,45602054144.0,1192786.1,46.02,0.20
BER: END_SEQ #96 [LOCK] seq_err=0 BER_seq=0.0000e+00 | lock=96 slip=0 BER_cond=0.0000e+00 BER_cum=0.0000e+00
CSV,1415007,283000,96,96,0,49056,0,0.000000e+00,0.000000e+00,47447785472.0,44457926656.0,1405581.5,45.28,0.28
BER: SYNC #97 (gated)
CSV,1420007,284000,97,96,0,49221,0,0.000000e+00,0.000000e+00,53629321216.0,40564084736.0,1259085.1,46.29,1.21
CSV,1425007,285000,97,96,0,49421,0,0.000000e+00,0.000000e+00,47312916480.0,44518903808.0,1351060.1,45.44,0.26
BER: END_SEQ #97 [LOCK] seq_err=0 BER_seq=0.0000e+00 | lock=97 slip=0 BER_cond=0.0000e+00 BER_cum=0.0000e+00
CSV,1430007,286000,97,97,0,49567,0,0.000000e+00,0.000000e+00,47257190400.0,45082595328.0,1491794.8,45.01,0.20
BER: SYNC #98 (gated)
CSV,1435007,287000,98,97,0,49744,0,0.000000e+00,0.000000e+00,52079947776.0,40346644480.0,1221535.2,46.30,1.11
CSV,1440007,288000,98,97,0,49944,0,0.000000e+00,0.000000e+00,47774441472.0,45497950208.0,1358643.5,45.46,0.21
BER: END_SEQ #98 [LOCK] seq_err=0 BER_seq=0.0000e+00 | lock=98 slip=0 BER_cond=0.0000e+00 BER_cum=0.0000e+00
CSV,1445007,289000,98,98,0,50078,0,0.000000e+00,0.000000e+00,46940917760.0,44209836032.0,1550449.2,44.81,0.26
BER: SYNC #99 (gated)
CSV,1450007,290000,99,98,0,50267,0,0.000000e+00,0.000000e+00,54238015488.0,40352378880.0,1110754.0,46.89,1.28
CSV,1455007,291000,99,98,0,50467,0,0.000000e+00,0.000000e+00,47899533312.0,43872165888.0,1276198.8,45.74,0.38
BER: END_SEQ #99 [LOCK] seq_err=0 BER_seq=0.0000e+00 | lock=99 slip=0 BER_cond=0.0000e+00 BER_cum=0.0000e+00
BER: SYNC #100 (gated)
CSV,1460007,292000,100,99,0,50590,0,0.000000e+00,0.000000e+00,46011531264.0,46784126976.0,1495684.6,44.95,0.07
CSV,1465007,293000,100,99,0,50789,0,0.000000e+00,0.000000e+00,54198693888.0,38643961856.0,1213742.8,46.50,1.47
CSV,1470007,294000,100,99,0,50989,0,0.000000e+00,0.000000e+00,47911612416.0,45675507712.0,1227387.4,45.91,0.21
BER: END_SEQ #100 [LOCK] seq_err=0 BER_seq=0.0000e+00 | lock=100 slip=0 BER_cond=0.0000e+00 BER_cum=0.0000e+00
BER: SYNC #101 (gated)
CSV,1475007,295000,101,100,0,51112,0,0.000000e+00,0.000000e+00,44931203072.0,45442281472.0,1422219.5,45.04,0.05
CSV,1480007,296000,101,100,0,51312,0,0.000000e+00,0.000000e+00,54245142528.0,40376119296.0,1206908.2,46.53,1.28
CSV,1485007,297000,101,100,0,51512,0,0.000000e+00,0.000000e+00,47445819392.0,43839934464.0,1222976.8,45.89,0.34
BER: END_SEQ #101 [LOCK] seq_err=0 BER_seq=0.0000e+00 | lock=101 slip=0 BER_cond=0.0000e+00 BER_cum=0.0000e+00
BER: SYNC #102 (gated)
CSV,1490007,298000,102,101,0,51635,0,0.000000e+00,0.000000e+00,46612967424.0,46139351040.0,1465770.9,45.02,0.04
CSV,1495007,299000,102,101,0,51835,0,0.000000e+00,0.000000e+00,53070598144.0,37507657728.0,1121224.5,46.75,1.51
CSV,1500007,300000,102,101,0,52035,0,0.000000e+00,0.000000e+00,48011747328.0,44280049664.0,1196087.4,46.04,0.35
BER: END_SEQ #102 [LOCK] seq_err=0 BER_seq=0.0000e+00 | lock=102 slip=0 BER_cond=0.0000e+00 BER_cum=0.0000e+00

=========================================
=== END OF TEST (duration=25 min) ===
=========================================
FINAL: syncs=102 lock=102 slip=0 slip_rate=0.0000
FINAL: bits_cum=52122 err_cum=0 BER_cum=0.0000e+00
FINAL: bits_lock=52122 err_lock=0 BER_cond=0.0000e+00
=========================================
=== STOP LOGGING NOW ===
=========================================
