

=== RX BOOT - BER TEST MODE ===
MOD=OOK (20 kHz carrier, adaptive threshold)
BPS_MODE=20 (HALF_SAMPLES=2000, 10000 samples/bit @ 200000 Hz)
Expect: 64-bit preamble + Barker13 (1F35h, gated by 8 preamble bits = 0x55) + 511-bit PRBS-9
Noise floor band: 5000 Hz; lock threshold: BER<0.10
Auto-stop: test will halt 25 min after the first sync.
RX: edge-tracking sync, center-3 voting
Starting decoder...

CSV,5011,500,0,0,0,0,0,0.000000e+00,0.000000e+00,4541.3,168596.8,9093.7,12.68,15.70
CSV,10011,1000,0,0,0,0,0,0.000000e+00,0.000000e+00,5802.6,189584.1,9929.0,12.81,15.14
CSV,15011,1500,0,0,0,0,0,0.000000e+00,0.000000e+00,5279.5,192593.0,10242.9,12.74,15.62
BER: SYNC #1 (gated)
CSV,20011,2000,1,0,0,67,0,0.000000e+00,0.000000e+00,5788.9,194918.0,10749.3,12.58,15.27
CSV,25011,2500,1,0,0,166,20,1.204819e-01,0.000000e+00,4959.3,146514.2,10667.6,11.38,14.70
CSV,30011,3000,1,0,0,266,72,2.706767e-01,0.000000e+00,5051.0,175237.2,9630.1,12.60,15.40
CSV,35011,3500,1,0,0,366,125,3.415301e-01,0.000000e+00,4976.8,204460.6,9699.3,13.24,16.14
CSV,40011,4000,1,0,0,466,178,3.819743e-01,0.000000e+00,4296.0,147583.9,9757.8,11.80,15.36
BER: END_SEQ #1 [SLIP] seq_err=196 BER_seq=3.8356e-01 | lock=0 slip=1 BER_cond=0.0000e+00 BER_cum=3.8356e-01
CSV,45011,4500,1,0,1,511,196,3.835616e-01,0.000000e+00,5570.0,210151.2,8449.1,13.96,15.77
BER: SYNC #2 (gated)
CSV,50011,5000,2,0,1,590,196,3.322034e-01,0.000000e+00,5119.5,184339.3,10372.9,12.50,15.56
CSV,55011,5500,2,0,1,690,196,2.840580e-01,0.000000e+00,5026.5,129130.3,9592.9,11.29,14.10
CSV,60011,6000,2,0,1,789,196,2.484157e-01,0.000000e+00,5432.0,155421.8,10534.4,11.69,14.57
CSV,65011,6500,2,0,1,889,196,2.204724e-01,0.000000e+00,5218.2,238632.0,10192.2,13.69,16.60
CSV,70011,7000,2,0,1,989,196,1.981800e-01,0.000000e+00,5046.3,161353.6,10214.8,11.99,15.05
BER: END_SEQ #2 [LOCK] seq_err=10 BER_seq=1.9569e-02 | lock=1 slip=1 BER_cond=1.9569e-02 BER_cum=2.0157e-01
CSV,75011,7500,2,1,1,1022,206,2.015656e-01,1.956947e-02,5529.7,170259.0,11191.1,11.82,14.88
BER: SYNC #3 (gated)
CSV,80011,8000,3,1,1,1112,206,1.852518e-01,1.956947e-02,5352.3,163535.5,9325.0,12.44,14.85
CSV,85011,8500,3,1,1,1212,206,1.699670e-01,1.956947e-02,5083.2,143723.0,10274.4,11.46,14.51
CSV,90011,9000,3,1,1,1312,206,1.570122e-01,1.956947e-02,5117.9,186552.4,8830.1,13.25,15.62
CSV,95011,9500,3,1,1,1412,206,1.458924e-01,1.956947e-02,4930.7,198717.6,10564.7,12.74,16.05
CSV,100011,10000,3,1,1,1512,207,1.369048e-01,1.956947e-02,5896.7,193745.5,11598.9,12.23,15.17
BER: END_SEQ #3 [LOCK] seq_err=1 BER_seq=1.9569e-03 | lock=2 slip=1 BER_cond=1.0763e-02 BER_cum=1.3503e-01
BER: SYNC #4 (gated)
CSV,105011,10500,4,2,1,1535,208,1.355049e-01,1.076321e-02,5870.2,177706.6,10028.1,12.48,14.81
CSV,110011,11000,4,2,1,1635,208,1.272171e-01,1.076321e-02,4652.7,158147.2,9520.0,12.20,15.31
CSV,115011,11500,4,2,1,1735,208,1.198847e-01,1.076321e-02,5344.2,125381.7,9892.3,11.03,13.70
CSV,120011,12000,4,2,1,1835,208,1.133515e-01,1.076321e-02,5256.8,164162.6,8630.3,12.79,14.95
CSV,125011,12500,4,2,1,1935,209,1.080103e-01,1.076321e-02,5376.0,181204.9,9765.6,12.68,15.28
CSV,130011,13000,4,2,1,2035,209,1.027027e-01,1.076321e-02,5277.4,178705.2,10870.0,12.16,15.30
BER: END_SEQ #4 [LOCK] seq_err=2 BER_seq=3.9139e-03 | lock=3 slip=1 BER_cond=8.4801e-03 BER_cum=1.0225e-01
BER: SYNC #5 (gated)
CSV,135011,13500,5,3,1,2058,209,1.015549e-01,8.480105e-03,5924.8,209354.4,10753.3,12.89,15.48
CSV,140011,14000,5,3,1,2158,209,9.684893e-02,8.480105e-03,5597.9,177736.0,10279.1,12.38,15.02
CSV,145011,14500,5,3,1,2258,209,9.255978e-02,8.480105e-03,5235.7,167434.9,10132.9,12.18,15.05
CSV,150011,15000,5,3,1,2358,209,8.863444e-02,8.480105e-03,5476.2,199962.7,9743.8,13.12,15.62
CSV,155011,15500,5,3,1,2457,210,8.547009e-02,8.480105e-03,5168.3,171136.4,9644.6,12.49,15.20
BER: END_SEQ #5 [LOCK] seq_err=1 BER_seq=1.9569e-03 | lock=4 slip=1 BER_cond=6.8493e-03 BER_cum=8.2192e-02
CSV,160011,16000,5,4,1,2555,210,8.219178e-02,6.849315e-03,5811.0,162152.2,9424.8,12.36,14.46
BER: SYNC #6 (gated)
CSV,165011,16500,6,4,1,2580,210,8.139535e-02,6.849315e-03,5220.5,164708.1,10851.1,11.81,14.99
CSV,170011,17000,6,4,1,2680,210,7.835821e-02,6.849315e-03,5741.3,143220.6,10892.2,11.19,13.97
CSV,175011,17500,6,4,1,2780,211,7.589928e-02,6.849315e-03,5047.3,136845.4,9754.8,11.47,14.33
CSV,180011,18000,6,4,1,2879,258,8.961445e-02,6.849315e-03,4160.0,159130.4,9501.7,12.24,15.83
CSV,185011,18500,6,4,1,2979,310,1.040618e-01,6.849315e-03,5162.0,167938.0,10439.3,12.06,15.12
BER: END_SEQ #6 [SLIP] seq_err=141 BER_seq=2.7593e-01 | lock=4 slip=2 BER_cond=6.8493e-03 BER_cum=1.1448e-01
CSV,190011,19000,6,4,2,3066,351,1.144814e-01,6.849315e-03,8748.9,186095.2,20131.3,9.66,13.28
BER: SYNC #7 (gated)
CSV,195011,19500,7,4,2,3103,351,1.131163e-01,6.849315e-03,8350.1,174132.5,21807.8,9.02,13.19
CSV,200011,20000,7,4,2,3202,400,1.249219e-01,6.849315e-03,5252.8,147734.3,9695.4,11.83,14.49
CSV,205011,20500,7,4,2,3302,454,1.374924e-01,6.849315e-03,4626.9,178445.2,10527.5,12.29,15.86
CSV,210011,21000,7,4,2,3401,506,1.487798e-01,6.849315e-03,5657.2,178753.1,10470.7,12.32,15.00
CSV,215011,21500,7,4,2,3501,549,1.568123e-01,6.849315e-03,5004.0,181428.8,9891.3,12.63,15.59
BER: END_SEQ #7 [SLIP] seq_err=234 BER_seq=4.5793e-01 | lock=4 slip=3 BER_cond=6.8493e-03 BER_cum=1.6354e-01
CSV,220011,22000,7,4,3,3577,585,1.635449e-01,6.849315e-03,5692.2,189294.3,10765.8,12.45,15.22
BER: SYNC #8 (gated)
CSV,225011,22500,8,4,3,3626,585,1.613348e-01,6.849315e-03,5398.6,185145.5,10080.0,12.64,15.35
CSV,230011,23000,8,4,3,3726,585,1.570048e-01,6.849315e-03,5259.0,165303.2,11229.4,11.68,14.97
CSV,235011,23500,8,4,3,3826,585,1.529012e-01,6.849315e-03,5292.5,203570.6,10804.8,12.75,15.85
CSV,240011,24000,8,4,3,3925,608,1.549045e-01,6.849315e-03,4996.5,172927.2,9609.0,12.55,15.39
CSV,245011,24500,8,4,3,4025,663,1.647205e-01,6.849315e-03,4825.7,155056.0,9312.9,12.21,15.07
BER: END_SEQ #8 [SLIP] seq_err=104 BER_seq=2.0352e-01 | lock=4 slip=4 BER_cond=6.8493e-03 BER_cum=1.6854e-01
CSV,250011,25000,8,4,4,4088,689,1.685421e-01,6.849315e-03,5732.9,166660.2,9878.9,12.27,14.63
BER: SYNC #9 (gated)
CSV,255011,25500,9,4,4,4147,718,1.731372e-01,6.849315e-03,5820.1,154250.5,12387.1,10.95,14.23
CSV,260011,26000,9,4,4,4246,769,1.811116e-01,6.849315e-03,4955.9,121489.4,9507.3,11.06,13.89
CSV,265011,26500,9,4,4,4345,809,1.861910e-01,6.849315e-03,5086.5,155167.7,11075.3,11.46,14.84
CSV,270011,27000,9,4,4,4445,859,1.932508e-01,6.849315e-03,4781.5,209314.1,8682.7,13.82,16.41
CSV,275011,27500,9,4,4,4545,913,2.008801e-01,6.849315e-03,4925.1,198439.1,9210.0,13.33,16.05
BER: END_SEQ #9 [SLIP] seq_err=251 BER_seq=4.9119e-01 | lock=4 slip=5 BER_cond=6.8493e-03 BER_cum=2.0439e-01
CSV,280011,28000,9,4,5,4599,940,2.043923e-01,6.849315e-03,5304.7,230188.1,9673.9,13.76,16.37
BER: SYNC #10 (gated)
CSV,285011,28500,10,4,5,4671,940,2.012417e-01,6.849315e-03,4884.7,225197.3,9223.5,13.88,16.64
CSV,290011,29000,10,4,5,4770,990,2.075472e-01,6.849315e-03,5000.8,161745.8,9657.5,12.24,15.10
CSV,295011,29500,10,4,5,4870,1044,2.143737e-01,6.849315e-03,4991.0,188994.5,8900.3,13.27,15.78
CSV,300011,30000,10,4,5,4970,1095,2.203219e-01,6.849315e-03,5072.1,230973.5,11036.6,13.21,16.58
CSV,305011,30500,10,4,5,5070,1149,2.266272e-01,6.849315e-03,4602.0,200635.1,9462.9,13.26,16.39
BER: END_SEQ #10 [SLIP] seq_err=224 BER_seq=4.3836e-01 | lock=4 slip=6 BER_cond=6.8493e-03 BER_cum=2.2779e-01
CSV,310011,31000,10,4,6,5110,1164,2.277887e-01,6.849315e-03,5301.4,223045.5,9899.4,13.53,16.24
BER: SYNC #11 (gated)
CSV,315011,31500,11,4,6,5194,1164,2.241047e-01,6.849315e-03,5051.1,230368.3,10030.3,13.61,16.59
CSV,320011,32000,11,4,6,5294,1164,2.198716e-01,6.849315e-03,4764.4,193136.3,10191.5,12.78,16.08
CSV,325011,32500,11,4,6,5394,1164,2.157953e-01,6.849315e-03,5435.8,227678.1,9199.7,13.94,16.22
CSV,330011,33000,11,4,6,5494,1164,2.118675e-01,6.849315e-03,5031.3,276244.2,8878.3,14.93,17.40
CSV,335011,33500,11,4,6,5594,1164,2.080801e-01,6.849315e-03,5293.2,251418.4,10410.6,13.83,16.77
BER: END_SEQ #11 [LOCK] seq_err=0 BER_seq=0.0000e+00 | lock=5 slip=6 BER_cond=5.4795e-03 BER_cum=2.0708e-01
CSV,340011,34000,11,5,6,5621,1164,2.070806e-01,5.479452e-03,5352.9,209358.4,9369.7,13.49,15.92
CSV,345011,34500,11,5,6,5621,1164,2.070806e-01,5.479452e-03,4698.8,194548.6,9091.4,13.30,16.17
CSV,350011,35000,11,5,6,5621,1164,2.070806e-01,5.479452e-03,4650.1,157547.1,9189.3,12.34,15.30
CSV,355011,35500,11,5,6,5621,1164,2.070806e-01,5.479452e-03,4815.7,197539.6,8785.2,13.52,16.13
CSV,360011,36000,11,5,6,5621,1164,2.070806e-01,5.479452e-03,4302.3,206239.9,7862.4,14.19,16.81
CSV,365011,36500,11,5,6,5621,1164,2.070806e-01,5.479452e-03,4458.6,213938.7,9615.6,13.47,16.81
BER: SYNC #12 (gated)
CSV,370011,37000,12,5,6,5628,1164,2.068230e-01,5.479452e-03,5034.6,212011.5,9978.0,13.27,16.24
CSV,375011,37500,12,5,6,5728,1164,2.032123e-01,5.479452e-03,4621.6,200368.5,8906.3,13.52,16.37
CSV,380011,38000,12,5,6,5828,1164,1.997255e-01,5.479452e-03,4549.3,160711.9,8372.6,12.83,15.48
CSV,385011,38500,12,5,6,5928,1164,1.963563e-01,5.479452e-03,4282.6,200918.8,8484.8,13.74,16.71
CSV,390011,39000,12,5,6,6028,1164,1.930989e-01,5.479452e-03,5027.1,207797.2,10441.6,12.99,16.16
CSV,395011,39500,12,5,6,6128,1164,1.899478e-01,5.479452e-03,4309.2,204220.0,9729.7,13.22,16.76
BER: END_SEQ #12 [LOCK] seq_err=0 BER_seq=0.0000e+00 | lock=6 slip=6 BER_cond=4.5662e-03 BER_cum=1.8982e-01
BER: SYNC #13 (gated)
CSV,400011,40000,13,6,6,6151,1164,1.892375e-01,4.566210e-03,5303.3,205398.6,9402.9,13.39,15.88
CSV,405011,40500,13,6,6,6251,1164,1.862102e-01,4.566210e-03,4413.8,193665.2,9289.4,13.19,16.42
CSV,410011,41000,13,6,6,6351,1164,1.832782e-01,4.566210e-03,4505.4,171340.7,8716.2,12.94,15.80
CSV,415011,41500,13,6,6,6450,1185,1.837209e-01,4.566210e-03,4647.3,207256.7,8533.8,13.85,16.49
CSV,420011,42000,13,6,6,6550,1237,1.888550e-01,4.566210e-03,5045.5,218936.2,9259.8,13.74,16.37
BER: END_SEQ #13 [SLIP] seq_err=116 BER_seq=2.2701e-01 | lock=6 slip=7 BER_cond=4.5662e-03 BER_cum=1.9268e-01
CSV,425011,42500,13,6,7,6643,1280,1.926840e-01,4.566210e-03,4745.3,376752.5,6959.2,17.33,19.00
BER: SYNC #14 (gated)
CSV,430011,43000,14,6,7,6674,1280,1.917890e-01,4.566210e-03,4098.1,380660.1,5294.2,18.57,19.68
CSV,435011,43500,14,6,7,6774,1280,1.889578e-01,4.566210e-03,3764.8,314593.7,5316.7,17.72,19.22
CSV,440011,44000,14,6,7,6874,1280,1.862089e-01,4.566210e-03,3770.0,372866.6,5113.9,18.63,19.95
CSV,445011,44500,14,6,7,6974,1280,1.835389e-01,4.566210e-03,3468.8,395834.7,4811.5,19.15,20.57
CSV,450011,45000,14,6,7,7074,1280,1.809443e-01,4.566210e-03,3280.8,388543.7,5331.2,18.63,20.73
BER: END_SEQ #14 [LOCK] seq_err=0 BER_seq=0.0000e+00 | lock=7 slip=7 BER_cond=3.9139e-03 BER_cum=1.7892e-01
CSV,455011,45500,14,7,7,7154,1280,1.789209e-01,3.913894e-03,4488.5,384643.4,4802.5,19.04,19.33
BER: SYNC #15 (gated)
CSV,460011,46000,15,7,7,7196,1280,1.778766e-01,3.913894e-03,3172.4,309201.7,4554.6,18.32,19.89
CSV,465011,46500,15,7,7,7296,1280,1.754386e-01,3.913894e-03,3646.8,261419.1,4493.0,17.65,18.55
CSV,470011,47000,15,7,7,7396,1280,1.730665e-01,3.913894e-03,4234.8,294336.8,7797.0,15.77,18.42
CSV,475011,47500,15,7,7,7496,1280,1.707577e-01,3.913894e-03,3345.9,271882.9,3962.5,18.36,19.10
CSV,480011,48000,15,7,7,7596,1280,1.685097e-01,3.913894e-03,3423.1,269404.9,4219.4,18.05,18.96
BER: END_SEQ #15 [LOCK] seq_err=0 BER_seq=0.0000e+00 | lock=8 slip=7 BER_cond=3.4247e-03 BER_cum=1.6699e-01
CSV,485011,48500,15,8,7,7665,1280,1.669928e-01,3.424658e-03,3602.2,281222.2,4431.7,18.02,18.92
BER: SYNC #16 (gated)
CSV,490011,49000,16,8,7,7719,1280,1.658246e-01,3.424658e-03,3529.0,249929.2,4903.1,17.07,18.50
CSV,495011,49500,16,8,7,7819,1280,1.637038e-01,3.424658e-03,3673.0,215740.8,4415.6,16.89,17.69
CSV,500011,50000,16,8,7,7919,1280,1.616366e-01,3.424658e-03,2919.8,260107.8,4407.6,17.71,19.50
CSV,505011,50500,16,8,7,8019,1280,1.596209e-01,3.424658e-03,3220.5,287656.8,3722.8,18.88,19.51
CSV,510011,51000,16,8,7,8119,1280,1.576549e-01,3.424658e-03,3155.0,258589.8,4202.8,17.89,19.14
BER: END_SEQ #16 [LOCK] seq_err=0 BER_seq=0.0000e+00 | lock=9 slip=7 BER_cond=3.0441e-03 BER_cum=1.5656e-01
CSV,515011,51500,16,9,7,8176,1280,1.565558e-01,3.044140e-03,3826.0,268063.9,4437.4,17.81,18.45
BER: SYNC #17 (gated)
CSV,520011,52000,17,9,7,8242,1280,1.553021e-01,3.044140e-03,3287.8,264390.1,3913.1,18.30,19.05
CSV,525011,52500,17,9,7,8342,1280,1.534404e-01,3.044140e-03,2971.7,195470.7,4047.7,16.84,18.18
CSV,530011,53000,17,9,7,8442,1280,1.516228e-01,3.044140e-03,3316.4,248207.2,3970.0,17.96,18.74
CSV,535011,53500,17,9,7,8542,1280,1.498478e-01,3.044140e-03,3092.4,254937.1,3809.9,18.26,19.16
CSV,540011,54000,17,9,7,8642,1280,1.481139e-01,3.044140e-03,3577.1,233687.8,5465.8,16.31,18.15
BER: END_SEQ #17 [LOCK] seq_err=0 BER_seq=0.0000e+00 | lock=10 slip=7 BER_cond=2.7397e-03 BER_cum=1.4735e-01
CSV,545011,54500,17,10,7,8687,1280,1.473466e-01,2.739726e-03,4855.2,203727.1,7659.3,14.25,16.23
BER: SYNC #18 (gated)
CSV,550011,55000,18,10,7,8764,1315,1.500456e-01,2.739726e-03,3379.7,260696.4,4134.9,18.00,18.87
CSV,555011,55500,18,10,7,8863,1365,1.540111e-01,2.739726e-03,3436.5,185479.1,3833.8,16.85,17.32
CSV,560011,56000,18,10,7,8963,1419,1.583175e-01,2.739726e-03,3178.9,214886.1,3741.8,17.59,18.30
CSV,565011,56500,18,10,7,9063,1471,1.623083e-01,2.739726e-03,3550.5,251797.9,4510.9,17.47,18.51
CSV,570011,57000,18,10,7,9163,1523,1.662119e-01,2.739726e-03,3433.7,220063.8,3974.6,17.43,18.07
BER: END_SEQ #18 [SLIP] seq_err=256 BER_seq=5.0098e-01 | lock=10 slip=8 BER_cond=2.7397e-03 BER_cum=1.6699e-01
CSV,575011,57500,18,10,8,9198,1536,1.669928e-01,2.739726e-03,4069.9,253300.8,4472.6,17.53,17.94
BER: SYNC #19 (gated)
CSV,580011,58000,19,10,8,9287,1536,1.653925e-01,2.739726e-03,3504.5,235282.3,4025.9,17.67,18.27
CSV,585011,58500,19,10,8,9387,1536,1.636306e-01,2.739726e-03,3354.1,202019.9,3916.9,17.12,17.80
CSV,590011,59000,19,10,8,9487,1536,1.619058e-01,2.739726e-03,3500.5,222656.8,4437.5,17.01,18.04
CSV,595011,59500,19,10,8,9587,1536,1.602170e-01,2.739726e-03,3521.9,236615.9,4492.0,17.22,18.27
CSV,600011,60000,19,10,8,9687,1536,1.585630e-01,2.739726e-03,3605.6,234543.0,3791.9,17.91,18.13
BER: END_SEQ #19 [LOCK] seq_err=0 BER_seq=0.0000e+00 | lock=11 slip=8 BER_cond=2.4907e-03 BER_cum=1.5820e-01
BER: SYNC #20 (gated)
CSV,605011,60500,20,11,8,9710,1537,1.582904e-01,2.490660e-03,4312.9,277679.7,4565.7,17.84,18.09
CSV,610011,61000,20,11,8,9810,1537,1.566769e-01,2.490660e-03,3129.3,242366.2,4049.1,17.77,18.89
CSV,615011,61500,20,11,8,9910,1537,1.550959e-01,2.490660e-03,3686.6,191885.6,4437.8,16.36,17.16
CSV,620011,62000,20,11,8,10010,1537,1.535465e-01,2.490660e-03,3715.0,227917.3,6134.4,15.70,17.88
CSV,625011,62500,20,11,8,10110,1537,1.520277e-01,2.490660e-03,3581.8,265758.3,4210.2,18.00,18.70
CSV,630011,63000,20,11,8,10210,1537,1.505387e-01,2.490660e-03,3446.7,246929.9,3788.9,18.14,18.55
BER: END_SEQ #20 [LOCK] seq_err=1 BER_seq=1.9569e-03 | lock=12 slip=8 BER_cond=2.4462e-03 BER_cum=1.5039e-01
BER: SYNC #21 (gated)
CSV,635011,63500,21,12,8,10233,1537,1.502003e-01,2.446184e-03,4086.3,257540.0,4626.3,17.46,18.00
CSV,640011,64000,21,12,8,10333,1537,1.487467e-01,2.446184e-03,3179.8,235494.3,3709.9,18.03,18.70
CSV,645011,64500,21,12,8,10433,1537,1.473210e-01,2.446184e-03,3114.6,220678.6,4148.1,17.26,18.50
CSV,650011,65000,21,12,8,10533,1537,1.459223e-01,2.446184e-03,3473.9,229582.6,4150.6,17.43,18.20
CSV,655011,65500,21,12,8,10632,1537,1.445636e-01,2.446184e-03,3202.2,259962.0,4420.0,17.69,19.09
BER: END_SEQ #21 [LOCK] seq_err=0 BER_seq=0.0000e+00 | lock=13 slip=8 BER_cond=2.2580e-03 BER_cum=1.4323e-01
CSV,660011,66000,21,13,8,10731,1537,1.432299e-01,2.258016e-03,3572.6,240601.6,4377.3,17.40,18.28
BER: SYNC #22 (gated)
CSV,665011,66500,22,13,8,10755,1537,1.429103e-01,2.258016e-03,3640.7,249621.8,4436.1,17.50,18.36
CSV,670011,67000,22,13,8,10855,1537,1.415937e-01,2.258016e-03,3311.2,207452.4,4108.0,17.03,17.97
CSV,675011,67500,22,13,8,10955,1537,1.403012e-01,2.258016e-03,4640.6,178845.1,8324.2,13.32,15.86
CSV,680011,68000,22,13,8,11055,1537,1.390321e-01,2.258016e-03,5012.4,171566.6,7666.2,13.50,15.34
CSV,685011,68500,22,13,8,11155,1537,1.377857e-01,2.258016e-03,5195.7,186763.8,8984.8,13.18,15.56
BER: END_SEQ #22 [LOCK] seq_err=0 BER_seq=0.0000e+00 | lock=14 slip=8 BER_cond=2.0967e-03 BER_cum=1.3672e-01
CSV,690011,69000,22,14,8,11242,1537,1.367195e-01,2.096729e-03,5759.5,180334.9,8252.1,13.40,14.96
BER: SYNC #23 (gated)
CSV,695011,69500,23,14,8,11278,1537,1.362830e-01,2.096729e-03,5570.3,164383.1,9045.5,12.59,14.70
CSV,700011,70000,23,14,8,11378,1537,1.350853e-01,2.096729e-03,4625.9,145415.7,8130.1,12.53,14.97
CSV,705011,70500,23,14,8,11478,1537,1.339083e-01,2.096729e-03,4546.8,157349.3,7266.7,13.36,15.39
CSV,710011,71000,23,14,8,11578,1537,1.327518e-01,2.096729e-03,4220.2,201719.5,5711.5,15.48,16.79
CSV,715011,71500,23,14,8,11677,1590,1.361651e-01,2.096729e-03,3377.6,219546.1,4350.9,17.03,18.13
BER: END_SEQ #23 [SLIP] seq_err=88 BER_seq=1.7221e-01 | lock=14 slip=9 BER_cond=2.0967e-03 BER_cum=1.3826e-01
CSV,720011,72000,23,14,9,11753,1625,1.382626e-01,2.096729e-03,4030.5,246235.5,3962.4,17.93,17.86
BER: SYNC #24 (gated)
CSV,725011,72500,24,14,9,11801,1625,1.377002e-01,2.096729e-03,3571.5,243763.8,4346.4,17.49,18.34
CSV,730011,73000,24,14,9,11901,1625,1.365432e-01,2.096729e-03,3126.5,188164.2,4198.4,16.51,17.79
CSV,735011,73500,24,14,9,12001,1625,1.354054e-01,2.096729e-03,3276.9,230475.4,4402.3,17.19,18.47
CSV,740011,74000,24,14,9,12101,1625,1.342864e-01,2.096729e-03,4387.1,169296.5,6506.2,14.15,15.86
CSV,745011,74500,24,14,9,12201,1625,1.331858e-01,2.096729e-03,4921.3,139360.1,9583.5,11.63,14.52
BER: END_SEQ #24 [LOCK] seq_err=0 BER_seq=0.0000e+00 | lock=15 slip=9 BER_cond=1.9569e-03 BER_cum=1.3250e-01
CSV,750011,75000,24,15,9,12264,1625,1.325016e-01,1.956947e-03,5390.8,141953.6,8149.4,12.41,14.20
BER: SYNC #25 (gated)
CSV,755011,75500,25,15,9,12323,1625,1.318672e-01,1.956947e-03,5163.6,131624.6,8196.5,12.06,14.06
CSV,760011,76000,25,15,9,12423,1625,1.308058e-01,1.956947e-03,4875.8,114086.4,8563.4,11.25,13.69
CSV,765011,76500,25,15,9,12523,1625,1.297612e-01,1.956947e-03,5369.5,151451.4,8640.3,12.44,14.50
CSV,770011,77000,25,15,9,12623,1625,1.287333e-01,1.956947e-03,4765.6,155028.4,8266.6,12.73,15.12
CSV,775011,77500,25,15,9,12723,1625,1.277214e-01,1.956947e-03,4942.3,125323.0,8197.6,11.84,14.04
BER: END_SEQ #25 [LOCK] seq_err=1 BER_seq=1.9569e-03 | lock=16 slip=9 BER_cond=1.9569e-03 BER_cum=1.2728e-01
CSV,780011,78000,25,16,9,12775,1626,1.272798e-01,1.956947e-03,5469.2,159492.1,10781.8,11.70,14.65
BER: SYNC #26 (gated)
CSV,785011,78500,26,16,9,12844,1649,1.283868e-01,1.956947e-03,4922.5,156580.5,8829.0,12.49,15.03
CSV,790011,79000,26,16,9,12943,1706,1.318087e-01,1.956947e-03,4755.4,119203.7,9157.3,11.15,13.99
CSV,795011,79500,26,16,9,13043,1748,1.340182e-01,1.956947e-03,4639.7,144274.1,8444.7,12.33,14.93
CSV,800011,80000,26,16,9,13143,1796,1.366507e-01,1.956947e-03,4079.7,212408.0,5711.1,15.70,17.17
CSV,805011,80500,26,16,9,13243,1853,1.399230e-01,1.956947e-03,4756.3,134208.0,7957.7,12.27,14.51
BER: END_SEQ #26 [SLIP] seq_err=246 BER_seq=4.8141e-01 | lock=16 slip=10 BER_cond=1.9569e-03 BER_cum=1.4090e-01
CSV,810011,81000,26,16,10,13286,1872,1.409002e-01,1.956947e-03,4866.4,143083.4,8183.3,12.43,14.68
CSV,815011,81500,26,16,10,13286,1872,1.409002e-01,1.956947e-03,4801.3,120834.3,7413.0,12.12,14.01
CSV,820011,82000,26,16,10,13286,1872,1.409002e-01,1.956947e-03,4667.2,95243.7,9000.3,10.25,13.10
CSV,825011,82500,26,16,10,13286,1872,1.409002e-01,1.956947e-03,5103.1,113333.1,8415.4,11.29,13.47
CSV,830011,83000,26,16,10,13286,1872,1.409002e-01,1.956947e-03,4691.8,174266.3,6803.9,14.08,15.70
CSV,835011,83500,26,16,10,13286,1872,1.409002e-01,1.956947e-03,4417.7,185538.5,6172.1,14.78,16.23
CSV,840011,84000,26,16,10,13286,1872,1.409002e-01,1.956947e-03,6659.8,191011.2,11359.5,12.26,14.58
BER: SYNC #27 (gated)
CSV,845011,84500,27,16,10,13380,1872,1.399103e-01,1.956947e-03,8927.6,183803.7,15243.8,10.81,13.14
CSV,850011,85000,27,16,10,13481,1872,1.388621e-01,1.956947e-03,8537.5,164355.8,12787.5,11.09,12.84
CSV,855011,85500,27,16,10,13580,1872,1.378498e-01,1.956947e-03,6601.3,173407.6,13592.7,11.06,14.19
CSV,860011,86000,27,16,10,13680,1872,1.368421e-01,1.956947e-03,4818.8,128476.7,8184.1,11.96,14.26
CSV,865011,86500,27,16,10,13779,1920,1.393425e-01,1.956947e-03,4208.7,149055.3,6418.7,13.66,15.49
BER: END_SEQ #27 [SLIP] seq_err=52 BER_seq=1.0176e-01 | lock=16 slip=11 BER_cond=1.9569e-03 BER_cum=1.3945e-01
BER: SYNC #28 (gated)
CSV,870011,87000,28,16,11,13803,1924,1.393900e-01,1.956947e-03,4596.2,173832.8,6299.3,14.41,15.78
CSV,875011,87500,28,16,11,13903,1924,1.383874e-01,1.956947e-03,3750.3,179237.8,4631.8,15.88,16.79
CSV,880011,88000,28,16,11,14003,1924,1.373991e-01,1.956947e-03,3849.3,130445.8,5029.4,14.14,15.30
CSV,885011,88500,28,16,11,14103,1924,1.364249e-01,1.956947e-03,3407.3,201920.2,4647.6,16.38,17.73
CSV,890011,89000,28,16,11,14203,1924,1.354643e-01,1.956947e-03,3378.7,182937.8,4116.3,16.48,17.34
CSV,895011,89500,28,16,11,14303,1924,1.345172e-01,1.956947e-03,4202.8,170458.4,6503.3,14.18,16.08
BER: END_SEQ #28 [LOCK] seq_err=0 BER_seq=0.0000e+00 | lock=17 slip=11 BER_cond=1.8418e-03 BER_cum=1.3447e-01
BER: SYNC #29 (gated)
CSV,900011,90000,29,17,11,14326,1924,1.343013e-01,1.841833e-03,5442.2,131023.1,8916.4,11.67,13.82
CSV,905011,90500,29,17,11,14426,1924,1.333703e-01,1.841833e-03,5186.2,110105.3,8796.5,10.97,13.27
CSV,910011,91000,29,17,11,14526,1924,1.324522e-01,1.841833e-03,3859.9,159661.2,4824.6,15.20,16.17
CSV,915011,91500,29,17,11,14626,1924,1.315466e-01,1.841833e-03,3360.2,183292.2,4695.3,15.91,17.37
CSV,920011,92000,29,17,11,14726,1924,1.306533e-01,1.841833e-03,4324.4,192933.7,5524.9,15.43,16.49
BER: END_SEQ #29 [LOCK] seq_err=0 BER_seq=0.0000e+00 | lock=18 slip=11 BER_cond=1.7395e-03 BER_cum=1.2983e-01
CSV,925011,92500,29,18,11,14819,1924,1.298333e-01,1.739509e-03,5348.1,140614.4,9163.2,11.86,14.20
BER: SYNC #30 (gated)
CSV,930011,93000,30,18,11,14849,1925,1.296384e-01,1.739509e-03,4819.5,128656.3,7949.6,12.09,14.26
CSV,935011,93500,30,18,11,14948,1975,1.321247e-01,1.739509e-03,4825.6,102146.4,10389.4,9.93,13.26
CSV,940011,94000,30,18,11,15048,2030,1.349016e-01,1.739509e-03,5154.5,117577.8,8800.9,11.26,13.58
CSV,945011,94500,30,18,11,15148,2080,1.373119e-01,1.739509e-03,3594.6,176304.6,5499.9,15.06,16.91
CSV,950011,95000,30,18,11,15248,2133,1.398872e-01,1.739509e-03,3291.0,178849.5,3944.5,16.56,17.35
BER: END_SEQ #30 [SLIP] seq_err=246 BER_seq=4.8141e-01 | lock=18 slip=12 BER_cond=1.7395e-03 BER_cum=1.4155e-01
CSV,955011,95500,30,18,12,15330,2170,1.415525e-01,1.739509e-03,3805.4,191106.1,4272.0,16.51,17.01
BER: SYNC #31 (gated)
CSV,960011,96000,31,18,12,15371,2170,1.411749e-01,1.739509e-03,3432.3,177095.6,4261.5,16.19,17.13
CSV,965011,96500,31,18,12,15471,2170,1.402624e-01,1.739509e-03,3489.6,157289.5,3905.7,16.05,16.54
CSV,970011,97000,31,18,12,15571,2170,1.393616e-01,1.739509e-03,3727.5,157237.4,5392.9,14.65,16.25
CSV,975011,97500,31,18,12,15672,2217,1.414625e-01,1.739509e-03,4715.6,111878.4,8320.5,11.29,13.75
CSV,980011,98000,31,18,12,15772,2272,1.440528e-01,1.739509e-03,4372.6,123934.3,7559.4,12.15,14.52
BER: END_SEQ #31 [SLIP] seq_err=132 BER_seq=2.5832e-01 | lock=18 slip=13 BER_cond=1.7395e-03 BER_cum=1.4532e-01
CSV,985011,98500,31,18,13,15841,2302,1.453191e-01,1.739509e-03,5728.5,118951.7,8959.1,11.23,13.17
BER: SYNC #32 (gated)
CSV,990011,99000,32,18,13,15894,2302,1.448345e-01,1.739509e-03,4683.0,101936.0,7813.3,11.15,13.38
CSV,995011,99500,32,18,13,15994,2302,1.439290e-01,1.739509e-03,4623.4,93030.6,8343.6,10.47,13.04
CSV,1000011,100000,32,18,13,16094,2303,1.430968e-01,1.739509e-03,5058.8,110883.9,8897.8,10.96,13.41
CSV,1005011,100500,32,18,13,16194,2303,1.422132e-01,1.739509e-03,4643.9,107802.6,9026.9,10.77,13.66
CSV,1010011,101000,32,18,13,16293,2358,1.447247e-01,1.739509e-03,4478.2,105822.1,8151.5,11.13,13.73
BER: END_SEQ #32 [SLIP] seq_err=79 BER_seq=1.5460e-01 | lock=18 slip=14 BER_cond=1.7395e-03 BER_cum=1.4561e-01
CSV,1015011,101500,32,18,14,16352,2381,1.456091e-01,1.739509e-03,5246.5,110118.9,8708.1,11.02,13.22
CSV,1020011,102000,32,18,14,16352,2381,1.456091e-01,1.739509e-03,4538.4,114097.9,8008.5,11.54,14.00
CSV,1025011,102500,32,18,14,16352,2381,1.456091e-01,1.739509e-03,5282.6,80797.0,8211.4,9.93,11.85
CSV,1030011,103000,32,18,14,16352,2381,1.456091e-01,1.739509e-03,4655.6,99146.8,8611.1,10.61,13.28
CSV,1035011,103500,32,18,14,16352,2381,1.456091e-01,1.739509e-03,4821.7,112105.7,8804.7,11.05,13.66
CSV,1040011,104000,32,18,14,16352,2381,1.456091e-01,1.739509e-03,4504.2,110006.6,8241.6,11.25,13.88
CSV,1045011,104500,32,18,14,16352,2381,1.456091e-01,1.739509e-03,4479.4,107373.7,8247.4,11.15,13.80
BER: SYNC #33 (gated)
CSV,1050011,105000,33,18,14,16428,2381,1.449355e-01,1.739509e-03,5220.7,112187.8,8422.9,11.24,13.32
CSV,1055011,105500,33,18,14,16525,2432,1.471709e-01,1.739509e-03,4467.4,85408.6,8226.5,10.16,12.81
CSV,1060011,106000,33,18,14,16625,2475,1.488722e-01,1.739509e-03,4302.2,97349.4,9091.0,10.30,13.55
CSV,1065011,106500,33,18,14,16724,2527,1.511002e-01,1.739509e-03,4683.5,111864.0,7377.9,11.81,13.78
CSV,1070011,107000,33,18,14,16824,2577,1.531740e-01,1.739509e-03,4640.9,97733.4,8384.8,10.67,13.23
BER: END_SEQ #33 [SLIP] seq_err=217 BER_seq=4.2466e-01 | lock=18 slip=15 BER_cond=1.7395e-03 BER_cum=1.5407e-01
CSV,1075011,107500,33,18,15,16863,2598,1.540651e-01,1.739509e-03,5576.5,108712.5,8815.5,10.91,12.90
BER: SYNC #34 (gated)
CSV,1080011,108000,34,18,15,16951,2599,1.533243e-01,1.739509e-03,4464.4,108649.1,8300.9,11.17,13.86
CSV,1085011,108500,34,18,15,17051,2599,1.524251e-01,1.739509e-03,4527.3,83040.0,7979.0,10.17,12.63
CSV,1090011,109000,34,18,15,17151,2599,1.515364e-01,1.739509e-03,5107.9,97577.1,8335.6,10.68,12.81
CSV,1095011,109500,34,18,15,17251,2599,1.506579e-01,1.739509e-03,4792.4,101334.5,8728.8,10.65,13.25
CSV,1100011,110000,34,18,15,17351,2599,1.497896e-01,1.739509e-03,4932.0,104092.4,8610.2,10.82,13.24
BER: END_SEQ #34 [LOCK] seq_err=1 BER_seq=1.9569e-03 | lock=19 slip=15 BER_cond=1.7510e-03 BER_cum=1.4959e-01
BER: SYNC #35 (gated)
CSV,1105011,110500,35,19,15,17374,2599,1.495913e-01,1.750953e-03,5316.3,115445.8,8354.3,11.40,13.37
CSV,1110011,111000,35,19,15,17473,2646,1.514336e-01,1.750953e-03,4934.6,95666.4,7540.6,11.03,12.88
CSV,1115011,111500,35,19,15,17573,2696,1.534172e-01,1.750953e-03,5392.6,85412.6,8514.9,10.01,12.00
CSV,1120011,112000,35,19,15,17672,2749,1.555568e-01,1.750953e-03,4806.3,103108.7,8368.9,10.91,13.31
CSV,1125011,112500,35,19,15,17772,2791,1.570448e-01,1.750953e-03,5004.7,105002.2,7456.6,11.49,13.22
CSV,1130011,113000,35,19,15,17871,2844,1.591405e-01,1.750953e-03,4312.2,104016.6,7542.9,11.40,13.82
BER: END_SEQ #35 [SLIP] seq_err=250 BER_seq=4.8924e-01 | lock=19 slip=16 BER_cond=1.7510e-03 BER_cum=1.5930e-01
BER: SYNC #36 (gated)
CSV,1135011,113500,36,19,16,17896,2852,1.593652e-01,1.750953e-03,5615.6,116019.6,8979.7,11.11,13.15
CSV,1140011,114000,36,19,16,17996,2904,1.613692e-01,1.750953e-03,4903.7,107941.6,7356.8,11.66,13.43
CSV,1145011,114500,36,19,16,18094,2949,1.629822e-01,1.750953e-03,5120.9,90096.1,9155.7,9.93,12.45
CSV,1150011,115000,36,19,16,18193,2992,1.644589e-01,1.750953e-03,4656.9,100305.0,7606.0,11.20,13.33
CSV,1155011,115500,36,19,16,18293,3042,1.662931e-01,1.750953e-03,5082.0,116727.9,9140.4,11.06,13.61
CSV,1160011,116000,36,19,16,18392,3095,1.682797e-01,1.750953e-03,4792.0,110536.8,8757.4,11.01,13.63
BER: END_SEQ #36 [SLIP] seq_err=248 BER_seq=4.8532e-01 | lock=19 slip=17 BER_cond=1.7510e-03 BER_cum=1.6835e-01
BER: SYNC #37 (gated)
CSV,1165011,116500,37,19,17,18419,3097,1.681416e-01,1.750953e-03,5969.9,111815.2,8691.0,11.09,12.73
CSV,1170011,117000,37,19,17,18519,3097,1.672336e-01,1.750953e-03,4693.9,90541.0,9112.7,9.97,12.85
CSV,1175011,117500,37,19,17,18620,3151,1.692266e-01,1.750953e-03,5353.8,88945.1,7768.3,10.59,12.20
CSV,1180011,118000,37,19,17,18720,3201,1.709936e-01,1.750953e-03,5259.5,106885.6,8622.6,10.93,13.08
CSV,1185011,118500,37,19,17,18820,3253,1.728480e-01,1.750953e-03,4576.8,107004.9,8925.9,10.79,13.69
BER: END_SEQ #37 [SLIP] seq_err=191 BER_seq=3.7378e-01 | lock=19 slip=18 BER_cond=1.7510e-03 BER_cum=1.7390e-01
CSV,1190011,119000,37,19,18,18907,3288,1.739038e-01,1.750953e-03,5835.3,110759.9,8911.9,10.94,12.78
BER: SYNC #38 (gated)
CSV,1195011,119500,38,19,18,18942,3288,1.735825e-01,1.750953e-03,4731.5,100236.2,8193.5,10.88,13.26
CSV,1200011,120000,38,19,18,19041,3337,1.752534e-01,1.750953e-03,6182.7,144798.9,12603.0,10.60,13.70
CSV,1205011,120500,38,19,18,19141,3391,1.771590e-01,1.750953e-03,5238.2,170966.9,9747.3,12.44,15.14
CSV,1210011,121000,38,19,18,19240,3445,1.790541e-01,1.750953e-03,4920.9,124045.0,7807.4,12.01,14.02
CSV,1215011,121500,38,19,18,19340,3488,1.803516e-01,1.750953e-03,3957.2,160951.6,6280.5,14.09,16.09
BER: END_SEQ #38 [SLIP] seq_err=237 BER_seq=4.6380e-01 | lock=19 slip=19 BER_cond=1.7510e-03 BER_cum=1.8153e-01
CSV,1220011,122000,38,19,19,19418,3525,1.815326e-01,1.750953e-03,4346.3,201034.4,5233.8,15.84,16.65
BER: SYNC #39 (gated)
CSV,1225011,122500,39,19,19,19465,3525,1.810943e-01,1.750953e-03,3925.8,197822.2,4686.6,16.25,17.02
CSV,1230011,123000,39,19,19,19565,3525,1.801687e-01,1.750953e-03,3822.7,153788.8,4557.5,15.28,16.05
CSV,1235011,123500,39,19,19,19665,3525,1.792525e-01,1.750953e-03,3785.6,193207.8,4819.9,16.03,17.08
CSV,1240011,124000,39,19,19,19765,3525,1.783456e-01,1.750953e-03,3974.9,201436.7,5612.5,15.55,17.05
CSV,1245011,124500,39,19,19,19865,3525,1.774478e-01,1.750953e-03,4322.9,178603.6,6732.2,14.24,16.16
BER: END_SEQ #39 [LOCK] seq_err=0 BER_seq=0.0000e+00 | lock=20 slip=19 BER_cond=1.6634e-03 BER_cum=1.7688e-01
CSV,1250011,125000,39,20,19,19929,3525,1.768779e-01,1.663405e-03,5698.1,136102.8,8729.0,11.93,13.78
BER: SYNC #40 (gated)
CSV,1255011,125500,40,20,19,19987,3525,1.763646e-01,1.663405e-03,5117.0,135899.4,8869.7,11.85,14.24
CSV,1260011,126000,40,20,19,20087,3525,1.754866e-01,1.663405e-03,4732.5,108664.2,8345.6,11.15,13.61
CSV,1265011,126500,40,20,19,20187,3525,1.746173e-01,1.663405e-03,4566.3,117230.3,8625.9,11.33,14.09
CSV,1270011,127000,40,20,19,20287,3525,1.737566e-01,1.663405e-03,5038.6,136533.5,8246.6,12.19,14.33
CSV,1275011,127500,40,20,19,20387,3525,1.729043e-01,1.663405e-03,5146.9,126794.6,8925.0,11.52,13.92
BER: END_SEQ #40 [LOCK] seq_err=0 BER_seq=0.0000e+00 | lock=21 slip=19 BER_cond=1.5842e-03 BER_cum=1.7246e-01
CSV,1280011,128000,40,21,19,20440,3525,1.724560e-01,1.584195e-03,4979.6,139216.9,9287.6,11.76,14.46
BER: SYNC #41 (gated)
CSV,1285011,128500,41,21,19,20510,3525,1.718674e-01,1.584195e-03,4793.9,125590.9,8158.0,11.87,14.18
CSV,1290011,129000,41,21,19,20610,3525,1.710335e-01,1.584195e-03,4746.3,89917.1,8756.4,10.12,12.77
CSV,1295011,129500,41,21,19,20710,3525,1.702076e-01,1.584195e-03,4642.0,101575.1,8500.9,10.77,13.40
CSV,1300011,130000,41,21,19,20810,3525,1.693897e-01,1.584195e-03,5186.7,131779.4,8084.4,12.12,14.05
CSV,1305011,130500,41,21,19,20910,3525,1.685796e-01,1.584195e-03,4905.8,114984.5,8945.5,11.09,13.70
BER: END_SEQ #41 [LOCK] seq_err=0 BER_seq=0.0000e+00 | lock=22 slip=19 BER_cond=1.5122e-03 BER_cum=1.6825e-01
CSV,1310011,131000,41,22,19,20951,3525,1.682497e-01,1.512186e-03,5604.5,130648.7,9160.5,11.54,13.68
BER: SYNC #42 (gated)
CSV,1315011,131500,42,22,19,21033,3525,1.675938e-01,1.512186e-03,5082.9,127640.7,10153.0,10.99,14.00
CSV,1320011,132000,42,22,19,21133,3525,1.668007e-01,1.512186e-03,5131.4,102085.4,8104.6,11.00,12.99
CSV,1325011,132500,42,22,19,21233,3525,1.660152e-01,1.512186e-03,5279.2,106967.2,8355.7,11.07,13.07
CSV,1330011,133000,42,22,19,21333,3525,1.652369e-01,1.512186e-03,5578.8,131625.8,8195.4,12.06,13.73
CSV,1335011,133500,42,22,19,21433,3525,1.644660e-01,1.512186e-03,4623.2,115682.0,8123.2,11.54,13.98
BER: END_SEQ #42 [LOCK] seq_err=0 BER_seq=0.0000e+00 | lock=23 slip=19 BER_cond=1.4464e-03 BER_cum=1.6424e-01
CSV,1340011,134000,42,23,19,21462,3525,1.642438e-01,1.446439e-03,5123.9,141602.7,8386.9,12.27,14.41
BER: SYNC #43 (gated)
CSV,1345011,134500,43,23,19,21556,3525,1.635276e-01,1.446439e-03,5109.5,122624.2,8933.4,11.38,13.80
CSV,1350011,135000,43,23,19,21655,3526,1.628261e-01,1.446439e-03,4545.1,94547.2,8303.0,10.56,13.18
CSV,1355011,135500,43,23,19,21755,3527,1.621237e-01,1.446439e-03,5114.5,129039.9,9377.6,11.39,14.02
CSV,1360011,136000,43,23,19,21855,3527,1.613818e-01,1.446439e-03,5086.0,126952.7,8273.3,11.86,13.97
CSV,1365011,136500,43,23,19,21955,3527,1.606468e-01,1.446439e-03,5015.2,122114.2,8962.6,11.34,13.86
BER: END_SEQ #43 [LOCK] seq_err=2 BER_seq=3.9139e-03 | lock=24 slip=19 BER_cond=1.5492e-03 BER_cum=1.6052e-01
BER: SYNC #44 (gated)
CSV,1370011,137000,44,24,19,21978,3527,1.604787e-01,1.549250e-03,5348.0,127815.1,9213.6,11.42,13.78
CSV,1375011,137500,44,24,19,22078,3527,1.597518e-01,1.549250e-03,3980.4,187917.7,5216.7,15.57,16.74
CSV,1380011,138000,44,24,19,22178,3527,1.590315e-01,1.549250e-03,3857.2,157689.3,5303.1,14.73,16.12
CSV,1385011,138500,44,24,19,22278,3527,1.583176e-01,1.549250e-03,4297.8,204048.8,5810.5,15.46,16.76
CSV,1390011,139000,44,24,19,22378,3527,1.576101e-01,1.549250e-03,3844.9,211629.3,5087.6,16.19,17.41
CSV,1395011,139500,44,24,19,22478,3527,1.569090e-01,1.549250e-03,3386.5,211509.4,4970.6,16.29,17.96
BER: END_SEQ #44 [LOCK] seq_err=0 BER_seq=0.0000e+00 | lock=25 slip=19 BER_cond=1.4873e-03 BER_cum=1.5687e-01
BER: SYNC #45 (gated)
CSV,1400011,140000,45,25,19,22501,3527,1.567486e-01,1.487280e-03,4440.0,225558.9,5987.3,15.76,17.06
CSV,1405011,140500,45,25,19,22600,3580,1.584071e-01,1.487280e-03,3844.5,198792.7,4942.8,16.04,17.14
CSV,1410011,141000,45,25,19,22700,3631,1.599559e-01,1.487280e-03,3260.4,176174.1,4506.0,15.92,17.33
CSV,1415011,141500,45,25,19,22800,3684,1.615790e-01,1.487280e-03,3889.2,190605.8,4820.2,15.97,16.90
CSV,1420011,142000,45,25,19,22900,3735,1.631004e-01,1.487280e-03,3953.6,211755.1,4818.6,16.43,17.29
BER: END_SEQ #45 [SLIP] seq_err=252 BER_seq=4.9315e-01 | lock=25 slip=20 BER_cond=1.4873e-03 BER_cum=1.6434e-01
CSV,1425011,142500,45,25,20,22995,3779,1.643401e-01,1.487280e-03,4380.7,224081.7,5524.8,16.08,17.09
BER: SYNC #46 (gated)
CSV,1430011,143000,46,25,20,23024,3779,1.641331e-01,1.487280e-03,3920.0,206000.8,4651.2,16.46,17.21
CSV,1435011,143500,46,25,20,23124,3779,1.634233e-01,1.487280e-03,3652.4,173040.8,5010.5,15.38,16.76
CSV,1440011,144000,46,25,20,23224,3779,1.627196e-01,1.487280e-03,3382.7,199851.8,4346.4,16.63,17.71
CSV,1445011,144500,46,25,20,23323,3779,1.620289e-01,1.487280e-03,3620.7,208343.2,4908.1,16.28,17.60
CSV,1450011,145000,46,25,20,23423,3779,1.613372e-01,1.487280e-03,3802.2,199169.1,5288.8,15.76,17.19
BER: END_SEQ #46 [LOCK] seq_err=0 BER_seq=0.0000e+00 | lock=26 slip=20 BER_cond=1.4301e-03 BER_cum=1.6077e-01
CSV,1455011,145500,46,26,20,23506,3779,1.607675e-01,1.430077e-03,4524.5,222688.4,5316.0,16.22,16.92
BER: SYNC #47 (gated)
CSV,1460011,146000,47,26,20,23546,3779,1.604944e-01,1.430077e-03,3906.0,204097.5,5091.3,16.03,17.18
CSV,1465011,146500,47,26,20,23646,3779,1.598156e-01,1.430077e-03,3933.2,184650.0,5087.1,15.60,16.72
CSV,1470011,147000,47,26,20,23746,3779,1.591426e-01,1.430077e-03,4201.6,207159.5,5128.0,16.06,16.93
CSV,1475011,147500,47,26,20,23846,3779,1.584752e-01,1.430077e-03,3665.4,198206.3,4884.0,16.08,17.33
CSV,1480011,148000,47,26,20,23946,3779,1.578134e-01,1.430077e-03,3848.0,223061.5,4687.2,16.78,17.63
BER: END_SEQ #47 [LOCK] seq_err=30 BER_seq=5.8708e-02 | lock=27 slip=20 BER_cond=3.5515e-03 BER_cum=1.5860e-01
CSV,1485011,148500,47,27,20,24017,3809,1.585960e-01,3.551497e-03,4531.0,206754.8,5433.9,15.80,16.59
BER: SYNC #48 (gated)
CSV,1490011,149000,48,27,20,24069,3809,1.582534e-01,3.551497e-03,3951.0,201594.2,5144.1,15.93,17.08
CSV,1495011,149500,48,27,20,24169,3809,1.575986e-01,3.551497e-03,3749.6,159159.2,4635.5,15.36,16.28
CSV,1500011,150000,48,27,20,24268,3865,1.592632e-01,3.551497e-03,3970.5,193165.3,5202.5,15.70,16.87
CSV,1505011,150500,48,27,20,24368,3914,1.606205e-01,3.551497e-03,3693.7,181703.2,5080.3,15.53,16.92
CSV,1510011,151000,48,27,20,24468,3969,1.622119e-01,3.551497e-03,3643.9,183644.8,4480.7,16.13,17.02
BER: END_SEQ #48 [SLIP] seq_err=191 BER_seq=3.7378e-01 | lock=27 slip=21 BER_cond=3.5515e-03 BER_cum=1.6308e-01
CSV,1515011,151500,48,27,21,24528,4000,1.630789e-01,3.551497e-03,4595.9,202896.5,5134.9,15.97,16.45

=========================================
=== END OF TEST (duration=25 min) ===
=========================================
FINAL: syncs=48 lock=27 slip=21 slip_rate=0.4375
FINAL: bits_cum=24528 err_cum=4000 BER_cum=1.6308e-01
FINAL: bits_lock=13797 err_lock=49 BER_cond=3.5515e-03
=========================================
=== STOP LOGGING NOW ===
=========================================
