

=== RX BOOT - BER TEST MODE ===
MOD=OOK (20 kHz carrier, adaptive threshold)
BPS_MODE=40 (HALF_SAMPLES=1000, 5000 samples/bit @ 200000 Hz)
Expect: 64-bit preamble + Barker13 (1F35h, gated by 8 preamble bits = 0x55) + 511-bit PRBS-9
Noise floor band: 5000 Hz; lock threshold: BER<0.10
Auto-stop: test will halt 25 min after the first sync.
RX: edge-tracking sync, center-3 voting
Starting decoder...

CSV,5008,1000,0,0,0,0,0,0.000000e+00,0.000000e+00,7379.9,26379582.0,14581.6,32.57,35.53
CSV,10008,2000,0,0,0,0,0,0.000000e+00,0.000000e+00,8793.5,29391206.0,16276.5,32.57,35.24
BER: SYNC #1 (gated)
CSV,15008,3000,1,0,0,17,0,0.000000e+00,0.000000e+00,9717.3,30016270.0,18720.7,32.05,34.90
CSV,20008,4000,1,0,0,217,0,0.000000e+00,0.000000e+00,9292.8,25625160.0,20085.8,31.06,34.41
CSV,25008,5000,1,0,0,417,0,0.000000e+00,0.000000e+00,10106.0,29016868.0,19349.0,31.76,34.58
BER: END_SEQ #1 [LOCK] seq_err=0 BER_seq=0.0000e+00 | lock=1 slip=0 BER_cond=0.0000e+00 BER_cum=0.0000e+00
BER: SYNC #2 (gated)
CSV,30008,6000,2,1,0,540,0,0.000000e+00,0.000000e+00,11270.2,30374482.0,21245.6,31.55,34.31
CSV,35008,7000,2,1,0,740,0,0.000000e+00,0.000000e+00,12131.3,26315578.0,21844.5,30.81,33.36
CSV,40008,8000,2,1,0,940,0,0.000000e+00,0.000000e+00,12653.7,28670106.0,20936.8,31.37,33.55
BER: END_SEQ #2 [LOCK] seq_err=0 BER_seq=0.0000e+00 | lock=2 slip=0 BER_cond=0.0000e+00 BER_cum=0.0000e+00
BER: SYNC #3 (gated)
CSV,45008,9000,3,2,0,1063,0,0.000000e+00,0.000000e+00,12501.4,30041646.0,20165.5,31.73,33.81
CSV,50008,10000,3,2,0,1263,0,0.000000e+00,0.000000e+00,13137.4,26761630.0,21782.7,30.89,33.09
CSV,55008,11000,3,2,0,1463,0,0.000000e+00,0.000000e+00,12895.1,29306042.0,21775.8,31.29,33.57
BER: END_SEQ #3 [LOCK] seq_err=0 BER_seq=0.0000e+00 | lock=3 slip=0 BER_cond=0.0000e+00 BER_cum=0.0000e+00
BER: SYNC #4 (gated)
CSV,60008,12000,4,3,0,1585,0,0.000000e+00,0.000000e+00,12062.8,28891478.0,22327.4,31.12,33.79
CSV,65008,13000,4,3,0,1785,0,0.000000e+00,0.000000e+00,11312.6,27150742.0,22597.2,30.80,33.80
CSV,70008,14000,4,3,0,1985,0,0.000000e+00,0.000000e+00,12166.5,28723098.0,21039.6,31.35,33.73
BER: END_SEQ #4 [LOCK] seq_err=0 BER_seq=0.0000e+00 | lock=4 slip=0 BER_cond=0.0000e+00 BER_cum=0.0000e+00
BER: SYNC #5 (gated)
CSV,75008,15000,5,4,0,2108,0,0.000000e+00,0.000000e+00,11819.5,30931438.0,21203.5,31.64,34.18
CSV,80008,16000,5,4,0,2308,0,0.000000e+00,0.000000e+00,11490.6,24913270.0,22342.4,30.47,33.36
CSV,85008,17000,5,4,0,2508,0,0.000000e+00,0.000000e+00,11852.3,30065888.0,21747.7,31.41,34.04
BER: END_SEQ #5 [LOCK] seq_err=0 BER_seq=0.0000e+00 | lock=5 slip=0 BER_cond=0.0000e+00 BER_cum=0.0000e+00
BER: SYNC #6 (gated)
CSV,90008,18000,6,5,0,2631,0,0.000000e+00,0.000000e+00,11055.3,30142362.0,20589.4,31.66,34.36
CSV,95008,19000,6,5,0,2831,0,0.000000e+00,0.000000e+00,11089.7,25544132.0,22078.1,30.63,33.62
CSV,100008,20000,6,5,0,3031,0,0.000000e+00,0.000000e+00,10906.7,29823416.0,20850.4,31.55,34.37
BER: END_SEQ #6 [LOCK] seq_err=0 BER_seq=0.0000e+00 | lock=6 slip=0 BER_cond=0.0000e+00 BER_cum=0.0000e+00
BER: SYNC #7 (gated)
CSV,105008,21000,7,6,0,3154,0,0.000000e+00,0.000000e+00,11443.0,30592402.0,20223.5,31.80,34.27
CSV,110008,22000,7,6,0,3354,0,0.000000e+00,0.000000e+00,10252.7,25874370.0,21700.7,30.76,34.02
CSV,115008,23000,7,6,0,3553,0,0.000000e+00,0.000000e+00,10288.8,29618460.0,20747.5,31.55,34.59
BER: END_SEQ #7 [LOCK] seq_err=0 BER_seq=0.0000e+00 | lock=7 slip=0 BER_cond=0.0000e+00 BER_cum=0.0000e+00
BER: SYNC #8 (gated)
CSV,120008,24000,8,7,0,3676,0,0.000000e+00,0.000000e+00,10186.0,30014906.0,20738.3,31.61,34.69
CSV,125008,25000,8,7,0,3876,0,0.000000e+00,0.000000e+00,9829.9,25970044.0,19525.5,31.24,34.22
CSV,130008,26000,8,7,0,4076,0,0.000000e+00,0.000000e+00,9644.4,29927366.0,18743.2,32.03,34.92
BER: END_SEQ #8 [LOCK] seq_err=0 BER_seq=0.0000e+00 | lock=8 slip=0 BER_cond=0.0000e+00 BER_cum=0.0000e+00
BER: SYNC #9 (gated)
CSV,135008,27000,9,8,0,4199,0,0.000000e+00,0.000000e+00,9028.9,29936174.0,19617.3,31.84,35.21
CSV,140008,28000,9,8,0,4399,0,0.000000e+00,0.000000e+00,8508.5,25861074.0,16642.1,31.91,34.83
BER: END_SEQ #9 [LOCK] seq_err=0 BER_seq=0.0000e+00 | lock=9 slip=0 BER_cond=0.0000e+00 BER_cum=0.0000e+00
CSV,145008,29000,9,9,0,4599,0,0.000000e+00,0.000000e+00,8215.9,30543300.0,15136.6,33.05,35.70
BER: SYNC #10 (gated)
CSV,150008,30000,10,9,0,4722,0,0.000000e+00,0.000000e+00,7615.0,27975570.0,13996.6,33.01,35.65
CSV,155008,31000,10,9,0,4922,0,0.000000e+00,0.000000e+00,7958.4,26709242.0,13097.9,33.09,35.26
BER: END_SEQ #10 [LOCK] seq_err=0 BER_seq=0.0000e+00 | lock=10 slip=0 BER_cond=0.0000e+00 BER_cum=0.0000e+00
CSV,160008,32000,10,10,0,5110,0,0.000000e+00,0.000000e+00,8261.3,30340950.0,15199.6,33.00,35.65
BER: SYNC #11 (gated)
CSV,165008,33000,11,10,0,5244,0,0.000000e+00,0.000000e+00,8310.4,26723012.0,14221.1,32.74,35.07
CSV,170008,34000,11,10,0,5444,0,0.000000e+00,0.000000e+00,7981.1,28917658.0,13450.1,33.32,35.59
BER: END_SEQ #11 [LOCK] seq_err=0 BER_seq=0.0000e+00 | lock=11 slip=0 BER_cond=0.0000e+00 BER_cum=0.0000e+00
CSV,175008,35000,11,11,0,5621,0,0.000000e+00,0.000000e+00,7675.7,29406208.0,14313.6,33.13,35.83
BER: SYNC #12 (gated)
CSV,180008,36000,12,11,0,5767,0,0.000000e+00,0.000000e+00,8037.5,26383110.0,14976.5,32.46,35.16
CSV,185008,37000,12,11,0,5967,0,0.000000e+00,0.000000e+00,7287.2,29018108.0,15220.1,32.80,36.00
BER: END_SEQ #12 [LOCK] seq_err=0 BER_seq=0.0000e+00 | lock=12 slip=0 BER_cond=0.0000e+00 BER_cum=0.0000e+00
CSV,190008,38000,12,12,0,6132,0,0.000000e+00,0.000000e+00,7518.2,29701910.0,13371.0,33.47,35.97
BER: SYNC #13 (gated)
CSV,195008,39000,13,12,0,6290,0,0.000000e+00,0.000000e+00,7824.2,26147764.0,14592.4,32.53,35.24
CSV,200008,40000,13,12,0,6490,0,0.000000e+00,0.000000e+00,7243.3,29911600.0,14728.1,33.08,36.16
BER: END_SEQ #13 [LOCK] seq_err=0 BER_seq=0.0000e+00 | lock=13 slip=0 BER_cond=0.0000e+00 BER_cum=0.0000e+00
CSV,205008,41000,13,13,0,6643,0,0.000000e+00,0.000000e+00,8112.9,28866974.0,13750.9,33.22,35.51
BER: SYNC #14 (gated)
CSV,210008,42000,14,13,0,6813,0,0.000000e+00,0.000000e+00,7928.5,26997390.0,15604.6,32.38,35.32
CSV,215008,43000,14,13,0,7013,0,0.000000e+00,0.000000e+00,7262.1,29080602.0,15253.7,32.80,36.03
BER: END_SEQ #14 [LOCK] seq_err=0 BER_seq=0.0000e+00 | lock=14 slip=0 BER_cond=0.0000e+00 BER_cum=0.0000e+00
CSV,220008,44000,14,14,0,7154,0,0.000000e+00,0.000000e+00,7696.7,29494718.0,14144.2,33.19,35.83
BER: SYNC #15 (gated)
CSV,225008,45000,15,14,0,7335,0,0.000000e+00,0.000000e+00,8039.4,26796352.0,14609.2,32.63,35.23
CSV,230008,46000,15,14,0,7535,0,0.000000e+00,0.000000e+00,7403.5,29637610.0,14096.5,33.23,36.02
BER: END_SEQ #15 [LOCK] seq_err=0 BER_seq=0.0000e+00 | lock=15 slip=0 BER_cond=0.0000e+00 BER_cum=0.0000e+00
CSV,235008,47000,15,15,0,7665,0,0.000000e+00,0.000000e+00,7933.3,29019468.0,15240.1,32.80,35.63
BER: SYNC #16 (gated)
CSV,240008,48000,16,15,0,7858,0,0.000000e+00,0.000000e+00,7968.4,26082298.0,14301.9,32.61,35.15
CSV,245008,49000,16,15,0,8058,0,0.000000e+00,0.000000e+00,8219.3,29081288.0,14220.6,33.11,35.49
BER: END_SEQ #16 [LOCK] seq_err=0 BER_seq=0.0000e+00 | lock=16 slip=0 BER_cond=0.0000e+00 BER_cum=0.0000e+00
BER: SYNC #17 (gated)
CSV,250008,50000,17,16,0,8181,0,0.000000e+00,0.000000e+00,8117.2,30396518.0,13869.5,33.41,35.73
CSV,255008,51000,17,16,0,8381,0,0.000000e+00,0.000000e+00,7905.5,25777032.0,14092.5,32.62,35.13
CSV,260008,52000,17,16,0,8581,0,0.000000e+00,0.000000e+00,8065.0,29960942.0,14796.1,33.06,35.70
BER: END_SEQ #17 [LOCK] seq_err=0 BER_seq=0.0000e+00 | lock=17 slip=0 BER_cond=0.0000e+00 BER_cum=0.0000e+00
BER: SYNC #18 (gated)
CSV,265008,53000,18,17,0,8703,0,0.000000e+00,0.000000e+00,8374.0,30003170.0,14719.6,33.09,35.54
CSV,270008,54000,18,17,0,8903,0,0.000000e+00,0.000000e+00,8049.7,26171002.0,13763.8,32.79,35.12
CSV,275008,55000,18,17,0,9103,0,0.000000e+00,0.000000e+00,8144.1,28477080.0,14318.5,32.99,35.44
BER: END_SEQ #18 [LOCK] seq_err=0 BER_seq=0.0000e+00 | lock=18 slip=0 BER_cond=0.0000e+00 BER_cum=0.0000e+00
BER: SYNC #19 (gated)
CSV,280008,56000,19,18,0,9226,0,0.000000e+00,0.000000e+00,8763.2,31095394.0,14307.1,33.37,35.50
CSV,285008,57000,19,18,0,9426,0,0.000000e+00,0.000000e+00,8375.4,25731140.0,15175.6,32.29,34.87
CSV,290008,58000,19,18,0,9626,0,0.000000e+00,0.000000e+00,8093.4,29325280.0,14265.8,33.13,35.59
BER: END_SEQ #19 [LOCK] seq_err=0 BER_seq=0.0000e+00 | lock=19 slip=0 BER_cond=0.0000e+00 BER_cum=0.0000e+00
BER: SYNC #20 (gated)
CSV,295008,59000,20,19,0,9749,0,0.000000e+00,0.000000e+00,8730.5,29297064.0,13961.4,33.22,35.26
CSV,300008,60000,20,19,0,9949,0,0.000000e+00,0.000000e+00,8515.7,27291950.0,14684.1,32.69,35.06
CSV,305008,61000,20,19,0,10149,0,0.000000e+00,0.000000e+00,8831.0,29077908.0,14702.0,32.96,35.18
BER: END_SEQ #20 [LOCK] seq_err=0 BER_seq=0.0000e+00 | lock=20 slip=0 BER_cond=0.0000e+00 BER_cum=0.0000e+00
BER: SYNC #21 (gated)
CSV,310008,62000,21,20,0,10272,0,0.000000e+00,0.000000e+00,8940.7,29564102.0,15756.8,32.73,35.19
CSV,315008,63000,21,20,0,10471,0,0.000000e+00,0.000000e+00,8864.0,26727848.0,14903.9,32.54,34.79
CSV,320008,64000,21,20,0,10671,0,0.000000e+00,0.000000e+00,8881.0,29056268.0,15431.7,32.75,35.15
BER: END_SEQ #21 [LOCK] seq_err=0 BER_seq=0.0000e+00 | lock=21 slip=0 BER_cond=0.0000e+00 BER_cum=0.0000e+00
BER: SYNC #22 (gated)
CSV,325008,65000,22,21,0,10794,0,0.000000e+00,0.000000e+00,9239.5,30491698.0,15043.3,33.07,35.19
CSV,330008,66000,22,21,0,10994,0,0.000000e+00,0.000000e+00,8747.9,25302132.0,14993.7,32.27,34.61
CSV,335008,67000,22,21,0,11194,0,0.000000e+00,0.000000e+00,8896.5,30064866.0,15646.2,32.84,35.29
BER: END_SEQ #22 [LOCK] seq_err=0 BER_seq=0.0000e+00 | lock=22 slip=0 BER_cond=0.0000e+00 BER_cum=0.0000e+00
BER: SYNC #23 (gated)
CSV,340008,68000,23,22,0,11317,0,0.000000e+00,0.000000e+00,9009.6,30195030.0,15442.4,32.91,35.25
CSV,345008,69000,23,22,0,11517,0,0.000000e+00,0.000000e+00,9112.4,25505906.0,16256.8,31.96,34.47
CSV,350008,70000,23,22,0,11717,0,0.000000e+00,0.000000e+00,9832.3,29658046.0,15385.4,32.85,34.79
BER: END_SEQ #23 [LOCK] seq_err=0 BER_seq=0.0000e+00 | lock=23 slip=0 BER_cond=0.0000e+00 BER_cum=0.0000e+00
BER: SYNC #24 (gated)
CSV,355008,71000,24,23,0,11840,0,0.000000e+00,0.000000e+00,9881.9,30636412.0,16117.7,32.79,34.91
CSV,360008,72000,24,23,0,12040,0,0.000000e+00,0.000000e+00,9878.2,26114480.0,15885.4,32.16,34.22
CSV,365008,73000,24,23,0,12239,0,0.000000e+00,0.000000e+00,9549.6,29883084.0,16451.0,32.59,34.95
BER: END_SEQ #24 [LOCK] seq_err=0 BER_seq=0.0000e+00 | lock=24 slip=0 BER_cond=0.0000e+00 BER_cum=0.0000e+00
BER: SYNC #25 (gated)
CSV,370008,74000,25,24,0,12363,0,0.000000e+00,0.000000e+00,10111.4,30030690.0,15573.6,32.85,34.73
CSV,375008,75000,25,24,0,12562,0,0.000000e+00,0.000000e+00,9610.1,26246090.0,16119.8,32.12,34.36
CSV,380008,76000,25,24,0,12762,0,0.000000e+00,0.000000e+00,10456.4,29907068.0,16230.9,32.65,34.56
BER: END_SEQ #25 [LOCK] seq_err=0 BER_seq=0.0000e+00 | lock=25 slip=0 BER_cond=0.0000e+00 BER_cum=0.0000e+00
BER: SYNC #26 (gated)
CSV,385008,77000,26,25,0,12885,0,0.000000e+00,0.000000e+00,10162.9,30301004.0,16130.8,32.74,34.74
CSV,390008,78000,26,25,0,13085,0,0.000000e+00,0.000000e+00,10402.4,25969250.0,17309.9,31.76,33.97
CSV,395008,79000,26,25,0,13285,0,0.000000e+00,0.000000e+00,9009.7,31394418.0,16899.3,32.69,35.42
BER: END_SEQ #26 [LOCK] seq_err=0 BER_seq=0.0000e+00 | lock=26 slip=0 BER_cond=0.0000e+00 BER_cum=0.0000e+00
BER: SYNC #27 (gated)
CSV,400008,80000,27,26,0,13408,0,0.000000e+00,0.000000e+00,9577.1,28198502.0,16732.0,32.27,34.69
CSV,405008,81000,27,26,0,13608,0,0.000000e+00,0.000000e+00,9495.9,27470578.0,16016.7,32.34,34.61
BER: END_SEQ #27 [LOCK] seq_err=0 BER_seq=0.0000e+00 | lock=27 slip=0 BER_cond=0.0000e+00 BER_cum=0.0000e+00
CSV,410008,82000,27,27,0,13797,0,0.000000e+00,0.000000e+00,10630.8,30359880.0,17590.9,32.37,34.56
BER: SYNC #28 (gated)
CSV,415008,83000,28,27,0,13930,0,0.000000e+00,0.000000e+00,10040.4,27690650.0,18117.1,31.84,34.41
CSV,420008,84000,28,27,0,14131,0,0.000000e+00,0.000000e+00,10434.7,29132662.0,17386.0,32.24,34.46
BER: END_SEQ #28 [LOCK] seq_err=0 BER_seq=0.0000e+00 | lock=28 slip=0 BER_cond=0.0000e+00 BER_cum=0.0000e+00
CSV,425008,85000,28,28,0,14308,0,0.000000e+00,0.000000e+00,10433.7,30131884.0,17390.7,32.39,34.61
BER: SYNC #29 (gated)
CSV,430008,86000,29,28,0,14453,0,0.000000e+00,0.000000e+00,10034.2,26556382.0,17081.6,31.92,34.23
CSV,435008,87000,29,28,0,14653,0,0.000000e+00,0.000000e+00,10700.0,29929244.0,17227.7,32.40,34.47
BER: END_SEQ #29 [LOCK] seq_err=0 BER_seq=0.0000e+00 | lock=29 slip=0 BER_cond=0.0000e+00 BER_cum=0.0000e+00
CSV,440008,88000,29,29,0,14819,0,0.000000e+00,0.000000e+00,10644.0,29752958.0,17848.2,32.22,34.46
BER: SYNC #30 (gated)
CSV,445008,89000,30,29,0,14976,0,0.000000e+00,0.000000e+00,10814.6,27018702.0,17855.2,31.80,33.98
CSV,450008,90000,30,29,0,15176,0,0.000000e+00,0.000000e+00,10225.5,29963214.0,17368.3,32.37,34.67
BER: END_SEQ #30 [LOCK] seq_err=0 BER_seq=0.0000e+00 | lock=30 slip=0 BER_cond=0.0000e+00 BER_cum=0.0000e+00
CSV,455008,91000,30,30,0,15330,0,0.000000e+00,0.000000e+00,10397.1,30099038.0,16884.2,32.51,34.62
BER: SYNC #31 (gated)
CSV,460008,92000,31,30,0,15499,0,0.000000e+00,0.000000e+00,9873.8,26858300.0,16219.8,32.19,34.35
CSV,465008,93000,31,30,0,15699,0,0.000000e+00,0.000000e+00,9904.6,29896012.0,17642.6,32.29,34.80
BER: END_SEQ #31 [LOCK] seq_err=0 BER_seq=0.0000e+00 | lock=31 slip=0 BER_cond=0.0000e+00 BER_cum=0.0000e+00
CSV,470008,94000,31,31,0,15841,0,0.000000e+00,0.000000e+00,10147.7,29738494.0,16773.3,32.49,34.67
BER: SYNC #32 (gated)
CSV,475008,95000,32,31,0,16021,0,0.000000e+00,0.000000e+00,10369.1,27537100.0,17023.2,32.09,34.24
CSV,480008,96000,32,31,0,16221,0,0.000000e+00,0.000000e+00,10042.8,29971140.0,16571.8,32.57,34.75
BER: END_SEQ #32 [LOCK] seq_err=0 BER_seq=0.0000e+00 | lock=32 slip=0 BER_cond=0.0000e+00 BER_cum=0.0000e+00
CSV,485008,97000,32,32,0,16352,0,0.000000e+00,0.000000e+00,9987.4,30095410.0,16637.8,32.57,34.79
BER: SYNC #33 (gated)
CSV,490008,98000,33,32,0,16544,0,0.000000e+00,0.000000e+00,10160.9,26186236.0,18132.9,31.60,34.11
CSV,495008,99000,33,32,0,16744,0,0.000000e+00,0.000000e+00,10782.1,29483096.0,18033.1,32.14,34.37
BER: END_SEQ #33 [LOCK] seq_err=0 BER_seq=0.0000e+00 | lock=33 slip=0 BER_cond=0.0000e+00 BER_cum=0.0000e+00
BER: SYNC #34 (gated)
CSV,500008,100000,34,33,0,16867,0,0.000000e+00,0.000000e+00,11160.1,30595338.0,16783.1,32.61,34.38
CSV,505008,101000,34,33,0,17067,0,0.000000e+00,0.000000e+00,11483.8,26278770.0,16747.5,31.96,33.60
CSV,510008,102000,34,33,0,17267,0,0.000000e+00,0.000000e+00,11000.8,30275822.0,18046.6,32.25,34.40
BER: END_SEQ #34 [LOCK] seq_err=0 BER_seq=0.0000e+00 | lock=34 slip=0 BER_cond=0.0000e+00 BER_cum=0.0000e+00
BER: SYNC #35 (gated)
CSV,515008,103000,35,34,0,17390,0,0.000000e+00,0.000000e+00,10972.0,31008316.0,18361.6,32.28,34.51
CSV,520008,104000,35,34,0,17590,0,0.000000e+00,0.000000e+00,11535.9,26761706.0,18565.1,31.59,33.65
CSV,525008,105000,35,34,0,17789,0,0.000000e+00,0.000000e+00,11564.8,29033922.0,17217.0,32.27,34.00
BER: END_SEQ #35 [LOCK] seq_err=0 BER_seq=0.0000e+00 | lock=35 slip=0 BER_cond=0.0000e+00 BER_cum=0.0000e+00
BER: SYNC #36 (gated)
CSV,530008,106000,36,35,0,17912,0,0.000000e+00,0.000000e+00,12136.0,31660832.0,16812.8,32.75,34.16
CSV,535008,107000,36,35,0,18112,0,0.000000e+00,0.000000e+00,11910.3,25961238.0,18964.3,31.36,33.38
CSV,540008,108000,36,35,0,18312,0,0.000000e+00,0.000000e+00,12623.2,30352420.0,19291.4,31.97,33.81
BER: END_SEQ #36 [LOCK] seq_err=0 BER_seq=0.0000e+00 | lock=36 slip=0 BER_cond=0.0000e+00 BER_cum=0.0000e+00
BER: SYNC #37 (gated)
CSV,545008,109000,37,36,0,18435,0,0.000000e+00,0.000000e+00,11711.9,29627200.0,17450.2,32.30,34.03
CSV,550008,110000,37,36,0,18635,0,0.000000e+00,0.000000e+00,11911.4,28099044.0,18317.3,31.86,33.73
CSV,555008,111000,37,36,0,18835,0,0.000000e+00,0.000000e+00,12031.1,29214946.0,17843.4,32.14,33.85
BER: END_SEQ #37 [LOCK] seq_err=0 BER_seq=0.0000e+00 | lock=37 slip=0 BER_cond=0.0000e+00 BER_cum=0.0000e+00
BER: SYNC #38 (gated)
CSV,560008,112000,38,37,0,18958,0,0.000000e+00,0.000000e+00,11364.7,31018994.0,17654.1,32.45,34.36
CSV,565008,113000,38,37,0,19158,0,0.000000e+00,0.000000e+00,10994.2,27080740.0,19080.5,31.52,33.91
CSV,570008,114000,38,37,0,19357,0,0.000000e+00,0.000000e+00,11358.2,29759832.0,18932.8,31.96,34.18
BER: END_SEQ #38 [LOCK] seq_err=0 BER_seq=0.0000e+00 | lock=38 slip=0 BER_cond=0.0000e+00 BER_cum=0.0000e+00
BER: SYNC #39 (gated)
CSV,575008,115000,39,38,0,19481,0,0.000000e+00,0.000000e+00,11462.5,30386270.0,17411.1,32.42,34.23
CSV,580008,116000,39,38,0,19680,0,0.000000e+00,0.000000e+00,11057.6,26352774.0,17489.9,31.78,33.77
CSV,585008,117000,39,38,0,19880,0,0.000000e+00,0.000000e+00,10884.0,29768154.0,18091.8,32.16,34.37
BER: END_SEQ #39 [LOCK] seq_err=0 BER_seq=0.0000e+00 | lock=39 slip=0 BER_cond=0.0000e+00 BER_cum=0.0000e+00
BER: SYNC #40 (gated)
CSV,590008,118000,40,39,0,20003,0,0.000000e+00,0.000000e+00,10763.0,31439642.0,18769.7,32.24,34.66
CSV,595008,119000,40,39,0,20203,0,0.000000e+00,0.000000e+00,11287.6,25276628.0,19023.1,31.23,33.50
CSV,600008,120000,40,39,0,20403,0,0.000000e+00,0.000000e+00,11683.1,30807310.0,17588.3,32.43,34.21
BER: END_SEQ #40 [LOCK] seq_err=0 BER_seq=0.0000e+00 | lock=40 slip=0 BER_cond=0.0000e+00 BER_cum=0.0000e+00
BER: SYNC #41 (gated)
CSV,605008,121000,41,40,0,20526,0,0.000000e+00,0.000000e+00,11197.4,30158698.0,16955.5,32.50,34.30
CSV,610008,122000,41,40,0,20726,0,0.000000e+00,0.000000e+00,11080.3,26954422.0,18269.1,31.69,33.86
CSV,615008,123000,41,40,0,20926,0,0.000000e+00,0.000000e+00,11681.1,30056362.0,17660.2,32.31,34.10
BER: END_SEQ #41 [LOCK] seq_err=0 BER_seq=0.0000e+00 | lock=41 slip=0 BER_cond=0.0000e+00 BER_cum=0.0000e+00
BER: SYNC #42 (gated)
CSV,620008,124000,42,41,0,21049,0,0.000000e+00,0.000000e+00,11338.5,30524838.0,18648.7,32.14,34.30
CSV,625008,125000,42,41,0,21248,0,0.000000e+00,0.000000e+00,11729.5,26332126.0,17787.3,31.70,33.51
CSV,630008,126000,42,41,0,21448,0,0.000000e+00,0.000000e+00,11339.9,30514348.0,17113.6,32.51,34.30
BER: END_SEQ #42 [LOCK] seq_err=0 BER_seq=0.0000e+00 | lock=42 slip=0 BER_cond=0.0000e+00 BER_cum=0.0000e+00
BER: SYNC #43 (gated)
CSV,635008,127000,43,42,0,21571,0,0.000000e+00,0.000000e+00,10745.4,30238248.0,17140.0,32.47,34.49
CSV,640008,128000,43,42,0,21771,0,0.000000e+00,0.000000e+00,11155.6,26457570.0,17715.1,31.74,33.75
CSV,645008,129000,43,42,0,21971,0,0.000000e+00,0.000000e+00,11055.4,31201484.0,17866.8,32.42,34.51
BER: END_SEQ #43 [LOCK] seq_err=0 BER_seq=0.0000e+00 | lock=43 slip=0 BER_cond=0.0000e+00 BER_cum=0.0000e+00
BER: SYNC #44 (gated)
CSV,650008,130000,44,43,0,22094,0,0.000000e+00,0.000000e+00,12133.5,28638272.0,16860.3,32.30,33.73
CSV,655008,131000,44,43,0,22294,0,0.000000e+00,0.000000e+00,11362.7,27332254.0,17367.1,31.97,33.81
BER: END_SEQ #44 [LOCK] seq_err=0 BER_seq=0.0000e+00 | lock=44 slip=0 BER_cond=0.0000e+00 BER_cum=0.0000e+00
CSV,660008,132000,44,44,0,22484,0,0.000000e+00,0.000000e+00,12337.6,30749952.0,17689.0,32.40,33.97
BER: SYNC #45 (gated)
CSV,665008,133000,45,44,0,22617,0,0.000000e+00,0.000000e+00,12071.5,27800596.0,18883.7,31.68,33.62
CSV,670008,134000,45,44,0,22817,0,0.000000e+00,0.000000e+00,12275.7,29076440.0,18274.4,32.02,33.74
BER: END_SEQ #45 [LOCK] seq_err=0 BER_seq=0.0000e+00 | lock=45 slip=0 BER_cond=0.0000e+00 BER_cum=0.0000e+00
CSV,675008,135000,45,45,0,22995,0,0.000000e+00,0.000000e+00,13102.5,30443374.0,18364.8,32.20,33.66
BER: SYNC #46 (gated)
CSV,680008,136000,46,45,0,23140,0,0.000000e+00,0.000000e+00,12585.1,26533802.0,16808.7,31.98,33.24
CSV,685008,137000,46,45,0,23339,0,0.000000e+00,0.000000e+00,11995.6,29948998.0,18799.3,32.02,33.97
BER: END_SEQ #46 [LOCK] seq_err=0 BER_seq=0.0000e+00 | lock=46 slip=0 BER_cond=0.0000e+00 BER_cum=0.0000e+00
CSV,690008,138000,46,46,0,23506,0,0.000000e+00,0.000000e+00,12121.5,30189794.0,18271.9,32.18,33.96
BER: SYNC #47 (gated)
CSV,695008,139000,47,46,0,23662,0,0.000000e+00,0.000000e+00,11751.3,27305448.0,17068.6,32.04,33.66
CSV,700008,140000,47,46,0,23862,0,0.000000e+00,0.000000e+00,11409.2,30252768.0,17694.5,32.33,34.24
BER: END_SEQ #47 [LOCK] seq_err=0 BER_seq=0.0000e+00 | lock=47 slip=0 BER_cond=0.0000e+00 BER_cum=0.0000e+00
CSV,705008,141000,47,47,0,24017,0,0.000000e+00,0.000000e+00,12115.0,30099586.0,17478.9,32.36,33.95
BER: SYNC #48 (gated)
CSV,710008,142000,48,47,0,24185,0,0.000000e+00,0.000000e+00,11618.3,26596862.0,17701.4,31.77,33.60
CSV,715008,143000,48,47,0,24385,0,0.000000e+00,0.000000e+00,12164.5,30479286.0,18315.6,32.21,33.99
BER: END_SEQ #48 [LOCK] seq_err=0 BER_seq=0.0000e+00 | lock=48 slip=0 BER_cond=0.0000e+00 BER_cum=0.0000e+00
CSV,720008,144000,48,48,0,24528,0,0.000000e+00,0.000000e+00,12636.9,29618352.0,17847.1,32.20,33.70
BER: SYNC #49 (gated)
CSV,725008,145000,49,48,0,24708,0,0.000000e+00,0.000000e+00,12588.1,28048948.0,17670.6,32.01,33.48
CSV,730008,146000,49,48,0,24907,0,0.000000e+00,0.000000e+00,12279.2,29786534.0,17579.9,32.29,33.85
BER: END_SEQ #49 [LOCK] seq_err=0 BER_seq=0.0000e+00 | lock=49 slip=0 BER_cond=0.0000e+00 BER_cum=0.0000e+00
CSV,735008,147000,49,49,0,25039,0,0.000000e+00,0.000000e+00,12201.4,30876518.0,17189.6,32.54,34.03
BER: SYNC #50 (gated)
CSV,740008,148000,50,49,0,25230,0,0.000000e+00,0.000000e+00,11320.8,25836662.0,19254.1,31.28,33.58
CSV,745008,149000,50,49,0,25430,0,0.000000e+00,0.000000e+00,11632.5,30039954.0,18580.9,32.09,34.12
BER: END_SEQ #50 [LOCK] seq_err=0 BER_seq=0.0000e+00 | lock=50 slip=0 BER_cond=0.0000e+00 BER_cum=0.0000e+00
BER: SYNC #51 (gated)
CSV,750008,150000,51,50,0,25553,0,0.000000e+00,0.000000e+00,11832.1,30375158.0,16911.0,32.54,34.09
CSV,755008,151000,51,50,0,25753,0,0.000000e+00,0.000000e+00,11475.3,26948948.0,18951.9,31.53,33.71
CSV,760008,152000,51,50,0,25953,0,0.000000e+00,0.000000e+00,12139.2,30024790.0,17600.4,32.32,33.93
BER: END_SEQ #51 [LOCK] seq_err=0 BER_seq=0.0000e+00 | lock=51 slip=0 BER_cond=0.0000e+00 BER_cum=0.0000e+00
BER: SYNC #52 (gated)
CSV,765008,153000,52,51,0,26076,0,0.000000e+00,0.000000e+00,13106.1,31890058.0,18872.7,32.28,33.86
CSV,770008,154000,52,51,0,26276,0,0.000000e+00,0.000000e+00,12694.4,26064352.0,17716.3,31.68,33.12
CSV,775008,155000,52,51,0,26476,0,0.000000e+00,0.000000e+00,12371.1,30023814.0,18034.0,32.21,33.85
BER: END_SEQ #52 [LOCK] seq_err=0 BER_seq=0.0000e+00 | lock=52 slip=0 BER_cond=0.0000e+00 BER_cum=0.0000e+00
BER: SYNC #53 (gated)
CSV,780008,156000,53,52,0,26599,0,0.000000e+00,0.000000e+00,12944.4,31313570.0,17707.7,32.48,33.84
CSV,785008,157000,53,52,0,26798,0,0.000000e+00,0.000000e+00,11705.2,26307532.0,18562.0,31.51,33.52
CSV,790008,158000,53,52,0,26998,0,0.000000e+00,0.000000e+00,12043.5,29951192.0,16729.4,32.53,33.96
BER: END_SEQ #53 [LOCK] seq_err=0 BER_seq=0.0000e+00 | lock=53 slip=0 BER_cond=0.0000e+00 BER_cum=0.0000e+00
BER: SYNC #54 (gated)
CSV,795008,159000,54,53,0,27121,0,0.000000e+00,0.000000e+00,11823.0,30174800.0,16681.4,32.57,34.07
CSV,800008,160000,54,53,0,27321,0,0.000000e+00,0.000000e+00,11574.0,27736446.0,18161.2,31.84,33.80
CSV,805008,161000,54,53,0,27521,0,0.000000e+00,0.000000e+00,11660.3,29590566.0,17916.5,32.18,34.04
BER: END_SEQ #54 [LOCK] seq_err=0 BER_seq=0.0000e+00 | lock=54 slip=0 BER_cond=0.0000e+00 BER_cum=0.0000e+00
BER: SYNC #55 (gated)
CSV,810008,162000,55,54,0,27644,0,0.000000e+00,0.000000e+00,12077.5,30411914.0,16840.3,32.57,34.01
CSV,815008,163000,55,54,0,27844,0,0.000000e+00,0.000000e+00,11153.4,27254482.0,16671.8,32.13,33.88
CSV,820008,164000,55,54,0,28044,0,0.000000e+00,0.000000e+00,11055.2,30043874.0,17314.8,32.39,34.34
BER: END_SEQ #55 [LOCK] seq_err=0 BER_seq=0.0000e+00 | lock=55 slip=0 BER_cond=0.0000e+00 BER_cum=0.0000e+00
BER: SYNC #56 (gated)
CSV,825008,165000,56,55,0,28167,0,0.000000e+00,0.000000e+00,10753.8,30233108.0,17829.0,32.29,34.49
CSV,830008,166000,56,55,0,28366,0,0.000000e+00,0.000000e+00,10283.1,26428332.0,19309.4,31.36,34.10
CSV,835008,167000,56,55,0,28567,0,0.000000e+00,0.000000e+00,10938.2,29837652.0,18676.9,32.03,34.36
BER: END_SEQ #56 [LOCK] seq_err=0 BER_seq=0.0000e+00 | lock=56 slip=0 BER_cond=0.0000e+00 BER_cum=0.0000e+00
BER: SYNC #57 (gated)
CSV,840008,168000,57,56,0,28689,0,0.000000e+00,0.000000e+00,10241.4,31973164.0,17908.5,32.52,34.94
CSV,845008,169000,57,56,0,28889,0,0.000000e+00,0.000000e+00,10914.8,25297984.0,17373.6,31.63,33.65
CSV,850008,170000,57,56,0,29089,0,0.000000e+00,0.000000e+00,10652.2,31125762.0,17208.3,32.57,34.66
BER: END_SEQ #57 [LOCK] seq_err=0 BER_seq=0.0000e+00 | lock=57 slip=0 BER_cond=0.0000e+00 BER_cum=0.0000e+00
BER: SYNC #58 (gated)
CSV,855008,171000,58,57,0,29212,0,0.000000e+00,0.000000e+00,10816.2,30207340.0,18712.9,32.08,34.46
CSV,860008,172000,58,57,0,29412,0,0.000000e+00,0.000000e+00,11314.6,27065396.0,17004.0,32.02,33.79
CSV,865008,173000,58,57,0,29612,0,0.000000e+00,0.000000e+00,11387.0,30127866.0,17085.7,32.46,34.23
BER: END_SEQ #58 [LOCK] seq_err=0 BER_seq=0.0000e+00 | lock=58 slip=0 BER_cond=0.0000e+00 BER_cum=0.0000e+00
BER: SYNC #59 (gated)
CSV,870008,174000,59,58,0,29735,0,0.000000e+00,0.000000e+00,10967.3,31407640.0,18550.8,32.29,34.57
CSV,875008,175000,59,58,0,29935,0,0.000000e+00,0.000000e+00,10600.2,26120192.0,17572.9,31.72,33.92
CSV,880008,176000,59,58,0,30135,0,0.000000e+00,0.000000e+00,10522.6,30971298.0,18142.3,32.32,34.69
BER: END_SEQ #59 [LOCK] seq_err=0 BER_seq=0.0000e+00 | lock=59 slip=0 BER_cond=0.0000e+00 BER_cum=0.0000e+00
BER: SYNC #60 (gated)
CSV,885008,177000,60,59,0,30258,0,0.000000e+00,0.000000e+00,9935.5,30115290.0,16983.9,32.49,34.82
CSV,890008,178000,60,59,0,30457,0,0.000000e+00,0.000000e+00,10497.9,27003860.0,16472.9,32.15,34.10
CSV,895008,179000,60,59,0,30657,0,0.000000e+00,0.000000e+00,11723.2,30662640.0,17446.4,32.45,34.18
BER: END_SEQ #60 [LOCK] seq_err=0 BER_seq=0.0000e+00 | lock=60 slip=0 BER_cond=0.0000e+00 BER_cum=0.0000e+00
BER: SYNC #61 (gated)
CSV,900008,180000,61,60,0,30780,0,0.000000e+00,0.000000e+00,11485.8,29622404.0,18041.0,32.15,34.11
CSV,905008,181000,61,60,0,30980,0,0.000000e+00,0.000000e+00,11289.9,27351590.0,18014.2,31.81,33.84
BER: END_SEQ #61 [LOCK] seq_err=0 BER_seq=0.0000e+00 | lock=61 slip=0 BER_cond=0.0000e+00 BER_cum=0.0000e+00
CSV,910008,182000,61,61,0,31171,0,0.000000e+00,0.000000e+00,10989.4,31322406.0,16933.7,32.67,34.55
BER: SYNC #62 (gated)
CSV,915008,183000,62,61,0,31303,0,0.000000e+00,0.000000e+00,11020.0,27502922.0,16784.3,32.14,33.97
CSV,920008,184000,62,61,0,31503,0,0.000000e+00,0.000000e+00,10473.0,29897106.0,18201.3,32.16,34.56
BER: END_SEQ #62 [LOCK] seq_err=0 BER_seq=0.0000e+00 | lock=62 slip=0 BER_cond=0.0000e+00 BER_cum=0.0000e+00
CSV,925008,185000,62,62,0,31682,0,0.000000e+00,0.000000e+00,11345.3,29832346.0,18842.8,32.00,34.20
BER: SYNC #63 (gated)
CSV,930008,186000,63,62,0,31826,0,0.000000e+00,0.000000e+00,11438.8,27253732.0,16669.7,32.13,33.77
CSV,935008,187000,63,62,0,32025,0,0.000000e+00,0.000000e+00,11559.9,29760872.0,17025.0,32.43,34.11
BER: END_SEQ #63 [LOCK] seq_err=0 BER_seq=0.0000e+00 | lock=63 slip=0 BER_cond=0.0000e+00 BER_cum=0.0000e+00
CSV,940008,188000,63,63,0,32193,0,0.000000e+00,0.000000e+00,12071.9,31051112.0,16612.9,32.72,34.10
BER: SYNC #64 (gated)
CSV,945008,189000,64,63,0,32348,0,0.000000e+00,0.000000e+00,11895.9,27033952.0,18201.3,31.72,33.57
CSV,950008,190000,64,63,0,32548,0,0.000000e+00,0.000000e+00,12026.3,30726972.0,16886.1,32.60,34.07
BER: END_SEQ #64 [LOCK] seq_err=0 BER_seq=0.0000e+00 | lock=64 slip=0 BER_cond=0.0000e+00 BER_cum=0.0000e+00
CSV,955008,191000,64,64,0,32704,0,0.000000e+00,0.000000e+00,12363.0,29850234.0,19148.7,31.93,33.83
BER: SYNC #65 (gated)
CSV,960008,192000,65,64,0,32871,0,0.000000e+00,0.000000e+00,12528.9,26930970.0,17037.7,31.99,33.32
CSV,965008,193000,65,64,0,33071,0,0.000000e+00,0.000000e+00,12461.2,30490164.0,16700.3,32.61,33.89
BER: END_SEQ #65 [LOCK] seq_err=0 BER_seq=0.0000e+00 | lock=65 slip=0 BER_cond=0.0000e+00 BER_cum=0.0000e+00
CSV,970008,194000,65,65,0,33215,0,0.000000e+00,0.000000e+00,12526.6,30332680.0,17345.3,32.43,33.84
BER: SYNC #66 (gated)
CSV,975008,195000,66,65,0,33394,0,0.000000e+00,0.000000e+00,12045.9,27669218.0,17933.3,31.88,33.61
CSV,980008,196000,66,65,0,33594,0,0.000000e+00,0.000000e+00,10976.7,30257400.0,17041.6,32.49,34.40
BER: END_SEQ #66 [LOCK] seq_err=0 BER_seq=0.0000e+00 | lock=66 slip=0 BER_cond=0.0000e+00 BER_cum=0.0000e+00
CSV,985008,197000,66,66,0,33726,0,0.000000e+00,0.000000e+00,11673.2,30504356.0,16714.0,32.61,34.17
BER: SYNC #67 (gated)
CSV,990008,198000,67,66,0,33916,0,0.000000e+00,0.000000e+00,11315.9,26473364.0,17007.6,31.92,33.69
CSV,995008,199000,67,66,0,34116,0,0.000000e+00,0.000000e+00,11329.5,30349266.0,18073.4,32.25,34.28
BER: END_SEQ #67 [LOCK] seq_err=0 BER_seq=0.0000e+00 | lock=67 slip=0 BER_cond=0.0000e+00 BER_cum=0.0000e+00
BER: SYNC #68 (gated)
CSV,1000008,200000,68,67,0,34239,0,0.000000e+00,0.000000e+00,11444.2,30634962.0,18217.2,32.26,34.28
CSV,1005008,201000,68,67,0,34439,0,0.000000e+00,0.000000e+00,11693.8,27071964.0,18051.9,31.76,33.65
CSV,1010008,202000,68,67,0,34639,0,0.000000e+00,0.000000e+00,11716.9,30128928.0,17858.1,32.27,34.10
BER: END_SEQ #68 [LOCK] seq_err=0 BER_seq=0.0000e+00 | lock=68 slip=0 BER_cond=0.0000e+00 BER_cum=0.0000e+00
BER: SYNC #69 (gated)
CSV,1015008,203000,69,68,0,34762,0,0.000000e+00,0.000000e+00,12030.7,31970660.0,18350.9,32.41,34.24
CSV,1020008,204000,69,68,0,34962,0,0.000000e+00,0.000000e+00,12183.8,26226232.0,18501.0,31.52,33.33
CSV,1025008,205000,69,68,0,35162,0,0.000000e+00,0.000000e+00,11973.3,30224078.0,17712.0,32.32,34.02
BER: END_SEQ #69 [LOCK] seq_err=0 BER_seq=0.0000e+00 | lock=69 slip=0 BER_cond=0.0000e+00 BER_cum=0.0000e+00
BER: SYNC #70 (gated)
CSV,1030008,206000,70,69,0,35285,0,0.000000e+00,0.000000e+00,13022.1,30931490.0,17974.2,32.36,33.76
CSV,1035008,207000,70,69,0,35484,0,0.000000e+00,0.000000e+00,12839.2,26757138.0,17751.9,31.78,33.19
CSV,1040008,208000,70,69,0,35684,0,0.000000e+00,0.000000e+00,12977.5,29797904.0,18250.3,32.13,33.61
BER: END_SEQ #70 [LOCK] seq_err=0 BER_seq=0.0000e+00 | lock=70 slip=0 BER_cond=0.0000e+00 BER_cum=0.0000e+00
BER: SYNC #71 (gated)
CSV,1045008,209000,71,70,0,35807,0,0.000000e+00,0.000000e+00,12560.9,30948028.0,17319.8,32.52,33.92
CSV,1050008,210000,71,70,0,36007,0,0.000000e+00,0.000000e+00,12628.4,27343484.0,18172.5,31.77,33.36
CSV,1055008,211000,71,70,0,36207,0,0.000000e+00,0.000000e+00,12182.6,30273602.0,16708.5,32.58,33.95
BER: END_SEQ #71 [LOCK] seq_err=0 BER_seq=0.0000e+00 | lock=71 slip=0 BER_cond=0.0000e+00 BER_cum=0.0000e+00
BER: SYNC #72 (gated)
CSV,1060008,212000,72,71,0,36330,0,0.000000e+00,0.000000e+00,12286.0,30170482.0,18687.7,32.08,33.90
CSV,1065008,213000,72,71,0,36530,0,0.000000e+00,0.000000e+00,12810.0,27737752.0,17488.2,32.00,33.36
CSV,1070008,214000,72,71,0,36730,0,0.000000e+00,0.000000e+00,12017.8,29573106.0,17769.6,32.21,33.91
BER: END_SEQ #72 [LOCK] seq_err=0 BER_seq=0.0000e+00 | lock=72 slip=0 BER_cond=0.0000e+00 BER_cum=0.0000e+00
BER: SYNC #73 (gated)
CSV,1075008,215000,73,72,0,36853,0,0.000000e+00,0.000000e+00,12050.4,31085566.0,17213.4,32.57,34.12
CSV,1080008,216000,73,72,0,37053,0,0.000000e+00,0.000000e+00,11593.7,26363230.0,17982.0,31.66,33.57
CSV,1085008,217000,73,72,0,37253,0,0.000000e+00,0.000000e+00,12050.5,30359110.0,18646.7,32.12,34.01
BER: END_SEQ #73 [LOCK] seq_err=0 BER_seq=0.0000e+00 | lock=73 slip=0 BER_cond=0.0000e+00 BER_cum=0.0000e+00
BER: SYNC #74 (gated)
CSV,1090008,218000,74,73,0,37375,0,0.000000e+00,0.000000e+00,12175.3,31864772.0,18381.9,32.39,34.18
CSV,1095008,219000,74,73,0,37575,0,0.000000e+00,0.000000e+00,12154.7,25789666.0,17775.9,31.62,33.27
CSV,1100008,220000,74,73,0,37775,0,0.000000e+00,0.000000e+00,11970.9,30589670.0,17466.3,32.43,34.07
BER: END_SEQ #74 [LOCK] seq_err=0 BER_seq=0.0000e+00 | lock=74 slip=0 BER_cond=0.0000e+00 BER_cum=0.0000e+00
BER: SYNC #75 (gated)
CSV,1105008,221000,75,74,0,37898,0,0.000000e+00,0.000000e+00,11451.8,31138022.0,17110.3,32.60,34.34
CSV,1110008,222000,75,74,0,38098,0,0.000000e+00,0.000000e+00,11610.9,26417104.0,16744.1,31.98,33.57
CSV,1115008,223000,75,74,0,38298,0,0.000000e+00,0.000000e+00,12524.0,30713518.0,18546.9,32.19,33.90
BER: END_SEQ #75 [LOCK] seq_err=0 BER_seq=0.0000e+00 | lock=75 slip=0 BER_cond=0.0000e+00 BER_cum=0.0000e+00
BER: SYNC #76 (gated)
CSV,1120008,224000,76,75,0,38421,0,0.000000e+00,0.000000e+00,12264.7,30905242.0,17986.7,32.35,34.01
CSV,1125008,225000,76,75,0,38621,0,0.000000e+00,0.000000e+00,12694.2,26673960.0,17445.1,31.84,33.22
CSV,1130008,226000,76,75,0,38821,0,0.000000e+00,0.000000e+00,12781.7,30751402.0,16989.7,32.58,33.81
BER: END_SEQ #76 [LOCK] seq_err=0 BER_seq=0.0000e+00 | lock=76 slip=0 BER_cond=0.0000e+00 BER_cum=0.0000e+00
BER: SYNC #77 (gated)
CSV,1135008,227000,77,76,0,38944,0,0.000000e+00,0.000000e+00,12397.4,30388428.0,17890.9,32.30,33.89
CSV,1140008,228000,77,76,0,39144,0,0.000000e+00,0.000000e+00,12326.5,27197816.0,17469.5,31.92,33.44
CSV,1145008,229000,77,76,0,39343,0,0.000000e+00,0.000000e+00,12613.5,30714444.0,16799.7,32.62,33.87
BER: END_SEQ #77 [LOCK] seq_err=0 BER_seq=0.0000e+00 | lock=77 slip=0 BER_cond=0.0000e+00 BER_cum=0.0000e+00
BER: SYNC #78 (gated)
CSV,1150008,230000,78,77,0,39466,0,0.000000e+00,0.000000e+00,13673.8,29968724.0,16670.7,32.55,33.41
CSV,1155008,231000,78,77,0,39666,0,0.000000e+00,0.000000e+00,13720.2,27561728.0,18077.4,31.83,33.03
BER: END_SEQ #78 [LOCK] seq_err=0 BER_seq=0.0000e+00 | lock=78 slip=0 BER_cond=0.0000e+00 BER_cum=0.0000e+00
CSV,1160008,232000,78,78,0,39858,0,0.000000e+00,0.000000e+00,12882.6,31225702.0,17741.2,32.46,33.85
BER: SYNC #79 (gated)
CSV,1165008,233000,79,78,0,39989,0,0.000000e+00,0.000000e+00,12501.7,27572688.0,18295.5,31.78,33.44
CSV,1170008,234000,79,78,0,40189,0,0.000000e+00,0.000000e+00,12998.3,29733730.0,18024.0,32.17,33.59
BER: END_SEQ #79 [LOCK] seq_err=0 BER_seq=0.0000e+00 | lock=79 slip=0 BER_cond=0.0000e+00 BER_cum=0.0000e+00
CSV,1175008,235000,79,79,0,40369,0,0.000000e+00,0.000000e+00,12167.7,30077200.0,16623.8,32.58,33.93
BER: SYNC #80 (gated)
CSV,1180008,236000,80,79,0,40512,0,0.000000e+00,0.000000e+00,12649.0,27589960.0,16671.8,32.19,33.39
CSV,1185008,237000,80,79,0,40712,0,0.000000e+00,0.000000e+00,13307.6,29544014.0,17731.4,32.22,33.46
BER: END_SEQ #80 [LOCK] seq_err=0 BER_seq=0.0000e+00 | lock=80 slip=0 BER_cond=0.0000e+00 BER_cum=0.0000e+00
CSV,1190008,238000,80,80,0,40880,0,0.000000e+00,0.000000e+00,13052.2,31305378.0,17498.7,32.53,33.80
BER: SYNC #81 (gated)
CSV,1195008,239000,81,80,0,41035,0,0.000000e+00,0.000000e+00,12635.9,26831462.0,17699.1,31.81,33.27
CSV,1200008,240000,81,80,0,41234,0,0.000000e+00,0.000000e+00,12582.5,30983644.0,16414.7,32.76,33.91
BER: END_SEQ #81 [LOCK] seq_err=0 BER_seq=0.0000e+00 | lock=81 slip=0 BER_cond=0.0000e+00 BER_cum=0.0000e+00
CSV,1205008,241000,81,81,0,41391,0,0.000000e+00,0.000000e+00,13212.5,29786442.0,17776.3,32.24,33.53
BER: SYNC #82 (gated)
CSV,1210008,242000,82,81,0,41557,0,0.000000e+00,0.000000e+00,13095.6,27615870.0,17568.9,31.96,33.24
CSV,1215008,243000,82,81,0,41757,0,0.000000e+00,0.000000e+00,13454.7,30185192.0,17853.0,32.28,33.51
BER: END_SEQ #82 [LOCK] seq_err=0 BER_seq=0.0000e+00 | lock=82 slip=0 BER_cond=0.0000e+00 BER_cum=0.0000e+00
CSV,1220008,244000,82,82,0,41902,0,0.000000e+00,0.000000e+00,13276.6,30918586.0,18242.7,32.29,33.67
BER: SYNC #83 (gated)
CSV,1225008,245000,83,82,0,42080,0,0.000000e+00,0.000000e+00,13676.1,27445010.0,16911.1,32.10,33.03
CSV,1230008,246000,83,82,0,42280,0,0.000000e+00,0.000000e+00,13708.4,30862684.0,17145.4,32.55,33.52
BER: END_SEQ #83 [LOCK] seq_err=0 BER_seq=0.0000e+00 | lock=83 slip=0 BER_cond=0.0000e+00 BER_cum=0.0000e+00
CSV,1235008,247000,83,83,0,42413,0,0.000000e+00,0.000000e+00,13109.3,30111504.0,17400.4,32.38,33.61
BER: SYNC #84 (gated)
CSV,1240008,248000,84,83,0,42603,0,0.000000e+00,0.000000e+00,13146.4,27378676.0,17572.3,31.93,33.19
CSV,1245008,249000,84,83,0,42803,0,0.000000e+00,0.000000e+00,13128.1,29856570.0,17281.7,32.37,33.57
BER: END_SEQ #84 [LOCK] seq_err=0 BER_seq=0.0000e+00 | lock=84 slip=0 BER_cond=0.0000e+00 BER_cum=0.0000e+00
BER: SYNC #85 (gated)
CSV,1250008,250000,85,84,0,42925,0,0.000000e+00,0.000000e+00,12487.9,31550988.0,17525.9,32.55,34.03
CSV,1255008,251000,85,84,0,43125,0,0.000000e+00,0.000000e+00,12382.0,26537060.0,17962.8,31.69,33.31
CSV,1260008,252000,85,84,0,43325,0,0.000000e+00,0.000000e+00,13746.0,30598738.0,17390.0,32.45,33.48
BER: END_SEQ #85 [LOCK] seq_err=0 BER_seq=0.0000e+00 | lock=85 slip=0 BER_cond=0.0000e+00 BER_cum=0.0000e+00
BER: SYNC #86 (gated)
CSV,1265008,253000,86,85,0,43448,0,0.000000e+00,0.000000e+00,13093.8,31380022.0,17162.2,32.62,33.80
CSV,1270008,254000,86,85,0,43648,0,0.000000e+00,0.000000e+00,12197.3,27072036.0,18558.8,31.64,33.46
CSV,1275008,255000,86,85,0,43848,0,0.000000e+00,0.000000e+00,12807.6,30147458.0,16633.1,32.58,33.72
BER: END_SEQ #86 [LOCK] seq_err=0 BER_seq=0.0000e+00 | lock=86 slip=0 BER_cond=0.0000e+00 BER_cum=0.0000e+00
BER: SYNC #87 (gated)
CSV,1280008,256000,87,86,0,43971,0,0.000000e+00,0.000000e+00,13585.1,31244324.0,17234.2,32.58,33.62
CSV,1285008,257000,87,86,0,44171,0,0.000000e+00,0.000000e+00,12331.7,26829896.0,18381.2,31.64,33.38
CSV,1290008,258000,87,86,0,44371,0,0.000000e+00,0.000000e+00,12536.4,30517770.0,17244.8,32.48,33.86
BER: END_SEQ #87 [LOCK] seq_err=0 BER_seq=0.0000e+00 | lock=87 slip=0 BER_cond=0.0000e+00 BER_cum=0.0000e+00
BER: SYNC #88 (gated)
CSV,1295008,259000,88,87,0,44493,0,0.000000e+00,0.000000e+00,13132.1,30638836.0,18330.4,32.23,33.68
CSV,1300008,260000,88,87,0,44693,0,0.000000e+00,0.000000e+00,13123.6,27682362.0,17205.5,32.07,33.24
CSV,1305008,261000,88,87,0,44893,0,0.000000e+00,0.000000e+00,13540.9,30422658.0,17869.0,32.31,33.52
BER: END_SEQ #88 [LOCK] seq_err=0 BER_seq=0.0000e+00 | lock=88 slip=0 BER_cond=0.0000e+00 BER_cum=0.0000e+00
BER: SYNC #89 (gated)
CSV,1310008,262000,89,88,0,45016,0,0.000000e+00,0.000000e+00,14080.8,30446546.0,17690.6,32.36,33.35
CSV,1315008,263000,89,88,0,45216,0,0.000000e+00,0.000000e+00,14374.2,27893116.0,17764.0,31.96,32.88
CSV,1320008,264000,89,88,0,45416,0,0.000000e+00,0.000000e+00,15188.3,30027026.0,16850.8,32.51,32.96
BER: END_SEQ #89 [LOCK] seq_err=0 BER_seq=0.0000e+00 | lock=89 slip=0 BER_cond=0.0000e+00 BER_cum=0.0000e+00
BER: SYNC #90 (gated)
CSV,1325008,265000,90,89,0,45539,0,0.000000e+00,0.000000e+00,15406.9,31102418.0,17521.1,32.49,33.05
CSV,1330008,266000,90,89,0,45739,0,0.000000e+00,0.000000e+00,13109.8,26786620.0,16462.9,32.11,33.10
CSV,1335008,267000,90,89,0,45939,0,0.000000e+00,0.000000e+00,13510.9,30769968.0,17126.5,32.54,33.57
BER: END_SEQ #90 [LOCK] seq_err=0 BER_seq=0.0000e+00 | lock=90 slip=0 BER_cond=0.0000e+00 BER_cum=0.0000e+00
BER: SYNC #91 (gated)
CSV,1340008,268000,91,90,0,46062,0,0.000000e+00,0.000000e+00,14105.7,31856700.0,17226.8,32.67,33.54
CSV,1345008,269000,91,90,0,46261,0,0.000000e+00,0.000000e+00,13567.8,26196398.0,17079.3,31.86,32.86
CSV,1350008,270000,91,90,0,46462,0,0.000000e+00,0.000000e+00,13907.3,30404962.0,17689.0,32.35,33.40
BER: END_SEQ #91 [LOCK] seq_err=0 BER_seq=0.0000e+00 | lock=91 slip=0 BER_cond=0.0000e+00 BER_cum=0.0000e+00
BER: SYNC #92 (gated)
CSV,1355008,271000,92,91,0,46584,0,0.000000e+00,0.000000e+00,12540.3,32161024.0,16764.6,32.83,34.09
CSV,1360008,272000,92,91,0,46784,0,0.000000e+00,0.000000e+00,13263.5,26019212.0,17771.9,31.66,32.93
CSV,1365008,273000,92,91,0,46984,0,0.000000e+00,0.000000e+00,12917.5,31548758.0,17519.5,32.55,33.88
BER: END_SEQ #92 [LOCK] seq_err=0 BER_seq=0.0000e+00 | lock=92 slip=0 BER_cond=0.0000e+00 BER_cum=0.0000e+00
BER: SYNC #93 (gated)
CSV,1370008,274000,93,92,0,47107,0,0.000000e+00,0.000000e+00,11772.9,30575790.0,17373.2,32.45,34.14
CSV,1375008,275000,93,92,0,47307,0,0.000000e+00,0.000000e+00,12173.9,27285386.0,17700.9,31.88,33.51
CSV,1380008,276000,93,92,0,47507,0,0.000000e+00,0.000000e+00,12685.1,30450340.0,16097.8,32.77,33.80
BER: END_SEQ #93 [LOCK] seq_err=0 BER_seq=0.0000e+00 | lock=93 slip=0 BER_cond=0.0000e+00 BER_cum=0.0000e+00
BER: SYNC #94 (gated)
CSV,1385008,277000,94,93,0,47630,0,0.000000e+00,0.000000e+00,12370.6,31564140.0,16595.0,32.79,34.07
CSV,1390008,278000,94,93,0,47830,0,0.000000e+00,0.000000e+00,12064.7,26541554.0,16765.8,32.00,33.42
CSV,1395008,279000,94,93,0,48030,0,0.000000e+00,0.000000e+00,11814.7,31549662.0,17697.4,32.51,34.27
BER: END_SEQ #94 [LOCK] seq_err=0 BER_seq=0.0000e+00 | lock=94 slip=0 BER_cond=0.0000e+00 BER_cum=0.0000e+00
BER: SYNC #95 (gated)
CSV,1400008,280000,95,94,0,48152,0,0.000000e+00,0.000000e+00,12388.1,29802674.0,17566.8,32.30,33.81
CSV,1405008,281000,95,94,0,48352,0,0.000000e+00,0.000000e+00,12179.7,28115968.0,17049.6,32.17,33.63
BER: END_SEQ #95 [LOCK] seq_err=0 BER_seq=0.0000e+00 | lock=95 slip=0 BER_cond=0.0000e+00 BER_cum=0.0000e+00
CSV,1410008,282000,95,95,0,48545,0,0.000000e+00,0.000000e+00,11681.0,31372988.0,16880.7,32.69,34.29
BER: SYNC #96 (gated)
CSV,1415008,283000,96,95,0,48675,0,0.000000e+00,0.000000e+00,12926.2,28427380.0,15537.5,32.62,33.42
CSV,1420008,284000,96,95,0,48875,0,0.000000e+00,0.000000e+00,12829.4,29493124.0,16900.0,32.42,33.62
BER: END_SEQ #96 [LOCK] seq_err=0 BER_seq=0.0000e+00 | lock=96 slip=0 BER_cond=0.0000e+00 BER_cum=0.0000e+00
CSV,1425008,285000,96,96,0,49056,0,0.000000e+00,0.000000e+00,12271.8,30917834.0,16849.8,32.64,34.01
BER: SYNC #97 (gated)
CSV,1430008,286000,97,96,0,49198,0,0.000000e+00,0.000000e+00,13468.0,27696882.0,16752.5,32.18,33.13
CSV,1435008,287000,97,96,0,49398,0,0.000000e+00,0.000000e+00,12556.2,30185108.0,16435.5,32.64,33.81
BER: END_SEQ #97 [LOCK] seq_err=0 BER_seq=0.0000e+00 | lock=97 slip=0 BER_cond=0.0000e+00 BER_cum=0.0000e+00
CSV,1440008,288000,97,97,0,49567,0,0.000000e+00,0.000000e+00,12549.5,31238310.0,16992.9,32.64,33.96
BER: SYNC #98 (gated)
CSV,1445008,289000,98,97,0,49721,0,0.000000e+00,0.000000e+00,12864.2,27362638.0,17237.6,32.01,33.28
CSV,1450008,290000,98,97,0,49920,0,0.000000e+00,0.000000e+00,12765.1,31131588.0,17178.5,32.58,33.87
BER: END_SEQ #98 [LOCK] seq_err=0 BER_seq=0.0000e+00 | lock=98 slip=0 BER_cond=0.0000e+00 BER_cum=0.0000e+00
CSV,1455008,291000,98,98,0,50078,0,0.000000e+00,0.000000e+00,12176.9,30547362.0,16488.7,32.68,33.99
BER: SYNC #99 (gated)
CSV,1460008,292000,99,98,0,50243,0,0.000000e+00,0.000000e+00,11618.9,27681654.0,16430.6,32.27,33.77
CSV,1465008,293000,99,98,0,50443,0,0.000000e+00,0.000000e+00,11630.8,30615592.0,15189.9,33.04,34.20
BER: END_SEQ #99 [LOCK] seq_err=0 BER_seq=0.0000e+00 | lock=99 slip=0 BER_cond=0.0000e+00 BER_cum=0.0000e+00
CSV,1470008,294000,99,99,0,50589,0,0.000000e+00,0.000000e+00,12727.3,30878554.0,17015.9,32.59,33.85
BER: SYNC #100 (gated)
CSV,1475008,295000,100,99,0,50766,0,0.000000e+00,0.000000e+00,13602.0,27667758.0,17510.0,31.99,33.08
CSV,1480008,296000,100,99,0,50966,0,0.000000e+00,0.000000e+00,13233.9,31249746.0,17421.4,32.54,33.73
BER: END_SEQ #100 [LOCK] seq_err=0 BER_seq=0.0000e+00 | lock=100 slip=0 BER_cond=0.0000e+00 BER_cum=0.0000e+00
CSV,1485008,297000,100,100,0,51100,0,0.000000e+00,0.000000e+00,12943.8,30183484.0,16993.9,32.49,33.68
BER: SYNC #101 (gated)
CSV,1490008,298000,101,100,0,51289,0,0.000000e+00,0.000000e+00,12712.7,27826422.0,16828.1,32.18,33.40
CSV,1495008,299000,101,100,0,51489,0,0.000000e+00,0.000000e+00,12849.9,30053866.0,16121.0,32.71,33.69
BER: END_SEQ #101 [LOCK] seq_err=0 BER_seq=0.0000e+00 | lock=101 slip=0 BER_cond=0.0000e+00 BER_cum=0.0000e+00
BER: SYNC #102 (gated)
CSV,1500008,300000,102,101,0,51611,0,0.000000e+00,0.000000e+00,13731.2,32071090.0,17796.7,32.56,33.68
CSV,1505008,301000,102,101,0,51811,0,0.000000e+00,0.000000e+00,12653.5,26447788.0,18032.0,31.66,33.20
CSV,1510008,302000,102,101,0,52011,0,0.000000e+00,0.000000e+00,14012.3,31486154.0,16054.5,32.93,33.52
BER: END_SEQ #102 [LOCK] seq_err=0 BER_seq=0.0000e+00 | lock=102 slip=0 BER_cond=0.0000e+00 BER_cum=0.0000e+00

=========================================
=== END OF TEST (duration=25 min) ===
=========================================
FINAL: syncs=102 lock=102 slip=0 slip_rate=0.0000
FINAL: bits_cum=52122 err_cum=0 BER_cum=0.0000e+00
FINAL: bits_lock=52122 err_lock=0 BER_cond=0.0000e+00
=========================================
=== STOP LOGGING NOW ===
=========================================
