

=== RX BOOT - BER TEST MODE ===
MOD=OOK (20 kHz carrier, adaptive threshold)
BPS_MODE=20 (HALF_SAMPLES=2000, 10000 samples/bit @ 200000 Hz)
Expect: 64-bit preamble + Barker13 (1F35h, gated by 8 preamble bits = 0x55) + 511-bit PRBS-9
Noise floor band: 5000 Hz; lock threshold: BER<0.10
Auto-stop: test will halt 25 min after the first sync.
RX: edge-tracking sync, center-3 voting
Starting decoder...

CSV,5011,500,0,0,0,0,0,0.000000e+00,0.000000e+00,12329.8,4672728.0,41138.0,20.55,25.79
CSV,10011,1000,0,0,0,0,0,0.000000e+00,0.000000e+00,16436.7,3967346.5,35799.5,20.45,23.83
CSV,15011,1500,0,0,0,0,0,0.000000e+00,0.000000e+00,16194.8,4370756.0,29993.3,21.64,24.31
BER: SYNC #1 (gated)
CSV,20011,2000,1,0,0,68,0,0.000000e+00,0.000000e+00,14720.0,4170812.0,29972.6,21.43,24.52
CSV,25011,2500,1,0,0,166,39,2.349398e-01,0.000000e+00,15957.8,2189452.0,36640.7,17.76,21.37
CSV,30011,3000,1,0,0,266,91,3.421053e-01,0.000000e+00,16333.0,3834874.5,31343.6,20.88,23.71
CSV,35011,3500,1,0,0,366,144,3.934426e-01,0.000000e+00,14286.8,3813890.5,31502.8,20.83,24.26
CSV,40011,4000,1,0,0,466,197,4.227468e-01,0.000000e+00,13682.7,3847698.0,29985.4,21.08,24.49
BER: END_SEQ #1 [SLIP] seq_err=215 BER_seq=4.2074e-01 | lock=0 slip=1 BER_cond=0.0000e+00 BER_cum=4.2074e-01
CSV,45011,4500,1,0,1,511,215,4.207436e-01,0.000000e+00,14828.0,4348769.5,30247.7,21.58,24.67
BER: SYNC #2 (gated)
CSV,50011,5000,2,0,1,590,215,3.644068e-01,0.000000e+00,15512.9,4137120.2,35498.1,20.66,24.26
CSV,55011,5500,2,0,1,690,215,3.115942e-01,0.000000e+00,13913.5,3310894.8,29943.2,20.44,23.77
CSV,60011,6000,2,0,1,790,215,2.721519e-01,0.000000e+00,16559.0,3699525.0,35132.5,20.22,23.49
CSV,65011,6500,2,0,1,890,215,2.415730e-01,0.000000e+00,14271.2,4387047.5,31347.9,21.46,24.88
CSV,70011,7000,2,0,1,990,215,2.171717e-01,0.000000e+00,13236.9,3888777.8,30272.4,21.09,24.68
BER: END_SEQ #2 [LOCK] seq_err=0 BER_seq=0.0000e+00 | lock=1 slip=1 BER_cond=0.0000e+00 BER_cum=2.1037e-01
CSV,75011,7500,2,1,1,1022,215,2.103718e-01,0.000000e+00,13778.5,4320082.0,29836.9,21.61,24.96
BER: SYNC #3 (gated)
CSV,80011,8000,3,1,1,1113,215,1.931716e-01,0.000000e+00,13156.1,3069524.2,29406.8,20.19,23.68
CSV,85011,8500,3,1,1,1213,215,1.772465e-01,0.000000e+00,14137.2,1514994.2,32520.6,16.68,20.30
CSV,90011,9000,3,1,1,1313,215,1.637471e-01,0.000000e+00,13693.7,3233386.0,30771.9,20.22,23.73
CSV,95011,9500,3,1,1,1413,215,1.521585e-01,0.000000e+00,15049.0,1541164.2,34030.5,16.56,20.10
CSV,100011,10000,3,1,1,1513,215,1.421018e-01,0.000000e+00,16080.9,1772747.4,36383.7,16.88,20.42
BER: END_SEQ #3 [LOCK] seq_err=0 BER_seq=0.0000e+00 | lock=2 slip=1 BER_cond=0.0000e+00 BER_cum=1.4025e-01
BER: SYNC #4 (gated)
CSV,105011,10500,4,2,1,1536,215,1.399740e-01,0.000000e+00,13006.8,4305500.5,32550.5,21.21,25.20
CSV,110011,11000,4,2,1,1636,215,1.314181e-01,0.000000e+00,14471.3,3981785.8,34039.5,20.68,24.40
CSV,115011,11500,4,2,1,1735,215,1.239193e-01,0.000000e+00,14666.3,3502245.8,32204.6,20.36,23.78
CSV,120011,12000,4,2,1,1835,215,1.171662e-01,0.000000e+00,13608.4,4735079.0,30462.1,21.92,25.42
CSV,125011,12500,4,2,1,1935,215,1.111111e-01,0.000000e+00,15906.5,4822393.5,41560.5,20.65,24.82
CSV,130011,13000,4,2,1,2035,215,1.056511e-01,0.000000e+00,14707.8,4644808.5,27384.9,22.29,24.99
BER: END_SEQ #4 [LOCK] seq_err=0 BER_seq=0.0000e+00 | lock=3 slip=1 BER_cond=0.0000e+00 BER_cum=1.0519e-01
BER: SYNC #5 (gated)
CSV,135011,13500,5,3,1,2058,215,1.044704e-01,0.000000e+00,14176.3,5320613.0,30733.5,22.38,25.74
CSV,140011,14000,5,3,1,2158,215,9.962928e-02,0.000000e+00,14963.2,4410989.0,29281.7,21.78,24.70
CSV,145011,14500,5,3,1,2258,215,9.521700e-02,0.000000e+00,15091.5,3949742.8,33522.2,20.71,24.18
CSV,150011,15000,5,3,1,2358,215,9.117897e-02,0.000000e+00,13477.3,4566406.0,31316.9,21.64,25.30
CSV,155011,15500,5,3,1,2458,215,8.746949e-02,0.000000e+00,14678.1,4990180.0,36580.6,21.35,25.31
BER: END_SEQ #5 [LOCK] seq_err=0 BER_seq=0.0000e+00 | lock=4 slip=1 BER_cond=0.0000e+00 BER_cum=8.4149e-02
CSV,160011,16000,5,4,1,2555,215,8.414873e-02,0.000000e+00,14158.5,4926621.5,34521.0,21.54,25.42
BER: SYNC #6 (gated)
CSV,165011,16500,6,4,1,2581,215,8.330105e-02,0.000000e+00,13692.6,4967147.5,32414.4,21.85,25.60
CSV,170011,17000,6,4,1,2681,215,8.019396e-02,0.000000e+00,11686.6,4052100.0,25452.8,22.02,25.40
CSV,175011,17500,6,4,1,2781,215,7.731032e-02,0.000000e+00,12456.0,4209453.0,29245.7,21.58,25.29
CSV,180011,18000,6,4,1,2881,215,7.462686e-02,0.000000e+00,13416.2,4730982.0,29107.7,22.11,25.47
CSV,185011,18500,6,4,1,2981,215,7.212345e-02,0.000000e+00,12921.2,4720354.5,29693.4,22.01,25.63
BER: END_SEQ #6 [LOCK] seq_err=0 BER_seq=0.0000e+00 | lock=5 slip=1 BER_cond=0.0000e+00 BER_cum=7.0124e-02
CSV,190011,19000,6,5,1,3066,215,7.012394e-02,0.000000e+00,11756.8,5297082.0,29237.1,22.58,26.54
BER: SYNC #7 (gated)
CSV,195011,19500,7,5,1,3104,215,6.926546e-02,0.000000e+00,12239.9,4798821.5,28290.8,22.29,25.93
CSV,200011,20000,7,5,1,3204,215,6.710362e-02,0.000000e+00,12861.8,3872177.2,28860.9,21.28,24.79
CSV,205011,20500,7,5,1,3304,215,6.507264e-02,0.000000e+00,13147.0,4474770.5,31184.7,21.57,25.32
CSV,210011,21000,7,5,1,3404,215,6.316099e-02,0.000000e+00,13930.2,4531150.5,30477.5,21.72,25.12
CSV,215011,21500,7,5,1,3504,215,6.135845e-02,0.000000e+00,14105.4,4649748.0,32904.5,21.50,25.18
BER: END_SEQ #7 [LOCK] seq_err=0 BER_seq=0.0000e+00 | lock=6 slip=1 BER_cond=0.0000e+00 BER_cum=6.0106e-02
CSV,220011,22000,7,6,1,3577,215,6.010623e-02,0.000000e+00,13692.3,4691170.5,29787.7,21.97,25.35
BER: SYNC #8 (gated)
CSV,225011,22500,8,6,1,3626,215,5.929399e-02,0.000000e+00,12978.3,4592657.5,28388.5,22.09,25.49
CSV,230011,23000,8,6,1,3726,215,5.770263e-02,0.000000e+00,13484.8,3728631.2,28006.6,21.24,24.42
CSV,235011,23500,8,6,1,3826,215,5.619446e-02,0.000000e+00,14234.9,4641464.0,31289.3,21.71,25.13
CSV,240011,24000,8,6,1,3926,215,5.476312e-02,0.000000e+00,15059.6,4515427.5,29897.8,21.79,24.77
CSV,245011,24500,8,6,1,4026,215,5.340288e-02,0.000000e+00,13743.7,4546519.0,32235.8,21.49,25.20
BER: END_SEQ #8 [LOCK] seq_err=0 BER_seq=0.0000e+00 | lock=7 slip=1 BER_cond=0.0000e+00 BER_cum=5.2593e-02
CSV,250011,25000,8,7,1,4088,215,5.259296e-02,0.000000e+00,12331.6,4648384.5,33776.6,21.39,25.76
BER: SYNC #9 (gated)
CSV,255011,25500,9,7,1,4149,215,5.181972e-02,0.000000e+00,13071.6,4672209.0,30525.8,21.85,25.53
CSV,260011,26000,9,7,1,4249,215,5.060014e-02,0.000000e+00,12371.9,3608463.5,30171.2,20.78,24.65
CSV,265011,26500,9,7,1,4349,215,4.943665e-02,0.000000e+00,13460.4,4388754.0,35101.6,20.97,25.13
CSV,270011,27000,9,7,1,4449,215,4.832547e-02,0.000000e+00,14085.3,4622514.0,30922.0,21.75,25.16
CSV,275011,27500,9,7,1,4549,215,4.726313e-02,0.000000e+00,14078.4,4361120.5,32346.1,21.30,24.91
BER: END_SEQ #9 [LOCK] seq_err=0 BER_seq=0.0000e+00 | lock=8 slip=1 BER_cond=0.0000e+00 BER_cum=4.6749e-02
CSV,280011,28000,9,8,1,4599,215,4.674929e-02,0.000000e+00,14027.9,4898533.0,27591.3,22.49,25.43
BER: SYNC #10 (gated)
CSV,285011,28500,10,8,1,4672,215,4.601884e-02,0.000000e+00,13043.5,4779192.0,31835.3,21.76,25.64
CSV,290011,29000,10,8,1,4772,215,4.505448e-02,0.000000e+00,13282.5,3534679.0,34754.4,20.07,24.25
CSV,295011,29500,10,8,1,4872,215,4.412972e-02,0.000000e+00,13641.9,4242656.5,29978.6,21.51,24.93
CSV,300011,30000,10,8,1,4972,215,4.324216e-02,0.000000e+00,14297.8,5091330.0,31089.3,22.14,25.52
CSV,305011,30500,10,8,1,5072,215,4.238959e-02,0.000000e+00,13306.3,4197318.5,30430.8,21.40,24.99
BER: END_SEQ #10 [LOCK] seq_err=0 BER_seq=0.0000e+00 | lock=9 slip=1 BER_cond=0.0000e+00 BER_cum=4.2074e-02
CSV,310011,31000,10,9,1,5110,215,4.207436e-02,0.000000e+00,12616.4,4783259.5,30632.7,21.94,25.79
BER: SYNC #11 (gated)
CSV,315011,31500,11,9,1,5195,215,4.138595e-02,0.000000e+00,12627.6,4481428.5,30990.5,21.60,25.50
CSV,320011,32000,11,9,1,5294,215,4.061201e-02,0.000000e+00,13779.0,3779567.2,27652.4,21.36,24.38
CSV,325011,32500,11,9,1,5394,215,3.985910e-02,0.000000e+00,14443.7,4206656.0,29587.8,21.53,24.64
CSV,330011,33000,11,9,1,5494,215,3.913360e-02,0.000000e+00,13928.6,4746540.0,29758.5,22.03,25.32
CSV,335011,33500,11,9,1,5594,215,3.843404e-02,0.000000e+00,11556.7,4460767.5,25250.5,22.47,25.87
BER: END_SEQ #11 [LOCK] seq_err=0 BER_seq=0.0000e+00 | lock=10 slip=1 BER_cond=0.0000e+00 BER_cum=3.8249e-02
CSV,340011,34000,11,10,1,5621,215,3.824942e-02,0.000000e+00,13531.2,4844073.5,29710.4,22.12,25.54
BER: SYNC #12 (gated)
CSV,345011,34500,12,10,1,5717,215,3.760714e-02,0.000000e+00,12377.0,4358952.0,25598.6,22.31,25.47
CSV,350011,35000,12,10,1,5817,215,3.696063e-02,0.000000e+00,14409.2,3508810.5,28717.6,20.87,23.87
CSV,355011,35500,12,10,1,5917,215,3.633598e-02,0.000000e+00,13912.8,4569936.5,27516.8,22.20,25.16
CSV,360011,36000,12,10,1,6017,215,3.573209e-02,0.000000e+00,12382.3,4474908.0,32074.9,21.45,25.58
CSV,365011,36500,12,10,1,6117,215,3.514795e-02,0.000000e+00,13443.6,4651763.5,30967.7,21.77,25.39
BER: END_SEQ #12 [LOCK] seq_err=0 BER_seq=0.0000e+00 | lock=11 slip=1 BER_cond=0.0000e+00 BER_cum=3.5062e-02
BER: SYNC #13 (gated)
CSV,370011,37000,13,11,1,6140,215,3.501629e-02,0.000000e+00,13217.9,4772761.5,29992.3,22.02,25.58
CSV,375011,37500,13,11,1,6240,215,3.445513e-02,0.000000e+00,11507.2,4502994.0,29218.7,21.88,25.93
CSV,380011,38000,13,11,1,6340,215,3.391167e-02,0.000000e+00,12179.4,3664165.0,30826.4,20.75,24.78
CSV,385011,38500,13,11,1,6440,215,3.338509e-02,0.000000e+00,13342.3,4382168.5,30891.0,21.52,25.16
CSV,390011,39000,13,11,1,6540,215,3.287462e-02,0.000000e+00,11522.9,4804245.0,29390.5,22.13,26.20
CSV,395011,39500,13,11,1,6640,215,3.237952e-02,0.000000e+00,13436.2,4612506.0,30889.3,21.74,25.36
BER: END_SEQ #13 [LOCK] seq_err=0 BER_seq=0.0000e+00 | lock=12 slip=1 BER_cond=0.0000e+00 BER_cum=3.2365e-02
BER: SYNC #14 (gated)
CSV,400011,40000,14,12,1,6663,215,3.226775e-02,0.000000e+00,13549.5,4716293.0,33641.8,21.47,25.42
CSV,405011,40500,14,12,1,6763,215,3.179063e-02,0.000000e+00,11912.3,4169561.5,25128.0,22.20,25.44
CSV,410011,41000,14,12,1,6863,215,3.132741e-02,0.000000e+00,12140.7,3921049.2,31304.8,20.98,25.09
CSV,415011,41500,14,12,1,6963,215,3.087750e-02,0.000000e+00,12491.5,4508343.5,33392.1,21.30,25.57
CSV,420011,42000,14,12,1,7063,215,3.044032e-02,0.000000e+00,11939.5,4524942.5,34357.4,21.20,25.79
BER: END_SEQ #14 [LOCK] seq_err=0 BER_seq=0.0000e+00 | lock=13 slip=1 BER_cond=0.0000e+00 BER_cum=3.0053e-02
CSV,425011,42500,14,13,1,7154,215,3.005312e-02,0.000000e+00,13168.8,4710636.5,28144.8,22.24,25.54
BER: SYNC #15 (gated)
CSV,430011,43000,15,13,1,7185,215,2.992345e-02,0.000000e+00,12116.4,4649624.5,27926.9,22.21,25.84
CSV,435011,43500,15,13,1,7285,215,2.951270e-02,0.000000e+00,13111.4,3942622.8,38531.4,20.10,24.78
CSV,440011,44000,15,13,1,7385,215,2.911307e-02,0.000000e+00,12805.5,4321635.0,31646.1,21.35,25.28
CSV,445011,44500,15,13,1,7485,215,2.872412e-02,0.000000e+00,13184.6,4503135.5,28101.7,22.05,25.33
CSV,450011,45000,15,13,1,7585,215,2.834542e-02,0.000000e+00,12443.4,4325351.5,30847.1,21.47,25.41
BER: END_SEQ #15 [LOCK] seq_err=0 BER_seq=0.0000e+00 | lock=14 slip=1 BER_cond=0.0000e+00 BER_cum=2.8050e-02
CSV,455011,45500,15,14,1,7665,215,2.804958e-02,0.000000e+00,12432.7,4780375.5,30765.2,21.91,25.85
BER: SYNC #16 (gated)
CSV,460011,46000,16,14,1,7708,215,2.789310e-02,0.000000e+00,12739.0,4448863.0,29471.6,21.79,25.43
CSV,465011,46500,16,14,1,7808,215,2.753586e-02,0.000000e+00,14016.9,4048471.2,35451.0,20.58,24.61
CSV,470011,47000,16,14,1,7908,215,2.718766e-02,0.000000e+00,12555.8,4678725.0,26862.3,22.41,25.71
CSV,475011,47500,16,14,1,8008,215,2.684815e-02,0.000000e+00,12355.7,4637839.0,28945.2,22.05,25.74
CSV,480011,48000,16,14,1,8108,215,2.651702e-02,0.000000e+00,12246.4,4700211.5,28942.8,22.11,25.84
BER: END_SEQ #16 [LOCK] seq_err=0 BER_seq=0.0000e+00 | lock=15 slip=1 BER_cond=0.0000e+00 BER_cum=2.6296e-02
CSV,485011,48500,16,15,1,8176,215,2.629648e-02,0.000000e+00,12152.2,5077608.5,30411.7,22.23,26.21
BER: SYNC #17 (gated)
CSV,490011,49000,17,15,1,8231,215,2.612076e-02,0.000000e+00,12111.0,4528215.5,21428.1,23.25,25.73
CSV,495011,49500,17,15,1,8331,215,2.580723e-02,0.000000e+00,10972.1,3685817.8,27749.3,21.23,25.26
CSV,500011,50000,17,15,1,8431,215,2.550113e-02,0.000000e+00,12932.3,4397833.0,28392.4,21.90,25.32
CSV,505011,50500,17,15,1,8531,215,2.520220e-02,0.000000e+00,11456.9,4630333.5,26524.0,22.42,26.07
CSV,510011,51000,17,15,1,8630,215,2.491309e-02,0.000000e+00,13024.4,4147164.0,30702.2,21.31,25.03
BER: END_SEQ #17 [LOCK] seq_err=0 BER_seq=0.0000e+00 | lock=16 slip=1 BER_cond=0.0000e+00 BER_cum=2.4750e-02
CSV,515011,51500,17,16,1,8687,215,2.474963e-02,0.000000e+00,12173.2,4887577.5,28114.4,22.40,26.04
BER: SYNC #18 (gated)
CSV,520011,52000,18,16,1,8753,215,2.456301e-02,0.000000e+00,12179.2,4556467.5,28407.4,22.05,25.73
CSV,525011,52500,18,16,1,8853,215,2.428555e-02,0.000000e+00,12619.6,3365767.2,28415.7,20.74,24.26
CSV,530011,53000,18,16,1,8953,215,2.401430e-02,0.000000e+00,11930.6,4219199.5,28344.4,21.73,25.49
CSV,535011,53500,18,16,1,9053,215,2.374903e-02,0.000000e+00,11213.9,4680641.0,23718.1,22.95,26.21
CSV,540011,54000,18,16,1,9153,215,2.348957e-02,0.000000e+00,12318.6,4147486.2,22322.2,22.69,25.27
BER: END_SEQ #18 [LOCK] seq_err=0 BER_seq=0.0000e+00 | lock=17 slip=1 BER_cond=0.0000e+00 BER_cum=2.3375e-02
CSV,545011,54500,18,17,1,9198,215,2.337465e-02,0.000000e+00,13290.2,4772979.5,26255.0,22.60,25.55
BER: SYNC #19 (gated)
CSV,550011,55000,19,17,1,9276,215,2.317809e-02,0.000000e+00,11909.3,5658367.5,26387.6,23.31,26.77
CSV,555011,55500,19,17,1,9376,215,2.293089e-02,0.000000e+00,10547.7,4747712.0,28313.3,22.24,26.53
CSV,560011,56000,19,17,1,9476,215,2.268890e-02,0.000000e+00,12898.1,5577965.0,30138.3,22.67,26.36
CSV,565011,56500,19,17,1,9576,215,2.245196e-02,0.000000e+00,19346.0,6368431.5,117270.9,17.35,25.17
CSV,570011,57000,19,17,1,9676,215,2.221993e-02,0.000000e+00,29820.3,7987150.0,174033.3,16.62,24.28
BER: END_SEQ #19 [LOCK] seq_err=0 BER_seq=0.0000e+00 | lock=18 slip=1 BER_cond=0.0000e+00 BER_cum=2.2144e-02
CSV,575011,57500,19,18,1,9709,215,2.214440e-02,0.000000e+00,16415.0,5603877.0,70102.3,19.03,25.33
BER: SYNC #20 (gated)
CSV,580011,58000,20,18,1,9799,215,2.194101e-02,0.000000e+00,14100.2,4712848.0,27849.6,22.28,25.24
CSV,585011,58500,20,18,1,9899,215,2.171937e-02,0.000000e+00,11686.3,4143896.2,35838.0,20.63,25.50
CSV,590011,59000,20,18,1,9999,215,2.150215e-02,0.000000e+00,13660.4,4450532.5,29876.3,21.73,25.13
CSV,595011,59500,20,18,1,10099,215,2.128924e-02,0.000000e+00,13589.8,4552108.0,33009.9,21.40,25.25
CSV,600011,60000,20,18,1,10199,215,2.108050e-02,0.000000e+00,11931.7,4310637.0,34169.2,21.01,25.58
BER: END_SEQ #20 [LOCK] seq_err=0 BER_seq=0.0000e+00 | lock=19 slip=1 BER_cond=0.0000e+00 BER_cum=2.1037e-02
BER: SYNC #21 (gated)
CSV,605011,60500,21,19,1,10222,215,2.103307e-02,0.000000e+00,12615.4,4924479.0,31259.3,21.97,25.91
CSV,610011,61000,21,19,1,10322,215,2.082930e-02,0.000000e+00,13330.0,4512839.0,32706.4,21.40,25.30
CSV,615011,61500,21,19,1,10422,215,2.062944e-02,0.000000e+00,13268.5,3610929.0,29668.3,20.85,24.35
CSV,620011,62000,21,19,1,10522,215,2.043338e-02,0.000000e+00,12154.0,4449605.5,28886.0,21.88,25.64
CSV,625011,62500,21,19,1,10621,215,2.024291e-02,0.000000e+00,14033.2,4573487.5,30603.7,21.74,25.13
CSV,630011,63000,21,19,1,10721,215,2.005410e-02,0.000000e+00,14651.4,4544015.5,26399.2,22.36,24.92
BER: END_SEQ #21 [LOCK] seq_err=0 BER_seq=0.0000e+00 | lock=20 slip=1 BER_cond=0.0000e+00 BER_cum=2.0035e-02
BER: SYNC #22 (gated)
CSV,635011,63500,22,20,1,10744,215,2.001117e-02,0.000000e+00,14350.8,5024437.0,30683.0,22.14,25.44
CSV,640011,64000,22,20,1,10844,215,1.982663e-02,0.000000e+00,14435.3,4293673.5,30777.0,21.45,24.73
CSV,645011,64500,22,20,1,10944,215,1.964547e-02,0.000000e+00,12717.5,3739054.0,28321.8,21.21,24.68
CSV,650011,65000,22,20,1,11044,215,1.946758e-02,0.000000e+00,14092.0,4415274.5,28257.5,21.94,24.96
CSV,655011,65500,22,20,1,11144,215,1.929289e-02,0.000000e+00,12855.0,4554967.0,26767.6,22.31,25.49
BER: END_SEQ #22 [LOCK] seq_err=0 BER_seq=0.0000e+00 | lock=21 slip=1 BER_cond=0.0000e+00 BER_cum=1.9125e-02
CSV,660011,66000,22,21,1,11242,215,1.912471e-02,0.000000e+00,14326.6,4758189.5,31671.8,21.77,25.21
BER: SYNC #23 (gated)
CSV,665011,66500,23,21,1,11267,215,1.908228e-02,0.000000e+00,14449.4,4647686.0,31452.1,21.70,25.07
CSV,670011,67000,23,21,1,11367,215,1.891440e-02,0.000000e+00,14693.2,4026073.5,30691.6,21.18,24.38
CSV,675011,67500,23,21,1,11467,215,1.874945e-02,0.000000e+00,14568.8,3981133.0,31373.1,21.03,24.37
CSV,680011,68000,23,21,1,11567,215,1.858736e-02,0.000000e+00,12741.1,4532231.5,28069.3,22.08,25.51
CSV,685011,68500,23,21,1,11667,215,1.842804e-02,0.000000e+00,13266.3,4556318.0,30788.9,21.70,25.36
BER: END_SEQ #23 [LOCK] seq_err=0 BER_seq=0.0000e+00 | lock=22 slip=1 BER_cond=0.0000e+00 BER_cum=1.8293e-02
CSV,690011,69000,23,22,1,11753,215,1.829320e-02,0.000000e+00,13706.2,4764075.5,29372.0,22.10,25.41
BER: SYNC #24 (gated)
CSV,695011,69500,24,22,1,11790,215,1.823579e-02,0.000000e+00,14493.3,4421879.0,32430.1,21.35,24.84
CSV,700011,70000,24,22,1,11890,215,1.808242e-02,0.000000e+00,12798.8,3834332.5,32320.1,20.74,24.77
CSV,705011,70500,24,22,1,11990,215,1.793161e-02,0.000000e+00,14490.7,4453579.0,30200.9,21.69,24.88
CSV,710011,71000,24,22,1,12089,215,1.778476e-02,0.000000e+00,13134.0,4415772.0,28487.3,21.90,25.27
CSV,715011,71500,24,22,1,12189,215,1.763885e-02,0.000000e+00,13917.2,4571060.5,31916.8,21.56,25.16
BER: END_SEQ #24 [LOCK] seq_err=0 BER_seq=0.0000e+00 | lock=23 slip=1 BER_cond=0.0000e+00 BER_cum=1.7531e-02
CSV,720011,72000,24,23,1,12264,215,1.753099e-02,0.000000e+00,15372.2,4720271.0,28628.4,22.17,24.87
BER: SYNC #25 (gated)
CSV,725011,72500,25,23,1,12312,215,1.746264e-02,0.000000e+00,13339.6,4574257.0,27030.9,22.28,25.35
CSV,730011,73000,25,23,1,12412,215,1.732195e-02,0.000000e+00,13802.0,3611233.8,26579.7,21.33,24.18
CSV,735011,73500,25,23,1,12512,215,1.718350e-02,0.000000e+00,13029.6,4556186.0,28863.6,21.98,25.44
CSV,740011,74000,25,23,1,12612,215,1.704726e-02,0.000000e+00,12161.6,4470982.5,30567.8,21.65,25.65
CSV,745011,74500,25,23,1,12712,215,1.691315e-02,0.000000e+00,12733.6,4423350.0,27508.0,22.06,25.41
BER: END_SEQ #25 [LOCK] seq_err=0 BER_seq=0.0000e+00 | lock=24 slip=1 BER_cond=0.0000e+00 BER_cum=1.6830e-02
CSV,750011,75000,25,24,1,12775,215,1.682975e-02,0.000000e+00,12506.6,4720583.0,30726.2,21.86,25.77
BER: SYNC #26 (gated)
CSV,755011,75500,26,24,1,12835,215,1.675107e-02,0.000000e+00,13514.2,4537121.5,25565.8,22.49,25.26
CSV,760011,76000,26,24,1,12935,215,1.662157e-02,0.000000e+00,12579.2,3638805.8,30188.4,20.81,24.61
CSV,765011,76500,26,24,1,13035,215,1.649405e-02,0.000000e+00,11965.1,4481599.0,27431.4,22.13,25.74
CSV,770011,77000,26,24,1,13135,215,1.636848e-02,0.000000e+00,11955.7,4751987.0,29775.2,22.03,25.99
CSV,775011,77500,26,24,1,13235,215,1.624481e-02,0.000000e+00,12356.7,4352217.5,30235.5,21.58,25.47
BER: END_SEQ #26 [LOCK] seq_err=0 BER_seq=0.0000e+00 | lock=25 slip=1 BER_cond=0.0000e+00 BER_cum=1.6182e-02
CSV,780011,78000,26,25,1,13286,215,1.618245e-02,0.000000e+00,10561.6,4794604.5,29944.8,22.04,26.57
BER: SYNC #27 (gated)
CSV,785011,78500,27,25,1,13358,215,1.609522e-02,0.000000e+00,13020.4,4818642.5,30869.2,21.93,25.68
CSV,790011,79000,27,25,1,13458,215,1.597563e-02,0.000000e+00,12675.7,3543712.5,29913.7,20.74,24.46
CSV,795011,79500,27,25,1,13558,215,1.585780e-02,0.000000e+00,11385.4,4077254.0,28844.1,21.50,25.54
CSV,800011,80000,27,25,1,13658,215,1.574169e-02,0.000000e+00,11069.2,5010490.5,26892.1,22.70,26.56
CSV,805011,80500,27,25,1,13758,215,1.562727e-02,0.000000e+00,12645.3,4045118.2,30231.0,21.26,25.05
BER: END_SEQ #27 [LOCK] seq_err=0 BER_seq=0.0000e+00 | lock=26 slip=1 BER_cond=0.0000e+00 BER_cum=1.5583e-02
CSV,810011,81000,27,26,1,13797,215,1.558310e-02,0.000000e+00,11406.6,4892126.0,26236.7,22.71,26.32
BER: SYNC #28 (gated)
CSV,815011,81500,28,26,1,13880,215,1.548991e-02,0.000000e+00,12606.7,4584878.0,30743.1,21.74,25.61
CSV,820011,82000,28,26,1,13980,215,1.537911e-02,0.000000e+00,12013.1,3812539.2,30395.5,20.98,25.02
CSV,825011,82500,28,26,1,14080,215,1.526989e-02,0.000000e+00,12205.2,4225326.0,24217.2,22.42,25.39
CSV,830011,83000,28,26,1,14180,215,1.516220e-02,0.000000e+00,13032.3,4932317.0,31259.9,21.98,25.78
CSV,835011,83500,28,26,1,14280,215,1.505602e-02,0.000000e+00,12988.9,4417907.0,30730.8,21.58,25.32
BER: END_SEQ #28 [LOCK] seq_err=0 BER_seq=0.0000e+00 | lock=27 slip=1 BER_cond=0.0000e+00 BER_cum=1.5027e-02
CSV,840011,84000,28,27,1,14308,215,1.502656e-02,0.000000e+00,12570.3,4855591.0,27052.4,22.54,25.87
BER: SYNC #29 (gated)
CSV,845011,84500,29,27,1,14403,215,1.492745e-02,0.000000e+00,12657.1,4379662.5,27669.7,21.99,25.39
CSV,850011,85000,29,27,1,14503,215,1.482452e-02,0.000000e+00,12746.4,3565589.2,28562.3,20.96,24.47
CSV,855011,85500,29,27,1,14603,215,1.472300e-02,0.000000e+00,12346.0,4460360.5,29541.3,21.79,25.58
CSV,860011,86000,29,27,1,14703,215,1.462287e-02,0.000000e+00,13704.7,4596490.0,32872.3,21.46,25.26
CSV,865011,86500,29,27,1,14803,215,1.452408e-02,0.000000e+00,11814.4,4528757.0,28076.8,22.08,25.84
BER: END_SEQ #29 [LOCK] seq_err=0 BER_seq=0.0000e+00 | lock=28 slip=1 BER_cond=0.0000e+00 BER_cum=1.4508e-02
BER: SYNC #30 (gated)
CSV,870011,87000,30,28,1,14826,215,1.450155e-02,0.000000e+00,12659.1,4857870.0,26704.2,22.60,25.84
CSV,875011,87500,30,28,1,14926,215,1.440439e-02,0.000000e+00,13990.1,4505786.5,31264.8,21.59,25.08
CSV,880011,88000,30,28,1,15026,215,1.430853e-02,0.000000e+00,12171.0,3638046.2,24538.9,21.71,24.76
CSV,885011,88500,30,28,1,15126,215,1.421394e-02,0.000000e+00,13795.7,4489178.0,27548.8,22.12,25.12
CSV,890011,89000,30,28,1,15226,215,1.412058e-02,0.000000e+00,12782.1,4691428.5,29120.7,22.07,25.65
CSV,895011,89500,30,28,1,15326,215,1.402845e-02,0.000000e+00,12982.8,4629721.0,25849.1,22.53,25.52
BER: END_SEQ #30 [LOCK] seq_err=0 BER_seq=0.0000e+00 | lock=29 slip=1 BER_cond=0.0000e+00 BER_cum=1.4025e-02
BER: SYNC #31 (gated)
CSV,900011,90000,31,29,1,15349,215,1.400743e-02,0.000000e+00,15129.3,4776963.5,28487.6,22.24,24.99
CSV,905011,90500,31,29,1,15449,215,1.391676e-02,0.000000e+00,14097.0,4197319.5,28531.7,21.68,24.74
CSV,910011,91000,31,29,1,15549,215,1.382726e-02,0.000000e+00,12650.4,3920865.5,25296.9,21.90,24.91
CSV,915011,91500,31,29,1,15649,215,1.373890e-02,0.000000e+00,12831.1,4559061.0,29103.6,21.95,25.51
CSV,920011,92000,31,29,1,15749,215,1.365166e-02,0.000000e+00,12689.4,4601219.5,27129.4,22.29,25.59
BER: END_SEQ #31 [LOCK] seq_err=0 BER_seq=0.0000e+00 | lock=30 slip=1 BER_cond=0.0000e+00 BER_cum=1.3572e-02
CSV,925011,92500,31,30,1,15841,215,1.357238e-02,0.000000e+00,12381.5,4779361.5,27975.4,22.33,25.87
BER: SYNC #32 (gated)
CSV,930011,93000,32,30,1,15871,215,1.354672e-02,0.000000e+00,12171.1,4741670.0,31376.6,21.79,25.91
CSV,935011,93500,32,30,1,15971,215,1.346190e-02,0.000000e+00,13990.7,3842863.0,30867.0,20.95,24.39
CSV,940011,94000,32,30,1,16071,215,1.337813e-02,0.000000e+00,12149.2,4261488.0,30230.6,21.49,25.45
CSV,945011,94500,32,30,1,16171,215,1.329541e-02,0.000000e+00,13248.8,4520841.0,30288.8,21.74,25.33
CSV,950011,95000,32,30,1,16271,215,1.321369e-02,0.000000e+00,13999.4,4460537.0,30068.0,21.71,25.03
BER: END_SEQ #32 [LOCK] seq_err=0 BER_seq=0.0000e+00 | lock=31 slip=1 BER_cond=0.0000e+00 BER_cum=1.3148e-02
CSV,955011,95500,32,31,1,16352,215,1.314824e-02,0.000000e+00,14269.0,4731267.5,28669.4,22.18,25.21
BER: SYNC #33 (gated)
CSV,960011,96000,33,31,1,16394,215,1.311455e-02,0.000000e+00,13375.0,4365936.5,31049.0,21.48,25.14
CSV,965011,96500,33,31,1,16494,215,1.303504e-02,0.000000e+00,13742.1,3798392.8,29809.4,21.05,24.42
CSV,970011,97000,33,31,1,16594,215,1.295649e-02,0.000000e+00,13741.0,4659058.0,26650.3,22.43,25.30
CSV,975011,97500,33,31,1,16694,215,1.287888e-02,0.000000e+00,12901.8,4339204.0,30482.8,21.53,25.27
CSV,980011,98000,33,31,1,16794,215,1.280219e-02,0.000000e+00,13629.6,4723855.5,29091.1,22.11,25.40
BER: END_SEQ #33 [LOCK] seq_err=0 BER_seq=0.0000e+00 | lock=32 slip=1 BER_cond=0.0000e+00 BER_cum=1.2750e-02
CSV,985011,98500,33,32,1,16863,215,1.274981e-02,0.000000e+00,13677.8,4477248.0,27180.6,22.17,25.15
BER: SYNC #34 (gated)
CSV,990011,99000,34,32,1,16917,215,1.270911e-02,0.000000e+00,11546.4,4538937.0,25854.6,22.44,25.95
CSV,995011,99500,34,32,1,17017,215,1.263442e-02,0.000000e+00,12503.2,3743123.0,28606.6,21.17,24.76
CSV,1000011,100000,34,32,1,17117,215,1.256061e-02,0.000000e+00,12713.5,4499303.5,32048.9,21.47,25.49
CSV,1005011,100500,34,32,1,17217,215,1.248766e-02,0.000000e+00,14358.8,4673588.0,30385.0,21.87,25.13
CSV,1010011,101000,34,32,1,17317,215,1.241555e-02,0.000000e+00,13854.5,4375921.0,27374.6,22.04,24.99
BER: END_SEQ #34 [LOCK] seq_err=0 BER_seq=0.0000e+00 | lock=33 slip=1 BER_cond=0.0000e+00 BER_cum=1.2375e-02
CSV,1015011,101500,34,33,1,17374,215,1.237481e-02,0.000000e+00,13976.3,6194783.0,27181.1,23.58,26.47
BER: SYNC #35 (gated)
CSV,1020011,102000,35,33,1,17439,215,1.232869e-02,0.000000e+00,18459.7,6234161.0,143967.9,16.37,25.29
CSV,1025011,102500,35,33,1,17539,215,1.225840e-02,0.000000e+00,12642.4,3568518.8,33239.0,20.31,24.51
CSV,1030011,103000,35,33,1,17639,215,1.218890e-02,0.000000e+00,14201.2,4461205.0,30958.1,21.59,24.97
CSV,1035011,103500,35,33,1,17739,215,1.212019e-02,0.000000e+00,13432.2,4872171.0,31993.9,21.83,25.60
CSV,1040011,104000,35,33,1,17839,215,1.205225e-02,0.000000e+00,12297.9,4553446.5,26769.9,22.31,25.69
BER: END_SEQ #35 [LOCK] seq_err=0 BER_seq=0.0000e+00 | lock=34 slip=1 BER_cond=0.0000e+00 BER_cum=1.2021e-02
CSV,1045011,104500,35,34,1,17885,215,1.202125e-02,0.000000e+00,14304.0,4927817.5,34325.4,21.57,25.37
BER: SYNC #36 (gated)
CSV,1050011,105000,36,34,1,17962,215,1.196971e-02,0.000000e+00,13333.9,4807732.5,28898.9,22.21,25.57
CSV,1055011,105500,36,34,1,18062,215,1.190344e-02,0.000000e+00,13023.5,3646713.0,27187.0,21.28,24.47
CSV,1060011,106000,36,34,1,18162,215,1.183790e-02,0.000000e+00,11331.9,4233361.0,27946.1,21.80,25.72
CSV,1065011,106500,36,34,1,18262,215,1.177308e-02,0.000000e+00,15175.4,5131741.0,32750.9,21.95,25.29
CSV,1070011,107000,36,34,1,18362,215,1.170896e-02,0.000000e+00,13240.3,4456214.0,26635.3,22.24,25.27
BER: END_SEQ #36 [LOCK] seq_err=0 BER_seq=0.0000e+00 | lock=35 slip=1 BER_cond=0.0000e+00 BER_cum=1.1687e-02
CSV,1075011,107500,36,35,1,18396,215,1.168732e-02,0.000000e+00,11850.5,4861336.0,28119.6,22.38,26.13
BER: SYNC #37 (gated)
CSV,1080011,108000,37,35,1,18485,215,1.163105e-02,0.000000e+00,15192.1,4618979.0,29595.1,21.93,24.83
CSV,1085011,108500,37,35,1,18585,215,1.156847e-02,0.000000e+00,14485.8,3685993.5,33844.8,20.37,24.06
CSV,1090011,109000,37,35,1,18685,215,1.150656e-02,0.000000e+00,12726.8,4622373.0,30579.7,21.79,25.60
CSV,1095011,109500,37,35,1,18785,215,1.144530e-02,0.000000e+00,13691.3,4659960.5,29463.9,21.99,25.32
CSV,1100011,110000,37,35,1,18885,215,1.138470e-02,0.000000e+00,13599.0,4526511.5,29343.2,21.88,25.22
BER: END_SEQ #37 [LOCK] seq_err=0 BER_seq=0.0000e+00 | lock=36 slip=1 BER_cond=0.0000e+00 BER_cum=1.1371e-02
BER: SYNC #38 (gated)
CSV,1105011,110500,38,36,1,18908,215,1.137085e-02,0.000000e+00,14901.8,5098044.0,29885.5,22.32,25.34
CSV,1110011,111000,38,36,1,19008,215,1.131103e-02,0.000000e+00,13579.2,4698522.5,29039.3,22.09,25.39
CSV,1115011,111500,38,36,1,19107,215,1.125242e-02,0.000000e+00,13934.7,3502309.0,31506.1,20.46,24.00
CSV,1120011,112000,38,36,1,19208,215,1.119325e-02,0.000000e+00,13214.3,4466474.0,28960.4,21.88,25.29
CSV,1125011,112500,38,36,1,19307,215,1.113586e-02,0.000000e+00,12515.1,4811709.0,27037.6,22.50,25.85
CSV,1130011,113000,38,36,1,19407,215,1.107848e-02,0.000000e+00,13110.4,4587993.0,30566.4,21.76,25.44
BER: END_SEQ #38 [LOCK] seq_err=0 BER_seq=0.0000e+00 | lock=37 slip=1 BER_cond=0.0000e+00 BER_cum=1.1072e-02
BER: SYNC #39 (gated)
CSV,1135011,113500,39,37,1,19430,215,1.106536e-02,0.000000e+00,12891.4,4960732.5,27655.9,22.54,25.85
CSV,1140011,114000,39,37,1,19530,215,1.100871e-02,0.000000e+00,14045.8,4448299.0,29535.0,21.78,25.01
CSV,1145011,114500,39,37,1,19630,215,1.095262e-02,0.000000e+00,13489.2,3925975.8,30172.3,21.14,24.64
CSV,1150011,115000,39,37,1,19730,215,1.089711e-02,0.000000e+00,13738.3,4381468.0,29230.0,21.76,25.04
CSV,1155011,115500,39,37,1,19830,215,1.084216e-02,0.000000e+00,13484.7,4874468.5,27280.3,22.52,25.58
BER: END_SEQ #39 [LOCK] seq_err=0 BER_seq=0.0000e+00 | lock=38 slip=1 BER_cond=0.0000e+00 BER_cum=1.0788e-02
CSV,1160011,116000,39,38,1,19929,215,1.078830e-02,0.000000e+00,13859.8,4700047.0,27539.7,22.32,25.30
BER: SYNC #40 (gated)
CSV,1165011,116500,40,38,1,19953,215,1.077532e-02,0.000000e+00,14611.2,4850984.5,30331.5,22.04,25.21
CSV,1170011,117000,40,38,1,20053,215,1.072159e-02,0.000000e+00,14147.3,4148569.2,32408.4,21.07,24.67
CSV,1175011,117500,40,38,1,20153,215,1.066839e-02,0.000000e+00,13380.6,4020884.8,26811.5,21.76,24.78
CSV,1180011,118000,40,38,1,20253,215,1.061571e-02,0.000000e+00,13575.7,4519986.5,28330.9,22.03,25.22
CSV,1185011,118500,40,38,1,20353,215,1.056355e-02,0.000000e+00,13485.6,4777724.5,30187.3,21.99,25.49
BER: END_SEQ #40 [LOCK] seq_err=0 BER_seq=0.0000e+00 | lock=39 slip=1 BER_cond=0.0000e+00 BER_cum=1.0519e-02
CSV,1190011,119000,40,39,1,20440,215,1.051859e-02,0.000000e+00,14214.0,4897267.5,28588.4,22.34,25.37
BER: SYNC #41 (gated)
CSV,1195011,119500,41,39,1,20476,215,1.050010e-02,0.000000e+00,13555.4,4600959.5,31293.8,21.67,25.31
CSV,1200011,120000,41,39,1,20576,215,1.044907e-02,0.000000e+00,14337.0,3948743.8,30637.1,21.10,24.40
CSV,1205011,120500,41,39,1,20675,215,1.039903e-02,0.000000e+00,13897.7,4483641.0,31265.8,21.57,25.09
CSV,1210011,121000,41,39,1,20775,215,1.034898e-02,0.000000e+00,13125.4,4600383.5,28588.3,22.07,25.45
CSV,1215011,121500,41,39,1,20875,215,1.029940e-02,0.000000e+00,13085.1,4512875.0,30420.6,21.71,25.38
BER: END_SEQ #41 [LOCK] seq_err=0 BER_seq=0.0000e+00 | lock=40 slip=1 BER_cond=0.0000e+00 BER_cum=1.0262e-02
CSV,1220011,122000,41,40,1,20951,215,1.026204e-02,0.000000e+00,14960.3,4799984.5,29867.2,22.06,25.06
BER: SYNC #42 (gated)
CSV,1225011,122500,42,40,1,20998,215,1.023907e-02,0.000000e+00,14872.4,4595019.0,32417.7,21.52,24.90
CSV,1230011,123000,42,40,1,21098,215,1.019054e-02,0.000000e+00,12991.4,3836011.2,30286.1,21.03,24.70
CSV,1235011,123500,42,40,1,21198,215,1.014247e-02,0.000000e+00,13982.5,4743848.5,30539.8,21.91,25.31
CSV,1240011,124000,42,40,1,21298,215,1.009484e-02,0.000000e+00,13883.9,4542874.5,30665.2,21.71,25.15
CSV,1245011,124500,42,40,1,21398,215,1.004767e-02,0.000000e+00,15118.4,4738142.5,30847.5,21.86,24.96
BER: END_SEQ #42 [LOCK] seq_err=0 BER_seq=0.0000e+00 | lock=41 slip=1 BER_cond=0.0000e+00 BER_cum=1.0018e-02
CSV,1250011,125000,42,41,1,21462,215,1.001771e-02,0.000000e+00,11910.7,4802361.5,31408.8,21.84,26.06
BER: SYNC #43 (gated)
CSV,1255011,125500,43,41,1,21521,215,9.990242e-03,0.000000e+00,12650.7,4589282.5,26954.4,22.31,25.60
CSV,1260011,126000,43,41,1,21621,215,9.944036e-03,0.000000e+00,14704.7,3817209.5,33700.8,20.54,24.14
CSV,1265011,126500,43,41,1,21721,215,9.898256e-03,0.000000e+00,12729.8,4469056.5,25398.7,22.45,25.45
CSV,1270011,127000,43,41,1,21821,215,9.852894e-03,0.000000e+00,13935.1,4858938.0,29467.8,22.17,25.42
CSV,1275011,127500,43,41,1,21921,215,9.807947e-03,0.000000e+00,17644.0,5271777.0,42057.7,20.98,24.75
BER: END_SEQ #43 [LOCK] seq_err=0 BER_seq=0.0000e+00 | lock=42 slip=1 BER_cond=0.0000e+00 BER_cum=9.7847e-03
CSV,1280011,128000,43,42,1,21973,215,9.784736e-03,0.000000e+00,14584.8,5393661.0,33112.5,22.12,25.68
BER: SYNC #44 (gated)
CSV,1285011,128500,44,42,1,22044,215,9.753221e-03,0.000000e+00,14373.3,4886976.5,33259.4,21.67,25.31
CSV,1290011,129000,44,42,1,22144,215,9.709177e-03,0.000000e+00,12519.0,3685237.5,31093.3,20.74,24.69
CSV,1295011,129500,44,42,1,22244,215,9.665527e-03,0.000000e+00,11584.7,4291957.5,26049.0,22.17,25.69
CSV,1300011,130000,44,42,1,22344,215,9.622270e-03,0.000000e+00,13636.7,5202036.5,30137.9,22.37,25.81
CSV,1305011,130500,44,42,1,22444,215,9.579398e-03,0.000000e+00,13874.3,4510639.5,34537.8,21.16,25.12
BER: END_SEQ #44 [LOCK] seq_err=0 BER_seq=0.0000e+00 | lock=43 slip=1 BER_cond=0.0000e+00 BER_cum=9.5624e-03
CSV,1310011,131000,44,43,1,22484,215,9.562355e-03,0.000000e+00,15046.2,5224113.5,30019.0,22.41,25.41
BER: SYNC #45 (gated)
CSV,1315011,131500,45,43,1,22566,215,9.527608e-03,0.000000e+00,12344.0,4843874.5,27465.2,22.46,25.94
CSV,1320011,132000,45,43,1,22666,215,9.485574e-03,0.000000e+00,11956.0,3828328.0,26077.9,21.67,25.05
CSV,1325011,132500,45,43,1,22766,215,9.443908e-03,0.000000e+00,15243.8,4459595.0,27957.1,22.03,24.66
CSV,1330011,133000,45,43,1,22866,215,9.402607e-03,0.000000e+00,13309.6,5170761.5,30558.9,22.28,25.89
CSV,1335011,133500,45,43,1,22966,215,9.361665e-03,0.000000e+00,13692.1,4608710.5,30508.9,21.79,25.27
BER: END_SEQ #45 [LOCK] seq_err=0 BER_seq=0.0000e+00 | lock=44 slip=1 BER_cond=0.0000e+00 BER_cum=9.3499e-03
CSV,1340011,134000,45,44,1,22995,215,9.349858e-03,0.000000e+00,13386.6,5092852.0,29681.3,22.34,25.80
BER: SYNC #46 (gated)
CSV,1345011,134500,46,44,1,23089,215,9.311793e-03,0.000000e+00,12193.3,4714450.0,27735.4,22.30,25.87
CSV,1350011,135000,46,44,1,23189,215,9.271638e-03,0.000000e+00,13304.0,3718241.2,34395.0,20.34,24.46
CSV,1355011,135500,46,44,1,23289,215,9.231826e-03,0.000000e+00,12456.6,4771239.5,26853.2,22.50,25.83
CSV,1360011,136000,46,44,1,23389,215,9.192355e-03,0.000000e+00,13452.5,4864603.5,26819.0,22.59,25.58
CSV,1365011,136500,46,44,1,23489,215,9.153221e-03,0.000000e+00,13381.8,4899483.5,26560.4,22.66,25.64
BER: END_SEQ #46 [LOCK] seq_err=0 BER_seq=0.0000e+00 | lock=45 slip=1 BER_cond=0.0000e+00 BER_cum=9.1466e-03
BER: SYNC #47 (gated)
CSV,1370011,137000,47,45,1,23512,215,9.144267e-03,0.000000e+00,12603.6,5063376.0,25842.9,22.92,26.04
CSV,1375011,137500,47,45,1,23612,215,9.105540e-03,0.000000e+00,12592.5,4922947.5,29967.0,22.16,25.92
CSV,1380011,138000,47,45,1,23712,215,9.067139e-03,0.000000e+00,12613.8,3647183.0,27311.6,21.26,24.61
CSV,1385011,138500,47,45,1,23812,215,9.029061e-03,0.000000e+00,12941.0,4757340.5,32653.2,21.63,25.65
CSV,1390011,139000,47,45,1,23912,215,8.991301e-03,0.000000e+00,13783.3,4900070.5,29524.9,22.20,25.51
CSV,1395011,139500,47,45,1,24012,215,8.953856e-03,0.000000e+00,13261.6,4883058.5,28759.0,22.30,25.66
BER: END_SEQ #47 [LOCK] seq_err=0 BER_seq=0.0000e+00 | lock=46 slip=1 BER_cond=0.0000e+00 BER_cum=8.9520e-03
BER: SYNC #48 (gated)
CSV,1400011,140000,48,46,1,24035,215,8.945288e-03,0.000000e+00,13650.7,5075506.5,28622.0,22.49,25.70
CSV,1405011,140500,48,46,1,24135,215,8.908224e-03,0.000000e+00,13053.6,4544997.5,30498.2,21.73,25.42
CSV,1410011,141000,48,46,1,24234,215,8.871833e-03,0.000000e+00,13078.6,4017762.0,30026.6,21.26,24.87
CSV,1415011,141500,48,46,1,24335,215,8.835011e-03,0.000000e+00,12913.6,4751070.5,30789.9,21.88,25.66
CSV,1420011,142000,48,46,1,24434,215,8.799214e-03,0.000000e+00,13948.1,4853907.0,29881.6,22.11,25.42
BER: END_SEQ #48 [LOCK] seq_err=0 BER_seq=0.0000e+00 | lock=47 slip=1 BER_cond=0.0000e+00 BER_cum=8.7655e-03
CSV,1425011,142500,48,47,1,24528,215,8.765493e-03,0.000000e+00,12841.2,5161847.5,34488.4,21.75,26.04
BER: SYNC #49 (gated)
CSV,1430011,143000,49,47,1,24557,215,8.755141e-03,0.000000e+00,13010.3,4982698.0,28624.9,22.41,25.83
CSV,1435011,143500,49,47,1,24657,215,8.719633e-03,0.000000e+00,13903.4,4099656.8,32283.7,21.04,24.70
CSV,1440011,144000,49,47,1,24757,215,8.684413e-03,0.000000e+00,12581.7,4448774.0,30084.3,21.70,25.49
CSV,1445011,144500,49,47,1,24857,215,8.649475e-03,0.000000e+00,12848.6,4729966.0,28576.5,22.19,25.66
CSV,1450011,145000,49,47,1,24957,215,8.614818e-03,0.000000e+00,12899.5,5092522.0,39657.8,21.09,25.96
BER: END_SEQ #49 [LOCK] seq_err=0 BER_seq=0.0000e+00 | lock=48 slip=1 BER_cond=0.0000e+00 BER_cum=8.5866e-03
CSV,1455011,145500,49,48,1,25039,215,8.586605e-03,0.000000e+00,10931.2,15236524.0,27211.2,27.48,31.44
BER: SYNC #50 (gated)
CSV,1460011,146000,50,48,1,25080,215,8.572568e-03,0.000000e+00,7170.5,16700976.0,14150.4,30.72,33.67
CSV,1465011,146500,50,48,1,25180,215,8.538523e-03,0.000000e+00,13020.8,4190040.8,30465.0,21.38,25.08
CSV,1470011,147000,50,48,1,25280,215,8.504746e-03,0.000000e+00,12347.0,4982822.5,25872.1,22.85,26.06
CSV,1475011,147500,50,48,1,25380,215,8.471237e-03,0.000000e+00,14414.1,4696781.0,29425.2,22.03,25.13
CSV,1480011,148000,50,48,1,25480,215,8.437990e-03,0.000000e+00,11585.6,5076017.5,27012.3,22.74,26.42
BER: END_SEQ #50 [LOCK] seq_err=0 BER_seq=0.0000e+00 | lock=49 slip=1 BER_cond=0.0000e+00 BER_cum=8.4149e-03
CSV,1485011,148500,50,49,1,25550,215,8.414873e-03,0.000000e+00,8614.4,16602748.0,16938.4,29.91,32.85
BER: SYNC #51 (gated)
CSV,1490011,149000,51,49,1,25603,215,8.397453e-03,0.000000e+00,6547.5,17530454.0,13557.4,31.12,34.28
CSV,1495011,149500,51,49,1,25703,215,8.364783e-03,0.000000e+00,7487.1,14561828.0,11438.3,31.05,32.89
CSV,1500011,150000,51,49,1,25803,215,8.332364e-03,0.000000e+00,6845.2,17517590.0,14356.0,30.86,34.08
CSV,1505011,150500,51,49,1,25903,215,8.300197e-03,0.000000e+00,7827.9,13396481.0,21403.3,27.97,32.33
CSV,1510011,151000,51,49,1,26003,215,8.268277e-03,0.000000e+00,13148.5,7826995.5,45656.7,22.34,27.75
BER: END_SEQ #51 [LOCK] seq_err=0 BER_seq=0.0000e+00 | lock=50 slip=1 BER_cond=0.0000e+00 BER_cum=8.2499e-03
CSV,1515011,151500,51,50,1,26061,215,8.249875e-03,0.000000e+00,10458.3,13887354.0,26596.9,27.18,31.23

=========================================
=== END OF TEST (duration=25 min) ===
=========================================
FINAL: syncs=51 lock=50 slip=1 slip_rate=0.0196
FINAL: bits_cum=26061 err_cum=215 BER_cum=8.2499e-03
FINAL: bits_lock=25550 err_lock=0 BER_cond=0.0000e+00
=========================================
=== STOP LOGGING NOW ===
=========================================
