

=== RX BOOT - BER TEST MODE ===
MOD=OOK (20 kHz carrier, adaptive threshold)
BPS_MODE=20 (HALF_SAMPLES=2000, 10000 samples/bit @ 200000 Hz)
Expect: 64-bit preamble + Barker13 (1F35h, gated by 8 preamble bits = 0x55) + 511-bit PRBS-9
Noise floor band: 5000 Hz; lock threshold: BER<0.10
Auto-stop: test will halt 25 min after the first sync.
RX: edge-tracking sync, center-3 voting
Starting decoder...

CSV,5011,500,0,0,0,0,0,0.000000e+00,0.000000e+00,295984.9,90553565184.0,256696.1,55.47,54.86
BER: SYNC #1 (gated)
CSV,10011,1000,1,0,0,80,0,0.000000e+00,0.000000e+00,292999.2,96387661824.0,222631.8,56.36,55.17
CSV,15011,1500,1,0,0,180,0,0.000000e+00,0.000000e+00,265867.9,74878582784.0,204779.5,55.63,54.50
CSV,20011,2000,1,0,0,280,0,0.000000e+00,0.000000e+00,275142.0,81829969920.0,204494.8,56.02,54.73
CSV,25011,2500,1,0,0,380,0,0.000000e+00,0.000000e+00,293806.4,104922963968.0,197027.5,57.26,55.53
CSV,30011,3000,1,0,0,480,0,0.000000e+00,0.000000e+00,257359.0,89925279744.0,166841.3,57.32,55.43
BER: END_SEQ #1 [LOCK] seq_err=0 BER_seq=0.0000e+00 | lock=1 slip=0 BER_cond=0.0000e+00 BER_cum=0.0000e+00
CSV,35011,3500,1,1,0,511,0,0.000000e+00,0.000000e+00,350738.4,98290712576.0,245248.2,56.03,54.48
BER: SYNC #2 (gated)
CSV,40011,4000,2,1,0,603,0,0.000000e+00,0.000000e+00,279301.0,88390811648.0,193870.8,56.59,55.00
CSV,45011,4500,2,1,0,703,0,0.000000e+00,0.000000e+00,233888.4,76371034112.0,178271.3,56.32,55.14
CSV,50011,5000,2,1,0,803,0,0.000000e+00,0.000000e+00,262186.4,93332733952.0,214437.0,56.39,55.51
CSV,55011,5500,2,1,0,903,0,0.000000e+00,0.000000e+00,284647.8,92593946624.0,211361.4,56.42,55.12
CSV,60011,6000,2,1,0,1003,0,0.000000e+00,0.000000e+00,260760.0,92954288128.0,194551.1,56.79,55.52
BER: END_SEQ #2 [LOCK] seq_err=0 BER_seq=0.0000e+00 | lock=2 slip=0 BER_cond=0.0000e+00 BER_cum=0.0000e+00
BER: SYNC #3 (gated)
CSV,65011,6500,3,2,0,1026,0,0.000000e+00,0.000000e+00,346627.4,100389699584.0,246020.4,56.11,54.62
CSV,70011,7000,3,2,0,1126,0,0.000000e+00,0.000000e+00,269218.7,96637689856.0,197501.7,56.90,55.55
CSV,75011,7500,3,2,0,1225,0,0.000000e+00,0.000000e+00,254751.9,68500635648.0,185828.1,55.67,54.30
CSV,80011,8000,3,2,0,1325,0,0.000000e+00,0.000000e+00,272710.2,93191274496.0,181936.4,57.09,55.34
CSV,85011,8500,3,2,0,1425,0,0.000000e+00,0.000000e+00,277164.5,96976961536.0,201182.7,56.83,55.44
CSV,90011,9000,3,2,0,1525,0,0.000000e+00,0.000000e+00,272677.2,94816813056.0,185075.1,57.10,55.41
BER: END_SEQ #3 [LOCK] seq_err=0 BER_seq=0.0000e+00 | lock=3 slip=0 BER_cond=0.0000e+00 BER_cum=0.0000e+00
BER: SYNC #4 (gated)
CSV,95011,9500,4,3,0,1548,0,0.000000e+00,0.000000e+00,371315.1,100599988224.0,256322.9,55.94,54.33
CSV,100011,10000,4,3,0,1648,0,0.000000e+00,0.000000e+00,298638.8,85440831488.0,189541.9,56.54,54.57
CSV,105011,10500,4,3,0,1748,0,0.000000e+00,0.000000e+00,267607.9,80046071808.0,200826.4,56.01,54.76
CSV,110011,11000,4,3,0,1848,0,0.000000e+00,0.000000e+00,278350.7,91071152128.0,194053.9,56.71,55.15
CSV,115011,11500,4,3,0,1948,0,0.000000e+00,0.000000e+00,282063.7,95161147392.0,201503.0,56.74,55.28
BER: END_SEQ #4 [LOCK] seq_err=0 BER_seq=0.0000e+00 | lock=4 slip=0 BER_cond=0.0000e+00 BER_cum=0.0000e+00
CSV,120011,12000,4,4,0,2044,0,0.000000e+00,0.000000e+00,244904.1,99341402112.0,199846.9,56.96,56.08
BER: SYNC #5 (gated)
CSV,125011,12500,5,4,0,2071,0,0.000000e+00,0.000000e+00,371406.7,99744686080.0,271118.2,55.66,54.29
CSV,130011,13000,5,4,0,2171,0,0.000000e+00,0.000000e+00,256689.2,83367837696.0,187056.3,56.49,55.12
CSV,135011,13500,5,4,0,2271,0,0.000000e+00,0.000000e+00,284471.4,85557600256.0,204627.0,56.21,54.78
CSV,140011,14000,5,4,0,2371,0,0.000000e+00,0.000000e+00,274043.8,94468112384.0,185617.0,57.07,55.37
CSV,145011,14500,5,4,0,2471,0,0.000000e+00,0.000000e+00,301095.6,94913699840.0,208554.4,56.58,54.99
BER: END_SEQ #5 [LOCK] seq_err=0 BER_seq=0.0000e+00 | lock=5 slip=0 BER_cond=0.0000e+00 BER_cum=0.0000e+00
CSV,150011,15000,5,5,0,2555,0,0.000000e+00,0.000000e+00,314807.8,99972571136.0,211071.2,56.75,55.02
BER: SYNC #6 (gated)
CSV,155011,15500,6,5,0,2594,0,0.000000e+00,0.000000e+00,329436.6,91071741952.0,233520.0,55.91,54.42
CSV,160011,16000,6,5,0,2694,0,0.000000e+00,0.000000e+00,265822.3,79147712512.0,176939.2,56.51,54.74
CSV,165011,16500,6,5,0,2794,0,0.000000e+00,0.000000e+00,295780.0,95562997760.0,193533.3,56.94,55.09
CSV,170011,17000,6,5,0,2893,0,0.000000e+00,0.000000e+00,254174.8,91178360832.0,178998.0,57.07,55.55
CSV,175011,17500,6,5,0,2993,0,0.000000e+00,0.000000e+00,299603.2,95635341312.0,193993.0,56.93,55.04
BER: END_SEQ #6 [LOCK] seq_err=0 BER_seq=0.0000e+00 | lock=6 slip=0 BER_cond=0.0000e+00 BER_cum=0.0000e+00
CSV,180011,18000,6,6,0,3066,0,0.000000e+00,0.000000e+00,317104.3,96627720192.0,205453.2,56.72,54.84
BER: SYNC #7 (gated)
CSV,185011,18500,7,6,0,3117,0,0.000000e+00,0.000000e+00,348991.7,94121943040.0,216564.3,56.38,54.31
CSV,190011,19000,7,6,0,3216,0,0.000000e+00,0.000000e+00,254851.1,78213758976.0,174476.5,56.52,54.87
CSV,195011,19500,7,6,0,3316,0,0.000000e+00,0.000000e+00,310581.4,95069642752.0,200416.8,56.76,54.86
CSV,200011,20000,7,6,0,3416,0,0.000000e+00,0.000000e+00,273369.5,91562377216.0,198429.1,56.64,55.25
CSV,205011,20500,7,6,0,3516,0,0.000000e+00,0.000000e+00,287526.4,93579886592.0,208853.0,56.51,55.13
BER: END_SEQ #7 [LOCK] seq_err=0 BER_seq=0.0000e+00 | lock=7 slip=0 BER_cond=0.0000e+00 BER_cum=0.0000e+00
CSV,210011,21000,7,7,0,3577,0,0.000000e+00,0.000000e+00,321788.2,98907512832.0,222854.7,56.47,54.88
BER: SYNC #8 (gated)
CSV,215011,21500,8,7,0,3639,0,0.000000e+00,0.000000e+00,285585.6,95571542016.0,199523.6,56.80,55.25
CSV,220011,22000,8,7,0,3739,0,0.000000e+00,0.000000e+00,228924.0,72007942144.0,171220.8,56.24,54.98
CSV,225011,22500,8,7,0,3839,0,0.000000e+00,0.000000e+00,270308.8,91437850624.0,168355.6,57.35,55.29
CSV,230011,23000,8,7,0,3939,0,0.000000e+00,0.000000e+00,312940.1,101016698880.0,201847.8,56.99,55.09
CSV,235011,23500,8,7,0,4039,0,0.000000e+00,0.000000e+00,302328.2,91440644096.0,212123.0,56.35,54.81
BER: END_SEQ #8 [LOCK] seq_err=0 BER_seq=0.0000e+00 | lock=8 slip=0 BER_cond=0.0000e+00 BER_cum=0.0000e+00
CSV,240011,24000,8,8,0,4088,0,0.000000e+00,0.000000e+00,359000.7,97765359616.0,237121.6,56.15,54.35
BER: SYNC #9 (gated)
CSV,245011,24500,9,8,0,4162,0,0.000000e+00,0.000000e+00,273820.6,98181472256.0,182838.8,57.30,55.55
CSV,250011,25000,9,8,0,4262,0,0.000000e+00,0.000000e+00,267343.1,76520267776.0,192715.6,55.99,54.57
CSV,255011,25500,9,8,0,4362,0,0.000000e+00,0.000000e+00,284466.4,87245897728.0,178390.8,56.89,54.87
CSV,260011,26000,9,8,0,4462,0,0.000000e+00,0.000000e+00,279876.7,103066935296.0,186049.0,57.43,55.66
CSV,265011,26500,9,8,0,4562,0,0.000000e+00,0.000000e+00,289288.1,89476669440.0,198019.8,56.55,54.90
BER: END_SEQ #9 [LOCK] seq_err=0 BER_seq=0.0000e+00 | lock=9 slip=0 BER_cond=0.0000e+00 BER_cum=0.0000e+00
CSV,270011,27000,9,9,0,4599,0,0.000000e+00,0.000000e+00,369641.7,100824539136.0,246923.2,56.11,54.36
BER: SYNC #10 (gated)
CSV,275011,27500,10,9,0,4684,0,0.000000e+00,0.000000e+00,288853.9,95247425536.0,199401.5,56.79,55.18
CSV,280011,28000,10,9,0,4784,0,0.000000e+00,0.000000e+00,264892.1,76907094016.0,181043.2,56.28,54.63
CSV,285011,28500,10,9,0,4885,0,0.000000e+00,0.000000e+00,267306.4,91023220736.0,207769.8,56.42,55.32
CSV,290011,29000,10,9,0,4984,0,0.000000e+00,0.000000e+00,296735.9,99652550656.0,205268.5,56.86,55.26
CSV,295011,29500,10,9,0,5084,0,0.000000e+00,0.000000e+00,272160.2,94254022656.0,203909.2,56.65,55.39
BER: END_SEQ #10 [LOCK] seq_err=0 BER_seq=0.0000e+00 | lock=10 slip=0 BER_cond=0.0000e+00 BER_cum=0.0000e+00
CSV,300011,30000,10,10,0,5110,0,0.000000e+00,0.000000e+00,357376.0,99256229888.0,262567.1,55.78,54.44
BER: SYNC #11 (gated)
CSV,305011,30500,11,10,0,5207,0,0.000000e+00,0.000000e+00,256857.5,92336054272.0,187274.0,56.93,55.56
CSV,310011,31000,11,10,0,5307,0,0.000000e+00,0.000000e+00,241745.7,74612162560.0,169094.9,56.45,54.89
CSV,315011,31500,11,10,0,5407,0,0.000000e+00,0.000000e+00,287916.5,95454167040.0,193270.4,56.94,55.21
CSV,320011,32000,11,10,0,5507,0,0.000000e+00,0.000000e+00,307104.3,94547804160.0,200925.2,56.73,54.88
CSV,325011,32500,11,10,0,5607,0,0.000000e+00,0.000000e+00,277208.1,96964542464.0,200104.5,56.85,55.44
BER: END_SEQ #11 [LOCK] seq_err=0 BER_seq=0.0000e+00 | lock=11 slip=0 BER_cond=0.0000e+00 BER_cum=0.0000e+00
BER: SYNC #12 (gated)
CSV,330011,33000,12,11,0,5630,0,0.000000e+00,0.000000e+00,378561.4,102136610816.0,265709.8,55.85,54.31
CSV,335011,33500,12,11,0,5730,0,0.000000e+00,0.000000e+00,269533.1,93205356544.0,177147.9,57.21,55.39
CSV,340011,34000,12,11,0,5830,0,0.000000e+00,0.000000e+00,252371.5,75591344128.0,171360.7,56.45,54.76
CSV,345011,34500,12,11,0,5930,0,0.000000e+00,0.000000e+00,296141.6,90477527040.0,200953.9,56.53,54.85
CSV,350011,35000,12,11,0,6030,0,0.000000e+00,0.000000e+00,302068.3,101425995776.0,209330.5,56.85,55.26
CSV,355011,35500,12,11,0,6130,0,0.000000e+00,0.000000e+00,266615.7,97402888192.0,187803.2,57.15,55.63
BER: END_SEQ #12 [LOCK] seq_err=0 BER_seq=0.0000e+00 | lock=12 slip=0 BER_cond=0.0000e+00 BER_cum=0.0000e+00
BER: SYNC #13 (gated)
CSV,360011,36000,13,12,0,6153,0,0.000000e+00,0.000000e+00,364459.5,95120302080.0,235746.1,56.06,54.17
CSV,365011,36500,13,12,0,6253,0,0.000000e+00,0.000000e+00,281232.4,86906576896.0,178710.0,56.87,54.90
CSV,370011,37000,13,12,0,6353,0,0.000000e+00,0.000000e+00,260252.4,80355254272.0,192740.2,56.20,54.90
CSV,375011,37500,13,12,0,6452,0,0.000000e+00,0.000000e+00,273486.8,95380103168.0,198191.7,56.82,55.43
CSV,380011,38000,13,12,0,6552,0,0.000000e+00,0.000000e+00,289257.9,93887176704.0,207740.9,56.55,55.11
BER: END_SEQ #13 [LOCK] seq_err=0 BER_seq=0.0000e+00 | lock=13 slip=0 BER_cond=0.0000e+00 BER_cum=0.0000e+00
CSV,385011,38500,13,13,0,6643,0,0.000000e+00,0.000000e+00,268956.0,100243668992.0,214288.9,56.70,55.71
BER: SYNC #14 (gated)
CSV,390011,39000,14,13,0,6675,0,0.000000e+00,0.000000e+00,332900.6,97180172288.0,256763.6,55.78,54.65
CSV,395011,39500,14,13,0,6775,0,0.000000e+00,0.000000e+00,240637.7,81156677632.0,175865.4,56.64,55.28
CSV,400011,40000,14,13,0,6875,0,0.000000e+00,0.000000e+00,285544.1,92110176256.0,206417.6,56.50,55.09
CSV,405011,40500,14,13,0,6975,0,0.000000e+00,0.000000e+00,284483.2,93895319552.0,190769.2,56.92,55.19
CSV,410011,41000,14,13,0,7075,0,0.000000e+00,0.000000e+00,306648.3,93882449920.0,216466.4,56.37,54.86
BER: END_SEQ #14 [LOCK] seq_err=0 BER_seq=0.0000e+00 | lock=14 slip=0 BER_cond=0.0000e+00 BER_cum=0.0000e+00
CSV,415011,41500,14,14,0,7154,0,0.000000e+00,0.000000e+00,327828.0,102646726656.0,221929.6,56.65,54.96
BER: SYNC #15 (gated)
CSV,420011,42000,15,14,0,7198,0,0.000000e+00,0.000000e+00,341060.3,92336398336.0,230123.5,56.03,54.33
CSV,425011,42500,15,14,0,7298,0,0.000000e+00,0.000000e+00,265376.8,78871560192.0,177736.9,56.47,54.73
CSV,430011,43000,15,14,0,7398,0,0.000000e+00,0.000000e+00,315846.3,99477413888.0,204175.7,56.88,54.98
CSV,435011,43500,15,14,0,7498,0,0.000000e+00,0.000000e+00,270681.9,94258176000.0,212170.0,56.48,55.42
CSV,440011,44000,15,14,0,7598,0,0.000000e+00,0.000000e+00,299469.7,98452627456.0,213415.0,56.64,55.17
BER: END_SEQ #15 [LOCK] seq_err=0 BER_seq=0.0000e+00 | lock=15 slip=0 BER_cond=0.0000e+00 BER_cum=0.0000e+00
CSV,445011,44500,15,15,0,7665,0,0.000000e+00,0.000000e+00,312933.8,95961358336.0,216715.8,56.46,54.87
BER: SYNC #16 (gated)
CSV,450011,45000,16,15,0,7721,0,0.000000e+00,0.000000e+00,334630.9,97567367168.0,227252.5,56.33,54.65
CSV,455011,45500,16,15,0,7821,0,0.000000e+00,0.000000e+00,252267.4,77637738496.0,185653.2,56.21,54.88
CSV,460011,46000,16,15,0,7921,0,0.000000e+00,0.000000e+00,282239.6,92295274496.0,187004.1,56.93,55.15
CSV,465011,46500,16,15,0,8021,0,0.000000e+00,0.000000e+00,308195.4,100661239808.0,219614.2,56.61,55.14
CSV,470011,47000,16,15,0,8121,0,0.000000e+00,0.000000e+00,283734.1,89740894208.0,210352.8,56.30,55.00
BER: END_SEQ #16 [LOCK] seq_err=0 BER_seq=0.0000e+00 | lock=16 slip=0 BER_cond=0.0000e+00 BER_cum=0.0000e+00
CSV,475011,47500,16,16,0,8176,0,0.000000e+00,0.000000e+00,340070.4,101343592448.0,263435.8,55.85,54.74
BER: SYNC #17 (gated)
CSV,480011,48000,17,16,0,8244,0,0.000000e+00,0.000000e+00,290764.5,97954439168.0,210483.4,56.68,55.27
CSV,485011,48500,17,16,0,8344,0,0.000000e+00,0.000000e+00,238443.0,71268900864.0,168757.6,56.26,54.76
CSV,490011,49000,17,16,0,8443,0,0.000000e+00,0.000000e+00,265909.4,92425576448.0,171429.2,57.32,55.41
CSV,495011,49500,17,16,0,8543,0,0.000000e+00,0.000000e+00,284681.1,100104224768.0,193881.5,57.13,55.46
CSV,500011,50000,17,16,0,8643,0,0.000000e+00,0.000000e+00,279807.4,87714742272.0,196959.0,56.49,54.96
BER: END_SEQ #17 [LOCK] seq_err=0 BER_seq=0.0000e+00 | lock=17 slip=0 BER_cond=0.0000e+00 BER_cum=0.0000e+00
CSV,505011,50500,17,17,0,8687,0,0.000000e+00,0.000000e+00,365779.0,99305463808.0,225701.4,56.43,54.34
BER: SYNC #18 (gated)
CSV,510011,51000,18,17,0,8766,0,0.000000e+00,0.000000e+00,274362.6,98588155904.0,180548.8,57.37,55.56
CSV,515011,51500,18,17,0,8866,0,0.000000e+00,0.000000e+00,268215.4,76683108352.0,177306.5,56.36,54.56
CSV,520011,52000,18,17,0,8966,0,0.000000e+00,0.000000e+00,278818.6,83370868736.0,192849.1,56.36,54.76
CSV,525011,52500,18,17,0,9066,0,0.000000e+00,0.000000e+00,287219.9,103334051840.0,219049.6,56.74,55.56
CSV,530011,53000,18,17,0,9166,0,0.000000e+00,0.000000e+00,272711.2,90563428352.0,196298.4,56.64,55.21
BER: END_SEQ #18 [LOCK] seq_err=0 BER_seq=0.0000e+00 | lock=18 slip=0 BER_cond=0.0000e+00 BER_cum=0.0000e+00
CSV,535011,53500,18,18,0,9198,0,0.000000e+00,0.000000e+00,348389.7,102088753152.0,245669.1,56.19,54.67
BER: SYNC #19 (gated)
CSV,540011,54000,19,18,0,9289,0,0.000000e+00,0.000000e+00,275384.8,89231253504.0,173736.1,57.11,55.11
CSV,545011,54500,19,18,0,9389,0,0.000000e+00,0.000000e+00,239821.2,74371620864.0,169082.7,56.43,54.92
CSV,550011,55000,19,18,0,9489,0,0.000000e+00,0.000000e+00,264460.5,93610262528.0,179351.2,57.18,55.49
CSV,555011,55500,19,18,0,9589,0,0.000000e+00,0.000000e+00,288886.8,95571312640.0,202146.9,56.75,55.20
CSV,560011,56000,19,18,0,9689,0,0.000000e+00,0.000000e+00,261972.5,91465211904.0,185805.0,56.92,55.43
BER: END_SEQ #19 [LOCK] seq_err=0 BER_seq=0.0000e+00 | lock=19 slip=0 BER_cond=0.0000e+00 BER_cum=0.0000e+00
BER: SYNC #20 (gated)
CSV,565011,56500,20,19,0,9712,0,0.000000e+00,0.000000e+00,356791.6,98118148096.0,238576.4,56.14,54.39
CSV,570011,57000,20,19,0,9812,0,0.000000e+00,0.000000e+00,255174.9,95106580480.0,172939.5,57.40,55.71
CSV,575011,57500,20,19,0,9911,0,0.000000e+00,0.000000e+00,243537.4,73438756864.0,168694.9,56.39,54.79
CSV,580011,58000,20,19,0,10012,0,0.000000e+00,0.000000e+00,268251.5,93680009216.0,179255.9,57.18,55.43
CSV,585011,58500,20,19,0,10112,0,0.000000e+00,0.000000e+00,288737.1,94600167424.0,196372.0,56.83,55.15
CSV,590011,59000,20,19,0,10212,0,0.000000e+00,0.000000e+00,286619.8,93699932160.0,192029.0,56.88,55.14
BER: END_SEQ #20 [LOCK] seq_err=0 BER_seq=0.0000e+00 | lock=20 slip=0 BER_cond=0.0000e+00 BER_cum=0.0000e+00
BER: SYNC #21 (gated)
CSV,595011,59500,21,20,0,10234,0,0.000000e+00,0.000000e+00,364348.3,107304853504.0,245730.9,56.40,54.69
CSV,600011,60000,21,20,0,10334,0,0.000000e+00,0.000000e+00,308574.8,86627098624.0,196101.8,56.45,54.48
CSV,605011,60500,21,20,0,10434,0,0.000000e+00,0.000000e+00,265090.5,76832104448.0,176468.8,56.39,54.62
CSV,610011,61000,21,20,0,10534,0,0.000000e+00,0.000000e+00,269989.0,91673559040.0,197077.5,56.68,55.31
CSV,615011,61500,21,20,0,10634,0,0.000000e+00,0.000000e+00,277830.7,98689368064.0,207027.5,56.78,55.50
BER: END_SEQ #21 [LOCK] seq_err=0 BER_seq=0.0000e+00 | lock=21 slip=0 BER_cond=0.0000e+00 BER_cum=0.0000e+00
CSV,620011,62000,21,21,0,10731,0,0.000000e+00,0.000000e+00,256346.3,99335102464.0,202170.5,56.91,55.88
BER: SYNC #22 (gated)
CSV,625011,62500,22,21,0,10757,0,0.000000e+00,0.000000e+00,367454.3,95010095104.0,256640.1,55.68,54.13
CSV,630011,63000,22,21,0,10857,0,0.000000e+00,0.000000e+00,256316.4,81201799168.0,168849.1,56.82,55.01
CSV,635011,63500,22,21,0,10957,0,0.000000e+00,0.000000e+00,274213.8,86022701056.0,177843.3,56.85,54.97
CSV,640011,64000,22,21,0,11057,0,0.000000e+00,0.000000e+00,265319.5,94435082240.0,183391.4,57.12,55.51
CSV,645011,64500,22,21,0,11157,0,0.000000e+00,0.000000e+00,294167.0,93424115712.0,207766.4,56.53,55.02
BER: END_SEQ #22 [LOCK] seq_err=0 BER_seq=0.0000e+00 | lock=22 slip=0 BER_cond=0.0000e+00 BER_cum=0.0000e+00
CSV,650011,65000,22,22,0,11242,0,0.000000e+00,0.000000e+00,270818.5,99091800064.0,190779.6,57.16,55.63
BER: SYNC #23 (gated)
CSV,655011,65500,23,22,0,11280,0,0.000000e+00,0.000000e+00,346044.7,95347777536.0,235351.7,56.08,54.40
CSV,660011,66000,23,22,0,11380,0,0.000000e+00,0.000000e+00,262799.7,79734874112.0,171948.1,56.66,54.82
CSV,665011,66500,23,22,0,11480,0,0.000000e+00,0.000000e+00,283263.8,93818986496.0,184368.7,57.07,55.20
CSV,670011,67000,23,22,0,11580,0,0.000000e+00,0.000000e+00,284324.2,91960270848.0,190524.8,56.84,55.10
CSV,675011,67500,23,22,0,11680,0,0.000000e+00,0.000000e+00,298292.8,100347453440.0,207095.1,56.85,55.27
BER: END_SEQ #23 [LOCK] seq_err=0 BER_seq=0.0000e+00 | lock=23 slip=0 BER_cond=0.0000e+00 BER_cum=0.0000e+00
CSV,680011,68000,23,23,0,11753,0,0.000000e+00,0.000000e+00,313718.0,96183730176.0,204711.5,56.72,54.87
BER: SYNC #24 (gated)
CSV,685011,68500,24,23,0,11802,0,0.000000e+00,0.000000e+00,313023.2,92422520832.0,200531.4,56.64,54.70
CSV,690011,69000,24,23,0,11903,0,0.000000e+00,0.000000e+00,258096.6,77919125504.0,182968.8,56.29,54.80
CSV,695011,69500,24,23,0,12002,0,0.000000e+00,0.000000e+00,297305.1,96904208384.0,177826.4,57.36,55.13
CSV,700011,70000,24,23,0,12102,0,0.000000e+00,0.000000e+00,260557.8,93098164224.0,201034.9,56.66,55.53
CSV,705011,70500,24,23,0,12202,0,0.000000e+00,0.000000e+00,281984.0,92215410688.0,205246.7,56.53,55.15
BER: END_SEQ #24 [LOCK] seq_err=0 BER_seq=0.0000e+00 | lock=24 slip=0 BER_cond=0.0000e+00 BER_cum=0.0000e+00
CSV,710011,71000,24,24,0,12264,0,0.000000e+00,0.000000e+00,316076.1,96645185536.0,210550.3,56.62,54.85
BER: SYNC #25 (gated)
CSV,715011,71500,25,24,0,12325,0,0.000000e+00,0.000000e+00,308401.8,97703477248.0,216596.9,56.54,55.01
CSV,720011,72000,25,24,0,12425,0,0.000000e+00,0.000000e+00,234179.1,75116101632.0,175593.2,56.31,55.06
CSV,725011,72500,25,24,0,12525,0,0.000000e+00,0.000000e+00,268709.6,90028056576.0,184748.9,56.88,55.25
CSV,730011,73000,25,24,0,12625,0,0.000000e+00,0.000000e+00,291986.4,98254987264.0,204935.8,56.81,55.27
CSV,735011,73500,25,24,0,12725,0,0.000000e+00,0.000000e+00,281528.2,93053566976.0,209748.6,56.47,55.19
BER: END_SEQ #25 [LOCK] seq_err=0 BER_seq=0.0000e+00 | lock=25 slip=0 BER_cond=0.0000e+00 BER_cum=0.0000e+00
CSV,740011,74000,25,25,0,12775,0,0.000000e+00,0.000000e+00,350905.3,99519029248.0,241007.4,56.16,54.53
BER: SYNC #26 (gated)
CSV,745011,74500,26,25,0,12848,0,0.000000e+00,0.000000e+00,276514.8,96751140864.0,194389.3,56.97,55.44
CSV,750011,75000,26,25,0,12948,0,0.000000e+00,0.000000e+00,231192.5,73621913600.0,175327.5,56.23,55.03
CSV,755011,75500,26,25,0,13048,0,0.000000e+00,0.000000e+00,274878.7,87737319424.0,162107.2,57.33,55.04
CSV,760011,76000,26,25,0,13148,0,0.000000e+00,0.000000e+00,296212.3,105863151616.0,184980.5,57.58,55.53
CSV,765011,76500,26,25,0,13248,0,0.000000e+00,0.000000e+00,274199.7,85925994496.0,198259.4,56.37,54.96
BER: END_SEQ #26 [LOCK] seq_err=0 BER_seq=0.0000e+00 | lock=26 slip=0 BER_cond=0.0000e+00 BER_cum=0.0000e+00
CSV,770011,77000,26,26,0,13286,0,0.000000e+00,0.000000e+00,366923.2,98359164928.0,238738.1,56.15,54.28
BER: SYNC #27 (gated)
CSV,775011,77500,27,26,0,13371,0,0.000000e+00,0.000000e+00,264984.6,97020854272.0,174346.6,57.45,55.64
CSV,780011,78000,27,26,0,13470,0,0.000000e+00,0.000000e+00,269144.4,77762117632.0,180985.2,56.33,54.61
CSV,785011,78500,27,26,0,13571,0,0.000000e+00,0.000000e+00,268866.9,87444512768.0,184695.5,56.75,55.12
CSV,790011,79000,27,26,0,13670,0,0.000000e+00,0.000000e+00,281493.4,97955332096.0,205323.5,56.79,55.42
CSV,795011,79500,27,26,0,13770,0,0.000000e+00,0.000000e+00,273997.1,94683144192.0,198501.7,56.79,55.39
BER: END_SEQ #27 [LOCK] seq_err=0 BER_seq=0.0000e+00 | lock=27 slip=0 BER_cond=0.0000e+00 BER_cum=0.0000e+00
CSV,800011,80000,27,27,0,13797,0,0.000000e+00,0.000000e+00,360609.9,101842747392.0,259375.7,55.94,54.51
BER: SYNC #28 (gated)
CSV,805011,80500,28,27,0,13893,0,0.000000e+00,0.000000e+00,293508.1,92326010880.0,198326.1,56.68,54.98
CSV,810011,81000,28,27,0,13993,0,0.000000e+00,0.000000e+00,254235.4,72504360960.0,179587.8,56.06,54.55
CSV,815011,81500,28,27,0,14093,0,0.000000e+00,0.000000e+00,274706.4,98070945792.0,191336.0,57.10,55.53
CSV,820011,82000,28,27,0,14193,0,0.000000e+00,0.000000e+00,311555.2,96002621440.0,214997.2,56.50,54.89
CSV,825011,82500,28,27,0,14293,0,0.000000e+00,0.000000e+00,255008.8,97127129088.0,197252.0,56.92,55.81
BER: END_SEQ #28 [LOCK] seq_err=0 BER_seq=0.0000e+00 | lock=28 slip=0 BER_cond=0.0000e+00 BER_cum=0.0000e+00
BER: SYNC #29 (gated)
CSV,830011,83000,29,28,0,14316,0,0.000000e+00,0.000000e+00,373879.7,99637714944.0,257859.1,55.87,54.26
CSV,835011,83500,29,28,0,14416,0,0.000000e+00,0.000000e+00,280558.2,97402142720.0,205363.9,56.76,55.41
CSV,840011,84000,29,28,0,14516,0,0.000000e+00,0.000000e+00,248794.1,78603649024.0,201106.7,55.92,55.00
CSV,845011,84500,29,28,0,14616,0,0.000000e+00,0.000000e+00,292085.3,93190471680.0,208961.6,56.49,55.04
CSV,850011,85000,29,28,0,14716,0,0.000000e+00,0.000000e+00,293241.2,99451904000.0,236672.8,56.23,55.30
CSV,855011,85500,29,28,0,14816,0,0.000000e+00,0.000000e+00,293814.0,102466707456.0,212982.3,56.82,55.43
BER: END_SEQ #29 [LOCK] seq_err=0 BER_seq=0.0000e+00 | lock=29 slip=0 BER_cond=0.0000e+00 BER_cum=0.0000e+00
BER: SYNC #30 (gated)
CSV,860011,86000,30,29,0,14839,0,0.000000e+00,0.000000e+00,394526.4,101331075072.0,283773.4,55.53,54.10
CSV,865011,86500,30,29,0,14939,0,0.000000e+00,0.000000e+00,309416.2,88025186304.0,218712.6,56.05,54.54
CSV,870011,87000,30,29,0,15039,0,0.000000e+00,0.000000e+00,262981.6,80146145280.0,192515.1,56.19,54.84
CSV,875011,87500,30,29,0,15139,0,0.000000e+00,0.000000e+00,282446.8,98153037824.0,215345.0,56.59,55.41
CSV,880011,88000,30,29,0,15239,0,0.000000e+00,0.000000e+00,292839.6,96722706432.0,194110.3,56.97,55.19
BER: END_SEQ #30 [LOCK] seq_err=0 BER_seq=0.0000e+00 | lock=30 slip=0 BER_cond=0.0000e+00 BER_cum=0.0000e+00
CSV,885011,88500,30,30,0,15330,0,0.000000e+00,0.000000e+00,256844.6,98626912256.0,198451.8,56.96,55.84
BER: SYNC #31 (gated)
CSV,890011,89000,31,30,0,15361,0,0.000000e+00,0.000000e+00,357526.4,95086657536.0,248755.3,55.82,54.25
CSV,895011,89500,31,30,0,15461,0,0.000000e+00,0.000000e+00,247300.7,82617950208.0,215935.9,55.83,55.24
CSV,900011,90000,31,30,0,15561,0,0.000000e+00,0.000000e+00,295549.2,94424539136.0,220150.3,56.32,55.04
CSV,905011,90500,31,30,0,15661,0,0.000000e+00,0.000000e+00,293883.3,92986966016.0,206119.9,56.54,55.00
CSV,910011,91000,31,30,0,15761,0,0.000000e+00,0.000000e+00,301215.7,89738313728.0,212042.7,56.27,54.74
BER: END_SEQ #31 [LOCK] seq_err=0 BER_seq=0.0000e+00 | lock=31 slip=0 BER_cond=0.0000e+00 BER_cum=0.0000e+00
CSV,915011,91500,31,31,0,15841,0,0.000000e+00,0.000000e+00,322321.0,103320870912.0,223364.1,56.65,55.06
BER: SYNC #32 (gated)
CSV,920011,92000,32,31,0,15884,0,0.000000e+00,0.000000e+00,328960.5,93927301120.0,275717.0,55.32,54.56
CSV,925011,92500,32,31,0,15984,0,0.000000e+00,0.000000e+00,252981.4,79348105216.0,211232.5,55.75,54.96
CSV,930011,93000,32,31,0,16084,0,0.000000e+00,0.000000e+00,327133.1,96875790336.0,233594.2,56.18,54.71
CSV,935011,93500,32,31,0,16184,0,0.000000e+00,0.000000e+00,273312.3,94485798912.0,202476.9,56.69,55.39
CSV,940011,94000,32,31,0,16284,0,0.000000e+00,0.000000e+00,308549.5,100810407936.0,205518.0,56.91,55.14
BER: END_SEQ #32 [LOCK] seq_err=0 BER_seq=0.0000e+00 | lock=32 slip=0 BER_cond=0.0000e+00 BER_cum=0.0000e+00
CSV,945011,94500,32,32,0,16352,0,0.000000e+00,0.000000e+00,331453.9,96960937984.0,229569.8,56.26,54.66
BER: SYNC #33 (gated)
CSV,950011,95000,33,32,0,16407,0,0.000000e+00,0.000000e+00,330294.9,94165049344.0,238137.8,55.97,54.55
CSV,955011,95500,33,32,0,16507,0,0.000000e+00,0.000000e+00,239557.8,80595410944.0,198088.8,56.09,55.27
CSV,960011,96000,33,32,0,16607,0,0.000000e+00,0.000000e+00,298807.9,96490029056.0,245621.5,55.94,55.09
CSV,965011,96500,33,32,0,16707,0,0.000000e+00,0.000000e+00,302140.6,100039393280.0,217464.9,56.63,55.20
CSV,970011,97000,33,32,0,16807,0,0.000000e+00,0.000000e+00,278502.0,89518260224.0,201502.8,56.48,55.07
BER: END_SEQ #33 [LOCK] seq_err=0 BER_seq=0.0000e+00 | lock=33 slip=0 BER_cond=0.0000e+00 BER_cum=0.0000e+00
CSV,975011,97500,33,33,0,16863,0,0.000000e+00,0.000000e+00,318997.3,103375765504.0,247303.6,56.21,55.11
BER: SYNC #34 (gated)
CSV,980011,98000,34,33,0,16929,0,0.000000e+00,0.000000e+00,292967.1,100317175808.0,205196.4,56.89,55.35
CSV,985011,98500,34,33,0,17029,0,0.000000e+00,0.000000e+00,270211.7,72647073792.0,190697.2,55.81,54.30
CSV,990011,99000,34,33,0,17129,0,0.000000e+00,0.000000e+00,295440.6,91525603328.0,186123.2,56.92,54.91
CSV,995011,99500,34,33,0,17230,0,0.000000e+00,0.000000e+00,293534.3,103036993536.0,221517.8,56.68,55.45
CSV,1000011,100000,34,33,0,17329,0,0.000000e+00,0.000000e+00,307564.8,93311672320.0,211051.7,56.46,54.82
BER: END_SEQ #34 [LOCK] seq_err=0 BER_seq=0.0000e+00 | lock=34 slip=0 BER_cond=0.0000e+00 BER_cum=0.0000e+00
CSV,1005011,100500,34,34,0,17374,0,0.000000e+00,0.000000e+00,377928.9,100655030272.0,254680.9,55.97,54.25
BER: SYNC #35 (gated)
CSV,1010011,101000,35,34,0,17452,0,0.000000e+00,0.000000e+00,308992.8,97482506240.0,207060.2,56.73,54.99
CSV,1015011,101500,35,34,0,17552,0,0.000000e+00,0.000000e+00,282381.0,77124247552.0,200823.4,55.84,54.36
CSV,1020011,102000,35,34,0,17652,0,0.000000e+00,0.000000e+00,269015.8,89221070848.0,197809.8,56.54,55.21
CSV,1025011,102500,35,34,0,17752,0,0.000000e+00,0.000000e+00,318762.3,105970515968.0,239079.5,56.47,55.22
CSV,1030011,103000,35,34,0,17852,0,0.000000e+00,0.000000e+00,253541.4,89219948544.0,204866.0,56.39,55.46
BER: END_SEQ #35 [LOCK] seq_err=0 BER_seq=0.0000e+00 | lock=35 slip=0 BER_cond=0.0000e+00 BER_cum=0.0000e+00
CSV,1035011,103500,35,35,0,17885,0,0.000000e+00,0.000000e+00,380257.3,103878033408.0,261605.5,55.99,54.36
BER: SYNC #36 (gated)
CSV,1040011,104000,36,35,0,17975,0,0.000000e+00,0.000000e+00,254894.9,95536627712.0,179734.0,57.26,55.74
CSV,1045011,104500,36,35,0,18075,0,0.000000e+00,0.000000e+00,255357.7,76417368064.0,192172.4,56.00,54.76
CSV,1050011,105000,36,35,0,18175,0,0.000000e+00,0.000000e+00,285395.7,92993093632.0,188807.0,56.92,55.13
CSV,1055011,105500,36,35,0,18275,0,0.000000e+00,0.000000e+00,306140.1,96803635200.0,207024.1,56.70,55.00
CSV,1060011,106000,36,35,0,18375,0,0.000000e+00,0.000000e+00,285154.1,94880808960.0,225015.3,56.25,55.22
BER: END_SEQ #36 [LOCK] seq_err=0 BER_seq=0.0000e+00 | lock=36 slip=0 BER_cond=0.0000e+00 BER_cum=0.0000e+00
BER: SYNC #37 (gated)
CSV,1065011,106500,37,36,0,18398,0,0.000000e+00,0.000000e+00,386001.3,102920470528.0,256906.4,56.03,54.26
CSV,1070011,107000,37,36,0,18498,0,0.000000e+00,0.000000e+00,302890.8,93395214336.0,195830.0,56.78,54.89
CSV,1075011,107500,37,36,0,18598,0,0.000000e+00,0.000000e+00,277617.0,75903729664.0,190168.6,56.01,54.37
CSV,1080011,108000,37,36,0,18698,0,0.000000e+00,0.000000e+00,263160.8,96281976832.0,196226.9,56.91,55.63
CSV,1085011,108500,37,36,0,18797,0,0.000000e+00,0.000000e+00,301384.2,97577459712.0,223332.0,56.40,55.10
CSV,1090011,109000,37,36,0,18897,0,0.000000e+00,0.000000e+00,257689.0,93169254400.0,199486.9,56.69,55.58
BER: END_SEQ #37 [LOCK] seq_err=0 BER_seq=0.0000e+00 | lock=37 slip=0 BER_cond=0.0000e+00 BER_cum=0.0000e+00
BER: SYNC #38 (gated)
CSV,1095011,109500,38,37,0,18921,0,0.000000e+00,0.000000e+00,368529.8,105994600448.0,275703.2,55.85,54.59
CSV,1100011,110000,38,37,0,19020,0,0.000000e+00,0.000000e+00,301589.0,92830064640.0,208905.4,56.48,54.88
CSV,1105011,110500,38,37,0,19120,0,0.000000e+00,0.000000e+00,248805.1,78550040576.0,181839.6,56.35,54.99
CSV,1110011,111000,38,37,0,19220,0,0.000000e+00,0.000000e+00,279882.4,90063724544.0,203969.5,56.45,55.08
CSV,1115011,111500,38,37,0,19320,0,0.000000e+00,0.000000e+00,287927.1,98482290688.0,206744.5,56.78,55.34
BER: END_SEQ #38 [LOCK] seq_err=0 BER_seq=0.0000e+00 | lock=38 slip=0 BER_cond=0.0000e+00 BER_cum=0.0000e+00
CSV,1120011,112000,38,38,0,19418,0,0.000000e+00,0.000000e+00,267033.6,102014263296.0,195863.2,57.17,55.82
BER: SYNC #39 (gated)
CSV,1125011,112500,39,38,0,19443,0,0.000000e+00,0.000000e+00,365669.5,96922353664.0,249147.8,55.90,54.23
CSV,1130011,113000,39,38,0,19543,0,0.000000e+00,0.000000e+00,281492.4,82163933184.0,206958.4,55.99,54.65
CSV,1135011,113500,39,38,0,19643,0,0.000000e+00,0.000000e+00,266376.8,84486537216.0,206651.4,56.12,55.01
CSV,1140011,114000,39,38,0,19743,0,0.000000e+00,0.000000e+00,289366.7,96976093184.0,223838.9,56.37,55.25
CSV,1145011,114500,39,38,0,19843,0,0.000000e+00,0.000000e+00,290818.9,96796737536.0,206673.6,56.71,55.22
BER: END_SEQ #39 [LOCK] seq_err=0 BER_seq=0.0000e+00 | lock=39 slip=0 BER_cond=0.0000e+00 BER_cum=0.0000e+00
CSV,1150011,115000,39,39,0,19929,0,0.000000e+00,0.000000e+00,319119.3,98271330304.0,215420.6,56.59,54.88
BER: SYNC #40 (gated)
CSV,1155011,115500,40,39,0,19966,0,0.000000e+00,0.000000e+00,364164.0,92621799424.0,261784.0,55.49,54.05
CSV,1160011,116000,40,39,0,20066,0,0.000000e+00,0.000000e+00,266742.0,83143901184.0,192314.5,56.36,54.94
CSV,1165011,116500,40,39,0,20166,0,0.000000e+00,0.000000e+00,311064.2,94182662144.0,217872.7,56.36,54.81
CSV,1170011,117000,40,39,0,20266,0,0.000000e+00,0.000000e+00,262410.6,92883910656.0,204691.4,56.57,55.49
CSV,1175011,117500,40,39,0,20366,0,0.000000e+00,0.000000e+00,291090.9,95631114240.0,202425.3,56.74,55.17
BER: END_SEQ #40 [LOCK] seq_err=0 BER_seq=0.0000e+00 | lock=40 slip=0 BER_cond=0.0000e+00 BER_cum=0.0000e+00
CSV,1180011,118000,40,40,0,20440,0,0.000000e+00,0.000000e+00,287589.4,101265465344.0,210270.2,56.83,55.47
BER: SYNC #41 (gated)
CSV,1185011,118500,41,40,0,20489,0,0.000000e+00,0.000000e+00,319289.4,95143239680.0,224890.2,56.26,54.74
CSV,1190011,119000,41,40,0,20589,0,0.000000e+00,0.000000e+00,253164.2,75848515584.0,182846.5,56.18,54.77
CSV,1195011,119500,41,40,0,20688,0,0.000000e+00,0.000000e+00,305090.2,95743565824.0,211125.3,56.57,54.97
CSV,1200011,120000,41,40,0,20788,0,0.000000e+00,0.000000e+00,281309.7,97943764992.0,194815.7,57.01,55.42
CSV,1205011,120500,41,40,0,20888,0,0.000000e+00,0.000000e+00,307429.7,94260027392.0,215740.5,56.40,54.87
BER: END_SEQ #41 [LOCK] seq_err=0 BER_seq=0.0000e+00 | lock=41 slip=0 BER_cond=0.0000e+00 BER_cum=0.0000e+00
CSV,1210011,121000,41,41,0,20951,0,0.000000e+00,0.000000e+00,321971.7,96413294592.0,226141.0,56.30,54.76
BER: SYNC #42 (gated)
CSV,1215011,121500,42,41,0,21011,0,0.000000e+00,0.000000e+00,289902.6,94514561024.0,207218.4,56.59,55.13
CSV,1220011,122000,42,41,0,21111,0,0.000000e+00,0.000000e+00,278863.1,79758434304.0,197702.3,56.06,54.56
CSV,1225011,122500,42,41,0,21211,0,0.000000e+00,0.000000e+00,291088.8,92633980928.0,218876.1,56.27,55.03
CSV,1230011,123000,42,41,0,21311,0,0.000000e+00,0.000000e+00,282785.4,96992223232.0,210083.8,56.64,55.35
CSV,1235011,123500,42,41,0,21411,0,0.000000e+00,0.000000e+00,323460.7,91392319488.0,228377.6,56.02,54.51
BER: END_SEQ #42 [LOCK] seq_err=0 BER_seq=0.0000e+00 | lock=42 slip=0 BER_cond=0.0000e+00 BER_cum=0.0000e+00
CSV,1240011,124000,42,42,0,21462,0,0.000000e+00,0.000000e+00,378515.4,104413315072.0,252401.4,56.17,54.41
BER: SYNC #43 (gated)
CSV,1245011,124500,43,42,0,21534,0,0.000000e+00,0.000000e+00,330145.2,101676924928.0,229548.2,56.46,54.89
CSV,1250011,125000,43,42,0,21634,0,0.000000e+00,0.000000e+00,264053.7,72491114496.0,169391.9,56.31,54.39
CSV,1255011,125500,43,42,0,21734,0,0.000000e+00,0.000000e+00,283109.0,87534804992.0,196684.5,56.48,54.90
CSV,1260011,126000,43,42,0,21834,0,0.000000e+00,0.000000e+00,275979.2,108083724288.0,212452.0,57.06,55.93
CSV,1265011,126500,43,42,0,21934,0,0.000000e+00,0.000000e+00,279718.4,88574337024.0,203708.3,56.38,55.01
BER: END_SEQ #43 [LOCK] seq_err=0 BER_seq=0.0000e+00 | lock=43 slip=0 BER_cond=0.0000e+00 BER_cum=0.0000e+00
CSV,1270011,127000,43,43,0,21973,0,0.000000e+00,0.000000e+00,349054.3,97901854720.0,256791.8,55.81,54.48
BER: SYNC #44 (gated)
CSV,1275011,127500,44,43,0,22057,0,0.000000e+00,0.000000e+00,296078.6,96976125952.0,190493.0,57.07,55.15
CSV,1280011,128000,44,43,0,22157,0,0.000000e+00,0.000000e+00,251238.9,80492847104.0,196384.9,56.13,55.06
CSV,1285011,128500,44,43,0,22257,0,0.000000e+00,0.000000e+00,279171.2,88275492864.0,202815.5,56.39,55.00
CSV,1290011,129000,44,43,0,22356,0,0.000000e+00,0.000000e+00,280919.0,99963330560.0,199313.1,57.00,55.51
CSV,1295011,129500,44,43,0,22457,0,0.000000e+00,0.000000e+00,278665.1,92341682176.0,195464.6,56.74,55.20
BER: END_SEQ #44 [LOCK] seq_err=0 BER_seq=0.0000e+00 | lock=44 slip=0 BER_cond=0.0000e+00 BER_cum=0.0000e+00
CSV,1300011,130000,44,44,0,22484,0,0.000000e+00,0.000000e+00,344978.3,104212856832.0,244847.6,56.29,54.80
BER: SYNC #45 (gated)
CSV,1305011,130500,45,44,0,22579,0,0.000000e+00,0.000000e+00,269672.6,92061868032.0,196192.4,56.71,55.33
CSV,1310011,131000,45,44,0,22679,0,0.000000e+00,0.000000e+00,281322.5,71924195328.0,198803.6,55.58,54.08
CSV,1315011,131500,45,44,0,22779,0,0.000000e+00,0.000000e+00,291404.5,93715365888.0,207110.3,56.56,55.07
CSV,1320011,132000,45,44,0,22879,0,0.000000e+00,0.000000e+00,301961.3,98048532480.0,212228.4,56.65,55.11
CSV,1325011,132500,45,44,0,22979,0,0.000000e+00,0.000000e+00,297478.8,97669005312.0,204684.4,56.79,55.16
BER: END_SEQ #45 [LOCK] seq_err=0 BER_seq=0.0000e+00 | lock=45 slip=0 BER_cond=0.0000e+00 BER_cum=0.0000e+00
BER: SYNC #46 (gated)
CSV,1330011,133000,46,45,0,23002,0,0.000000e+00,0.000000e+00,374081.2,98230321152.0,254472.7,55.87,54.19
CSV,1335011,133500,46,45,0,23102,0,0.000000e+00,0.000000e+00,305210.8,93855236096.0,212931.4,56.44,54.88
CSV,1340011,134000,46,45,0,23202,0,0.000000e+00,0.000000e+00,284706.7,77237280768.0,188379.2,56.13,54.33
CSV,1345011,134500,46,45,0,23302,0,0.000000e+00,0.000000e+00,275952.4,94635892736.0,211798.2,56.50,55.35
CSV,1350011,135000,46,45,0,23402,0,0.000000e+00,0.000000e+00,292810.1,97408139264.0,210227.4,56.66,55.22
CSV,1355011,135500,46,45,0,23502,0,0.000000e+00,0.000000e+00,238375.8,95576612864.0,183288.0,57.17,56.03
BER: END_SEQ #46 [LOCK] seq_err=0 BER_seq=0.0000e+00 | lock=46 slip=0 BER_cond=0.0000e+00 BER_cum=0.0000e+00
BER: SYNC #47 (gated)
CSV,1360011,136000,47,46,0,23525,0,0.000000e+00,0.000000e+00,374740.0,100653916160.0,257748.7,55.92,54.29
CSV,1365011,136500,47,46,0,23625,0,0.000000e+00,0.000000e+00,268531.8,88944459776.0,202600.0,56.42,55.20
CSV,1370011,137000,47,46,0,23725,0,0.000000e+00,0.000000e+00,263853.7,79093596160.0,176142.4,56.52,54.77
CSV,1375011,137500,47,46,0,23825,0,0.000000e+00,0.000000e+00,288765.8,92779626496.0,205597.8,56.54,55.07
CSV,1380011,138000,47,46,0,23925,0,0.000000e+00,0.000000e+00,279414.8,96558047232.0,198675.5,56.87,55.39
BER: END_SEQ #47 [LOCK] seq_err=0 BER_seq=0.0000e+00 | lock=47 slip=0 BER_cond=0.0000e+00 BER_cum=0.0000e+00
CSV,1385011,138500,47,47,0,24017,0,0.000000e+00,0.000000e+00,282788.5,102165422080.0,198932.2,57.11,55.58
BER: SYNC #48 (gated)
CSV,1390011,139000,48,47,0,24047,0,0.000000e+00,0.000000e+00,345929.7,94317985792.0,231886.9,56.09,54.36
CSV,1395011,139500,48,47,0,24147,0,0.000000e+00,0.000000e+00,264411.2,78914699264.0,185887.4,56.28,54.75
CSV,1400011,140000,48,47,0,24248,0,0.000000e+00,0.000000e+00,265855.8,91910602752.0,190638.7,56.83,55.39
CSV,1405011,140500,48,47,0,24347,0,0.000000e+00,0.000000e+00,287375.2,94628962304.0,198894.5,56.77,55.18
CSV,1410011,141000,48,47,0,24447,0,0.000000e+00,0.000000e+00,285686.2,90357211136.0,219257.1,56.15,55.00
BER: END_SEQ #48 [LOCK] seq_err=0 BER_seq=0.0000e+00 | lock=48 slip=0 BER_cond=0.0000e+00 BER_cum=0.0000e+00
CSV,1415011,141500,48,48,0,24528,0,0.000000e+00,0.000000e+00,330901.1,98791743488.0,222695.5,56.47,54.75
BER: SYNC #49 (gated)
CSV,1420011,142000,49,48,0,24570,0,0.000000e+00,0.000000e+00,332911.1,91645755392.0,225827.1,56.08,54.40
CSV,1425011,142500,49,48,0,24670,0,0.000000e+00,0.000000e+00,259896.8,81588084736.0,188750.1,56.36,54.97
CSV,1430011,143000,49,48,0,24770,0,0.000000e+00,0.000000e+00,308918.3,94481424384.0,210028.8,56.53,54.86
CSV,1435011,143500,49,48,0,24870,0,0.000000e+00,0.000000e+00,253024.3,90496933888.0,194771.4,56.67,55.53
CSV,1440011,144000,49,48,0,24970,0,0.000000e+00,0.000000e+00,292957.0,98634989568.0,223855.8,56.44,55.27
BER: END_SEQ #49 [LOCK] seq_err=0 BER_seq=0.0000e+00 | lock=49 slip=0 BER_cond=0.0000e+00 BER_cum=0.0000e+00
CSV,1445011,144500,49,49,0,25039,0,0.000000e+00,0.000000e+00,309505.3,97197678592.0,218680.0,56.48,54.97
BER: SYNC #50 (gated)
CSV,1450011,145000,50,49,0,25093,0,0.000000e+00,0.000000e+00,345928.3,91730026496.0,233847.6,55.94,54.24
CSV,1455011,145500,50,49,0,25193,0,0.000000e+00,0.000000e+00,238052.9,77097172992.0,187971.1,56.13,55.10
CSV,1460011,146000,50,49,0,25293,0,0.000000e+00,0.000000e+00,287415.9,95085363200.0,186670.2,57.07,55.20
CSV,1465011,146500,50,49,0,25393,0,0.000000e+00,0.000000e+00,292714.2,99275882496.0,189184.0,57.20,55.30
CSV,1470011,147000,50,49,0,25493,0,0.000000e+00,0.000000e+00,275786.2,90118045696.0,200531.3,56.53,55.14
BER: END_SEQ #50 [LOCK] seq_err=0 BER_seq=0.0000e+00 | lock=50 slip=0 BER_cond=0.0000e+00 BER_cum=0.0000e+00
CSV,1475011,147500,50,50,0,25550,0,0.000000e+00,0.000000e+00,309537.5,96756940800.0,216627.2,56.50,54.95
BER: SYNC #51 (gated)
CSV,1480011,148000,51,50,0,25616,0,0.000000e+00,0.000000e+00,300352.1,98775498752.0,198990.5,56.96,55.17
CSV,1485011,148500,51,50,0,25716,0,0.000000e+00,0.000000e+00,254744.9,74493952000.0,182403.1,56.11,54.66
CSV,1490011,149000,51,50,0,25815,0,0.000000e+00,0.000000e+00,303860.2,90573111296.0,201010.9,56.54,54.74
CSV,1495011,149500,51,50,0,25915,0,0.000000e+00,0.000000e+00,282311.8,97436975104.0,199453.4,56.89,55.38
CSV,1500011,150000,51,50,0,26015,0,0.000000e+00,0.000000e+00,293144.8,91347648512.0,210683.6,56.37,54.94
BER: END_SEQ #51 [LOCK] seq_err=0 BER_seq=0.0000e+00 | lock=51 slip=0 BER_cond=0.0000e+00 BER_cum=0.0000e+00
CSV,1505011,150500,51,51,0,26061,0,0.000000e+00,0.000000e+00,372921.7,101694586880.0,239549.3,56.28,54.36

=========================================
=== END OF TEST (duration=25 min) ===
=========================================
FINAL: syncs=51 lock=51 slip=0 slip_rate=0.0000
FINAL: bits_cum=26061 err_cum=0 BER_cum=0.0000e+00
FINAL: bits_lock=26061 err_lock=0 BER_cond=0.0000e+00
=========================================
=== STOP LOGGING NOW ===
=========================================
