

=== RX BOOT - BER TEST MODE ===
MOD=OOK (20 kHz carrier, adaptive threshold)
BPS_MODE=40 (HALF_SAMPLES=1000, 5000 samples/bit @ 200000 Hz)
Expect: 64-bit preamble + Barker13 (1F35h, gated by 8 preamble bits = 0x55) + 511-bit PRBS-9
Noise floor band: 5000 Hz; lock threshold: BER<0.10
Auto-stop: test will halt 25 min after the first sync.
RX: edge-tracking sync, center-3 voting
Starting decoder...

CSV,5008,1000,0,0,0,0,0,0.000000e+00,0.000000e+00,9341.8,25643618.0,26931.1,29.79,34.39
CSV,10008,2000,0,0,0,0,0,0.000000e+00,0.000000e+00,9218.8,27381788.0,23599.9,30.65,34.73
BER: SYNC #1 (gated)
CSV,15008,3000,1,0,0,1,0,0.000000e+00,0.000000e+00,8628.2,29251044.0,21557.7,31.33,35.30
CSV,20008,4000,1,0,0,201,0,0.000000e+00,0.000000e+00,9181.2,24358178.0,26639.6,29.61,34.24
CSV,25008,5000,1,0,0,401,0,0.000000e+00,0.000000e+00,8998.5,28680046.0,25623.4,30.49,35.03
BER: END_SEQ #1 [LOCK] seq_err=0 BER_seq=0.0000e+00 | lock=1 slip=0 BER_cond=0.0000e+00 BER_cum=0.0000e+00
BER: SYNC #2 (gated)
CSV,30008,6000,2,1,0,524,0,0.000000e+00,0.000000e+00,9249.6,28887574.0,22470.4,31.09,34.95
CSV,35008,7000,2,1,0,724,0,0.000000e+00,0.000000e+00,8904.5,25331846.0,23011.4,30.42,34.54
CSV,40008,8000,2,1,0,924,0,0.000000e+00,0.000000e+00,8831.6,27465958.0,23344.7,30.71,34.93
BER: END_SEQ #2 [LOCK] seq_err=0 BER_seq=0.0000e+00 | lock=2 slip=0 BER_cond=0.0000e+00 BER_cum=0.0000e+00
BER: SYNC #3 (gated)
CSV,45008,9000,3,2,0,1046,0,0.000000e+00,0.000000e+00,9694.6,29333606.0,26424.4,30.45,34.81
CSV,50008,10000,3,2,0,1247,0,0.000000e+00,0.000000e+00,9754.0,24584212.0,25765.7,29.80,34.01
CSV,55008,11000,3,2,0,1446,0,0.000000e+00,0.000000e+00,9158.7,28799404.0,24254.5,30.75,34.98
BER: END_SEQ #3 [LOCK] seq_err=0 BER_seq=0.0000e+00 | lock=3 slip=0 BER_cond=0.0000e+00 BER_cum=0.0000e+00
BER: SYNC #4 (gated)
CSV,60008,12000,4,3,0,1569,0,0.000000e+00,0.000000e+00,8534.4,28095042.0,22263.3,31.01,35.17
CSV,65008,13000,4,3,0,1769,0,0.000000e+00,0.000000e+00,9296.9,26053944.0,23355.6,30.47,34.48
CSV,70008,14000,4,3,0,1969,0,0.000000e+00,0.000000e+00,9085.1,27682360.0,24031.5,30.61,34.84
BER: END_SEQ #4 [LOCK] seq_err=0 BER_seq=0.0000e+00 | lock=4 slip=0 BER_cond=0.0000e+00 BER_cum=0.0000e+00
BER: SYNC #5 (gated)
CSV,75008,15000,5,4,0,2092,0,0.000000e+00,0.000000e+00,9307.8,28970766.0,23804.1,30.85,34.93
CSV,80008,16000,5,4,0,2292,0,0.000000e+00,0.000000e+00,8913.6,25342100.0,23257.1,30.37,34.54
CSV,85008,17000,5,4,0,2492,0,0.000000e+00,0.000000e+00,9050.3,28301258.0,24453.4,30.63,34.95
BER: END_SEQ #5 [LOCK] seq_err=0 BER_seq=0.0000e+00 | lock=5 slip=0 BER_cond=0.0000e+00 BER_cum=0.0000e+00
BER: SYNC #6 (gated)
CSV,90008,18000,6,5,0,2615,0,0.000000e+00,0.000000e+00,9611.6,28165746.0,22718.8,30.93,34.67
CSV,95008,19000,6,5,0,2815,0,0.000000e+00,0.000000e+00,9358.3,25453340.0,25073.5,30.07,34.35
CSV,100008,20000,6,5,0,3014,0,0.000000e+00,0.000000e+00,8998.0,27949912.0,25077.3,30.47,34.92
BER: END_SEQ #6 [LOCK] seq_err=0 BER_seq=0.0000e+00 | lock=6 slip=0 BER_cond=0.0000e+00 BER_cum=0.0000e+00
BER: SYNC #7 (gated)
CSV,105008,21000,7,6,0,3137,0,0.000000e+00,0.000000e+00,9215.9,29881840.0,22794.7,31.18,35.11
CSV,110008,22000,7,6,0,3337,0,0.000000e+00,0.000000e+00,8936.4,23834836.0,22483.6,30.25,34.26
CSV,115008,23000,7,6,0,3537,0,0.000000e+00,0.000000e+00,8697.9,28759962.0,23031.8,30.96,35.19
BER: END_SEQ #7 [LOCK] seq_err=0 BER_seq=0.0000e+00 | lock=7 slip=0 BER_cond=0.0000e+00 BER_cum=0.0000e+00
BER: SYNC #8 (gated)
CSV,120008,24000,8,7,0,3660,0,0.000000e+00,0.000000e+00,8581.7,29405494.0,25413.7,30.63,35.35
CSV,125008,25000,8,7,0,3860,0,0.000000e+00,0.000000e+00,8893.0,24602422.0,25183.3,29.90,34.42
CSV,130008,26000,8,7,0,4060,0,0.000000e+00,0.000000e+00,8941.8,28959348.0,23962.3,30.82,35.10
BER: END_SEQ #8 [LOCK] seq_err=0 BER_seq=0.0000e+00 | lock=8 slip=0 BER_cond=0.0000e+00 BER_cum=0.0000e+00
BER: SYNC #9 (gated)
CSV,135008,27000,9,8,0,4183,0,0.000000e+00,0.000000e+00,9149.7,28447686.0,21664.5,31.18,34.93
CSV,140008,28000,9,8,0,4383,0,0.000000e+00,0.000000e+00,8556.7,25108034.0,23797.7,30.23,34.68
CSV,145008,29000,9,8,0,4583,0,0.000000e+00,0.000000e+00,9875.6,28536386.0,23695.3,30.81,34.61
BER: END_SEQ #9 [LOCK] seq_err=0 BER_seq=0.0000e+00 | lock=9 slip=0 BER_cond=0.0000e+00 BER_cum=0.0000e+00
BER: SYNC #10 (gated)
CSV,150008,30000,10,9,0,4705,0,0.000000e+00,0.000000e+00,10040.8,29324146.0,25097.8,30.68,34.65
CSV,155008,31000,10,9,0,4905,0,0.000000e+00,0.000000e+00,10281.3,24709222.0,24009.7,30.12,33.81
CSV,160008,32000,10,9,0,5105,0,0.000000e+00,0.000000e+00,9240.5,29156978.0,22468.8,31.13,34.99
BER: END_SEQ #10 [LOCK] seq_err=0 BER_seq=0.0000e+00 | lock=10 slip=0 BER_cond=0.0000e+00 BER_cum=0.0000e+00
BER: SYNC #11 (gated)
CSV,165008,33000,11,10,0,5228,0,0.000000e+00,0.000000e+00,9835.6,27635528.0,21621.4,31.07,34.49
CSV,170008,34000,11,10,0,5428,0,0.000000e+00,0.000000e+00,9726.8,26039542.0,25612.5,30.07,34.28
BER: END_SEQ #11 [LOCK] seq_err=0 BER_seq=0.0000e+00 | lock=11 slip=0 BER_cond=0.0000e+00 BER_cum=0.0000e+00
CSV,175008,35000,11,11,0,5621,0,0.000000e+00,0.000000e+00,9548.8,29050494.0,24355.1,30.77,34.83
BER: SYNC #12 (gated)
CSV,180008,36000,12,11,0,5751,0,0.000000e+00,0.000000e+00,9292.0,26880784.0,24993.5,30.32,34.61
CSV,185008,37000,12,11,0,5951,0,0.000000e+00,0.000000e+00,9034.3,27218922.0,22364.6,30.85,34.79
BER: END_SEQ #12 [LOCK] seq_err=0 BER_seq=0.0000e+00 | lock=12 slip=0 BER_cond=0.0000e+00 BER_cum=0.0000e+00
CSV,190008,38000,12,12,0,6132,0,0.000000e+00,0.000000e+00,9139.9,28955544.0,23623.7,30.88,35.01
BER: SYNC #13 (gated)
CSV,195008,39000,13,12,0,6274,0,0.000000e+00,0.000000e+00,9321.7,25487314.0,23113.6,30.42,34.37
CSV,200008,40000,13,12,0,6473,0,0.000000e+00,0.000000e+00,9052.0,28175256.0,25805.7,30.38,34.93
BER: END_SEQ #13 [LOCK] seq_err=0 BER_seq=0.0000e+00 | lock=13 slip=0 BER_cond=0.0000e+00 BER_cum=0.0000e+00
CSV,205008,41000,13,13,0,6643,0,0.000000e+00,0.000000e+00,8709.3,28607824.0,22593.5,31.03,35.17
BER: SYNC #14 (gated)
CSV,210008,42000,14,13,0,6796,0,0.000000e+00,0.000000e+00,8958.5,25888688.0,21935.7,30.72,34.61
CSV,215008,43000,14,13,0,6996,0,0.000000e+00,0.000000e+00,8636.8,28255714.0,22095.5,31.07,35.15
BER: END_SEQ #14 [LOCK] seq_err=0 BER_seq=0.0000e+00 | lock=14 slip=0 BER_cond=0.0000e+00 BER_cum=0.0000e+00
CSV,220008,44000,14,14,0,7154,0,0.000000e+00,0.000000e+00,9111.1,28669510.0,22383.9,31.07,34.98
BER: SYNC #15 (gated)
CSV,225008,45000,15,14,0,7319,0,0.000000e+00,0.000000e+00,8953.3,25266430.0,23859.0,30.25,34.51
CSV,230008,46000,15,14,0,7519,0,0.000000e+00,0.000000e+00,8758.7,28904634.0,23342.9,30.93,35.19
BER: END_SEQ #15 [LOCK] seq_err=0 BER_seq=0.0000e+00 | lock=15 slip=0 BER_cond=0.0000e+00 BER_cum=0.0000e+00
CSV,235008,47000,15,15,0,7665,0,0.000000e+00,0.000000e+00,8806.9,28063944.0,24570.5,30.58,35.03
BER: SYNC #16 (gated)
CSV,240008,48000,16,15,0,7842,0,0.000000e+00,0.000000e+00,9221.0,26171754.0,24501.2,30.29,34.53
CSV,245008,49000,16,15,0,8042,0,0.000000e+00,0.000000e+00,8739.8,28528560.0,25084.9,30.56,35.14
BER: END_SEQ #16 [LOCK] seq_err=0 BER_seq=0.0000e+00 | lock=16 slip=0 BER_cond=0.0000e+00 BER_cum=0.0000e+00
CSV,250008,50000,16,16,0,8176,0,0.000000e+00,0.000000e+00,9007.9,28687156.0,22674.9,31.02,35.03
BER: SYNC #17 (gated)
CSV,255008,51000,17,16,0,8364,0,0.000000e+00,0.000000e+00,9199.3,25208944.0,24126.4,30.19,34.38
CSV,260008,52000,17,16,0,8564,0,0.000000e+00,0.000000e+00,9408.5,28439028.0,24608.2,30.63,34.80
BER: END_SEQ #17 [LOCK] seq_err=0 BER_seq=0.0000e+00 | lock=17 slip=0 BER_cond=0.0000e+00 BER_cum=0.0000e+00
BER: SYNC #18 (gated)
CSV,265008,53000,18,17,0,8687,0,0.000000e+00,0.000000e+00,9314.8,29068526.0,23966.7,30.84,34.94
CSV,270008,54000,18,17,0,8887,0,0.000000e+00,0.000000e+00,9027.5,25133012.0,24104.3,30.18,34.45
CSV,275008,55000,18,17,0,9087,0,0.000000e+00,0.000000e+00,8753.1,28626642.0,24372.3,30.70,35.15
BER: END_SEQ #18 [LOCK] seq_err=0 BER_seq=0.0000e+00 | lock=18 slip=0 BER_cond=0.0000e+00 BER_cum=0.0000e+00
BER: SYNC #19 (gated)
CSV,280008,56000,19,18,0,9210,0,0.000000e+00,0.000000e+00,8858.3,29380236.0,23119.1,31.04,35.21
CSV,285008,57000,19,18,0,9410,0,0.000000e+00,0.000000e+00,9526.7,25346404.0,24628.5,30.12,34.25
CSV,290008,58000,19,18,0,9610,0,0.000000e+00,0.000000e+00,9321.6,28390830.0,23313.0,30.86,34.84
BER: END_SEQ #19 [LOCK] seq_err=0 BER_seq=0.0000e+00 | lock=19 slip=0 BER_cond=0.0000e+00 BER_cum=0.0000e+00
BER: SYNC #20 (gated)
CSV,295008,59000,20,19,0,9733,0,0.000000e+00,0.000000e+00,8780.9,29285782.0,23016.6,31.05,35.23
CSV,300008,60000,20,19,0,9933,0,0.000000e+00,0.000000e+00,9286.8,24606246.0,24319.0,30.05,34.23
CSV,305008,61000,20,19,0,10133,0,0.000000e+00,0.000000e+00,8679.9,28738208.0,23172.8,30.93,35.20
BER: END_SEQ #20 [LOCK] seq_err=0 BER_seq=0.0000e+00 | lock=20 slip=0 BER_cond=0.0000e+00 BER_cum=0.0000e+00
BER: SYNC #21 (gated)
CSV,310008,62000,21,20,0,10255,0,0.000000e+00,0.000000e+00,9119.7,28616560.0,23577.9,30.84,34.97
CSV,315008,63000,21,20,0,10455,0,0.000000e+00,0.000000e+00,8801.2,26328328.0,22909.0,30.60,34.76
CSV,320008,64000,21,20,0,10655,0,0.000000e+00,0.000000e+00,9509.2,27865816.0,25485.7,30.39,34.67
BER: END_SEQ #21 [LOCK] seq_err=0 BER_seq=0.0000e+00 | lock=21 slip=0 BER_cond=0.0000e+00 BER_cum=0.0000e+00
BER: SYNC #22 (gated)
CSV,325008,65000,22,21,0,10778,0,0.000000e+00,0.000000e+00,9295.4,28960020.0,26364.2,30.41,34.94
CSV,330008,66000,22,21,0,10978,0,0.000000e+00,0.000000e+00,9280.0,25751820.0,25290.5,30.08,34.43
CSV,335008,67000,22,21,0,11178,0,0.000000e+00,0.000000e+00,9181.8,28600306.0,24896.1,30.60,34.93
BER: END_SEQ #22 [LOCK] seq_err=0 BER_seq=0.0000e+00 | lock=22 slip=0 BER_cond=0.0000e+00 BER_cum=0.0000e+00
BER: SYNC #23 (gated)
CSV,340008,68000,23,22,0,11301,0,0.000000e+00,0.000000e+00,9675.6,28428692.0,22115.3,31.09,34.68
CSV,345008,69000,23,22,0,11501,0,0.000000e+00,0.000000e+00,9443.0,25627722.0,24450.3,30.20,34.34
CSV,350008,70000,23,22,0,11701,0,0.000000e+00,0.000000e+00,9159.0,28048996.0,23829.8,30.71,34.86
BER: END_SEQ #23 [LOCK] seq_err=0 BER_seq=0.0000e+00 | lock=23 slip=0 BER_cond=0.0000e+00 BER_cum=0.0000e+00
BER: SYNC #24 (gated)
CSV,355008,71000,24,23,0,11824,0,0.000000e+00,0.000000e+00,9541.1,30298368.0,22764.5,31.24,35.02
CSV,360008,72000,24,23,0,12023,0,0.000000e+00,0.000000e+00,9062.4,23991084.0,23699.5,30.05,34.23
CSV,365008,73000,24,23,0,12223,0,0.000000e+00,0.000000e+00,8967.5,28816248.0,24388.2,30.72,35.07
BER: END_SEQ #24 [LOCK] seq_err=0 BER_seq=0.0000e+00 | lock=24 slip=0 BER_cond=0.0000e+00 BER_cum=0.0000e+00
BER: SYNC #25 (gated)
CSV,370008,74000,25,24,0,12346,0,0.000000e+00,0.000000e+00,9372.3,29352222.0,22889.9,31.08,34.96
CSV,375008,75000,25,24,0,12546,0,0.000000e+00,0.000000e+00,9253.7,24997454.0,24912.6,30.01,34.32
CSV,380008,76000,25,24,0,12746,0,0.000000e+00,0.000000e+00,9384.5,28843466.0,24416.5,30.72,34.88
BER: END_SEQ #25 [LOCK] seq_err=0 BER_seq=0.0000e+00 | lock=25 slip=0 BER_cond=0.0000e+00 BER_cum=0.0000e+00
BER: SYNC #26 (gated)
CSV,385008,77000,26,25,0,12869,0,0.000000e+00,0.000000e+00,9783.4,29400892.0,25611.3,30.60,34.78
CSV,390008,78000,26,25,0,13069,0,0.000000e+00,0.000000e+00,9343.6,24923658.0,22472.6,30.45,34.26
CSV,395008,79000,26,25,0,13269,0,0.000000e+00,0.000000e+00,9072.7,28931034.0,25229.1,30.59,35.04
BER: END_SEQ #26 [LOCK] seq_err=0 BER_seq=0.0000e+00 | lock=26 slip=0 BER_cond=0.0000e+00 BER_cum=0.0000e+00
BER: SYNC #27 (gated)
CSV,400008,80000,27,26,0,13392,0,0.000000e+00,0.000000e+00,9259.3,29295896.0,22608.4,31.13,35.00
CSV,405008,81000,27,26,0,13592,0,0.000000e+00,0.000000e+00,8908.6,25178668.0,24024.7,30.20,34.51
CSV,410008,82000,27,26,0,13792,0,0.000000e+00,0.000000e+00,9402.6,29059754.0,24301.0,30.78,34.90
BER: END_SEQ #27 [LOCK] seq_err=0 BER_seq=0.0000e+00 | lock=27 slip=0 BER_cond=0.0000e+00 BER_cum=0.0000e+00
BER: SYNC #28 (gated)
CSV,415008,83000,28,27,0,13914,0,0.000000e+00,0.000000e+00,9520.8,28525468.0,24931.2,30.58,34.77
CSV,420008,84000,28,27,0,14114,0,0.000000e+00,0.000000e+00,9262.9,25594150.0,24771.4,30.14,34.41
BER: END_SEQ #28 [LOCK] seq_err=0 BER_seq=0.0000e+00 | lock=28 slip=0 BER_cond=0.0000e+00 BER_cum=0.0000e+00
CSV,425008,85000,28,28,0,14308,0,0.000000e+00,0.000000e+00,9106.8,29723048.0,22222.9,31.26,35.14
BER: SYNC #29 (gated)
CSV,430008,86000,29,28,0,14437,0,0.000000e+00,0.000000e+00,9198.8,26548474.0,24152.3,30.41,34.60
CSV,435008,87000,29,28,0,14637,0,0.000000e+00,0.000000e+00,9104.2,27524846.0,22729.2,30.83,34.80
BER: END_SEQ #29 [LOCK] seq_err=0 BER_seq=0.0000e+00 | lock=29 slip=0 BER_cond=0.0000e+00 BER_cum=0.0000e+00
CSV,440008,88000,29,29,0,14819,0,0.000000e+00,0.000000e+00,9134.2,28883304.0,23034.6,30.98,35.00
BER: SYNC #30 (gated)
CSV,445008,89000,30,29,0,14960,0,0.000000e+00,0.000000e+00,9371.1,25976086.0,24255.5,30.30,34.43
CSV,450008,90000,30,29,0,15160,0,0.000000e+00,0.000000e+00,9408.3,28098442.0,23067.3,30.86,34.75
BER: END_SEQ #30 [LOCK] seq_err=0 BER_seq=0.0000e+00 | lock=30 slip=0 BER_cond=0.0000e+00 BER_cum=0.0000e+00
CSV,455008,91000,30,30,0,15330,0,0.000000e+00,0.000000e+00,9154.0,29055870.0,24623.2,30.72,35.02
BER: SYNC #31 (gated)
CSV,460008,92000,31,30,0,15483,0,0.000000e+00,0.000000e+00,9249.2,26105140.0,23600.9,30.44,34.51
CSV,465008,93000,31,30,0,15682,0,0.000000e+00,0.000000e+00,8879.4,28805094.0,23183.2,30.94,35.11
BER: END_SEQ #31 [LOCK] seq_err=0 BER_seq=0.0000e+00 | lock=31 slip=0 BER_cond=0.0000e+00 BER_cum=0.0000e+00
CSV,470008,94000,31,31,0,15841,0,0.000000e+00,0.000000e+00,8958.0,28648510.0,24612.1,30.66,35.05
BER: SYNC #32 (gated)
CSV,475008,95000,32,31,0,16005,0,0.000000e+00,0.000000e+00,9492.3,25171844.0,25274.0,29.98,34.24
CSV,480008,96000,32,31,0,16205,0,0.000000e+00,0.000000e+00,8678.5,29207538.0,23975.4,30.86,35.27
BER: END_SEQ #32 [LOCK] seq_err=0 BER_seq=0.0000e+00 | lock=32 slip=0 BER_cond=0.0000e+00 BER_cum=0.0000e+00
CSV,485008,97000,32,32,0,16352,0,0.000000e+00,0.000000e+00,9066.2,28546552.0,24208.0,30.72,34.98
BER: SYNC #33 (gated)
CSV,490008,98000,33,32,0,16528,0,0.000000e+00,0.000000e+00,8936.3,26577068.0,23294.5,30.57,34.73
CSV,495008,99000,33,32,0,16728,0,0.000000e+00,0.000000e+00,9159.7,28598590.0,22597.0,31.02,34.94
BER: END_SEQ #33 [LOCK] seq_err=0 BER_seq=0.0000e+00 | lock=33 slip=0 BER_cond=0.0000e+00 BER_cum=0.0000e+00
CSV,500008,100000,33,33,0,16863,0,0.000000e+00,0.000000e+00,9158.2,28711044.0,22846.3,30.99,34.96
BER: SYNC #34 (gated)
CSV,505008,101000,34,33,0,17051,0,0.000000e+00,0.000000e+00,9208.6,25595314.0,22371.6,30.58,34.44
CSV,510008,102000,34,33,0,17251,0,0.000000e+00,0.000000e+00,9850.6,28775116.0,24430.0,30.71,34.66
BER: END_SEQ #34 [LOCK] seq_err=0 BER_seq=0.0000e+00 | lock=34 slip=0 BER_cond=0.0000e+00 BER_cum=0.0000e+00
BER: SYNC #35 (gated)
CSV,515008,103000,35,34,0,17374,0,0.000000e+00,0.000000e+00,10223.6,29214280.0,24412.7,30.78,34.56
CSV,520008,104000,35,34,0,17573,0,0.000000e+00,0.000000e+00,9641.5,25342794.0,22736.2,30.47,34.20
CSV,525008,105000,35,34,0,17773,0,0.000000e+00,0.000000e+00,9523.2,28547242.0,22197.8,31.09,34.77
BER: END_SEQ #35 [LOCK] seq_err=0 BER_seq=0.0000e+00 | lock=35 slip=0 BER_cond=0.0000e+00 BER_cum=0.0000e+00
BER: SYNC #36 (gated)
CSV,530008,106000,36,35,0,17896,0,0.000000e+00,0.000000e+00,9348.9,29902110.0,24703.6,30.83,35.05
CSV,535008,107000,36,35,0,18096,0,0.000000e+00,0.000000e+00,9284.5,25237426.0,24076.7,30.20,34.34
CSV,540008,108000,36,35,0,18296,0,0.000000e+00,0.000000e+00,9425.3,29188202.0,21633.3,31.30,34.91
BER: END_SEQ #36 [LOCK] seq_err=0 BER_seq=0.0000e+00 | lock=36 slip=0 BER_cond=0.0000e+00 BER_cum=0.0000e+00
BER: SYNC #37 (gated)
CSV,545008,109000,37,36,0,18419,0,0.000000e+00,0.000000e+00,8651.8,29016148.0,24674.8,30.70,35.26
CSV,550008,110000,37,36,0,18619,0,0.000000e+00,0.000000e+00,10131.8,25239548.0,23417.7,30.33,33.96
CSV,555008,111000,37,36,0,18819,0,0.000000e+00,0.000000e+00,9961.2,28440872.0,23773.1,30.78,34.56
BER: END_SEQ #37 [LOCK] seq_err=0 BER_seq=0.0000e+00 | lock=37 slip=0 BER_cond=0.0000e+00 BER_cum=0.0000e+00
BER: SYNC #38 (gated)
CSV,560008,112000,38,37,0,18941,0,0.000000e+00,0.000000e+00,10370.7,29475946.0,24887.5,30.73,34.54
CSV,565008,113000,38,37,0,19142,0,0.000000e+00,0.000000e+00,9674.0,26102472.0,22328.6,30.68,34.31
CSV,570008,114000,38,37,0,19341,0,0.000000e+00,0.000000e+00,10029.4,28450384.0,23220.2,30.88,34.53
BER: END_SEQ #38 [LOCK] seq_err=0 BER_seq=0.0000e+00 | lock=38 slip=0 BER_cond=0.0000e+00 BER_cum=0.0000e+00
BER: SYNC #39 (gated)
CSV,575008,115000,39,38,0,19464,0,0.000000e+00,0.000000e+00,9487.2,28694522.0,24546.5,30.68,34.81
CSV,580008,116000,39,38,0,19664,0,0.000000e+00,0.000000e+00,9225.6,26453406.0,23565.4,30.50,34.57
CSV,585008,117000,39,38,0,19864,0,0.000000e+00,0.000000e+00,9516.3,28344452.0,26278.1,30.33,34.74
BER: END_SEQ #39 [LOCK] seq_err=0 BER_seq=0.0000e+00 | lock=39 slip=0 BER_cond=0.0000e+00 BER_cum=0.0000e+00
BER: SYNC #40 (gated)
CSV,590008,118000,40,39,0,19987,0,0.000000e+00,0.000000e+00,10268.7,29034392.0,22536.6,31.10,34.51
CSV,595008,119000,40,39,0,20187,0,0.000000e+00,0.000000e+00,9997.5,25017974.0,22499.8,30.46,33.98
CSV,600008,120000,40,39,0,20387,0,0.000000e+00,0.000000e+00,9555.3,28809510.0,23647.0,30.86,34.79
BER: END_SEQ #40 [LOCK] seq_err=0 BER_seq=0.0000e+00 | lock=40 slip=0 BER_cond=0.0000e+00 BER_cum=0.0000e+00
BER: SYNC #41 (gated)
CSV,605008,121000,41,40,0,20510,0,0.000000e+00,0.000000e+00,9737.1,30106750.0,21849.1,31.39,34.90
CSV,610008,122000,41,40,0,20710,0,0.000000e+00,0.000000e+00,9175.7,24612820.0,24642.6,29.99,34.29
CSV,615008,123000,41,40,0,20909,0,0.000000e+00,0.000000e+00,9491.3,28796972.0,23038.9,30.97,34.82
BER: END_SEQ #41 [LOCK] seq_err=0 BER_seq=0.0000e+00 | lock=41 slip=0 BER_cond=0.0000e+00 BER_cum=0.0000e+00
BER: SYNC #42 (gated)
CSV,620008,124000,42,41,0,21032,0,0.000000e+00,0.000000e+00,9202.8,30034612.0,23651.9,31.04,35.14
CSV,625008,125000,42,41,0,21232,0,0.000000e+00,0.000000e+00,9136.0,24849390.0,23086.9,30.32,34.35
CSV,630008,126000,42,41,0,21432,0,0.000000e+00,0.000000e+00,9423.8,29298524.0,25536.8,30.60,34.93
BER: END_SEQ #42 [LOCK] seq_err=0 BER_seq=0.0000e+00 | lock=42 slip=0 BER_cond=0.0000e+00 BER_cum=0.0000e+00
BER: SYNC #43 (gated)
CSV,635008,127000,43,42,0,21555,0,0.000000e+00,0.000000e+00,9660.5,29867334.0,24291.4,30.90,34.90
CSV,640008,128000,43,42,0,21755,0,0.000000e+00,0.000000e+00,8764.6,25174732.0,23062.6,30.38,34.58
CSV,645008,129000,43,42,0,21955,0,0.000000e+00,0.000000e+00,9517.9,29362824.0,23344.2,31.00,34.89
BER: END_SEQ #43 [LOCK] seq_err=0 BER_seq=0.0000e+00 | lock=43 slip=0 BER_cond=0.0000e+00 BER_cum=0.0000e+00
BER: SYNC #44 (gated)
CSV,650008,130000,44,43,0,22078,0,0.000000e+00,0.000000e+00,9549.1,29392432.0,25529.3,30.61,34.88
CSV,655008,131000,44,43,0,22278,0,0.000000e+00,0.000000e+00,8979.2,25405914.0,24358.9,30.18,34.52
CSV,660008,132000,44,43,0,22478,0,0.000000e+00,0.000000e+00,9317.4,28765114.0,23511.7,30.88,34.90
BER: END_SEQ #44 [LOCK] seq_err=0 BER_seq=0.0000e+00 | lock=44 slip=0 BER_cond=0.0000e+00 BER_cum=0.0000e+00
BER: SYNC #45 (gated)
CSV,665008,133000,45,44,0,22601,0,0.000000e+00,0.000000e+00,9242.7,29297338.0,25935.4,30.53,35.01
CSV,670008,134000,45,44,0,22801,0,0.000000e+00,0.000000e+00,8752.5,25210026.0,21976.8,30.60,34.59
BER: END_SEQ #45 [LOCK] seq_err=0 BER_seq=0.0000e+00 | lock=45 slip=0 BER_cond=0.0000e+00 BER_cum=0.0000e+00
CSV,675008,135000,45,45,0,22995,0,0.000000e+00,0.000000e+00,9067.5,30414500.0,24510.9,30.94,35.26
BER: SYNC #46 (gated)
CSV,680008,136000,46,45,0,23123,0,0.000000e+00,0.000000e+00,9613.2,26264372.0,23437.5,30.49,34.36
CSV,685008,137000,46,45,0,23323,0,0.000000e+00,0.000000e+00,9093.3,28050308.0,23271.6,30.81,34.89
BER: END_SEQ #46 [LOCK] seq_err=0 BER_seq=0.0000e+00 | lock=46 slip=0 BER_cond=0.0000e+00 BER_cum=0.0000e+00
CSV,690008,138000,46,46,0,23506,0,0.000000e+00,0.000000e+00,8923.5,28915700.0,24421.6,30.73,35.11
BER: SYNC #47 (gated)
CSV,695008,139000,47,46,0,23646,0,0.000000e+00,0.000000e+00,9427.1,26508572.0,23280.7,30.56,34.49
CSV,700008,140000,47,46,0,23846,0,0.000000e+00,0.000000e+00,9075.3,27637226.0,23992.1,30.61,34.84
BER: END_SEQ #47 [LOCK] seq_err=0 BER_seq=0.0000e+00 | lock=47 slip=0 BER_cond=0.0000e+00 BER_cum=0.0000e+00
CSV,705008,141000,47,47,0,24017,0,0.000000e+00,0.000000e+00,9155.2,29638224.0,25398.4,30.67,35.10
BER: SYNC #48 (gated)
CSV,710008,142000,48,47,0,24169,0,0.000000e+00,0.000000e+00,9012.7,25627502.0,24418.2,30.21,34.54
CSV,715008,143000,48,47,0,24369,0,0.000000e+00,0.000000e+00,9289.0,29461886.0,25870.7,30.56,35.01
BER: END_SEQ #48 [LOCK] seq_err=0 BER_seq=0.0000e+00 | lock=48 slip=0 BER_cond=0.0000e+00 BER_cum=0.0000e+00
CSV,720008,144000,48,48,0,24528,0,0.000000e+00,0.000000e+00,9537.4,28432700.0,22567.4,31.00,34.74
BER: SYNC #49 (gated)
CSV,725008,145000,49,48,0,24691,0,0.000000e+00,0.000000e+00,8789.6,25844306.0,22780.6,30.55,34.68
CSV,730008,146000,49,48,0,24891,0,0.000000e+00,0.000000e+00,9154.7,28757332.0,25085.4,30.59,34.97
BER: END_SEQ #49 [LOCK] seq_err=0 BER_seq=0.0000e+00 | lock=49 slip=0 BER_cond=0.0000e+00 BER_cum=0.0000e+00
CSV,735008,147000,49,49,0,25039,0,0.000000e+00,0.000000e+00,9500.8,29388556.0,25758.6,30.57,34.90
BER: SYNC #50 (gated)
CSV,740008,148000,50,49,0,25214,0,0.000000e+00,0.000000e+00,9131.9,26048580.0,24518.8,30.26,34.55
CSV,745008,149000,50,49,0,25414,0,0.000000e+00,0.000000e+00,9760.8,29578998.0,23122.4,31.07,34.81
BER: END_SEQ #50 [LOCK] seq_err=0 BER_seq=0.0000e+00 | lock=50 slip=0 BER_cond=0.0000e+00 BER_cum=0.0000e+00
CSV,750008,150000,50,50,0,25550,0,0.000000e+00,0.000000e+00,9433.6,28292740.0,22721.5,30.95,34.77
BER: SYNC #51 (gated)
CSV,755008,151000,51,50,0,25737,0,0.000000e+00,0.000000e+00,9564.1,26019004.0,25083.2,30.16,34.35
CSV,760008,152000,51,50,0,25937,0,0.000000e+00,0.000000e+00,9432.3,28516950.0,22611.8,31.01,34.80
BER: END_SEQ #51 [LOCK] seq_err=0 BER_seq=0.0000e+00 | lock=51 slip=0 BER_cond=0.0000e+00 BER_cum=0.0000e+00
CSV,765008,153000,51,51,0,26061,0,0.000000e+00,0.000000e+00,9696.8,29841196.0,24770.3,30.81,34.88
BER: SYNC #52 (gated)
CSV,770008,154000,52,51,0,26260,0,0.000000e+00,0.000000e+00,9269.1,25187986.0,23691.3,30.27,34.34
CSV,775008,155000,52,51,0,26459,0,0.000000e+00,0.000000e+00,9667.0,29025638.0,24036.8,30.82,34.77
BER: END_SEQ #52 [LOCK] seq_err=0 BER_seq=0.0000e+00 | lock=52 slip=0 BER_cond=0.0000e+00 BER_cum=0.0000e+00
BER: SYNC #53 (gated)
CSV,780008,156000,53,52,0,26582,0,0.000000e+00,0.000000e+00,9075.0,29694768.0,24301.4,30.87,35.15
CSV,785008,157000,53,52,0,26782,0,0.000000e+00,0.000000e+00,9553.2,25631780.0,25524.4,30.02,34.29
CSV,790008,158000,53,52,0,26982,0,0.000000e+00,0.000000e+00,9053.1,29203404.0,24485.1,30.77,35.09
BER: END_SEQ #53 [LOCK] seq_err=0 BER_seq=0.0000e+00 | lock=53 slip=0 BER_cond=0.0000e+00 BER_cum=0.0000e+00
BER: SYNC #54 (gated)
CSV,795008,159000,54,53,0,27105,0,0.000000e+00,0.000000e+00,8760.7,29182026.0,23535.4,30.93,35.23
CSV,800008,160000,54,53,0,27305,0,0.000000e+00,0.000000e+00,9221.3,25195708.0,23204.9,30.36,34.37
CSV,805008,161000,54,53,0,27505,0,0.000000e+00,0.000000e+00,8802.4,28306282.0,24082.5,30.70,35.07
BER: END_SEQ #54 [LOCK] seq_err=0 BER_seq=0.0000e+00 | lock=54 slip=0 BER_cond=0.0000e+00 BER_cum=0.0000e+00
BER: SYNC #55 (gated)
CSV,810008,162000,55,54,0,27628,0,0.000000e+00,0.000000e+00,9770.2,29885782.0,25132.4,30.75,34.86
CSV,815008,163000,55,54,0,27828,0,0.000000e+00,0.000000e+00,9994.8,25951084.0,25617.7,30.06,34.14
CSV,820008,164000,55,54,0,28028,0,0.000000e+00,0.000000e+00,8983.7,28620376.0,24378.2,30.70,35.03
BER: END_SEQ #55 [LOCK] seq_err=0 BER_seq=0.0000e+00 | lock=55 slip=0 BER_cond=0.0000e+00 BER_cum=0.0000e+00
BER: SYNC #56 (gated)
CSV,825008,165000,56,55,0,28151,0,0.000000e+00,0.000000e+00,9471.7,28815442.0,23546.1,30.88,34.83
CSV,830008,166000,56,55,0,28350,0,0.000000e+00,0.000000e+00,9143.7,26654778.0,24978.1,30.28,34.65
CSV,835008,167000,56,55,0,28550,0,0.000000e+00,0.000000e+00,9376.6,28491216.0,23778.0,30.79,34.83
BER: END_SEQ #56 [LOCK] seq_err=0 BER_seq=0.0000e+00 | lock=56 slip=0 BER_cond=0.0000e+00 BER_cum=0.0000e+00
BER: SYNC #57 (gated)
CSV,840008,168000,57,56,0,28673,0,0.000000e+00,0.000000e+00,9654.5,29532556.0,23862.7,30.93,34.86
CSV,845008,169000,57,56,0,28873,0,0.000000e+00,0.000000e+00,10483.0,24850330.0,23717.5,30.20,33.75
CSV,850008,170000,57,56,0,29073,0,0.000000e+00,0.000000e+00,9508.4,29094610.0,23537.3,30.92,34.86
BER: END_SEQ #57 [LOCK] seq_err=0 BER_seq=0.0000e+00 | lock=57 slip=0 BER_cond=0.0000e+00 BER_cum=0.0000e+00
BER: SYNC #58 (gated)
CSV,855008,171000,58,57,0,29196,0,0.000000e+00,0.000000e+00,9809.4,30028772.0,24540.4,30.88,34.86
CSV,860008,172000,58,57,0,29396,0,0.000000e+00,0.000000e+00,9540.4,25070912.0,25902.3,29.86,34.20
CSV,865008,173000,58,57,0,29596,0,0.000000e+00,0.000000e+00,10496.5,28518096.0,23970.4,30.75,34.34
BER: END_SEQ #58 [LOCK] seq_err=0 BER_seq=0.0000e+00 | lock=58 slip=0 BER_cond=0.0000e+00 BER_cum=0.0000e+00
BER: SYNC #59 (gated)
CSV,870008,174000,59,58,0,29718,0,0.000000e+00,0.000000e+00,9693.5,30616948.0,22388.8,31.36,34.99
CSV,875008,175000,59,58,0,29918,0,0.000000e+00,0.000000e+00,10122.4,24322514.0,25722.7,29.76,33.81
CSV,880008,176000,59,58,0,30118,0,0.000000e+00,0.000000e+00,10516.6,30077986.0,24244.8,30.94,34.56
BER: END_SEQ #59 [LOCK] seq_err=0 BER_seq=0.0000e+00 | lock=59 slip=0 BER_cond=0.0000e+00 BER_cum=0.0000e+00
BER: SYNC #60 (gated)
CSV,885008,177000,60,59,0,30241,0,0.000000e+00,0.000000e+00,9914.2,28887448.0,24830.5,30.66,34.64
CSV,890008,178000,60,59,0,30441,0,0.000000e+00,0.000000e+00,10100.1,25818260.0,23451.3,30.42,34.08
CSV,895008,179000,60,59,0,30641,0,0.000000e+00,0.000000e+00,9988.4,28893756.0,22267.8,31.13,34.61
BER: END_SEQ #60 [LOCK] seq_err=0 BER_seq=0.0000e+00 | lock=60 slip=0 BER_cond=0.0000e+00 BER_cum=0.0000e+00
BER: SYNC #61 (gated)
CSV,900008,180000,61,60,0,30764,0,0.000000e+00,0.000000e+00,10072.1,29953100.0,23887.2,30.98,34.73
CSV,905008,181000,61,60,0,30964,0,0.000000e+00,0.000000e+00,10366.6,25094846.0,24564.7,30.09,33.84
CSV,910008,182000,61,60,0,31164,0,0.000000e+00,0.000000e+00,10847.0,29149436.0,25654.8,30.55,34.29
BER: END_SEQ #61 [LOCK] seq_err=0 BER_seq=0.0000e+00 | lock=61 slip=0 BER_cond=0.0000e+00 BER_cum=0.0000e+00
BER: SYNC #62 (gated)
CSV,915008,183000,62,61,0,31287,0,0.000000e+00,0.000000e+00,12073.0,28921434.0,22583.3,31.07,33.79
CSV,920008,184000,62,61,0,31487,0,0.000000e+00,0.000000e+00,10495.0,25709534.0,23495.4,30.39,33.89
BER: END_SEQ #62 [LOCK] seq_err=0 BER_seq=0.0000e+00 | lock=62 slip=0 BER_cond=0.0000e+00 BER_cum=0.0000e+00
CSV,925008,185000,62,62,0,31682,0,0.000000e+00,0.000000e+00,10430.9,30124038.0,22997.4,31.17,34.61
BER: SYNC #63 (gated)
CSV,930008,186000,63,62,0,31809,0,0.000000e+00,0.000000e+00,11132.8,26940002.0,26704.1,30.04,33.84
CSV,935008,187000,63,62,0,32009,0,0.000000e+00,0.000000e+00,10553.9,28000704.0,24507.7,30.58,34.24
BER: END_SEQ #63 [LOCK] seq_err=0 BER_seq=0.0000e+00 | lock=63 slip=0 BER_cond=0.0000e+00 BER_cum=0.0000e+00
CSV,940008,188000,63,63,0,32193,0,0.000000e+00,0.000000e+00,10452.6,29142866.0,24448.9,30.76,34.45
BER: SYNC #64 (gated)
CSV,945008,189000,64,63,0,32332,0,0.000000e+00,0.000000e+00,10303.1,26752540.0,22703.5,30.71,34.14
CSV,950008,190000,64,63,0,32532,0,0.000000e+00,0.000000e+00,11123.9,27969320.0,23732.8,30.71,34.00
BER: END_SEQ #64 [LOCK] seq_err=0 BER_seq=0.0000e+00 | lock=64 slip=0 BER_cond=0.0000e+00 BER_cum=0.0000e+00
CSV,955008,191000,64,64,0,32704,0,0.000000e+00,0.000000e+00,11225.4,29940034.0,24519.4,30.87,34.26
BER: SYNC #65 (gated)
CSV,960008,192000,65,64,0,32855,0,0.000000e+00,0.000000e+00,11118.2,25779102.0,23477.5,30.41,33.65
CSV,965008,193000,65,64,0,33055,0,0.000000e+00,0.000000e+00,10966.6,29301518.0,23420.2,30.97,34.27
BER: END_SEQ #65 [LOCK] seq_err=0 BER_seq=0.0000e+00 | lock=65 slip=0 BER_cond=0.0000e+00 BER_cum=0.0000e+00
CSV,970008,194000,65,65,0,33215,0,0.000000e+00,0.000000e+00,10265.0,28852812.0,24434.7,30.72,34.49
BER: SYNC #66 (gated)
CSV,975008,195000,66,65,0,33377,0,0.000000e+00,0.000000e+00,11171.6,26061784.0,23031.6,30.54,33.68
CSV,980008,196000,66,65,0,33577,0,0.000000e+00,0.000000e+00,10120.3,28662794.0,25920.0,30.44,34.52
BER: END_SEQ #66 [LOCK] seq_err=0 BER_seq=0.0000e+00 | lock=66 slip=0 BER_cond=0.0000e+00 BER_cum=0.0000e+00
CSV,985008,197000,66,66,0,33726,0,0.000000e+00,0.000000e+00,10410.6,29499272.0,25534.9,30.63,34.52
BER: SYNC #67 (gated)
CSV,990008,198000,67,66,0,33900,0,0.000000e+00,0.000000e+00,9965.1,25873900.0,23009.0,30.51,34.14
CSV,995008,199000,67,66,0,34100,0,0.000000e+00,0.000000e+00,11213.2,30024848.0,23713.2,31.02,34.28
BER: END_SEQ #67 [LOCK] seq_err=0 BER_seq=0.0000e+00 | lock=67 slip=0 BER_cond=0.0000e+00 BER_cum=0.0000e+00
CSV,1000008,200000,67,67,0,34237,0,0.000000e+00,0.000000e+00,11353.3,28040146.0,24358.2,30.61,33.93
BER: SYNC #68 (gated)
CSV,1005008,201000,68,67,0,34423,0,0.000000e+00,0.000000e+00,11520.5,26772924.0,22447.3,30.77,33.66
CSV,1010008,202000,68,67,0,34623,0,0.000000e+00,0.000000e+00,11180.0,28490590.0,25630.2,30.46,34.06
BER: END_SEQ #68 [LOCK] seq_err=0 BER_seq=0.0000e+00 | lock=68 slip=0 BER_cond=0.0000e+00 BER_cum=0.0000e+00
CSV,1015008,203000,68,68,0,34748,0,0.000000e+00,0.000000e+00,10927.7,30347122.0,25187.6,30.81,34.44
BER: SYNC #69 (gated)
CSV,1020008,204000,69,68,0,34946,0,0.000000e+00,0.000000e+00,10708.3,24635548.0,23354.6,30.23,33.62
CSV,1025008,205000,69,68,0,35146,0,0.000000e+00,0.000000e+00,11765.5,29429144.0,23203.6,31.03,33.98
BER: END_SEQ #69 [LOCK] seq_err=0 BER_seq=0.0000e+00 | lock=69 slip=0 BER_cond=0.0000e+00 BER_cum=0.0000e+00
BER: SYNC #70 (gated)
CSV,1030008,206000,70,69,0,35268,0,0.000000e+00,0.000000e+00,12950.2,29302162.0,25049.3,30.68,33.55
CSV,1035008,207000,70,69,0,35468,0,0.000000e+00,0.000000e+00,11664.2,26484718.0,23041.7,30.60,33.56
CSV,1040008,208000,70,69,0,35668,0,0.000000e+00,0.000000e+00,11716.5,28834712.0,25626.4,30.51,33.91
BER: END_SEQ #70 [LOCK] seq_err=0 BER_seq=0.0000e+00 | lock=70 slip=0 BER_cond=0.0000e+00 BER_cum=0.0000e+00
BER: SYNC #71 (gated)
CSV,1045008,209000,71,70,0,35791,0,0.000000e+00,0.000000e+00,10916.7,30091646.0,24711.7,30.86,34.40
CSV,1050008,210000,71,70,0,35991,0,0.000000e+00,0.000000e+00,11031.8,25118574.0,25142.5,30.00,33.57
CSV,1055008,211000,71,70,0,36191,0,0.000000e+00,0.000000e+00,10684.4,29191368.0,23215.0,30.99,34.37
BER: END_SEQ #71 [LOCK] seq_err=0 BER_seq=0.0000e+00 | lock=71 slip=0 BER_cond=0.0000e+00 BER_cum=0.0000e+00
BER: SYNC #72 (gated)
CSV,1060008,212000,72,71,0,36314,0,0.000000e+00,0.000000e+00,10750.4,29633036.0,25083.3,30.72,34.40
CSV,1065008,213000,72,71,0,36514,0,0.000000e+00,0.000000e+00,10880.8,26516188.0,25100.0,30.24,33.87
CSV,1070008,214000,72,71,0,36714,0,0.000000e+00,0.000000e+00,11138.2,28295396.0,24685.5,30.59,34.05
BER: END_SEQ #72 [LOCK] seq_err=0 BER_seq=0.0000e+00 | lock=72 slip=0 BER_cond=0.0000e+00 BER_cum=0.0000e+00
BER: SYNC #73 (gated)
CSV,1075008,215000,73,72,0,36837,0,0.000000e+00,0.000000e+00,10483.9,29624444.0,22252.2,31.24,34.51
CSV,1080008,216000,73,72,0,37036,0,0.000000e+00,0.000000e+00,10104.9,26387846.0,22794.9,30.64,34.17
CSV,1085008,217000,73,72,0,37236,0,0.000000e+00,0.000000e+00,10800.7,29161418.0,24236.9,30.80,34.31
BER: END_SEQ #73 [LOCK] seq_err=0 BER_seq=0.0000e+00 | lock=73 slip=0 BER_cond=0.0000e+00 BER_cum=0.0000e+00
BER: SYNC #74 (gated)
CSV,1090008,218000,74,73,0,37359,0,0.000000e+00,0.000000e+00,11273.1,29179602.0,23721.9,30.90,34.13
CSV,1095008,219000,74,73,0,37559,0,0.000000e+00,0.000000e+00,11915.0,25573708.0,22898.9,30.48,33.32
CSV,1100008,220000,74,73,0,37759,0,0.000000e+00,0.000000e+00,12300.7,28918752.0,21347.1,31.32,33.71
BER: END_SEQ #74 [LOCK] seq_err=0 BER_seq=0.0000e+00 | lock=74 slip=0 BER_cond=0.0000e+00 BER_cum=0.0000e+00
BER: SYNC #75 (gated)
CSV,1105008,221000,75,74,0,37882,0,0.000000e+00,0.000000e+00,12925.3,30302012.0,21081.6,31.58,33.70
CSV,1110008,222000,75,74,0,38082,0,0.000000e+00,0.000000e+00,11920.1,25177516.0,24682.2,30.09,33.25
CSV,1115008,223000,75,74,0,38282,0,0.000000e+00,0.000000e+00,11258.2,28593080.0,23848.9,30.79,34.05
BER: END_SEQ #75 [LOCK] seq_err=0 BER_seq=0.0000e+00 | lock=75 slip=0 BER_cond=0.0000e+00 BER_cum=0.0000e+00
BER: SYNC #76 (gated)
CSV,1120008,224000,76,75,0,38405,0,0.000000e+00,0.000000e+00,12084.2,31026084.0,24117.8,31.09,34.10
CSV,1125008,225000,76,75,0,38605,0,0.000000e+00,0.000000e+00,11826.0,24444924.0,22769.8,30.31,33.15
CSV,1130008,226000,76,75,0,38805,0,0.000000e+00,0.000000e+00,10727.3,30346472.0,23359.7,31.14,34.52
BER: END_SEQ #76 [LOCK] seq_err=0 BER_seq=0.0000e+00 | lock=76 slip=0 BER_cond=0.0000e+00 BER_cum=0.0000e+00
BER: SYNC #77 (gated)
CSV,1135008,227000,77,76,0,38927,0,0.000000e+00,0.000000e+00,11853.7,29002894.0,23818.2,30.86,33.89
CSV,1140008,228000,77,76,0,39127,0,0.000000e+00,0.000000e+00,11882.7,26359416.0,24104.5,30.39,33.46
CSV,1145008,229000,77,76,0,39327,0,0.000000e+00,0.000000e+00,10831.6,28697200.0,21444.7,31.27,34.23
BER: END_SEQ #77 [LOCK] seq_err=0 BER_seq=0.0000e+00 | lock=77 slip=0 BER_cond=0.0000e+00 BER_cum=0.0000e+00
BER: SYNC #78 (gated)
CSV,1150008,230000,78,77,0,39450,0,0.000000e+00,0.000000e+00,11152.8,30579594.0,23802.4,31.09,34.38
CSV,1155008,231000,78,77,0,39650,0,0.000000e+00,0.000000e+00,11446.4,25199946.0,24172.1,30.18,33.43
CSV,1160008,232000,78,77,0,39850,0,0.000000e+00,0.000000e+00,11960.6,29820992.0,25498.6,30.68,33.97
BER: END_SEQ #78 [LOCK] seq_err=0 BER_seq=0.0000e+00 | lock=78 slip=0 BER_cond=0.0000e+00 BER_cum=0.0000e+00
BER: SYNC #79 (gated)
CSV,1165008,233000,79,78,0,39973,0,0.000000e+00,0.000000e+00,11456.0,28978570.0,26481.7,30.39,34.03
CSV,1170008,234000,79,78,0,40173,0,0.000000e+00,0.000000e+00,10840.6,26381996.0,22168.4,30.76,33.86
BER: END_SEQ #79 [LOCK] seq_err=0 BER_seq=0.0000e+00 | lock=79 slip=0 BER_cond=0.0000e+00 BER_cum=0.0000e+00
CSV,1175008,235000,79,79,0,40369,0,0.000000e+00,0.000000e+00,10769.2,30027286.0,22373.1,31.28,34.45
BER: SYNC #80 (gated)
CSV,1180008,236000,80,79,0,40495,0,0.000000e+00,0.000000e+00,10722.8,27590026.0,22769.9,30.83,34.10
CSV,1185008,237000,80,79,0,40696,0,0.000000e+00,0.000000e+00,10735.3,27431516.0,24851.0,30.43,34.07
BER: END_SEQ #80 [LOCK] seq_err=0 BER_seq=0.0000e+00 | lock=80 slip=0 BER_cond=0.0000e+00 BER_cum=0.0000e+00
CSV,1190008,238000,80,80,0,40880,0,0.000000e+00,0.000000e+00,11484.6,29966696.0,26175.4,30.59,34.17
BER: SYNC #81 (gated)
CSV,1195008,239000,81,80,0,41018,0,0.000000e+00,0.000000e+00,9407.4,26778658.0,21139.4,31.03,34.54
CSV,1200008,240000,81,80,0,41218,0,0.000000e+00,0.000000e+00,7383.9,31746154.0,20295.7,31.94,36.33
BER: END_SEQ #81 [LOCK] seq_err=0 BER_seq=0.0000e+00 | lock=81 slip=0 BER_cond=0.0000e+00 BER_cum=0.0000e+00
CSV,1205008,241000,81,81,0,41391,0,0.000000e+00,0.000000e+00,11514.7,29775422.0,23547.5,31.02,34.13
BER: SYNC #82 (gated)
CSV,1210008,242000,82,81,0,41541,0,0.000000e+00,0.000000e+00,11694.4,26539510.0,24846.1,30.29,33.56
CSV,1215008,243000,82,81,0,41741,0,0.000000e+00,0.000000e+00,7550.6,31610434.0,20996.6,31.78,36.22
BER: END_SEQ #82 [LOCK] seq_err=0 BER_seq=0.0000e+00 | lock=82 slip=0 BER_cond=0.0000e+00 BER_cum=0.0000e+00
CSV,1220008,244000,82,82,0,41902,0,0.000000e+00,0.000000e+00,22068.4,30630328.0,87821.5,25.43,31.42
BER: SYNC #83 (gated)
CSV,1225008,245000,83,82,0,42064,0,0.000000e+00,0.000000e+00,16908.0,26779600.0,54018.4,26.95,32.00
CSV,1230008,246000,83,82,0,42264,0,0.000000e+00,0.000000e+00,14117.7,29460042.0,26821.8,30.41,33.19
BER: END_SEQ #83 [LOCK] seq_err=0 BER_seq=0.0000e+00 | lock=83 slip=0 BER_cond=0.0000e+00 BER_cum=0.0000e+00
CSV,1235008,247000,83,83,0,42413,0,0.000000e+00,0.000000e+00,12957.4,29196282.0,24869.2,30.70,33.53
BER: SYNC #84 (gated)
CSV,1240008,248000,84,83,0,42586,0,0.000000e+00,0.000000e+00,12124.6,26628998.0,24207.8,30.41,33.42
CSV,1245008,249000,84,83,0,42786,0,0.000000e+00,0.000000e+00,12917.6,29508902.0,24953.2,30.73,33.59
BER: END_SEQ #84 [LOCK] seq_err=0 BER_seq=0.0000e+00 | lock=84 slip=0 BER_cond=0.0000e+00 BER_cum=0.0000e+00
CSV,1250008,250000,84,84,0,42924,0,0.000000e+00,0.000000e+00,12368.4,28745112.0,22741.3,31.02,33.66
BER: SYNC #85 (gated)
CSV,1255008,251000,85,84,0,43109,0,0.000000e+00,0.000000e+00,12178.8,26929468.0,22641.1,30.75,33.45
CSV,1260008,252000,85,84,0,43309,0,0.000000e+00,0.000000e+00,12324.6,28680620.0,23485.3,30.87,33.67
BER: END_SEQ #85 [LOCK] seq_err=0 BER_seq=0.0000e+00 | lock=85 slip=0 BER_cond=0.0000e+00 BER_cum=0.0000e+00
CSV,1265008,253000,85,85,0,43435,0,0.000000e+00,0.000000e+00,12381.3,30216928.0,23665.9,31.06,33.87
BER: SYNC #86 (gated)
CSV,1270008,254000,86,85,0,43632,0,0.000000e+00,0.000000e+00,13277.1,25213578.0,25044.4,30.03,32.79
CSV,1275008,255000,86,85,0,43832,0,0.000000e+00,0.000000e+00,12438.9,29482816.0,22500.6,31.17,33.75
BER: END_SEQ #86 [LOCK] seq_err=0 BER_seq=0.0000e+00 | lock=86 slip=0 BER_cond=0.0000e+00 BER_cum=0.0000e+00
BER: SYNC #87 (gated)
CSV,1280008,256000,87,86,0,43955,0,0.000000e+00,0.000000e+00,11754.9,29923662.0,23350.9,31.08,34.06
CSV,1285008,257000,87,86,0,44155,0,0.000000e+00,0.000000e+00,12188.3,26395678.0,24113.3,30.39,33.36
CSV,1290008,258000,87,86,0,44355,0,0.000000e+00,0.000000e+00,12170.2,28994078.0,24590.0,30.72,33.77
BER: END_SEQ #87 [LOCK] seq_err=0 BER_seq=0.0000e+00 | lock=87 slip=0 BER_cond=0.0000e+00 BER_cum=0.0000e+00
BER: SYNC #88 (gated)
CSV,1295008,259000,88,87,0,44477,0,0.000000e+00,0.000000e+00,10952.0,30440796.0,22632.2,31.29,34.44
CSV,1300008,260000,88,87,0,44677,0,0.000000e+00,0.000000e+00,10440.0,25161298.0,23690.3,30.26,33.82
CSV,1305008,261000,88,87,0,44877,0,0.000000e+00,0.000000e+00,11178.8,29552698.0,25600.5,30.62,34.22
BER: END_SEQ #88 [LOCK] seq_err=0 BER_seq=0.0000e+00 | lock=88 slip=0 BER_cond=0.0000e+00 BER_cum=0.0000e+00
BER: SYNC #89 (gated)
CSV,1310008,262000,89,88,0,45000,0,0.000000e+00,0.000000e+00,10869.5,29610104.0,25113.1,30.72,34.35
CSV,1315008,263000,89,88,0,45200,0,0.000000e+00,0.000000e+00,10853.8,26956314.0,24871.2,30.35,33.95
CSV,1320008,264000,89,88,0,45400,0,0.000000e+00,0.000000e+00,10761.0,27902444.0,24671.9,30.53,34.14
BER: END_SEQ #89 [LOCK] seq_err=0 BER_seq=0.0000e+00 | lock=89 slip=0 BER_cond=0.0000e+00 BER_cum=0.0000e+00
BER: SYNC #90 (gated)
CSV,1325008,265000,90,89,0,45523,0,0.000000e+00,0.000000e+00,11742.8,30176850.0,23277.3,31.13,34.10
CSV,1330008,266000,90,89,0,45723,0,0.000000e+00,0.000000e+00,11704.9,26623470.0,23601.7,30.52,33.57
CSV,1335008,267000,90,89,0,45923,0,0.000000e+00,0.000000e+00,12257.8,29828690.0,24073.0,30.93,33.86
BER: END_SEQ #90 [LOCK] seq_err=0 BER_seq=0.0000e+00 | lock=90 slip=0 BER_cond=0.0000e+00 BER_cum=0.0000e+00
BER: SYNC #91 (gated)
CSV,1340008,268000,91,90,0,46046,0,0.000000e+00,0.000000e+00,11658.8,28807940.0,24118.2,30.77,33.93
CSV,1345008,269000,91,90,0,46245,0,0.000000e+00,0.000000e+00,11749.9,26546800.0,24529.2,30.34,33.54
CSV,1350008,270000,91,90,0,46445,0,0.000000e+00,0.000000e+00,12055.7,28758840.0,21912.9,31.18,33.78
BER: END_SEQ #91 [LOCK] seq_err=0 BER_seq=0.0000e+00 | lock=91 slip=0 BER_cond=0.0000e+00 BER_cum=0.0000e+00
BER: SYNC #92 (gated)
CSV,1355008,271000,92,91,0,46568,0,0.000000e+00,0.000000e+00,11546.7,31009098.0,23025.8,31.29,34.29
CSV,1360008,272000,92,91,0,46768,0,0.000000e+00,0.000000e+00,12131.0,25116234.0,25531.9,29.93,33.16
CSV,1365008,273000,92,91,0,46968,0,0.000000e+00,0.000000e+00,11980.8,29438576.0,25692.0,30.59,33.90
BER: END_SEQ #92 [LOCK] seq_err=0 BER_seq=0.0000e+00 | lock=92 slip=0 BER_cond=0.0000e+00 BER_cum=0.0000e+00
BER: SYNC #93 (gated)
CSV,1370008,274000,93,92,0,47091,0,0.000000e+00,0.000000e+00,12270.2,30314746.0,23691.0,31.07,33.93
CSV,1375008,275000,93,92,0,47291,0,0.000000e+00,0.000000e+00,10981.5,25144614.0,22946.1,30.40,33.60
CSV,1380008,276000,93,92,0,47491,0,0.000000e+00,0.000000e+00,11321.2,29958646.0,23242.3,31.10,34.23
BER: END_SEQ #93 [LOCK] seq_err=0 BER_seq=0.0000e+00 | lock=93 slip=0 BER_cond=0.0000e+00 BER_cum=0.0000e+00
BER: SYNC #94 (gated)
CSV,1385008,277000,94,93,0,47614,0,0.000000e+00,0.000000e+00,12216.8,29761556.0,25678.6,30.64,33.87
CSV,1390008,278000,94,93,0,47813,0,0.000000e+00,0.000000e+00,11806.1,26122238.0,24099.8,30.35,33.45
CSV,1395008,279000,94,93,0,48013,0,0.000000e+00,0.000000e+00,11840.9,29151744.0,23887.5,30.86,33.91
BER: END_SEQ #94 [LOCK] seq_err=0 BER_seq=0.0000e+00 | lock=94 slip=0 BER_cond=0.0000e+00 BER_cum=0.0000e+00
BER: SYNC #95 (gated)
CSV,1400008,280000,95,94,0,48136,0,0.000000e+00,0.000000e+00,12511.1,30355170.0,23448.7,31.12,33.85
CSV,1405008,281000,95,94,0,48336,0,0.000000e+00,0.000000e+00,12210.0,25807920.0,24088.1,30.30,33.25
CSV,1410008,282000,95,94,0,48536,0,0.000000e+00,0.000000e+00,12434.3,29512290.0,23071.6,31.07,33.75
BER: END_SEQ #95 [LOCK] seq_err=0 BER_seq=0.0000e+00 | lock=95 slip=0 BER_cond=0.0000e+00 BER_cum=0.0000e+00
BER: SYNC #96 (gated)
CSV,1415008,283000,96,95,0,48659,0,0.000000e+00,0.000000e+00,12910.0,29640356.0,23970.9,30.92,33.61
CSV,1420008,284000,96,95,0,48859,0,0.000000e+00,0.000000e+00,14574.3,26289322.0,23882.4,30.42,32.56
BER: END_SEQ #96 [LOCK] seq_err=0 BER_seq=0.0000e+00 | lock=96 slip=0 BER_cond=0.0000e+00 BER_cum=0.0000e+00
CSV,1425008,285000,96,96,0,49056,0,0.000000e+00,0.000000e+00,15058.0,30269334.0,23940.8,31.02,33.03
BER: SYNC #97 (gated)
CSV,1430008,286000,97,96,0,49182,0,0.000000e+00,0.000000e+00,13982.5,28006072.0,23723.6,30.72,33.02
CSV,1435008,287000,97,96,0,49382,0,0.000000e+00,0.000000e+00,13477.0,27292020.0,24627.0,30.45,33.06
BER: END_SEQ #97 [LOCK] seq_err=0 BER_seq=0.0000e+00 | lock=97 slip=0 BER_cond=0.0000e+00 BER_cum=0.0000e+00
CSV,1440008,288000,97,97,0,49567,0,0.000000e+00,0.000000e+00,15517.5,30253092.0,24032.1,31.00,32.90
BER: SYNC #98 (gated)
CSV,1445008,289000,98,97,0,49704,0,0.000000e+00,0.000000e+00,14564.4,26372276.0,23409.4,30.52,32.58
CSV,1450008,290000,98,97,0,49904,0,0.000000e+00,0.000000e+00,13455.0,29208674.0,23113.8,31.02,33.37
BER: END_SEQ #98 [LOCK] seq_err=0 BER_seq=0.0000e+00 | lock=98 slip=0 BER_cond=0.0000e+00 BER_cum=0.0000e+00
CSV,1455008,291000,98,98,0,50078,0,0.000000e+00,0.000000e+00,13899.8,29589850.0,24398.9,30.84,33.28
BER: SYNC #99 (gated)
CSV,1460008,292000,99,98,0,50227,0,0.000000e+00,0.000000e+00,12984.3,26925296.0,22451.4,30.79,33.17
CSV,1465008,293000,99,98,0,50427,0,0.000000e+00,0.000000e+00,13086.0,28929042.0,24551.6,30.71,33.45
BER: END_SEQ #99 [LOCK] seq_err=0 BER_seq=0.0000e+00 | lock=99 slip=0 BER_cond=0.0000e+00 BER_cum=0.0000e+00
CSV,1470008,294000,99,99,0,50589,0,0.000000e+00,0.000000e+00,14204.7,30106760.0,24489.9,30.90,33.26
BER: SYNC #100 (gated)
CSV,1475008,295000,100,99,0,50750,0,0.000000e+00,0.000000e+00,13187.3,26166914.0,23616.4,30.45,32.98
CSV,1480008,296000,100,99,0,50950,0,0.000000e+00,0.000000e+00,13926.4,29576716.0,23025.8,31.09,33.27
BER: END_SEQ #100 [LOCK] seq_err=0 BER_seq=0.0000e+00 | lock=100 slip=0 BER_cond=0.0000e+00 BER_cum=0.0000e+00
CSV,1485008,297000,100,100,0,51100,0,0.000000e+00,0.000000e+00,13839.7,29441486.0,23338.7,31.01,33.28
BER: SYNC #101 (gated)
CSV,1490008,298000,101,100,0,51273,0,0.000000e+00,0.000000e+00,13390.1,27082224.0,22542.8,30.80,33.06
CSV,1495008,299000,101,100,0,51473,0,0.000000e+00,0.000000e+00,13452.0,29532028.0,23408.9,31.01,33.42
BER: END_SEQ #101 [LOCK] seq_err=0 BER_seq=0.0000e+00 | lock=101 slip=0 BER_cond=0.0000e+00 BER_cum=0.0000e+00
CSV,1500008,300000,101,101,0,51611,0,0.000000e+00,0.000000e+00,12973.6,29265550.0,23658.9,30.92,33.53
BER: SYNC #102 (gated)
CSV,1505008,301000,102,101,0,51795,0,0.000000e+00,0.000000e+00,13933.6,26664080.0,23674.1,30.52,32.82
CSV,1510008,302000,102,101,0,51995,0,0.000000e+00,0.000000e+00,12911.6,29411544.0,24266.3,30.84,33.58
BER: END_SEQ #102 [LOCK] seq_err=0 BER_seq=0.0000e+00 | lock=102 slip=0 BER_cond=0.0000e+00 BER_cum=0.0000e+00

=========================================
=== END OF TEST (duration=25 min) ===
=========================================
FINAL: syncs=102 lock=102 slip=0 slip_rate=0.0000
FINAL: bits_cum=52122 err_cum=0 BER_cum=0.0000e+00
FINAL: bits_lock=52122 err_lock=0 BER_cond=0.0000e+00
=========================================
=== STOP LOGGING NOW ===
=========================================
