

=== RX BOOT - BER TEST MODE ===
BPS_MODE=40 (HALF_SAMPLES=1000, 5000 samples/bit @ 200000 Hz)
Expect: 64-bit preamble + Barker13 (1F35h, gated by 8 preamble bits = 0x55) + 511-bit PRBS-9
Noise floor band: 5000 Hz; lock threshold: BER<0.10
Auto-stop: test will halt 25 min after the first sync.
RX: edge-tracking sync, center-3 voting
Starting decoder...

BER: SYNC #1 (gated)
CSV,5007,1000,1,0,0,42,0,0.000000e+00,0.000000e+00,208696304.0,214706864.0,10761.2,43.00,0.12
CSV,10007,2000,1,0,0,242,0,0.000000e+00,0.000000e+00,223400512.0,206664432.0,10645.0,43.22,0.34
CSV,15007,3000,1,0,0,441,0,0.000000e+00,0.000000e+00,205675824.0,223980288.0,11056.0,43.07,0.37
BER: END_SEQ #1 [LOCK] seq_err=0 BER_seq=0.0000e+00 | lock=1 slip=0 BER_cond=0.0000e+00 BER_cum=0.0000e+00
BER: SYNC #2 (gated)
CSV,20007,4000,2,1,0,564,0,0.000000e+00,0.000000e+00,208870320.0,223478624.0,11130.7,43.03,0.29
CSV,25007,5000,2,1,0,764,0,0.000000e+00,0.000000e+00,223114672.0,201983808.0,9893.9,43.53,0.43
CSV,30007,6000,2,1,0,964,0,0.000000e+00,0.000000e+00,207008928.0,221448304.0,10357.7,43.30,0.29
BER: END_SEQ #2 [LOCK] seq_err=0 BER_seq=0.0000e+00 | lock=2 slip=0 BER_cond=0.0000e+00 BER_cum=0.0000e+00
BER: SYNC #3 (gated)
CSV,35007,7000,3,2,0,1087,0,0.000000e+00,0.000000e+00,188151840.0,225575264.0,9832.8,43.61,0.79
CSV,40007,8000,3,2,0,1287,0,0.000000e+00,0.000000e+00,232193984.0,191050768.0,10780.5,43.33,0.85
CSV,45007,9000,3,2,0,1487,0,0.000000e+00,0.000000e+00,198231584.0,217756544.0,9134.3,43.77,0.41
BER: END_SEQ #3 [LOCK] seq_err=0 BER_seq=0.0000e+00 | lock=3 slip=0 BER_cond=0.0000e+00 BER_cum=0.0000e+00
BER: SYNC #4 (gated)
CSV,50007,10000,4,3,0,1610,0,0.000000e+00,0.000000e+00,187594880.0,224585456.0,11487.3,42.91,0.78
CSV,55007,11000,4,3,0,1810,0,0.000000e+00,0.000000e+00,228098304.0,187224880.0,10044.4,43.56,0.86
CSV,60007,12000,4,3,0,2009,0,0.000000e+00,0.000000e+00,187654000.0,215088112.0,10289.1,43.20,0.59
BER: END_SEQ #4 [LOCK] seq_err=0 BER_seq=0.0000e+00 | lock=4 slip=0 BER_cond=0.0000e+00 BER_cum=0.0000e+00
BER: SYNC #5 (gated)
CSV,65007,13000,5,4,0,2132,0,0.000000e+00,0.000000e+00,179886240.0,211066432.0,11182.9,42.76,0.69
CSV,70007,14000,5,4,0,2332,0,0.000000e+00,0.000000e+00,123749728.0,111776672.0,7766.1,42.02,0.44
CSV,75007,15000,5,4,0,2532,0,0.000000e+00,0.000000e+00,111429816.0,124710840.0,8272.6,41.78,0.49
BER: END_SEQ #5 [LOCK] seq_err=0 BER_seq=0.0000e+00 | lock=5 slip=0 BER_cond=0.0000e+00 BER_cum=0.0000e+00
BER: SYNC #6 (gated)
CSV,80007,16000,6,5,0,2655,0,0.000000e+00,0.000000e+00,96735488.0,119846824.0,8573.7,41.45,0.93
CSV,85007,17000,6,5,0,2855,0,0.000000e+00,0.000000e+00,103147272.0,90607984.0,7126.6,41.61,0.56
CSV,90007,18000,6,5,0,3055,0,0.000000e+00,0.000000e+00,86298376.0,103322184.0,7069.8,41.65,0.78
BER: END_SEQ #6 [LOCK] seq_err=0 BER_seq=0.0000e+00 | lock=6 slip=0 BER_cond=0.0000e+00 BER_cum=0.0000e+00
BER: SYNC #7 (gated)
CSV,95007,19000,7,6,0,3178,0,0.000000e+00,0.000000e+00,84710856.0,102135808.0,7238.8,41.50,0.81
CSV,100007,20000,7,6,0,3378,0,0.000000e+00,0.000000e+00,100489344.0,90089856.0,7131.3,41.49,0.47
BER: END_SEQ #7 [LOCK] seq_err=0 BER_seq=0.0000e+00 | lock=7 slip=0 BER_cond=0.0000e+00 BER_cum=0.0000e+00
CSV,105007,21000,7,7,0,3577,0,0.000000e+00,0.000000e+00,83217432.0,104210584.0,7357.5,41.51,0.98
BER: SYNC #8 (gated)
CSV,110007,22000,8,7,0,3700,0,0.000000e+00,0.000000e+00,91505856.0,96687800.0,7919.8,40.87,0.24
CSV,115007,23000,8,7,0,3900,0,0.000000e+00,0.000000e+00,94501600.0,91178768.0,6755.3,41.46,0.16
BER: END_SEQ #8 [LOCK] seq_err=0 BER_seq=0.0000e+00 | lock=8 slip=0 BER_cond=0.0000e+00 BER_cum=0.0000e+00
CSV,120007,24000,8,8,0,4088,0,0.000000e+00,0.000000e+00,85471728.0,105230912.0,7156.1,41.67,0.90
BER: SYNC #9 (gated)
CSV,125007,25000,9,8,0,4223,0,0.000000e+00,0.000000e+00,94358104.0,92084264.0,7590.2,40.95,0.11
CSV,130007,26000,9,8,0,4423,0,0.000000e+00,0.000000e+00,89850160.0,99437912.0,7473.2,41.24,0.44
BER: END_SEQ #9 [LOCK] seq_err=0 BER_seq=0.0000e+00 | lock=9 slip=0 BER_cond=0.0000e+00 BER_cum=0.0000e+00
CSV,135007,27000,9,9,0,4599,0,0.000000e+00,0.000000e+00,87153096.0,102272344.0,7746.9,41.21,0.69
BER: SYNC #10 (gated)
CSV,140007,28000,10,9,0,4746,0,0.000000e+00,0.000000e+00,97137904.0,88693208.0,7464.4,41.14,0.39
CSV,145007,29000,10,9,0,4946,0,0.000000e+00,0.000000e+00,89124688.0,101611720.0,7433.5,41.36,0.57
BER: END_SEQ #10 [LOCK] seq_err=0 BER_seq=0.0000e+00 | lock=10 slip=0 BER_cond=0.0000e+00 BER_cum=0.0000e+00
CSV,150007,30000,10,10,0,5110,0,0.000000e+00,0.000000e+00,84885744.0,100791248.0,7341.1,41.38,0.75
BER: SYNC #11 (gated)
CSV,155007,31000,11,10,0,5268,0,0.000000e+00,0.000000e+00,98838616.0,91226192.0,7269.1,41.33,0.35
CSV,160007,32000,11,10,0,5468,0,0.000000e+00,0.000000e+00,87836576.0,100422552.0,6818.9,41.68,0.58
BER: END_SEQ #11 [LOCK] seq_err=0 BER_seq=0.0000e+00 | lock=11 slip=0 BER_cond=0.0000e+00 BER_cum=0.0000e+00
CSV,165007,33000,11,11,0,5621,0,0.000000e+00,0.000000e+00,88257656.0,101377080.0,7454.3,41.34,0.60
BER: SYNC #12 (gated)
CSV,170007,34000,12,11,0,5791,0,0.000000e+00,0.000000e+00,98159192.0,92511288.0,7060.3,41.43,0.26
CSV,175007,35000,12,11,0,5991,0,0.000000e+00,0.000000e+00,88866208.0,101179192.0,7690.4,41.19,0.56
BER: END_SEQ #12 [LOCK] seq_err=0 BER_seq=0.0000e+00 | lock=12 slip=0 BER_cond=0.0000e+00 BER_cum=0.0000e+00
CSV,180007,36000,12,12,0,6132,0,0.000000e+00,0.000000e+00,89600672.0,102058456.0,7469.5,41.36,0.57
BER: SYNC #13 (gated)
CSV,185007,37000,13,12,0,6314,0,0.000000e+00,0.000000e+00,95941488.0,92513176.0,7137.8,41.28,0.16
CSV,190007,38000,13,12,0,6514,0,0.000000e+00,0.000000e+00,89734376.0,102425448.0,7209.7,41.52,0.57
BER: END_SEQ #13 [LOCK] seq_err=0 BER_seq=0.0000e+00 | lock=13 slip=0 BER_cond=0.0000e+00 BER_cum=0.0000e+00
CSV,195007,39000,13,13,0,6643,0,0.000000e+00,0.000000e+00,86148064.0,100682608.0,7544.5,41.25,0.68
BER: SYNC #14 (gated)
CSV,200007,40000,14,13,0,6836,0,0.000000e+00,0.000000e+00,102165832.0,89218232.0,7183.2,41.53,0.59
CSV,205007,41000,14,13,0,7036,0,0.000000e+00,0.000000e+00,88608384.0,101184480.0,7954.8,41.04,0.58
BER: END_SEQ #14 [LOCK] seq_err=0 BER_seq=0.0000e+00 | lock=14 slip=0 BER_cond=0.0000e+00 BER_cum=0.0000e+00
BER: SYNC #15 (gated)
CSV,210007,42000,15,14,0,7159,0,0.000000e+00,0.000000e+00,85420408.0,103027368.0,7845.0,41.18,0.81
CSV,215007,43000,15,14,0,7359,0,0.000000e+00,0.000000e+00,101360544.0,92085152.0,7297.5,41.43,0.42
CSV,220007,44000,15,14,0,7559,0,0.000000e+00,0.000000e+00,109861104.0,125508448.0,7065.4,42.50,0.58
BER: END_SEQ #15 [LOCK] seq_err=0 BER_seq=0.0000e+00 | lock=15 slip=0 BER_cond=0.0000e+00 BER_cum=0.0000e+00
BER: SYNC #16 (gated)
CSV,225007,45000,16,15,0,7682,0,0.000000e+00,0.000000e+00,143891760.0,172156832.0,9605.0,42.53,0.78
CSV,230007,46000,16,15,0,7882,0,0.000000e+00,0.000000e+00,190472560.0,162503968.0,9729.3,42.92,0.69
CSV,235007,47000,16,15,0,8082,0,0.000000e+00,0.000000e+00,179539184.0,188959248.0,9311.1,43.07,0.22
BER: END_SEQ #16 [LOCK] seq_err=0 BER_seq=0.0000e+00 | lock=16 slip=0 BER_cond=0.0000e+00 BER_cum=0.0000e+00
BER: SYNC #17 (gated)
CSV,240007,48000,17,16,0,8204,0,0.000000e+00,0.000000e+00,166273888.0,202388944.0,10055.4,43.04,0.85
CSV,245007,49000,17,16,0,8404,0,0.000000e+00,0.000000e+00,199746832.0,172346352.0,10011.9,43.00,0.64
CSV,250007,50000,17,16,0,8604,0,0.000000e+00,0.000000e+00,188094048.0,198015024.0,9551.0,43.17,0.22
BER: END_SEQ #17 [LOCK] seq_err=0 BER_seq=0.0000e+00 | lock=17 slip=0 BER_cond=0.0000e+00 BER_cum=0.0000e+00
BER: SYNC #18 (gated)
CSV,255007,51000,18,17,0,8727,0,0.000000e+00,0.000000e+00,175717904.0,198272112.0,10782.9,42.65,0.52
CSV,260007,52000,18,17,0,8927,0,0.000000e+00,0.000000e+00,195602544.0,182712432.0,9113.7,43.32,0.30
CSV,265007,53000,18,17,0,9127,0,0.000000e+00,0.000000e+00,186825952.0,199878592.0,9423.3,43.27,0.29
BER: END_SEQ #18 [LOCK] seq_err=0 BER_seq=0.0000e+00 | lock=18 slip=0 BER_cond=0.0000e+00 BER_cum=0.0000e+00
BER: SYNC #19 (gated)
CSV,270007,54000,19,18,0,9250,0,0.000000e+00,0.000000e+00,188757168.0,209570496.0,10449.6,43.02,0.45
CSV,275007,55000,19,18,0,9450,0,0.000000e+00,0.000000e+00,207769984.0,188016000.0,10289.1,43.05,0.43
CSV,280007,56000,19,18,0,9650,0,0.000000e+00,0.000000e+00,197569088.0,206617632.0,9511.0,43.37,0.19
BER: END_SEQ #19 [LOCK] seq_err=0 BER_seq=0.0000e+00 | lock=19 slip=0 BER_cond=0.0000e+00 BER_cum=0.0000e+00
BER: SYNC #20 (gated)
CSV,285007,57000,20,19,0,9772,0,0.000000e+00,0.000000e+00,183609024.0,217058592.0,10981.0,42.96,0.73
CSV,290007,58000,20,19,0,9972,0,0.000000e+00,0.000000e+00,223736608.0,181880256.0,10110.0,43.45,0.90
CSV,295007,59000,20,19,0,10172,0,0.000000e+00,0.000000e+00,195630816.0,217038992.0,10923.1,42.98,0.45
BER: END_SEQ #20 [LOCK] seq_err=0 BER_seq=0.0000e+00 | lock=20 slip=0 BER_cond=0.0000e+00 BER_cum=0.0000e+00
BER: SYNC #21 (gated)
CSV,300007,60000,21,20,0,10295,0,0.000000e+00,0.000000e+00,175370768.0,211938720.0,10580.5,43.02,0.82
CSV,305007,61000,21,20,0,10495,0,0.000000e+00,0.000000e+00,225599344.0,182666912.0,9756.4,43.64,0.92
CSV,310007,62000,21,20,0,10695,0,0.000000e+00,0.000000e+00,188031632.0,210738016.0,9910.6,43.28,0.50
BER: END_SEQ #21 [LOCK] seq_err=0 BER_seq=0.0000e+00 | lock=21 slip=0 BER_cond=0.0000e+00 BER_cum=0.0000e+00
BER: SYNC #22 (gated)
CSV,315007,63000,22,21,0,10818,0,0.000000e+00,0.000000e+00,191271328.0,221038288.0,10567.1,43.21,0.63
CSV,320007,64000,22,21,0,11018,0,0.000000e+00,0.000000e+00,219282736.0,189805440.0,11188.0,42.92,0.63
CSV,325007,65000,22,21,0,11217,0,0.000000e+00,0.000000e+00,196866432.0,214607648.0,10334.6,43.17,0.37
BER: END_SEQ #22 [LOCK] seq_err=0 BER_seq=0.0000e+00 | lock=22 slip=0 BER_cond=0.0000e+00 BER_cum=0.0000e+00
BER: SYNC #23 (gated)
CSV,330007,66000,23,22,0,11340,0,0.000000e+00,0.000000e+00,191061568.0,220400224.0,10482.3,43.23,0.62
CSV,335007,67000,23,22,0,11540,0,0.000000e+00,0.000000e+00,225037584.0,187644128.0,10237.6,43.42,0.79
CSV,340007,68000,23,22,0,11740,0,0.000000e+00,0.000000e+00,198076000.0,224181696.0,10454.4,43.31,0.54
BER: END_SEQ #23 [LOCK] seq_err=0 BER_seq=0.0000e+00 | lock=23 slip=0 BER_cond=0.0000e+00 BER_cum=0.0000e+00
BER: SYNC #24 (gated)
CSV,345007,69000,24,23,0,11863,0,0.000000e+00,0.000000e+00,193576560.0,215768544.0,11458.4,42.75,0.47
CSV,350007,70000,24,23,0,12063,0,0.000000e+00,0.000000e+00,228221904.0,195515232.0,10150.0,43.52,0.67
CSV,355007,71000,24,23,0,12263,0,0.000000e+00,0.000000e+00,190702272.0,225542368.0,9848.8,43.60,0.73
BER: END_SEQ #24 [LOCK] seq_err=0 BER_seq=0.0000e+00 | lock=24 slip=0 BER_cond=0.0000e+00 BER_cum=0.0000e+00
BER: SYNC #25 (gated)
CSV,360007,72000,25,24,0,12386,0,0.000000e+00,0.000000e+00,208942544.0,212828848.0,11855.4,42.54,0.08
CSV,365007,73000,25,24,0,12586,0,0.000000e+00,0.000000e+00,224030336.0,203003456.0,10383.0,43.34,0.43
BER: END_SEQ #25 [LOCK] seq_err=0 BER_seq=0.0000e+00 | lock=25 slip=0 BER_cond=0.0000e+00 BER_cum=0.0000e+00
CSV,370007,74000,25,25,0,12775,0,0.000000e+00,0.000000e+00,198246048.0,229819312.0,11461.5,43.02,0.64
BER: SYNC #26 (gated)
CSV,375007,75000,26,25,0,12908,0,0.000000e+00,0.000000e+00,224945280.0,207073792.0,11443.0,42.94,0.36
CSV,380007,76000,26,25,0,13108,0,0.000000e+00,0.000000e+00,208860528.0,220883376.0,10238.5,43.34,0.24
BER: END_SEQ #26 [LOCK] seq_err=0 BER_seq=0.0000e+00 | lock=26 slip=0 BER_cond=0.0000e+00 BER_cum=0.0000e+00
CSV,385007,77000,26,26,0,13286,0,0.000000e+00,0.000000e+00,211252656.0,231171520.0,10960.1,43.24,0.39
BER: SYNC #27 (gated)
CSV,390007,78000,27,26,0,13431,0,0.000000e+00,0.000000e+00,229852320.0,202901920.0,11331.9,43.07,0.54
CSV,395007,79000,27,26,0,13631,0,0.000000e+00,0.000000e+00,215056192.0,230673808.0,10623.0,43.37,0.30
BER: END_SEQ #27 [LOCK] seq_err=0 BER_seq=0.0000e+00 | lock=27 slip=0 BER_cond=0.0000e+00 BER_cum=0.0000e+00
CSV,400007,80000,27,27,0,13797,0,0.000000e+00,0.000000e+00,206916240.0,233374944.0,10922.1,43.30,0.52
BER: SYNC #28 (gated)
CSV,405007,81000,28,27,0,13954,0,0.000000e+00,0.000000e+00,235916928.0,208503104.0,11527.0,43.11,0.54
CSV,410007,82000,28,27,0,14154,0,0.000000e+00,0.000000e+00,212121888.0,235361408.0,10648.7,43.44,0.45
BER: END_SEQ #28 [LOCK] seq_err=0 BER_seq=0.0000e+00 | lock=28 slip=0 BER_cond=0.0000e+00 BER_cum=0.0000e+00
CSV,415007,83000,28,28,0,14308,0,0.000000e+00,0.000000e+00,210080368.0,227985968.0,11596.7,42.94,0.36
BER: SYNC #29 (gated)
CSV,420007,84000,29,28,0,14476,0,0.000000e+00,0.000000e+00,238608576.0,210692144.0,10257.9,43.67,0.54
CSV,425007,85000,29,28,0,14676,0,0.000000e+00,0.000000e+00,211727328.0,229770736.0,10802.6,43.28,0.36
BER: END_SEQ #29 [LOCK] seq_err=0 BER_seq=0.0000e+00 | lock=29 slip=0 BER_cond=0.0000e+00 BER_cum=0.0000e+00
CSV,430007,86000,29,29,0,14819,0,0.000000e+00,0.000000e+00,213169392.0,235994384.0,12047.6,42.92,0.44
BER: SYNC #30 (gated)
CSV,435007,87000,30,29,0,14999,0,0.000000e+00,0.000000e+00,233464528.0,214231296.0,10050.6,43.66,0.37
CSV,440007,88000,30,29,0,15199,0,0.000000e+00,0.000000e+00,218190752.0,236450464.0,10338.3,43.59,0.35
BER: END_SEQ #30 [LOCK] seq_err=0 BER_seq=0.0000e+00 | lock=30 slip=0 BER_cond=0.0000e+00 BER_cum=0.0000e+00
CSV,445007,89000,30,30,0,15330,0,0.000000e+00,0.000000e+00,214026928.0,240850992.0,12062.4,43.00,0.51
BER: SYNC #31 (gated)
CSV,450007,90000,31,30,0,15522,0,0.000000e+00,0.000000e+00,248124192.0,205629728.0,11001.5,43.53,0.82
CSV,455007,91000,31,30,0,15722,0,0.000000e+00,0.000000e+00,221565008.0,235873728.0,11486.3,43.12,0.27
BER: END_SEQ #31 [LOCK] seq_err=0 BER_seq=0.0000e+00 | lock=31 slip=0 BER_cond=0.0000e+00 BER_cum=0.0000e+00
BER: SYNC #32 (gated)
CSV,460007,92000,32,31,0,15844,0,0.000000e+00,0.000000e+00,202647872.0,235406944.0,11976.1,42.94,0.65
CSV,465007,93000,32,31,0,16044,0,0.000000e+00,0.000000e+00,245337872.0,208369776.0,9915.0,43.93,0.71
CSV,470007,94000,32,31,0,16244,0,0.000000e+00,0.000000e+00,210643184.0,234116032.0,10077.5,43.66,0.46
BER: END_SEQ #32 [LOCK] seq_err=0 BER_seq=0.0000e+00 | lock=32 slip=0 BER_cond=0.0000e+00 BER_cum=0.0000e+00
BER: SYNC #33 (gated)
CSV,475007,95000,33,32,0,16367,0,0.000000e+00,0.000000e+00,203836704.0,245795456.0,12394.7,42.97,0.81
CSV,480007,96000,33,32,0,16567,0,0.000000e+00,0.000000e+00,245193488.0,205153600.0,10982.6,43.49,0.77
CSV,485007,97000,33,32,0,16767,0,0.000000e+00,0.000000e+00,219662880.0,231882784.0,10566.9,43.41,0.24
BER: END_SEQ #33 [LOCK] seq_err=0 BER_seq=0.0000e+00 | lock=33 slip=0 BER_cond=0.0000e+00 BER_cum=0.0000e+00
BER: SYNC #34 (gated)
CSV,490007,98000,34,33,0,16890,0,0.000000e+00,0.000000e+00,206603568.0,249192752.0,11520.3,43.35,0.81
CSV,495007,99000,34,33,0,17090,0,0.000000e+00,0.000000e+00,245827056.0,203848416.0,10486.8,43.70,0.81
CSV,500007,100000,34,33,0,17290,0,0.000000e+00,0.000000e+00,219795904.0,238174064.0,10758.0,43.45,0.35
BER: END_SEQ #34 [LOCK] seq_err=0 BER_seq=0.0000e+00 | lock=34 slip=0 BER_cond=0.0000e+00 BER_cum=0.0000e+00
BER: SYNC #35 (gated)
CSV,505007,101000,35,34,0,17412,0,0.000000e+00,0.000000e+00,209966320.0,233165488.0,12245.4,42.80,0.46
CSV,510007,102000,35,34,0,17612,0,0.000000e+00,0.000000e+00,239306288.0,219773088.0,10651.5,43.52,0.37
CSV,515007,103000,35,34,0,17812,0,0.000000e+00,0.000000e+00,221761440.0,232554944.0,11508.6,43.06,0.21
BER: END_SEQ #35 [LOCK] seq_err=0 BER_seq=0.0000e+00 | lock=35 slip=0 BER_cond=0.0000e+00 BER_cum=0.0000e+00
BER: SYNC #36 (gated)
CSV,520007,104000,36,35,0,17935,0,0.000000e+00,0.000000e+00,215040080.0,241182208.0,11628.3,43.17,0.50
CSV,525007,105000,36,35,0,18135,0,0.000000e+00,0.000000e+00,242598384.0,218348288.0,10928.1,43.46,0.46
CSV,530007,106000,36,35,0,18335,0,0.000000e+00,0.000000e+00,220855056.0,233304112.0,11858.4,42.94,0.24
BER: END_SEQ #36 [LOCK] seq_err=0 BER_seq=0.0000e+00 | lock=36 slip=0 BER_cond=0.0000e+00 BER_cum=0.0000e+00
BER: SYNC #37 (gated)
CSV,535007,107000,37,36,0,18458,0,0.000000e+00,0.000000e+00,216658912.0,246026256.0,11271.4,43.39,0.55
CSV,540007,108000,37,36,0,18658,0,0.000000e+00,0.000000e+00,247872688.0,204296576.0,10815.6,43.60,0.84
CSV,545007,109000,37,36,0,18858,0,0.000000e+00,0.000000e+00,221140704.0,239614352.0,10612.8,43.54,0.35
BER: END_SEQ #37 [LOCK] seq_err=0 BER_seq=0.0000e+00 | lock=37 slip=0 BER_cond=0.0000e+00 BER_cum=0.0000e+00
BER: SYNC #38 (gated)
CSV,550007,110000,38,37,0,18980,0,0.000000e+00,0.000000e+00,202422032.0,245484464.0,11720.8,43.21,0.84
CSV,555007,111000,38,37,0,19180,0,0.000000e+00,0.000000e+00,254364896.0,201043376.0,11083.8,43.61,1.02
CSV,560007,112000,38,37,0,19380,0,0.000000e+00,0.000000e+00,211032448.0,238418016.0,11438.9,43.19,0.53
BER: END_SEQ #38 [LOCK] seq_err=0 BER_seq=0.0000e+00 | lock=38 slip=0 BER_cond=0.0000e+00 BER_cum=0.0000e+00
BER: SYNC #39 (gated)
CSV,565007,113000,39,38,0,19503,0,0.000000e+00,0.000000e+00,206377344.0,236120480.0,11948.5,42.96,0.58
CSV,570007,114000,39,38,0,19703,0,0.000000e+00,0.000000e+00,236540000.0,201215440.0,10463.5,43.54,0.70
CSV,575007,115000,39,38,0,19903,0,0.000000e+00,0.000000e+00,113994416.0,132577800.0,7916.2,42.24,0.66
BER: END_SEQ #39 [LOCK] seq_err=0 BER_seq=0.0000e+00 | lock=39 slip=0 BER_cond=0.0000e+00 BER_cum=0.0000e+00
BER: SYNC #40 (gated)
CSV,580007,116000,40,39,0,20026,0,0.000000e+00,0.000000e+00,101417848.0,121354192.0,8612.3,41.49,0.78
CSV,585007,117000,40,39,0,20226,0,0.000000e+00,0.000000e+00,115297720.0,101408624.0,7724.8,41.74,0.56
CSV,590007,118000,40,39,0,20426,0,0.000000e+00,0.000000e+00,102610768.0,118120640.0,7717.9,41.85,0.61
BER: END_SEQ #40 [LOCK] seq_err=0 BER_seq=0.0000e+00 | lock=40 slip=0 BER_cond=0.0000e+00 BER_cum=0.0000e+00
BER: SYNC #41 (gated)
CSV,595007,119000,41,40,0,20548,0,0.000000e+00,0.000000e+00,98068096.0,115565496.0,8011.5,41.59,0.71
CSV,600007,120000,41,40,0,20748,0,0.000000e+00,0.000000e+00,112044368.0,98455320.0,6924.0,42.09,0.56
CSV,605007,121000,41,40,0,20948,0,0.000000e+00,0.000000e+00,90245824.0,107855904.0,7567.6,41.54,0.77
BER: END_SEQ #41 [LOCK] seq_err=0 BER_seq=0.0000e+00 | lock=41 slip=0 BER_cond=0.0000e+00 BER_cum=0.0000e+00
BER: SYNC #42 (gated)
CSV,610007,122000,42,41,0,21071,0,0.000000e+00,0.000000e+00,91959920.0,100056056.0,8463.5,40.73,0.37
CSV,615007,123000,42,41,0,21271,0,0.000000e+00,0.000000e+00,100726720.0,95997832.0,7722.0,41.15,0.21
BER: END_SEQ #42 [LOCK] seq_err=0 BER_seq=0.0000e+00 | lock=42 slip=0 BER_cond=0.0000e+00 BER_cum=0.0000e+00
CSV,620007,124000,42,42,0,21462,0,0.000000e+00,0.000000e+00,87697128.0,104563120.0,7831.8,41.26,0.76
BER: SYNC #43 (gated)
CSV,625007,125000,43,42,0,21594,0,0.000000e+00,0.000000e+00,98534824.0,96397680.0,7748.7,41.04,0.10
CSV,630007,126000,43,42,0,21794,0,0.000000e+00,0.000000e+00,91847520.0,100155392.0,7582.0,41.21,0.38
BER: END_SEQ #43 [LOCK] seq_err=0 BER_seq=0.0000e+00 | lock=43 slip=0 BER_cond=0.0000e+00 BER_cum=0.0000e+00
CSV,635007,127000,43,43,0,21973,0,0.000000e+00,0.000000e+00,90902792.0,103245208.0,7068.5,41.65,0.55
BER: SYNC #44 (gated)
CSV,640007,128000,44,43,0,22116,0,0.000000e+00,0.000000e+00,99619784.0,91974008.0,7679.9,41.13,0.35
CSV,645007,129000,44,43,0,22316,0,0.000000e+00,0.000000e+00,90918456.0,101388064.0,7558.1,41.28,0.47
BER: END_SEQ #44 [LOCK] seq_err=0 BER_seq=0.0000e+00 | lock=44 slip=0 BER_cond=0.0000e+00 BER_cum=0.0000e+00
CSV,650007,130000,44,44,0,22484,0,0.000000e+00,0.000000e+00,88816136.0,105190872.0,7056.3,41.73,0.73
BER: SYNC #45 (gated)
CSV,655007,131000,45,44,0,22639,0,0.000000e+00,0.000000e+00,98575936.0,90935816.0,8117.8,40.84,0.35
CSV,660007,132000,45,44,0,22839,0,0.000000e+00,0.000000e+00,89535960.0,104581808.0,7510.8,41.44,0.67
BER: END_SEQ #45 [LOCK] seq_err=0 BER_seq=0.0000e+00 | lock=45 slip=0 BER_cond=0.0000e+00 BER_cum=0.0000e+00
CSV,665007,133000,45,45,0,22995,0,0.000000e+00,0.000000e+00,88466424.0,100100760.0,7283.2,41.38,0.54
BER: SYNC #46 (gated)
CSV,670007,134000,46,45,0,23162,0,0.000000e+00,0.000000e+00,100789960.0,91558768.0,7931.0,41.04,0.42
CSV,675007,135000,46,45,0,23362,0,0.000000e+00,0.000000e+00,88351080.0,102358640.0,7007.5,41.65,0.64
BER: END_SEQ #46 [LOCK] seq_err=0 BER_seq=0.0000e+00 | lock=46 slip=0 BER_cond=0.0000e+00 BER_cum=0.0000e+00
CSV,680007,136000,46,46,0,23506,0,0.000000e+00,0.000000e+00,87557680.0,101549000.0,8094.4,40.98,0.64
BER: SYNC #47 (gated)
CSV,685007,137000,47,46,0,23684,0,0.000000e+00,0.000000e+00,98773640.0,93137160.0,7272.3,41.33,0.26
CSV,690007,138000,47,46,0,23884,0,0.000000e+00,0.000000e+00,87539520.0,101670168.0,6903.2,41.68,0.65
BER: END_SEQ #47 [LOCK] seq_err=0 BER_seq=0.0000e+00 | lock=47 slip=0 BER_cond=0.0000e+00 BER_cum=0.0000e+00
CSV,695007,139000,47,47,0,24017,0,0.000000e+00,0.000000e+00,88904736.0,103146504.0,7846.7,41.19,0.65
BER: SYNC #48 (gated)
CSV,700007,140000,48,47,0,24207,0,0.000000e+00,0.000000e+00,99411528.0,88917704.0,7465.7,41.24,0.48
CSV,705007,141000,48,47,0,24407,0,0.000000e+00,0.000000e+00,90889704.0,101183120.0,7479.6,41.31,0.47
BER: END_SEQ #48 [LOCK] seq_err=0 BER_seq=0.0000e+00 | lock=48 slip=0 BER_cond=0.0000e+00 BER_cum=0.0000e+00
BER: SYNC #49 (gated)
CSV,710007,142000,49,48,0,24530,0,0.000000e+00,0.000000e+00,84969912.0,103004200.0,7828.7,41.19,0.84
CSV,715007,143000,49,48,0,24730,0,0.000000e+00,0.000000e+00,100730760.0,89291360.0,7622.0,41.21,0.52
CSV,720007,144000,49,48,0,24930,0,0.000000e+00,0.000000e+00,89398032.0,101642704.0,7519.3,41.31,0.56
BER: END_SEQ #49 [LOCK] seq_err=0 BER_seq=0.0000e+00 | lock=49 slip=0 BER_cond=0.0000e+00 BER_cum=0.0000e+00
BER: SYNC #50 (gated)
CSV,725007,145000,50,49,0,25052,0,0.000000e+00,0.000000e+00,82799040.0,104544040.0,7532.5,41.42,1.01
CSV,730007,146000,50,49,0,25252,0,0.000000e+00,0.000000e+00,101569240.0,90423880.0,7162.6,41.52,0.50
CSV,735007,147000,50,49,0,25452,0,0.000000e+00,0.000000e+00,88948360.0,99252576.0,7455.0,41.24,0.48
BER: END_SEQ #50 [LOCK] seq_err=0 BER_seq=0.0000e+00 | lock=50 slip=0 BER_cond=0.0000e+00 BER_cum=0.0000e+00
BER: SYNC #51 (gated)
CSV,740007,148000,51,50,0,25575,0,0.000000e+00,0.000000e+00,86372672.0,105759904.0,7880.0,41.28,0.88
CSV,745007,149000,51,50,0,25775,0,0.000000e+00,0.000000e+00,100454944.0,88001008.0,7123.5,41.49,0.57
CSV,750007,150000,51,50,0,25975,0,0.000000e+00,0.000000e+00,89760160.0,102170824.0,6841.9,41.74,0.56
BER: END_SEQ #51 [LOCK] seq_err=0 BER_seq=0.0000e+00 | lock=51 slip=0 BER_cond=0.0000e+00 BER_cum=0.0000e+00
BER: SYNC #52 (gated)
CSV,755007,151000,52,51,0,26098,0,0.000000e+00,0.000000e+00,87498976.0,101874760.0,7847.5,41.13,0.66
CSV,760007,152000,52,51,0,26298,0,0.000000e+00,0.000000e+00,97288352.0,92113952.0,7213.6,41.30,0.24
CSV,765007,153000,52,51,0,26498,0,0.000000e+00,0.000000e+00,91042160.0,101443184.0,7147.4,41.52,0.47
BER: END_SEQ #52 [LOCK] seq_err=0 BER_seq=0.0000e+00 | lock=52 slip=0 BER_cond=0.0000e+00 BER_cum=0.0000e+00
BER: SYNC #53 (gated)
CSV,770007,154000,53,52,0,26620,0,0.000000e+00,0.000000e+00,85303440.0,101368344.0,7271.8,41.44,0.75
CSV,775007,155000,53,52,0,26820,0,0.000000e+00,0.000000e+00,99645520.0,92677344.0,7210.7,41.40,0.31
CSV,780007,156000,53,52,0,27020,0,0.000000e+00,0.000000e+00,88952408.0,99482864.0,6736.9,41.69,0.49
BER: END_SEQ #53 [LOCK] seq_err=0 BER_seq=0.0000e+00 | lock=53 slip=0 BER_cond=0.0000e+00 BER_cum=0.0000e+00
BER: SYNC #54 (gated)
CSV,785007,157000,54,53,0,27143,0,0.000000e+00,0.000000e+00,87784520.0,103254312.0,8204.1,41.00,0.70
CSV,790007,158000,54,53,0,27343,0,0.000000e+00,0.000000e+00,99426592.0,89270680.0,7755.8,41.08,0.47
CSV,795007,159000,54,53,0,27543,0,0.000000e+00,0.000000e+00,89615360.0,100085968.0,7374.7,41.33,0.48
BER: END_SEQ #54 [LOCK] seq_err=0 BER_seq=0.0000e+00 | lock=54 slip=0 BER_cond=0.0000e+00 BER_cum=0.0000e+00
BER: SYNC #55 (gated)
CSV,800007,160000,55,54,0,27666,0,0.000000e+00,0.000000e+00,82772216.0,106968600.0,7004.9,41.84,1.11
CSV,805007,161000,55,54,0,27866,0,0.000000e+00,0.000000e+00,102869688.0,84042256.0,7483.1,41.38,0.88
CSV,810007,162000,55,54,0,28066,0,0.000000e+00,0.000000e+00,88457032.0,102757032.0,6941.0,41.70,0.65
BER: END_SEQ #55 [LOCK] seq_err=0 BER_seq=0.0000e+00 | lock=55 slip=0 BER_cond=0.0000e+00 BER_cum=0.0000e+00
BER: SYNC #56 (gated)
CSV,815007,163000,56,55,0,28188,0,0.000000e+00,0.000000e+00,83617912.0,104139456.0,8241.6,41.02,0.95
CSV,820007,164000,56,55,0,28388,0,0.000000e+00,0.000000e+00,105069064.0,90938360.0,7104.5,41.70,0.63
CSV,825007,165000,56,55,0,28588,0,0.000000e+00,0.000000e+00,86283328.0,102499168.0,7123.3,41.58,0.75
BER: END_SEQ #56 [LOCK] seq_err=0 BER_seq=0.0000e+00 | lock=56 slip=0 BER_cond=0.0000e+00 BER_cum=0.0000e+00
BER: SYNC #57 (gated)
CSV,830007,166000,57,56,0,28711,0,0.000000e+00,0.000000e+00,87083232.0,103241616.0,7467.1,41.41,0.74
CSV,835007,167000,57,56,0,28911,0,0.000000e+00,0.000000e+00,100407216.0,89146768.0,7592.9,41.21,0.52
CSV,840007,168000,57,56,0,29111,0,0.000000e+00,0.000000e+00,87248424.0,101307176.0,6955.1,41.63,0.65
BER: END_SEQ #57 [LOCK] seq_err=0 BER_seq=0.0000e+00 | lock=57 slip=0 BER_cond=0.0000e+00 BER_cum=0.0000e+00
BER: SYNC #58 (gated)
CSV,845007,169000,58,57,0,29234,0,0.000000e+00,0.000000e+00,86229400.0,103949960.0,8055.4,41.11,0.81
CSV,850007,170000,58,57,0,29434,0,0.000000e+00,0.000000e+00,99878384.0,88570008.0,7234.0,41.40,0.52
CSV,855007,171000,58,57,0,29634,0,0.000000e+00,0.000000e+00,88485840.0,104608000.0,7482.8,41.46,0.73
BER: END_SEQ #58 [LOCK] seq_err=0 BER_seq=0.0000e+00 | lock=58 slip=0 BER_cond=0.0000e+00 BER_cum=0.0000e+00
BER: SYNC #59 (gated)
CSV,860007,172000,59,58,0,29756,0,0.000000e+00,0.000000e+00,87539832.0,98003216.0,7359.9,41.24,0.49
CSV,865007,173000,59,58,0,29956,0,0.000000e+00,0.000000e+00,97778152.0,91982720.0,7567.2,41.11,0.27
BER: END_SEQ #59 [LOCK] seq_err=0 BER_seq=0.0000e+00 | lock=59 slip=0 BER_cond=0.0000e+00 BER_cum=0.0000e+00
CSV,870007,174000,59,59,0,30149,0,0.000000e+00,0.000000e+00,85638696.0,103617416.0,7383.4,41.47,0.83
BER: SYNC #60 (gated)
CSV,875007,175000,60,59,0,30279,0,0.000000e+00,0.000000e+00,96933880.0,96207136.0,8362.8,40.64,0.03
CSV,880007,176000,60,59,0,30479,0,0.000000e+00,0.000000e+00,96827400.0,102080880.0,7349.9,41.43,0.23
BER: END_SEQ #60 [LOCK] seq_err=0 BER_seq=0.0000e+00 | lock=60 slip=0 BER_cond=0.0000e+00 BER_cum=0.0000e+00
CSV,885007,177000,60,60,0,30660,0,0.000000e+00,0.000000e+00,90185864.0,104656416.0,7171.1,41.64,0.65
BER: SYNC #61 (gated)
CSV,890007,178000,61,60,0,30802,0,0.000000e+00,0.000000e+00,98534968.0,92895608.0,7865.8,40.98,0.26
CSV,895007,179000,61,60,0,31002,0,0.000000e+00,0.000000e+00,89672984.0,98187128.0,7435.5,41.21,0.39
BER: END_SEQ #61 [LOCK] seq_err=0 BER_seq=0.0000e+00 | lock=61 slip=0 BER_cond=0.0000e+00 BER_cum=0.0000e+00
CSV,900007,180000,61,61,0,31171,0,0.000000e+00,0.000000e+00,87130944.0,103451184.0,7314.1,41.51,0.75
BER: SYNC #62 (gated)
CSV,905007,181000,62,61,0,31324,0,0.000000e+00,0.000000e+00,96605944.0,89350792.0,8193.5,40.72,0.34
CSV,910007,182000,62,61,0,31524,0,0.000000e+00,0.000000e+00,87318552.0,101727992.0,6913.8,41.68,0.66
BER: END_SEQ #62 [LOCK] seq_err=0 BER_seq=0.0000e+00 | lock=62 slip=0 BER_cond=0.0000e+00 BER_cum=0.0000e+00
CSV,915007,183000,62,62,0,31682,0,0.000000e+00,0.000000e+00,88064832.0,100406608.0,6994.6,41.57,0.57
BER: SYNC #63 (gated)
CSV,920007,184000,63,62,0,31847,0,0.000000e+00,0.000000e+00,96751648.0,88641496.0,7288.5,41.23,0.38
CSV,925007,185000,63,62,0,32047,0,0.000000e+00,0.000000e+00,87374112.0,100741040.0,6755.1,41.74,0.62
BER: END_SEQ #63 [LOCK] seq_err=0 BER_seq=0.0000e+00 | lock=63 slip=0 BER_cond=0.0000e+00 BER_cum=0.0000e+00
CSV,930007,186000,63,63,0,32193,0,0.000000e+00,0.000000e+00,84172208.0,98216128.0,7731.3,41.04,0.67
BER: SYNC #64 (gated)
CSV,935007,187000,64,63,0,32370,0,0.000000e+00,0.000000e+00,96465280.0,91427680.0,7380.3,41.16,0.23
CSV,940007,188000,64,63,0,32570,0,0.000000e+00,0.000000e+00,85233480.0,99299696.0,7273.2,41.35,0.66
BER: END_SEQ #64 [LOCK] seq_err=0 BER_seq=0.0000e+00 | lock=64 slip=0 BER_cond=0.0000e+00 BER_cum=0.0000e+00
CSV,945007,189000,64,64,0,32704,0,0.000000e+00,0.000000e+00,86558464.0,98635584.0,7805.7,41.02,0.57
BER: SYNC #65 (gated)
CSV,950007,190000,65,64,0,32892,0,0.000000e+00,0.000000e+00,97621136.0,88881976.0,7319.7,41.25,0.41
CSV,955007,191000,65,64,0,33092,0,0.000000e+00,0.000000e+00,87485960.0,97888760.0,6835.4,41.56,0.49
BER: END_SEQ #65 [LOCK] seq_err=0 BER_seq=0.0000e+00 | lock=65 slip=0 BER_cond=0.0000e+00 BER_cum=0.0000e+00
BER: SYNC #66 (gated)
CSV,960007,192000,66,65,0,33215,0,0.000000e+00,0.000000e+00,83915520.0,103998112.0,8371.8,40.94,0.93
CSV,965007,193000,66,65,0,33415,0,0.000000e+00,0.000000e+00,98431672.0,85595264.0,7525.6,41.17,0.61
CSV,970007,194000,66,65,0,33615,0,0.000000e+00,0.000000e+00,86954808.0,101120944.0,7298.2,41.42,0.66
BER: END_SEQ #66 [LOCK] seq_err=0 BER_seq=0.0000e+00 | lock=66 slip=0 BER_cond=0.0000e+00 BER_cum=0.0000e+00
BER: SYNC #67 (gated)
CSV,975007,195000,67,66,0,33738,0,0.000000e+00,0.000000e+00,82161168.0,100648144.0,6841.6,41.68,0.88
CSV,980007,196000,67,66,0,33938,0,0.000000e+00,0.000000e+00,98206640.0,89235064.0,7303.3,41.29,0.42
CSV,985007,197000,67,66,0,34138,0,0.000000e+00,0.000000e+00,86547712.0,98782888.0,6781.7,41.63,0.57
BER: END_SEQ #67 [LOCK] seq_err=0 BER_seq=0.0000e+00 | lock=67 slip=0 BER_cond=0.0000e+00 BER_cum=0.0000e+00
BER: SYNC #68 (gated)
CSV,990007,198000,68,67,0,34260,0,0.000000e+00,0.000000e+00,83025696.0,101086080.0,7676.9,41.20,0.85
CSV,995007,199000,68,67,0,34460,0,0.000000e+00,0.000000e+00,99726000.0,86869752.0,7665.6,41.14,0.60
CSV,1000007,200000,68,67,0,34660,0,0.000000e+00,0.000000e+00,86332984.0,98629552.0,7051.2,41.46,0.58
BER: END_SEQ #68 [LOCK] seq_err=0 BER_seq=0.0000e+00 | lock=68 slip=0 BER_cond=0.0000e+00 BER_cum=0.0000e+00
BER: SYNC #69 (gated)
CSV,1005007,201000,69,68,0,34783,0,0.000000e+00,0.000000e+00,88333088.0,104922224.0,8270.1,41.03,0.75
CSV,1010007,202000,69,68,0,34983,0,0.000000e+00,0.000000e+00,97599760.0,93536896.0,7397.8,41.20,0.18
CSV,1015007,203000,69,68,0,35183,0,0.000000e+00,0.000000e+00,93731296.0,103438048.0,7369.2,41.47,0.43
BER: END_SEQ #69 [LOCK] seq_err=0 BER_seq=0.0000e+00 | lock=69 slip=0 BER_cond=0.0000e+00 BER_cum=0.0000e+00
BER: SYNC #70 (gated)
CSV,1020007,204000,70,69,0,35306,0,0.000000e+00,0.000000e+00,89368624.0,104218848.0,7796.2,41.26,0.67
CSV,1025007,205000,70,69,0,35506,0,0.000000e+00,0.000000e+00,100605000.0,96931032.0,7602.3,41.22,0.16
CSV,1030007,206000,70,69,0,35706,0,0.000000e+00,0.000000e+00,93985528.0,105244912.0,6766.7,41.92,0.49
BER: END_SEQ #70 [LOCK] seq_err=0 BER_seq=0.0000e+00 | lock=70 slip=0 BER_cond=0.0000e+00 BER_cum=0.0000e+00
BER: SYNC #71 (gated)
CSV,1035007,207000,71,70,0,35828,0,0.000000e+00,0.000000e+00,91350544.0,106888960.0,8187.1,41.16,0.68
CSV,1040007,208000,71,70,0,36028,0,0.000000e+00,0.000000e+00,109371336.0,96857768.0,7264.3,41.78,0.53
CSV,1045007,209000,71,70,0,36228,0,0.000000e+00,0.000000e+00,125159864.0,139137312.0,8835.1,41.97,0.46
BER: END_SEQ #71 [LOCK] seq_err=0 BER_seq=0.0000e+00 | lock=71 slip=0 BER_cond=0.0000e+00 BER_cum=0.0000e+00
BER: SYNC #72 (gated)
CSV,1050007,210000,72,71,0,36351,0,0.000000e+00,0.000000e+00,156988848.0,191207072.0,10257.2,42.70,0.86
CSV,1055007,211000,72,71,0,36551,0,0.000000e+00,0.000000e+00,198332032.0,161041696.0,9687.9,43.11,0.90
CSV,1060007,212000,72,71,0,36751,0,0.000000e+00,0.000000e+00,180217328.0,194929280.0,9868.9,42.96,0.34
BER: END_SEQ #72 [LOCK] seq_err=0 BER_seq=0.0000e+00 | lock=72 slip=0 BER_cond=0.0000e+00 BER_cum=0.0000e+00
BER: SYNC #73 (gated)
CSV,1065007,213000,73,72,0,36874,0,0.000000e+00,0.000000e+00,168926672.0,205554448.0,10472.2,42.93,0.85
CSV,1070007,214000,73,72,0,37074,0,0.000000e+00,0.000000e+00,210628576.0,172302416.0,10191.5,43.15,0.87
CSV,1075007,215000,73,72,0,37274,0,0.000000e+00,0.000000e+00,181309872.0,206646576.0,10075.0,43.12,0.57
BER: END_SEQ #73 [LOCK] seq_err=0 BER_seq=0.0000e+00 | lock=73 slip=0 BER_cond=0.0000e+00 BER_cum=0.0000e+00
BER: SYNC #74 (gated)
CSV,1080007,216000,74,73,0,37396,0,0.000000e+00,0.000000e+00,174332944.0,203387040.0,10184.2,43.00,0.67
CSV,1085007,217000,74,73,0,37596,0,0.000000e+00,0.000000e+00,210485952.0,179796832.0,9059.0,43.66,0.68
CSV,1090007,218000,74,73,0,37796,0,0.000000e+00,0.000000e+00,182268048.0,201039648.0,10004.2,43.03,0.43
BER: END_SEQ #74 [LOCK] seq_err=0 BER_seq=0.0000e+00 | lock=74 slip=0 BER_cond=0.0000e+00 BER_cum=0.0000e+00
BER: SYNC #75 (gated)
CSV,1095007,219000,75,74,0,37919,0,0.000000e+00,0.000000e+00,177610256.0,211251792.0,10327.5,43.11,0.75
CSV,1100007,220000,75,74,0,38119,0,0.000000e+00,0.000000e+00,210109328.0,174970576.0,9680.8,43.37,0.79
CSV,1105007,221000,75,74,0,38319,0,0.000000e+00,0.000000e+00,172142528.0,195064432.0,9757.7,43.01,0.54
BER: END_SEQ #75 [LOCK] seq_err=0 BER_seq=0.0000e+00 | lock=75 slip=0 BER_cond=0.0000e+00 BER_cum=0.0000e+00
BER: SYNC #76 (gated)
CSV,1110007,222000,76,75,0,38442,0,0.000000e+00,0.000000e+00,187541248.0,208415824.0,11296.1,42.66,0.46
CSV,1115007,223000,76,75,0,38642,0,0.000000e+00,0.000000e+00,214077440.0,186519248.0,9863.7,43.37,0.60
BER: END_SEQ #76 [LOCK] seq_err=0 BER_seq=0.0000e+00 | lock=76 slip=0 BER_cond=0.0000e+00 BER_cum=0.0000e+00
CSV,1120007,224000,76,76,0,38836,0,0.000000e+00,0.000000e+00,186698992.0,221255488.0,9638.3,43.61,0.74
BER: SYNC #77 (gated)
CSV,1125007,225000,77,76,0,38964,0,0.000000e+00,0.000000e+00,200494928.0,190093792.0,10383.4,42.86,0.23
CSV,1130007,226000,77,76,0,39164,0,0.000000e+00,0.000000e+00,200316464.0,201903680.0,9502.3,43.27,0.03
BER: END_SEQ #77 [LOCK] seq_err=0 BER_seq=0.0000e+00 | lock=77 slip=0 BER_cond=0.0000e+00 BER_cum=0.0000e+00
CSV,1135007,227000,77,77,0,39347,0,0.000000e+00,0.000000e+00,184533616.0,209613024.0,9931.6,43.24,0.55
BER: SYNC #78 (gated)
CSV,1140007,228000,78,77,0,39487,0,0.000000e+00,0.000000e+00,208159408.0,191131328.0,10458.6,42.99,0.37
CSV,1145007,229000,78,77,0,39687,0,0.000000e+00,0.000000e+00,193419008.0,201314864.0,10082.7,43.00,0.17
BER: END_SEQ #78 [LOCK] seq_err=0 BER_seq=0.0000e+00 | lock=78 slip=0 BER_cond=0.0000e+00 BER_cum=0.0000e+00
CSV,1150007,230000,78,78,0,39858,0,0.000000e+00,0.000000e+00,182875088.0,208837280.0,10672.1,42.92,0.58
BER: SYNC #79 (gated)
CSV,1155007,231000,79,78,0,40010,0,0.000000e+00,0.000000e+00,209299680.0,186295952.0,10195.1,43.12,0.51
CSV,1160007,232000,79,78,0,40210,0,0.000000e+00,0.000000e+00,183938000.0,205658592.0,9515.3,43.35,0.48
BER: END_SEQ #79 [LOCK] seq_err=0 BER_seq=0.0000e+00 | lock=79 slip=0 BER_cond=0.0000e+00 BER_cum=0.0000e+00
CSV,1165007,233000,79,79,0,40369,0,0.000000e+00,0.000000e+00,188103184.0,205972256.0,10293.5,43.01,0.39
BER: SYNC #80 (gated)
CSV,1170007,234000,80,79,0,40532,0,0.000000e+00,0.000000e+00,206449184.0,180014880.0,10000.8,43.15,0.60
CSV,1175007,235000,80,79,0,40732,0,0.000000e+00,0.000000e+00,185198240.0,206203504.0,9257.4,43.48,0.47
BER: END_SEQ #80 [LOCK] seq_err=0 BER_seq=0.0000e+00 | lock=80 slip=0 BER_cond=0.0000e+00 BER_cum=0.0000e+00
CSV,1180007,236000,80,80,0,40880,0,0.000000e+00,0.000000e+00,176274576.0,199653120.0,9717.9,43.13,0.54
BER: SYNC #81 (gated)
CSV,1185007,237000,81,80,0,41055,0,0.000000e+00,0.000000e+00,138596000.0,130771104.0,8553.5,42.10,0.25
CSV,1190007,238000,81,80,0,41255,0,0.000000e+00,0.000000e+00,113712392.0,132607240.0,7813.3,42.30,0.67
BER: END_SEQ #81 [LOCK] seq_err=0 BER_seq=0.0000e+00 | lock=81 slip=0 BER_cond=0.0000e+00 BER_cum=0.0000e+00
CSV,1195007,239000,81,81,0,41391,0,0.000000e+00,0.000000e+00,108431816.0,121007920.0,8424.8,41.57,0.48
BER: SYNC #82 (gated)
CSV,1200007,240000,82,81,0,41578,0,0.000000e+00,0.000000e+00,115087552.0,106636672.0,7781.0,41.70,0.33
CSV,1205007,241000,82,81,0,41778,0,0.000000e+00,0.000000e+00,100285168.0,111981288.0,7724.0,41.61,0.48
BER: END_SEQ #82 [LOCK] seq_err=0 BER_seq=0.0000e+00 | lock=82 slip=0 BER_cond=0.0000e+00 BER_cum=0.0000e+00
CSV,1210007,242000,82,82,0,41902,0,0.000000e+00,0.000000e+00,94728392.0,117231840.0,7990.3,41.66,0.93
BER: SYNC #83 (gated)
CSV,1215007,243000,83,82,0,42100,0,0.000000e+00,0.000000e+00,108069296.0,94036560.0,6936.2,41.93,0.60
CSV,1220007,244000,83,82,0,42300,0,0.000000e+00,0.000000e+00,92019760.0,107270440.0,7425.8,41.60,0.67
BER: END_SEQ #83 [LOCK] seq_err=0 BER_seq=0.0000e+00 | lock=83 slip=0 BER_cond=0.0000e+00 BER_cum=0.0000e+00
BER: SYNC #84 (gated)
CSV,1225007,245000,84,83,0,42423,0,0.000000e+00,0.000000e+00,89427912.0,108772848.0,7413.7,41.66,0.85
CSV,1230007,246000,84,83,0,42623,0,0.000000e+00,0.000000e+00,102584648.0,93959672.0,7438.9,41.40,0.38
CSV,1235007,247000,84,83,0,42823,0,0.000000e+00,0.000000e+00,91047320.0,104757864.0,7539.8,41.43,0.61
BER: END_SEQ #84 [LOCK] seq_err=0 BER_seq=0.0000e+00 | lock=84 slip=0 BER_cond=0.0000e+00 BER_cum=0.0000e+00
BER: SYNC #85 (gated)
CSV,1240007,248000,85,84,0,42946,0,0.000000e+00,0.000000e+00,85573512.0,104299744.0,8306.0,40.99,0.86
CSV,1245007,249000,85,84,0,43146,0,0.000000e+00,0.000000e+00,104236728.0,90800320.0,7422.0,41.48,0.60
CSV,1250007,250000,85,84,0,43346,0,0.000000e+00,0.000000e+00,90646240.0,101696288.0,7809.4,41.15,0.50
BER: END_SEQ #85 [LOCK] seq_err=0 BER_seq=0.0000e+00 | lock=85 slip=0 BER_cond=0.0000e+00 BER_cum=0.0000e+00
BER: SYNC #86 (gated)
CSV,1255007,251000,86,85,0,43469,0,0.000000e+00,0.000000e+00,88437536.0,107637136.0,8420.0,41.07,0.85
CSV,1260007,252000,86,85,0,43668,0,0.000000e+00,0.000000e+00,99953032.0,94711840.0,7090.2,41.49,0.23
CSV,1265007,253000,86,85,0,43868,0,0.000000e+00,0.000000e+00,93176384.0,101380376.0,6698.6,41.80,0.37
BER: END_SEQ #86 [LOCK] seq_err=0 BER_seq=0.0000e+00 | lock=86 slip=0 BER_cond=0.0000e+00 BER_cum=0.0000e+00
BER: SYNC #87 (gated)
CSV,1270007,254000,87,86,0,43991,0,0.000000e+00,0.000000e+00,88342584.0,104904816.0,7699.8,41.34,0.75
CSV,1275007,255000,87,86,0,44191,0,0.000000e+00,0.000000e+00,97084592.0,91792168.0,7186.1,41.31,0.24
CSV,1280007,256000,87,86,0,44391,0,0.000000e+00,0.000000e+00,90349176.0,102881592.0,7427.7,41.41,0.56
BER: END_SEQ #87 [LOCK] seq_err=0 BER_seq=0.0000e+00 | lock=87 slip=0 BER_cond=0.0000e+00 BER_cum=0.0000e+00
BER: SYNC #88 (gated)
CSV,1285007,257000,88,87,0,44514,0,0.000000e+00,0.000000e+00,86369984.0,100673616.0,7505.9,41.28,0.67
CSV,1290007,258000,88,87,0,44714,0,0.000000e+00,0.000000e+00,103562888.0,91794056.0,7009.3,41.70,0.52
CSV,1295007,259000,88,87,0,44914,0,0.000000e+00,0.000000e+00,91973664.0,102851712.0,7572.7,41.33,0.49
BER: END_SEQ #88 [LOCK] seq_err=0 BER_seq=0.0000e+00 | lock=88 slip=0 BER_cond=0.0000e+00 BER_cum=0.0000e+00
BER: SYNC #89 (gated)
CSV,1300007,260000,89,88,0,45036,0,0.000000e+00,0.000000e+00,86120904.0,111094584.0,8105.1,41.37,1.11
CSV,1305007,261000,89,88,0,45236,0,0.000000e+00,0.000000e+00,107752608.0,90275312.0,6966.4,41.89,0.77
CSV,1310007,262000,89,88,0,45436,0,0.000000e+00,0.000000e+00,92108056.0,104379856.0,7545.2,41.41,0.54
BER: END_SEQ #89 [LOCK] seq_err=0 BER_seq=0.0000e+00 | lock=89 slip=0 BER_cond=0.0000e+00 BER_cum=0.0000e+00
BER: SYNC #90 (gated)
CSV,1315007,263000,90,89,0,45559,0,0.000000e+00,0.000000e+00,87569296.0,111608544.0,7421.6,41.77,1.05
CSV,1320007,264000,90,89,0,45759,0,0.000000e+00,0.000000e+00,106529416.0,88692352.0,7399.5,41.58,0.80
CSV,1325007,265000,90,89,0,45959,0,0.000000e+00,0.000000e+00,91491872.0,110792968.0,6984.7,42.00,0.83
BER: END_SEQ #90 [LOCK] seq_err=0 BER_seq=0.0000e+00 | lock=90 slip=0 BER_cond=0.0000e+00 BER_cum=0.0000e+00
BER: SYNC #91 (gated)
CSV,1330007,266000,91,90,0,46082,0,0.000000e+00,0.000000e+00,90688280.0,106418704.0,7936.2,41.27,0.69
CSV,1335007,267000,91,90,0,46282,0,0.000000e+00,0.000000e+00,120872936.0,111013936.0,7681.7,41.97,0.37
CSV,1340007,268000,91,90,0,46482,0,0.000000e+00,0.000000e+00,104046968.0,118110368.0,7513.5,41.96,0.55
BER: END_SEQ #91 [LOCK] seq_err=0 BER_seq=0.0000e+00 | lock=91 slip=0 BER_cond=0.0000e+00 BER_cum=0.0000e+00
BER: SYNC #92 (gated)
CSV,1345007,269000,92,91,0,46604,0,0.000000e+00,0.000000e+00,99843496.0,123319832.0,8139.4,41.80,0.92
CSV,1350007,270000,92,91,0,46804,0,0.000000e+00,0.000000e+00,120595304.0,105348664.0,7406.6,42.12,0.59
CSV,1355007,271000,92,91,0,47004,0,0.000000e+00,0.000000e+00,109569496.0,125831472.0,6977.9,42.56,0.60
BER: END_SEQ #92 [LOCK] seq_err=0 BER_seq=0.0000e+00 | lock=92 slip=0 BER_cond=0.0000e+00 BER_cum=0.0000e+00
BER: SYNC #93 (gated)
CSV,1360007,272000,93,92,0,47127,0,0.000000e+00,0.000000e+00,107746312.0,125899432.0,8259.2,41.83,0.68
CSV,1365007,273000,93,92,0,47327,0,0.000000e+00,0.000000e+00,117884520.0,106813752.0,8133.6,41.61,0.43
BER: END_SEQ #93 [LOCK] seq_err=0 BER_seq=0.0000e+00 | lock=93 slip=0 BER_cond=0.0000e+00 BER_cum=0.0000e+00
CSV,1370007,274000,93,93,0,47523,0,0.000000e+00,0.000000e+00,104996480.0,129055304.0,7763.5,42.21,0.90
BER: SYNC #94 (gated)
CSV,1375007,275000,94,93,0,47650,0,0.000000e+00,0.000000e+00,112088944.0,112375312.0,8200.5,41.37,0.01
CSV,1380007,276000,94,93,0,47850,0,0.000000e+00,0.000000e+00,113107584.0,116041416.0,8032.2,41.60,0.11
BER: END_SEQ #94 [LOCK] seq_err=0 BER_seq=0.0000e+00 | lock=94 slip=0 BER_cond=0.0000e+00 BER_cum=0.0000e+00
CSV,1385007,277000,94,94,0,48034,0,0.000000e+00,0.000000e+00,111055840.0,130568752.0,7858.2,42.21,0.70
BER: SYNC #95 (gated)
CSV,1390007,278000,95,94,0,48172,0,0.000000e+00,0.000000e+00,122822952.0,115078152.0,8231.5,41.74,0.28
CSV,1395007,279000,95,94,0,48372,0,0.000000e+00,0.000000e+00,117387856.0,125493992.0,8052.1,41.93,0.29
BER: END_SEQ #95 [LOCK] seq_err=0 BER_seq=0.0000e+00 | lock=95 slip=0 BER_cond=0.0000e+00 BER_cum=0.0000e+00
CSV,1400007,280000,95,95,0,48545,0,0.000000e+00,0.000000e+00,108384816.0,129646912.0,8162.8,42.01,0.78
BER: SYNC #96 (gated)
CSV,1405007,281000,96,95,0,48695,0,0.000000e+00,0.000000e+00,129270520.0,120128848.0,7957.7,42.11,0.32
CSV,1410007,282000,96,95,0,48895,0,0.000000e+00,0.000000e+00,110503504.0,123692304.0,7601.6,42.11,0.49
BER: END_SEQ #96 [LOCK] seq_err=0 BER_seq=0.0000e+00 | lock=96 slip=0 BER_cond=0.0000e+00 BER_cum=0.0000e+00
CSV,1415007,283000,96,96,0,49056,0,0.000000e+00,0.000000e+00,108447216.0,125313024.0,8087.3,41.90,0.63
BER: SYNC #97 (gated)
CSV,1420007,284000,97,96,0,49218,0,0.000000e+00,0.000000e+00,122730752.0,112406776.0,8265.1,41.72,0.38
CSV,1425007,285000,97,96,0,49418,0,0.000000e+00,0.000000e+00,111203488.0,125988408.0,7460.5,42.28,0.54
BER: END_SEQ #97 [LOCK] seq_err=0 BER_seq=0.0000e+00 | lock=97 slip=0 BER_cond=0.0000e+00 BER_cum=0.0000e+00
CSV,1430007,286000,97,97,0,49567,0,0.000000e+00,0.000000e+00,111109576.0,128471736.0,7923.0,42.10,0.63
BER: SYNC #98 (gated)
CSV,1435007,287000,98,97,0,49740,0,0.000000e+00,0.000000e+00,121519712.0,113944936.0,7658.4,42.01,0.28
CSV,1440007,288000,98,97,0,49940,0,0.000000e+00,0.000000e+00,112265824.0,129382920.0,7388.1,42.43,0.62
BER: END_SEQ #98 [LOCK] seq_err=0 BER_seq=0.0000e+00 | lock=98 slip=0 BER_cond=0.0000e+00 BER_cum=0.0000e+00
CSV,1445007,289000,98,98,0,50078,0,0.000000e+00,0.000000e+00,110395896.0,122726344.0,8376.0,41.66,0.46
BER: SYNC #99 (gated)
CSV,1450007,290000,99,98,0,50263,0,0.000000e+00,0.000000e+00,123849328.0,116524768.0,7949.7,41.93,0.26
CSV,1455007,291000,99,98,0,50463,0,0.000000e+00,0.000000e+00,112292872.0,124660792.0,8526.2,41.65,0.45
BER: END_SEQ #99 [LOCK] seq_err=0 BER_seq=0.0000e+00 | lock=99 slip=0 BER_cond=0.0000e+00 BER_cum=0.0000e+00
CSV,1460007,292000,99,99,0,50589,0,0.000000e+00,0.000000e+00,105998800.0,128874904.0,8646.1,41.73,0.85
BER: SYNC #100 (gated)
CSV,1465007,293000,100,99,0,50786,0,0.000000e+00,0.000000e+00,129186408.0,111212448.0,7762.0,42.21,0.65
CSV,1470007,294000,100,99,0,50986,0,0.000000e+00,0.000000e+00,111331568.0,126537112.0,8060.4,41.96,0.56
BER: END_SEQ #100 [LOCK] seq_err=0 BER_seq=0.0000e+00 | lock=100 slip=0 BER_cond=0.0000e+00 BER_cum=0.0000e+00
BER: SYNC #101 (gated)
CSV,1475007,295000,101,100,0,51109,0,0.000000e+00,0.000000e+00,109085128.0,133846912.0,8318.6,42.07,0.89
CSV,1480007,296000,101,100,0,51308,0,0.000000e+00,0.000000e+00,125275512.0,112476984.0,7796.7,42.06,0.47
CSV,1485007,297000,101,100,0,51508,0,0.000000e+00,0.000000e+00,114320224.0,129084992.0,8966.2,41.58,0.53
BER: END_SEQ #101 [LOCK] seq_err=0 BER_seq=0.0000e+00 | lock=101 slip=0 BER_cond=0.0000e+00 BER_cum=0.0000e+00
BER: SYNC #102 (gated)
CSV,1490007,298000,102,101,0,51631,0,0.000000e+00,0.000000e+00,110651360.0,133245520.0,8541.4,41.93,0.81
CSV,1495007,299000,102,101,0,51831,0,0.000000e+00,0.000000e+00,130575888.0,113835312.0,7984.2,42.14,0.60
CSV,1500007,300000,102,101,0,52031,0,0.000000e+00,0.000000e+00,115211344.0,130398960.0,7283.5,42.53,0.54
BER: END_SEQ #102 [LOCK] seq_err=0 BER_seq=0.0000e+00 | lock=102 slip=0 BER_cond=0.0000e+00 BER_cum=0.0000e+00

=========================================
=== END OF TEST (duration=25 min) ===
=========================================
FINAL: syncs=102 lock=102 slip=0 slip_rate=0.0000
FINAL: bits_cum=52122 err_cum=0 BER_cum=0.0000e+00
FINAL: bits_lock=52122 err_lock=0 BER_cond=0.0000e+00
=========================================
=== STOP LOGGING NOW ===
=========================================
30/06/2026 00:03:07 -> COM8 Connection unexpectedly lost. Attempting to reconnect automatically...
