CSV,60011,6000,2,1,0,1002,0,0.000000e+00,0.000000e+00,13601.

=== RX BOOT - BER TEST MODE ===
MOD=OOK (20 kHz carrier, adaptive threshold)
BPS_MODE=20 (HALF_SAMPLES=2000, 10000 samples/bit @ 200000 Hz)
Expect: 64-bit preamble + Barker13 (1F35h, gated by 8 preamble bits = 0x55) + 511-bit PRBS-9
Noise floor band: 5000 Hz; lock threshold: BER<0.10
Auto-stop: test will halt 25 min after the first sync.
RX: edge-tracking sync, center-3 voting
Starting decoder...

BER: SYNC #1 (gated)
CSV,5011,500,1,0,0,7,0,0.000000e+00,0.000000e+00,15780.2,353650464.0,31734.3,40.47,43.50
CSV,10011,1000,1,0,0,107,0,0.000000e+00,0.000000e+00,13779.2,326552960.0,29806.7,40.40,43.75
CSV,15011,1500,1,0,0,207,0,0.000000e+00,0.000000e+00,14149.5,255955056.0,29155.2,39.43,42.57
CSV,20011,2000,1,0,0,307,0,0.000000e+00,0.000000e+00,13598.4,318903296.0,29226.6,40.38,43.70
CSV,25011,2500,1,0,0,407,0,0.000000e+00,0.000000e+00,14562.2,341127424.0,26615.4,41.08,43.70
CSV,30011,3000,1,0,0,507,0,0.000000e+00,0.000000e+00,13879.2,333975168.0,27844.5,40.79,43.81
BER: END_SEQ #1 [LOCK] seq_err=0 BER_seq=0.0000e+00 | lock=1 slip=0 BER_cond=0.0000e+00 BER_cum=0.0000e+00
BER: SYNC #2 (gated)
CSV,35011,3500,2,1,0,530,0,0.000000e+00,0.000000e+00,12349.1,329008000.0,25866.6,41.04,44.26
CSV,40011,4000,2,1,0,630,0,0.000000e+00,0.000000e+00,11963.0,296009888.0,27560.6,40.31,43.93
CSV,45011,4500,2,1,0,730,0,0.000000e+00,0.000000e+00,12362.7,278222112.0,31096.0,39.52,43.52
CSV,50011,5000,2,1,0,830,0,0.000000e+00,0.000000e+00,12534.1,328354912.0,29064.1,40.53,44.18
CSV,55011,5500,2,1,0,930,0,0.000000e+00,0.000000e+00,13899.1,321478880.0,29851.7,40.32,43.64
BER: END_SEQ #2 [LOCK] seq_err=0 BER_seq=0.0000e+00 | lock=2 slip=0 BER_cond=0.0000e+00 BER_cum=0.0000e+00
CSV,60011,6000,2,2,0,1022,0,0.000000e+00,0.000000e+00,15563.4,338692224.0,30543.4,40.45,43.38
BER: SYNC #3 (gated)
CSV,65011,6500,3,2,0,1053,0,0.000000e+00,0.000000e+00,12693.3,328031360.0,33848.7,39.86,44.12
CSV,70011,7000,3,2,0,1153,0,0.000000e+00,0.000000e+00,14420.4,280868352.0,34376.2,39.12,42.90
CSV,75011,7500,3,2,0,1253,0,0.000000e+00,0.000000e+00,13595.8,310166944.0,29162.5,40.27,43.58
CSV,80011,8000,3,2,0,1353,0,0.000000e+00,0.000000e+00,13148.3,313384960.0,27528.1,40.56,43.77
CSV,85011,8500,3,2,0,1453,0,0.000000e+00,0.000000e+00,13181.6,312711584.0,26426.3,40.73,43.75
BER: END_SEQ #3 [LOCK] seq_err=0 BER_seq=0.0000e+00 | lock=3 slip=0 BER_cond=0.0000e+00 BER_cum=0.0000e+00
CSV,90011,9000,3,3,0,1533,0,0.000000e+00,0.000000e+00,11743.2,348316448.0,30230.7,40.62,44.72
BER: SYNC #4 (gated)
CSV,95011,9500,4,3,0,1575,0,0.000000e+00,0.000000e+00,12364.2,305612224.0,28789.9,40.26,43.93
CSV,100011,10000,4,3,0,1675,0,0.000000e+00,0.000000e+00,12554.3,267780576.0,28769.6,39.69,43.29
CSV,105011,10500,4,3,0,1776,0,0.000000e+00,0.000000e+00,13176.7,328178976.0,29469.2,40.47,43.96
CSV,110011,11000,4,3,0,1875,0,0.000000e+00,0.000000e+00,12710.6,322349344.0,30173.6,40.29,44.04
CSV,115011,11500,4,3,0,1975,0,0.000000e+00,0.000000e+00,13013.7,331011296.0,31715.8,40.19,44.05
BER: END_SEQ #4 [LOCK] seq_err=0 BER_seq=0.0000e+00 | lock=4 slip=0 BER_cond=0.0000e+00 BER_cum=0.0000e+00
CSV,120011,12000,4,4,0,2044,0,0.000000e+00,0.000000e+00,13471.7,321616896.0,31995.8,40.02,43.78
BER: SYNC #5 (gated)
CSV,125011,12500,5,4,0,2098,0,0.000000e+00,0.000000e+00,11912.5,312659776.0,28525.4,40.40,44.19
CSV,130011,13000,5,4,0,2198,0,0.000000e+00,0.000000e+00,13209.1,272711104.0,28347.7,39.83,43.15
CSV,135011,13500,5,4,0,2298,0,0.000000e+00,0.000000e+00,12079.0,321642496.0,24344.7,41.21,44.25
CSV,140011,14000,5,4,0,2398,0,0.000000e+00,0.000000e+00,12912.9,333876704.0,22615.5,41.69,44.13
CSV,145011,14500,5,4,0,2498,0,0.000000e+00,0.000000e+00,12296.9,306796640.0,25412.7,40.82,43.97
BER: END_SEQ #5 [LOCK] seq_err=0 BER_seq=0.0000e+00 | lock=5 slip=0 BER_cond=0.0000e+00 BER_cum=0.0000e+00
CSV,150011,15000,5,5,0,2555,0,0.000000e+00,0.000000e+00,11150.8,345099552.0,25053.1,41.39,44.91
BER: SYNC #6 (gated)
CSV,155011,15500,6,5,0,2621,0,0.000000e+00,0.000000e+00,12018.5,338768768.0,25752.8,41.19,44.50
CSV,160011,16000,6,5,0,2721,0,0.000000e+00,0.000000e+00,11506.2,244963808.0,25624.8,39.80,43.28
CSV,165011,16500,6,5,0,2821,0,0.000000e+00,0.000000e+00,11007.8,309251808.0,27918.9,40.44,44.49
CSV,170011,17000,6,5,0,2921,0,0.000000e+00,0.000000e+00,13861.9,344676096.0,28554.3,40.82,43.96
CSV,175011,17500,6,5,0,3021,0,0.000000e+00,0.000000e+00,11807.9,314426912.0,27304.9,40.61,44.25
BER: END_SEQ #6 [LOCK] seq_err=0 BER_seq=0.0000e+00 | lock=6 slip=0 BER_cond=0.0000e+00 BER_cum=0.0000e+00
CSV,180011,18000,6,6,0,3066,0,0.000000e+00,0.000000e+00,13647.7,333729568.0,26787.6,40.95,43.88
BER: SYNC #7 (gated)
CSV,185011,18500,7,6,0,3144,0,0.000000e+00,0.000000e+00,16830.0,331212608.0,43265.1,38.84,42.94
CSV,190011,19000,7,6,0,3244,0,0.000000e+00,0.000000e+00,15883.1,257780144.0,38594.5,38.25,42.10
CSV,195011,19500,7,6,0,3343,0,0.000000e+00,0.000000e+00,11269.0,303654208.0,30239.7,40.02,44.30
CSV,200011,20000,7,6,0,3443,0,0.000000e+00,0.000000e+00,12763.0,352128480.0,28067.7,40.98,44.41
CSV,205011,20500,7,6,0,3543,0,0.000000e+00,0.000000e+00,13132.0,301216864.0,29966.5,40.02,43.61
BER: END_SEQ #7 [LOCK] seq_err=0 BER_seq=0.0000e+00 | lock=7 slip=0 BER_cond=0.0000e+00 BER_cum=0.0000e+00
CSV,210011,21000,7,7,0,3577,0,0.000000e+00,0.000000e+00,13776.9,348960992.0,32400.5,40.32,44.04
BER: SYNC #8 (gated)
CSV,215011,21500,8,7,0,3666,0,0.000000e+00,0.000000e+00,14021.0,330114080.0,32840.7,40.02,43.72
CSV,220011,22000,8,7,0,3766,0,0.000000e+00,0.000000e+00,13212.3,255382160.0,33574.3,38.81,42.86
CSV,225011,22500,8,7,0,3866,0,0.000000e+00,0.000000e+00,16285.4,313289376.0,35389.7,39.47,42.84
CSV,230011,23000,8,7,0,3966,0,0.000000e+00,0.000000e+00,13754.2,325789408.0,31486.6,40.15,43.75
CSV,235011,23500,8,7,0,4066,0,0.000000e+00,0.000000e+00,11905.9,321205856.0,26550.6,40.83,44.31
BER: END_SEQ #8 [LOCK] seq_err=0 BER_seq=0.0000e+00 | lock=8 slip=0 BER_cond=0.0000e+00 BER_cum=0.0000e+00
BER: SYNC #9 (gated)
CSV,240011,24000,9,8,0,4089,0,0.000000e+00,0.000000e+00,14191.7,349692064.0,26389.2,41.22,43.92
CSV,245011,24500,9,8,0,4189,0,0.000000e+00,0.000000e+00,13457.5,315302304.0,28801.2,40.39,43.70
CSV,250011,25000,9,8,0,4289,0,0.000000e+00,0.000000e+00,12725.0,251693088.0,27600.7,39.60,42.96
CSV,255011,25500,9,8,0,4389,0,0.000000e+00,0.000000e+00,11905.0,323403488.0,26226.2,40.91,44.34
CSV,260011,26000,9,8,0,4489,0,0.000000e+00,0.000000e+00,13932.7,332161056.0,29402.0,40.53,43.77
CSV,265011,26500,9,8,0,4589,0,0.000000e+00,0.000000e+00,11934.8,313017984.0,25855.4,40.83,44.19
BER: END_SEQ #9 [LOCK] seq_err=0 BER_seq=0.0000e+00 | lock=9 slip=0 BER_cond=0.0000e+00 BER_cum=0.0000e+00
BER: SYNC #10 (gated)
CSV,270011,27000,10,9,0,4612,0,0.000000e+00,0.000000e+00,11861.9,351877696.0,27474.7,41.07,44.72
CSV,275011,27500,10,9,0,4712,0,0.000000e+00,0.000000e+00,13412.7,318131392.0,26670.5,40.77,43.75
CSV,280011,28000,10,9,0,4812,0,0.000000e+00,0.000000e+00,11672.5,267637888.0,24901.7,40.31,43.60
CSV,285011,28500,10,9,0,4912,0,0.000000e+00,0.000000e+00,11986.6,300601472.0,23511.0,41.07,43.99
CSV,290011,29000,10,9,0,5012,0,0.000000e+00,0.000000e+00,12817.8,335897056.0,27284.1,40.90,44.18
BER: END_SEQ #10 [LOCK] seq_err=0 BER_seq=0.0000e+00 | lock=10 slip=0 BER_cond=0.0000e+00 BER_cum=0.0000e+00
CSV,295011,29500,10,10,0,5110,0,0.000000e+00,0.000000e+00,10614.0,344783808.0,24945.1,41.41,45.12
BER: SYNC #11 (gated)
CSV,300011,30000,11,10,0,5134,0,0.000000e+00,0.000000e+00,13497.9,330634624.0,23072.9,41.56,43.89
CSV,305011,30500,11,10,0,5234,0,0.000000e+00,0.000000e+00,13313.2,282129120.0,26494.0,40.27,43.26
CSV,310011,31000,11,10,0,5335,0,0.000000e+00,0.000000e+00,12442.7,283802240.0,31395.1,39.56,43.58
CSV,315011,31500,11,10,0,5434,0,0.000000e+00,0.000000e+00,13411.9,328001280.0,32758.3,40.01,43.88
CSV,320011,32000,11,10,0,5534,0,0.000000e+00,0.000000e+00,13323.7,334121664.0,32954.5,40.06,43.99
BER: END_SEQ #11 [LOCK] seq_err=0 BER_seq=0.0000e+00 | lock=11 slip=0 BER_cond=0.0000e+00 BER_cum=0.0000e+00
CSV,325011,32500,11,11,0,5621,0,0.000000e+00,0.000000e+00,11987.3,333164512.0,32270.8,40.14,44.44
BER: SYNC #12 (gated)
CSV,330011,33000,12,11,0,5657,0,0.000000e+00,0.000000e+00,13772.0,312605664.0,27329.8,40.58,43.56
CSV,335011,33500,12,11,0,5757,0,0.000000e+00,0.000000e+00,13041.0,280035104.0,34902.8,39.04,43.32
CSV,340011,34000,12,11,0,5857,0,0.000000e+00,0.000000e+00,12293.3,323077920.0,32307.0,40.00,44.20
CSV,345011,34500,12,11,0,5957,0,0.000000e+00,0.000000e+00,12425.1,317417888.0,31340.9,40.06,44.07
CSV,350011,35000,12,11,0,6057,0,0.000000e+00,0.000000e+00,12345.1,320090496.0,31705.1,40.04,44.14
BER: END_SEQ #12 [LOCK] seq_err=0 BER_seq=0.0000e+00 | lock=12 slip=0 BER_cond=0.0000e+00 BER_cum=0.0000e+00
CSV,355011,35500,12,12,0,6132,0,0.000000e+00,0.000000e+00,12820.3,339137824.0,29191.3,40.65,44.22
BER: SYNC #13 (gated)
CSV,360011,36000,13,12,0,6180,0,0.000000e+00,0.000000e+00,13894.4,332754048.0,30070.5,40.44,43.79
CSV,365011,36500,13,12,0,6280,0,0.000000e+00,0.000000e+00,12506.9,257874560.0,27982.7,39.65,43.14
CSV,370011,37000,13,12,0,6380,0,0.000000e+00,0.000000e+00,13030.0,324795136.0,27077.6,40.79,43.97
CSV,375011,37500,13,12,0,6480,0,0.000000e+00,0.000000e+00,13742.7,321459712.0,25111.9,41.07,43.69
CSV,380011,38000,13,12,0,6580,0,0.000000e+00,0.000000e+00,12162.1,332084832.0,26730.5,40.94,44.36
BER: END_SEQ #13 [LOCK] seq_err=0 BER_seq=0.0000e+00 | lock=13 slip=0 BER_cond=0.0000e+00 BER_cum=0.0000e+00
CSV,385011,38500,13,13,0,6643,0,0.000000e+00,0.000000e+00,11283.7,325550816.0,24144.5,41.30,44.60
BER: SYNC #14 (gated)
CSV,390011,39000,14,13,0,6703,0,0.000000e+00,0.000000e+00,12695.6,318039680.0,26508.8,40.79,43.99
CSV,395011,39500,14,13,0,6803,0,0.000000e+00,0.000000e+00,13361.1,268415648.0,29473.0,39.59,43.03
CSV,400011,40000,14,13,0,6903,0,0.000000e+00,0.000000e+00,11791.4,322116320.0,28056.8,40.60,44.36
CSV,405011,40500,14,13,0,7002,0,0.000000e+00,0.000000e+00,21242.0,326508832.0,52801.6,37.91,41.87
CSV,410011,41000,14,13,0,7102,0,0.000000e+00,0.000000e+00,17400.4,306345920.0,36111.8,39.29,42.46
BER: END_SEQ #14 [LOCK] seq_err=0 BER_seq=0.0000e+00 | lock=14 slip=0 BER_cond=0.0000e+00 BER_cum=0.0000e+00
CSV,415011,41500,14,14,0,7154,0,0.000000e+00,0.000000e+00,15168.7,342989408.0,39419.3,39.40,43.54
BER: SYNC #15 (gated)
CSV,420011,42000,15,14,0,7225,0,0.000000e+00,0.000000e+00,20307.7,348249824.0,48542.9,38.56,42.34
CSV,425011,42500,15,14,0,7325,0,0.000000e+00,0.000000e+00,14704.7,249749488.0,36193.7,38.39,42.30
CSV,430011,43000,15,14,0,7425,0,0.000000e+00,0.000000e+00,14776.7,295273600.0,31599.7,39.71,43.01
CSV,435011,43500,15,14,0,7525,0,0.000000e+00,0.000000e+00,11828.1,356223008.0,29406.0,40.83,44.79
CSV,440011,44000,15,14,0,7625,0,0.000000e+00,0.000000e+00,16838.1,306467616.0,34431.0,39.49,42.60
BER: END_SEQ #15 [LOCK] seq_err=0 BER_seq=0.0000e+00 | lock=15 slip=0 BER_cond=0.0000e+00 BER_cum=0.0000e+00
CSV,445011,44500,15,15,0,7665,0,0.000000e+00,0.000000e+00,24170.2,337442144.0,70993.4,36.77,41.45
BER: SYNC #16 (gated)
CSV,450011,45000,16,15,0,7748,0,0.000000e+00,0.000000e+00,24133.1,321243008.0,79126.4,36.09,41.24
CSV,455011,45500,16,15,0,7848,0,0.000000e+00,0.000000e+00,26524.3,259135664.0,74883.0,35.39,39.90
CSV,460011,46000,16,15,0,7948,0,0.000000e+00,0.000000e+00,26606.8,301815360.0,69231.7,36.39,40.55
CSV,465011,46500,16,15,0,8048,0,0.000000e+00,0.000000e+00,31777.0,345739424.0,84680.1,36.11,40.37
CSV,470011,47000,16,15,0,8148,0,0.000000e+00,0.000000e+00,27910.7,305499744.0,82988.4,35.66,40.39
BER: END_SEQ #16 [LOCK] seq_err=0 BER_seq=0.0000e+00 | lock=16 slip=0 BER_cond=0.0000e+00 BER_cum=0.0000e+00
CSV,475011,47500,16,16,0,8176,0,0.000000e+00,0.000000e+00,29979.9,336915840.0,69526.9,36.85,40.51
BER: SYNC #17 (gated)
CSV,480011,48000,17,16,0,8271,0,0.000000e+00,0.000000e+00,24568.3,313420640.0,67480.8,36.67,41.06
CSV,485011,48500,17,16,0,8371,0,0.000000e+00,0.000000e+00,33397.4,254118288.0,80534.7,34.99,38.81
CSV,490011,49000,17,16,0,8471,0,0.000000e+00,0.000000e+00,26929.5,312531264.0,81872.2,35.82,40.65
CSV,495011,49500,17,16,0,8571,0,0.000000e+00,0.000000e+00,24344.2,325577504.0,75763.7,36.33,41.26
CSV,500011,50000,17,16,0,8671,0,0.000000e+00,0.000000e+00,30844.7,326686752.0,80983.1,36.06,40.25
BER: END_SEQ #17 [LOCK] seq_err=0 BER_seq=0.0000e+00 | lock=17 slip=0 BER_cond=0.0000e+00 BER_cum=0.0000e+00
BER: SYNC #18 (gated)
CSV,505011,50500,18,17,0,8694,0,0.000000e+00,0.000000e+00,27305.6,341089248.0,75267.5,36.56,40.97
CSV,510011,51000,18,17,0,8793,0,0.000000e+00,0.000000e+00,27083.0,318358688.0,78306.1,36.09,40.70
CSV,515011,51500,18,17,0,8894,0,0.000000e+00,0.000000e+00,25929.8,248131408.0,75310.9,35.18,39.81
CSV,520011,52000,18,17,0,8993,0,0.000000e+00,0.000000e+00,25225.4,318939200.0,67275.2,36.76,41.02
CSV,525011,52500,18,17,0,9093,0,0.000000e+00,0.000000e+00,25345.0,342696224.0,79481.9,36.35,41.31
CSV,530011,53000,18,17,0,9193,0,0.000000e+00,0.000000e+00,24215.8,322498176.0,76049.2,36.27,41.24
BER: END_SEQ #18 [LOCK] seq_err=0 BER_seq=0.0000e+00 | lock=18 slip=0 BER_cond=0.0000e+00 BER_cum=0.0000e+00
BER: SYNC #19 (gated)
CSV,535011,53500,19,18,0,9216,0,0.000000e+00,0.000000e+00,64074.2,329588832.0,140489.3,33.70,37.11
CSV,540011,54000,19,18,0,9316,0,0.000000e+00,0.000000e+00,24634.5,302315392.0,78013.4,35.88,40.89
CSV,545011,54500,19,18,0,9416,0,0.000000e+00,0.000000e+00,24968.9,275943552.0,73824.1,35.73,40.43
CSV,550011,55000,19,18,0,9516,0,0.000000e+00,0.000000e+00,25542.6,313118560.0,72783.4,36.34,40.88
CSV,555011,55500,19,18,0,9616,0,0.000000e+00,0.000000e+00,24537.3,318963488.0,77816.5,36.13,41.14
BER: END_SEQ #19 [LOCK] seq_err=0 BER_seq=0.0000e+00 | lock=19 slip=0 BER_cond=0.0000e+00 BER_cum=0.0000e+00
CSV,560011,56000,19,19,0,9709,0,0.000000e+00,0.000000e+00,26754.5,341339712.0,80279.7,36.29,41.06
BER: SYNC #20 (gated)
CSV,565011,56500,20,19,0,9739,0,0.000000e+00,0.000000e+00,26263.3,340457088.0,82664.6,36.15,41.13
CSV,570011,57000,20,19,0,9839,0,0.000000e+00,0.000000e+00,27250.4,271192608.0,83659.4,35.11,39.98
CSV,575011,57500,20,19,0,9939,0,0.000000e+00,0.000000e+00,27225.5,301927968.0,78290.8,35.86,40.45
CSV,580011,58000,20,19,0,10039,0,0.000000e+00,0.000000e+00,29471.3,318392864.0,116320.4,34.37,40.34
CSV,585011,58500,20,19,0,10139,0,0.000000e+00,0.000000e+00,24444.3,323148032.0,93315.7,35.39,41.21
BER: END_SEQ #20 [LOCK] seq_err=0 BER_seq=0.0000e+00 | lock=20 slip=0 BER_cond=0.0000e+00 BER_cum=0.0000e+00
CSV,590011,59000,20,20,0,10220,0,0.000000e+00,0.000000e+00,30080.4,336703168.0,97447.4,35.38,40.49
BER: SYNC #21 (gated)
CSV,595011,59500,21,20,0,10262,0,0.000000e+00,0.000000e+00,26008.3,306225248.0,78023.2,35.94,40.71
CSV,600011,60000,21,20,0,10362,0,0.000000e+00,0.000000e+00,26224.0,269648864.0,83787.2,35.08,40.12
CSV,605011,60500,21,20,0,10462,0,0.000000e+00,0.000000e+00,29175.4,331582528.0,74285.9,36.50,40.56
CSV,610011,61000,21,20,0,10561,0,0.000000e+00,0.000000e+00,23632.5,316128128.0,72688.6,36.38,41.26
CSV,615011,61500,21,20,0,10662,0,0.000000e+00,0.000000e+00,27521.1,333383392.0,74162.2,36.53,40.83
BER: END_SEQ #21 [LOCK] seq_err=0 BER_seq=0.0000e+00 | lock=21 slip=0 BER_cond=0.0000e+00 BER_cum=0.0000e+00
CSV,620011,62000,21,21,0,10731,0,0.000000e+00,0.000000e+00,30548.1,322095872.0,81143.1,35.99,40.23
BER: SYNC #22 (gated)
CSV,625011,62500,22,21,0,10784,0,0.000000e+00,0.000000e+00,29326.7,320831648.0,74850.1,36.32,40.39
CSV,630011,63000,22,21,0,10884,0,0.000000e+00,0.000000e+00,26196.4,267847360.0,83663.1,35.05,40.10
CSV,635011,63500,22,21,0,10984,0,0.000000e+00,0.000000e+00,27794.0,320543328.0,80712.4,35.99,40.62
CSV,640011,64000,22,21,0,11084,0,0.000000e+00,0.000000e+00,22969.5,326755712.0,78129.2,36.21,41.53
CSV,645011,64500,22,21,0,11184,0,0.000000e+00,0.000000e+00,26431.4,316354304.0,78130.0,36.07,40.78
BER: END_SEQ #22 [LOCK] seq_err=0 BER_seq=0.0000e+00 | lock=22 slip=0 BER_cond=0.0000e+00 BER_cum=0.0000e+00
CSV,650011,65000,22,22,0,11242,0,0.000000e+00,0.000000e+00,26329.2,340254816.0,72699.1,36.70,41.11
BER: SYNC #23 (gated)
CSV,655011,65500,23,22,0,11307,0,0.000000e+00,0.000000e+00,23346.0,335361952.0,75774.0,36.46,41.57
CSV,660011,66000,23,22,0,11407,0,0.000000e+00,0.000000e+00,24893.5,240303536.0,71110.6,35.29,39.85
CSV,665011,66500,23,22,0,11507,0,0.000000e+00,0.000000e+00,25714.3,316408000.0,76694.0,36.15,40.90
CSV,670011,67000,23,22,0,11607,0,0.000000e+00,0.000000e+00,24967.0,341903232.0,84111.9,36.09,41.37
CSV,675011,67500,23,22,0,11707,0,0.000000e+00,0.000000e+00,23042.9,308341408.0,80740.1,35.82,41.26
BER: END_SEQ #23 [LOCK] seq_err=0 BER_seq=0.0000e+00 | lock=23 slip=0 BER_cond=0.0000e+00 BER_cum=0.0000e+00
CSV,680011,68000,23,23,0,11753,0,0.000000e+00,0.000000e+00,24905.5,332477056.0,80957.1,36.14,41.25
BER: SYNC #24 (gated)
CSV,685011,68500,24,23,0,11830,0,0.000000e+00,0.000000e+00,24356.8,334355232.0,73213.3,36.60,41.38
CSV,690011,69000,24,23,0,11930,0,0.000000e+00,0.000000e+00,25174.8,264024064.0,76490.5,35.38,40.21
CSV,695011,69500,24,23,0,12030,0,0.000000e+00,0.000000e+00,24404.3,295023808.0,78610.7,35.74,40.82
CSV,700011,70000,24,23,0,12130,0,0.000000e+00,0.000000e+00,23816.3,352460288.0,71592.5,36.92,41.70
CSV,705011,70500,24,23,0,12230,0,0.000000e+00,0.000000e+00,27591.6,304523744.0,78917.1,35.86,40.43
BER: END_SEQ #24 [LOCK] seq_err=0 BER_seq=0.0000e+00 | lock=24 slip=0 BER_cond=0.0000e+00 BER_cum=0.0000e+00
CSV,710011,71000,24,24,0,12264,0,0.000000e+00,0.000000e+00,25238.5,345726720.0,80605.4,36.32,41.37
BER: SYNC #25 (gated)
CSV,715011,71500,25,24,0,12353,0,0.000000e+00,0.000000e+00,26690.2,318959520.0,78951.4,36.06,40.77
CSV,720011,72000,25,24,0,12452,0,0.000000e+00,0.000000e+00,26969.5,248804368.0,75348.3,35.19,39.65
CSV,725011,72500,25,24,0,12552,0,0.000000e+00,0.000000e+00,25825.7,316568000.0,81210.8,35.91,40.88
CSV,730011,73000,25,24,0,12652,0,0.000000e+00,0.000000e+00,29043.3,331884512.0,77912.3,36.29,40.58
CSV,735011,73500,25,24,0,12752,0,0.000000e+00,0.000000e+00,27442.6,314232576.0,84419.2,35.71,40.59
BER: END_SEQ #25 [LOCK] seq_err=0 BER_seq=0.0000e+00 | lock=25 slip=0 BER_cond=0.0000e+00 BER_cum=0.0000e+00
BER: SYNC #26 (gated)
CSV,740011,74000,26,25,0,12775,0,0.000000e+00,0.000000e+00,23192.9,342769472.0,71706.1,36.79,41.70
CSV,745011,74500,26,25,0,12875,0,0.000000e+00,0.000000e+00,23710.3,314128608.0,75977.1,36.16,41.22
CSV,750011,75000,26,25,0,12975,0,0.000000e+00,0.000000e+00,22694.3,255271648.0,70891.1,35.56,40.51
CSV,755011,75500,26,25,0,13075,0,0.000000e+00,0.000000e+00,26663.5,314564672.0,84130.5,35.73,40.72
CSV,760011,76000,26,25,0,13175,0,0.000000e+00,0.000000e+00,31149.0,332760128.0,78988.9,36.25,40.29
CSV,765011,76500,26,25,0,13275,0,0.000000e+00,0.000000e+00,24396.2,316360800.0,78094.6,36.08,41.13
BER: END_SEQ #26 [LOCK] seq_err=0 BER_seq=0.0000e+00 | lock=26 slip=0 BER_cond=0.0000e+00 BER_cum=0.0000e+00
BER: SYNC #27 (gated)
CSV,770011,77000,27,26,0,13298,0,0.000000e+00,0.000000e+00,26574.8,355569248.0,77235.5,36.63,41.26
CSV,775011,77500,27,26,0,13398,0,0.000000e+00,0.000000e+00,23788.7,309653376.0,74489.0,36.19,41.15
CSV,780011,78000,27,26,0,13498,0,0.000000e+00,0.000000e+00,26292.1,261750864.0,76619.7,35.34,39.98
CSV,785011,78500,27,26,0,13598,0,0.000000e+00,0.000000e+00,23754.3,299307072.0,71542.9,36.22,41.00
CSV,790011,79000,27,26,0,13698,0,0.000000e+00,0.000000e+00,23674.4,347177664.0,73873.0,36.72,41.66
BER: END_SEQ #27 [LOCK] seq_err=0 BER_seq=0.0000e+00 | lock=27 slip=0 BER_cond=0.0000e+00 BER_cum=0.0000e+00
CSV,795011,79500,27,27,0,13797,0,0.000000e+00,0.000000e+00,23431.2,334195008.0,74117.1,36.54,41.54
BER: SYNC #28 (gated)
CSV,800011,80000,28,27,0,13821,0,0.000000e+00,0.000000e+00,26755.6,323697984.0,83376.8,35.89,40.83
CSV,805011,80500,28,27,0,13921,0,0.000000e+00,0.000000e+00,25616.1,281095904.0,80085.6,35.45,40.40
CSV,810011,81000,28,27,0,14021,0,0.000000e+00,0.000000e+00,27374.4,282394560.0,77270.0,35.63,40.14
CSV,815011,81500,28,27,0,14121,0,0.000000e+00,0.000000e+00,26956.2,323512832.0,73310.2,36.45,40.79
CSV,820011,82000,28,27,0,14221,0,0.000000e+00,0.000000e+00,27902.9,325417664.0,83207.5,35.92,40.67
BER: END_SEQ #28 [LOCK] seq_err=0 BER_seq=0.0000e+00 | lock=28 slip=0 BER_cond=0.0000e+00 BER_cum=0.0000e+00
CSV,825011,82500,28,28,0,14308,0,0.000000e+00,0.000000e+00,27402.5,333007680.0,82342.9,36.07,40.85
BER: SYNC #29 (gated)
CSV,830011,83000,29,28,0,14343,0,0.000000e+00,0.000000e+00,24522.3,320783488.0,84078.2,35.82,41.17
CSV,835011,83500,29,28,0,14443,0,0.000000e+00,0.000000e+00,25914.3,280541728.0,81491.0,35.37,40.34
CSV,840011,84000,29,28,0,14543,0,0.000000e+00,0.000000e+00,25852.3,313459328.0,88592.3,35.49,40.84
CSV,845011,84500,29,28,0,14643,0,0.000000e+00,0.000000e+00,26610.6,309676672.0,83611.0,35.69,40.66
CSV,850011,85000,29,28,0,14743,0,0.000000e+00,0.000000e+00,26665.5,320801504.0,81698.9,35.94,40.80
BER: END_SEQ #29 [LOCK] seq_err=0 BER_seq=0.0000e+00 | lock=29 slip=0 BER_cond=0.0000e+00 BER_cum=0.0000e+00
CSV,855011,85500,29,29,0,14819,0,0.000000e+00,0.000000e+00,25190.0,339257984.0,58807.8,37.61,41.29
BER: SYNC #30 (gated)
CSV,860011,86000,30,29,0,14866,0,0.000000e+00,0.000000e+00,25681.0,315069312.0,80523.7,35.92,40.89
CSV,865011,86500,30,29,0,14966,0,0.000000e+00,0.000000e+00,28842.3,255967472.0,80398.0,35.03,39.48
CSV,870011,87000,30,29,0,15066,0,0.000000e+00,0.000000e+00,28744.6,331729248.0,101364.4,35.15,40.62
CSV,875011,87500,30,29,0,15166,0,0.000000e+00,0.000000e+00,29896.3,317952832.0,63373.1,37.00,40.27
CSV,880011,88000,30,29,0,15266,0,0.000000e+00,0.000000e+00,28082.4,322413312.0,83148.2,35.89,40.60
BER: END_SEQ #30 [LOCK] seq_err=0 BER_seq=0.0000e+00 | lock=30 slip=0 BER_cond=0.0000e+00 BER_cum=0.0000e+00
CSV,885011,88500,30,30,0,15330,0,0.000000e+00,0.000000e+00,31516.5,319474016.0,83822.2,35.81,40.06
BER: SYNC #31 (gated)
CSV,890011,89000,31,30,0,15389,0,0.000000e+00,0.000000e+00,27708.1,317469184.0,88503.2,35.55,40.59
CSV,895011,89500,31,30,0,15489,0,0.000000e+00,0.000000e+00,19989.8,265744240.0,84657.7,34.97,41.24
CSV,900011,90000,31,30,0,15589,0,0.000000e+00,0.000000e+00,27243.4,308763712.0,83366.0,35.69,40.54
CSV,905011,90500,31,30,0,15689,0,0.000000e+00,0.000000e+00,27320.4,331550208.0,87453.7,35.79,40.84
CSV,910011,91000,31,30,0,15789,0,0.000000e+00,0.000000e+00,29413.8,306516384.0,84516.1,35.60,40.18
BER: END_SEQ #31 [LOCK] seq_err=0 BER_seq=0.0000e+00 | lock=31 slip=0 BER_cond=0.0000e+00 BER_cum=0.0000e+00
CSV,915011,91500,31,31,0,15841,0,0.000000e+00,0.000000e+00,26504.2,349264512.0,70342.4,36.96,41.20
BER: SYNC #32 (gated)
CSV,920011,92000,32,31,0,15912,0,0.000000e+00,0.000000e+00,27292.8,335703136.0,76384.6,36.43,40.90
CSV,925011,92500,32,31,0,16012,0,0.000000e+00,0.000000e+00,24987.1,247064880.0,79665.4,34.92,39.95
CSV,930011,93000,32,31,0,16111,0,0.000000e+00,0.000000e+00,27702.1,292223264.0,78564.8,35.70,40.23
CSV,935011,93500,32,31,0,16211,0,0.000000e+00,0.000000e+00,26645.5,349608800.0,79960.5,36.41,41.18
CSV,940011,94000,32,31,0,16311,0,0.000000e+00,0.000000e+00,27704.5,299591008.0,92733.3,35.09,40.34
BER: END_SEQ #32 [LOCK] seq_err=0 BER_seq=0.0000e+00 | lock=32 slip=0 BER_cond=0.0000e+00 BER_cum=0.0000e+00
CSV,945011,94500,32,32,0,16352,0,0.000000e+00,0.000000e+00,26216.8,334452544.0,76802.9,36.39,41.06
BER: SYNC #33 (gated)
CSV,950011,95000,33,32,0,16434,0,0.000000e+00,0.000000e+00,29213.3,322158112.0,78668.3,36.12,40.42
CSV,955011,95500,33,32,0,16534,0,0.000000e+00,0.000000e+00,25560.3,265107248.0,73761.5,35.56,40.16
CSV,960011,96000,33,32,0,16634,0,0.000000e+00,0.000000e+00,25803.9,298698176.0,83683.1,35.53,40.64
CSV,965011,96500,33,32,0,16734,0,0.000000e+00,0.000000e+00,27148.2,348374976.0,76554.0,36.58,41.08
CSV,970011,97000,33,32,0,16834,0,0.000000e+00,0.000000e+00,28089.1,303210336.0,85549.6,35.50,40.33
BER: END_SEQ #33 [LOCK] seq_err=0 BER_seq=0.0000e+00 | lock=33 slip=0 BER_cond=0.0000e+00 BER_cum=0.0000e+00
CSV,975011,97500,33,33,0,16863,0,0.000000e+00,0.000000e+00,26111.6,349439744.0,82844.9,36.25,41.27
BER: SYNC #34 (gated)
CSV,980011,98000,34,33,0,16957,0,0.000000e+00,0.000000e+00,27502.7,321381760.0,75542.4,36.29,40.68
CSV,985011,98500,34,33,0,17057,0,0.000000e+00,0.000000e+00,27333.6,242617264.0,85876.0,34.51,39.48
CSV,990011,99000,34,33,0,17157,0,0.000000e+00,0.000000e+00,29431.3,314937824.0,77697.1,36.08,40.29
CSV,995011,99500,34,33,0,17257,0,0.000000e+00,0.000000e+00,26203.2,326405120.0,86474.0,35.77,40.95
CSV,1000011,100000,34,33,0,17357,0,0.000000e+00,0.000000e+00,31586.1,327315008.0,78769.1,36.19,40.15
BER: END_SEQ #34 [LOCK] seq_err=0 BER_seq=0.0000e+00 | lock=34 slip=0 BER_cond=0.0000e+00 BER_cum=0.0000e+00
BER: SYNC #35 (gated)
CSV,1005011,100500,35,34,0,17380,0,0.000000e+00,0.000000e+00,26723.2,331530400.0,80642.3,36.14,40.94
CSV,1010011,101000,35,34,0,17480,0,0.000000e+00,0.000000e+00,28111.6,320936288.0,78666.2,36.11,40.58
CSV,1015011,101500,35,34,0,17580,0,0.000000e+00,0.000000e+00,25527.0,245935168.0,81705.7,34.79,39.84
CSV,1020011,102000,35,34,0,17679,0,0.000000e+00,0.000000e+00,27642.6,322664256.0,76707.5,36.24,40.67
CSV,1025011,102500,35,34,0,17780,0,0.000000e+00,0.000000e+00,26318.4,331762208.0,82984.4,36.02,41.01
CSV,1030011,103000,35,34,0,17880,0,0.000000e+00,0.000000e+00,28151.6,317097536.0,82849.3,35.83,40.52
BER: END_SEQ #35 [LOCK] seq_err=0 BER_seq=0.0000e+00 | lock=35 slip=0 BER_cond=0.0000e+00 BER_cum=0.0000e+00
BER: SYNC #36 (gated)
CSV,1035011,103500,36,35,0,17902,0,0.000000e+00,0.000000e+00,29739.1,333699680.0,84938.9,35.94,40.50
CSV,1040011,104000,36,35,0,18002,0,0.000000e+00,0.000000e+00,27365.9,310671968.0,79327.1,35.93,40.55
CSV,1045011,104500,36,35,0,18102,0,0.000000e+00,0.000000e+00,30370.1,264042992.0,83419.4,35.00,39.39
CSV,1050011,105000,36,35,0,18202,0,0.000000e+00,0.000000e+00,24958.0,309804096.0,77636.8,36.01,40.94
CSV,1055011,105500,36,35,0,18302,0,0.000000e+00,0.000000e+00,30894.0,320494432.0,96634.0,35.21,40.16
BER: END_SEQ #36 [LOCK] seq_err=0 BER_seq=0.0000e+00 | lock=36 slip=0 BER_cond=0.0000e+00 BER_cum=0.0000e+00
CSV,1060011,106000,36,36,0,18396,0,0.000000e+00,0.000000e+00,28126.0,350935136.0,85154.7,36.15,40.96
BER: SYNC #37 (gated)
CSV,1065011,106500,37,36,0,18425,0,0.000000e+00,0.000000e+00,27318.2,329626944.0,87830.9,35.74,40.82
CSV,1070011,107000,37,36,0,18525,0,0.000000e+00,0.000000e+00,26697.5,266868176.0,86805.0,34.88,40.00
CSV,1075011,107500,37,36,0,18625,0,0.000000e+00,0.000000e+00,30114.7,301589824.0,87542.1,35.37,40.01
CSV,1080011,108000,37,36,0,18725,0,0.000000e+00,0.000000e+00,27160.7,326114880.0,74470.2,36.41,40.79
CSV,1085011,108500,37,36,0,18825,0,0.000000e+00,0.000000e+00,29508.4,320904768.0,79973.0,36.03,40.36
BER: END_SEQ #37 [LOCK] seq_err=0 BER_seq=0.0000e+00 | lock=37 slip=0 BER_cond=0.0000e+00 BER_cum=0.0000e+00
CSV,1090011,109000,37,37,0,18907,0,0.000000e+00,0.000000e+00,27908.1,337014688.0,82061.9,36.14,40.82
BER: SYNC #38 (gated)
CSV,1095011,109500,38,37,0,18948,0,0.000000e+00,0.000000e+00,26526.0,310877952.0,82432.4,35.76,40.69
CSV,1100011,110000,38,37,0,19048,0,0.000000e+00,0.000000e+00,29290.5,279905824.0,77847.3,35.56,39.80
CSV,1105011,110500,38,37,0,19148,0,0.000000e+00,0.000000e+00,28484.5,328312448.0,86754.7,35.78,40.62
CSV,1110011,111000,38,37,0,19248,0,0.000000e+00,0.000000e+00,26132.9,307145696.0,85236.5,35.57,40.70
CSV,1115011,111500,38,37,0,19348,0,0.000000e+00,0.000000e+00,31722.6,326291808.0,82375.0,35.98,40.12
BER: END_SEQ #38 [LOCK] seq_err=0 BER_seq=0.0000e+00 | lock=38 slip=0 BER_cond=0.0000e+00 BER_cum=0.0000e+00
CSV,1120011,112000,38,38,0,19418,0,0.000000e+00,0.000000e+00,29265.5,336119712.0,81431.9,36.16,40.60
BER: SYNC #39 (gated)
CSV,1125011,112500,39,38,0,19470,0,0.000000e+00,0.000000e+00,28308.7,324629472.0,85414.5,35.80,40.59
CSV,1130011,113000,39,38,0,19571,0,0.000000e+00,0.000000e+00,26515.5,265569376.0,84267.0,34.99,40.01
CSV,1135011,113500,39,38,0,19670,0,0.000000e+00,0.000000e+00,26905.0,320870144.0,79306.5,36.07,40.76
CSV,1140011,114000,39,38,0,19770,0,0.000000e+00,0.000000e+00,29290.4,336770816.0,80565.4,36.21,40.61
CSV,1145011,114500,39,38,0,19870,0,0.000000e+00,0.000000e+00,27655.1,316769504.0,92109.8,35.36,40.59
BER: END_SEQ #39 [LOCK] seq_err=0 BER_seq=0.0000e+00 | lock=39 slip=0 BER_cond=0.0000e+00 BER_cum=0.0000e+00
CSV,1150011,115000,39,39,0,19929,0,0.000000e+00,0.000000e+00,27618.5,331033184.0,83665.0,35.97,40.79
BER: SYNC #40 (gated)
CSV,1155011,115500,40,39,0,19993,0,0.000000e+00,0.000000e+00,24809.3,333257184.0,80057.2,36.19,41.28
CSV,1160011,116000,40,39,0,20093,0,0.000000e+00,0.000000e+00,25566.3,241766368.0,72805.9,35.21,39.76
CSV,1165011,116500,40,39,0,20193,0,0.000000e+00,0.000000e+00,25425.0,325970336.0,82436.4,35.97,41.08
CSV,1170011,117000,40,39,0,20293,0,0.000000e+00,0.000000e+00,27229.4,334829440.0,73882.6,36.56,40.90
CSV,1175011,117500,40,39,0,20393,0,0.000000e+00,0.000000e+00,26578.6,310539328.0,79940.0,35.89,40.68
BER: END_SEQ #40 [LOCK] seq_err=0 BER_seq=0.0000e+00 | lock=40 slip=0 BER_cond=0.0000e+00 BER_cum=0.0000e+00
CSV,1180011,118000,40,40,0,20440,0,0.000000e+00,0.000000e+00,28947.0,338399808.0,79867.4,36.27,40.68
BER: SYNC #41 (gated)
CSV,1185011,118500,41,40,0,20516,0,0.000000e+00,0.000000e+00,25547.8,346260192.0,82415.1,36.23,41.32
CSV,1190011,119000,41,40,0,20616,0,0.000000e+00,0.000000e+00,27337.7,257751472.0,80867.3,35.03,39.74
CSV,1195011,119500,41,40,0,20716,0,0.000000e+00,0.000000e+00,27177.9,294551488.0,72517.6,36.09,40.35
CSV,1200011,120000,41,40,0,20816,0,0.000000e+00,0.000000e+00,26615.2,359959104.0,76656.4,36.72,41.31
CSV,1205011,120500,41,40,0,20916,0,0.000000e+00,0.000000e+00,27400.0,313609952.0,73437.8,36.30,40.59
BER: END_SEQ #41 [LOCK] seq_err=0 BER_seq=0.0000e+00 | lock=41 slip=0 BER_cond=0.0000e+00 BER_cum=0.0000e+00
CSV,1210011,121000,41,41,0,20951,0,0.000000e+00,0.000000e+00,30205.9,337635648.0,86964.6,35.89,40.48
BER: SYNC #42 (gated)
CSV,1215011,121500,42,41,0,21039,0,0.000000e+00,0.000000e+00,26471.8,323831392.0,78459.9,36.16,40.88
CSV,1220011,122000,42,41,0,21139,0,0.000000e+00,0.000000e+00,29288.0,259138048.0,76700.9,35.29,39.47
CSV,1225011,122500,42,41,0,21239,0,0.000000e+00,0.000000e+00,26210.4,328248352.0,80193.4,36.12,40.98
CSV,1230011,123000,42,41,0,21339,0,0.000000e+00,0.000000e+00,25973.4,327841312.0,81819.3,36.03,41.01
CSV,1235011,123500,42,41,0,21438,0,0.000000e+00,0.000000e+00,29586.6,316551136.0,85725.5,35.67,40.29
BER: END_SEQ #42 [LOCK] seq_err=0 BER_seq=0.0000e+00 | lock=42 slip=0 BER_cond=0.0000e+00 BER_cum=0.0000e+00
BER: SYNC #43 (gated)
CSV,1240011,124000,43,42,0,21462,0,0.000000e+00,0.000000e+00,27874.7,348472224.0,92118.7,35.78,40.97
CSV,1245011,124500,43,42,0,21561,0,0.000000e+00,0.000000e+00,24648.4,323304832.0,76813.1,36.24,41.18
CSV,1250011,125000,43,42,0,21661,0,0.000000e+00,0.000000e+00,30721.4,254983520.0,80310.4,35.02,39.19
CSV,1255011,125500,43,42,0,21761,0,0.000000e+00,0.000000e+00,26443.0,312803488.0,70090.0,36.50,40.73
CSV,1260011,126000,43,42,0,21861,0,0.000000e+00,0.000000e+00,26977.7,341753728.0,84022.0,36.09,41.03
CSV,1265011,126500,43,42,0,21961,0,0.000000e+00,0.000000e+00,30279.6,326018496.0,74494.8,36.41,40.32
BER: END_SEQ #43 [LOCK] seq_err=0 BER_seq=0.0000e+00 | lock=43 slip=0 BER_cond=0.0000e+00 BER_cum=0.0000e+00
BER: SYNC #44 (gated)
CSV,1270011,127000,44,43,0,21984,0,0.000000e+00,0.000000e+00,30921.6,350124800.0,82967.8,36.25,40.54
CSV,1275011,127500,44,43,0,22084,0,0.000000e+00,0.000000e+00,28243.2,307800736.0,79528.7,35.88,40.37
CSV,1280011,128000,44,43,0,22184,0,0.000000e+00,0.000000e+00,32049.6,242181664.0,95026.9,34.06,38.78
CSV,1285011,128500,44,43,0,22284,0,0.000000e+00,0.000000e+00,29767.6,229727440.0,83816.6,34.38,38.87
CSV,1290011,129000,44,43,0,22384,0,0.000000e+00,0.000000e+00,26530.9,261906672.0,82573.1,35.01,39.94
BER: END_SEQ #44 [LOCK] seq_err=0 BER_seq=0.0000e+00 | lock=44 slip=0 BER_cond=0.0000e+00 BER_cum=0.0000e+00
CSV,1295011,129500,44,44,0,22484,0,0.000000e+00,0.000000e+00,24169.2,247567520.0,83074.4,34.74,40.10
BER: SYNC #45 (gated)
CSV,1300011,130000,45,44,0,22507,0,0.000000e+00,0.000000e+00,25316.7,242753744.0,84647.3,34.58,39.82
CSV,1305011,130500,45,44,0,22607,0,0.000000e+00,0.000000e+00,26871.8,215942048.0,70390.9,34.87,39.05
CSV,1310011,131000,45,44,0,22707,0,0.000000e+00,0.000000e+00,27911.1,209604800.0,74066.1,34.52,38.76
CSV,1315011,131500,45,44,0,22807,0,0.000000e+00,0.000000e+00,25478.6,235233008.0,72122.0,35.13,39.65
CSV,1320011,132000,45,44,0,22907,0,0.000000e+00,0.000000e+00,26568.1,242052992.0,79892.6,34.81,39.60
BER: END_SEQ #45 [LOCK] seq_err=0 BER_seq=0.0000e+00 | lock=45 slip=0 BER_cond=0.0000e+00 BER_cum=0.0000e+00
CSV,1325011,132500,45,45,0,22995,0,0.000000e+00,0.000000e+00,29987.9,257753376.0,73796.5,35.43,39.34
BER: SYNC #46 (gated)
CSV,1330011,133000,46,45,0,23029,0,0.000000e+00,0.000000e+00,23021.1,244336464.0,74319.2,35.17,40.26
CSV,1335011,133500,46,45,0,23130,0,0.000000e+00,0.000000e+00,26641.9,210146816.0,78210.1,34.29,38.97
CSV,1340011,134000,46,45,0,23230,0,0.000000e+00,0.000000e+00,25152.3,233475168.0,77928.1,34.77,39.68
CSV,1345011,134500,46,45,0,23329,0,0.000000e+00,0.000000e+00,24933.1,240372976.0,74599.3,35.08,39.84
CSV,1350011,135000,46,45,0,23429,0,0.000000e+00,0.000000e+00,25937.6,242679712.0,73339.1,35.20,39.71
BER: END_SEQ #46 [LOCK] seq_err=0 BER_seq=0.0000e+00 | lock=46 slip=0 BER_cond=0.0000e+00 BER_cum=0.0000e+00
CSV,1355011,135500,46,46,0,23506,0,0.000000e+00,0.000000e+00,24102.6,249581440.0,76549.7,35.13,40.15
BER: SYNC #47 (gated)
CSV,1360011,136000,47,46,0,23552,0,0.000000e+00,0.000000e+00,24093.9,233092976.0,85218.4,34.37,39.86
CSV,1365011,136500,47,46,0,23652,0,0.000000e+00,0.000000e+00,24510.9,193675488.0,65397.6,34.72,38.98
CSV,1370011,137000,47,46,0,23752,0,0.000000e+00,0.000000e+00,31122.4,254956368.0,72076.6,35.49,39.13
CSV,1375011,137500,47,46,0,23852,0,0.000000e+00,0.000000e+00,29037.0,238112096.0,76453.8,34.93,39.14
CSV,1380011,138000,47,46,0,23952,0,0.000000e+00,0.000000e+00,30247.9,243845520.0,80090.1,34.84,39.06
BER: END_SEQ #47 [LOCK] seq_err=0 BER_seq=0.0000e+00 | lock=47 slip=0 BER_cond=0.0000e+00 BER_cum=0.0000e+00
CSV,1385011,138500,47,47,0,24017,0,0.000000e+00,0.000000e+00,29296.9,242286064.0,67231.7,35.57,39.18
BER: SYNC #48 (gated)
CSV,1390011,139000,48,47,0,24075,0,0.000000e+00,0.000000e+00,25808.6,250892496.0,73309.1,35.34,39.88
CSV,1395011,139500,48,47,0,24175,0,0.000000e+00,0.000000e+00,25101.6,193544368.0,76603.5,34.03,38.87
CSV,1400011,140000,48,47,0,24275,0,0.000000e+00,0.000000e+00,21868.6,229046672.0,63954.4,35.54,40.20
CSV,1405011,140500,48,47,0,24375,0,0.000000e+00,0.000000e+00,26206.6,252059216.0,68335.5,35.67,39.83
CSV,1410011,141000,48,47,0,24475,0,0.000000e+00,0.000000e+00,25368.9,232844400.0,72760.6,35.05,39.63
BER: END_SEQ #48 [LOCK] seq_err=0 BER_seq=0.0000e+00 | lock=48 slip=0 BER_cond=0.0000e+00 BER_cum=0.0000e+00
CSV,1415011,141500,48,48,0,24528,0,0.000000e+00,0.000000e+00,28489.1,257679408.0,72158.6,35.53,39.56
BER: SYNC #49 (gated)
CSV,1420011,142000,49,48,0,24598,0,0.000000e+00,0.000000e+00,25787.2,249792112.0,80410.3,34.92,39.86
CSV,1425011,142500,49,48,0,24698,0,0.000000e+00,0.000000e+00,27017.1,186926528.0,73185.9,34.07,38.40
CSV,1430011,143000,49,48,0,24798,0,0.000000e+00,0.000000e+00,25367.8,230942272.0,67050.3,35.37,39.59
CSV,1435011,143500,49,48,0,24898,0,0.000000e+00,0.000000e+00,29493.1,258757344.0,75776.4,35.33,39.43
CSV,1440011,144000,49,48,0,24997,0,0.000000e+00,0.000000e+00,26580.0,220205040.0,67939.8,35.11,39.18
BER: END_SEQ #49 [LOCK] seq_err=0 BER_seq=0.0000e+00 | lock=49 slip=0 BER_cond=0.0000e+00 BER_cum=0.0000e+00
CSV,1445011,144500,49,49,0,25039,0,0.000000e+00,0.000000e+00,30615.9,252990624.0,64815.5,35.91,39.17
BER: SYNC #50 (gated)
CSV,1450011,145000,50,49,0,25120,0,0.000000e+00,0.000000e+00,28291.0,248178816.0,67630.0,35.65,39.43
CSV,1455011,145500,50,49,0,25220,0,0.000000e+00,0.000000e+00,25246.7,203995456.0,67152.9,34.83,39.07
CSV,1460011,146000,50,49,0,25320,0,0.000000e+00,0.000000e+00,27533.4,214693872.0,79186.2,34.33,38.92
CSV,1465011,146500,50,49,0,25420,0,0.000000e+00,0.000000e+00,25664.7,264464112.0,70067.8,35.77,40.13
CSV,1470011,147000,50,49,0,25520,0,0.000000e+00,0.000000e+00,26011.1,229580544.0,64001.9,35.55,39.46
BER: END_SEQ #50 [LOCK] seq_err=0 BER_seq=0.0000e+00 | lock=50 slip=0 BER_cond=0.0000e+00 BER_cum=0.0000e+00
CSV,1475011,147500,50,50,0,25550,0,0.000000e+00,0.000000e+00,24515.1,266970224.0,65925.7,36.07,40.37
BER: SYNC #51 (gated)
CSV,1480011,148000,51,50,0,25643,0,0.000000e+00,0.000000e+00,25966.2,234960384.0,73930.6,35.02,39.57
CSV,1485011,148500,51,50,0,25743,0,0.000000e+00,0.000000e+00,27831.0,182871472.0,82675.1,33.45,38.18
CSV,1490011,149000,51,50,0,25843,0,0.000000e+00,0.000000e+00,25359.7,237969168.0,78880.3,34.80,39.72
CSV,1495011,149500,51,50,0,25943,0,0.000000e+00,0.000000e+00,20815.4,248037408.0,76984.7,35.08,40.76
CSV,1500011,150000,51,50,0,26043,0,0.000000e+00,0.000000e+00,26946.4,242179744.0,76014.5,35.03,39.54
BER: END_SEQ #51 [LOCK] seq_err=0 BER_seq=0.0000e+00 | lock=51 slip=0 BER_cond=0.0000e+00 BER_cum=0.0000e+00

=========================================
=== END OF TEST (duration=25 min) ===
=========================================
FINAL: syncs=51 lock=51 slip=0 slip_rate=0.0000
FINAL: bits_cum=26061 err_cum=0 BER_cum=0.0000e+00
FINAL: bits_lock=26061 err_lock=0 BER_cond=0.0000e+00
=========================================
=== STOP LOGGING NOW ===
=========================================
