

=== RX BOOT - BER TEST MODE ===
BPS_MODE=20 (HALF_SAMPLES=2000, 10000 samples/bit @ 200000 Hz)
Expect: 64-bit preamble + Barker13 (1F35h, gated by 8 preamble bits = 0x55) + 511-bit PRBS-9
Noise floor band: 5000 Hz; lock threshold: BER<0.10
Auto-stop: test will halt 25 min after the first sync.
RX: edge-tracking sync, center-3 voting
Starting decoder...

CSV,5010,500,0,0,0,0,0,0.000000e+00,0.000000e+00,1756244.2,2263504.5,23456.1,19.85,1.10
BER: SYNC #1 (gated)
CSV,10010,1000,1,0,0,81,0,0.000000e+00,0.000000e+00,1806864.5,2597435.8,25833.9,20.02,1.58
CSV,15010,1500,1,0,0,181,0,0.000000e+00,0.000000e+00,2237897.0,2158251.8,24236.6,19.65,0.16
CSV,20010,2000,1,0,0,281,0,0.000000e+00,0.000000e+00,2162373.0,2342797.2,24882.0,19.74,0.35
CSV,25010,2500,1,0,0,381,0,0.000000e+00,0.000000e+00,1755947.2,2990392.5,23401.5,21.06,2.31
CSV,30010,3000,1,0,0,481,0,0.000000e+00,0.000000e+00,2199330.0,2662090.0,20292.7,21.18,0.83
BER: END_SEQ #1 [LOCK] seq_err=0 BER_seq=0.0000e+00 | lock=1 slip=0 BER_cond=0.0000e+00 BER_cum=0.0000e+00
CSV,35010,3500,1,1,0,511,0,0.000000e+00,0.000000e+00,1942131.8,3149089.2,25596.8,20.90,2.10
BER: SYNC #2 (gated)
CSV,40010,4000,2,1,0,604,0,0.000000e+00,0.000000e+00,2152460.2,2713534.8,23252.8,20.67,1.01
CSV,45010,4500,2,1,0,704,0,0.000000e+00,0.000000e+00,2550240.8,2157881.0,23747.9,20.31,0.73
CSV,50010,5000,2,1,0,804,0,0.000000e+00,0.000000e+00,2107470.5,2733598.5,23034.6,20.74,1.13
CSV,55010,5500,2,1,0,904,0,0.000000e+00,0.000000e+00,2057625.0,2980518.0,23038.1,21.12,1.61
CSV,60010,6000,2,1,0,1004,0,0.000000e+00,0.000000e+00,2065816.8,2756479.8,23852.1,20.63,1.25
BER: END_SEQ #2 [LOCK] seq_err=0 BER_seq=0.0000e+00 | lock=2 slip=0 BER_cond=0.0000e+00 BER_cum=0.0000e+00
BER: SYNC #3 (gated)
CSV,65010,6500,3,2,0,1027,0,0.000000e+00,0.000000e+00,1876481.9,2825206.2,23145.2,20.87,1.78
CSV,70010,7000,3,2,0,1127,0,0.000000e+00,0.000000e+00,1887282.5,2822177.0,24453.6,20.62,1.75
CSV,75010,7500,3,2,0,1227,0,0.000000e+00,0.000000e+00,2565880.2,2021208.9,22897.3,20.49,1.04
CSV,80010,8000,3,2,0,1327,0,0.000000e+00,0.000000e+00,1973693.0,2677499.8,22893.5,20.68,1.32
CSV,85010,8500,3,2,0,1426,0,0.000000e+00,0.000000e+00,1855576.6,2672081.2,24364.6,20.40,1.58
CSV,90010,9000,3,2,0,1526,0,0.000000e+00,0.000000e+00,1925903.1,2629569.5,22496.6,20.68,1.35
BER: END_SEQ #3 [LOCK] seq_err=0 BER_seq=0.0000e+00 | lock=3 slip=0 BER_cond=0.0000e+00 BER_cum=0.0000e+00
BER: SYNC #4 (gated)
CSV,95010,9500,4,3,0,1549,0,0.000000e+00,0.000000e+00,1818249.8,2885656.2,23534.1,20.89,2.01
CSV,100010,10000,4,3,0,1649,0,0.000000e+00,0.000000e+00,2089586.5,2485895.5,23362.1,20.27,0.75
CSV,105010,10500,4,3,0,1749,0,0.000000e+00,0.000000e+00,2248715.8,2139836.5,21689.6,20.16,0.22
CSV,110010,11000,4,3,0,1849,0,0.000000e+00,0.000000e+00,1955358.6,2431969.2,22913.9,20.26,0.95
CSV,115010,11500,4,3,0,1949,0,0.000000e+00,0.000000e+00,1884173.1,2682145.5,23615.2,20.55,1.53
BER: END_SEQ #4 [LOCK] seq_err=0 BER_seq=0.0000e+00 | lock=4 slip=0 BER_cond=0.0000e+00 BER_cum=0.0000e+00
CSV,120010,12000,4,4,0,2044,0,0.000000e+00,0.000000e+00,1748454.8,2680786.8,22363.5,20.79,1.86
BER: SYNC #5 (gated)
CSV,125010,12500,5,4,0,2072,0,0.000000e+00,0.000000e+00,1722525.6,2572412.5,21556.5,20.77,1.74
CSV,130010,13000,5,4,0,2172,0,0.000000e+00,0.000000e+00,2119698.0,2115326.5,23785.1,19.50,0.01
CSV,135010,13500,5,4,0,2272,0,0.000000e+00,0.000000e+00,1982191.9,2355299.0,21895.8,20.32,0.75
CSV,140010,14000,5,4,0,2372,0,0.000000e+00,0.000000e+00,1845556.6,2512238.5,22890.8,20.40,1.34
CSV,145010,14500,5,4,0,2472,0,0.000000e+00,0.000000e+00,1792857.9,2395364.2,23683.7,20.05,1.26
BER: END_SEQ #5 [LOCK] seq_err=0 BER_seq=0.0000e+00 | lock=5 slip=0 BER_cond=0.0000e+00 BER_cum=0.0000e+00
CSV,150010,15000,5,5,0,2555,0,0.000000e+00,0.000000e+00,1656699.8,2484565.8,22315.9,20.47,1.76
BER: SYNC #6 (gated)
CSV,155010,15500,6,5,0,2595,0,0.000000e+00,0.000000e+00,1716194.1,2277250.0,22034.9,20.14,1.23
CSV,160010,16000,6,5,0,2695,0,0.000000e+00,0.000000e+00,1879939.8,1919132.4,23108.0,19.19,0.09
CSV,165010,16500,6,5,0,2795,0,0.000000e+00,0.000000e+00,1557768.5,2056138.1,23463.2,19.43,1.21
CSV,170010,17000,6,5,0,2895,0,0.000000e+00,0.000000e+00,1519792.9,1938100.2,22959.8,19.26,1.06
CSV,175010,17500,6,5,0,2995,0,0.000000e+00,0.000000e+00,1403476.1,2068562.1,22817.5,19.57,1.68
BER: END_SEQ #6 [LOCK] seq_err=0 BER_seq=0.0000e+00 | lock=6 slip=0 BER_cond=0.0000e+00 BER_cum=0.0000e+00
CSV,180010,18000,6,6,0,3066,0,0.000000e+00,0.000000e+00,1368322.9,2052557.9,21432.5,19.81,1.76
BER: SYNC #7 (gated)
CSV,185010,18500,7,6,0,3118,0,0.000000e+00,0.000000e+00,1322163.6,1846834.2,21796.1,19.28,1.45
CSV,190010,19000,7,6,0,3217,0,0.000000e+00,0.000000e+00,1588644.1,1460494.0,22057.8,18.57,0.37
CSV,195010,19500,7,6,0,3317,0,0.000000e+00,0.000000e+00,1256455.4,1812183.5,23519.9,18.87,1.59
CSV,200010,20000,7,6,0,3417,0,0.000000e+00,0.000000e+00,1276934.1,1727421.6,23372.8,18.69,1.31
CSV,205010,20500,7,6,0,3517,0,0.000000e+00,0.000000e+00,1224602.4,1645876.4,22575.4,18.63,1.28
BER: END_SEQ #7 [LOCK] seq_err=0 BER_seq=0.0000e+00 | lock=7 slip=0 BER_cond=0.0000e+00 BER_cum=0.0000e+00
CSV,210010,21000,7,7,0,3577,0,0.000000e+00,0.000000e+00,1122585.1,1662173.5,22672.9,18.65,1.70
BER: SYNC #8 (gated)
CSV,215010,21500,8,7,0,3640,0,0.000000e+00,0.000000e+00,1136120.6,1683486.9,22283.6,18.78,1.71
CSV,220010,22000,8,7,0,3740,0,0.000000e+00,0.000000e+00,1503846.8,1264043.8,21924.2,18.36,0.75
CSV,225010,22500,8,7,0,3840,0,0.000000e+00,0.000000e+00,1159683.5,1544964.6,24602.8,17.98,1.25
CSV,230010,23000,8,7,0,3940,0,0.000000e+00,0.000000e+00,1061947.6,1652471.0,22221.5,18.71,1.92
CSV,235010,23500,8,7,0,4040,0,0.000000e+00,0.000000e+00,1140274.5,1513779.6,21232.9,18.53,1.23
BER: END_SEQ #8 [LOCK] seq_err=0 BER_seq=0.0000e+00 | lock=8 slip=0 BER_cond=0.0000e+00 BER_cum=0.0000e+00
CSV,240010,24000,8,8,0,4088,0,0.000000e+00,0.000000e+00,1047105.4,1646954.6,23801.6,18.40,1.97
BER: SYNC #9 (gated)
CSV,245010,24500,9,8,0,4163,0,0.000000e+00,0.000000e+00,1063360.5,1564560.0,22666.1,18.39,1.68
CSV,250010,25000,9,8,0,4263,0,0.000000e+00,0.000000e+00,1317939.1,1165014.6,22699.9,17.64,0.54
CSV,255010,25500,9,8,0,4363,0,0.000000e+00,0.000000e+00,1151396.4,1404152.2,23806.2,17.71,0.86
CSV,260010,26000,9,8,0,4463,0,0.000000e+00,0.000000e+00,967990.4,1655177.2,22883.1,18.59,2.33
CSV,265010,26500,9,8,0,4563,0,0.000000e+00,0.000000e+00,1144980.9,1362981.0,22499.4,17.82,0.76
BER: END_SEQ #9 [LOCK] seq_err=0 BER_seq=0.0000e+00 | lock=9 slip=0 BER_cond=0.0000e+00 BER_cum=0.0000e+00
CSV,270010,27000,9,9,0,4599,0,0.000000e+00,0.000000e+00,941573.8,1530650.1,22944.7,18.24,2.11
BER: SYNC #10 (gated)
CSV,275010,27500,10,9,0,4686,0,0.000000e+00,0.000000e+00,1052562.1,1452491.5,21661.5,18.26,1.40
CSV,280010,28000,10,9,0,4786,0,0.000000e+00,0.000000e+00,1284241.5,1202229.0,23833.4,17.31,0.29
CSV,285010,28500,10,9,0,4886,0,0.000000e+00,0.000000e+00,1046335.4,1387744.6,23186.0,17.77,1.23
CSV,290010,29000,10,9,0,4985,0,0.000000e+00,0.000000e+00,1008265.9,1413880.4,25146.4,17.50,1.47
CSV,295010,29500,10,9,0,5085,0,0.000000e+00,0.000000e+00,1013780.6,1396394.5,22150.6,18.00,1.39
BER: END_SEQ #10 [LOCK] seq_err=0 BER_seq=0.0000e+00 | lock=10 slip=0 BER_cond=0.0000e+00 BER_cum=0.0000e+00
CSV,300010,30000,10,10,0,5110,0,0.000000e+00,0.000000e+00,928780.1,1516537.6,22894.4,18.21,2.13
BER: SYNC #11 (gated)
CSV,305010,30500,11,10,0,5208,0,0.000000e+00,0.000000e+00,1008753.5,1334192.9,21686.4,17.89,1.21
CSV,310010,31000,11,10,0,5308,0,0.000000e+00,0.000000e+00,1208622.0,1003312.1,23563.5,17.10,0.81
CSV,315010,31500,11,10,0,5408,0,0.000000e+00,0.000000e+00,971539.6,1367448.2,21680.9,18.00,1.48
CSV,320010,32000,11,10,0,5508,0,0.000000e+00,0.000000e+00,934836.9,1421270.2,24018.4,17.72,1.82
CSV,325010,32500,11,10,0,5608,0,0.000000e+00,0.000000e+00,934620.6,1353685.0,21892.4,17.91,1.61
BER: END_SEQ #11 [LOCK] seq_err=0 BER_seq=0.0000e+00 | lock=11 slip=0 BER_cond=0.0000e+00 BER_cum=0.0000e+00
BER: SYNC #12 (gated)
CSV,330010,33000,12,11,0,5631,0,0.000000e+00,0.000000e+00,854104.2,1344974.9,23259.1,17.62,1.97
CSV,335010,33500,12,11,0,5731,0,0.000000e+00,0.000000e+00,952543.5,1274635.2,22457.5,17.54,1.27
CSV,340010,34000,12,11,0,5831,0,0.000000e+00,0.000000e+00,1139852.2,1119405.2,23208.4,16.91,0.08
CSV,345010,34500,12,11,0,5931,0,0.000000e+00,0.000000e+00,973311.0,1205650.2,23839.7,17.04,0.93
CSV,350010,35000,12,11,0,6031,0,0.000000e+00,0.000000e+00,825697.6,1365823.0,23604.9,17.62,2.19
CSV,355010,35500,12,11,0,6131,0,0.000000e+00,0.000000e+00,894542.3,1285061.9,24805.0,17.14,1.57
BER: END_SEQ #12 [LOCK] seq_err=0 BER_seq=0.0000e+00 | lock=12 slip=0 BER_cond=0.0000e+00 BER_cum=0.0000e+00
BER: SYNC #13 (gated)
CSV,360010,36000,13,12,0,6154,0,0.000000e+00,0.000000e+00,870252.3,1357492.5,23487.7,17.62,1.93
CSV,365010,36500,13,12,0,6254,0,0.000000e+00,0.000000e+00,990850.4,1130573.2,22961.5,16.92,0.57
CSV,370010,37000,13,12,0,6354,0,0.000000e+00,0.000000e+00,1041542.6,1043480.8,23386.5,16.50,0.01
CSV,375010,37500,13,12,0,6454,0,0.000000e+00,0.000000e+00,886345.4,1246362.5,25450.2,16.90,1.48
CSV,380010,38000,13,12,0,6554,0,0.000000e+00,0.000000e+00,897580.9,1253545.8,24896.2,17.02,1.45
BER: END_SEQ #13 [LOCK] seq_err=0 BER_seq=0.0000e+00 | lock=13 slip=0 BER_cond=0.0000e+00 BER_cum=0.0000e+00
CSV,385010,38500,13,13,0,6643,0,0.000000e+00,0.000000e+00,819071.8,1347310.5,24715.8,17.36,2.16
BER: SYNC #14 (gated)
CSV,390010,39000,14,13,0,6676,0,0.000000e+00,0.000000e+00,840175.1,1219637.6,24779.8,16.92,1.62
CSV,395010,39500,14,13,0,6776,0,0.000000e+00,0.000000e+00,989485.6,1039922.6,24595.1,16.26,0.22
CSV,400010,40000,14,13,0,6876,0,0.000000e+00,0.000000e+00,868766.9,1187855.1,23277.3,17.08,1.36
CSV,405010,40500,14,13,0,6976,0,0.000000e+00,0.000000e+00,814075.1,1102271.8,20474.4,17.31,1.32
CSV,410010,41000,14,13,0,7076,0,0.000000e+00,0.000000e+00,784396.8,1020907.3,21663.9,16.73,1.14
BER: END_SEQ #14 [LOCK] seq_err=0 BER_seq=0.0000e+00 | lock=14 slip=0 BER_cond=0.0000e+00 BER_cum=0.0000e+00
CSV,415010,41500,14,14,0,7154,0,0.000000e+00,0.000000e+00,699099.2,1096165.5,25228.1,16.38,1.95
BER: SYNC #15 (gated)
CSV,420010,42000,15,14,0,7199,0,0.000000e+00,0.000000e+00,728187.4,1029729.5,24529.8,16.23,1.50
CSV,425010,42500,15,14,0,7299,0,0.000000e+00,0.000000e+00,833934.1,822855.2,23756.1,15.45,0.06
CSV,430010,43000,15,14,0,7399,0,0.000000e+00,0.000000e+00,651482.5,937561.4,25160.7,15.71,1.58
CSV,435010,43500,15,14,0,7499,0,0.000000e+00,0.000000e+00,663363.7,907246.9,21299.5,16.29,1.36
CSV,440010,44000,15,14,0,7599,0,0.000000e+00,0.000000e+00,634412.2,917490.0,24180.0,15.79,1.60
BER: END_SEQ #15 [LOCK] seq_err=0 BER_seq=0.0000e+00 | lock=15 slip=0 BER_cond=0.0000e+00 BER_cum=0.0000e+00
CSV,445010,44500,15,15,0,7665,0,0.000000e+00,0.000000e+00,597467.1,903244.1,23425.4,15.86,1.79
BER: SYNC #16 (gated)
CSV,450010,45000,16,15,0,7722,0,0.000000e+00,0.000000e+00,574668.4,846057.8,22365.8,15.78,1.68
CSV,455010,45500,16,15,0,7822,0,0.000000e+00,0.000000e+00,694188.4,649880.2,23319.7,14.74,0.29
CSV,460010,46000,16,15,0,7922,0,0.000000e+00,0.000000e+00,601587.8,800110.9,22808.6,15.45,1.24
CSV,465010,46500,16,15,0,8022,0,0.000000e+00,0.000000e+00,527870.4,859809.6,21783.6,15.96,2.12
CSV,470010,47000,16,15,0,8122,0,0.000000e+00,0.000000e+00,591916.8,710637.3,24222.8,14.67,0.79
BER: END_SEQ #16 [LOCK] seq_err=0 BER_seq=0.0000e+00 | lock=16 slip=0 BER_cond=0.0000e+00 BER_cum=0.0000e+00
CSV,475010,47500,16,16,0,8176,0,0.000000e+00,0.000000e+00,499141.8,853943.2,23551.7,15.59,2.33
BER: SYNC #17 (gated)
CSV,480010,48000,17,16,0,8245,0,0.000000e+00,0.000000e+00,549563.7,849187.4,22609.8,15.75,1.89
CSV,485010,48500,17,16,0,8345,0,0.000000e+00,0.000000e+00,706331.9,614498.2,24802.4,14.55,0.60
CSV,490010,49000,17,16,0,8445,0,0.000000e+00,0.000000e+00,559850.0,698505.4,23408.2,14.75,0.96
CSV,495010,49500,17,16,0,8544,0,0.000000e+00,0.000000e+00,492849.6,760630.2,24315.6,14.95,1.88
CSV,500010,50000,17,16,0,8644,0,0.000000e+00,0.000000e+00,565397.2,705354.3,25674.8,14.39,0.96
BER: END_SEQ #17 [LOCK] seq_err=0 BER_seq=0.0000e+00 | lock=17 slip=0 BER_cond=0.0000e+00 BER_cum=0.0000e+00
CSV,505010,50500,17,17,0,8687,0,0.000000e+00,0.000000e+00,482270.8,812249.9,24113.6,15.27,2.26
BER: SYNC #18 (gated)
CSV,510010,51000,18,17,0,8767,0,0.000000e+00,0.000000e+00,503376.5,752937.1,24491.6,14.88,1.75
CSV,515010,51500,18,17,0,8867,0,0.000000e+00,0.000000e+00,614429.0,594655.9,22161.0,14.43,0.14
CSV,520010,52000,18,17,0,8967,0,0.000000e+00,0.000000e+00,579866.5,654364.9,22947.6,14.55,0.52
CSV,525010,52500,18,17,0,9067,0,0.000000e+00,0.000000e+00,456364.2,830046.6,22384.8,15.69,2.60
CSV,530010,53000,18,17,0,9167,0,0.000000e+00,0.000000e+00,530922.1,679940.6,24843.3,14.37,1.07
BER: END_SEQ #18 [LOCK] seq_err=0 BER_seq=0.0000e+00 | lock=18 slip=0 BER_cond=0.0000e+00 BER_cum=0.0000e+00
CSV,535010,53500,18,18,0,9198,0,0.000000e+00,0.000000e+00,445107.4,747377.2,22485.7,15.22,2.25
BER: SYNC #19 (gated)
CSV,540010,54000,19,18,0,9290,0,0.000000e+00,0.000000e+00,528677.9,675500.1,21963.8,14.88,1.06
CSV,545010,54500,19,18,0,9390,0,0.000000e+00,0.000000e+00,617720.1,596038.9,25684.1,13.81,0.16
CSV,550010,55000,19,18,0,9490,0,0.000000e+00,0.000000e+00,493554.2,696499.8,24428.2,14.55,1.50
CSV,555010,55500,19,18,0,9590,0,0.000000e+00,0.000000e+00,483665.2,697032.8,24397.3,14.56,1.59
CSV,560010,56000,19,18,0,9690,0,0.000000e+00,0.000000e+00,493964.6,712957.5,22295.9,15.05,1.59
BER: END_SEQ #19 [LOCK] seq_err=0 BER_seq=0.0000e+00 | lock=19 slip=0 BER_cond=0.0000e+00 BER_cum=0.0000e+00
BER: SYNC #20 (gated)
CSV,565010,56500,20,19,0,9713,0,0.000000e+00,0.000000e+00,462082.9,751276.5,23541.4,15.04,2.11
CSV,570010,57000,20,19,0,9813,0,0.000000e+00,0.000000e+00,459372.8,709563.2,23906.3,14.72,1.89
CSV,575010,57500,20,19,0,9913,0,0.000000e+00,0.000000e+00,585935.1,506596.3,21418.2,14.37,0.63
CSV,580010,58000,20,19,0,10013,0,0.000000e+00,0.000000e+00,469172.6,686663.2,23231.5,14.71,1.65
CSV,585010,58500,20,19,0,10113,0,0.000000e+00,0.000000e+00,472777.0,690025.2,24349.3,14.52,1.64
CSV,590010,59000,20,19,0,10213,0,0.000000e+00,0.000000e+00,463845.6,693290.8,25039.2,14.42,1.75
BER: END_SEQ #20 [LOCK] seq_err=0 BER_seq=0.0000e+00 | lock=20 slip=0 BER_cond=0.0000e+00 BER_cum=0.0000e+00
BER: SYNC #21 (gated)
CSV,595010,59500,21,20,0,10235,0,0.000000e+00,0.000000e+00,401892.9,727727.1,24555.5,14.72,2.58
CSV,600010,60000,21,20,0,10335,0,0.000000e+00,0.000000e+00,508131.8,625477.6,22694.5,14.40,0.90
CSV,605010,60500,21,20,0,10435,0,0.000000e+00,0.000000e+00,553378.4,564098.9,24385.7,13.64,0.08
CSV,610010,61000,21,20,0,10535,0,0.000000e+00,0.000000e+00,490630.6,615650.4,24161.5,14.06,0.99
CSV,615010,61500,21,20,0,10635,0,0.000000e+00,0.000000e+00,435543.2,677741.3,25575.0,14.23,1.92
BER: END_SEQ #21 [LOCK] seq_err=0 BER_seq=0.0000e+00 | lock=21 slip=0 BER_cond=0.0000e+00 BER_cum=0.0000e+00
CSV,620010,62000,21,21,0,10731,0,0.000000e+00,0.000000e+00,429078.6,696878.1,23820.9,14.66,2.11
BER: SYNC #22 (gated)
CSV,625010,62500,22,21,0,10758,0,0.000000e+00,0.000000e+00,437747.7,700299.5,23627.6,14.72,2.04
CSV,630010,63000,22,21,0,10858,0,0.000000e+00,0.000000e+00,524981.2,559957.5,23815.2,13.71,0.28
CSV,635010,63500,22,21,0,10958,0,0.000000e+00,0.000000e+00,478011.5,577768.7,24884.7,13.66,0.82
CSV,640010,64000,22,21,0,11058,0,0.000000e+00,0.000000e+00,447364.7,643254.1,24962.2,14.11,1.58
CSV,645010,64500,22,21,0,11158,0,0.000000e+00,0.000000e+00,464802.5,649020.8,23293.0,14.45,1.45
BER: END_SEQ #22 [LOCK] seq_err=0 BER_seq=0.0000e+00 | lock=22 slip=0 BER_cond=0.0000e+00 BER_cum=0.0000e+00
CSV,650010,65000,22,22,0,11242,0,0.000000e+00,0.000000e+00,425064.2,648504.9,23371.4,14.43,1.83
BER: SYNC #23 (gated)
CSV,655010,65500,23,22,0,11281,0,0.000000e+00,0.000000e+00,440192.5,605638.9,23970.8,14.03,1.39
CSV,660010,66000,23,22,0,11381,0,0.000000e+00,0.000000e+00,511451.8,533076.6,24320.8,13.41,0.18
CSV,665010,66500,23,22,0,11481,0,0.000000e+00,0.000000e+00,443935.1,642669.9,23329.7,14.40,1.61
CSV,670010,67000,23,22,0,11581,0,0.000000e+00,0.000000e+00,457682.4,599739.1,23672.4,14.04,1.17
CSV,675010,67500,23,22,0,11681,0,0.000000e+00,0.000000e+00,413564.1,630167.8,25728.2,13.89,1.83
BER: END_SEQ #23 [LOCK] seq_err=0 BER_seq=0.0000e+00 | lock=23 slip=0 BER_cond=0.0000e+00 BER_cum=0.0000e+00
CSV,680010,68000,23,23,0,11753,0,0.000000e+00,0.000000e+00,405871.9,655866.8,24003.6,14.37,2.08
BER: SYNC #24 (gated)
CSV,685010,68500,24,23,0,11804,0,0.000000e+00,0.000000e+00,435430.3,622205.4,23740.4,14.18,1.55
CSV,690010,69000,24,23,0,11904,0,0.000000e+00,0.000000e+00,529064.0,500289.1,24352.3,13.37,0.24
CSV,695010,69500,24,23,0,12004,0,0.000000e+00,0.000000e+00,408774.1,604895.2,23157.8,14.17,1.70
CSV,700010,70000,24,23,0,12103,0,0.000000e+00,0.000000e+00,428999.8,593916.4,23920.4,13.95,1.41
CSV,705010,70500,24,23,0,12203,0,0.000000e+00,0.000000e+00,435408.2,589635.9,23189.4,14.05,1.32
BER: END_SEQ #24 [LOCK] seq_err=0 BER_seq=0.0000e+00 | lock=24 slip=0 BER_cond=0.0000e+00 BER_cum=0.0000e+00
CSV,710010,71000,24,24,0,12264,0,0.000000e+00,0.000000e+00,399536.8,614346.2,25621.2,13.80,1.87
BER: SYNC #25 (gated)
CSV,715010,71500,25,24,0,12326,0,0.000000e+00,0.000000e+00,398940.6,589620.7,23967.1,13.91,1.70
CSV,720010,72000,25,24,0,12426,0,0.000000e+00,0.000000e+00,504590.2,457969.9,24691.4,13.10,0.42
CSV,725010,72500,25,24,0,12526,0,0.000000e+00,0.000000e+00,428318.2,561377.8,23125.6,13.85,1.17
CSV,730010,73000,25,24,0,12626,0,0.000000e+00,0.000000e+00,381765.2,612904.6,24269.3,14.02,2.06
CSV,735010,73500,25,24,0,12726,0,0.000000e+00,0.000000e+00,407421.2,544039.1,23327.9,13.68,1.26
BER: END_SEQ #25 [LOCK] seq_err=0 BER_seq=0.0000e+00 | lock=25 slip=0 BER_cond=0.0000e+00 BER_cum=0.0000e+00
CSV,740010,74000,25,25,0,12775,0,0.000000e+00,0.000000e+00,355752.0,581851.6,23960.9,13.85,2.14
BER: SYNC #26 (gated)
CSV,745010,74500,26,25,0,12849,0,0.000000e+00,0.000000e+00,370412.1,589657.6,25734.1,13.60,2.02
CSV,750010,75000,26,25,0,12949,0,0.000000e+00,0.000000e+00,478074.1,442330.4,22134.2,13.34,0.34
CSV,755010,75500,26,25,0,13049,0,0.000000e+00,0.000000e+00,402902.5,505209.2,23614.7,13.30,0.98
CSV,760010,76000,26,25,0,13149,0,0.000000e+00,0.000000e+00,329836.8,586511.1,23595.2,13.95,2.50
CSV,765010,76500,26,25,0,13249,0,0.000000e+00,0.000000e+00,399211.7,505893.4,24186.9,13.20,1.03
BER: END_SEQ #26 [LOCK] seq_err=0 BER_seq=0.0000e+00 | lock=26 slip=0 BER_cond=0.0000e+00 BER_cum=0.0000e+00
CSV,770010,77000,26,26,0,13286,0,0.000000e+00,0.000000e+00,351829.1,554708.3,24940.8,13.47,1.98
BER: SYNC #27 (gated)
CSV,775010,77500,27,26,0,13372,0,0.000000e+00,0.000000e+00,361198.2,517859.2,23764.2,13.38,1.56
CSV,780010,78000,27,26,0,13472,0,0.000000e+00,0.000000e+00,424793.6,435248.1,23548.5,12.67,0.11
CSV,785010,78500,27,26,0,13572,0,0.000000e+00,0.000000e+00,375390.2,498852.0,24210.4,13.14,1.23
CSV,790010,79000,27,26,0,13672,0,0.000000e+00,0.000000e+00,350036.8,542774.1,23600.1,13.62,1.91
CSV,795010,79500,27,26,0,13772,0,0.000000e+00,0.000000e+00,347282.2,507104.1,23684.5,13.31,1.64
BER: END_SEQ #27 [LOCK] seq_err=0 BER_seq=0.0000e+00 | lock=27 slip=0 BER_cond=0.0000e+00 BER_cum=0.0000e+00
CSV,800010,80000,27,27,0,13797,0,0.000000e+00,0.000000e+00,312569.4,530015.8,24497.1,13.35,2.29
BER: SYNC #28 (gated)
CSV,805010,80500,28,27,0,13894,0,0.000000e+00,0.000000e+00,364904.1,496595.3,24573.8,13.06,1.34
CSV,810010,81000,28,27,0,13994,0,0.000000e+00,0.000000e+00,435931.4,391426.8,22885.9,12.80,0.47
CSV,815010,81500,28,27,0,14094,0,0.000000e+00,0.000000e+00,341594.8,490421.7,24646.6,12.99,1.57
CSV,820010,82000,28,27,0,14194,0,0.000000e+00,0.000000e+00,325599.7,499573.7,24578.0,13.08,1.86
CSV,825010,82500,28,27,0,14294,0,0.000000e+00,0.000000e+00,335710.2,501262.2,23843.5,13.23,1.74
BER: END_SEQ #28 [LOCK] seq_err=0 BER_seq=0.0000e+00 | lock=28 slip=0 BER_cond=0.0000e+00 BER_cum=0.0000e+00
BER: SYNC #29 (gated)
CSV,830010,83000,29,28,0,14317,0,0.000000e+00,0.000000e+00,319604.3,513965.6,23901.6,13.33,2.06
CSV,835010,83500,29,28,0,14417,0,0.000000e+00,0.000000e+00,329936.2,459947.8,23542.4,12.91,1.44
CSV,840010,84000,29,28,0,14517,0,0.000000e+00,0.000000e+00,381881.5,377881.8,24432.3,11.94,0.05
CSV,845010,84500,29,28,0,14617,0,0.000000e+00,0.000000e+00,330245.3,437166.1,23672.6,12.66,1.22
CSV,850010,85000,29,28,0,14717,0,0.000000e+00,0.000000e+00,298466.9,472838.7,25845.1,12.62,2.00
CSV,855010,85500,29,28,0,14817,0,0.000000e+00,0.000000e+00,288122.9,439126.8,23517.8,12.71,1.83
BER: END_SEQ #29 [LOCK] seq_err=0 BER_seq=0.0000e+00 | lock=29 slip=0 BER_cond=0.0000e+00 BER_cum=0.0000e+00
BER: SYNC #30 (gated)
CSV,860010,86000,30,29,0,14840,0,0.000000e+00,0.000000e+00,277663.9,425376.4,23516.6,12.57,1.85
CSV,865010,86500,30,29,0,14940,0,0.000000e+00,0.000000e+00,312977.3,387121.8,23780.8,12.12,0.92
CSV,870010,87000,30,29,0,15040,0,0.000000e+00,0.000000e+00,340723.5,355198.9,25639.1,11.42,0.18
CSV,875010,87500,30,29,0,15140,0,0.000000e+00,0.000000e+00,278720.5,417902.8,23107.3,12.57,1.76
CSV,880010,88000,30,29,0,15240,0,0.000000e+00,0.000000e+00,265524.2,397479.3,22558.1,12.46,1.75
BER: END_SEQ #30 [LOCK] seq_err=0 BER_seq=0.0000e+00 | lock=30 slip=0 BER_cond=0.0000e+00 BER_cum=0.0000e+00
CSV,885010,88500,30,30,0,15330,0,0.000000e+00,0.000000e+00,256623.8,433583.4,23107.1,12.73,2.28
BER: SYNC #31 (gated)
CSV,890010,89000,31,30,0,15363,0,0.000000e+00,0.000000e+00,270960.7,407340.1,22099.2,12.66,1.77
CSV,895010,89500,31,30,0,15463,0,0.000000e+00,0.000000e+00,307085.1,337579.1,23203.5,11.63,0.41
CSV,900010,90000,31,30,0,15562,0,0.000000e+00,0.000000e+00,267154.8,383511.3,24257.3,11.99,1.57
CSV,905010,90500,31,30,0,15662,0,0.000000e+00,0.000000e+00,263016.5,388946.0,23492.9,12.19,1.70
CSV,910010,91000,31,30,0,15762,0,0.000000e+00,0.000000e+00,271333.8,375145.3,23446.7,12.04,1.41
BER: END_SEQ #31 [LOCK] seq_err=0 BER_seq=0.0000e+00 | lock=31 slip=0 BER_cond=0.0000e+00 BER_cum=0.0000e+00
CSV,915010,91500,31,31,0,15841,0,0.000000e+00,0.000000e+00,241211.6,417778.5,23870.4,12.43,2.39
BER: SYNC #32 (gated)
CSV,920010,92000,32,31,0,15885,0,0.000000e+00,0.000000e+00,257568.4,367228.5,23713.3,11.90,1.54
CSV,925010,92500,32,31,0,15985,0,0.000000e+00,0.000000e+00,302035.5,315500.2,24925.3,11.02,0.19
CSV,930010,93000,32,31,0,16085,0,0.000000e+00,0.000000e+00,259432.8,392906.2,23821.5,12.17,1.80
CSV,935010,93500,32,31,0,16185,0,0.000000e+00,0.000000e+00,261169.1,359814.2,21862.6,12.16,1.39
CSV,940010,94000,32,31,0,16285,0,0.000000e+00,0.000000e+00,243193.9,390583.1,23467.0,12.21,2.06
BER: END_SEQ #32 [LOCK] seq_err=0 BER_seq=0.0000e+00 | lock=32 slip=0 BER_cond=0.0000e+00 BER_cum=0.0000e+00
CSV,945010,94500,32,32,0,16352,0,0.000000e+00,0.000000e+00,244512.8,382092.3,23525.7,12.11,1.94
BER: SYNC #33 (gated)
CSV,950010,95000,33,32,0,16408,0,0.000000e+00,0.000000e+00,249090.4,389007.8,25464.0,11.84,1.94
CSV,955010,95500,33,32,0,16508,0,0.000000e+00,0.000000e+00,300669.5,312048.2,22048.3,11.51,0.16
CSV,960010,96000,33,32,0,16608,0,0.000000e+00,0.000000e+00,249425.3,358198.9,24360.2,11.67,1.57
CSV,965010,96500,33,32,0,16708,0,0.000000e+00,0.000000e+00,227713.2,382714.4,23097.2,12.19,2.25
CSV,970010,97000,33,32,0,16808,0,0.000000e+00,0.000000e+00,265459.2,334449.8,24456.1,11.36,1.00
BER: END_SEQ #33 [LOCK] seq_err=0 BER_seq=0.0000e+00 | lock=33 slip=0 BER_cond=0.0000e+00 BER_cum=0.0000e+00
CSV,975010,97500,33,33,0,16863,0,0.000000e+00,0.000000e+00,220179.4,370230.1,23436.3,11.99,2.26
BER: SYNC #34 (gated)
CSV,980010,98000,34,33,0,16931,0,0.000000e+00,0.000000e+00,220891.7,360792.2,23908.4,11.79,2.13
CSV,985010,98500,34,33,0,17031,0,0.000000e+00,0.000000e+00,291813.4,271261.2,21603.2,11.31,0.32
CSV,990010,99000,34,33,0,17131,0,0.000000e+00,0.000000e+00,251185.5,345114.2,23720.4,11.63,1.38
CSV,995010,99500,34,33,0,17231,0,0.000000e+00,0.000000e+00,217363.1,360074.4,23322.2,11.89,2.19
CSV,1000010,100000,34,33,0,17330,0,0.000000e+00,0.000000e+00,239041.2,314695.9,25445.7,10.92,1.19
BER: END_SEQ #34 [LOCK] seq_err=0 BER_seq=0.0000e+00 | lock=34 slip=0 BER_cond=0.0000e+00 BER_cum=0.0000e+00
CSV,1005010,100500,34,34,0,17374,0,0.000000e+00,0.000000e+00,197930.2,352557.2,23676.8,11.73,2.51
BER: SYNC #35 (gated)
CSV,1010010,101000,35,34,0,17453,0,0.000000e+00,0.000000e+00,221663.2,345748.4,23449.4,11.69,1.93
CSV,1015010,101500,35,34,0,17553,0,0.000000e+00,0.000000e+00,266747.2,269914.5,23641.3,10.58,0.05
CSV,1020010,102000,35,34,0,17653,0,0.000000e+00,0.000000e+00,234312.2,294249.6,23177.2,11.04,0.99
CSV,1025010,102500,35,34,0,17753,0,0.000000e+00,0.000000e+00,188303.6,345037.5,23778.2,11.62,2.63
CSV,1030010,103000,35,34,0,17853,0,0.000000e+00,0.000000e+00,223669.2,313718.8,22941.9,11.36,1.47
BER: END_SEQ #35 [LOCK] seq_err=0 BER_seq=0.0000e+00 | lock=35 slip=0 BER_cond=0.0000e+00 BER_cum=0.0000e+00
CSV,1035010,103500,35,35,0,17885,0,0.000000e+00,0.000000e+00,189600.2,351751.7,22958.7,11.85,2.68
BER: SYNC #36 (gated)
CSV,1040010,104000,36,35,0,17976,0,0.000000e+00,0.000000e+00,214780.7,302714.0,22254.2,11.34,1.49
CSV,1045010,104500,36,35,0,18076,0,0.000000e+00,0.000000e+00,243785.6,253402.6,23283.5,10.37,0.17
CSV,1050010,105000,36,35,0,18176,0,0.000000e+00,0.000000e+00,205932.4,312156.7,23797.7,11.18,1.81
CSV,1055010,105500,36,35,0,18276,0,0.000000e+00,0.000000e+00,203827.9,314392.2,22447.6,11.46,1.88
CSV,1060010,106000,36,35,0,18376,0,0.000000e+00,0.000000e+00,207033.5,300323.3,22593.3,11.24,1.62
BER: END_SEQ #36 [LOCK] seq_err=0 BER_seq=0.0000e+00 | lock=36 slip=0 BER_cond=0.0000e+00 BER_cum=0.0000e+00
BER: SYNC #37 (gated)
CSV,1065010,106500,37,36,0,18399,0,0.000000e+00,0.000000e+00,181119.3,325450.6,21538.6,11.79,2.55
CSV,1070010,107000,37,36,0,18499,0,0.000000e+00,0.000000e+00,211890.4,323912.7,23850.1,11.33,1.84
CSV,1075010,107500,37,36,0,18599,0,0.000000e+00,0.000000e+00,257030.1,243954.8,22196.9,10.64,0.23
CSV,1080010,108000,37,36,0,18699,0,0.000000e+00,0.000000e+00,200455.5,313679.4,25027.1,10.98,1.94
CSV,1085010,108500,37,36,0,18799,0,0.000000e+00,0.000000e+00,202683.4,316531.6,25287.4,10.98,1.94
CSV,1090010,109000,37,36,0,18899,0,0.000000e+00,0.000000e+00,209732.4,305226.0,22756.9,11.28,1.63
BER: END_SEQ #37 [LOCK] seq_err=0 BER_seq=0.0000e+00 | lock=37 slip=0 BER_cond=0.0000e+00 BER_cum=0.0000e+00
BER: SYNC #38 (gated)
CSV,1095010,109500,38,37,0,18922,0,0.000000e+00,0.000000e+00,179168.7,352965.0,24814.2,11.53,2.94
CSV,1100010,110000,38,37,0,19021,0,0.000000e+00,0.000000e+00,211656.6,286273.1,24239.1,10.72,1.31
CSV,1105010,110500,38,37,0,19121,0,0.000000e+00,0.000000e+00,235423.1,256124.9,22556.8,10.55,0.37
CSV,1110010,111000,38,37,0,19221,0,0.000000e+00,0.000000e+00,207222.6,292898.1,24823.6,10.72,1.50
CSV,1115010,111500,38,37,0,19321,0,0.000000e+00,0.000000e+00,190916.2,318036.4,23872.7,11.25,2.22
BER: END_SEQ #38 [LOCK] seq_err=0 BER_seq=0.0000e+00 | lock=38 slip=0 BER_cond=0.0000e+00 BER_cum=0.0000e+00
CSV,1120010,112000,38,38,0,19418,0,0.000000e+00,0.000000e+00,183721.1,317223.4,23954.9,11.22,2.37
BER: SYNC #39 (gated)
CSV,1125010,112500,39,38,0,19444,0,0.000000e+00,0.000000e+00,185263.3,314745.0,22558.5,11.45,2.30
CSV,1130010,113000,39,38,0,19544,0,0.000000e+00,0.000000e+00,230080.6,263339.4,23948.9,10.41,0.59
CSV,1135010,113500,39,38,0,19644,0,0.000000e+00,0.000000e+00,224814.6,278954.8,23408.3,10.76,0.94
CSV,1140010,114000,39,38,0,19744,0,0.000000e+00,0.000000e+00,193404.6,298840.6,23081.9,11.12,1.89
CSV,1145010,114500,39,38,0,19844,0,0.000000e+00,0.000000e+00,191177.0,297950.9,24717.7,10.81,1.93
BER: END_SEQ #39 [LOCK] seq_err=0 BER_seq=0.0000e+00 | lock=39 slip=0 BER_cond=0.0000e+00 BER_cum=0.0000e+00
CSV,1150010,115000,39,39,0,19929,0,0.000000e+00,0.000000e+00,181476.8,305997.2,28621.4,10.29,2.27
BER: SYNC #40 (gated)
CSV,1155010,115500,40,39,0,19967,0,0.000000e+00,0.000000e+00,196198.0,299520.4,23440.1,11.06,1.84
CSV,1160010,116000,40,39,0,20067,0,0.000000e+00,0.000000e+00,216404.7,240657.3,22769.7,10.24,0.46
CSV,1165010,116500,40,39,0,20167,0,0.000000e+00,0.000000e+00,205523.3,317247.7,24778.4,11.07,1.89
CSV,1170010,117000,40,39,0,20267,0,0.000000e+00,0.000000e+00,214308.0,294908.9,22028.1,11.27,1.39
CSV,1175010,117500,40,39,0,20367,0,0.000000e+00,0.000000e+00,191185.6,311583.7,25131.4,10.93,2.12
BER: END_SEQ #40 [LOCK] seq_err=0 BER_seq=0.0000e+00 | lock=40 slip=0 BER_cond=0.0000e+00 BER_cum=0.0000e+00
CSV,1180010,118000,40,40,0,20440,0,0.000000e+00,0.000000e+00,189520.4,294778.0,23463.3,10.99,1.92
BER: SYNC #41 (gated)
CSV,1185010,118500,41,40,0,20490,0,0.000000e+00,0.000000e+00,183993.3,294810.6,25738.2,10.59,2.05
CSV,1190010,119000,41,40,0,20590,0,0.000000e+00,0.000000e+00,225732.5,248704.9,23649.6,10.22,0.42
CSV,1195010,119500,41,40,0,20690,0,0.000000e+00,0.000000e+00,194501.9,299769.4,24268.8,10.92,1.88
CSV,1200010,120000,41,40,0,20790,0,0.000000e+00,0.000000e+00,185951.6,287464.8,22012.2,11.16,1.89
CSV,1205010,120500,41,40,0,20890,0,0.000000e+00,0.000000e+00,188917.3,289014.3,25156.7,10.60,1.85
BER: END_SEQ #41 [LOCK] seq_err=0 BER_seq=0.0000e+00 | lock=41 slip=0 BER_cond=0.0000e+00 BER_cum=0.0000e+00
CSV,1210010,121000,41,41,0,20951,0,0.000000e+00,0.000000e+00,183685.6,288877.6,26494.3,10.38,1.97
BER: SYNC #42 (gated)
CSV,1215010,121500,42,41,0,21012,0,0.000000e+00,0.000000e+00,179712.8,296368.1,24049.4,10.91,2.17
CSV,1220010,122000,42,41,0,21112,0,0.000000e+00,0.000000e+00,219971.9,230701.7,24150.3,9.80,0.21
CSV,1225010,122500,42,41,0,21212,0,0.000000e+00,0.000000e+00,187583.0,276321.7,22742.0,10.85,1.68
CSV,1230010,123000,42,41,0,21312,0,0.000000e+00,0.000000e+00,186305.8,288776.0,23873.5,10.83,1.90
CSV,1235010,123500,42,41,0,21412,0,0.000000e+00,0.000000e+00,190190.8,284567.3,22581.4,11.00,1.75
BER: END_SEQ #42 [LOCK] seq_err=0 BER_seq=0.0000e+00 | lock=42 slip=0 BER_cond=0.0000e+00 BER_cum=0.0000e+00
CSV,1240010,124000,42,42,0,21462,0,0.000000e+00,0.000000e+00,164319.9,304215.9,23549.6,11.11,2.67
BER: SYNC #43 (gated)
CSV,1245010,124500,43,42,0,21535,0,0.000000e+00,0.000000e+00,173769.6,294739.2,23477.8,10.99,2.29
CSV,1250010,125000,43,42,0,21634,23,1.063141e-03,0.000000e+00,218846.5,221165.3,24100.0,9.63,0.05
CSV,1255010,125500,43,42,0,21734,76,3.496825e-03,0.000000e+00,195819.9,258677.9,24228.8,10.28,1.21
CSV,1260010,126000,43,42,0,21834,127,5.816616e-03,0.000000e+00,162633.5,301953.8,24995.5,10.82,2.69
CSV,1265010,126500,43,42,0,21934,181,8.252028e-03,0.000000e+00,188382.9,251797.4,24815.8,10.06,1.26
BER: END_SEQ #43 [SLIP] seq_err=196 BER_seq=3.8356e-01 | lock=42 slip=1 BER_cond=0.0000e+00 BER_cum=8.9200e-03
CSV,1270010,127000,43,42,1,21973,196,8.920038e-03,0.000000e+00,168576.8,289347.3,23404.4,10.92,2.35
BER: SYNC #44 (gated)
CSV,1275010,127500,44,42,1,22058,196,8.885665e-03,0.000000e+00,179082.7,278445.2,23182.0,10.80,1.92
CSV,1280010,128000,44,42,1,22158,196,8.845564e-03,0.000000e+00,212033.7,233206.5,23666.0,9.94,0.41
CSV,1285010,128500,44,42,1,22258,196,8.805823e-03,0.000000e+00,186216.3,258004.8,22318.2,10.63,1.42
CSV,1290010,129000,44,42,1,22358,196,8.766437e-03,0.000000e+00,169738.3,277732.9,23487.6,10.73,2.14
CSV,1295010,129500,44,42,1,22458,196,8.727402e-03,0.000000e+00,182679.2,282168.7,22306.4,11.02,1.89
BER: END_SEQ #44 [LOCK] seq_err=0 BER_seq=0.0000e+00 | lock=43 slip=1 BER_cond=0.0000e+00 BER_cum=8.7173e-03
CSV,1300010,130000,44,43,1,22484,196,8.717310e-03,0.000000e+00,159768.2,297538.7,23371.9,11.05,2.70
BER: SYNC #45 (gated)
CSV,1305010,130500,45,43,1,22581,196,8.679864e-03,0.000000e+00,172419.8,270028.9,24500.8,10.42,1.95
CSV,1310010,131000,45,43,1,22680,196,8.641975e-03,0.000000e+00,212206.0,209758.3,22028.9,9.84,0.05
CSV,1315010,131500,45,43,1,22780,196,8.604039e-03,0.000000e+00,171565.5,275216.2,23661.6,10.66,2.05
CSV,1320010,132000,45,43,1,22880,196,8.566434e-03,0.000000e+00,173845.8,270191.1,23598.0,10.59,1.92
CSV,1325010,132500,45,43,1,22980,196,8.529156e-03,0.000000e+00,171038.6,265969.5,23173.2,10.60,1.92
BER: END_SEQ #45 [LOCK] seq_err=0 BER_seq=0.0000e+00 | lock=44 slip=1 BER_cond=0.0000e+00 BER_cum=8.5236e-03
BER: SYNC #46 (gated)
CSV,1330010,133000,46,44,1,23003,196,8.520627e-03,0.000000e+00,153342.1,281046.3,25207.8,10.47,2.63
CSV,1335010,133500,46,44,1,23103,196,8.483747e-03,0.000000e+00,179517.2,270329.9,24516.3,10.42,1.78
CSV,1340010,134000,46,44,1,23203,196,8.447183e-03,0.000000e+00,203996.7,223642.0,23427.6,9.80,0.40
CSV,1345010,134500,46,44,1,23303,196,8.410934e-03,0.000000e+00,172193.4,256193.6,26035.4,9.93,1.73
CSV,1350010,135000,46,44,1,23403,196,8.374995e-03,0.000000e+00,162691.5,271603.2,24038.7,10.53,2.23
CSV,1355010,135500,46,44,1,23503,196,8.339361e-03,0.000000e+00,165794.8,282932.7,23553.4,10.80,2.32
BER: END_SEQ #46 [LOCK] seq_err=0 BER_seq=0.0000e+00 | lock=45 slip=1 BER_cond=0.0000e+00 BER_cum=8.3383e-03
BER: SYNC #47 (gated)
CSV,1360010,136000,47,45,1,23526,196,8.331208e-03,0.000000e+00,163795.2,276863.7,22654.3,10.87,2.28
CSV,1365010,136500,47,45,1,23626,196,8.295945e-03,0.000000e+00,179108.7,240598.5,24130.1,9.99,1.28
CSV,1370010,137000,47,45,1,23726,196,8.260979e-03,0.000000e+00,198981.7,222005.5,23760.3,9.71,0.48
CSV,1375010,137500,47,45,1,23826,196,8.226307e-03,0.000000e+00,171049.4,280007.1,23084.4,10.84,2.14
CSV,1380010,138000,47,45,1,23926,196,8.191925e-03,0.000000e+00,175248.7,272622.0,24654.0,10.44,1.92
BER: END_SEQ #47 [LOCK] seq_err=0 BER_seq=0.0000e+00 | lock=46 slip=1 BER_cond=0.0000e+00 BER_cum=8.1609e-03
CSV,1385010,138500,47,46,1,24017,196,8.160886e-03,0.000000e+00,163861.2,276285.2,24017.1,10.61,2.27
BER: SYNC #48 (gated)
CSV,1390010,139000,48,46,1,24049,196,8.150027e-03,0.000000e+00,160641.3,266387.5,24926.3,10.29,2.20
CSV,1395010,139500,48,46,1,24149,196,8.116278e-03,0.000000e+00,198318.2,232968.9,25119.0,9.67,0.70
CSV,1400010,140000,48,46,1,24249,196,8.082808e-03,0.000000e+00,180971.7,267602.2,22915.1,10.67,1.70
CSV,1405010,140500,48,46,1,24349,196,8.049612e-03,0.000000e+00,175004.3,270188.8,23589.2,10.59,1.89
CSV,1410010,141000,48,46,1,24448,196,8.017016e-03,0.000000e+00,182315.5,255737.2,25393.0,10.03,1.47
BER: END_SEQ #48 [LOCK] seq_err=0 BER_seq=0.0000e+00 | lock=47 slip=1 BER_cond=0.0000e+00 BER_cum=7.9909e-03
CSV,1415010,141500,48,47,1,24528,196,7.990868e-03,0.000000e+00,165238.2,288700.5,24513.5,10.71,2.42
BER: SYNC #49 (gated)
CSV,1420010,142000,49,47,1,24571,196,7.976883e-03,0.000000e+00,184265.3,265453.0,27333.0,9.87,1.59
CSV,1425010,142500,49,47,1,24671,196,7.944550e-03,0.000000e+00,213497.2,243434.0,26124.3,9.69,0.57
CSV,1430010,143000,49,47,1,24771,196,7.912478e-03,0.000000e+00,177199.2,283634.2,22538.3,11.00,2.04
CSV,1435010,143500,49,47,1,24871,196,7.880664e-03,0.000000e+00,186748.0,273736.2,21283.3,11.09,1.66
CSV,1440010,144000,49,47,1,24971,196,7.849105e-03,0.000000e+00,177319.0,294234.9,25454.1,10.63,2.20
BER: END_SEQ #49 [LOCK] seq_err=0 BER_seq=0.0000e+00 | lock=48 slip=1 BER_cond=0.0000e+00 BER_cum=7.8278e-03
CSV,1445010,144500,49,48,1,25039,196,7.827789e-03,0.000000e+00,177777.1,296973.1,24761.0,10.79,2.23
BER: SYNC #50 (gated)
CSV,1450010,145000,50,48,1,25094,196,7.810632e-03,0.000000e+00,188535.2,286216.5,25043.5,10.58,1.81
CSV,1455010,145500,50,48,1,25194,196,7.779630e-03,0.000000e+00,237083.3,249250.9,24650.4,10.05,0.22
CSV,1460010,146000,50,48,1,25294,196,7.748873e-03,0.000000e+00,204506.9,305064.9,24345.8,10.98,1.74
CSV,1465010,146500,50,48,1,25394,196,7.718359e-03,0.000000e+00,191385.1,321267.7,22631.0,11.52,2.25
CSV,1470010,147000,50,48,1,25494,196,7.688084e-03,0.000000e+00,206622.5,279744.8,24200.2,10.63,1.32
BER: END_SEQ #50 [LOCK] seq_err=0 BER_seq=0.0000e+00 | lock=49 slip=1 BER_cond=0.0000e+00 BER_cum=7.6712e-03
CSV,1475010,147500,50,49,1,25550,196,7.671233e-03,0.000000e+00,188165.8,314373.3,24823.4,11.03,2.23
BER: SYNC #51 (gated)
CSV,1480010,148000,51,49,1,25617,196,7.651169e-03,0.000000e+00,196500.4,319776.7,20939.2,11.84,2.11
CSV,1485010,148500,51,49,1,25717,196,7.621418e-03,0.000000e+00,252884.2,238033.5,24762.4,10.09,0.26
CSV,1490010,149000,51,49,1,25817,196,7.591897e-03,0.000000e+00,208863.0,306440.9,25444.9,10.81,1.66
CSV,1495010,149500,51,49,1,25917,196,7.562604e-03,0.000000e+00,194489.2,332322.7,24517.1,11.32,2.33
CSV,1500010,150000,51,49,1,26017,196,7.533536e-03,0.000000e+00,216897.0,304767.4,25049.8,10.85,1.48
BER: END_SEQ #51 [LOCK] seq_err=0 BER_seq=0.0000e+00 | lock=50 slip=1 BER_cond=0.0000e+00 BER_cum=7.5208e-03
CSV,1505010,150500,51,50,1,26061,196,7.520817e-03,0.000000e+00,181360.5,349672.0,23919.9,11.65,2.85

=========================================
=== END OF TEST (duration=25 min) ===
=========================================
FINAL: syncs=51 lock=50 slip=1 slip_rate=0.0196
FINAL: bits_cum=26061 err_cum=196 BER_cum=7.5208e-03
FINAL: bits_lock=25550 err_lock=0 BER_cond=0.0000e+00
=========================================
=== STOP LOGGING NOW ===
=========================================
