

=== RX BOOT - BER TEST MODE ===
MOD=OOK (20 kHz carrier, adaptive threshold)
BPS_MODE=40 (HALF_SAMPLES=1000, 5000 samples/bit @ 200000 Hz)
Expect: 64-bit preamble + Barker13 (1F35h, gated by 8 preamble bits = 0x55) + 511-bit PRBS-9
Noise floor band: 5000 Hz; lock threshold: BER<0.10
Auto-stop: test will halt 25 min after the first sync.
RX: edge-tracking sync, center-3 voting
Starting decoder...

BER: SYNC #1 (gated)
CSV,5008,1000,1,0,0,31,0,0.000000e+00,0.000000e+00,387046.4,51892633600.0,277941.5,52.71,51.27
CSV,10008,2000,1,0,0,231,0,0.000000e+00,0.000000e+00,397566.3,47835557888.0,247018.2,52.87,50.80
CSV,15008,3000,1,0,0,430,0,0.000000e+00,0.000000e+00,375218.5,52590764032.0,259184.9,53.07,51.47
BER: END_SEQ #1 [LOCK] seq_err=0 BER_seq=0.0000e+00 | lock=1 slip=0 BER_cond=0.0000e+00 BER_cum=0.0000e+00
BER: SYNC #2 (gated)
CSV,20008,4000,2,1,0,553,0,0.000000e+00,0.000000e+00,457770.2,53332377600.0,291176.5,52.63,50.66
CSV,25008,5000,2,1,0,753,0,0.000000e+00,0.000000e+00,385254.4,50139979776.0,238039.4,53.24,51.14
CSV,30008,6000,2,1,0,953,0,0.000000e+00,0.000000e+00,389160.7,53019430912.0,223389.6,53.75,51.34
BER: END_SEQ #2 [LOCK] seq_err=0 BER_seq=0.0000e+00 | lock=2 slip=0 BER_cond=0.0000e+00 BER_cum=0.0000e+00
BER: SYNC #3 (gated)
CSV,35008,7000,3,2,0,1076,0,0.000000e+00,0.000000e+00,459732.2,53365719040.0,288539.6,52.67,50.65
CSV,40008,8000,3,2,0,1276,0,0.000000e+00,0.000000e+00,389043.4,48301608960.0,251189.4,52.84,50.94
CSV,45008,9000,3,2,0,1476,0,0.000000e+00,0.000000e+00,398472.4,53434957824.0,268697.6,52.99,51.27
BER: END_SEQ #3 [LOCK] seq_err=0 BER_seq=0.0000e+00 | lock=3 slip=0 BER_cond=0.0000e+00 BER_cum=0.0000e+00
BER: SYNC #4 (gated)
CSV,50008,10000,4,3,0,1599,0,0.000000e+00,0.000000e+00,446891.2,55116333056.0,285933.5,52.85,50.91
CSV,55008,11000,4,3,0,1798,0,0.000000e+00,0.000000e+00,410324.3,46367154176.0,237468.8,52.91,50.53
CSV,60008,12000,4,3,0,1998,0,0.000000e+00,0.000000e+00,402247.7,53216641024.0,246514.3,53.34,51.22
BER: END_SEQ #4 [LOCK] seq_err=0 BER_seq=0.0000e+00 | lock=4 slip=0 BER_cond=0.0000e+00 BER_cum=0.0000e+00
BER: SYNC #5 (gated)
CSV,65008,13000,5,4,0,2121,0,0.000000e+00,0.000000e+00,452069.5,55765499904.0,274080.4,53.08,50.91
CSV,70008,14000,5,4,0,2321,0,0.000000e+00,0.000000e+00,393365.4,45359968256.0,246088.8,52.66,50.62
CSV,75008,15000,5,4,0,2521,0,0.000000e+00,0.000000e+00,411374.0,54770094080.0,243037.6,53.53,51.24
BER: END_SEQ #5 [LOCK] seq_err=0 BER_seq=0.0000e+00 | lock=5 slip=0 BER_cond=0.0000e+00 BER_cum=0.0000e+00
BER: SYNC #6 (gated)
CSV,80008,16000,6,5,0,2644,0,0.000000e+00,0.000000e+00,464301.5,54533042176.0,278655.1,52.92,50.70
CSV,85008,17000,6,5,0,2844,0,0.000000e+00,0.000000e+00,393597.4,47577604096.0,244595.9,52.89,50.82
CSV,90008,18000,6,5,0,3044,0,0.000000e+00,0.000000e+00,394684.2,52561117184.0,253555.7,53.17,51.24
BER: END_SEQ #6 [LOCK] seq_err=0 BER_seq=0.0000e+00 | lock=6 slip=0 BER_cond=0.0000e+00 BER_cum=0.0000e+00
BER: SYNC #7 (gated)
CSV,95008,19000,7,6,0,3167,0,0.000000e+00,0.000000e+00,474629.9,55369670656.0,302114.1,52.63,50.67
CSV,100008,20000,7,6,0,3367,0,0.000000e+00,0.000000e+00,389795.7,46624026624.0,225605.8,53.15,50.78
CSV,105008,21000,7,6,0,3567,0,0.000000e+00,0.000000e+00,411050.8,54192652288.0,234167.0,53.64,51.20
BER: END_SEQ #7 [LOCK] seq_err=0 BER_seq=0.0000e+00 | lock=7 slip=0 BER_cond=0.0000e+00 BER_cum=0.0000e+00
BER: SYNC #8 (gated)
CSV,110008,22000,8,7,0,3690,0,0.000000e+00,0.000000e+00,467024.8,54775525376.0,295949.7,52.67,50.69
CSV,115008,23000,8,7,0,3889,0,0.000000e+00,0.000000e+00,406655.1,47201783808.0,257373.7,52.63,50.65
BER: END_SEQ #8 [LOCK] seq_err=0 BER_seq=0.0000e+00 | lock=8 slip=0 BER_cond=0.0000e+00 BER_cum=0.0000e+00
CSV,120008,24000,8,8,0,4088,0,0.000000e+00,0.000000e+00,405205.2,55712374784.0,246339.8,53.54,51.38
BER: SYNC #9 (gated)
CSV,125008,25000,9,8,0,4212,0,0.000000e+00,0.000000e+00,484268.1,50394591232.0,289358.5,52.41,50.17
CSV,130008,26000,9,8,0,4412,0,0.000000e+00,0.000000e+00,398707.6,49549168640.0,233137.2,53.27,50.94
BER: END_SEQ #9 [LOCK] seq_err=0 BER_seq=0.0000e+00 | lock=9 slip=0 BER_cond=0.0000e+00 BER_cum=0.0000e+00
CSV,135008,27000,9,9,0,4599,0,0.000000e+00,0.000000e+00,443994.5,55003295744.0,244032.2,53.53,50.93
BER: SYNC #10 (gated)
CSV,140008,28000,10,9,0,4735,0,0.000000e+00,0.000000e+00,457250.9,49121402880.0,278809.4,52.46,50.31
CSV,145008,29000,10,9,0,4935,0,0.000000e+00,0.000000e+00,414928.2,52365504512.0,236939.4,53.44,51.01
BER: END_SEQ #10 [LOCK] seq_err=0 BER_seq=0.0000e+00 | lock=10 slip=0 BER_cond=0.0000e+00 BER_cum=0.0000e+00
CSV,150008,30000,10,10,0,5110,0,0.000000e+00,0.000000e+00,482529.5,54131597312.0,282167.6,52.83,50.50
BER: SYNC #11 (gated)
CSV,155008,31000,11,10,0,5258,0,0.000000e+00,0.000000e+00,426721.6,47722377216.0,264492.9,52.56,50.49
CSV,160008,32000,11,10,0,5458,0,0.000000e+00,0.000000e+00,424418.1,53734432768.0,266905.5,53.04,51.02
BER: END_SEQ #11 [LOCK] seq_err=0 BER_seq=0.0000e+00 | lock=11 slip=0 BER_cond=0.0000e+00 BER_cum=0.0000e+00
CSV,165008,33000,11,11,0,5621,0,0.000000e+00,0.000000e+00,466475.8,53906542592.0,255610.7,53.24,50.63
BER: SYNC #12 (gated)
CSV,170008,34000,12,11,0,5780,0,0.000000e+00,0.000000e+00,419460.8,48884867072.0,249213.6,52.93,50.66
CSV,175008,35000,12,11,0,5980,0,0.000000e+00,0.000000e+00,396384.4,52995223552.0,225981.2,53.70,51.26
BER: END_SEQ #12 [LOCK] seq_err=0 BER_seq=0.0000e+00 | lock=12 slip=0 BER_cond=0.0000e+00 BER_cum=0.0000e+00
CSV,180008,36000,12,12,0,6132,0,0.000000e+00,0.000000e+00,497845.9,53859909632.0,295542.8,52.61,50.34
BER: SYNC #13 (gated)
CSV,185008,37000,13,12,0,6303,0,0.000000e+00,0.000000e+00,403240.9,48523046912.0,235677.2,53.14,50.80
CSV,190008,38000,13,12,0,6503,0,0.000000e+00,0.000000e+00,400384.3,54027321344.0,257208.7,53.22,51.30
BER: END_SEQ #13 [LOCK] seq_err=0 BER_seq=0.0000e+00 | lock=13 slip=0 BER_cond=0.0000e+00 BER_cum=0.0000e+00
CSV,195008,39000,13,13,0,6643,0,0.000000e+00,0.000000e+00,500595.3,52836327424.0,314713.4,52.25,50.23
BER: SYNC #14 (gated)
CSV,200008,40000,14,13,0,6826,0,0.000000e+00,0.000000e+00,400336.6,49156276224.0,241182.0,53.09,50.89
CSV,205008,41000,14,13,0,7026,0,0.000000e+00,0.000000e+00,416241.5,53150744576.0,247682.4,53.32,51.06
BER: END_SEQ #14 [LOCK] seq_err=0 BER_seq=0.0000e+00 | lock=14 slip=0 BER_cond=0.0000e+00 BER_cum=0.0000e+00
CSV,210008,42000,14,14,0,7154,0,0.000000e+00,0.000000e+00,470429.9,54351704064.0,270219.0,53.03,50.63
BER: SYNC #15 (gated)
CSV,215008,43000,15,14,0,7349,0,0.000000e+00,0.000000e+00,395466.2,46376386560.0,223541.2,53.17,50.69
CSV,220008,44000,15,14,0,7548,0,0.000000e+00,0.000000e+00,417768.5,53814775808.0,253445.3,53.27,51.10
BER: END_SEQ #15 [LOCK] seq_err=0 BER_seq=0.0000e+00 | lock=15 slip=0 BER_cond=0.0000e+00 BER_cum=0.0000e+00
BER: SYNC #16 (gated)
CSV,225008,45000,16,15,0,7671,0,0.000000e+00,0.000000e+00,442636.9,54485856256.0,294825.8,52.67,50.90
CSV,230008,46000,16,15,0,7871,0,0.000000e+00,0.000000e+00,396196.5,48076115968.0,240067.9,53.02,50.84
CSV,235008,47000,16,15,0,8071,0,0.000000e+00,0.000000e+00,377519.0,53647622144.0,260356.9,53.14,51.53
BER: END_SEQ #16 [LOCK] seq_err=0 BER_seq=0.0000e+00 | lock=16 slip=0 BER_cond=0.0000e+00 BER_cum=0.0000e+00
BER: SYNC #17 (gated)
CSV,240008,48000,17,16,0,8194,0,0.000000e+00,0.000000e+00,459582.3,55164899328.0,303625.0,52.59,50.79
CSV,245008,49000,17,16,0,8394,0,0.000000e+00,0.000000e+00,392036.5,46614691840.0,238058.6,52.92,50.75
CSV,250008,50000,17,16,0,8594,0,0.000000e+00,0.000000e+00,393914.1,53338329088.0,239841.8,53.47,51.32
BER: END_SEQ #17 [LOCK] seq_err=0 BER_seq=0.0000e+00 | lock=17 slip=0 BER_cond=0.0000e+00 BER_cum=0.0000e+00
BER: SYNC #18 (gated)
CSV,255008,51000,18,17,0,8717,0,0.000000e+00,0.000000e+00,441140.4,55161094144.0,270318.3,53.10,50.97
CSV,260008,52000,18,17,0,8917,0,0.000000e+00,0.000000e+00,402913.4,48027942912.0,248643.4,52.86,50.76
CSV,265008,53000,18,17,0,9117,0,0.000000e+00,0.000000e+00,409394.2,51932483584.0,240509.9,53.34,51.03
BER: END_SEQ #18 [LOCK] seq_err=0 BER_seq=0.0000e+00 | lock=18 slip=0 BER_cond=0.0000e+00 BER_cum=0.0000e+00
BER: SYNC #19 (gated)
CSV,270008,54000,19,18,0,9239,0,0.000000e+00,0.000000e+00,450890.9,54352789504.0,286720.0,52.78,50.81
CSV,275008,55000,19,18,0,9439,0,0.000000e+00,0.000000e+00,398474.0,48766906368.0,242408.7,53.04,50.88
CSV,280008,56000,19,18,0,9639,0,0.000000e+00,0.000000e+00,399896.9,53756186624.0,256168.4,53.22,51.28
BER: END_SEQ #19 [LOCK] seq_err=0 BER_seq=0.0000e+00 | lock=19 slip=0 BER_cond=0.0000e+00 BER_cum=0.0000e+00
BER: SYNC #20 (gated)
CSV,285008,57000,20,19,0,9762,0,0.000000e+00,0.000000e+00,474285.6,52107083776.0,295091.7,52.47,50.41
CSV,290008,58000,20,19,0,9962,0,0.000000e+00,0.000000e+00,384469.9,49217441792.0,229039.3,53.32,51.07
CSV,295008,59000,20,19,0,10162,0,0.000000e+00,0.000000e+00,429409.9,52388560896.0,242675.6,53.34,50.86
BER: END_SEQ #20 [LOCK] seq_err=0 BER_seq=0.0000e+00 | lock=20 slip=0 BER_cond=0.0000e+00 BER_cum=0.0000e+00
BER: SYNC #21 (gated)
CSV,300008,60000,21,20,0,10285,0,0.000000e+00,0.000000e+00,466841.4,56063942656.0,265518.6,53.25,50.80
CSV,305008,61000,21,20,0,10485,0,0.000000e+00,0.000000e+00,404697.2,45488373760.0,247382.8,52.65,50.51
CSV,310008,62000,21,20,0,10684,0,0.000000e+00,0.000000e+00,417901.4,54029086720.0,249689.4,53.35,51.12
BER: END_SEQ #21 [LOCK] seq_err=0 BER_seq=0.0000e+00 | lock=21 slip=0 BER_cond=0.0000e+00 BER_cum=0.0000e+00
BER: SYNC #22 (gated)
CSV,315008,63000,22,21,0,10807,0,0.000000e+00,0.000000e+00,484524.2,54531584000.0,293616.2,52.69,50.51
CSV,320008,64000,22,21,0,11007,0,0.000000e+00,0.000000e+00,422050.0,46527827968.0,249507.8,52.71,50.42
CSV,325008,65000,22,21,0,11207,0,0.000000e+00,0.000000e+00,420804.9,53962817536.0,237733.8,53.56,51.08
BER: END_SEQ #22 [LOCK] seq_err=0 BER_seq=0.0000e+00 | lock=22 slip=0 BER_cond=0.0000e+00 BER_cum=0.0000e+00
BER: SYNC #23 (gated)
CSV,330008,66000,23,22,0,11330,0,0.000000e+00,0.000000e+00,470176.6,55775891456.0,282649.0,52.95,50.74
CSV,335008,67000,23,22,0,11530,0,0.000000e+00,0.000000e+00,390948.6,46784434176.0,215827.6,53.36,50.78
CSV,340008,68000,23,22,0,11730,0,0.000000e+00,0.000000e+00,436194.7,53597806592.0,257040.4,53.19,50.89
BER: END_SEQ #23 [LOCK] seq_err=0 BER_seq=0.0000e+00 | lock=23 slip=0 BER_cond=0.0000e+00 BER_cum=0.0000e+00
BER: SYNC #24 (gated)
CSV,345008,69000,24,23,0,11853,0,0.000000e+00,0.000000e+00,483219.6,54096490496.0,280679.2,52.85,50.49
CSV,350008,70000,24,23,0,12053,0,0.000000e+00,0.000000e+00,386821.4,47240564736.0,244972.9,52.85,50.87
CSV,355008,71000,24,23,0,12253,0,0.000000e+00,0.000000e+00,393846.9,53942087680.0,262552.4,53.13,51.37
BER: END_SEQ #24 [LOCK] seq_err=0 BER_seq=0.0000e+00 | lock=24 slip=0 BER_cond=0.0000e+00 BER_cum=0.0000e+00
BER: SYNC #25 (gated)
CSV,360008,72000,25,24,0,12376,0,0.000000e+00,0.000000e+00,497228.8,55042060288.0,301205.1,52.62,50.44
CSV,365008,73000,25,24,0,12575,0,0.000000e+00,0.000000e+00,400233.6,46559576064.0,255502.3,52.61,50.66
BER: END_SEQ #25 [LOCK] seq_err=0 BER_seq=0.0000e+00 | lock=25 slip=0 BER_cond=0.0000e+00 BER_cum=0.0000e+00
CSV,370008,74000,25,25,0,12775,0,0.000000e+00,0.000000e+00,369451.2,56476975104.0,216872.0,54.16,51.84
BER: SYNC #26 (gated)
CSV,375008,75000,26,25,0,12898,0,0.000000e+00,0.000000e+00,477010.9,50074034176.0,302824.6,52.18,50.21
CSV,380008,76000,26,25,0,13098,0,0.000000e+00,0.000000e+00,372320.2,49697898496.0,209712.6,53.75,51.25
BER: END_SEQ #26 [LOCK] seq_err=0 BER_seq=0.0000e+00 | lock=26 slip=0 BER_cond=0.0000e+00 BER_cum=0.0000e+00
CSV,385008,77000,26,26,0,13286,0,0.000000e+00,0.000000e+00,381278.8,54613557248.0,240311.8,53.57,51.56
BER: SYNC #27 (gated)
CSV,390008,78000,27,26,0,13421,0,0.000000e+00,0.000000e+00,460893.8,49618890752.0,275615.1,52.55,50.32
CSV,395008,79000,27,26,0,13621,0,0.000000e+00,0.000000e+00,399575.6,51757481984.0,252911.5,53.11,51.12
BER: END_SEQ #27 [LOCK] seq_err=0 BER_seq=0.0000e+00 | lock=27 slip=0 BER_cond=0.0000e+00 BER_cum=0.0000e+00
CSV,400008,80000,27,27,0,13797,0,0.000000e+00,0.000000e+00,396909.6,54613204992.0,272151.6,53.02,51.39
BER: SYNC #28 (gated)
CSV,405008,81000,28,27,0,13944,0,0.000000e+00,0.000000e+00,438449.8,46778302464.0,253665.1,52.66,50.28
CSV,410008,82000,28,27,0,14143,0,0.000000e+00,0.000000e+00,410114.2,54139219968.0,257730.2,53.22,51.21
BER: END_SEQ #28 [LOCK] seq_err=0 BER_seq=0.0000e+00 | lock=28 slip=0 BER_cond=0.0000e+00 BER_cum=0.0000e+00
CSV,415008,83000,28,28,0,14308,0,0.000000e+00,0.000000e+00,433342.6,53531127808.0,263454.4,53.08,50.92
BER: SYNC #29 (gated)
CSV,420008,84000,29,28,0,14466,0,0.000000e+00,0.000000e+00,414281.9,48696246272.0,264683.9,52.65,50.70
CSV,425008,85000,29,28,0,14666,0,0.000000e+00,0.000000e+00,413313.5,52978954240.0,228951.9,53.64,51.08
BER: END_SEQ #29 [LOCK] seq_err=0 BER_seq=0.0000e+00 | lock=29 slip=0 BER_cond=0.0000e+00 BER_cum=0.0000e+00
CSV,430008,86000,29,29,0,14819,0,0.000000e+00,0.000000e+00,475882.6,54118932480.0,287880.4,52.74,50.56
BER: SYNC #30 (gated)
CSV,435008,87000,30,29,0,14989,0,0.000000e+00,0.000000e+00,394344.8,47954665472.0,244643.5,52.92,50.85
CSV,440008,88000,30,29,0,15189,0,0.000000e+00,0.000000e+00,414214.6,54038302720.0,260128.5,53.18,51.15
BER: END_SEQ #30 [LOCK] seq_err=0 BER_seq=0.0000e+00 | lock=30 slip=0 BER_cond=0.0000e+00 BER_cum=0.0000e+00
CSV,445008,89000,30,30,0,15330,0,0.000000e+00,0.000000e+00,499104.5,52185264128.0,288547.5,52.57,50.19
BER: SYNC #31 (gated)
CSV,450008,90000,31,30,0,15512,0,0.000000e+00,0.000000e+00,394907.1,49850769408.0,232738.8,53.31,51.01
CSV,455008,91000,31,30,0,15712,0,0.000000e+00,0.000000e+00,424089.9,52728840192.0,242024.6,53.38,50.95
BER: END_SEQ #31 [LOCK] seq_err=0 BER_seq=0.0000e+00 | lock=31 slip=0 BER_cond=0.0000e+00 BER_cum=0.0000e+00
CSV,460008,92000,31,31,0,15841,0,0.000000e+00,0.000000e+00,509144.2,54391287808.0,278930.5,52.90,50.29
BER: SYNC #32 (gated)
CSV,465008,93000,32,31,0,16034,0,0.000000e+00,0.000000e+00,375896.4,45868408832.0,226148.5,53.07,50.86
CSV,470008,94000,32,31,0,16234,0,0.000000e+00,0.000000e+00,443191.4,53958524928.0,253379.9,53.28,50.85
BER: END_SEQ #32 [LOCK] seq_err=0 BER_seq=0.0000e+00 | lock=32 slip=0 BER_cond=0.0000e+00 BER_cum=0.0000e+00
BER: SYNC #33 (gated)
CSV,475008,95000,33,32,0,16357,0,0.000000e+00,0.000000e+00,498735.8,53576740864.0,301556.9,52.50,50.31
CSV,480008,96000,33,32,0,16557,0,0.000000e+00,0.000000e+00,390341.8,48161267712.0,242695.0,52.98,50.91
CSV,485008,97000,33,32,0,16757,0,0.000000e+00,0.000000e+00,431126.2,53208432640.0,265064.3,53.03,50.91
BER: END_SEQ #33 [LOCK] seq_err=0 BER_seq=0.0000e+00 | lock=33 slip=0 BER_cond=0.0000e+00 BER_cum=0.0000e+00
BER: SYNC #34 (gated)
CSV,490008,98000,34,33,0,16880,0,0.000000e+00,0.000000e+00,478170.8,56012390400.0,266601.4,53.22,50.69
CSV,495008,99000,34,33,0,17080,0,0.000000e+00,0.000000e+00,397792.2,46490066944.0,231890.2,53.02,50.68
CSV,500008,100000,34,33,0,17280,0,0.000000e+00,0.000000e+00,394605.0,53268361216.0,240997.3,53.44,51.30
BER: END_SEQ #34 [LOCK] seq_err=0 BER_seq=0.0000e+00 | lock=34 slip=0 BER_cond=0.0000e+00 BER_cum=0.0000e+00
BER: SYNC #35 (gated)
CSV,505008,101000,35,34,0,17403,0,0.000000e+00,0.000000e+00,503622.9,55041708032.0,285518.5,52.85,50.39
CSV,510008,102000,35,34,0,17603,0,0.000000e+00,0.000000e+00,417718.2,48347701248.0,250845.5,52.85,50.63
CSV,515008,103000,35,34,0,17802,0,0.000000e+00,0.000000e+00,377035.8,51825074176.0,253136.0,53.11,51.38
BER: END_SEQ #35 [LOCK] seq_err=0 BER_seq=0.0000e+00 | lock=35 slip=0 BER_cond=0.0000e+00 BER_cum=0.0000e+00
BER: SYNC #36 (gated)
CSV,520008,104000,36,35,0,17925,0,0.000000e+00,0.000000e+00,467040.0,54900035584.0,296228.0,52.68,50.70
CSV,525008,105000,36,35,0,18125,0,0.000000e+00,0.000000e+00,416417.7,48572928000.0,249961.4,52.89,50.67
CSV,530008,106000,36,35,0,18325,0,0.000000e+00,0.000000e+00,386262.8,53644652544.0,253825.1,53.25,51.43
BER: END_SEQ #36 [LOCK] seq_err=0 BER_seq=0.0000e+00 | lock=36 slip=0 BER_cond=0.0000e+00 BER_cum=0.0000e+00
BER: SYNC #37 (gated)
CSV,535008,107000,37,36,0,18448,0,0.000000e+00,0.000000e+00,448343.0,52641239040.0,284604.1,52.67,50.70
CSV,540008,108000,37,36,0,18648,0,0.000000e+00,0.000000e+00,380909.8,49454436352.0,229103.6,53.34,51.13
CSV,545008,109000,37,36,0,18848,0,0.000000e+00,0.000000e+00,389375.9,52053188608.0,229937.9,53.55,51.26
BER: END_SEQ #37 [LOCK] seq_err=0 BER_seq=0.0000e+00 | lock=37 slip=0 BER_cond=0.0000e+00 BER_cum=0.0000e+00
BER: SYNC #38 (gated)
CSV,550008,110000,38,37,0,18971,0,0.000000e+00,0.000000e+00,450773.1,56069861376.0,276594.6,53.07,50.95
CSV,555008,111000,38,37,0,19171,0,0.000000e+00,0.000000e+00,393103.9,45575118848.0,248074.9,52.64,50.64
CSV,560008,112000,38,37,0,19371,0,0.000000e+00,0.000000e+00,409867.2,54490247168.0,262388.9,53.17,51.24
BER: END_SEQ #38 [LOCK] seq_err=0 BER_seq=0.0000e+00 | lock=38 slip=0 BER_cond=0.0000e+00 BER_cum=0.0000e+00
BER: SYNC #39 (gated)
CSV,565008,113000,39,38,0,19494,0,0.000000e+00,0.000000e+00,441252.2,54664806400.0,280879.8,52.89,50.93
CSV,570008,114000,39,38,0,19693,0,0.000000e+00,0.000000e+00,392991.8,46167040000.0,237180.5,52.89,50.70
CSV,575008,115000,39,38,0,19893,0,0.000000e+00,0.000000e+00,411892.0,54005587968.0,252685.6,53.30,51.18
BER: END_SEQ #39 [LOCK] seq_err=0 BER_seq=0.0000e+00 | lock=39 slip=0 BER_cond=0.0000e+00 BER_cum=0.0000e+00
BER: SYNC #40 (gated)
CSV,580008,116000,40,39,0,20016,0,0.000000e+00,0.000000e+00,467501.7,55199973376.0,298480.2,52.67,50.72
CSV,585008,117000,40,39,0,20216,0,0.000000e+00,0.000000e+00,393141.9,47246303232.0,230157.5,53.12,50.80
CSV,590008,118000,40,39,0,20416,0,0.000000e+00,0.000000e+00,424667.8,53701582848.0,249386.6,53.33,51.02
BER: END_SEQ #40 [LOCK] seq_err=0 BER_seq=0.0000e+00 | lock=40 slip=0 BER_cond=0.0000e+00 BER_cum=0.0000e+00
BER: SYNC #41 (gated)
CSV,595008,119000,41,40,0,20539,0,0.000000e+00,0.000000e+00,468651.0,54221598720.0,283466.9,52.82,50.63
CSV,600008,120000,41,40,0,20739,0,0.000000e+00,0.000000e+00,393509.5,47130755072.0,248931.3,52.77,50.78
CSV,605008,121000,41,40,0,20939,0,0.000000e+00,0.000000e+00,450932.2,54120730624.0,250764.5,53.34,50.79
BER: END_SEQ #41 [LOCK] seq_err=0 BER_seq=0.0000e+00 | lock=41 slip=0 BER_cond=0.0000e+00 BER_cum=0.0000e+00
BER: SYNC #42 (gated)
CSV,610008,122000,42,41,0,21062,0,0.000000e+00,0.000000e+00,472722.8,53872230400.0,289780.7,52.69,50.57
CSV,615008,123000,42,41,0,21262,0,0.000000e+00,0.000000e+00,417878.2,47085608960.0,245065.5,52.84,50.52
CSV,620008,124000,42,41,0,21461,0,0.000000e+00,0.000000e+00,422903.5,55824932864.0,229533.1,53.86,51.21
BER: END_SEQ #42 [LOCK] seq_err=0 BER_seq=0.0000e+00 | lock=42 slip=0 BER_cond=0.0000e+00 BER_cum=0.0000e+00
BER: SYNC #43 (gated)
CSV,625008,125000,43,42,0,21584,0,0.000000e+00,0.000000e+00,476999.2,50757406720.0,301695.3,52.26,50.27
CSV,630008,126000,43,42,0,21784,0,0.000000e+00,0.000000e+00,401271.3,49021136896.0,222204.6,53.44,50.87
BER: END_SEQ #43 [LOCK] seq_err=0 BER_seq=0.0000e+00 | lock=43 slip=0 BER_cond=0.0000e+00 BER_cum=0.0000e+00
CSV,635008,127000,43,43,0,21973,0,0.000000e+00,0.000000e+00,433765.4,54886387712.0,249778.9,53.42,51.02
BER: SYNC #44 (gated)
CSV,640008,128000,44,43,0,22107,0,0.000000e+00,0.000000e+00,459871.1,48905252864.0,271598.8,52.55,50.27
CSV,645008,129000,44,43,0,22307,0,0.000000e+00,0.000000e+00,398813.8,52442578944.0,256101.4,53.11,51.19
BER: END_SEQ #44 [LOCK] seq_err=0 BER_seq=0.0000e+00 | lock=44 slip=0 BER_cond=0.0000e+00 BER_cum=0.0000e+00
CSV,650008,130000,44,44,0,22484,0,0.000000e+00,0.000000e+00,448618.9,53747757056.0,279369.7,52.84,50.78
BER: SYNC #45 (gated)
CSV,655008,131000,45,44,0,22630,0,0.000000e+00,0.000000e+00,439797.2,47876407296.0,273747.8,52.43,50.37
CSV,660008,132000,45,44,0,22830,0,0.000000e+00,0.000000e+00,433014.8,53705773056.0,267462.9,53.03,50.94
BER: END_SEQ #45 [LOCK] seq_err=0 BER_seq=0.0000e+00 | lock=45 slip=0 BER_cond=0.0000e+00 BER_cum=0.0000e+00
CSV,665008,133000,45,45,0,22995,0,0.000000e+00,0.000000e+00,423952.4,53659004928.0,247494.5,53.36,51.02
BER: SYNC #46 (gated)
CSV,670008,134000,46,45,0,23152,0,0.000000e+00,0.000000e+00,407135.1,48193474560.0,263921.2,52.62,50.73
CSV,675008,135000,46,45,0,23352,0,0.000000e+00,0.000000e+00,397707.5,53992689664.0,219696.8,53.91,51.33
BER: END_SEQ #46 [LOCK] seq_err=0 BER_seq=0.0000e+00 | lock=46 slip=0 BER_cond=0.0000e+00 BER_cum=0.0000e+00
CSV,680008,136000,46,46,0,23506,0,0.000000e+00,0.000000e+00,442649.4,53682409472.0,288503.7,52.70,50.84
BER: SYNC #47 (gated)
CSV,685008,137000,47,46,0,23675,0,0.000000e+00,0.000000e+00,419922.9,48463638528.0,239609.7,53.06,50.62
CSV,690008,138000,47,46,0,23875,0,0.000000e+00,0.000000e+00,413504.3,53508829184.0,263205.3,53.08,51.12
BER: END_SEQ #47 [LOCK] seq_err=0 BER_seq=0.0000e+00 | lock=47 slip=0 BER_cond=0.0000e+00 BER_cum=0.0000e+00
CSV,695008,139000,47,47,0,24017,0,0.000000e+00,0.000000e+00,442315.0,53184598016.0,293829.7,52.58,50.80
BER: SYNC #48 (gated)
CSV,700008,140000,48,47,0,24198,0,0.000000e+00,0.000000e+00,387903.5,49314746368.0,231729.4,53.28,51.04
CSV,705008,141000,48,47,0,24398,0,0.000000e+00,0.000000e+00,416719.1,53347131392.0,255896.8,53.19,51.07
BER: END_SEQ #48 [LOCK] seq_err=0 BER_seq=0.0000e+00 | lock=48 slip=0 BER_cond=0.0000e+00 BER_cum=0.0000e+00
CSV,710008,142000,48,48,0,24528,0,0.000000e+00,0.000000e+00,472103.9,53905866752.0,288493.8,52.71,50.58
BER: SYNC #49 (gated)
CSV,715008,143000,49,48,0,24720,0,0.000000e+00,0.000000e+00,368430.2,46791499776.0,230067.9,53.08,51.04
CSV,720008,144000,49,48,0,24921,0,0.000000e+00,0.000000e+00,425825.0,53379584000.0,247505.3,53.34,50.98
BER: END_SEQ #49 [LOCK] seq_err=0 BER_seq=0.0000e+00 | lock=49 slip=0 BER_cond=0.0000e+00 BER_cum=0.0000e+00
BER: SYNC #50 (gated)
CSV,725008,145000,50,49,0,25043,0,0.000000e+00,0.000000e+00,490908.9,54128152576.0,283592.6,52.81,50.42
CSV,730008,146000,50,49,0,25243,0,0.000000e+00,0.000000e+00,389077.8,47362297856.0,239753.8,52.96,50.85
CSV,735008,147000,50,49,0,25443,0,0.000000e+00,0.000000e+00,433682.7,54065930240.0,251850.8,53.32,50.96
BER: END_SEQ #50 [LOCK] seq_err=0 BER_seq=0.0000e+00 | lock=50 slip=0 BER_cond=0.0000e+00 BER_cum=0.0000e+00
BER: SYNC #51 (gated)
CSV,740008,148000,51,50,0,25566,0,0.000000e+00,0.000000e+00,496997.1,55546626048.0,298276.3,52.70,50.48
CSV,745008,149000,51,50,0,25766,0,0.000000e+00,0.000000e+00,406087.8,47208488960.0,245870.6,52.83,50.65
CSV,750008,150000,51,50,0,25966,0,0.000000e+00,0.000000e+00,416590.2,52246618112.0,261725.8,53.00,50.98
BER: END_SEQ #51 [LOCK] seq_err=0 BER_seq=0.0000e+00 | lock=51 slip=0 BER_cond=0.0000e+00 BER_cum=0.0000e+00
BER: SYNC #52 (gated)
CSV,755008,151000,52,51,0,26089,0,0.000000e+00,0.000000e+00,498324.1,56059129856.0,272353.7,53.14,50.51
CSV,760008,152000,52,51,0,26289,0,0.000000e+00,0.000000e+00,386935.1,46972121088.0,230662.2,53.09,50.84
CSV,765008,153000,52,51,0,26488,0,0.000000e+00,0.000000e+00,381781.2,53340508160.0,234943.6,53.56,51.45
BER: END_SEQ #52 [LOCK] seq_err=0 BER_seq=0.0000e+00 | lock=52 slip=0 BER_cond=0.0000e+00 BER_cum=0.0000e+00
BER: SYNC #53 (gated)
CSV,770008,154000,53,52,0,26611,0,0.000000e+00,0.000000e+00,502819.6,53355618304.0,289665.8,52.65,50.26
CSV,775008,155000,53,52,0,26811,0,0.000000e+00,0.000000e+00,426915.2,49541480448.0,243808.5,53.08,50.65
CSV,780008,156000,53,52,0,27011,0,0.000000e+00,0.000000e+00,402584.2,52601892864.0,254508.4,53.15,51.16
BER: END_SEQ #53 [LOCK] seq_err=0 BER_seq=0.0000e+00 | lock=53 slip=0 BER_cond=0.0000e+00 BER_cum=0.0000e+00
BER: SYNC #54 (gated)
CSV,785008,157000,54,53,0,27134,0,0.000000e+00,0.000000e+00,447934.7,54289870848.0,284641.7,52.80,50.84
CSV,790008,158000,54,53,0,27334,0,0.000000e+00,0.000000e+00,396429.0,48494358528.0,250981.7,52.86,50.88
CSV,795008,159000,54,53,0,27534,0,0.000000e+00,0.000000e+00,377155.2,52886364160.0,256716.9,53.14,51.47
BER: END_SEQ #54 [LOCK] seq_err=0 BER_seq=0.0000e+00 | lock=54 slip=0 BER_cond=0.0000e+00 BER_cum=0.0000e+00
BER: SYNC #55 (gated)
CSV,800008,160000,55,54,0,27657,0,0.000000e+00,0.000000e+00,456455.1,54503866368.0,300521.1,52.59,50.77
CSV,805008,161000,55,54,0,27857,0,0.000000e+00,0.000000e+00,389729.2,46404075520.0,233900.0,52.98,50.76
CSV,810008,162000,55,54,0,28057,0,0.000000e+00,0.000000e+00,412935.5,53460627456.0,247466.8,53.35,51.12
BER: END_SEQ #55 [LOCK] seq_err=0 BER_seq=0.0000e+00 | lock=55 slip=0 BER_cond=0.0000e+00 BER_cum=0.0000e+00
BER: SYNC #56 (gated)
CSV,815008,163000,56,55,0,28179,0,0.000000e+00,0.000000e+00,443447.1,55926173696.0,268852.4,53.18,51.01
CSV,820008,164000,56,55,0,28380,0,0.000000e+00,0.000000e+00,401098.8,45467062272.0,235974.1,52.85,50.54
CSV,825008,165000,56,55,0,28579,0,0.000000e+00,0.000000e+00,407582.4,54521008128.0,245144.4,53.47,51.26
BER: END_SEQ #56 [LOCK] seq_err=0 BER_seq=0.0000e+00 | lock=56 slip=0 BER_cond=0.0000e+00 BER_cum=0.0000e+00
BER: SYNC #57 (gated)
CSV,830008,166000,57,56,0,28702,0,0.000000e+00,0.000000e+00,469941.0,53852016640.0,292037.1,52.66,50.59
CSV,835008,167000,57,56,0,28902,0,0.000000e+00,0.000000e+00,382690.8,48106954752.0,247900.4,52.88,50.99
CSV,840008,168000,57,56,0,29102,0,0.000000e+00,0.000000e+00,424284.8,53195096064.0,262462.8,53.07,50.98
BER: END_SEQ #57 [LOCK] seq_err=0 BER_seq=0.0000e+00 | lock=57 slip=0 BER_cond=0.0000e+00 BER_cum=0.0000e+00
BER: SYNC #58 (gated)
CSV,845008,169000,58,57,0,29225,0,0.000000e+00,0.000000e+00,474519.5,55232126976.0,276985.6,53.00,50.66
CSV,850008,170000,58,57,0,29425,0,0.000000e+00,0.000000e+00,387044.3,46441598976.0,222882.1,53.19,50.79
CSV,855008,171000,58,57,0,29625,0,0.000000e+00,0.000000e+00,435764.3,55149076480.0,253438.4,53.38,51.02
BER: END_SEQ #58 [LOCK] seq_err=0 BER_seq=0.0000e+00 | lock=58 slip=0 BER_cond=0.0000e+00 BER_cum=0.0000e+00
BER: SYNC #59 (gated)
CSV,860008,172000,59,58,0,29748,0,0.000000e+00,0.000000e+00,469278.6,52910956544.0,290350.8,52.61,50.52
CSV,865008,173000,59,58,0,29947,0,0.000000e+00,0.000000e+00,404341.6,47635410944.0,238252.0,53.01,50.71
CSV,870008,174000,59,58,0,30148,0,0.000000e+00,0.000000e+00,433805.2,54976827392.0,246892.0,53.48,51.03
BER: END_SEQ #59 [LOCK] seq_err=0 BER_seq=0.0000e+00 | lock=59 slip=0 BER_cond=0.0000e+00 BER_cum=0.0000e+00
BER: SYNC #60 (gated)
CSV,875008,175000,60,59,0,30270,0,0.000000e+00,0.000000e+00,484816.5,52441370624.0,301642.2,52.40,50.34
CSV,880008,176000,60,59,0,30470,0,0.000000e+00,0.000000e+00,412435.0,48185143296.0,260347.8,52.67,50.68
BER: END_SEQ #60 [LOCK] seq_err=0 BER_seq=0.0000e+00 | lock=60 slip=0 BER_cond=0.0000e+00 BER_cum=0.0000e+00
CSV,885008,177000,60,60,0,30660,0,0.000000e+00,0.000000e+00,443713.8,55740981248.0,238713.2,53.68,50.99
BER: SYNC #61 (gated)
CSV,890008,178000,61,60,0,30793,0,0.000000e+00,0.000000e+00,450738.0,48149704704.0,277163.6,52.40,50.29
CSV,895008,179000,61,60,0,30993,0,0.000000e+00,0.000000e+00,401023.0,53209677824.0,221754.2,53.80,51.23
BER: END_SEQ #61 [LOCK] seq_err=0 BER_seq=0.0000e+00 | lock=61 slip=0 BER_cond=0.0000e+00 BER_cum=0.0000e+00
CSV,900008,180000,61,61,0,31171,0,0.000000e+00,0.000000e+00,451913.5,53127983104.0,259672.4,53.11,50.70
BER: SYNC #62 (gated)
CSV,905008,181000,62,61,0,31316,0,0.000000e+00,0.000000e+00,445894.3,48679825408.0,260859.5,52.71,50.38
CSV,910008,182000,62,61,0,31516,0,0.000000e+00,0.000000e+00,408460.9,52360888320.0,251570.4,53.18,51.08
BER: END_SEQ #62 [LOCK] seq_err=0 BER_seq=0.0000e+00 | lock=62 slip=0 BER_cond=0.0000e+00 BER_cum=0.0000e+00
CSV,915008,183000,62,62,0,31682,0,0.000000e+00,0.000000e+00,456119.5,54976348160.0,293948.0,52.72,50.81
BER: SYNC #63 (gated)
CSV,920008,184000,63,62,0,31839,0,0.000000e+00,0.000000e+00,418864.4,47346913280.0,262489.2,52.56,50.53
CSV,925008,185000,63,62,0,32038,0,0.000000e+00,0.000000e+00,427555.3,54769618944.0,272280.2,53.04,51.08
BER: END_SEQ #63 [LOCK] seq_err=0 BER_seq=0.0000e+00 | lock=63 slip=0 BER_cond=0.0000e+00 BER_cum=0.0000e+00
CSV,930008,186000,63,63,0,32193,0,0.000000e+00,0.000000e+00,429997.9,52363444224.0,253028.3,53.16,50.86
BER: SYNC #64 (gated)
CSV,935008,187000,64,63,0,32361,0,0.000000e+00,0.000000e+00,400493.1,48801853440.0,255058.3,52.82,50.86
CSV,940008,188000,64,63,0,32561,0,0.000000e+00,0.000000e+00,402265.9,52828446720.0,225542.8,53.70,51.18
BER: END_SEQ #64 [LOCK] seq_err=0 BER_seq=0.0000e+00 | lock=64 slip=0 BER_cond=0.0000e+00 BER_cum=0.0000e+00
CSV,945008,189000,64,64,0,32704,0,0.000000e+00,0.000000e+00,450647.8,54210686976.0,297241.0,52.61,50.80
BER: SYNC #65 (gated)
CSV,950008,190000,65,64,0,32884,0,0.000000e+00,0.000000e+00,390067.4,48603160576.0,230259.1,53.24,50.96
CSV,955008,191000,65,64,0,33084,0,0.000000e+00,0.000000e+00,411437.2,54056087552.0,265579.9,53.09,51.19
BER: END_SEQ #65 [LOCK] seq_err=0 BER_seq=0.0000e+00 | lock=65 slip=0 BER_cond=0.0000e+00 BER_cum=0.0000e+00
CSV,960008,192000,65,65,0,33215,0,0.000000e+00,0.000000e+00,433945.6,53348388864.0,297518.7,52.54,50.90
BER: SYNC #66 (gated)
CSV,965008,193000,66,65,0,33406,0,0.000000e+00,0.000000e+00,401555.4,47405002752.0,235851.0,53.03,50.72
CSV,970008,194000,66,65,0,33606,0,0.000000e+00,0.000000e+00,402859.5,52274794496.0,254662.2,53.12,51.13
BER: END_SEQ #66 [LOCK] seq_err=0 BER_seq=0.0000e+00 | lock=66 slip=0 BER_cond=0.0000e+00 BER_cum=0.0000e+00
BER: SYNC #67 (gated)
CSV,975008,195000,67,66,0,33729,0,0.000000e+00,0.000000e+00,459833.5,55423733760.0,281206.1,52.95,50.81
CSV,980008,196000,67,66,0,33929,0,0.000000e+00,0.000000e+00,382758.4,46416560128.0,238364.0,52.89,50.84
CSV,985008,197000,67,66,0,34129,0,0.000000e+00,0.000000e+00,420705.1,54637592576.0,235790.3,53.65,51.14
BER: END_SEQ #67 [LOCK] seq_err=0 BER_seq=0.0000e+00 | lock=67 slip=0 BER_cond=0.0000e+00 BER_cum=0.0000e+00
BER: SYNC #68 (gated)
CSV,990008,198000,68,67,0,34252,0,0.000000e+00,0.000000e+00,471705.4,54963941376.0,288733.4,52.80,50.66
CSV,995008,199000,68,67,0,34452,0,0.000000e+00,0.000000e+00,360321.8,47453413376.0,250602.1,52.77,51.20
CSV,1000008,200000,68,67,0,34652,0,0.000000e+00,0.000000e+00,442865.6,52074475520.0,258270.1,53.05,50.70
BER: END_SEQ #68 [LOCK] seq_err=0 BER_seq=0.0000e+00 | lock=68 slip=0 BER_cond=0.0000e+00 BER_cum=0.0000e+00
BER: SYNC #69 (gated)
CSV,1005008,201000,69,68,0,34775,0,0.000000e+00,0.000000e+00,479343.5,56727289856.0,285567.1,52.98,50.73
CSV,1010008,202000,69,68,0,34975,0,0.000000e+00,0.000000e+00,409058.3,45944963072.0,230792.7,52.99,50.50
CSV,1015008,203000,69,68,0,35175,0,0.000000e+00,0.000000e+00,416831.9,54227144704.0,239881.6,53.54,51.14
BER: END_SEQ #69 [LOCK] seq_err=0 BER_seq=0.0000e+00 | lock=69 slip=0 BER_cond=0.0000e+00 BER_cum=0.0000e+00
BER: SYNC #70 (gated)
CSV,1020008,204000,70,69,0,35298,0,0.000000e+00,0.000000e+00,494896.8,52816670720.0,293897.4,52.55,50.28
CSV,1025008,205000,70,69,0,35497,0,0.000000e+00,0.000000e+00,415227.4,49965813760.0,232030.7,53.33,50.80
CSV,1030008,206000,70,69,0,35697,0,0.000000e+00,0.000000e+00,421187.5,51946213376.0,252142.6,53.14,50.91
BER: END_SEQ #70 [LOCK] seq_err=0 BER_seq=0.0000e+00 | lock=70 slip=0 BER_cond=0.0000e+00 BER_cum=0.0000e+00
BER: SYNC #71 (gated)
CSV,1035008,207000,71,70,0,35820,0,0.000000e+00,0.000000e+00,486976.6,55102390272.0,280032.0,52.94,50.54
CSV,1040008,208000,71,70,0,36020,0,0.000000e+00,0.000000e+00,393561.8,48019456000.0,254098.7,52.76,50.86
CSV,1045008,209000,71,70,0,36220,0,0.000000e+00,0.000000e+00,408368.8,53409890304.0,251368.0,53.27,51.17
BER: END_SEQ #71 [LOCK] seq_err=0 BER_seq=0.0000e+00 | lock=71 slip=0 BER_cond=0.0000e+00 BER_cum=0.0000e+00
BER: SYNC #72 (gated)
CSV,1050008,210000,72,71,0,36343,0,0.000000e+00,0.000000e+00,477725.8,53588791296.0,297050.2,52.56,50.50
CSV,1055008,211000,72,71,0,36543,0,0.000000e+00,0.000000e+00,407669.2,47131844608.0,248199.4,52.79,50.63
CSV,1060008,212000,72,71,0,36743,0,0.000000e+00,0.000000e+00,394823.4,52827267072.0,250732.9,53.24,51.26
BER: END_SEQ #72 [LOCK] seq_err=0 BER_seq=0.0000e+00 | lock=72 slip=0 BER_cond=0.0000e+00 BER_cum=0.0000e+00
BER: SYNC #73 (gated)
CSV,1065008,213000,73,72,0,36865,0,0.000000e+00,0.000000e+00,450003.2,56696836096.0,277389.2,53.10,51.00
CSV,1070008,214000,73,72,0,37066,0,0.000000e+00,0.000000e+00,376430.8,44821745664.0,228751.1,52.92,50.76
CSV,1075008,215000,73,72,0,37265,0,0.000000e+00,0.000000e+00,382370.9,55174979584.0,231728.4,53.77,51.59
BER: END_SEQ #73 [LOCK] seq_err=0 BER_seq=0.0000e+00 | lock=73 slip=0 BER_cond=0.0000e+00 BER_cum=0.0000e+00
BER: SYNC #74 (gated)
CSV,1080008,216000,74,73,0,37388,0,0.000000e+00,0.000000e+00,483176.2,53478436864.0,291581.6,52.63,50.44
CSV,1085008,217000,74,73,0,37588,0,0.000000e+00,0.000000e+00,386174.0,47997624320.0,248735.9,52.85,50.94
CSV,1090008,218000,74,73,0,37788,0,0.000000e+00,0.000000e+00,395756.1,53226921984.0,262184.2,53.08,51.29
BER: END_SEQ #74 [LOCK] seq_err=0 BER_seq=0.0000e+00 | lock=74 slip=0 BER_cond=0.0000e+00 BER_cum=0.0000e+00
BER: SYNC #75 (gated)
CSV,1095008,219000,75,74,0,37911,0,0.000000e+00,0.000000e+00,465011.2,55123701760.0,270654.1,53.09,50.74
CSV,1100008,220000,75,74,0,38111,0,0.000000e+00,0.000000e+00,391524.7,46502154240.0,239033.5,52.89,50.75
CSV,1105008,221000,75,74,0,38311,0,0.000000e+00,0.000000e+00,388670.0,54598123520.0,250785.3,53.38,51.48
BER: END_SEQ #75 [LOCK] seq_err=0 BER_seq=0.0000e+00 | lock=75 slip=0 BER_cond=0.0000e+00 BER_cum=0.0000e+00
BER: SYNC #76 (gated)
CSV,1110008,222000,76,75,0,38434,0,0.000000e+00,0.000000e+00,475709.2,53251387392.0,298311.5,52.52,50.49
CSV,1115008,223000,76,75,0,38634,0,0.000000e+00,0.000000e+00,403338.4,47734075392.0,230560.7,53.16,50.73
CSV,1120008,224000,76,75,0,38834,0,0.000000e+00,0.000000e+00,384312.2,54579429376.0,225436.2,53.84,51.52
BER: END_SEQ #76 [LOCK] seq_err=0 BER_seq=0.0000e+00 | lock=76 slip=0 BER_cond=0.0000e+00 BER_cum=0.0000e+00
BER: SYNC #77 (gated)
CSV,1125008,225000,77,76,0,38956,0,0.000000e+00,0.000000e+00,477070.9,52393603072.0,288263.1,52.59,50.41
CSV,1130008,226000,77,76,0,39156,0,0.000000e+00,0.000000e+00,403650.6,48307113984.0,249338.5,52.87,50.78
BER: END_SEQ #77 [LOCK] seq_err=0 BER_seq=0.0000e+00 | lock=77 slip=0 BER_cond=0.0000e+00 BER_cum=0.0000e+00
CSV,1135008,227000,77,77,0,39347,0,0.000000e+00,0.000000e+00,431503.7,55334662144.0,248493.5,53.48,51.08
BER: SYNC #78 (gated)
CSV,1140008,228000,78,77,0,39479,0,0.000000e+00,0.000000e+00,472340.2,48697319424.0,280468.8,52.40,50.13
CSV,1145008,229000,78,77,0,39679,0,0.000000e+00,0.000000e+00,412040.6,52963336192.0,246642.0,53.32,51.09
BER: END_SEQ #78 [LOCK] seq_err=0 BER_seq=0.0000e+00 | lock=78 slip=0 BER_cond=0.0000e+00 BER_cum=0.0000e+00
CSV,1150008,230000,78,78,0,39858,0,0.000000e+00,0.000000e+00,459130.6,53021212672.0,252901.8,53.21,50.63
BER: SYNC #79 (gated)
CSV,1155008,231000,79,78,0,40002,0,0.000000e+00,0.000000e+00,431887.7,48202129408.0,260969.1,52.66,50.48
CSV,1160008,232000,79,78,0,40202,0,0.000000e+00,0.000000e+00,423017.2,52432781312.0,237795.9,53.43,50.93
BER: END_SEQ #79 [LOCK] seq_err=0 BER_seq=0.0000e+00 | lock=79 slip=0 BER_cond=0.0000e+00 BER_cum=0.0000e+00
CSV,1165008,233000,79,79,0,40369,0,0.000000e+00,0.000000e+00,464560.5,54861537280.0,274040.3,53.01,50.72
BER: SYNC #80 (gated)
CSV,1170008,234000,80,79,0,40524,0,0.000000e+00,0.000000e+00,413486.1,47634092032.0,247745.4,52.84,50.61
CSV,1175008,235000,80,79,0,40724,0,0.000000e+00,0.000000e+00,395370.8,54680846336.0,255122.0,53.31,51.41
BER: END_SEQ #80 [LOCK] seq_err=0 BER_seq=0.0000e+00 | lock=80 slip=0 BER_cond=0.0000e+00 BER_cum=0.0000e+00
CSV,1180008,236000,80,80,0,40880,0,0.000000e+00,0.000000e+00,474080.5,52092342272.0,300087.6,52.40,50.41
BER: SYNC #81 (gated)
CSV,1185008,237000,81,80,0,41047,0,0.000000e+00,0.000000e+00,420242.3,48104476672.0,257255.7,52.72,50.59
CSV,1190008,238000,81,80,0,41247,0,0.000000e+00,0.000000e+00,423703.3,53263564800.0,253137.9,53.23,50.99
BER: END_SEQ #81 [LOCK] seq_err=0 BER_seq=0.0000e+00 | lock=81 slip=0 BER_cond=0.0000e+00 BER_cum=0.0000e+00
CSV,1195008,239000,81,81,0,41391,0,0.000000e+00,0.000000e+00,452940.2,54236061696.0,264107.7,53.13,50.78
BER: SYNC #82 (gated)
CSV,1200008,240000,82,81,0,41570,0,0.000000e+00,0.000000e+00,378476.9,48571621376.0,238244.1,53.09,51.08
CSV,1205008,241000,82,81,0,41770,0,0.000000e+00,0.000000e+00,407261.2,54066421760.0,232353.7,53.67,51.23
BER: END_SEQ #82 [LOCK] seq_err=0 BER_seq=0.0000e+00 | lock=82 slip=0 BER_cond=0.0000e+00 BER_cum=0.0000e+00
CSV,1210008,242000,82,82,0,41902,0,0.000000e+00,0.000000e+00,441439.8,53229846528.0,283492.1,52.74,50.81
BER: SYNC #83 (gated)
CSV,1215008,243000,83,82,0,42093,0,0.000000e+00,0.000000e+00,393592.2,47395201024.0,230800.2,53.12,50.81
CSV,1220008,244000,83,82,0,42292,0,0.000000e+00,0.000000e+00,394546.4,52734922752.0,256547.5,53.13,51.26
BER: END_SEQ #83 [LOCK] seq_err=0 BER_seq=0.0000e+00 | lock=83 slip=0 BER_cond=0.0000e+00 BER_cum=0.0000e+00
BER: SYNC #84 (gated)
CSV,1225008,245000,84,83,0,42415,0,0.000000e+00,0.000000e+00,455169.5,55190290432.0,298377.6,52.67,50.84
CSV,1230008,246000,84,83,0,42615,0,0.000000e+00,0.000000e+00,390268.8,46928384000.0,231796.2,53.06,50.80
CSV,1235008,247000,84,83,0,42815,0,0.000000e+00,0.000000e+00,404220.8,54053924864.0,249282.7,53.36,51.26
BER: END_SEQ #84 [LOCK] seq_err=0 BER_seq=0.0000e+00 | lock=84 slip=0 BER_cond=0.0000e+00 BER_cum=0.0000e+00
BER: SYNC #85 (gated)
CSV,1240008,248000,85,84,0,42938,0,0.000000e+00,0.000000e+00,467260.6,55518560256.0,287789.1,52.85,50.75
CSV,1245008,249000,85,84,0,43138,0,0.000000e+00,0.000000e+00,370436.8,47075254272.0,234253.5,53.03,51.04
CSV,1250008,250000,85,84,0,43338,0,0.000000e+00,0.000000e+00,448570.4,52856598528.0,250197.6,53.25,50.71
BER: END_SEQ #85 [LOCK] seq_err=0 BER_seq=0.0000e+00 | lock=85 slip=0 BER_cond=0.0000e+00 BER_cum=0.0000e+00
BER: SYNC #86 (gated)
CSV,1255008,251000,86,85,0,43461,0,0.000000e+00,0.000000e+00,477785.9,55689859072.0,273342.8,53.09,50.67
CSV,1260008,252000,86,85,0,43661,0,0.000000e+00,0.000000e+00,407147.6,46461030400.0,254279.5,52.62,50.57
CSV,1265008,253000,86,85,0,43861,0,0.000000e+00,0.000000e+00,407870.5,53627789312.0,236926.9,53.55,51.19
BER: END_SEQ #86 [LOCK] seq_err=0 BER_seq=0.0000e+00 | lock=86 slip=0 BER_cond=0.0000e+00 BER_cum=0.0000e+00
BER: SYNC #87 (gated)
CSV,1270008,254000,87,86,0,43983,0,0.000000e+00,0.000000e+00,496237.5,53634129920.0,292843.2,52.63,50.34
CSV,1275008,255000,87,86,0,44183,0,0.000000e+00,0.000000e+00,408535.9,49123495936.0,265839.1,52.67,50.80
CSV,1280008,256000,87,86,0,44383,0,0.000000e+00,0.000000e+00,417066.3,53014904832.0,250253.8,53.26,51.04
BER: END_SEQ #87 [LOCK] seq_err=0 BER_seq=0.0000e+00 | lock=87 slip=0 BER_cond=0.0000e+00 BER_cum=0.0000e+00
BER: SYNC #88 (gated)
CSV,1285008,257000,88,87,0,44506,0,0.000000e+00,0.000000e+00,485383.6,53841354752.0,286477.3,52.74,50.45
CSV,1290008,258000,88,87,0,44706,0,0.000000e+00,0.000000e+00,399522.0,48522280960.0,226134.9,53.32,50.84
CSV,1295008,259000,88,87,0,44906,0,0.000000e+00,0.000000e+00,400252.9,52985237504.0,229808.0,53.63,51.22
BER: END_SEQ #88 [LOCK] seq_err=0 BER_seq=0.0000e+00 | lock=88 slip=0 BER_cond=0.0000e+00 BER_cum=0.0000e+00
BER: SYNC #89 (gated)
CSV,1300008,260000,89,88,0,45029,0,0.000000e+00,0.000000e+00,467306.2,54392553472.0,273345.7,52.99,50.66
CSV,1305008,261000,89,88,0,45229,0,0.000000e+00,0.000000e+00,398864.1,46871334912.0,227253.4,53.14,50.70
CSV,1310008,262000,89,88,0,45429,0,0.000000e+00,0.000000e+00,391547.1,53179387904.0,260114.9,53.11,51.33
BER: END_SEQ #89 [LOCK] seq_err=0 BER_seq=0.0000e+00 | lock=89 slip=0 BER_cond=0.0000e+00 BER_cum=0.0000e+00
BER: SYNC #90 (gated)
CSV,1315008,263000,90,89,0,45552,0,0.000000e+00,0.000000e+00,449589.6,56064077824.0,276271.7,53.07,50.96
CSV,1320008,264000,90,89,0,45751,0,0.000000e+00,0.000000e+00,378904.6,45230874624.0,250003.5,52.57,50.77
CSV,1325008,265000,90,89,0,45952,0,0.000000e+00,0.000000e+00,381916.6,54206640128.0,259754.8,53.19,51.52
BER: END_SEQ #90 [LOCK] seq_err=0 BER_seq=0.0000e+00 | lock=90 slip=0 BER_cond=0.0000e+00 BER_cum=0.0000e+00
BER: SYNC #91 (gated)
CSV,1330008,266000,91,90,0,46074,0,0.000000e+00,0.000000e+00,477907.0,55203217408.0,293146.8,52.75,50.63
CSV,1335008,267000,91,90,0,46274,0,0.000000e+00,0.000000e+00,384414.5,46639226880.0,236681.6,52.95,50.84
CSV,1340008,268000,91,90,0,46474,0,0.000000e+00,0.000000e+00,397385.9,54432378880.0,239266.7,53.57,51.37
BER: END_SEQ #91 [LOCK] seq_err=0 BER_seq=0.0000e+00 | lock=91 slip=0 BER_cond=0.0000e+00 BER_cum=0.0000e+00
BER: SYNC #92 (gated)
CSV,1345008,269000,92,91,0,46597,0,0.000000e+00,0.000000e+00,455228.3,53935427584.0,282519.2,52.81,50.74
CSV,1350008,270000,92,91,0,46797,0,0.000000e+00,0.000000e+00,389080.3,47361134592.0,228326.6,53.17,50.85
CSV,1355008,271000,92,91,0,46997,0,0.000000e+00,0.000000e+00,404019.2,53582446592.0,240094.4,53.49,51.23
BER: END_SEQ #92 [LOCK] seq_err=0 BER_seq=0.0000e+00 | lock=92 slip=0 BER_cond=0.0000e+00 BER_cum=0.0000e+00
BER: SYNC #93 (gated)
CSV,1360008,272000,93,92,0,47120,0,0.000000e+00,0.000000e+00,464728.8,54689734656.0,290141.7,52.75,50.71
CSV,1365008,273000,93,92,0,47320,0,0.000000e+00,0.000000e+00,409165.9,47144136704.0,252454.1,52.71,50.62
CSV,1370008,274000,93,92,0,47520,0,0.000000e+00,0.000000e+00,393434.1,54925672448.0,241423.5,53.57,51.45
BER: END_SEQ #93 [LOCK] seq_err=0 BER_seq=0.0000e+00 | lock=93 slip=0 BER_cond=0.0000e+00 BER_cum=0.0000e+00
BER: SYNC #94 (gated)
CSV,1375008,275000,94,93,0,47642,0,0.000000e+00,0.000000e+00,480931.6,51502096384.0,289371.3,52.50,50.30
CSV,1380008,276000,94,93,0,47842,0,0.000000e+00,0.000000e+00,402588.0,49697476608.0,231367.0,53.32,50.91
BER: END_SEQ #94 [LOCK] seq_err=0 BER_seq=0.0000e+00 | lock=94 slip=0 BER_cond=0.0000e+00 BER_cum=0.0000e+00
CSV,1385008,277000,94,94,0,48034,0,0.000000e+00,0.000000e+00,446352.8,54396534784.0,238353.1,53.58,50.86
BER: SYNC #95 (gated)
CSV,1390008,278000,95,94,0,48165,0,0.000000e+00,0.000000e+00,477963.1,50341179392.0,292702.5,52.35,50.23
CSV,1395008,279000,95,94,0,48365,0,0.000000e+00,0.000000e+00,403617.7,51841695744.0,240640.4,53.33,51.09
BER: END_SEQ #95 [LOCK] seq_err=0 BER_seq=0.0000e+00 | lock=95 slip=0 BER_cond=0.0000e+00 BER_cum=0.0000e+00
CSV,1400008,280000,95,95,0,48545,0,0.000000e+00,0.000000e+00,460182.7,54414733312.0,270571.9,53.03,50.73
BER: SYNC #96 (gated)
CSV,1405008,281000,96,95,0,48688,0,0.000000e+00,0.000000e+00,428878.7,47477911552.0,262397.6,52.58,50.44
CSV,1410008,282000,96,95,0,48888,0,0.000000e+00,0.000000e+00,415744.9,53618810880.0,268319.5,53.01,51.10
BER: END_SEQ #96 [LOCK] seq_err=0 BER_seq=0.0000e+00 | lock=96 slip=0 BER_cond=0.0000e+00 BER_cum=0.0000e+00
CSV,1415008,283000,96,96,0,49056,0,0.000000e+00,0.000000e+00,467104.2,53998731264.0,272275.1,52.97,50.63
BER: SYNC #97 (gated)
CSV,1420008,284000,97,96,0,49211,0,0.000000e+00,0.000000e+00,423128.8,48764227584.0,264447.8,52.66,50.62
CSV,1425008,285000,97,96,0,49411,0,0.000000e+00,0.000000e+00,415790.8,53542199296.0,243378.9,53.42,51.10
BER: END_SEQ #97 [LOCK] seq_err=0 BER_seq=0.0000e+00 | lock=97 slip=0 BER_cond=0.0000e+00 BER_cum=0.0000e+00
CSV,1430008,286000,97,97,0,49567,0,0.000000e+00,0.000000e+00,463772.5,53800718336.0,260451.3,53.15,50.64
BER: SYNC #98 (gated)
CSV,1435008,287000,98,97,0,49733,0,0.000000e+00,0.000000e+00,409683.4,47297785856.0,241501.5,52.92,50.62
CSV,1440008,288000,98,97,0,49933,0,0.000000e+00,0.000000e+00,415151.6,54522249216.0,246487.8,53.45,51.18
BER: END_SEQ #98 [LOCK] seq_err=0 BER_seq=0.0000e+00 | lock=98 slip=0 BER_cond=0.0000e+00 BER_cum=0.0000e+00
CSV,1445008,289000,98,98,0,50078,0,0.000000e+00,0.000000e+00,451655.5,53258240000.0,301728.7,52.47,50.72
BER: SYNC #99 (gated)
CSV,1450008,290000,99,98,0,50256,0,0.000000e+00,0.000000e+00,388434.5,49523367936.0,235438.9,53.23,51.05
CSV,1455008,291000,99,98,0,50456,0,0.000000e+00,0.000000e+00,405765.2,53631528960.0,270346.4,52.97,51.21
BER: END_SEQ #99 [LOCK] seq_err=0 BER_seq=0.0000e+00 | lock=99 slip=0 BER_cond=0.0000e+00 BER_cum=0.0000e+00
CSV,1460008,292000,99,99,0,50589,0,0.000000e+00,0.000000e+00,453848.2,54253215744.0,305700.3,52.49,50.78
BER: SYNC #100 (gated)
CSV,1465008,293000,100,99,0,50779,0,0.000000e+00,0.000000e+00,400109.3,47198953472.0,241422.2,52.91,50.72
CSV,1470008,294000,100,99,0,50979,0,0.000000e+00,0.000000e+00,403365.1,53634433024.0,245022.6,53.40,51.24
BER: END_SEQ #100 [LOCK] seq_err=0 BER_seq=0.0000e+00 | lock=100 slip=0 BER_cond=0.0000e+00 BER_cum=0.0000e+00
BER: SYNC #101 (gated)
CSV,1475008,295000,101,100,0,51101,0,0.000000e+00,0.000000e+00,459768.8,54094147584.0,278874.7,52.88,50.71
CSV,1480008,296000,101,100,0,51301,0,0.000000e+00,0.000000e+00,384552.3,47720595456.0,233250.4,53.11,50.94
CSV,1485008,297000,101,100,0,51501,0,0.000000e+00,0.000000e+00,410845.4,53110059008.0,236116.5,53.52,51.11
BER: END_SEQ #101 [LOCK] seq_err=0 BER_seq=0.0000e+00 | lock=101 slip=0 BER_cond=0.0000e+00 BER_cum=0.0000e+00
BER: SYNC #102 (gated)
CSV,1490008,298000,102,101,0,51624,0,0.000000e+00,0.000000e+00,460161.0,56428244992.0,290056.3,52.89,50.89
CSV,1495008,299000,102,101,0,51824,0,0.000000e+00,0.000000e+00,376713.1,46790991872.0,248415.3,52.75,50.94
CSV,1500008,300000,102,101,0,52024,0,0.000000e+00,0.000000e+00,438113.0,53641527296.0,257952.3,53.18,50.88
BER: END_SEQ #102 [LOCK] seq_err=0 BER_seq=0.0000e+00 | lock=102 slip=0 BER_cond=0.0000e+00 BER_cum=0.0000e+00

=========================================
=== END OF TEST (duration=25 min) ===
=========================================
FINAL: syncs=102 lock=102 slip=0 slip_rate=0.0000
FINAL: bits_cum=52122 err_cum=0 BER_cum=0.0000e+00
FINAL: bits_lock=52122 err_lock=0 BER_cond=0.0000e+00
=========================================
=== STOP LOGGING NOW ===
=========================================
