

=== RX BOOT - BER TEST MODE ===
BPS_MODE=20 (HALF_SAMPLES=2000, 10000 samples/bit @ 200000 Hz)
Expect: 64-bit preamble + Barker13 (1F35h, gated by 8 preamble bits = 0x55) + 511-bit PRBS-9
Noise floor band: 5000 Hz; lock threshold: BER<0.10
Auto-stop: test will halt 25 min after the first sync.
RX: edge-tracking sync, center-3 voting
Starting decoder...

CSV,5010,500,0,0,0,0,0,0.000000e+00,0.000000e+00,150562455552.0,180415004672.0,1577024.6,50.58,0.79
BER: SYNC #1 (gated)
CSV,10010,1000,1,0,0,92,0,0.000000e+00,0.000000e+00,188536832000.0,159645253632.0,1096552.1,52.35,0.72
CSV,15010,1500,1,0,0,192,0,0.000000e+00,0.000000e+00,218352631808.0,130307022848.0,1041607.8,53.21,2.24
CSV,20010,2000,1,0,0,292,0,0.000000e+00,0.000000e+00,178353848320.0,160574603264.0,1067160.8,52.23,0.46
CSV,25010,2500,1,0,0,392,0,0.000000e+00,0.000000e+00,173991133184.0,167138312192.0,1104425.2,51.97,0.17
CSV,30010,3000,1,0,0,492,0,0.000000e+00,0.000000e+00,182468935680.0,170349772800.0,1139259.9,52.05,0.30
BER: END_SEQ #1 [LOCK] seq_err=0 BER_seq=0.0000e+00 | lock=1 slip=0 BER_cond=0.0000e+00 BER_cum=0.0000e+00
BER: SYNC #2 (gated)
CSV,35010,3500,2,1,0,515,0,0.000000e+00,0.000000e+00,165645516800.0,172774555648.0,1819937.2,49.77,0.18
CSV,40010,4000,2,1,0,615,0,0.000000e+00,0.000000e+00,169349136384.0,169668395008.0,1172554.1,51.60,0.01
CSV,45010,4500,2,1,0,715,0,0.000000e+00,0.000000e+00,227455631360.0,122922942464.0,1111924.9,53.11,2.67
CSV,50010,5000,2,1,0,815,0,0.000000e+00,0.000000e+00,182897917952.0,170866556928.0,987469.1,52.68,0.30
CSV,55010,5500,2,1,0,915,0,0.000000e+00,0.000000e+00,174523547648.0,170246127616.0,1104241.8,51.99,0.11
CSV,60010,6000,2,1,0,1015,0,0.000000e+00,0.000000e+00,177030234112.0,166287654912.0,922982.6,52.83,0.27
BER: END_SEQ #2 [LOCK] seq_err=0 BER_seq=0.0000e+00 | lock=2 slip=0 BER_cond=0.0000e+00 BER_cum=0.0000e+00
BER: SYNC #3 (gated)
CSV,65010,6500,3,2,0,1038,0,0.000000e+00,0.000000e+00,154931789824.0,179123617792.0,1850532.8,49.86,0.63
CSV,70010,7000,3,2,0,1138,0,0.000000e+00,0.000000e+00,197696110592.0,159181897728.0,1017703.2,52.88,0.94
CSV,75010,7500,3,2,0,1238,0,0.000000e+00,0.000000e+00,211561693184.0,142001045504.0,1094518.9,52.86,1.73
CSV,80010,8000,3,2,0,1338,0,0.000000e+00,0.000000e+00,187418968064.0,156267069440.0,1007655.3,52.70,0.79
CSV,85010,8500,3,2,0,1438,0,0.000000e+00,0.000000e+00,174277246976.0,170235478016.0,986424.1,52.47,0.10
BER: END_SEQ #3 [LOCK] seq_err=0 BER_seq=0.0000e+00 | lock=3 slip=0 BER_cond=0.0000e+00 BER_cum=0.0000e+00
CSV,90010,9000,3,3,0,1533,0,0.000000e+00,0.000000e+00,171085660160.0,182261809152.0,911950.6,53.01,0.27
BER: SYNC #4 (gated)
CSV,95010,9500,4,3,0,1561,0,0.000000e+00,0.000000e+00,171599724544.0,175956541440.0,1822784.0,49.85,0.11
CSV,100010,10000,4,3,0,1660,0,0.000000e+00,0.000000e+00,208323084288.0,140601884672.0,1062947.2,52.92,1.71
CSV,105010,10500,4,3,0,1760,0,0.000000e+00,0.000000e+00,193339179008.0,153501581312.0,1120711.9,52.37,1.00
CSV,110010,11000,4,3,0,1860,0,0.000000e+00,0.000000e+00,183506518016.0,172155371520.0,1150766.8,52.03,0.28
CSV,115010,11500,4,3,0,1960,0,0.000000e+00,0.000000e+00,184827150336.0,168195260416.0,1175620.0,51.96,0.41
BER: END_SEQ #4 [LOCK] seq_err=0 BER_seq=0.0000e+00 | lock=4 slip=0 BER_cond=0.0000e+00 BER_cum=0.0000e+00
CSV,120010,12000,4,4,0,2044,0,0.000000e+00,0.000000e+00,169012527104.0,174218854400.0,1259510.6,51.41,0.13
BER: SYNC #5 (gated)
CSV,125010,12500,5,4,0,2083,0,0.000000e+00,0.000000e+00,178145607680.0,161239711744.0,1603305.4,50.46,0.43
CSV,130010,13000,5,4,0,2183,0,0.000000e+00,0.000000e+00,211705184256.0,146873810944.0,1074496.8,52.95,1.59
CSV,135010,13500,5,4,0,2283,0,0.000000e+00,0.000000e+00,184823005184.0,169291726848.0,1077202.0,52.34,0.38
CSV,140010,14000,5,4,0,2383,0,0.000000e+00,0.000000e+00,188189736960.0,159672696832.0,1114204.1,52.28,0.71
CSV,145010,14500,5,4,0,2483,0,0.000000e+00,0.000000e+00,173733216256.0,170514382848.0,1150687.2,51.79,0.08
BER: END_SEQ #5 [LOCK] seq_err=0 BER_seq=0.0000e+00 | lock=5 slip=0 BER_cond=0.0000e+00 BER_cum=0.0000e+00
CSV,150010,15000,5,5,0,2555,0,0.000000e+00,0.000000e+00,177055662080.0,177859952640.0,1469037.9,50.83,0.02
BER: SYNC #6 (gated)
CSV,155010,15500,6,5,0,2606,0,0.000000e+00,0.000000e+00,183840096256.0,172782239744.0,1578969.4,50.66,0.27
CSV,160010,16000,6,5,0,2706,0,0.000000e+00,0.000000e+00,219177140224.0,135819501568.0,1035267.5,53.26,2.08
CSV,165010,16500,6,5,0,2806,0,0.000000e+00,0.000000e+00,173358317568.0,171177082880.0,1149617.6,51.78,0.05
CSV,170010,17000,6,5,0,2906,0,0.000000e+00,0.000000e+00,186570932224.0,169704390656.0,1062402.2,52.45,0.41
CSV,175010,17500,6,5,0,3006,0,0.000000e+00,0.000000e+00,189255909376.0,169912123392.0,1134258.5,52.22,0.47
BER: END_SEQ #6 [LOCK] seq_err=0 BER_seq=0.0000e+00 | lock=6 slip=0 BER_cond=0.0000e+00 BER_cum=0.0000e+00
CSV,180010,18000,6,6,0,3066,0,0.000000e+00,0.000000e+00,169024782336.0,173984219136.0,1453856.0,50.78,0.13
BER: SYNC #7 (gated)
CSV,185010,18500,7,6,0,3129,0,0.000000e+00,0.000000e+00,173334773760.0,171465932800.0,1289778.0,51.28,0.05
CSV,190010,19000,7,6,0,3229,0,0.000000e+00,0.000000e+00,230211960832.0,131402612736.0,1010491.8,53.58,2.44
CSV,195010,19500,7,6,0,3329,0,0.000000e+00,0.000000e+00,193460977664.0,168240726016.0,1186493.8,52.12,0.61
CSV,200010,20000,7,6,0,3429,0,0.000000e+00,0.000000e+00,171917099008.0,177752555520.0,992215.7,52.53,0.14
CSV,205010,20500,7,6,0,3528,0,0.000000e+00,0.000000e+00,182639968256.0,165080596480.0,1144838.0,52.03,0.44
BER: END_SEQ #7 [LOCK] seq_err=0 BER_seq=0.0000e+00 | lock=7 slip=0 BER_cond=0.0000e+00 BER_cum=0.0000e+00
CSV,210010,21000,7,7,0,3577,0,0.000000e+00,0.000000e+00,170037477376.0,181590441984.0,1529158.4,50.75,0.29
BER: SYNC #8 (gated)
CSV,215010,21500,8,7,0,3651,0,0.000000e+00,0.000000e+00,181660041216.0,180409597952.0,1138323.1,52.03,0.03
CSV,220010,22000,8,7,0,3751,0,0.000000e+00,0.000000e+00,223991119872.0,133399207936.0,1162862.5,52.85,2.25
CSV,225010,22500,8,7,0,3851,0,0.000000e+00,0.000000e+00,192011763712.0,158107582464.0,1222362.9,51.96,0.84
CSV,230010,23000,8,7,0,3951,0,0.000000e+00,0.000000e+00,163270803456.0,189940940800.0,1024712.2,52.68,0.66
CSV,235010,23500,8,7,0,4051,0,0.000000e+00,0.000000e+00,200803319808.0,164686184448.0,1052459.6,52.81,0.86
BER: END_SEQ #8 [LOCK] seq_err=0 BER_seq=0.0000e+00 | lock=8 slip=0 BER_cond=0.0000e+00 BER_cum=0.0000e+00
CSV,240010,24000,8,8,0,4088,0,0.000000e+00,0.000000e+00,166669533184.0,176852713472.0,1810608.1,49.90,0.26
BER: SYNC #9 (gated)
CSV,245010,24500,9,8,0,4174,0,0.000000e+00,0.000000e+00,180559757312.0,171027447808.0,1040491.7,52.39,0.24
CSV,250010,25000,9,8,0,4274,0,0.000000e+00,0.000000e+00,220373909504.0,140709478400.0,1106159.5,52.99,1.95
CSV,255010,25500,9,8,0,4374,0,0.000000e+00,0.000000e+00,193312440320.0,171873632256.0,1059452.5,52.61,0.51
CSV,260010,26000,9,8,0,4474,0,0.000000e+00,0.000000e+00,179081740288.0,174305230848.0,1019879.6,52.45,0.12
CSV,265010,26500,9,8,0,4574,0,0.000000e+00,0.000000e+00,179250561024.0,169890594816.0,1212668.2,51.70,0.23
BER: END_SEQ #9 [LOCK] seq_err=0 BER_seq=0.0000e+00 | lock=9 slip=0 BER_cond=0.0000e+00 BER_cum=0.0000e+00
CSV,270010,27000,9,9,0,4599,0,0.000000e+00,0.000000e+00,163733323776.0,184415698944.0,1817009.2,50.06,0.52
BER: SYNC #10 (gated)
CSV,275010,27500,10,9,0,4697,0,0.000000e+00,0.000000e+00,194782412800.0,170899226624.0,990536.8,52.94,0.57
CSV,280010,28000,10,9,0,4797,0,0.000000e+00,0.000000e+00,229780652032.0,131583434752.0,1110577.4,53.16,2.42
CSV,285010,28500,10,9,0,4897,0,0.000000e+00,0.000000e+00,180489535488.0,170671538176.0,1108971.5,52.12,0.24
CSV,290010,29000,10,9,0,4997,0,0.000000e+00,0.000000e+00,177894719488.0,176539090944.0,1156024.2,51.87,0.03
CSV,295010,29500,10,9,0,5097,0,0.000000e+00,0.000000e+00,184310595584.0,181287059456.0,1100821.1,52.24,0.07
BER: END_SEQ #10 [LOCK] seq_err=0 BER_seq=0.0000e+00 | lock=10 slip=0 BER_cond=0.0000e+00 BER_cum=0.0000e+00
BER: SYNC #11 (gated)
CSV,300010,30000,11,10,0,5120,0,0.000000e+00,0.000000e+00,172124061696.0,178561892352.0,1876886.4,49.78,0.16
CSV,305010,30500,11,10,0,5219,0,0.000000e+00,0.000000e+00,184272699392.0,167995883520.0,1253550.0,51.67,0.40
CSV,310010,31000,11,10,0,5319,0,0.000000e+00,0.000000e+00,219159609344.0,142024720384.0,1063678.6,53.14,1.88
CSV,315010,31500,11,10,0,5419,0,0.000000e+00,0.000000e+00,198720585728.0,168129331200.0,1052392.8,52.76,0.73
CSV,320010,32000,11,10,0,5519,0,0.000000e+00,0.000000e+00,172353126400.0,183128965120.0,1184987.1,51.89,0.26
CSV,325010,32500,11,10,0,5619,0,0.000000e+00,0.000000e+00,178699468800.0,176553476096.0,906198.6,52.95,0.05
BER: END_SEQ #11 [LOCK] seq_err=0 BER_seq=0.0000e+00 | lock=11 slip=0 BER_cond=0.0000e+00 BER_cum=0.0000e+00
BER: SYNC #12 (gated)
CSV,330010,33000,12,11,0,5642,0,0.000000e+00,0.000000e+00,169668640768.0,176657399808.0,1845726.5,49.81,0.18
CSV,335010,33500,12,11,0,5742,0,0.000000e+00,0.000000e+00,206295236608.0,162493939712.0,1047302.5,52.94,1.04
CSV,340010,34000,12,11,0,5842,0,0.000000e+00,0.000000e+00,217787940864.0,145878810624.0,1158635.4,52.74,1.74
CSV,345010,34500,12,11,0,5942,0,0.000000e+00,0.000000e+00,183056744448.0,170063806464.0,1006764.7,52.60,0.32
CSV,350010,35000,12,11,0,6042,0,0.000000e+00,0.000000e+00,181645279232.0,173487964160.0,1091407.0,52.21,0.20
BER: END_SEQ #12 [LOCK] seq_err=0 BER_seq=0.0000e+00 | lock=12 slip=0 BER_cond=0.0000e+00 BER_cum=0.0000e+00
CSV,355010,35500,12,12,0,6132,0,0.000000e+00,0.000000e+00,175491530752.0,188369305600.0,1064231.0,52.48,0.31
BER: SYNC #13 (gated)
CSV,360010,36000,13,12,0,6165,0,0.000000e+00,0.000000e+00,183886168064.0,175316484096.0,1685490.9,50.38,0.21
CSV,365010,36500,13,12,0,6265,0,0.000000e+00,0.000000e+00,213495119872.0,145273176064.0,1118672.1,52.81,1.67
CSV,370010,37000,13,12,0,6365,0,0.000000e+00,0.000000e+00,185679265792.0,169441624064.0,1103000.4,52.26,0.40
CSV,375010,37500,13,12,0,6465,0,0.000000e+00,0.000000e+00,190665883648.0,175574089728.0,1066718.6,52.52,0.36
CSV,380010,38000,13,12,0,6565,0,0.000000e+00,0.000000e+00,193933213696.0,169079947264.0,1088512.1,52.51,0.60
BER: END_SEQ #13 [LOCK] seq_err=0 BER_seq=0.0000e+00 | lock=13 slip=0 BER_cond=0.0000e+00 BER_cum=0.0000e+00
CSV,385010,38500,13,13,0,6643,0,0.000000e+00,0.000000e+00,169026748416.0,182615916544.0,1287754.9,51.52,0.34
BER: SYNC #14 (gated)
CSV,390010,39000,14,13,0,6688,0,0.000000e+00,0.000000e+00,182905683968.0,168187658240.0,1555685.5,50.70,0.36
CSV,395010,39500,14,13,0,6788,0,0.000000e+00,0.000000e+00,223663161344.0,147063029760.0,1055720.5,53.26,1.82
CSV,400010,40000,14,13,0,6888,0,0.000000e+00,0.000000e+00,186226163712.0,177381326848.0,1138962.8,52.14,0.21
CSV,405010,40500,14,13,0,6987,0,0.000000e+00,0.000000e+00,186754482176.0,169672032256.0,955820.4,52.91,0.42
CSV,410010,41000,14,13,0,7087,0,0.000000e+00,0.000000e+00,176807051264.0,177200463872.0,1127727.4,51.96,0.01
BER: END_SEQ #14 [LOCK] seq_err=0 BER_seq=0.0000e+00 | lock=14 slip=0 BER_cond=0.0000e+00 BER_cum=0.0000e+00
CSV,415010,41500,14,14,0,7154,0,0.000000e+00,0.000000e+00,183574822912.0,181288763392.0,1564530.5,50.69,0.05
BER: SYNC #15 (gated)
CSV,420010,42000,15,14,0,7210,0,0.000000e+00,0.000000e+00,187553267712.0,177841471488.0,1368648.8,51.37,0.23
CSV,425010,42500,15,14,0,7310,0,0.000000e+00,0.000000e+00,222564696064.0,139157176320.0,1033276.9,53.33,2.04
CSV,430010,43000,15,14,0,7410,0,0.000000e+00,0.000000e+00,188590751744.0,167259029504.0,1140355.9,52.18,0.52
CSV,435010,43500,15,14,0,7510,0,0.000000e+00,0.000000e+00,174913699840.0,188420325376.0,1172534.4,52.06,0.32
CSV,440010,44000,15,14,0,7610,0,0.000000e+00,0.000000e+00,203933057024.0,165524373504.0,1192525.9,52.33,0.91
BER: END_SEQ #15 [LOCK] seq_err=0 BER_seq=0.0000e+00 | lock=15 slip=0 BER_cond=0.0000e+00 BER_cum=0.0000e+00
CSV,445010,44500,15,15,0,7665,0,0.000000e+00,0.000000e+00,165526487040.0,184047681536.0,1606076.2,50.59,0.46
BER: SYNC #16 (gated)
CSV,450010,45000,16,15,0,7733,0,0.000000e+00,0.000000e+00,173607305216.0,180190068736.0,1457586.8,50.92,0.16
CSV,455010,45500,16,15,0,7833,0,0.000000e+00,0.000000e+00,234400956416.0,135605551104.0,1130649.8,53.17,2.38
CSV,460010,46000,16,15,0,7933,0,0.000000e+00,0.000000e+00,198352601088.0,171098390528.0,1118899.6,52.49,0.64
CSV,465010,46500,16,15,0,8033,0,0.000000e+00,0.000000e+00,173444890624.0,182278684672.0,1175697.4,51.90,0.22
CSV,470010,47000,16,15,0,8133,0,0.000000e+00,0.000000e+00,193855258624.0,163161604096.0,1049557.9,52.66,0.75
BER: END_SEQ #16 [LOCK] seq_err=0 BER_seq=0.0000e+00 | lock=16 slip=0 BER_cond=0.0000e+00 BER_cum=0.0000e+00
CSV,475010,47500,16,16,0,8176,0,0.000000e+00,0.000000e+00,168175140864.0,189802807296.0,1670776.2,50.55,0.53
BER: SYNC #17 (gated)
CSV,480010,48000,17,16,0,8256,0,0.000000e+00,0.000000e+00,181788688384.0,186388905984.0,1107580.8,52.26,0.11
CSV,485010,48500,17,16,0,8356,0,0.000000e+00,0.000000e+00,223962333184.0,141651542016.0,1088208.1,53.13,1.99
CSV,490010,49000,17,16,0,8456,0,0.000000e+00,0.000000e+00,202375856128.0,156052799488.0,1185896.4,52.32,1.13
CSV,495010,49500,17,16,0,8556,0,0.000000e+00,0.000000e+00,166133727232.0,196118052864.0,1090042.1,52.55,0.72
CSV,500010,50000,17,16,0,8656,0,0.000000e+00,0.000000e+00,198682443776.0,174249246720.0,1024737.1,52.88,0.57
BER: END_SEQ #17 [LOCK] seq_err=0 BER_seq=0.0000e+00 | lock=17 slip=0 BER_cond=0.0000e+00 BER_cum=0.0000e+00
CSV,505010,50500,17,17,0,8687,0,0.000000e+00,0.000000e+00,164683857920.0,186910556160.0,1867567.1,50.00,0.55
BER: SYNC #18 (gated)
CSV,510010,51000,18,17,0,8778,0,0.000000e+00,0.000000e+00,194837856256.0,165291261952.0,1059759.5,52.64,0.71
CSV,515010,51500,18,17,0,8878,0,0.000000e+00,0.000000e+00,226059485184.0,141651001344.0,1088756.4,53.17,2.03
CSV,520010,52000,18,17,0,8978,0,0.000000e+00,0.000000e+00,194154725376.0,177820860416.0,1053133.1,52.66,0.38
CSV,525010,52500,18,17,0,9078,0,0.000000e+00,0.000000e+00,184421908480.0,176382640128.0,1134067.0,52.11,0.19
CSV,530010,53000,18,17,0,9178,0,0.000000e+00,0.000000e+00,184429395968.0,174023901184.0,941886.4,52.92,0.25
BER: END_SEQ #18 [LOCK] seq_err=0 BER_seq=0.0000e+00 | lock=18 slip=0 BER_cond=0.0000e+00 BER_cum=0.0000e+00
BER: SYNC #19 (gated)
CSV,535010,53500,19,18,0,9201,0,0.000000e+00,0.000000e+00,169058648064.0,186530086912.0,1876765.8,49.97,0.43
CSV,540010,54000,19,18,0,9301,0,0.000000e+00,0.000000e+00,188229353472.0,183724457984.0,1092362.2,52.36,0.11
CSV,545010,54500,19,18,0,9401,0,0.000000e+00,0.000000e+00,235704844288.0,132883169280.0,1074707.5,53.41,2.49
CSV,550010,55000,19,18,0,9501,0,0.000000e+00,0.000000e+00,183378706432.0,175560654848.0,1150096.1,52.03,0.19
CSV,555010,55500,19,18,0,9601,0,0.000000e+00,0.000000e+00,181067694080.0,180491599872.0,1268085.2,51.55,0.01
CSV,560010,56000,19,18,0,9701,0,0.000000e+00,0.000000e+00,193699446784.0,179697418240.0,1111512.4,52.41,0.33
BER: END_SEQ #19 [LOCK] seq_err=0 BER_seq=0.0000e+00 | lock=19 slip=0 BER_cond=0.0000e+00 BER_cum=0.0000e+00
BER: SYNC #20 (gated)
CSV,565010,56500,20,19,0,9724,0,0.000000e+00,0.000000e+00,160227885056.0,195490529280.0,1825694.5,50.30,0.86
CSV,570010,57000,20,19,0,9824,0,0.000000e+00,0.000000e+00,199090601984.0,160882786304.0,1171417.5,52.30,0.93
CSV,575010,57500,20,19,0,9924,0,0.000000e+00,0.000000e+00,220833300480.0,146551963648.0,1041640.5,53.26,1.78
CSV,580010,58000,20,19,0,10024,0,0.000000e+00,0.000000e+00,199597834240.0,174396047360.0,1175752.6,52.30,0.59
CSV,585010,58500,20,19,0,10124,0,0.000000e+00,0.000000e+00,182190096384.0,181399863296.0,1179645.0,51.89,0.02
BER: END_SEQ #20 [LOCK] seq_err=0 BER_seq=0.0000e+00 | lock=20 slip=0 BER_cond=0.0000e+00 BER_cum=0.0000e+00
CSV,590010,59000,20,20,0,10220,0,0.000000e+00,0.000000e+00,171807375360.0,185992757248.0,1201429.8,51.90,0.34
BER: SYNC #21 (gated)
CSV,595010,59500,21,20,0,10247,0,0.000000e+00,0.000000e+00,172192219136.0,180274053120.0,1752855.9,50.12,0.20
CSV,600010,60000,21,20,0,10347,0,0.000000e+00,0.000000e+00,223024939008.0,154012745728.0,1141054.2,52.91,1.61
CSV,605010,60500,21,20,0,10447,0,0.000000e+00,0.000000e+00,206593802240.0,160417529856.0,1139461.5,52.58,1.10
CSV,610010,61000,21,20,0,10546,0,0.000000e+00,0.000000e+00,184217665536.0,176740810752.0,960942.9,52.83,0.18
CSV,615010,61500,21,20,0,10646,0,0.000000e+00,0.000000e+00,184263770112.0,176941744128.0,1126561.9,52.14,0.18
BER: END_SEQ #21 [LOCK] seq_err=0 BER_seq=0.0000e+00 | lock=21 slip=0 BER_cond=0.0000e+00 BER_cum=0.0000e+00
CSV,620010,62000,21,21,0,10731,0,0.000000e+00,0.000000e+00,182242312192.0,188661792768.0,1163139.8,52.10,0.15
BER: SYNC #22 (gated)
CSV,625010,62500,22,21,0,10769,0,0.000000e+00,0.000000e+00,190469898240.0,174341095424.0,1631115.2,50.67,0.38
CSV,630010,63000,22,21,0,10869,0,0.000000e+00,0.000000e+00,216111267840.0,147487883264.0,1144597.9,52.76,1.66
CSV,635010,63500,22,21,0,10969,0,0.000000e+00,0.000000e+00,184109826048.0,176214769664.0,1164440.6,51.99,0.19
CSV,640010,64000,22,21,0,11069,0,0.000000e+00,0.000000e+00,200942043136.0,171816534016.0,1026588.1,52.92,0.68
CSV,645010,64500,22,21,0,11169,0,0.000000e+00,0.000000e+00,183716478976.0,183290380288.0,1087429.9,52.28,0.01
BER: END_SEQ #22 [LOCK] seq_err=0 BER_seq=0.0000e+00 | lock=22 slip=0 BER_cond=0.0000e+00 BER_cum=0.0000e+00
CSV,650010,65000,22,22,0,11242,0,0.000000e+00,0.000000e+00,175998713856.0,180343996416.0,1317263.2,51.36,0.11
BER: SYNC #23 (gated)
CSV,655010,65500,23,22,0,11292,0,0.000000e+00,0.000000e+00,181657501696.0,174224457728.0,1626284.6,50.48,0.18
CSV,660010,66000,23,22,0,11392,0,0.000000e+00,0.000000e+00,228175265792.0,148183154688.0,924957.1,53.92,1.87
CSV,665010,66500,23,22,0,11492,0,0.000000e+00,0.000000e+00,186736328704.0,182069444608.0,1142932.9,52.13,0.11
CSV,670010,67000,23,22,0,11592,0,0.000000e+00,0.000000e+00,188369616896.0,172874842112.0,1091659.5,52.37,0.37
CSV,675010,67500,23,22,0,11692,0,0.000000e+00,0.000000e+00,184783601664.0,175137832960.0,1055399.5,52.43,0.23
BER: END_SEQ #23 [LOCK] seq_err=0 BER_seq=0.0000e+00 | lock=23 slip=0 BER_cond=0.0000e+00 BER_cum=0.0000e+00
CSV,680010,68000,23,23,0,11753,0,0.000000e+00,0.000000e+00,184769953792.0,185493946368.0,1393604.8,51.24,0.02
BER: SYNC #24 (gated)
CSV,685010,68500,24,23,0,11815,0,0.000000e+00,0.000000e+00,185704185856.0,184644632576.0,1364253.5,51.34,0.02
CSV,690010,69000,24,23,0,11915,0,0.000000e+00,0.000000e+00,229506383872.0,137404162048.0,1197778.4,52.82,2.23
CSV,695010,69500,24,23,0,12015,0,0.000000e+00,0.000000e+00,192150700032.0,169479897088.0,1176512.8,52.13,0.55
CSV,700010,70000,24,23,0,12115,0,0.000000e+00,0.000000e+00,180860403712.0,188910059520.0,1069199.5,52.47,0.19
CSV,705010,70500,24,23,0,12215,0,0.000000e+00,0.000000e+00,198317064192.0,174664040448.0,1209723.4,52.15,0.55
BER: END_SEQ #24 [LOCK] seq_err=0 BER_seq=0.0000e+00 | lock=24 slip=0 BER_cond=0.0000e+00 BER_cum=0.0000e+00
CSV,710010,71000,24,24,0,12264,0,0.000000e+00,0.000000e+00,168877309952.0,185858605056.0,1679222.0,50.44,0.42
BER: SYNC #25 (gated)
CSV,715010,71500,25,24,0,12337,0,0.000000e+00,0.000000e+00,176048160768.0,184042422272.0,1151493.5,52.04,0.19
CSV,720010,72000,25,24,0,12437,0,0.000000e+00,0.000000e+00,233056256000.0,141204357120.0,1146082.9,53.08,2.18
CSV,725010,72500,25,24,0,12537,0,0.000000e+00,0.000000e+00,207651913728.0,167250690048.0,1103907.6,52.74,0.94
CSV,730010,73000,25,24,0,12637,0,0.000000e+00,0.000000e+00,163669819392.0,196231168000.0,1019304.1,52.84,0.79
CSV,735010,73500,25,24,0,12737,0,0.000000e+00,0.000000e+00,197092655104.0,163900145664.0,1174782.0,52.25,0.80
BER: END_SEQ #25 [LOCK] seq_err=0 BER_seq=0.0000e+00 | lock=25 slip=0 BER_cond=0.0000e+00 BER_cum=0.0000e+00
CSV,740010,74000,25,25,0,12775,0,0.000000e+00,0.000000e+00,176448258048.0,186776731648.0,1921927.5,49.88,0.25
BER: SYNC #26 (gated)
CSV,745010,74500,26,25,0,12860,0,0.000000e+00,0.000000e+00,190963466240.0,182198943744.0,1062916.6,52.54,0.20
CSV,750010,75000,26,25,0,12960,0,0.000000e+00,0.000000e+00,221947723776.0,145758339072.0,1120812.2,52.97,1.83
CSV,755010,75500,26,25,0,13060,0,0.000000e+00,0.000000e+00,194240741376.0,166856310784.0,1124788.1,52.37,0.66
CSV,760010,76000,26,25,0,13160,0,0.000000e+00,0.000000e+00,181431779328.0,185668681728.0,1127656.5,52.17,0.10
CSV,765010,76500,26,25,0,13260,0,0.000000e+00,0.000000e+00,193717338112.0,180402520064.0,1247364.5,51.91,0.31
BER: END_SEQ #26 [LOCK] seq_err=0 BER_seq=0.0000e+00 | lock=26 slip=0 BER_cond=0.0000e+00 BER_cum=0.0000e+00
CSV,770010,77000,26,26,0,13286,0,0.000000e+00,0.000000e+00,165579243520.0,188696838144.0,1864987.2,50.05,0.57
BER: SYNC #27 (gated)
CSV,775010,77500,27,26,0,13383,0,0.000000e+00,0.000000e+00,189821583360.0,172559319040.0,1140405.0,52.21,0.41
CSV,780010,78000,27,26,0,13483,0,0.000000e+00,0.000000e+00,236329205760.0,136667430912.0,1173899.1,53.04,2.38
CSV,785010,78500,27,26,0,13583,0,0.000000e+00,0.000000e+00,191678103552.0,183355064320.0,1104621.9,52.39,0.19
CSV,790010,79000,27,26,0,13683,0,0.000000e+00,0.000000e+00,185045663744.0,178572001280.0,1175960.4,51.97,0.15
CSV,795010,79500,27,26,0,13783,0,0.000000e+00,0.000000e+00,181184872448.0,180443480064.0,998669.9,52.59,0.02
BER: END_SEQ #27 [LOCK] seq_err=0 BER_seq=0.0000e+00 | lock=27 slip=0 BER_cond=0.0000e+00 BER_cum=0.0000e+00
BER: SYNC #28 (gated)
CSV,800010,80000,28,27,0,13806,0,0.000000e+00,0.000000e+00,171915657216.0,187506917376.0,1780297.8,50.23,0.38
CSV,805010,80500,28,27,0,13906,0,0.000000e+00,0.000000e+00,196371546112.0,179973193728.0,1105391.6,52.50,0.38
CSV,810010,81000,28,27,0,14006,0,0.000000e+00,0.000000e+00,227618062336.0,143363047424.0,1170046.0,52.89,2.01
CSV,815010,81500,28,27,0,14105,0,0.000000e+00,0.000000e+00,192009191424.0,170624008192.0,1110441.2,52.38,0.51
CSV,820010,82000,28,27,0,14205,0,0.000000e+00,0.000000e+00,179508051968.0,185656246272.0,1119303.9,52.20,0.15
CSV,825010,82500,28,27,0,14305,0,0.000000e+00,0.000000e+00,189377478656.0,187451064320.0,953618.9,52.98,0.04
BER: END_SEQ #28 [LOCK] seq_err=0 BER_seq=0.0000e+00 | lock=28 slip=0 BER_cond=0.0000e+00 BER_cum=0.0000e+00
BER: SYNC #29 (gated)
CSV,830010,83000,29,28,0,14328,0,0.000000e+00,0.000000e+00,176248242176.0,184090820608.0,1867657.2,49.94,0.19
CSV,835010,83500,29,28,0,14428,0,0.000000e+00,0.000000e+00,200787558400.0,162808938496.0,1004822.4,53.01,0.91
CSV,840010,84000,29,28,0,14528,0,0.000000e+00,0.000000e+00,222250844160.0,148093763584.0,1147249.5,52.87,1.76
CSV,845010,84500,29,28,0,14628,0,0.000000e+00,0.000000e+00,192115982336.0,184488837120.0,1002067.2,52.83,0.18
CSV,850010,85000,29,28,0,14728,0,0.000000e+00,0.000000e+00,187503476736.0,180565884928.0,1098502.6,52.32,0.16
BER: END_SEQ #29 [LOCK] seq_err=0 BER_seq=0.0000e+00 | lock=29 slip=0 BER_cond=0.0000e+00 BER_cum=0.0000e+00
CSV,855010,85500,29,29,0,14819,0,0.000000e+00,0.000000e+00,174553759744.0,186729201664.0,1081198.4,52.37,0.29
BER: SYNC #30 (gated)
CSV,860010,86000,30,29,0,14851,0,0.000000e+00,0.000000e+00,180335001600.0,177092083712.0,1797916.1,50.01,0.08
CSV,865010,86500,30,29,0,14951,0,0.000000e+00,0.000000e+00,224999161856.0,155807694848.0,1078651.8,53.19,1.60
CSV,870010,87000,30,29,0,15051,0,0.000000e+00,0.000000e+00,192098402304.0,176941121536.0,1173059.6,52.14,0.36
CSV,875010,87500,30,29,0,15151,0,0.000000e+00,0.000000e+00,189380771840.0,174112604160.0,1173930.4,52.08,0.37
CSV,880010,88000,30,29,0,15251,0,0.000000e+00,0.000000e+00,196809490432.0,168732950528.0,1213439.5,52.10,0.67
BER: END_SEQ #30 [LOCK] seq_err=0 BER_seq=0.0000e+00 | lock=30 slip=0 BER_cond=0.0000e+00 BER_cum=0.0000e+00
CSV,885010,88500,30,30,0,15330,0,0.000000e+00,0.000000e+00,179734904832.0,194885550080.0,1287386.9,51.80,0.35
BER: SYNC #31 (gated)
CSV,890010,89000,31,30,0,15374,0,0.000000e+00,0.000000e+00,192048136192.0,176248700928.0,1627147.2,50.72,0.37
CSV,895010,89500,31,30,0,15474,0,0.000000e+00,0.000000e+00,222455103488.0,145715265536.0,1109220.4,53.02,1.84
CSV,900010,90000,31,30,0,15574,0,0.000000e+00,0.000000e+00,181518450688.0,181672558592.0,1174105.8,51.90,0.00
CSV,905010,90500,31,30,0,15674,0,0.000000e+00,0.000000e+00,200321679360.0,177288069120.0,1058162.2,52.77,0.53
CSV,910010,91000,31,30,0,15774,0,0.000000e+00,0.000000e+00,181222850560.0,188330246144.0,1229206.2,51.85,0.17
BER: END_SEQ #31 [LOCK] seq_err=0 BER_seq=0.0000e+00 | lock=31 slip=0 BER_cond=0.0000e+00 BER_cum=0.0000e+00
CSV,915010,91500,31,31,0,15841,0,0.000000e+00,0.000000e+00,182804316160.0,176938270720.0,1582491.8,50.63,0.14
BER: SYNC #32 (gated)
CSV,920010,92000,32,31,0,15896,0,0.000000e+00,0.000000e+00,184190320640.0,175674490880.0,1367281.0,51.29,0.21
CSV,925010,92500,32,31,0,15996,0,0.000000e+00,0.000000e+00,231676149760.0,148298924032.0,1123615.6,53.14,1.94
CSV,930010,93000,32,31,0,16096,0,0.000000e+00,0.000000e+00,193855438848.0,178433097728.0,1100685.8,52.46,0.36
CSV,935010,93500,32,31,0,16196,0,0.000000e+00,0.000000e+00,174530428928.0,187458617344.0,1075043.5,52.41,0.31
CSV,940010,94000,32,31,0,16296,0,0.000000e+00,0.000000e+00,200024621056.0,164834131968.0,1160623.2,52.36,0.84
BER: END_SEQ #32 [LOCK] seq_err=0 BER_seq=0.0000e+00 | lock=32 slip=0 BER_cond=0.0000e+00 BER_cum=0.0000e+00
CSV,945010,94500,32,32,0,16352,0,0.000000e+00,0.000000e+00,178681085952.0,194195013632.0,1503532.5,51.11,0.36
BER: SYNC #33 (gated)
CSV,950010,95000,33,32,0,16419,0,0.000000e+00,0.000000e+00,184614895616.0,188538568704.0,1319597.5,51.55,0.09
CSV,955010,95500,33,32,0,16519,0,0.000000e+00,0.000000e+00,234639212544.0,135365582848.0,1199370.4,52.91,2.39
CSV,960010,96000,33,32,0,16619,0,0.000000e+00,0.000000e+00,194034827264.0,171237818368.0,1131673.8,52.34,0.54
CSV,965010,96500,33,32,0,16719,0,0.000000e+00,0.000000e+00,180038598656.0,192445218816.0,1120165.6,52.35,0.29
CSV,970010,97000,33,32,0,16819,0,0.000000e+00,0.000000e+00,203498160128.0,172476661760.0,1010055.6,53.04,0.72
BER: END_SEQ #33 [LOCK] seq_err=0 BER_seq=0.0000e+00 | lock=33 slip=0 BER_cond=0.0000e+00 BER_cum=0.0000e+00
CSV,975010,97500,33,33,0,16863,0,0.000000e+00,0.000000e+00,164978556928.0,189549248512.0,1775097.9,50.28,0.60
BER: SYNC #34 (gated)
CSV,980010,98000,34,33,0,16942,0,0.000000e+00,0.000000e+00,180460421120.0,182826614784.0,1169249.4,51.94,0.06
CSV,985010,98500,34,33,0,17042,0,0.000000e+00,0.000000e+00,231267319808.0,146500894720.0,1052591.8,53.42,1.98
CSV,990010,99000,34,33,0,17142,0,0.000000e+00,0.000000e+00,212120846336.0,165699584000.0,1130755.4,52.73,1.07
CSV,995010,99500,34,33,0,17242,0,0.000000e+00,0.000000e+00,161799143424.0,199594541056.0,1054037.2,52.77,0.91
CSV,1000010,100000,34,33,0,17342,0,0.000000e+00,0.000000e+00,197218729984.0,168202158080.0,926005.0,53.28,0.69
BER: END_SEQ #34 [LOCK] seq_err=0 BER_seq=0.0000e+00 | lock=34 slip=0 BER_cond=0.0000e+00 BER_cum=0.0000e+00
CSV,1005010,100500,34,34,0,17374,0,0.000000e+00,0.000000e+00,171495620608.0,194678046720.0,1751139.8,50.46,0.55
BER: SYNC #35 (gated)
CSV,1010010,101000,35,34,0,17465,0,0.000000e+00,0.000000e+00,200426061824.0,176988585984.0,1136799.6,52.46,0.54
CSV,1015010,101500,35,34,0,17565,0,0.000000e+00,0.000000e+00,226922037248.0,143534882816.0,1103286.6,53.13,1.99
CSV,1020010,102000,35,34,0,17664,0,0.000000e+00,0.000000e+00,189313908736.0,174135754752.0,1286662.9,51.68,0.36
CSV,1025010,102500,35,34,0,17764,0,0.000000e+00,0.000000e+00,189052272640.0,181714026496.0,1207716.9,51.95,0.17
CSV,1030010,103000,35,34,0,17864,0,0.000000e+00,0.000000e+00,197836980224.0,180171243520.0,1080403.1,52.63,0.41
BER: END_SEQ #35 [LOCK] seq_err=0 BER_seq=0.0000e+00 | lock=35 slip=0 BER_cond=0.0000e+00 BER_cum=0.0000e+00
BER: SYNC #36 (gated)
CSV,1035010,103500,36,35,0,17887,0,0.000000e+00,0.000000e+00,165496258560.0,191055282176.0,1844647.1,50.15,0.62
CSV,1040010,104000,36,35,0,17987,0,0.000000e+00,0.000000e+00,186828587008.0,177581801472.0,1176603.5,52.01,0.22
CSV,1045010,104500,36,35,0,18087,0,0.000000e+00,0.000000e+00,237126238208.0,139403165696.0,1122488.8,53.25,2.31
CSV,1050010,105000,36,35,0,18187,0,0.000000e+00,0.000000e+00,195220078592.0,183877861376.0,1026902.9,52.79,0.26
CSV,1055010,105500,36,35,0,18287,0,0.000000e+00,0.000000e+00,182730670080.0,182755721216.0,1173884.2,51.92,0.00
CSV,1060010,106000,36,35,0,18387,0,0.000000e+00,0.000000e+00,190469554176.0,174823030784.0,1259872.0,51.79,0.37
BER: END_SEQ #36 [LOCK] seq_err=0 BER_seq=0.0000e+00 | lock=36 slip=0 BER_cond=0.0000e+00 BER_cum=0.0000e+00
BER: SYNC #37 (gated)
CSV,1065010,106500,37,36,0,18410,0,0.000000e+00,0.000000e+00,160677871616.0,199476461568.0,1835697.4,50.36,0.94
CSV,1070010,107000,37,36,0,18510,0,0.000000e+00,0.000000e+00,207079636992.0,172683558912.0,1106963.4,52.72,0.79
CSV,1075010,107500,37,36,0,18610,0,0.000000e+00,0.000000e+00,224464912384.0,147969949696.0,1060392.0,53.26,1.81
CSV,1080010,108000,37,36,0,18710,0,0.000000e+00,0.000000e+00,193111982080.0,170503028736.0,1260473.1,51.85,0.54
CSV,1085010,108500,37,36,0,18810,0,0.000000e+00,0.000000e+00,184079056896.0,184562139136.0,1122064.4,52.16,0.01
BER: END_SEQ #37 [LOCK] seq_err=0 BER_seq=0.0000e+00 | lock=37 slip=0 BER_cond=0.0000e+00 BER_cum=0.0000e+00
CSV,1090010,109000,37,37,0,18907,0,0.000000e+00,0.000000e+00,184836931584.0,192948944896.0,1111092.0,52.40,0.19
BER: SYNC #38 (gated)
CSV,1095010,109500,38,37,0,18933,0,0.000000e+00,0.000000e+00,177053483008.0,185233539072.0,2004778.9,49.66,0.20
CSV,1100010,110000,38,37,0,19033,0,0.000000e+00,0.000000e+00,214394437632.0,152903221248.0,1252192.9,52.34,1.47
CSV,1105010,110500,38,37,0,19133,0,0.000000e+00,0.000000e+00,211887980544.0,158383259648.0,1124584.1,52.75,1.26
CSV,1110010,111000,38,37,0,19233,0,0.000000e+00,0.000000e+00,193961099264.0,184740823040.0,1086209.5,52.52,0.21
CSV,1115010,111500,38,37,0,19333,0,0.000000e+00,0.000000e+00,188113502208.0,181507571712.0,1116703.9,52.26,0.16
BER: END_SEQ #38 [LOCK] seq_err=0 BER_seq=0.0000e+00 | lock=38 slip=0 BER_cond=0.0000e+00 BER_cum=0.0000e+00
CSV,1120010,112000,38,38,0,19418,0,0.000000e+00,0.000000e+00,176726097920.0,185532170240.0,1182676.1,51.96,0.21
BER: SYNC #39 (gated)
CSV,1125010,112500,39,38,0,19455,0,0.000000e+00,0.000000e+00,187880898560.0,173443072000.0,1616624.6,50.65,0.35
CSV,1130010,113000,39,38,0,19555,0,0.000000e+00,0.000000e+00,225831845888.0,156369666048.0,1077684.5,53.21,1.60
CSV,1135010,113500,39,38,0,19655,0,0.000000e+00,0.000000e+00,189738582016.0,179982729216.0,1298797.8,51.65,0.23
CSV,1140010,114000,39,38,0,19755,0,0.000000e+00,0.000000e+00,193218560000.0,173305167872.0,990170.1,52.90,0.47
CSV,1145010,114500,39,38,0,19855,0,0.000000e+00,0.000000e+00,184169906176.0,182131130368.0,1196660.1,51.87,0.05
BER: END_SEQ #39 [LOCK] seq_err=0 BER_seq=0.0000e+00 | lock=39 slip=0 BER_cond=0.0000e+00 BER_cum=0.0000e+00
CSV,1150010,115000,39,39,0,19929,0,0.000000e+00,0.000000e+00,187209629696.0,190883184640.0,1312883.8,51.63,0.08
BER: SYNC #40 (gated)
CSV,1155010,115500,40,39,0,19978,0,0.000000e+00,0.000000e+00,188717023232.0,181313044480.0,1691940.5,50.47,0.17
CSV,1160010,116000,40,39,0,20078,0,0.000000e+00,0.000000e+00,225571930112.0,145456267264.0,963578.0,53.69,1.91
CSV,1165010,116500,40,39,0,20178,0,0.000000e+00,0.000000e+00,185925009408.0,179156205568.0,1103455.6,52.27,0.16
CSV,1170010,117000,40,39,0,20278,0,0.000000e+00,0.000000e+00,194993668096.0,184059871232.0,1073870.4,52.59,0.25
CSV,1175010,117500,40,39,0,20378,0,0.000000e+00,0.000000e+00,192574849024.0,179848871936.0,1071807.1,52.54,0.30
BER: END_SEQ #40 [LOCK] seq_err=0 BER_seq=0.0000e+00 | lock=40 slip=0 BER_cond=0.0000e+00 BER_cum=0.0000e+00
CSV,1180010,118000,40,40,0,20440,0,0.000000e+00,0.000000e+00,176961421312.0,182297804800.0,1446196.6,51.01,0.13
BER: SYNC #41 (gated)
CSV,1185010,118500,41,40,0,20501,0,0.000000e+00,0.000000e+00,184289476608.0,179363020800.0,1462553.1,51.00,0.12
CSV,1190010,119000,41,40,0,20601,0,0.000000e+00,0.000000e+00,234508713984.0,148159299584.0,1200778.0,52.91,1.99
CSV,1195010,119500,41,40,0,20701,0,0.000000e+00,0.000000e+00,199079084032.0,176177397760.0,1223892.5,52.11,0.53
CSV,1200010,120000,41,40,0,20801,0,0.000000e+00,0.000000e+00,181772828672.0,183962157056.0,1185360.8,51.91,0.05
CSV,1205010,120500,41,40,0,20901,0,0.000000e+00,0.000000e+00,194193719296.0,171880185856.0,1297032.9,51.75,0.53
BER: END_SEQ #41 [LOCK] seq_err=0 BER_seq=0.0000e+00 | lock=41 slip=0 BER_cond=0.0000e+00 BER_cum=0.0000e+00
CSV,1210010,121000,41,41,0,20951,0,0.000000e+00,0.000000e+00,175677964288.0,199026409472.0,1623681.9,50.88,0.54
BER: SYNC #42 (gated)
CSV,1215010,121500,42,41,0,21024,0,0.000000e+00,0.000000e+00,183352459264.0,191025823744.0,1298511.4,51.68,0.18
CSV,1220010,122000,42,41,0,21123,0,0.000000e+00,0.000000e+00,232000176128.0,139266932736.0,1160649.0,53.01,2.22
CSV,1225010,122500,42,41,0,21223,0,0.000000e+00,0.000000e+00,206152777728.0,161652703232.0,1072627.5,52.84,1.06
CSV,1230010,123000,42,41,0,21323,0,0.000000e+00,0.000000e+00,167808024576.0,204876152832.0,1053983.4,52.89,0.87
CSV,1235010,123500,42,41,0,21423,0,0.000000e+00,0.000000e+00,208433414144.0,170315759616.0,1303689.0,52.04,0.88
BER: END_SEQ #42 [LOCK] seq_err=0 BER_seq=0.0000e+00 | lock=42 slip=0 BER_cond=0.0000e+00 BER_cum=0.0000e+00
CSV,1240010,124000,42,42,0,21462,0,0.000000e+00,0.000000e+00,169564209152.0,186378305536.0,1924194.1,49.86,0.41
BER: SYNC #43 (gated)
CSV,1245010,124500,43,42,0,21546,0,0.000000e+00,0.000000e+00,185791594496.0,180770816000.0,1109704.5,52.24,0.12
CSV,1250010,125000,43,42,0,21646,0,0.000000e+00,0.000000e+00,228123688960.0,151569301504.0,1086262.1,53.22,1.78
CSV,1255010,125500,43,42,0,21746,0,0.000000e+00,0.000000e+00,206580121600.0,172990545920.0,1082500.0,52.81,0.77
CSV,1260010,126000,43,42,0,21846,0,0.000000e+00,0.000000e+00,176559636480.0,188266135552.0,1174468.8,52.05,0.28
CSV,1265010,126500,43,42,0,21946,0,0.000000e+00,0.000000e+00,190242193408.0,175092711424.0,1231033.4,51.89,0.36
BER: END_SEQ #43 [LOCK] seq_err=0 BER_seq=0.0000e+00 | lock=43 slip=0 BER_cond=0.0000e+00 BER_cum=0.0000e+00
CSV,1270010,127000,43,43,0,21973,0,0.000000e+00,0.000000e+00,172175163392.0,195374481408.0,1935344.0,50.04,0.55
BER: SYNC #44 (gated)
CSV,1275010,127500,44,43,0,22069,0,0.000000e+00,0.000000e+00,199789871104.0,179382779904.0,1166274.0,52.34,0.47
CSV,1280010,128000,44,43,0,22169,0,0.000000e+00,0.000000e+00,236436504576.0,137042509824.0,1182757.4,53.01,2.37
CSV,1285010,128500,44,43,0,22269,0,0.000000e+00,0.000000e+00,186423672832.0,178893357056.0,1113032.4,52.24,0.18
CSV,1290010,129000,44,43,0,22369,0,0.000000e+00,0.000000e+00,190221385728.0,182592634880.0,1212560.9,51.96,0.18
CSV,1295010,129500,44,43,0,22469,0,0.000000e+00,0.000000e+00,189522477056.0,190131830784.0,1043710.6,52.60,0.01
BER: END_SEQ #44 [LOCK] seq_err=0 BER_seq=0.0000e+00 | lock=44 slip=0 BER_cond=0.0000e+00 BER_cum=0.0000e+00
BER: SYNC #45 (gated)
CSV,1300010,130000,45,44,0,22492,0,0.000000e+00,0.000000e+00,171631329280.0,187798831104.0,1811732.2,50.16,0.39
CSV,1305010,130500,45,44,0,22592,0,0.000000e+00,0.000000e+00,190309613568.0,175517941760.0,1089255.0,52.42,0.35
CSV,1310010,131000,45,44,0,22692,0,0.000000e+00,0.000000e+00,231180894208.0,146618384384.0,1175190.6,52.94,1.98
CSV,1315010,131500,45,44,0,22792,0,0.000000e+00,0.000000e+00,197889867776.0,182349824000.0,1115087.2,52.49,0.36
CSV,1320010,132000,45,44,0,22892,0,0.000000e+00,0.000000e+00,183029972992.0,183654694912.0,1189652.2,51.89,0.01
CSV,1325010,132500,45,44,0,22991,0,0.000000e+00,0.000000e+00,183950688256.0,182766944256.0,1023649.6,52.55,0.03
BER: END_SEQ #45 [LOCK] seq_err=0 BER_seq=0.0000e+00 | lock=45 slip=0 BER_cond=0.0000e+00 BER_cum=0.0000e+00
BER: SYNC #46 (gated)
CSV,1330010,133000,46,45,0,23014,0,0.000000e+00,0.000000e+00,176454664192.0,186576666624.0,1903373.5,49.91,0.24
CSV,1335010,133500,46,45,0,23114,0,0.000000e+00,0.000000e+00,210149163008.0,171365236736.0,1039449.8,53.06,0.89
CSV,1340010,134000,46,45,0,23214,0,0.000000e+00,0.000000e+00,220663644160.0,152251580416.0,1183826.9,52.70,1.61
CSV,1345010,134500,46,45,0,23314,0,0.000000e+00,0.000000e+00,187663777792.0,178257969152.0,1025453.4,52.62,0.22
CSV,1350010,135000,46,45,0,23414,0,0.000000e+00,0.000000e+00,189056385024.0,181999222784.0,1094781.6,52.37,0.17
BER: END_SEQ #46 [LOCK] seq_err=0 BER_seq=0.0000e+00 | lock=46 slip=0 BER_cond=0.0000e+00 BER_cum=0.0000e+00
CSV,1355010,135500,46,46,0,23506,0,0.000000e+00,0.000000e+00,184399233024.0,194385625088.0,1057364.9,52.64,0.23
BER: SYNC #47 (gated)
CSV,1360010,136000,47,46,0,23537,0,0.000000e+00,0.000000e+00,181899821056.0,183121936384.0,1859775.6,49.93,0.03
CSV,1365010,136500,47,46,0,23637,0,0.000000e+00,0.000000e+00,219193049088.0,150332407808.0,1131251.4,52.87,1.64
CSV,1370010,137000,47,46,0,23737,0,0.000000e+00,0.000000e+00,194766880768.0,175424602112.0,1160166.4,52.25,0.45
CSV,1375010,137500,47,46,0,23837,0,0.000000e+00,0.000000e+00,198528565248.0,182339649536.0,1204223.0,52.17,0.37
CSV,1380010,138000,47,46,0,23937,0,0.000000e+00,0.000000e+00,198602489856.0,173576257536.0,1308857.9,51.81,0.58
BER: END_SEQ #47 [LOCK] seq_err=0 BER_seq=0.0000e+00 | lock=47 slip=0 BER_cond=0.0000e+00 BER_cum=0.0000e+00
CSV,1385010,138500,47,47,0,24017,0,0.000000e+00,0.000000e+00,173351698432.0,190218043392.0,1316046.5,51.60,0.40
BER: SYNC #48 (gated)
CSV,1390010,139000,48,47,0,24060,0,0.000000e+00,0.000000e+00,192751632384.0,172637798400.0,1664945.5,50.64,0.48
CSV,1395010,139500,48,47,0,24160,0,0.000000e+00,0.000000e+00,228691197952.0,157826891776.0,1086151.9,53.23,1.61
CSV,1400010,140000,48,47,0,24260,0,0.000000e+00,0.000000e+00,185411420160.0,185599262720.0,1201372.4,51.89,0.00
CSV,1405010,140500,48,47,0,24360,0,0.000000e+00,0.000000e+00,195774054400.0,173440450560.0,1030147.6,52.79,0.53
CSV,1410010,141000,48,47,0,24460,0,0.000000e+00,0.000000e+00,183433510912.0,185171017728.0,1231544.2,51.77,0.04
BER: END_SEQ #48 [LOCK] seq_err=0 BER_seq=0.0000e+00 | lock=48 slip=0 BER_cond=0.0000e+00 BER_cum=0.0000e+00
CSV,1415010,141500,48,48,0,24528,0,0.000000e+00,0.000000e+00,190071996416.0,189647257600.0,1572274.9,50.82,0.01
BER: SYNC #49 (gated)
CSV,1420010,142000,49,48,0,24583,0,0.000000e+00,0.000000e+00,193811513344.0,178489032704.0,1474416.0,51.19,0.36
CSV,1425010,142500,49,48,0,24682,0,0.000000e+00,0.000000e+00,224539328512.0,147821363200.0,1063253.8,53.25,1.82
CSV,1430010,143000,49,48,0,24782,0,0.000000e+00,0.000000e+00,190919737344.0,177433788416.0,1175247.4,52.11,0.32
CSV,1435010,143500,49,48,0,24882,0,0.000000e+00,0.000000e+00,186526711808.0,192983760896.0,1157835.0,52.22,0.15
CSV,1440010,144000,49,48,0,24982,0,0.000000e+00,0.000000e+00,202037854208.0,173129859072.0,1223036.4,52.18,0.67
BER: END_SEQ #49 [LOCK] seq_err=0 BER_seq=0.0000e+00 | lock=49 slip=0 BER_cond=0.0000e+00 BER_cum=0.0000e+00
CSV,1445010,144500,49,49,0,25039,0,0.000000e+00,0.000000e+00,173037518848.0,187154399232.0,1531947.6,50.87,0.34
BER: SYNC #50 (gated)
CSV,1450010,145000,50,49,0,25105,0,0.000000e+00,0.000000e+00,181560950784.0,185432440832.0,1551650.9,50.77,0.09
CSV,1455010,145500,50,49,0,25205,0,0.000000e+00,0.000000e+00,242652790784.0,142318583808.0,1179729.4,53.13,2.32
CSV,1460010,146000,50,49,0,25305,0,0.000000e+00,0.000000e+00,199596146688.0,177231298560.0,1151066.1,52.39,0.52
CSV,1465010,146500,50,49,0,25405,0,0.000000e+00,0.000000e+00,176524836864.0,188863348736.0,1151849.2,52.15,0.29
CSV,1470010,147000,50,49,0,25505,0,0.000000e+00,0.000000e+00,197325324288.0,171826659328.0,1154800.2,52.33,0.60
BER: END_SEQ #50 [LOCK] seq_err=0 BER_seq=0.0000e+00 | lock=50 slip=0 BER_cond=0.0000e+00 BER_cum=0.0000e+00
CSV,1475010,147500,50,50,0,25550,0,0.000000e+00,0.000000e+00,178539741184.0,197703827456.0,1732486.0,50.57,0.44
BER: SYNC #51 (gated)
CSV,1480010,148000,51,50,0,25628,0,0.000000e+00,0.000000e+00,185760022528.0,190912675840.0,1126428.1,52.29,0.12
CSV,1485010,148500,51,50,0,25728,0,0.000000e+00,0.000000e+00,231560642560.0,142122991616.0,1106359.4,53.21,2.12
CSV,1490010,149000,51,50,0,25828,0,0.000000e+00,0.000000e+00,204844531712.0,165393891328.0,1226406.4,52.23,0.93
CSV,1495010,149500,51,50,0,25928,0,0.000000e+00,0.000000e+00,171372658688.0,205036666880.0,1110598.8,52.66,0.78
CSV,1500010,150000,51,50,0,26028,0,0.000000e+00,0.000000e+00,205492011008.0,174364852224.0,1071190.9,52.83,0.71
BER: END_SEQ #51 [LOCK] seq_err=0 BER_seq=0.0000e+00 | lock=51 slip=0 BER_cond=0.0000e+00 BER_cum=0.0000e+00
CSV,1505010,150500,51,51,0,26061,0,0.000000e+00,0.000000e+00,166915571712.0,191524257792.0,1857549.5,50.13,0.60

=========================================
=== END OF TEST (duration=25 min) ===
=========================================
FINAL: syncs=51 lock=51 slip=0 slip_rate=0.0000
FINAL: bits_cum=26061 err_cum=0 BER_cum=0.0000e+00
FINAL: bits_lock=26061 err_lock=0 BER_cond=0.0000e+00
=========================================
=== STOP LOGGING NOW ===
=========================================
