

=== RX BOOT - BER TEST MODE ===
BPS_MODE=40 (HALF_SAMPLES=1000, 5000 samples/bit @ 200000 Hz)
Expect: 64-bit preamble + Barker13 (1F35h, gated by 8 preamble bits = 0x55) + 511-bit PRBS-9
Noise floor band: 5000 Hz; lock threshold: BER<0.10
Auto-stop: test will halt 25 min after the first sync.
RX: edge-tracking sync, center-3 voting
Starting decoder...

BER: SYNC #1 (gated)
CSV,5007,1000,1,0,0,6,0,0.000000e+00,0.000000e+00,50072821760.0,40443752448.0,1165629.8,46.33,0.93
CSV,10007,2000,1,0,0,206,0,0.000000e+00,0.000000e+00,51505573888.0,39228469248.0,1077150.5,46.80,1.18
CSV,15007,3000,1,0,0,406,0,0.000000e+00,0.000000e+00,46715949056.0,45658021888.0,1149888.2,46.09,0.10
BER: END_SEQ #1 [LOCK] seq_err=0 BER_seq=0.0000e+00 | lock=1 slip=0 BER_cond=0.0000e+00 BER_cum=0.0000e+00
BER: SYNC #2 (gated)
CSV,20007,4000,2,1,0,529,0,0.000000e+00,0.000000e+00,44037959680.0,45146947584.0,1296339.6,45.42,0.11
CSV,25007,5000,2,1,0,729,0,0.000000e+00,0.000000e+00,53378424832.0,40064835584.0,1175143.6,46.57,1.25
CSV,30007,6000,2,1,0,929,0,0.000000e+00,0.000000e+00,46542499840.0,43834257408.0,1125972.9,46.16,0.26
BER: END_SEQ #2 [LOCK] seq_err=0 BER_seq=0.0000e+00 | lock=2 slip=0 BER_cond=0.0000e+00 BER_cum=0.0000e+00
BER: SYNC #3 (gated)
CSV,35007,7000,3,2,0,1052,0,0.000000e+00,0.000000e+00,44810072064.0,47681327104.0,1367157.4,45.43,0.27
CSV,40007,8000,3,2,0,1251,0,0.000000e+00,0.000000e+00,51648413696.0,39442685952.0,1212696.1,46.29,1.17
CSV,45007,9000,3,2,0,1451,0,0.000000e+00,0.000000e+00,48392511488.0,44556853248.0,1290124.9,45.74,0.36
BER: END_SEQ #3 [LOCK] seq_err=0 BER_seq=0.0000e+00 | lock=3 slip=0 BER_cond=0.0000e+00 BER_cum=0.0000e+00
BER: SYNC #4 (gated)
CSV,50007,10000,4,3,0,1574,0,0.000000e+00,0.000000e+00,44904898560.0,44492058624.0,1403499.4,45.05,0.04
CSV,55007,11000,4,3,0,1774,0,0.000000e+00,0.000000e+00,51390963712.0,41981411328.0,1182915.0,46.38,0.88
CSV,60007,12000,4,3,0,1974,0,0.000000e+00,0.000000e+00,46454013952.0,44322058240.0,1311906.1,45.49,0.20
BER: END_SEQ #4 [LOCK] seq_err=0 BER_seq=0.0000e+00 | lock=4 slip=0 BER_cond=0.0000e+00 BER_cum=0.0000e+00
BER: SYNC #5 (gated)
CSV,65007,13000,5,4,0,2097,0,0.000000e+00,0.000000e+00,47439839232.0,45210644480.0,1432738.5,45.20,0.21
CSV,70007,14000,5,4,0,2297,0,0.000000e+00,0.000000e+00,50642612224.0,40373063680.0,1254950.0,46.06,0.98
CSV,75007,15000,5,4,0,2497,0,0.000000e+00,0.000000e+00,47681224704.0,44788834304.0,1226229.2,45.90,0.27
BER: END_SEQ #5 [LOCK] seq_err=0 BER_seq=0.0000e+00 | lock=5 slip=0 BER_cond=0.0000e+00 BER_cum=0.0000e+00
BER: SYNC #6 (gated)
CSV,80007,16000,6,5,0,2620,0,0.000000e+00,0.000000e+00,43723554816.0,45803347968.0,1385256.4,45.19,0.20
CSV,85007,17000,6,5,0,2820,0,0.000000e+00,0.000000e+00,54889611264.0,39658205184.0,1131014.2,46.86,1.41
CSV,90007,18000,6,5,0,3019,0,0.000000e+00,0.000000e+00,47014957056.0,45676404736.0,1076869.8,46.40,0.13
BER: END_SEQ #6 [LOCK] seq_err=0 BER_seq=0.0000e+00 | lock=6 slip=0 BER_cond=0.0000e+00 BER_cum=0.0000e+00
BER: SYNC #7 (gated)
CSV,95007,19000,7,6,0,3142,0,0.000000e+00,0.000000e+00,45676625920.0,48114622464.0,1427324.2,45.28,0.23
CSV,100007,20000,7,6,0,3342,0,0.000000e+00,0.000000e+00,54544572416.0,39231987712.0,1211525.9,46.53,1.43
CSV,105007,21000,7,6,0,3542,0,0.000000e+00,0.000000e+00,47058755584.0,47517491200.0,1117398.2,46.29,0.04
BER: END_SEQ #7 [LOCK] seq_err=0 BER_seq=0.0000e+00 | lock=7 slip=0 BER_cond=0.0000e+00 BER_cum=0.0000e+00
BER: SYNC #8 (gated)
CSV,110007,22000,8,7,0,3665,0,0.000000e+00,0.000000e+00,45305143296.0,46864113664.0,1407908.4,45.22,0.15
CSV,115007,23000,8,7,0,3865,0,0.000000e+00,0.000000e+00,53815504896.0,41185447936.0,1172245.8,46.62,1.16
CSV,120007,24000,8,7,0,4065,0,0.000000e+00,0.000000e+00,47673020416.0,45308874752.0,1237204.1,45.86,0.22
BER: END_SEQ #8 [LOCK] seq_err=0 BER_seq=0.0000e+00 | lock=8 slip=0 BER_cond=0.0000e+00 BER_cum=0.0000e+00
BER: SYNC #9 (gated)
CSV,125007,25000,9,8,0,4188,0,0.000000e+00,0.000000e+00,45805686784.0,47551209472.0,1461828.9,45.12,0.16
CSV,130007,26000,9,8,0,4388,0,0.000000e+00,0.000000e+00,54060380160.0,39952445440.0,1219293.8,46.47,1.31
CSV,135007,27000,9,8,0,4588,0,0.000000e+00,0.000000e+00,46829752320.0,47277023232.0,1350380.0,45.44,0.04
BER: END_SEQ #9 [LOCK] seq_err=0 BER_seq=0.0000e+00 | lock=9 slip=0 BER_cond=0.0000e+00 BER_cum=0.0000e+00
BER: SYNC #10 (gated)
CSV,140007,28000,10,9,0,4710,0,0.000000e+00,0.000000e+00,46080135168.0,46552920064.0,1490095.5,44.95,0.04
CSV,145007,29000,10,9,0,4910,0,0.000000e+00,0.000000e+00,53913010176.0,40909389824.0,1187937.9,46.57,1.20
BER: END_SEQ #10 [LOCK] seq_err=0 BER_seq=0.0000e+00 | lock=10 slip=0 BER_cond=0.0000e+00 BER_cum=0.0000e+00
CSV,150007,30000,10,10,0,5110,0,0.000000e+00,0.000000e+00,45565034496.0,48048414720.0,1047923.1,46.61,0.23
BER: SYNC #11 (gated)
CSV,155007,31000,11,10,0,5233,0,0.000000e+00,0.000000e+00,49100165120.0,43887554560.0,1579171.4,44.93,0.49
CSV,160007,32000,11,10,0,5433,0,0.000000e+00,0.000000e+00,51888369664.0,42232053760.0,1190459.2,46.39,0.89
BER: END_SEQ #11 [LOCK] seq_err=0 BER_seq=0.0000e+00 | lock=11 slip=0 BER_cond=0.0000e+00 BER_cum=0.0000e+00
CSV,165007,33000,11,11,0,5621,0,0.000000e+00,0.000000e+00,45728382976.0,47731843072.0,1299494.1,45.65,0.19
BER: SYNC #12 (gated)
CSV,170007,34000,12,11,0,5756,0,0.000000e+00,0.000000e+00,51697229824.0,42484686848.0,1361466.6,45.79,0.85
CSV,175007,35000,12,11,0,5956,0,0.000000e+00,0.000000e+00,48511836160.0,45179961344.0,1189310.1,46.11,0.31
BER: END_SEQ #12 [LOCK] seq_err=0 BER_seq=0.0000e+00 | lock=12 slip=0 BER_cond=0.0000e+00 BER_cum=0.0000e+00
CSV,180007,36000,12,12,0,6132,0,0.000000e+00,0.000000e+00,47095152640.0,46690693120.0,1216681.0,45.88,0.04
BER: SYNC #13 (gated)
CSV,185007,37000,13,12,0,6279,0,0.000000e+00,0.000000e+00,52835352576.0,40816324608.0,1219142.9,46.37,1.12
CSV,190007,38000,13,12,0,6479,0,0.000000e+00,0.000000e+00,47860027392.0,46416822272.0,1212050.8,45.96,0.13
BER: END_SEQ #13 [LOCK] seq_err=0 BER_seq=0.0000e+00 | lock=13 slip=0 BER_cond=0.0000e+00 BER_cum=0.0000e+00
CSV,195007,39000,13,13,0,6643,0,0.000000e+00,0.000000e+00,46262878208.0,46644682752.0,1363541.9,45.34,0.04
BER: SYNC #14 (gated)
CSV,200007,40000,14,13,0,6801,0,0.000000e+00,0.000000e+00,53142044672.0,41855660032.0,1208777.1,46.43,1.04
CSV,205007,41000,14,13,0,7001,0,0.000000e+00,0.000000e+00,47246135296.0,46196740096.0,1137437.5,46.18,0.10
BER: END_SEQ #14 [LOCK] seq_err=0 BER_seq=0.0000e+00 | lock=14 slip=0 BER_cond=0.0000e+00 BER_cum=0.0000e+00
CSV,210007,42000,14,14,0,7154,0,0.000000e+00,0.000000e+00,47386411008.0,46551314432.0,1471023.5,45.08,0.08
BER: SYNC #15 (gated)
CSV,215007,43000,15,14,0,7324,0,0.000000e+00,0.000000e+00,52088885248.0,41920086016.0,1252847.6,46.19,0.94
CSV,220007,44000,15,14,0,7524,0,0.000000e+00,0.000000e+00,48265404416.0,46784008192.0,1301373.2,45.69,0.14
BER: END_SEQ #15 [LOCK] seq_err=0 BER_seq=0.0000e+00 | lock=15 slip=0 BER_cond=0.0000e+00 BER_cum=0.0000e+00
CSV,225007,45000,15,15,0,7665,0,0.000000e+00,0.000000e+00,47110172672.0,45773168640.0,1552972.9,44.82,0.13
BER: SYNC #16 (gated)
CSV,230007,46000,16,15,0,7847,0,0.000000e+00,0.000000e+00,52614795264.0,43159085056.0,1169037.2,46.53,0.86
CSV,235007,47000,16,15,0,8047,0,0.000000e+00,0.000000e+00,47331721216.0,46094757888.0,1264560.0,45.73,0.12
BER: END_SEQ #16 [LOCK] seq_err=0 BER_seq=0.0000e+00 | lock=16 slip=0 BER_cond=0.0000e+00 BER_cum=0.0000e+00
CSV,240007,48000,16,16,0,8176,0,0.000000e+00,0.000000e+00,47416037376.0,47100338176.0,1396963.4,45.31,0.03
BER: SYNC #17 (gated)
CSV,245007,49000,17,16,0,8369,0,0.000000e+00,0.000000e+00,54175576064.0,40194641920.0,1245479.2,46.38,1.30
CSV,250007,50000,17,16,0,8569,0,0.000000e+00,0.000000e+00,48348979200.0,46995329024.0,1286645.2,45.75,0.12
BER: END_SEQ #17 [LOCK] seq_err=0 BER_seq=0.0000e+00 | lock=17 slip=0 BER_cond=0.0000e+00 BER_cum=0.0000e+00
BER: SYNC #18 (gated)
CSV,255007,51000,18,17,0,8692,0,0.000000e+00,0.000000e+00,45536538624.0,46904827904.0,1497120.5,44.96,0.13
CSV,260007,52000,18,17,0,8892,0,0.000000e+00,0.000000e+00,54210105344.0,41982181376.0,1084229.0,46.99,1.11
CSV,265007,53000,18,17,0,9092,0,0.000000e+00,0.000000e+00,46791532544.0,46501683200.0,1206551.5,45.89,0.03
BER: END_SEQ #18 [LOCK] seq_err=0 BER_seq=0.0000e+00 | lock=18 slip=0 BER_cond=0.0000e+00 BER_cum=0.0000e+00
BER: SYNC #19 (gated)
CSV,270007,54000,19,18,0,9215,0,0.000000e+00,0.000000e+00,46426206208.0,48598204416.0,1428913.2,45.32,0.20
CSV,275007,55000,19,18,0,9415,0,0.000000e+00,0.000000e+00,53507428352.0,40508145664.0,1227066.5,46.40,1.21
CSV,280007,56000,19,18,0,9615,0,0.000000e+00,0.000000e+00,49505763328.0,46368698368.0,1164110.2,46.29,0.28
BER: END_SEQ #19 [LOCK] seq_err=0 BER_seq=0.0000e+00 | lock=19 slip=0 BER_cond=0.0000e+00 BER_cum=0.0000e+00
BER: SYNC #20 (gated)
CSV,285007,57000,20,19,0,9738,0,0.000000e+00,0.000000e+00,44277526528.0,47921954816.0,1408932.1,45.32,0.34
CSV,290007,58000,20,19,0,9938,0,0.000000e+00,0.000000e+00,54344384512.0,42054807552.0,1249993.6,46.38,1.11
CSV,295007,59000,20,19,0,10137,0,0.000000e+00,0.000000e+00,48230080512.0,45093437440.0,1203496.8,46.03,0.29
BER: END_SEQ #20 [LOCK] seq_err=0 BER_seq=0.0000e+00 | lock=20 slip=0 BER_cond=0.0000e+00 BER_cum=0.0000e+00
BER: SYNC #21 (gated)
CSV,300007,60000,21,20,0,10260,0,0.000000e+00,0.000000e+00,47582695424.0,47946330112.0,1443258.9,45.21,0.03
CSV,305007,61000,21,20,0,10460,0,0.000000e+00,0.000000e+00,51457323008.0,42232721408.0,1224108.6,46.24,0.86
CSV,310007,62000,21,20,0,10660,0,0.000000e+00,0.000000e+00,49184174080.0,46678065152.0,1201017.1,46.12,0.23
BER: END_SEQ #21 [LOCK] seq_err=0 BER_seq=0.0000e+00 | lock=21 slip=0 BER_cond=0.0000e+00 BER_cum=0.0000e+00
BER: SYNC #22 (gated)
CSV,315007,63000,22,21,0,10783,0,0.000000e+00,0.000000e+00,46495989760.0,45782478848.0,1487106.1,44.95,0.07
CSV,320007,64000,22,21,0,10983,0,0.000000e+00,0.000000e+00,53283741696.0,43021737984.0,1238269.1,46.34,0.93
CSV,325007,65000,22,21,0,11183,0,0.000000e+00,0.000000e+00,48105373696.0,45151895552.0,1394854.1,45.38,0.28
BER: END_SEQ #22 [LOCK] seq_err=0 BER_seq=0.0000e+00 | lock=22 slip=0 BER_cond=0.0000e+00 BER_cum=0.0000e+00
BER: SYNC #23 (gated)
CSV,330007,66000,23,22,0,11306,0,0.000000e+00,0.000000e+00,46571343872.0,48962420736.0,1366602.5,45.54,0.22
CSV,335007,67000,23,22,0,11506,0,0.000000e+00,0.000000e+00,54612365312.0,39508021248.0,1203301.9,46.57,1.41
CSV,340007,68000,23,22,0,11706,0,0.000000e+00,0.000000e+00,48154431488.0,47656484864.0,1290620.1,45.72,0.05
BER: END_SEQ #23 [LOCK] seq_err=0 BER_seq=0.0000e+00 | lock=23 slip=0 BER_cond=0.0000e+00 BER_cum=0.0000e+00
BER: SYNC #24 (gated)
CSV,345007,69000,24,23,0,11828,0,0.000000e+00,0.000000e+00,44792672256.0,47399178240.0,1390364.2,45.33,0.25
CSV,350007,70000,24,23,0,12028,0,0.000000e+00,0.000000e+00,56213192704.0,40212369408.0,1335559.0,46.24,1.45
CSV,355007,71000,24,23,0,12228,0,0.000000e+00,0.000000e+00,46359564288.0,46712446976.0,1215743.4,45.85,0.03
BER: END_SEQ #24 [LOCK] seq_err=0 BER_seq=0.0000e+00 | lock=24 slip=0 BER_cond=0.0000e+00 BER_cum=0.0000e+00
BER: SYNC #25 (gated)
CSV,360007,72000,25,24,0,12351,0,0.000000e+00,0.000000e+00,46688428032.0,48143691776.0,1457458.4,45.19,0.13
CSV,365007,73000,25,24,0,12551,0,0.000000e+00,0.000000e+00,53089280000.0,40865497088.0,1112103.9,46.79,1.14
CSV,370007,74000,25,24,0,12751,0,0.000000e+00,0.000000e+00,48739385344.0,46894833664.0,1288095.0,45.78,0.17
BER: END_SEQ #25 [LOCK] seq_err=0 BER_seq=0.0000e+00 | lock=25 slip=0 BER_cond=0.0000e+00 BER_cum=0.0000e+00
BER: SYNC #26 (gated)
CSV,375007,75000,26,25,0,12874,0,0.000000e+00,0.000000e+00,45443817472.0,47155482624.0,1448926.5,45.12,0.16
CSV,380007,76000,26,25,0,13074,0,0.000000e+00,0.000000e+00,55340621824.0,41164001280.0,1222185.5,46.56,1.29
CSV,385007,77000,26,25,0,13274,0,0.000000e+00,0.000000e+00,46358126592.0,47037820928.0,1159243.2,46.08,0.06
BER: END_SEQ #26 [LOCK] seq_err=0 BER_seq=0.0000e+00 | lock=26 slip=0 BER_cond=0.0000e+00 BER_cum=0.0000e+00
BER: SYNC #27 (gated)
CSV,390007,78000,27,26,0,13397,0,0.000000e+00,0.000000e+00,47331336192.0,46917537792.0,1457084.6,45.12,0.04
CSV,395007,79000,27,26,0,13596,0,0.000000e+00,0.000000e+00,53034209280.0,40797118464.0,1198887.8,46.46,1.14
CSV,400007,80000,27,26,0,13796,0,0.000000e+00,0.000000e+00,46196953088.0,48530862080.0,1153060.2,46.24,0.21
BER: END_SEQ #27 [LOCK] seq_err=0 BER_seq=0.0000e+00 | lock=27 slip=0 BER_cond=0.0000e+00 BER_cum=0.0000e+00
BER: SYNC #28 (gated)
CSV,405007,81000,28,27,0,13919,0,0.000000e+00,0.000000e+00,48962433024.0,43935555584.0,1481093.0,45.19,0.47
CSV,410007,82000,28,27,0,14119,0,0.000000e+00,0.000000e+00,52911030272.0,42657177600.0,1146901.1,46.64,0.94
BER: END_SEQ #28 [LOCK] seq_err=0 BER_seq=0.0000e+00 | lock=28 slip=0 BER_cond=0.0000e+00 BER_cum=0.0000e+00
CSV,415007,83000,28,28,0,14308,0,0.000000e+00,0.000000e+00,45654331392.0,47688867840.0,1268967.9,45.75,0.19
BER: SYNC #29 (gated)
CSV,420007,84000,29,28,0,14442,0,0.000000e+00,0.000000e+00,51885174784.0,42606043136.0,1452106.1,45.53,0.86
CSV,425007,85000,29,28,0,14642,0,0.000000e+00,0.000000e+00,48287768576.0,45528981504.0,1275897.2,45.78,0.26
BER: END_SEQ #29 [LOCK] seq_err=0 BER_seq=0.0000e+00 | lock=29 slip=0 BER_cond=0.0000e+00 BER_cum=0.0000e+00
CSV,430007,86000,29,29,0,14819,0,0.000000e+00,0.000000e+00,47981977600.0,46721150976.0,1373582.5,45.43,0.12
BER: SYNC #30 (gated)
CSV,435007,87000,30,29,0,14965,0,0.000000e+00,0.000000e+00,52935733248.0,41562959872.0,1372681.9,45.86,1.05
CSV,440007,88000,30,29,0,15165,0,0.000000e+00,0.000000e+00,47990431744.0,46591483904.0,1257689.9,45.82,0.13
BER: END_SEQ #30 [LOCK] seq_err=0 BER_seq=0.0000e+00 | lock=30 slip=0 BER_cond=0.0000e+00 BER_cum=0.0000e+00
CSV,445007,89000,30,30,0,15330,0,0.000000e+00,0.000000e+00,46946803712.0,46635249664.0,1268974.5,45.68,0.03
BER: SYNC #31 (gated)
CSV,450007,90000,31,30,0,15487,0,0.000000e+00,0.000000e+00,52968992768.0,41794170880.0,1370091.8,45.87,1.03
CSV,455007,91000,31,30,0,15687,0,0.000000e+00,0.000000e+00,47361388544.0,46963703808.0,1294009.6,45.63,0.04
BER: END_SEQ #31 [LOCK] seq_err=0 BER_seq=0.0000e+00 | lock=31 slip=0 BER_cond=0.0000e+00 BER_cum=0.0000e+00
CSV,460007,92000,31,31,0,15841,0,0.000000e+00,0.000000e+00,47803998208.0,46450565120.0,1414538.0,45.29,0.12
BER: SYNC #32 (gated)
CSV,465007,93000,32,31,0,16010,0,0.000000e+00,0.000000e+00,52949291008.0,42232872960.0,1224084.6,46.36,0.98
CSV,470007,94000,32,31,0,16210,0,0.000000e+00,0.000000e+00,47843491840.0,46404538368.0,1213480.4,45.96,0.13
BER: END_SEQ #32 [LOCK] seq_err=0 BER_seq=0.0000e+00 | lock=32 slip=0 BER_cond=0.0000e+00 BER_cum=0.0000e+00
CSV,475007,95000,32,32,0,16352,0,0.000000e+00,0.000000e+00,47212269568.0,46460203008.0,1532044.4,44.89,0.07
BER: SYNC #33 (gated)
CSV,480007,96000,33,32,0,16533,0,0.000000e+00,0.000000e+00,52029988864.0,42774511616.0,1178941.6,46.45,0.85
CSV,485007,97000,33,32,0,16733,0,0.000000e+00,0.000000e+00,48092536832.0,46680842240.0,1167699.6,46.15,0.13
BER: END_SEQ #33 [LOCK] seq_err=0 BER_seq=0.0000e+00 | lock=33 slip=0 BER_cond=0.0000e+00 BER_cum=0.0000e+00
CSV,490007,98000,33,33,0,16863,0,0.000000e+00,0.000000e+00,46998736896.0,46661640192.0,1399743.8,45.26,0.03
BER: SYNC #34 (gated)
CSV,495007,99000,34,33,0,17056,0,0.000000e+00,0.000000e+00,55031373824.0,40818294784.0,1201742.4,46.61,1.30
CSV,500007,100000,34,33,0,17255,0,0.000000e+00,0.000000e+00,47705882624.0,46110142464.0,1168501.4,46.11,0.15
BER: END_SEQ #34 [LOCK] seq_err=0 BER_seq=0.0000e+00 | lock=34 slip=0 BER_cond=0.0000e+00 BER_cum=0.0000e+00
BER: SYNC #35 (gated)
CSV,505007,101000,35,34,0,17378,0,0.000000e+00,0.000000e+00,46637772800.0,47326273536.0,1373025.2,45.37,0.06
CSV,510007,102000,35,34,0,17578,0,0.000000e+00,0.000000e+00,53501562880.0,40934285312.0,1194249.1,46.51,1.16
CSV,515007,103000,35,34,0,17778,0,0.000000e+00,0.000000e+00,47834255360.0,47256481792.0,1226570.2,45.91,0.05
BER: END_SEQ #35 [LOCK] seq_err=0 BER_seq=0.0000e+00 | lock=35 slip=0 BER_cond=0.0000e+00 BER_cum=0.0000e+00
BER: SYNC #36 (gated)
CSV,520007,104000,36,35,0,17901,0,0.000000e+00,0.000000e+00,44907433984.0,48018993152.0,1371331.4,45.44,0.29
CSV,525007,105000,36,35,0,18101,0,0.000000e+00,0.000000e+00,54680526848.0,41376473088.0,1337706.0,46.11,1.21
CSV,530007,106000,36,35,0,18301,0,0.000000e+00,0.000000e+00,48374988800.0,45041950720.0,1326625.5,45.62,0.31
BER: END_SEQ #36 [LOCK] seq_err=0 BER_seq=0.0000e+00 | lock=36 slip=0 BER_cond=0.0000e+00 BER_cum=0.0000e+00
BER: SYNC #37 (gated)
CSV,535007,107000,37,36,0,18424,0,0.000000e+00,0.000000e+00,45284458496.0,48639348736.0,1394083.5,45.43,0.31
CSV,540007,108000,37,36,0,18624,0,0.000000e+00,0.000000e+00,53272129536.0,40183951360.0,1231809.8,46.36,1.22
CSV,545007,109000,37,36,0,18824,0,0.000000e+00,0.000000e+00,48762273792.0,46232625152.0,1317800.1,45.68,0.23
BER: END_SEQ #37 [LOCK] seq_err=0 BER_seq=0.0000e+00 | lock=37 slip=0 BER_cond=0.0000e+00 BER_cum=0.0000e+00
BER: SYNC #38 (gated)
CSV,550007,110000,38,37,0,18946,0,0.000000e+00,0.000000e+00,46101495808.0,45753647104.0,1410918.9,45.14,0.03
CSV,555007,111000,38,37,0,19146,0,0.000000e+00,0.000000e+00,52402491392.0,43105411072.0,1230472.1,46.29,0.85
CSV,560007,112000,38,37,0,19346,0,0.000000e+00,0.000000e+00,47791460352.0,45120667648.0,1274555.5,45.74,0.25
BER: END_SEQ #38 [LOCK] seq_err=0 BER_seq=0.0000e+00 | lock=38 slip=0 BER_cond=0.0000e+00 BER_cum=0.0000e+00
BER: SYNC #39 (gated)
CSV,565007,113000,39,38,0,19469,0,0.000000e+00,0.000000e+00,47478935552.0,47336431616.0,1433496.2,45.20,0.01
CSV,570007,114000,39,38,0,19669,0,0.000000e+00,0.000000e+00,51710627840.0,41533181952.0,1210941.2,46.30,0.95
CSV,575007,115000,39,38,0,19869,0,0.000000e+00,0.000000e+00,49331310592.0,45894475776.0,1213223.0,46.09,0.31
BER: END_SEQ #39 [LOCK] seq_err=0 BER_seq=0.0000e+00 | lock=39 slip=0 BER_cond=0.0000e+00 BER_cum=0.0000e+00
BER: SYNC #40 (gated)
CSV,580007,116000,40,39,0,19992,0,0.000000e+00,0.000000e+00,44844871680.0,46659551232.0,1466561.4,45.03,0.17
CSV,585007,117000,40,39,0,20192,0,0.000000e+00,0.000000e+00,55542276096.0,40243273728.0,1154988.1,46.82,1.40
CSV,590007,118000,40,39,0,20392,0,0.000000e+00,0.000000e+00,46414336000.0,45916790784.0,1082977.5,46.32,0.05
BER: END_SEQ #40 [LOCK] seq_err=0 BER_seq=0.0000e+00 | lock=40 slip=0 BER_cond=0.0000e+00 BER_cum=0.0000e+00
BER: SYNC #41 (gated)
CSV,595007,119000,41,40,0,20515,0,0.000000e+00,0.000000e+00,46302339072.0,48608817152.0,1410186.1,45.37,0.21
CSV,600007,120000,41,40,0,20714,0,0.000000e+00,0.000000e+00,54221312000.0,39045345280.0,1302927.0,46.19,1.43
CSV,605007,121000,41,40,0,20914,0,0.000000e+00,0.000000e+00,47692795904.0,47300444160.0,1075976.2,46.47,0.04
BER: END_SEQ #41 [LOCK] seq_err=0 BER_seq=0.0000e+00 | lock=41 slip=0 BER_cond=0.0000e+00 BER_cum=0.0000e+00
BER: SYNC #42 (gated)
CSV,610007,122000,42,41,0,21037,0,0.000000e+00,0.000000e+00,44992798720.0,46215630848.0,1429048.9,45.10,0.12
CSV,615007,123000,42,41,0,21237,0,0.000000e+00,0.000000e+00,54040756224.0,41666084864.0,1250797.6,46.36,1.13
CSV,620007,124000,42,41,0,21437,0,0.000000e+00,0.000000e+00,46634037248.0,45658710016.0,1238991.1,45.76,0.09
BER: END_SEQ #42 [LOCK] seq_err=0 BER_seq=0.0000e+00 | lock=42 slip=0 BER_cond=0.0000e+00 BER_cum=0.0000e+00
BER: SYNC #43 (gated)
CSV,625007,125000,43,42,0,21560,0,0.000000e+00,0.000000e+00,46863048704.0,47638654976.0,1375472.5,45.40,0.07
CSV,630007,126000,43,42,0,21760,0,0.000000e+00,0.000000e+00,53287473152.0,39774519296.0,1169949.5,46.58,1.27
CSV,635007,127000,43,42,0,21960,0,0.000000e+00,0.000000e+00,47199027200.0,47566811136.0,1264987.4,45.75,0.03
BER: END_SEQ #43 [LOCK] seq_err=0 BER_seq=0.0000e+00 | lock=43 slip=0 BER_cond=0.0000e+00 BER_cum=0.0000e+00
BER: SYNC #44 (gated)
CSV,640007,128000,44,43,0,22083,0,0.000000e+00,0.000000e+00,45901570048.0,45467734016.0,1418940.5,45.10,0.04
CSV,645007,129000,44,43,0,22283,0,0.000000e+00,0.000000e+00,54370267136.0,41108865024.0,1279237.4,46.28,1.21
CSV,650007,130000,44,43,0,22482,0,0.000000e+00,0.000000e+00,45002854400.0,47259205632.0,1321805.2,45.53,0.21
BER: END_SEQ #44 [LOCK] seq_err=0 BER_seq=0.0000e+00 | lock=44 slip=0 BER_cond=0.0000e+00 BER_cum=0.0000e+00
BER: SYNC #45 (gated)
CSV,655007,131000,45,44,0,22605,0,0.000000e+00,0.000000e+00,48979329024.0,44602167296.0,1513935.5,45.10,0.41
CSV,660007,132000,45,44,0,22805,0,0.000000e+00,0.000000e+00,51561840640.0,41334247424.0,1176518.9,46.42,0.96
BER: END_SEQ #45 [LOCK] seq_err=0 BER_seq=0.0000e+00 | lock=45 slip=0 BER_cond=0.0000e+00 BER_cum=0.0000e+00
CSV,665007,133000,45,45,0,22995,0,0.000000e+00,0.000000e+00,46487425024.0,47776874496.0,1204092.4,45.99,0.12
BER: SYNC #46 (gated)
CSV,670007,134000,46,45,0,23128,0,0.000000e+00,0.000000e+00,50750119936.0,41535889408.0,1512204.8,45.26,0.87
CSV,675007,135000,46,45,0,23328,0,0.000000e+00,0.000000e+00,48723259392.0,45529497600.0,1204473.9,46.07,0.29
BER: END_SEQ #46 [LOCK] seq_err=0 BER_seq=0.0000e+00 | lock=46 slip=0 BER_cond=0.0000e+00 BER_cum=0.0000e+00
CSV,680007,136000,46,46,0,23506,0,0.000000e+00,0.000000e+00,46428594176.0,45509885952.0,1211022.0,45.84,0.09
BER: SYNC #47 (gated)
CSV,685007,137000,47,46,0,23651,0,0.000000e+00,0.000000e+00,52660867072.0,41388355584.0,1465817.8,45.55,1.05
CSV,690007,138000,47,46,0,23851,0,0.000000e+00,0.000000e+00,47441416192.0,45026168832.0,1203313.0,45.96,0.23
BER: END_SEQ #47 [LOCK] seq_err=0 BER_seq=0.0000e+00 | lock=47 slip=0 BER_cond=0.0000e+00 BER_cum=0.0000e+00
CSV,695007,139000,47,47,0,24017,0,0.000000e+00,0.000000e+00,46716932096.0,46996668416.0,1387273.4,45.30,0.03
BER: SYNC #48 (gated)
CSV,700007,140000,48,47,0,24173,0,0.000000e+00,0.000000e+00,52170383360.0,40866693120.0,1245937.9,46.22,1.06
CSV,705007,141000,48,47,0,24373,0,0.000000e+00,0.000000e+00,47123492864.0,46592507904.0,1192620.1,45.97,0.05
BER: END_SEQ #48 [LOCK] seq_err=0 BER_seq=0.0000e+00 | lock=48 slip=0 BER_cond=0.0000e+00 BER_cum=0.0000e+00
CSV,710007,142000,48,48,0,24528,0,0.000000e+00,0.000000e+00,46832156672.0,45051662336.0,1269317.9,45.67,0.17
BER: SYNC #49 (gated)
CSV,715007,143000,49,48,0,24696,0,0.000000e+00,0.000000e+00,52755333120.0,41391472640.0,1221095.2,46.36,1.05
CSV,720007,144000,49,48,0,24896,0,0.000000e+00,0.000000e+00,47171686400.0,45509025792.0,1242588.0,45.79,0.16
BER: END_SEQ #49 [LOCK] seq_err=0 BER_seq=0.0000e+00 | lock=49 slip=0 BER_cond=0.0000e+00 BER_cum=0.0000e+00
CSV,725007,145000,49,49,0,25039,0,0.000000e+00,0.000000e+00,47050891264.0,46396260352.0,1441623.4,45.14,0.06
BER: SYNC #50 (gated)
CSV,730007,146000,50,49,0,25219,0,0.000000e+00,0.000000e+00,51469033472.0,42047713280.0,1120069.1,46.62,0.88
CSV,735007,147000,50,49,0,25419,0,0.000000e+00,0.000000e+00,47526535168.0,45852975104.0,1318236.4,45.57,0.16
BER: END_SEQ #50 [LOCK] seq_err=0 BER_seq=0.0000e+00 | lock=50 slip=0 BER_cond=0.0000e+00 BER_cum=0.0000e+00
CSV,740007,148000,50,50,0,25550,0,0.000000e+00,0.000000e+00,45810159616.0,46056218624.0,1377843.4,45.24,0.02
BER: SYNC #51 (gated)
CSV,745007,149000,51,50,0,25742,0,0.000000e+00,0.000000e+00,54082187264.0,39915368448.0,1114924.0,46.86,1.32
CSV,750007,150000,51,50,0,25941,0,0.000000e+00,0.000000e+00,47792717824.0,45233553408.0,1228124.5,45.90,0.24
BER: END_SEQ #51 [LOCK] seq_err=0 BER_seq=0.0000e+00 | lock=51 slip=0 BER_cond=0.0000e+00 BER_cum=0.0000e+00
BER: SYNC #52 (gated)
CSV,755007,151000,52,51,0,26064,0,0.000000e+00,0.000000e+00,45430222848.0,46770012160.0,1421419.4,45.17,0.13
CSV,760007,152000,52,51,0,26264,0,0.000000e+00,0.000000e+00,53522186240.0,40302645248.0,1256686.8,46.29,1.23
CSV,765007,153000,52,51,0,26464,0,0.000000e+00,0.000000e+00,46658445312.0,46117179392.0,1363182.2,45.34,0.05
BER: END_SEQ #52 [LOCK] seq_err=0 BER_seq=0.0000e+00 | lock=52 slip=0 BER_cond=0.0000e+00 BER_cum=0.0000e+00
BER: SYNC #53 (gated)
CSV,770007,154000,53,52,0,26587,0,0.000000e+00,0.000000e+00,44494172160.0,47740076032.0,1397552.9,45.34,0.31
CSV,775007,155000,53,52,0,26787,0,0.000000e+00,0.000000e+00,53567275008.0,39844474880.0,1241419.2,46.35,1.29
CSV,780007,156000,53,52,0,26987,0,0.000000e+00,0.000000e+00,48234524672.0,45239316480.0,1284351.4,45.75,0.28
BER: END_SEQ #53 [LOCK] seq_err=0 BER_seq=0.0000e+00 | lock=53 slip=0 BER_cond=0.0000e+00 BER_cum=0.0000e+00
BER: SYNC #54 (gated)
CSV,785007,157000,54,53,0,27110,0,0.000000e+00,0.000000e+00,44024266752.0,47317655552.0,1437216.8,45.18,0.31
CSV,790007,158000,54,53,0,27310,0,0.000000e+00,0.000000e+00,54131044352.0,40089292800.0,1232991.5,46.42,1.30
CSV,795007,159000,54,53,0,27510,0,0.000000e+00,0.000000e+00,46984298496.0,45253595136.0,1213468.8,45.88,0.16
BER: END_SEQ #54 [LOCK] seq_err=0 BER_seq=0.0000e+00 | lock=54 slip=0 BER_cond=0.0000e+00 BER_cum=0.0000e+00
BER: SYNC #55 (gated)
CSV,800007,160000,55,54,0,27633,0,0.000000e+00,0.000000e+00,46841421824.0,46106476544.0,1381082.6,45.30,0.07
CSV,805007,161000,55,54,0,27832,0,0.000000e+00,0.000000e+00,50975166464.0,41619271680.0,1186308.5,46.33,0.88
CSV,810007,162000,55,54,0,28032,0,0.000000e+00,0.000000e+00,48701165568.0,45272408064.0,1269242.9,45.84,0.32
BER: END_SEQ #55 [LOCK] seq_err=0 BER_seq=0.0000e+00 | lock=55 slip=0 BER_cond=0.0000e+00 BER_cum=0.0000e+00
BER: SYNC #56 (gated)
CSV,815007,163000,56,55,0,28155,0,0.000000e+00,0.000000e+00,45551550464.0,45630345216.0,1464383.5,44.94,0.01
CSV,820007,164000,56,55,0,28355,0,0.000000e+00,0.000000e+00,52496302080.0,42035707904.0,1155129.1,46.57,0.97
CSV,825007,165000,56,55,0,28555,0,0.000000e+00,0.000000e+00,47511969792.0,44466790400.0,1119228.1,46.28,0.29
BER: END_SEQ #56 [LOCK] seq_err=0 BER_seq=0.0000e+00 | lock=56 slip=0 BER_cond=0.0000e+00 BER_cum=0.0000e+00
BER: SYNC #57 (gated)
CSV,830007,166000,57,56,0,28678,0,0.000000e+00,0.000000e+00,46460608512.0,46993760256.0,1425228.2,45.18,0.05
CSV,835007,167000,57,56,0,28878,0,0.000000e+00,0.000000e+00,53521739776.0,39099772928.0,1236407.9,46.36,1.36
CSV,840007,168000,57,56,0,29078,0,0.000000e+00,0.000000e+00,47771561984.0,46161801216.0,1134491.1,46.24,0.15
BER: END_SEQ #57 [LOCK] seq_err=0 BER_seq=0.0000e+00 | lock=57 slip=0 BER_cond=0.0000e+00 BER_cum=0.0000e+00
BER: SYNC #58 (gated)
CSV,845007,169000,58,57,0,29201,0,0.000000e+00,0.000000e+00,43666763776.0,46819229696.0,1407003.0,45.22,0.30
CSV,850007,170000,58,57,0,29401,0,0.000000e+00,0.000000e+00,55566667776.0,39298654208.0,1215745.9,46.60,1.50
CSV,855007,171000,58,57,0,29600,0,0.000000e+00,0.000000e+00,45691994112.0,45908901888.0,1125910.1,46.10,0.02
BER: END_SEQ #58 [LOCK] seq_err=0 BER_seq=0.0000e+00 | lock=58 slip=0 BER_cond=0.0000e+00 BER_cum=0.0000e+00
BER: SYNC #59 (gated)
CSV,860007,172000,59,58,0,29723,0,0.000000e+00,0.000000e+00,46776446976.0,47128875008.0,1401440.1,45.27,0.03
CSV,865007,173000,59,58,0,29923,0,0.000000e+00,0.000000e+00,52371992576.0,39788191744.0,1166153.8,46.52,1.19
CSV,870007,174000,59,58,0,30123,0,0.000000e+00,0.000000e+00,47420022784.0,46522761216.0,1225931.6,45.87,0.08
BER: END_SEQ #59 [LOCK] seq_err=0 BER_seq=0.0000e+00 | lock=59 slip=0 BER_cond=0.0000e+00 BER_cum=0.0000e+00
BER: SYNC #60 (gated)
CSV,875007,175000,60,59,0,30246,0,0.000000e+00,0.000000e+00,44805758976.0,45592965120.0,1353460.9,45.27,0.08
CSV,880007,176000,60,59,0,30446,0,0.000000e+00,0.000000e+00,54004989952.0,40667402240.0,1371349.1,45.95,1.23
CSV,885007,177000,60,59,0,30646,0,0.000000e+00,0.000000e+00,45922955264.0,45544132608.0,1302223.4,45.47,0.04
BER: END_SEQ #60 [LOCK] seq_err=0 BER_seq=0.0000e+00 | lock=60 slip=0 BER_cond=0.0000e+00 BER_cum=0.0000e+00
BER: SYNC #61 (gated)
CSV,890007,178000,61,60,0,30769,0,0.000000e+00,0.000000e+00,46738894848.0,46734696448.0,1466110.5,45.04,0.00
CSV,895007,179000,61,60,0,30969,0,0.000000e+00,0.000000e+00,52747460608.0,39599816704.0,1167060.9,46.55,1.25
CSV,900007,180000,61,60,0,31169,0,0.000000e+00,0.000000e+00,46516527104.0,47647535104.0,1288152.4,45.68,0.10
BER: END_SEQ #61 [LOCK] seq_err=0 BER_seq=0.0000e+00 | lock=61 slip=0 BER_cond=0.0000e+00 BER_cum=0.0000e+00
BER: SYNC #62 (gated)
CSV,905007,181000,62,61,0,31291,0,0.000000e+00,0.000000e+00,47113314304.0,43558748160.0,1500483.5,44.97,0.34
CSV,910007,182000,62,61,0,31491,0,0.000000e+00,0.000000e+00,52448194560.0,42120183808.0,1170108.8,46.52,0.95
BER: END_SEQ #62 [LOCK] seq_err=0 BER_seq=0.0000e+00 | lock=62 slip=0 BER_cond=0.0000e+00 BER_cum=0.0000e+00
CSV,915007,183000,62,62,0,31682,0,0.000000e+00,0.000000e+00,45259350016.0,46178648064.0,1111590.9,46.18,0.09
BER: SYNC #63 (gated)
CSV,920007,184000,63,62,0,31814,0,0.000000e+00,0.000000e+00,51447128064.0,42343133184.0,1468161.9,45.45,0.85
CSV,925007,185000,63,62,0,32014,0,0.000000e+00,0.000000e+00,47675252736.0,44172705792.0,1215932.0,45.93,0.33
BER: END_SEQ #63 [LOCK] seq_err=0 BER_seq=0.0000e+00 | lock=63 slip=0 BER_cond=0.0000e+00 BER_cum=0.0000e+00
CSV,930007,186000,63,63,0,32193,0,0.000000e+00,0.000000e+00,47604772864.0,46224666624.0,1291863.4,45.66,0.13
BER: SYNC #64 (gated)
CSV,935007,187000,64,63,0,32337,0,0.000000e+00,0.000000e+00,51159502848.0,39774642176.0,1328464.1,45.86,1.09
CSV,940007,188000,64,63,0,32537,0,0.000000e+00,0.000000e+00,47821279232.0,44805685248.0,1172777.0,46.10,0.28
BER: END_SEQ #64 [LOCK] seq_err=0 BER_seq=0.0000e+00 | lock=64 slip=0 BER_cond=0.0000e+00 BER_cum=0.0000e+00
CSV,945007,189000,64,64,0,32704,0,0.000000e+00,0.000000e+00,44949946368.0,44949778432.0,1294860.8,45.41,0.00
BER: SYNC #65 (gated)
CSV,950007,190000,65,64,0,32860,0,0.000000e+00,0.000000e+00,52156596224.0,40652091392.0,1290485.6,46.07,1.08
CSV,955007,191000,65,64,0,33059,0,0.000000e+00,0.000000e+00,45210030080.0,45170069504.0,1208261.2,45.73,0.00
BER: END_SEQ #65 [LOCK] seq_err=0 BER_seq=0.0000e+00 | lock=65 slip=0 BER_cond=0.0000e+00 BER_cum=0.0000e+00
CSV,960007,192000,65,65,0,33215,0,0.000000e+00,0.000000e+00,47367135232.0,44545761280.0,1288585.4,45.65,0.27
BER: SYNC #66 (gated)
CSV,965007,193000,66,65,0,33382,0,0.000000e+00,0.000000e+00,51272368128.0,39559692288.0,1197415.8,46.32,1.13
CSV,970007,194000,66,65,0,33582,0,0.000000e+00,0.000000e+00,46780334080.0,45054369792.0,1251589.6,45.73,0.16
BER: END_SEQ #66 [LOCK] seq_err=0 BER_seq=0.0000e+00 | lock=66 slip=0 BER_cond=0.0000e+00 BER_cum=0.0000e+00
CSV,975007,195000,66,66,0,33726,0,0.000000e+00,0.000000e+00,45064347648.0,44143939584.0,1363499.6,45.19,0.09
BER: SYNC #67 (gated)
CSV,980007,196000,67,66,0,33905,0,0.000000e+00,0.000000e+00,51287302144.0,41130041344.0,1040427.2,46.93,0.96
CSV,985007,197000,67,66,0,34105,0,0.000000e+00,0.000000e+00,45832941568.0,44507541504.0,1253044.2,45.63,0.13
BER: END_SEQ #67 [LOCK] seq_err=0 BER_seq=0.0000e+00 | lock=67 slip=0 BER_cond=0.0000e+00 BER_cum=0.0000e+00
CSV,990007,198000,67,67,0,34237,0,0.000000e+00,0.000000e+00,46278250496.0,45457141760.0,1387201.9,45.23,0.08
BER: SYNC #68 (gated)
CSV,995007,199000,68,67,0,34428,0,0.000000e+00,0.000000e+00,52430467072.0,38967865344.0,1212763.4,46.36,1.29
CSV,1000007,200000,68,67,0,34628,0,0.000000e+00,0.000000e+00,47285428224.0,44346433536.0,1313137.9,45.56,0.28
BER: END_SEQ #68 [LOCK] seq_err=0 BER_seq=0.0000e+00 | lock=68 slip=0 BER_cond=0.0000e+00 BER_cum=0.0000e+00
BER: SYNC #69 (gated)
CSV,1005007,201000,69,68,0,34750,0,0.000000e+00,0.000000e+00,44230909952.0,45180850176.0,1442533.1,44.96,0.09
CSV,1010007,202000,69,68,0,34950,0,0.000000e+00,0.000000e+00,52841463808.0,39521312768.0,1232724.9,46.32,1.26
CSV,1015007,203000,69,68,0,35150,0,0.000000e+00,0.000000e+00,45967605760.0,44739661824.0,1304276.8,45.47,0.12
BER: END_SEQ #69 [LOCK] seq_err=0 BER_seq=0.0000e+00 | lock=69 slip=0 BER_cond=0.0000e+00 BER_cum=0.0000e+00
BER: SYNC #70 (gated)
CSV,1020007,204000,70,69,0,35273,0,0.000000e+00,0.000000e+00,43993694208.0,46699171840.0,1440725.1,45.11,0.26
CSV,1025007,205000,70,69,0,35473,0,0.000000e+00,0.000000e+00,52762968064.0,38880129024.0,1171699.4,46.54,1.33
CSV,1030007,206000,70,69,0,35673,0,0.000000e+00,0.000000e+00,46993526784.0,44102578176.0,1226025.5,45.84,0.28
BER: END_SEQ #70 [LOCK] seq_err=0 BER_seq=0.0000e+00 | lock=70 slip=0 BER_cond=0.0000e+00 BER_cum=0.0000e+00
BER: SYNC #71 (gated)
CSV,1035007,207000,71,70,0,35796,0,0.000000e+00,0.000000e+00,43872608256.0,45994287104.0,1344581.5,45.34,0.21
CSV,1040007,208000,71,70,0,35996,0,0.000000e+00,0.000000e+00,52934250496.0,38601584640.0,1256341.0,46.25,1.37
CSV,1045007,209000,71,70,0,36196,0,0.000000e+00,0.000000e+00,46622543872.0,44528816128.0,1166722.2,46.02,0.20
BER: END_SEQ #71 [LOCK] seq_err=0 BER_seq=0.0000e+00 | lock=71 slip=0 BER_cond=0.0000e+00 BER_cum=0.0000e+00
BER: SYNC #72 (gated)
CSV,1050007,210000,72,71,0,36319,0,0.000000e+00,0.000000e+00,45510230016.0,44465496064.0,1415117.2,45.07,0.10
CSV,1055007,211000,72,71,0,36519,0,0.000000e+00,0.000000e+00,50754293760.0,41106292736.0,1115958.2,46.58,0.92
CSV,1060007,212000,72,71,0,36718,0,0.000000e+00,0.000000e+00,46876033024.0,43925630976.0,1255780.4,45.72,0.28
BER: END_SEQ #72 [LOCK] seq_err=0 BER_seq=0.0000e+00 | lock=72 slip=0 BER_cond=0.0000e+00 BER_cum=0.0000e+00
BER: SYNC #73 (gated)
CSV,1065007,213000,73,72,0,36841,0,0.000000e+00,0.000000e+00,45814091776.0,44948111360.0,1472283.5,44.93,0.08
CSV,1070007,214000,73,72,0,37041,0,0.000000e+00,0.000000e+00,50944733184.0,40094441472.0,1208677.9,46.25,1.04
CSV,1075007,215000,73,72,0,37241,0,0.000000e+00,0.000000e+00,47396061184.0,44272660480.0,1010183.4,46.71,0.30
BER: END_SEQ #73 [LOCK] seq_err=0 BER_seq=0.0000e+00 | lock=73 slip=0 BER_cond=0.0000e+00 BER_cum=0.0000e+00
BER: SYNC #74 (gated)
CSV,1080007,216000,74,73,0,37364,0,0.000000e+00,0.000000e+00,44787367936.0,44668530688.0,1405251.1,45.03,0.01
CSV,1085007,217000,74,73,0,37564,0,0.000000e+00,0.000000e+00,53094465536.0,39258578944.0,1152771.6,46.63,1.31
CSV,1090007,218000,74,73,0,37764,0,0.000000e+00,0.000000e+00,46362931200.0,43704766464.0,1135898.6,46.11,0.26
BER: END_SEQ #74 [LOCK] seq_err=0 BER_seq=0.0000e+00 | lock=74 slip=0 BER_cond=0.0000e+00 BER_cum=0.0000e+00
BER: SYNC #75 (gated)
CSV,1095007,219000,75,74,0,37887,0,0.000000e+00,0.000000e+00,44022460416.0,47454146560.0,1369925.9,45.40,0.33
CSV,1100007,220000,75,74,0,38087,0,0.000000e+00,0.000000e+00,54037958656.0,36994785280.0,1215387.2,46.48,1.65
CSV,1105007,221000,75,74,0,38287,0,0.000000e+00,0.000000e+00,46043742208.0,45788676096.0,1171365.5,45.94,0.02
BER: END_SEQ #75 [LOCK] seq_err=0 BER_seq=0.0000e+00 | lock=75 slip=0 BER_cond=0.0000e+00 BER_cum=0.0000e+00
BER: SYNC #76 (gated)
CSV,1110007,222000,76,75,0,38409,0,0.000000e+00,0.000000e+00,43881955328.0,44964794368.0,1376659.0,45.14,0.11
CSV,1115007,223000,76,75,0,38609,0,0.000000e+00,0.000000e+00,53204918272.0,39517511680.0,1278661.4,46.19,1.29
CSV,1120007,224000,76,75,0,38809,0,0.000000e+00,0.000000e+00,45264760832.0,44536266752.0,1247521.2,45.60,0.07
BER: END_SEQ #76 [LOCK] seq_err=0 BER_seq=0.0000e+00 | lock=76 slip=0 BER_cond=0.0000e+00 BER_cum=0.0000e+00
BER: SYNC #77 (gated)
CSV,1125007,225000,77,76,0,38932,0,0.000000e+00,0.000000e+00,45811105792.0,46120120320.0,1365815.1,45.28,0.03
CSV,1130007,226000,77,76,0,39132,0,0.000000e+00,0.000000e+00,51980259328.0,38634348544.0,1270111.2,46.12,1.29
CSV,1135007,227000,77,76,0,39332,0,0.000000e+00,0.000000e+00,46725750784.0,45493018624.0,1337214.5,45.43,0.12
BER: END_SEQ #77 [LOCK] seq_err=0 BER_seq=0.0000e+00 | lock=77 slip=0 BER_cond=0.0000e+00 BER_cum=0.0000e+00
BER: SYNC #78 (gated)
CSV,1140007,228000,78,77,0,39455,0,0.000000e+00,0.000000e+00,44401147904.0,44356706304.0,1417667.8,44.96,0.00
CSV,1145007,229000,78,77,0,39655,0,0.000000e+00,0.000000e+00,52785876992.0,40059174912.0,1145858.0,46.63,1.20
CSV,1150007,230000,78,77,0,39855,0,0.000000e+00,0.000000e+00,44816572416.0,44746375168.0,1150498.1,45.91,0.01
BER: END_SEQ #78 [LOCK] seq_err=0 BER_seq=0.0000e+00 | lock=78 slip=0 BER_cond=0.0000e+00 BER_cum=0.0000e+00
BER: SYNC #79 (gated)
CSV,1155007,231000,79,78,0,39978,0,0.000000e+00,0.000000e+00,47669293056.0,43581571072.0,1474651.0,45.10,0.39
CSV,1160007,232000,79,78,0,40177,0,0.000000e+00,0.000000e+00,49754050560.0,40068022272.0,1239224.1,46.04,0.94
BER: END_SEQ #79 [LOCK] seq_err=0 BER_seq=0.0000e+00 | lock=79 slip=0 BER_cond=0.0000e+00 BER_cum=0.0000e+00
CSV,1165007,233000,79,79,0,40369,0,0.000000e+00,0.000000e+00,45673869312.0,45263392768.0,1115783.4,46.12,0.04
BER: SYNC #80 (gated)
CSV,1170007,234000,80,79,0,40500,0,0.000000e+00,0.000000e+00,48406155264.0,39568678912.0,1452692.8,45.23,0.88
CSV,1175007,235000,80,79,0,40700,0,0.000000e+00,0.000000e+00,46016520192.0,40774750208.0,1096243.2,46.23,0.53
BER: END_SEQ #80 [LOCK] seq_err=0 BER_seq=0.0000e+00 | lock=80 slip=0 BER_cond=0.0000e+00 BER_cum=0.0000e+00
CSV,1180007,236000,80,80,0,40880,0,0.000000e+00,0.000000e+00,41984589824.0,39696310272.0,1236956.9,45.31,0.24
BER: SYNC #81 (gated)
CSV,1185007,237000,81,80,0,41023,0,0.000000e+00,0.000000e+00,49399570432.0,37835468800.0,1234874.8,46.02,1.16
CSV,1190007,238000,81,80,0,41223,0,0.000000e+00,0.000000e+00,43253641216.0,39889424384.0,1090656.4,45.98,0.35
BER: END_SEQ #81 [LOCK] seq_err=0 BER_seq=0.0000e+00 | lock=81 slip=0 BER_cond=0.0000e+00 BER_cum=0.0000e+00
CSV,1195007,239000,81,81,0,41391,0,0.000000e+00,0.000000e+00,48439517184.0,48926535680.0,1237432.8,45.97,0.04
BER: SYNC #82 (gated)
CSV,1200007,240000,82,81,0,41546,0,0.000000e+00,0.000000e+00,53742047232.0,42339467264.0,1289547.5,46.20,1.04
CSV,1205007,241000,82,81,0,41746,0,0.000000e+00,0.000000e+00,49310588928.0,48783437824.0,1261625.4,45.92,0.05
BER: END_SEQ #82 [LOCK] seq_err=0 BER_seq=0.0000e+00 | lock=82 slip=0 BER_cond=0.0000e+00 BER_cum=0.0000e+00
CSV,1210007,242000,82,82,0,41902,0,0.000000e+00,0.000000e+00,47830073344.0,46070276096.0,1419279.1,45.28,0.16
BER: SYNC #83 (gated)
CSV,1215007,243000,83,82,0,42068,0,0.000000e+00,0.000000e+00,55070068736.0,42408833024.0,1250001.2,46.44,1.13
CSV,1220007,244000,83,82,0,42268,0,0.000000e+00,0.000000e+00,47711641600.0,46665474048.0,1313836.0,45.60,0.10
BER: END_SEQ #83 [LOCK] seq_err=0 BER_seq=0.0000e+00 | lock=83 slip=0 BER_cond=0.0000e+00 BER_cum=0.0000e+00
CSV,1225007,245000,83,83,0,42413,0,0.000000e+00,0.000000e+00,48613441536.0,47743336448.0,1423082.6,45.34,0.08
BER: SYNC #84 (gated)
CSV,1230007,246000,84,83,0,42591,0,0.000000e+00,0.000000e+00,53013463040.0,42230382592.0,1102106.6,46.82,0.99
CSV,1235007,247000,84,83,0,42791,0,0.000000e+00,0.000000e+00,48725262336.0,47757287424.0,1229612.2,45.98,0.09
BER: END_SEQ #84 [LOCK] seq_err=0 BER_seq=0.0000e+00 | lock=84 slip=0 BER_cond=0.0000e+00 BER_cum=0.0000e+00
CSV,1240007,248000,84,84,0,42924,0,0.000000e+00,0.000000e+00,47098822656.0,46352543744.0,1496257.5,44.98,0.07
BER: SYNC #85 (gated)
CSV,1245007,249000,85,84,0,43114,0,0.000000e+00,0.000000e+00,55217901568.0,42184908800.0,1234283.0,46.51,1.17
CSV,1250007,250000,85,84,0,43314,0,0.000000e+00,0.000000e+00,48694624256.0,45990322176.0,1376334.2,45.49,0.25
BER: END_SEQ #85 [LOCK] seq_err=0 BER_seq=0.0000e+00 | lock=85 slip=0 BER_cond=0.0000e+00 BER_cum=0.0000e+00
BER: SYNC #86 (gated)
CSV,1255007,251000,86,85,0,43437,0,0.000000e+00,0.000000e+00,47588380672.0,48753618944.0,1513105.0,45.08,0.11
CSV,1260007,252000,86,85,0,43636,0,0.000000e+00,0.000000e+00,54730891264.0,40949231616.0,1226400.0,46.50,1.26
CSV,1265007,253000,86,85,0,43836,0,0.000000e+00,0.000000e+00,49555271680.0,48278769664.0,1349813.2,45.65,0.11
BER: END_SEQ #86 [LOCK] seq_err=0 BER_seq=0.0000e+00 | lock=86 slip=0 BER_cond=0.0000e+00 BER_cum=0.0000e+00
BER: SYNC #87 (gated)
CSV,1270007,254000,87,86,0,43959,0,0.000000e+00,0.000000e+00,45737078784.0,49134211072.0,1532333.1,45.06,0.31
CSV,1275007,255000,87,86,0,44159,0,0.000000e+00,0.000000e+00,55807770624.0,42584236032.0,1238705.6,46.54,1.17
CSV,1280007,256000,87,86,0,44359,0,0.000000e+00,0.000000e+00,48947175424.0,46174027776.0,1241017.6,45.96,0.25
BER: END_SEQ #87 [LOCK] seq_err=0 BER_seq=0.0000e+00 | lock=87 slip=0 BER_cond=0.0000e+00 BER_cum=0.0000e+00
BER: SYNC #88 (gated)
CSV,1285007,257000,88,87,0,44482,0,0.000000e+00,0.000000e+00,47074770944.0,48672796672.0,1401468.5,45.41,0.14
CSV,1290007,258000,88,87,0,44682,0,0.000000e+00,0.000000e+00,55135563776.0,41098948608.0,1270033.5,46.38,1.28
CSV,1295007,259000,88,87,0,44882,0,0.000000e+00,0.000000e+00,49515200512.0,48186736640.0,1264562.9,45.93,0.12
BER: END_SEQ #88 [LOCK] seq_err=0 BER_seq=0.0000e+00 | lock=88 slip=0 BER_cond=0.0000e+00 BER_cum=0.0000e+00
BER: SYNC #89 (gated)
CSV,1300007,260000,89,88,0,45005,0,0.000000e+00,0.000000e+00,48178896896.0,47940620288.0,1502510.8,45.06,0.02
CSV,1305007,261000,89,88,0,45205,0,0.000000e+00,0.000000e+00,54212411392.0,43820179456.0,1158402.1,46.70,0.92
CSV,1310007,262000,89,88,0,45404,0,0.000000e+00,0.000000e+00,49812013056.0,47476981760.0,1268817.1,45.94,0.21
BER: END_SEQ #89 [LOCK] seq_err=0 BER_seq=0.0000e+00 | lock=89 slip=0 BER_cond=0.0000e+00 BER_cum=0.0000e+00
BER: SYNC #90 (gated)
CSV,1315007,263000,90,89,0,45527,0,0.000000e+00,0.000000e+00,47958470656.0,48512348160.0,1558343.4,44.93,0.05
CSV,1320007,264000,90,89,0,45727,0,0.000000e+00,0.000000e+00,54567919616.0,43360268288.0,1255424.4,46.38,1.00
CSV,1325007,265000,90,89,0,45927,0,0.000000e+00,0.000000e+00,49815650304.0,47439630336.0,1050239.9,46.76,0.21
BER: END_SEQ #90 [LOCK] seq_err=0 BER_seq=0.0000e+00 | lock=90 slip=0 BER_cond=0.0000e+00 BER_cum=0.0000e+00
BER: SYNC #91 (gated)
CSV,1330007,266000,91,90,0,46050,0,0.000000e+00,0.000000e+00,48320954368.0,48572391424.0,1489341.5,45.13,0.02
CSV,1335007,267000,91,90,0,46250,0,0.000000e+00,0.000000e+00,55333904384.0,42388856832.0,1241681.2,46.49,1.16
CSV,1340007,268000,91,90,0,46450,0,0.000000e+00,0.000000e+00,50045366272.0,47676489728.0,1176348.2,46.29,0.21
BER: END_SEQ #91 [LOCK] seq_err=0 BER_seq=0.0000e+00 | lock=91 slip=0 BER_cond=0.0000e+00 BER_cum=0.0000e+00
BER: SYNC #92 (gated)
CSV,1345007,269000,92,91,0,46573,0,0.000000e+00,0.000000e+00,45359697920.0,50101997568.0,1458467.4,45.36,0.43
CSV,1350007,270000,92,91,0,46773,0,0.000000e+00,0.000000e+00,58076889088.0,40478740480.0,1289372.5,46.54,1.57
CSV,1355007,271000,92,91,0,46973,0,0.000000e+00,0.000000e+00,48335646720.0,47941566464.0,1218993.6,45.98,0.04
BER: END_SEQ #92 [LOCK] seq_err=0 BER_seq=0.0000e+00 | lock=92 slip=0 BER_cond=0.0000e+00 BER_cum=0.0000e+00
BER: SYNC #93 (gated)
CSV,1360007,272000,93,92,0,47096,0,0.000000e+00,0.000000e+00,47320244224.0,49918119936.0,1456125.2,45.35,0.23
CSV,1365007,273000,93,92,0,47295,0,0.000000e+00,0.000000e+00,55866703872.0,41192255488.0,1215640.9,46.62,1.32
CSV,1370007,274000,93,92,0,47495,0,0.000000e+00,0.000000e+00,48752943104.0,49223626752.0,1272323.5,45.88,0.04
BER: END_SEQ #93 [LOCK] seq_err=0 BER_seq=0.0000e+00 | lock=93 slip=0 BER_cond=0.0000e+00 BER_cum=0.0000e+00
BER: SYNC #94 (gated)
CSV,1375007,275000,94,93,0,47618,0,0.000000e+00,0.000000e+00,47312891904.0,47955808256.0,1386571.9,45.39,0.06
CSV,1380007,276000,94,93,0,47818,0,0.000000e+00,0.000000e+00,56267096064.0,42642427904.0,1368871.8,46.14,1.20
CSV,1385007,277000,94,93,0,48018,0,0.000000e+00,0.000000e+00,48326541312.0,47921287168.0,1382964.2,45.43,0.04
BER: END_SEQ #94 [LOCK] seq_err=0 BER_seq=0.0000e+00 | lock=94 slip=0 BER_cond=0.0000e+00 BER_cum=0.0000e+00
BER: SYNC #95 (gated)
CSV,1390007,278000,95,94,0,48141,0,0.000000e+00,0.000000e+00,48496537600.0,49653223424.0,1529726.4,45.11,0.10
CSV,1395007,279000,95,94,0,48341,0,0.000000e+00,0.000000e+00,55096504320.0,41891602432.0,1199169.5,46.62,1.19
CSV,1400007,280000,95,94,0,48541,0,0.000000e+00,0.000000e+00,49081540608.0,49553989632.0,1371324.1,45.58,0.04
BER: END_SEQ #95 [LOCK] seq_err=0 BER_seq=0.0000e+00 | lock=95 slip=0 BER_cond=0.0000e+00 BER_cum=0.0000e+00
BER: SYNC #96 (gated)
CSV,1405007,281000,96,95,0,48664,0,0.000000e+00,0.000000e+00,48754728960.0,46379454464.0,1544537.1,44.99,0.22
CSV,1410007,282000,96,95,0,48864,0,0.000000e+00,0.000000e+00,54883094528.0,44254175232.0,1192812.1,46.63,0.93
BER: END_SEQ #96 [LOCK] seq_err=0 BER_seq=0.0000e+00 | lock=96 slip=0 BER_cond=0.0000e+00 BER_cum=0.0000e+00
CSV,1415007,283000,96,96,0,49056,0,0.000000e+00,0.000000e+00,47127797760.0,48696209408.0,1130636.4,46.34,0.14
BER: SYNC #97 (gated)
CSV,1420007,284000,97,96,0,49186,0,0.000000e+00,0.000000e+00,53309550592.0,44947529728.0,1579087.0,45.28,0.74
CSV,1425007,285000,97,96,0,49386,0,0.000000e+00,0.000000e+00,50398846976.0,45663408128.0,1305140.9,45.87,0.43
BER: END_SEQ #97 [LOCK] seq_err=0 BER_seq=0.0000e+00 | lock=97 slip=0 BER_cond=0.0000e+00 BER_cum=0.0000e+00
CSV,1430007,286000,97,97,0,49567,0,0.000000e+00,0.000000e+00,49398865920.0,48834281472.0,1278497.4,45.87,0.05
BER: SYNC #98 (gated)
CSV,1435007,287000,98,97,0,49709,0,0.000000e+00,0.000000e+00,53406248960.0,42497863680.0,1479266.5,45.58,0.99
CSV,1440007,288000,98,97,0,49909,0,0.000000e+00,0.000000e+00,50885824512.0,47764865024.0,1244719.4,46.12,0.27
BER: END_SEQ #98 [LOCK] seq_err=0 BER_seq=0.0000e+00 | lock=98 slip=0 BER_cond=0.0000e+00 BER_cum=0.0000e+00
CSV,1445007,289000,98,98,0,50078,0,0.000000e+00,0.000000e+00,47328526336.0,47924670464.0,1435087.4,45.24,0.05
BER: SYNC #99 (gated)
CSV,1450007,290000,99,98,0,50232,0,0.000000e+00,0.000000e+00,55190634496.0,43544322048.0,1306052.0,46.26,1.03
CSV,1455007,291000,99,98,0,50432,0,0.000000e+00,0.000000e+00,48050913280.0,47671783424.0,1252632.4,45.84,0.03
BER: END_SEQ #99 [LOCK] seq_err=0 BER_seq=0.0000e+00 | lock=99 slip=0 BER_cond=0.0000e+00 BER_cum=0.0000e+00
CSV,1460007,292000,99,99,0,50589,0,0.000000e+00,0.000000e+00,49763782656.0,48292306944.0,1303431.8,45.82,0.13
BER: SYNC #100 (gated)
CSV,1465007,293000,100,99,0,50754,0,0.000000e+00,0.000000e+00,54017073152.0,42473541632.0,1234551.9,46.41,1.04
CSV,1470007,294000,100,99,0,50954,0,0.000000e+00,0.000000e+00,49915285504.0,48635641856.0,1231534.4,46.08,0.11
BER: END_SEQ #100 [LOCK] seq_err=0 BER_seq=0.0000e+00 | lock=100 slip=0 BER_cond=0.0000e+00 BER_cum=0.0000e+00
CSV,1475007,295000,100,100,0,51100,0,0.000000e+00,0.000000e+00,47546003456.0,47280136192.0,1536460.8,44.91,0.02
BER: SYNC #101 (gated)
CSV,1480007,296000,101,100,0,51277,0,0.000000e+00,0.000000e+00,54801723392.0,44247330816.0,1192726.8,46.62,0.93
CSV,1485007,297000,101,100,0,51477,0,0.000000e+00,0.000000e+00,48060567552.0,47685156864.0,1306603.1,45.66,0.03
BER: END_SEQ #101 [LOCK] seq_err=0 BER_seq=0.0000e+00 | lock=101 slip=0 BER_cond=0.0000e+00 BER_cum=0.0000e+00
CSV,1490007,298000,101,101,0,51611,0,0.000000e+00,0.000000e+00,49556811776.0,48499224576.0,1447844.4,45.34,0.09
BER: SYNC #102 (gated)
CSV,1495007,299000,102,101,0,51800,0,0.000000e+00,0.000000e+00,54707478528.0,42204184576.0,1139433.8,46.81,1.13
CSV,1500007,300000,102,101,0,52000,0,0.000000e+00,0.000000e+00,50507526144.0,47961935872.0,1282317.5,45.95,0.22
BER: END_SEQ #102 [LOCK] seq_err=0 BER_seq=0.0000e+00 | lock=102 slip=0 BER_cond=0.0000e+00 BER_cum=0.0000e+00

=========================================
=== END OF TEST (duration=25 min) ===
=========================================
FINAL: syncs=102 lock=102 slip=0 slip_rate=0.0000
FINAL: bits_cum=52122 err_cum=0 BER_cum=0.0000e+00
FINAL: bits_lock=52122 err_lock=0 BER_cond=0.0000e+00
=========================================
=== STOP LOGGING NOW ===
=========================================
