

=== RX BOOT - BER TEST MODE ===
MOD=OOK (20 kHz carrier, adaptive threshold)
BPS_MODE=20 (HALF_SAMPLES=2000, 10000 samples/bit @ 200000 Hz)
Expect: 64-bit preamble + Barker13 (1F35h, gated by 8 preamble bits = 0x55) + 511-bit PRBS-9
Noise floor band: 5000 Hz; lock threshold: BER<0.10
Auto-stop: test will halt 25 min after the first sync.
RX: edge-tracking sync, center-3 voting
Starting decoder...

CSV,5011,500,0,0,0,0,0,0.000000e+00,0.000000e+00,29228.2,329689024.0,83612.3,35.96,40.52
BER: SYNC #1 (gated)
CSV,10011,1000,1,0,0,28,0,0.000000e+00,0.000000e+00,31932.2,317488384.0,96345.1,35.18,39.97
CSV,15011,1500,1,0,0,128,0,0.000000e+00,0.000000e+00,19272.4,272082496.0,67769.6,36.04,41.50
CSV,20011,2000,1,0,0,228,0,0.000000e+00,0.000000e+00,26009.8,283446080.0,90247.2,34.97,40.37
CSV,25011,2500,1,0,0,328,0,0.000000e+00,0.000000e+00,32298.7,308112128.0,91046.7,35.29,39.80
CSV,30011,3000,1,0,0,428,0,0.000000e+00,0.000000e+00,29943.8,304950592.0,91479.4,35.23,40.08
BER: END_SEQ #1 [LOCK] seq_err=0 BER_seq=0.0000e+00 | lock=1 slip=0 BER_cond=0.0000e+00 BER_cum=0.0000e+00
CSV,35011,3500,1,1,0,511,0,0.000000e+00,0.000000e+00,36080.4,325841504.0,90352.6,35.57,39.56
BER: SYNC #2 (gated)
CSV,40011,4000,2,1,0,550,0,0.000000e+00,0.000000e+00,33047.1,297540448.0,85325.2,35.42,39.54
CSV,45011,4500,2,1,0,651,0,0.000000e+00,0.000000e+00,31110.4,262740176.0,91795.6,34.57,39.27
CSV,50011,5000,2,1,0,750,0,0.000000e+00,0.000000e+00,29241.5,302379424.0,87494.2,35.39,40.15
CSV,55011,5500,2,1,0,850,0,0.000000e+00,0.000000e+00,27729.6,300128480.0,86397.1,35.41,40.34
CSV,60011,6000,2,1,0,950,0,0.000000e+00,0.000000e+00,30640.8,308685280.0,92726.6,35.22,40.03
BER: END_SEQ #2 [LOCK] seq_err=0 BER_seq=0.0000e+00 | lock=2 slip=0 BER_cond=0.0000e+00 BER_cum=0.0000e+00
CSV,65011,6500,2,2,0,1022,0,0.000000e+00,0.000000e+00,29007.7,306381056.0,84847.5,35.58,40.24
BER: SYNC #3 (gated)
CSV,70011,7000,3,2,0,1073,0,0.000000e+00,0.000000e+00,32362.1,301616512.0,91034.7,35.20,39.69
CSV,75011,7500,3,2,0,1173,0,0.000000e+00,0.000000e+00,35631.8,253281120.0,92312.4,34.38,38.52
CSV,80011,8000,3,2,0,1273,0,0.000000e+00,0.000000e+00,28887.9,310154752.0,92838.4,35.24,40.31
CSV,85011,8500,3,2,0,1373,0,0.000000e+00,0.000000e+00,28194.4,296979936.0,87780.7,35.29,40.23
CSV,90011,9000,3,2,0,1473,0,0.000000e+00,0.000000e+00,31777.9,293195328.0,88936.9,35.18,39.65
BER: END_SEQ #3 [LOCK] seq_err=0 BER_seq=0.0000e+00 | lock=3 slip=0 BER_cond=0.0000e+00 BER_cum=0.0000e+00
CSV,95011,9500,3,3,0,1533,0,0.000000e+00,0.000000e+00,32935.0,319850656.0,94643.9,35.29,39.87
BER: SYNC #4 (gated)
CSV,100011,10000,4,3,0,1596,0,0.000000e+00,0.000000e+00,34512.3,313795680.0,92713.9,35.30,39.59
CSV,105011,10500,4,3,0,1696,0,0.000000e+00,0.000000e+00,29362.8,225189744.0,94140.8,33.79,38.85
CSV,110011,11000,4,3,0,1796,0,0.000000e+00,0.000000e+00,32505.7,291872320.0,85564.9,35.33,39.53
CSV,115011,11500,4,3,0,1896,0,0.000000e+00,0.000000e+00,33492.8,320007360.0,89402.1,35.54,39.80
CSV,120011,12000,4,3,0,1996,0,0.000000e+00,0.000000e+00,32136.4,297480288.0,86863.3,35.35,39.66
BER: END_SEQ #4 [LOCK] seq_err=0 BER_seq=0.0000e+00 | lock=4 slip=0 BER_cond=0.0000e+00 BER_cum=0.0000e+00
CSV,125011,12500,4,4,0,2044,0,0.000000e+00,0.000000e+00,33293.2,311228288.0,80887.7,35.85,39.71
BER: SYNC #5 (gated)
CSV,130011,13000,5,4,0,2119,0,0.000000e+00,0.000000e+00,32300.5,309063584.0,88054.6,35.45,39.81
CSV,135011,13500,5,4,0,2219,0,0.000000e+00,0.000000e+00,30264.5,241950864.0,85697.8,34.51,39.03
CSV,140011,14000,5,4,0,2319,0,0.000000e+00,0.000000e+00,33299.7,289932320.0,80434.4,35.57,39.40
CSV,145011,14500,5,4,0,2419,0,0.000000e+00,0.000000e+00,30030.9,329853312.0,85040.0,35.89,40.41
CSV,150011,15000,5,4,0,2518,0,0.000000e+00,0.000000e+00,29690.0,276317408.0,85894.7,35.07,39.69
BER: END_SEQ #5 [LOCK] seq_err=0 BER_seq=0.0000e+00 | lock=5 slip=0 BER_cond=0.0000e+00 BER_cum=0.0000e+00
CSV,155011,15500,5,5,0,2555,0,0.000000e+00,0.000000e+00,31840.7,322985952.0,86116.7,35.74,40.06
BER: SYNC #6 (gated)
CSV,160011,16000,6,5,0,2641,0,0.000000e+00,0.000000e+00,32049.7,310257408.0,88690.6,35.44,39.86
CSV,165011,16500,6,5,0,2741,0,0.000000e+00,0.000000e+00,31560.3,242707424.0,86593.1,34.48,38.86
CSV,170011,17000,6,5,0,2841,0,0.000000e+00,0.000000e+00,34026.1,292979744.0,82775.8,35.49,39.35
CSV,175011,17500,6,5,0,2941,0,0.000000e+00,0.000000e+00,28523.3,307597792.0,78785.5,35.92,40.33
CSV,180011,18000,6,5,0,3041,0,0.000000e+00,0.000000e+00,27319.6,309960704.0,83769.4,35.68,40.55
BER: END_SEQ #6 [LOCK] seq_err=0 BER_seq=0.0000e+00 | lock=6 slip=0 BER_cond=0.0000e+00 BER_cum=0.0000e+00
CSV,185011,18500,6,6,0,3066,0,0.000000e+00,0.000000e+00,29271.1,320560576.0,86906.6,35.67,40.39
BER: SYNC #7 (gated)
CSV,190011,19000,7,6,0,3164,0,0.000000e+00,0.000000e+00,30601.8,292860192.0,90517.0,35.10,39.81
CSV,195011,19500,7,6,0,3264,0,0.000000e+00,0.000000e+00,30538.3,233688224.0,92410.7,34.03,38.84
CSV,200011,20000,7,6,0,3364,0,0.000000e+00,0.000000e+00,28512.5,308837824.0,91475.9,35.28,40.35
CSV,205011,20500,7,6,0,3464,0,0.000000e+00,0.000000e+00,35278.5,310550464.0,87174.0,35.52,39.45
CSV,210011,21000,7,6,0,3564,0,0.000000e+00,0.000000e+00,33519.2,306107456.0,91143.5,35.26,39.61
BER: END_SEQ #7 [LOCK] seq_err=0 BER_seq=0.0000e+00 | lock=7 slip=0 BER_cond=0.0000e+00 BER_cum=0.0000e+00
BER: SYNC #8 (gated)
CSV,215011,21500,8,7,0,3587,0,0.000000e+00,0.000000e+00,31115.2,312706240.0,83229.7,35.75,40.02
CSV,220011,22000,8,7,0,3687,0,0.000000e+00,0.000000e+00,32011.1,303807232.0,95604.5,35.02,39.77
CSV,225011,22500,8,7,0,3787,0,0.000000e+00,0.000000e+00,33544.1,248961328.0,87104.0,34.56,38.71
CSV,230011,23000,8,7,0,3887,0,0.000000e+00,0.000000e+00,28980.2,280041408.0,91002.9,34.88,39.85
CSV,235011,23500,8,7,0,3987,0,0.000000e+00,0.000000e+00,34939.5,321614688.0,90292.8,35.52,39.64
CSV,240011,24000,8,7,0,4087,0,0.000000e+00,0.000000e+00,28397.3,316565856.0,94502.0,35.25,40.47
BER: END_SEQ #8 [LOCK] seq_err=0 BER_seq=0.0000e+00 | lock=8 slip=0 BER_cond=0.0000e+00 BER_cum=0.0000e+00
BER: SYNC #9 (gated)
CSV,245011,24500,9,8,0,4110,0,0.000000e+00,0.000000e+00,30006.2,313141792.0,88090.2,35.51,40.19
CSV,250011,25000,9,8,0,4209,0,0.000000e+00,0.000000e+00,29698.4,271182080.0,87521.4,34.91,39.61
CSV,255011,25500,9,8,0,4310,0,0.000000e+00,0.000000e+00,33890.3,254186768.0,82712.7,34.88,38.75
CSV,260011,26000,9,8,0,4409,0,0.000000e+00,0.000000e+00,29542.7,307015840.0,95021.3,35.09,40.17
CSV,265011,26500,9,8,0,4509,0,0.000000e+00,0.000000e+00,29764.0,305919136.0,93540.3,35.15,40.12
BER: END_SEQ #9 [LOCK] seq_err=0 BER_seq=0.0000e+00 | lock=9 slip=0 BER_cond=0.0000e+00 BER_cum=0.0000e+00
CSV,270011,27000,9,9,0,4599,0,0.000000e+00,0.000000e+00,28989.8,320376736.0,89356.2,35.55,40.43
BER: SYNC #10 (gated)
CSV,275011,27500,10,9,0,4632,0,0.000000e+00,0.000000e+00,30042.0,294536416.0,77626.3,35.79,39.91
CSV,280011,28000,10,9,0,4732,0,0.000000e+00,0.000000e+00,32220.3,262548064.0,93517.1,34.48,39.11
CSV,285011,28500,10,9,0,4832,0,0.000000e+00,0.000000e+00,33009.7,301071072.0,90129.3,35.24,39.60
CSV,290011,29000,10,9,0,4932,0,0.000000e+00,0.000000e+00,31831.2,299462304.0,88709.6,35.28,39.73
CSV,295011,29500,10,9,0,5032,0,0.000000e+00,0.000000e+00,28288.8,288115584.0,86894.4,35.21,40.08
BER: END_SEQ #10 [LOCK] seq_err=0 BER_seq=0.0000e+00 | lock=10 slip=0 BER_cond=0.0000e+00 BER_cum=0.0000e+00
CSV,300011,30000,10,10,0,5110,0,0.000000e+00,0.000000e+00,33549.1,325965696.0,86840.4,35.74,39.87
BER: SYNC #11 (gated)
CSV,305011,30500,11,10,0,5155,0,0.000000e+00,0.000000e+00,31433.2,304263328.0,88234.2,35.38,39.86
CSV,310011,31000,11,10,0,5255,0,0.000000e+00,0.000000e+00,31293.9,242841520.0,91845.0,34.22,38.90
CSV,315011,31500,11,10,0,5355,0,0.000000e+00,0.000000e+00,30568.7,301398912.0,78855.5,35.82,39.94
CSV,320011,32000,11,10,0,5455,0,0.000000e+00,0.000000e+00,29091.9,303421632.0,84717.8,35.54,40.18
CSV,325011,32500,11,10,0,5555,0,0.000000e+00,0.000000e+00,30537.7,315501856.0,81834.2,35.86,40.14
BER: END_SEQ #11 [LOCK] seq_err=0 BER_seq=0.0000e+00 | lock=11 slip=0 BER_cond=0.0000e+00 BER_cum=0.0000e+00
CSV,330011,33000,11,11,0,5621,0,0.000000e+00,0.000000e+00,30582.0,303318112.0,94869.2,35.05,39.96
BER: SYNC #12 (gated)
CSV,335011,33500,12,11,0,5678,0,0.000000e+00,0.000000e+00,31868.4,298267488.0,84619.8,35.47,39.71
CSV,340011,34000,12,11,0,5778,0,0.000000e+00,0.000000e+00,29919.4,244098352.0,95902.0,34.06,39.12
CSV,345011,34500,12,11,0,5877,0,0.000000e+00,0.000000e+00,37336.0,300166272.0,83132.0,35.58,39.05
CSV,350011,35000,12,11,0,5977,0,0.000000e+00,0.000000e+00,35998.2,319272160.0,82107.6,35.90,39.48
CSV,355011,35500,12,11,0,6077,0,0.000000e+00,0.000000e+00,36280.9,275245120.0,79620.7,35.39,38.80
BER: END_SEQ #12 [LOCK] seq_err=0 BER_seq=0.0000e+00 | lock=12 slip=0 BER_cond=0.0000e+00 BER_cum=0.0000e+00
CSV,360011,36000,12,12,0,6132,0,0.000000e+00,0.000000e+00,37135.0,326599264.0,94194.4,35.40,39.44
BER: SYNC #13 (gated)
CSV,365011,36500,13,12,0,6200,0,0.000000e+00,0.000000e+00,33161.0,324747744.0,93977.1,35.39,39.91
CSV,370011,37000,13,12,0,6300,0,0.000000e+00,0.000000e+00,37296.4,229987792.0,86436.3,34.25,37.90
CSV,375011,37500,13,12,0,6400,0,0.000000e+00,0.000000e+00,33900.4,284553664.0,85809.1,35.21,39.24
CSV,380011,38000,13,12,0,6500,0,0.000000e+00,0.000000e+00,32815.1,316869280.0,88715.3,35.53,39.85
CSV,385011,38500,13,12,0,6600,0,0.000000e+00,0.000000e+00,34210.1,293063776.0,86616.6,35.29,39.33
BER: END_SEQ #13 [LOCK] seq_err=0 BER_seq=0.0000e+00 | lock=13 slip=0 BER_cond=0.0000e+00 BER_cum=0.0000e+00
CSV,390011,39000,13,13,0,6643,0,0.000000e+00,0.000000e+00,36864.6,325356960.0,85938.8,35.78,39.46
BER: SYNC #14 (gated)
CSV,395011,39500,14,13,0,6723,0,0.000000e+00,0.000000e+00,37340.4,308827968.0,79174.7,35.91,39.18
CSV,400011,40000,14,13,0,6823,0,0.000000e+00,0.000000e+00,28717.4,245432624.0,83493.1,34.68,39.32
CSV,405011,40500,14,13,0,6923,0,0.000000e+00,0.000000e+00,36094.7,279644832.0,83873.5,35.23,38.89
CSV,410011,41000,14,13,0,7023,0,0.000000e+00,0.000000e+00,36756.2,339839424.0,87668.6,35.88,39.66
CSV,415011,41500,14,13,0,7123,0,0.000000e+00,0.000000e+00,36310.3,285613600.0,86403.1,35.19,38.96
BER: END_SEQ #14 [LOCK] seq_err=0 BER_seq=0.0000e+00 | lock=14 slip=0 BER_cond=0.0000e+00 BER_cum=0.0000e+00
CSV,420011,42000,14,14,0,7154,0,0.000000e+00,0.000000e+00,35066.5,321857824.0,78549.2,36.13,39.63
BER: SYNC #15 (gated)
CSV,425011,42500,15,14,0,7246,0,0.000000e+00,0.000000e+00,34825.5,290884384.0,88241.3,35.18,39.22
CSV,430011,43000,15,14,0,7346,0,0.000000e+00,0.000000e+00,30712.3,245088352.0,91240.6,34.29,39.02
CSV,435011,43500,15,14,0,7446,0,0.000000e+00,0.000000e+00,37912.4,296169472.0,89633.4,35.19,38.93
CSV,440011,44000,15,14,0,7546,0,0.000000e+00,0.000000e+00,31842.8,303337184.0,79507.9,35.82,39.79
CSV,445011,44500,15,14,0,7646,0,0.000000e+00,0.000000e+00,29989.8,310138272.0,92226.6,35.27,40.15
BER: END_SEQ #15 [LOCK] seq_err=0 BER_seq=0.0000e+00 | lock=15 slip=0 BER_cond=0.0000e+00 BER_cum=0.0000e+00
BER: SYNC #16 (gated)
CSV,450011,45000,16,15,0,7668,0,0.000000e+00,0.000000e+00,34699.4,323478016.0,89073.3,35.60,39.70
CSV,455011,45500,16,15,0,7769,0,0.000000e+00,0.000000e+00,32664.5,306659424.0,81735.9,35.74,39.73
CSV,460011,46000,16,15,0,7868,0,0.000000e+00,0.000000e+00,32367.2,223075920.0,91957.1,33.85,38.38
CSV,465011,46500,16,15,0,7968,0,0.000000e+00,0.000000e+00,38570.7,311171168.0,80583.1,35.87,39.07
CSV,470011,47000,16,15,0,8068,0,0.000000e+00,0.000000e+00,32155.2,316743520.0,87961.5,35.56,39.93
CSV,475011,47500,16,15,0,8168,0,0.000000e+00,0.000000e+00,34118.1,299301152.0,88920.6,35.27,39.43
BER: END_SEQ #16 [LOCK] seq_err=0 BER_seq=0.0000e+00 | lock=16 slip=0 BER_cond=0.0000e+00 BER_cum=0.0000e+00
BER: SYNC #17 (gated)
CSV,480011,48000,17,16,0,8191,0,0.000000e+00,0.000000e+00,31194.7,327692288.0,79295.5,36.16,40.21
CSV,485011,48500,17,16,0,8291,0,0.000000e+00,0.000000e+00,31754.8,285015360.0,78512.5,35.60,39.53
CSV,490011,49000,17,16,0,8391,0,0.000000e+00,0.000000e+00,34390.1,259308944.0,83458.1,34.92,38.77
CSV,495011,49500,17,16,0,8491,0,0.000000e+00,0.000000e+00,35435.9,285355680.0,86652.9,35.18,39.06
CSV,500011,50000,17,16,0,8591,0,0.000000e+00,0.000000e+00,32193.4,308217184.0,79899.5,35.86,39.81
BER: END_SEQ #17 [LOCK] seq_err=0 BER_seq=0.0000e+00 | lock=17 slip=0 BER_cond=0.0000e+00 BER_cum=0.0000e+00
CSV,505011,50500,17,17,0,8687,0,0.000000e+00,0.000000e+00,37578.1,324687104.0,84634.1,35.84,39.37
BER: SYNC #18 (gated)
CSV,510011,51000,18,17,0,8714,0,0.000000e+00,0.000000e+00,33278.1,323731296.0,76872.0,36.24,39.88
CSV,515011,51500,18,17,0,8814,0,0.000000e+00,0.000000e+00,36122.4,256506688.0,82783.4,34.91,38.51
CSV,520011,52000,18,17,0,8914,0,0.000000e+00,0.000000e+00,29016.2,270655520.0,83520.7,35.11,39.70
CSV,525011,52500,18,17,0,9014,0,0.000000e+00,0.000000e+00,31404.7,303754368.0,89178.1,35.32,39.86
CSV,530011,53000,18,17,0,9114,0,0.000000e+00,0.000000e+00,28614.1,311537120.0,82717.9,35.76,40.37
BER: END_SEQ #18 [LOCK] seq_err=0 BER_seq=0.0000e+00 | lock=18 slip=0 BER_cond=0.0000e+00 BER_cum=0.0000e+00
CSV,535011,53500,18,18,0,9198,0,0.000000e+00,0.000000e+00,28945.7,314166464.0,73416.3,36.31,40.36
BER: SYNC #19 (gated)
CSV,540011,54000,19,18,0,9237,0,0.000000e+00,0.000000e+00,31053.2,290942208.0,88696.3,35.16,39.72
CSV,545011,54500,19,18,0,9337,0,0.000000e+00,0.000000e+00,32640.3,256596688.0,89838.9,34.56,38.95
CSV,550011,55000,19,18,0,9437,0,0.000000e+00,0.000000e+00,27230.9,311073696.0,81767.8,35.80,40.58
CSV,555011,55500,19,18,0,9536,0,0.000000e+00,0.000000e+00,28916.0,289126080.0,86393.3,35.25,40.00
CSV,560011,56000,19,18,0,9636,0,0.000000e+00,0.000000e+00,27832.1,305160576.0,82693.1,35.67,40.40
BER: END_SEQ #19 [LOCK] seq_err=0 BER_seq=0.0000e+00 | lock=19 slip=0 BER_cond=0.0000e+00 BER_cum=0.0000e+00
CSV,565011,56500,19,19,0,9709,0,0.000000e+00,0.000000e+00,28891.5,315054112.0,81118.5,35.89,40.38
BER: SYNC #20 (gated)
CSV,570011,57000,20,19,0,9759,0,0.000000e+00,0.000000e+00,27580.8,308111488.0,86659.0,35.51,40.48
CSV,575011,57500,20,19,0,9859,0,0.000000e+00,0.000000e+00,28828.6,248236320.0,84564.9,34.68,39.35
CSV,580011,58000,20,19,0,9959,0,0.000000e+00,0.000000e+00,31413.5,304377760.0,86375.6,35.47,39.86
CSV,585011,58500,20,19,0,10059,0,0.000000e+00,0.000000e+00,31047.9,295001184.0,92576.9,35.03,39.78
CSV,590011,59000,20,19,0,10159,0,0.000000e+00,0.000000e+00,32383.2,307236448.0,88464.2,35.41,39.77
BER: END_SEQ #20 [LOCK] seq_err=0 BER_seq=0.0000e+00 | lock=20 slip=0 BER_cond=0.0000e+00 BER_cum=0.0000e+00
CSV,595011,59500,20,20,0,10220,0,0.000000e+00,0.000000e+00,30358.5,315689152.0,87276.1,35.58,40.17
BER: SYNC #21 (gated)
CSV,600011,60000,21,20,0,10282,0,0.000000e+00,0.000000e+00,33146.1,304873472.0,87567.2,35.42,39.64
CSV,605011,60500,21,20,0,10382,0,0.000000e+00,0.000000e+00,32615.4,232390064.0,89499.6,34.14,38.53
CSV,610011,61000,21,20,0,10482,0,0.000000e+00,0.000000e+00,30465.2,297739616.0,83740.6,35.51,39.90
CSV,615011,61500,21,20,0,10582,0,0.000000e+00,0.000000e+00,28765.7,320537024.0,81238.1,35.96,40.47
CSV,620011,62000,21,20,0,10682,0,0.000000e+00,0.000000e+00,28363.8,289346176.0,84042.5,35.37,40.09
BER: END_SEQ #21 [LOCK] seq_err=0 BER_seq=0.0000e+00 | lock=21 slip=0 BER_cond=0.0000e+00 BER_cum=0.0000e+00
CSV,625011,62500,21,21,0,10731,0,0.000000e+00,0.000000e+00,29020.6,315084608.0,85638.3,35.66,40.36
BER: SYNC #22 (gated)
CSV,630011,63000,22,21,0,10805,0,0.000000e+00,0.000000e+00,27688.8,317630784.0,78244.0,36.08,40.60
CSV,635011,63500,22,21,0,10905,0,0.000000e+00,0.000000e+00,27622.0,243217424.0,90598.1,34.29,39.45
CSV,640011,64000,22,21,0,11005,0,0.000000e+00,0.000000e+00,30539.4,279462080.0,96933.2,34.60,39.61
CSV,645011,64500,22,21,0,11105,0,0.000000e+00,0.000000e+00,27783.3,328517824.0,81911.0,36.03,40.73
CSV,650011,65000,22,21,0,11205,0,0.000000e+00,0.000000e+00,29628.3,289748800.0,84707.7,35.34,39.90
BER: END_SEQ #22 [LOCK] seq_err=0 BER_seq=0.0000e+00 | lock=22 slip=0 BER_cond=0.0000e+00 BER_cum=0.0000e+00
CSV,655011,65500,22,22,0,11242,0,0.000000e+00,0.000000e+00,28238.6,320541152.0,80330.7,36.01,40.55
BER: SYNC #23 (gated)
CSV,660011,66000,23,22,0,11327,0,0.000000e+00,0.000000e+00,30144.0,304041152.0,86788.4,35.44,40.04
CSV,665011,66500,23,22,0,11427,0,0.000000e+00,0.000000e+00,30729.2,247223184.0,102085.8,33.84,39.06
CSV,670011,67000,23,22,0,11528,0,0.000000e+00,0.000000e+00,33437.2,292688672.0,82687.8,35.49,39.42
CSV,675011,67500,23,22,0,11627,0,0.000000e+00,0.000000e+00,29202.4,318072608.0,83059.9,35.83,40.37
CSV,680011,68000,23,22,0,11727,0,0.000000e+00,0.000000e+00,27214.1,301760448.0,86435.3,35.43,40.45
BER: END_SEQ #23 [LOCK] seq_err=0 BER_seq=0.0000e+00 | lock=23 slip=0 BER_cond=0.0000e+00 BER_cum=0.0000e+00
CSV,685011,68500,23,23,0,11753,0,0.000000e+00,0.000000e+00,27695.5,319329504.0,81979.8,35.91,40.62
BER: SYNC #24 (gated)
CSV,690011,69000,24,23,0,11850,0,0.000000e+00,0.000000e+00,32415.6,297835392.0,99499.9,34.76,39.63
CSV,695011,69500,24,23,0,11950,0,0.000000e+00,0.000000e+00,28584.9,238491248.0,84167.8,34.52,39.21
CSV,700011,70000,24,23,0,12050,0,0.000000e+00,0.000000e+00,27785.4,306580320.0,79068.3,35.89,40.43
CSV,705011,70500,24,23,0,12150,0,0.000000e+00,0.000000e+00,28107.4,304266080.0,82899.1,35.65,40.34
CSV,710011,71000,24,23,0,12250,0,0.000000e+00,0.000000e+00,27833.1,308907488.0,90131.3,35.35,40.45
BER: END_SEQ #24 [LOCK] seq_err=0 BER_seq=0.0000e+00 | lock=24 slip=0 BER_cond=0.0000e+00 BER_cum=0.0000e+00
BER: SYNC #25 (gated)
CSV,715011,71500,25,24,0,12273,0,0.000000e+00,0.000000e+00,28293.7,326418496.0,81899.4,36.00,40.62
CSV,720011,72000,25,24,0,12373,0,0.000000e+00,0.000000e+00,29983.8,299976000.0,91687.0,35.15,40.00
CSV,725011,72500,25,24,0,12473,0,0.000000e+00,0.000000e+00,32871.5,243450208.0,85808.4,34.53,38.70
CSV,730011,73000,25,24,0,12573,0,0.000000e+00,0.000000e+00,31470.8,287767840.0,78077.0,35.67,39.61
CSV,735011,73500,25,24,0,12673,0,0.000000e+00,0.000000e+00,30884.0,324830944.0,93023.5,35.43,40.22
CSV,740011,74000,25,24,0,12773,0,0.000000e+00,0.000000e+00,28061.0,314273216.0,79450.9,35.97,40.49
BER: END_SEQ #25 [LOCK] seq_err=0 BER_seq=0.0000e+00 | lock=25 slip=0 BER_cond=0.0000e+00 BER_cum=0.0000e+00
BER: SYNC #26 (gated)
CSV,745011,74500,26,25,0,12796,0,0.000000e+00,0.000000e+00,29447.6,305178976.0,76782.9,35.99,40.16
CSV,750011,75000,26,25,0,12896,0,0.000000e+00,0.000000e+00,30001.7,278689920.0,81302.3,35.35,39.68
CSV,755011,75500,26,25,0,12996,0,0.000000e+00,0.000000e+00,26158.7,256808096.0,76845.4,35.24,39.92
CSV,760011,76000,26,25,0,13095,0,0.000000e+00,0.000000e+00,30238.8,310307328.0,71560.8,36.37,40.11
CSV,765011,76500,26,25,0,13195,0,0.000000e+00,0.000000e+00,27026.6,301560384.0,85331.6,35.48,40.48
BER: END_SEQ #26 [LOCK] seq_err=0 BER_seq=0.0000e+00 | lock=26 slip=0 BER_cond=0.0000e+00 BER_cum=0.0000e+00
CSV,770011,77000,26,26,0,13286,0,0.000000e+00,0.000000e+00,27178.6,320467008.0,81670.6,35.94,40.72
BER: SYNC #27 (gated)
CSV,775011,77500,27,26,0,13318,0,0.000000e+00,0.000000e+00,26168.1,308565952.0,78483.7,35.95,40.72
CSV,780011,78000,27,26,0,13418,0,0.000000e+00,0.000000e+00,25953.8,259432544.0,73056.1,35.50,40.00
CSV,785011,78500,27,26,0,13518,0,0.000000e+00,0.000000e+00,27605.3,295766080.0,70990.9,36.20,40.30
CSV,790011,79000,27,26,0,13618,0,0.000000e+00,0.000000e+00,30367.8,297149376.0,82784.5,35.55,39.91
CSV,795011,79500,27,26,0,13718,0,0.000000e+00,0.000000e+00,27847.3,294649568.0,80933.8,35.61,40.25
BER: END_SEQ #27 [LOCK] seq_err=0 BER_seq=0.0000e+00 | lock=27 slip=0 BER_cond=0.0000e+00 BER_cum=0.0000e+00
CSV,800011,80000,27,27,0,13797,0,0.000000e+00,0.000000e+00,27497.7,326353536.0,78243.5,36.20,40.74
BER: SYNC #28 (gated)
CSV,805011,80500,28,27,0,13841,0,0.000000e+00,0.000000e+00,26196.2,294455072.0,76153.1,35.87,40.51
CSV,810011,81000,28,27,0,13941,0,0.000000e+00,0.000000e+00,28897.2,248059808.0,77065.3,35.08,39.34
CSV,815011,81500,28,27,0,14041,0,0.000000e+00,0.000000e+00,27961.7,311137376.0,83436.6,35.72,40.46
CSV,820011,82000,28,27,0,14141,0,0.000000e+00,0.000000e+00,28213.7,302120416.0,77689.3,35.90,40.30
CSV,825011,82500,28,27,0,14241,0,0.000000e+00,0.000000e+00,29487.9,312472160.0,79346.6,35.95,40.25
BER: END_SEQ #28 [LOCK] seq_err=0 BER_seq=0.0000e+00 | lock=28 slip=0 BER_cond=0.0000e+00 BER_cum=0.0000e+00
CSV,830011,83000,28,28,0,14308,0,0.000000e+00,0.000000e+00,28621.3,300094784.0,89582.6,35.25,40.21
BER: SYNC #29 (gated)
CSV,835011,83500,29,28,0,14364,0,0.000000e+00,0.000000e+00,30830.0,303992992.0,79148.3,35.84,39.94
CSV,840011,84000,29,28,0,14464,0,0.000000e+00,0.000000e+00,31005.3,250414176.0,89967.4,34.45,39.07
CSV,845011,84500,29,28,0,14564,0,0.000000e+00,0.000000e+00,27347.0,297082848.0,79123.4,35.75,40.36
CSV,850011,85000,29,28,0,14664,0,0.000000e+00,0.000000e+00,28035.8,319340128.0,86394.9,35.68,40.57
CSV,855011,85500,29,28,0,14764,0,0.000000e+00,0.000000e+00,27377.4,280240960.0,82196.3,35.33,40.10
BER: END_SEQ #29 [LOCK] seq_err=0 BER_seq=0.0000e+00 | lock=29 slip=0 BER_cond=0.0000e+00 BER_cum=0.0000e+00
CSV,860011,86000,29,29,0,14819,0,0.000000e+00,0.000000e+00,28844.6,331239648.0,79916.5,36.18,40.60
BER: SYNC #30 (gated)
CSV,865011,86500,30,29,0,14887,0,0.000000e+00,0.000000e+00,33645.6,316665440.0,89625.7,35.48,39.74
CSV,870011,87000,30,29,0,14987,0,0.000000e+00,0.000000e+00,30809.7,229782592.0,84772.3,34.33,38.73
CSV,875011,87500,30,29,0,15087,0,0.000000e+00,0.000000e+00,33482.4,292829632.0,75679.1,35.88,39.42
CSV,880011,88000,30,29,0,15186,0,0.000000e+00,0.000000e+00,28319.6,324499104.0,79770.9,36.09,40.59
CSV,885011,88500,30,29,0,15286,0,0.000000e+00,0.000000e+00,33537.9,289558368.0,87235.0,35.21,39.36
BER: END_SEQ #30 [LOCK] seq_err=0 BER_seq=0.0000e+00 | lock=30 slip=0 BER_cond=0.0000e+00 BER_cum=0.0000e+00
CSV,890011,89000,30,30,0,15330,0,0.000000e+00,0.000000e+00,31864.6,321876832.0,86043.0,35.73,40.04
BER: SYNC #31 (gated)
CSV,895011,89500,31,30,0,15409,0,0.000000e+00,0.000000e+00,29414.6,311994496.0,87154.1,35.54,40.26
CSV,900011,90000,31,30,0,15509,0,0.000000e+00,0.000000e+00,28684.1,250751184.0,82252.6,34.84,39.42
CSV,905011,90500,31,30,0,15609,0,0.000000e+00,0.000000e+00,34592.6,278531552.0,87976.4,35.01,39.06
CSV,910011,91000,31,30,0,15709,0,0.000000e+00,0.000000e+00,37302.5,333397536.0,79015.9,36.25,39.51
CSV,915011,91500,31,30,0,15809,0,0.000000e+00,0.000000e+00,32027.7,288383680.0,82613.5,35.43,39.54
BER: END_SEQ #31 [LOCK] seq_err=0 BER_seq=0.0000e+00 | lock=31 slip=0 BER_cond=0.0000e+00 BER_cum=0.0000e+00
CSV,920011,92000,31,31,0,15841,0,0.000000e+00,0.000000e+00,34461.6,333554624.0,80693.6,36.16,39.86
BER: SYNC #32 (gated)
CSV,925011,92500,32,31,0,15932,0,0.000000e+00,0.000000e+00,30046.6,293710592.0,83529.8,35.46,39.90
CSV,930011,93000,32,31,0,16032,0,0.000000e+00,0.000000e+00,35243.6,241322384.0,92612.3,34.16,38.36
CSV,935011,93500,32,31,0,16132,0,0.000000e+00,0.000000e+00,25392.0,297432960.0,83491.2,35.52,40.69
CSV,940011,94000,32,31,0,16232,0,0.000000e+00,0.000000e+00,32709.5,309236768.0,85779.6,35.57,39.76
CSV,945011,94500,32,31,0,16332,0,0.000000e+00,0.000000e+00,29489.8,306810528.0,84454.2,35.60,40.17
BER: END_SEQ #32 [LOCK] seq_err=0 BER_seq=0.0000e+00 | lock=32 slip=0 BER_cond=0.0000e+00 BER_cum=0.0000e+00
BER: SYNC #33 (gated)
CSV,950011,95000,33,32,0,16355,0,0.000000e+00,0.000000e+00,29973.5,319684928.0,78246.8,36.11,40.28
CSV,955011,95500,33,32,0,16455,0,0.000000e+00,0.000000e+00,28427.9,299933824.0,81720.6,35.65,40.23
CSV,960011,96000,33,32,0,16555,0,0.000000e+00,0.000000e+00,27397.2,236735344.0,77533.6,34.85,39.37
CSV,965011,96500,33,32,0,16655,0,0.000000e+00,0.000000e+00,25237.0,309735904.0,72554.3,36.30,40.89
CSV,970011,97000,33,32,0,16755,0,0.000000e+00,0.000000e+00,30932.6,309262848.0,75303.2,36.14,40.00
CSV,975011,97500,33,32,0,16855,0,0.000000e+00,0.000000e+00,31260.5,298021184.0,81252.7,35.64,39.79
BER: END_SEQ #33 [LOCK] seq_err=0 BER_seq=0.0000e+00 | lock=33 slip=0 BER_cond=0.0000e+00 BER_cum=0.0000e+00
BER: SYNC #34 (gated)
CSV,980011,98000,34,33,0,16877,0,0.000000e+00,0.000000e+00,32956.6,338751136.0,84569.1,36.03,40.12
CSV,985011,98500,34,33,0,16977,0,0.000000e+00,0.000000e+00,32340.5,290086528.0,78314.5,35.69,39.53
CSV,990011,99000,34,33,0,17077,0,0.000000e+00,0.000000e+00,31081.8,249582048.0,87442.0,34.55,39.05
CSV,995011,99500,34,33,0,17177,0,0.000000e+00,0.000000e+00,30712.9,289385152.0,81846.3,35.48,39.74
CSV,1000011,100000,34,33,0,17277,0,0.000000e+00,0.000000e+00,32529.0,314400704.0,80010.4,35.94,39.85
BER: END_SEQ #34 [LOCK] seq_err=0 BER_seq=0.0000e+00 | lock=34 slip=0 BER_cond=0.0000e+00 BER_cum=0.0000e+00
CSV,1005011,100500,34,34,0,17374,0,0.000000e+00,0.000000e+00,32221.0,327275712.0,82375.0,35.99,40.07
BER: SYNC #35 (gated)
CSV,1010011,101000,35,34,0,17400,0,0.000000e+00,0.000000e+00,35589.7,313043136.0,87985.9,35.51,39.44
CSV,1015011,101500,35,34,0,17500,0,0.000000e+00,0.000000e+00,32494.9,255281984.0,90174.4,34.52,38.95
CSV,1020011,102000,35,34,0,17600,0,0.000000e+00,0.000000e+00,31820.1,272294592.0,82274.0,35.20,39.32
CSV,1025011,102500,35,34,0,17700,0,0.000000e+00,0.000000e+00,32894.0,313694400.0,81849.9,35.83,39.79
CSV,1030011,103000,35,34,0,17800,0,0.000000e+00,0.000000e+00,30098.5,307305728.0,90779.2,35.30,40.09
BER: END_SEQ #35 [LOCK] seq_err=0 BER_seq=0.0000e+00 | lock=35 slip=0 BER_cond=0.0000e+00 BER_cum=0.0000e+00
CSV,1035011,103500,35,35,0,17885,0,0.000000e+00,0.000000e+00,37779.0,311503520.0,79895.1,35.91,39.16
BER: SYNC #36 (gated)
CSV,1040011,104000,36,35,0,17923,0,0.000000e+00,0.000000e+00,33261.1,294469696.0,75947.1,35.89,39.47
CSV,1045011,104500,36,35,0,18023,0,0.000000e+00,0.000000e+00,35836.2,265737808.0,76245.1,35.42,38.70
CSV,1050011,105000,36,35,0,18123,0,0.000000e+00,0.000000e+00,32437.6,306338368.0,71111.6,36.34,39.75
CSV,1055011,105500,36,35,0,18223,0,0.000000e+00,0.000000e+00,33565.8,292364864.0,77870.8,35.75,39.40
CSV,1060011,106000,36,35,0,18323,0,0.000000e+00,0.000000e+00,34249.4,309837120.0,78028.6,35.99,39.56
BER: END_SEQ #36 [LOCK] seq_err=0 BER_seq=0.0000e+00 | lock=36 slip=0 BER_cond=0.0000e+00 BER_cum=0.0000e+00
CSV,1065011,106500,36,36,0,18396,0,0.000000e+00,0.000000e+00,36046.1,317558144.0,79852.2,36.00,39.45
BER: SYNC #37 (gated)
CSV,1070011,107000,37,36,0,18445,0,0.000000e+00,0.000000e+00,29825.6,308106912.0,78540.1,35.94,40.14
CSV,1075011,107500,37,36,0,18546,0,0.000000e+00,0.000000e+00,28201.6,247156672.0,79943.8,34.90,39.43
CSV,1080011,108000,37,36,0,18646,0,0.000000e+00,0.000000e+00,34211.8,301782464.0,76763.8,35.95,39.46
CSV,1085011,108500,37,36,0,18745,0,0.000000e+00,0.000000e+00,32352.4,307873408.0,86872.9,35.49,39.78
CSV,1090011,109000,37,36,0,18845,0,0.000000e+00,0.000000e+00,29372.4,308313792.0,74241.1,36.18,40.21
BER: END_SEQ #37 [LOCK] seq_err=0 BER_seq=0.0000e+00 | lock=37 slip=0 BER_cond=0.0000e+00 BER_cum=0.0000e+00
CSV,1095011,109500,37,37,0,18907,0,0.000000e+00,0.000000e+00,28710.6,304802912.0,79502.1,35.84,40.26
BER: SYNC #38 (gated)
CSV,1100011,110000,38,37,0,18968,0,0.000000e+00,0.000000e+00,28395.5,305267584.0,84496.1,35.58,40.31
CSV,1105011,110500,38,37,0,19068,0,0.000000e+00,0.000000e+00,32788.8,244325168.0,85208.4,34.57,38.72
CSV,1110011,111000,38,37,0,19168,0,0.000000e+00,0.000000e+00,27505.6,300071840.0,81489.8,35.66,40.38
CSV,1115011,111500,38,37,0,19268,0,0.000000e+00,0.000000e+00,28732.6,310871040.0,83891.3,35.69,40.34
CSV,1120011,112000,38,37,0,19368,0,0.000000e+00,0.000000e+00,33147.7,289425664.0,90809.6,35.03,39.41
BER: END_SEQ #38 [LOCK] seq_err=0 BER_seq=0.0000e+00 | lock=38 slip=0 BER_cond=0.0000e+00 BER_cum=0.0000e+00
CSV,1125011,112500,38,38,0,19418,0,0.000000e+00,0.000000e+00,30613.5,327677600.0,82450.4,35.99,40.30
BER: SYNC #39 (gated)
CSV,1130011,113000,39,38,0,19491,0,0.000000e+00,0.000000e+00,32529.0,323592032.0,80227.3,36.06,39.98
CSV,1135011,113500,39,38,0,19591,0,0.000000e+00,0.000000e+00,24645.9,236850016.0,73484.5,35.08,39.83
CSV,1140011,114000,39,38,0,19691,0,0.000000e+00,0.000000e+00,27067.1,274984544.0,80865.0,35.32,40.07
CSV,1145011,114500,39,38,0,19791,0,0.000000e+00,0.000000e+00,29450.0,343055968.0,78459.7,36.41,40.66
CSV,1150011,115000,39,38,0,19891,0,0.000000e+00,0.000000e+00,25569.1,290731872.0,76480.4,35.80,40.56
BER: END_SEQ #39 [LOCK] seq_err=0 BER_seq=0.0000e+00 | lock=39 slip=0 BER_cond=0.0000e+00 BER_cum=0.0000e+00
CSV,1155011,115500,39,39,0,19929,0,0.000000e+00,0.000000e+00,31446.9,315094816.0,82148.8,35.84,40.01
BER: SYNC #40 (gated)
CSV,1160011,116000,40,39,0,20014,0,0.000000e+00,0.000000e+00,29411.3,302656576.0,83666.3,35.58,40.12
CSV,1165011,116500,40,39,0,20114,0,0.000000e+00,0.000000e+00,28550.1,251470768.0,78464.3,35.06,39.45
CSV,1170011,117000,40,39,0,20214,0,0.000000e+00,0.000000e+00,29789.4,294865280.0,77623.3,35.80,39.96
CSV,1175011,117500,40,39,0,20313,0,0.000000e+00,0.000000e+00,29975.9,315227520.0,80491.9,35.93,40.22
CSV,1180011,118000,40,39,0,20413,0,0.000000e+00,0.000000e+00,28690.8,297353568.0,83446.9,35.52,40.16
BER: END_SEQ #40 [LOCK] seq_err=0 BER_seq=0.0000e+00 | lock=40 slip=0 BER_cond=0.0000e+00 BER_cum=0.0000e+00
CSV,1185011,118500,40,40,0,20440,0,0.000000e+00,0.000000e+00,28023.6,325180864.0,83093.2,35.93,40.65
BER: SYNC #41 (gated)
CSV,1190011,119000,41,40,0,20536,0,0.000000e+00,0.000000e+00,29156.5,307294144.0,85617.3,35.55,40.23
CSV,1195011,119500,41,40,0,20636,0,0.000000e+00,0.000000e+00,30027.0,233285216.0,84412.6,34.41,38.90
CSV,1200011,120000,41,40,0,20736,0,0.000000e+00,0.000000e+00,30213.6,301080576.0,84946.0,35.50,39.98
CSV,1205011,120500,41,40,0,20836,0,0.000000e+00,0.000000e+00,29297.5,304315072.0,80359.4,35.78,40.16
CSV,1210011,121000,41,40,0,20936,0,0.000000e+00,0.000000e+00,29929.8,318729824.0,89297.2,35.53,40.27
BER: END_SEQ #41 [LOCK] seq_err=0 BER_seq=0.0000e+00 | lock=41 slip=0 BER_cond=0.0000e+00 BER_cum=0.0000e+00
BER: SYNC #42 (gated)
CSV,1215011,121500,42,41,0,20959,0,0.000000e+00,0.000000e+00,28085.5,321643840.0,73432.8,36.41,40.59
CSV,1220011,122000,42,41,0,21059,0,0.000000e+00,0.000000e+00,26310.2,297116704.0,85665.0,35.40,40.53
CSV,1225011,122500,42,41,0,21159,0,0.000000e+00,0.000000e+00,27765.3,243841072.0,69656.3,35.44,39.44
CSV,1230011,123000,42,41,0,21259,0,0.000000e+00,0.000000e+00,27053.2,306155840.0,80065.7,35.82,40.54
CSV,1235011,123500,42,41,0,21359,0,0.000000e+00,0.000000e+00,30546.9,317633600.0,79481.5,36.02,40.17
CSV,1240011,124000,42,41,0,21459,0,0.000000e+00,0.000000e+00,27534.7,312029152.0,86853.3,35.55,40.54
BER: END_SEQ #42 [LOCK] seq_err=0 BER_seq=0.0000e+00 | lock=42 slip=0 BER_cond=0.0000e+00 BER_cum=0.0000e+00
BER: SYNC #43 (gated)
CSV,1245011,124500,43,42,0,21482,0,0.000000e+00,0.000000e+00,28975.1,310146880.0,81482.0,35.81,40.30
CSV,1250011,125000,43,42,0,21582,0,0.000000e+00,0.000000e+00,32178.2,287310304.0,75762.7,35.79,39.51
CSV,1255011,125500,43,42,0,21682,0,0.000000e+00,0.000000e+00,27554.0,260425152.0,81188.0,35.06,39.75
CSV,1260011,126000,43,42,0,21782,0,0.000000e+00,0.000000e+00,27367.3,302907392.0,81069.8,35.72,40.44
CSV,1265011,126500,43,42,0,21882,0,0.000000e+00,0.000000e+00,31485.6,302419456.0,83621.0,35.58,39.82
BER: END_SEQ #43 [LOCK] seq_err=0 BER_seq=0.0000e+00 | lock=43 slip=0 BER_cond=0.0000e+00 BER_cum=0.0000e+00
CSV,1270011,127000,43,43,0,21973,0,0.000000e+00,0.000000e+00,30970.3,325039616.0,90265.4,35.56,40.21
BER: SYNC #44 (gated)
CSV,1275011,127500,44,43,0,22004,0,0.000000e+00,0.000000e+00,30504.9,316620768.0,77361.1,36.12,40.16
CSV,1280011,128000,44,43,0,22104,0,0.000000e+00,0.000000e+00,26140.1,256082768.0,83757.1,34.85,39.91
CSV,1285011,128500,44,43,0,22205,0,0.000000e+00,0.000000e+00,28798.4,295351744.0,81373.1,35.60,40.11
CSV,1290011,129000,44,43,0,22304,0,0.000000e+00,0.000000e+00,29344.1,302809056.0,80920.5,35.73,40.14
CSV,1295011,129500,44,43,0,22404,0,0.000000e+00,0.000000e+00,27426.2,297762880.0,81535.2,35.63,40.36
BER: END_SEQ #44 [LOCK] seq_err=0 BER_seq=0.0000e+00 | lock=44 slip=0 BER_cond=0.0000e+00 BER_cum=0.0000e+00
CSV,1300011,130000,44,44,0,22484,0,0.000000e+00,0.000000e+00,28880.1,319371968.0,81096.2,35.95,40.44
BER: SYNC #45 (gated)
CSV,1305011,130500,45,44,0,22527,0,0.000000e+00,0.000000e+00,26904.4,290978400.0,81675.1,35.52,40.34
CSV,1310011,131000,45,44,0,22627,0,0.000000e+00,0.000000e+00,29576.6,254080800.0,80965.0,34.97,39.34
CSV,1315011,131500,45,44,0,22727,0,0.000000e+00,0.000000e+00,27723.6,320226176.0,79917.1,36.03,40.63
CSV,1320011,132000,45,44,0,22827,0,0.000000e+00,0.000000e+00,30514.1,295826720.0,87919.0,35.27,39.87
CSV,1325011,132500,45,44,0,22927,0,0.000000e+00,0.000000e+00,34479.6,311611424.0,82271.3,35.78,39.56
BER: END_SEQ #45 [LOCK] seq_err=0 BER_seq=0.0000e+00 | lock=45 slip=0 BER_cond=0.0000e+00 BER_cum=0.0000e+00
CSV,1330011,133000,45,45,0,22995,0,0.000000e+00,0.000000e+00,30138.9,307561024.0,79988.7,35.85,40.09
BER: SYNC #46 (gated)
CSV,1335011,133500,46,45,0,23050,0,0.000000e+00,0.000000e+00,29397.5,311136832.0,80533.9,35.87,40.25
CSV,1340011,134000,46,45,0,23150,0,0.000000e+00,0.000000e+00,26875.2,250870080.0,82377.7,34.84,39.70
CSV,1345011,134500,46,45,0,23250,0,0.000000e+00,0.000000e+00,27155.0,296704192.0,78990.0,35.75,40.38
CSV,1350011,135000,46,45,0,23350,0,0.000000e+00,0.000000e+00,28409.8,320886496.0,85089.7,35.76,40.53
CSV,1355011,135500,46,45,0,23450,0,0.000000e+00,0.000000e+00,27935.7,293896384.0,85482.8,35.36,40.22
BER: END_SEQ #46 [LOCK] seq_err=0 BER_seq=0.0000e+00 | lock=46 slip=0 BER_cond=0.0000e+00 BER_cum=0.0000e+00
CSV,1360011,136000,46,46,0,23506,0,0.000000e+00,0.000000e+00,28950.0,324013248.0,78560.8,36.15,40.49
BER: SYNC #47 (gated)
CSV,1365011,136500,47,46,0,23573,0,0.000000e+00,0.000000e+00,26199.4,308005088.0,82166.3,35.74,40.70
CSV,1370011,137000,47,46,0,23673,0,0.000000e+00,0.000000e+00,29311.8,232941136.0,77747.6,34.77,39.00
CSV,1375011,137500,47,46,0,23773,0,0.000000e+00,0.000000e+00,26815.0,302741344.0,81735.9,35.69,40.53
CSV,1380011,138000,47,46,0,23873,0,0.000000e+00,0.000000e+00,28226.7,324809728.0,80845.7,36.04,40.61
CSV,1385011,138500,47,46,0,23972,0,0.000000e+00,0.000000e+00,31048.5,286603104.0,79754.8,35.56,39.65
BER: END_SEQ #47 [LOCK] seq_err=0 BER_seq=0.0000e+00 | lock=47 slip=0 BER_cond=0.0000e+00 BER_cum=0.0000e+00
CSV,1390011,139000,47,47,0,24017,0,0.000000e+00,0.000000e+00,29378.0,323035232.0,79475.1,36.09,40.41
BER: SYNC #48 (gated)
CSV,1395011,139500,48,47,0,24095,0,0.000000e+00,0.000000e+00,25879.8,320597536.0,76014.5,36.25,40.93
CSV,1400011,140000,48,47,0,24195,0,0.000000e+00,0.000000e+00,25991.8,247378016.0,70816.2,35.43,39.79
CSV,1405011,140500,48,47,0,24295,0,0.000000e+00,0.000000e+00,24635.4,275430912.0,73166.7,35.76,40.48
CSV,1410011,141000,48,47,0,24395,0,0.000000e+00,0.000000e+00,28583.5,339849696.0,88063.9,35.86,40.75
CSV,1415011,141500,48,47,0,24495,0,0.000000e+00,0.000000e+00,29439.6,293071104.0,87127.7,35.27,39.98
BER: END_SEQ #48 [LOCK] seq_err=0 BER_seq=0.0000e+00 | lock=48 slip=0 BER_cond=0.0000e+00 BER_cum=0.0000e+00
CSV,1420011,142000,48,48,0,24528,0,0.000000e+00,0.000000e+00,28038.2,334084768.0,78431.9,36.29,40.76
BER: SYNC #49 (gated)
CSV,1425011,142500,49,48,0,24618,0,0.000000e+00,0.000000e+00,29089.9,297953664.0,81889.1,35.61,40.10
CSV,1430011,143000,49,48,0,24718,0,0.000000e+00,0.000000e+00,30499.0,243235872.0,87517.1,34.44,39.02
CSV,1435011,143500,49,48,0,24818,0,0.000000e+00,0.000000e+00,27464.9,304920512.0,71017.2,36.33,40.45
CSV,1440011,144000,49,48,0,24918,0,0.000000e+00,0.000000e+00,29055.9,312681280.0,83186.6,35.75,40.32
CSV,1445011,144500,49,48,0,25018,0,0.000000e+00,0.000000e+00,27188.8,295745120.0,74059.5,36.01,40.37
BER: END_SEQ #49 [LOCK] seq_err=0 BER_seq=0.0000e+00 | lock=49 slip=0 BER_cond=0.0000e+00 BER_cum=0.0000e+00
BER: SYNC #50 (gated)
CSV,1450011,145000,50,49,0,25041,0,0.000000e+00,0.000000e+00,29908.4,327939200.0,85332.5,35.85,40.40
CSV,1455011,145500,50,49,0,25141,0,0.000000e+00,0.000000e+00,27459.3,309359616.0,79656.6,35.89,40.52
CSV,1460011,146000,50,49,0,25241,0,0.000000e+00,0.000000e+00,29110.5,245243776.0,76970.0,35.03,39.26
CSV,1465011,146500,50,49,0,25341,0,0.000000e+00,0.000000e+00,27509.3,301017216.0,78907.0,35.81,40.39
CSV,1470011,147000,50,49,0,25441,0,0.000000e+00,0.000000e+00,29552.2,311091168.0,91935.6,35.29,40.22
CSV,1475011,147500,50,49,0,25541,0,0.000000e+00,0.000000e+00,28316.9,304689312.0,86926.4,35.45,40.32
BER: END_SEQ #50 [LOCK] seq_err=0 BER_seq=0.0000e+00 | lock=50 slip=0 BER_cond=0.0000e+00 BER_cum=0.0000e+00
BER: SYNC #51 (gated)
CSV,1480011,148000,51,50,0,25564,0,0.000000e+00,0.000000e+00,29663.9,351704928.0,77156.2,36.59,40.74
CSV,1485011,148500,51,50,0,25663,0,0.000000e+00,0.000000e+00,29089.8,290028288.0,89789.2,35.09,39.99
CSV,1490011,149000,51,50,0,25763,0,0.000000e+00,0.000000e+00,26959.0,250818848.0,81172.3,34.90,39.69
CSV,1495011,149500,51,50,0,25864,0,0.000000e+00,0.000000e+00,29172.6,296697312.0,82966.6,35.53,40.07
CSV,1500011,150000,51,50,0,25963,0,0.000000e+00,0.000000e+00,25324.2,323684992.0,83355.0,35.89,41.07
BER: END_SEQ #51 [LOCK] seq_err=0 BER_seq=0.0000e+00 | lock=51 slip=0 BER_cond=0.0000e+00 BER_cum=0.0000e+00
CSV,1505011,150500,51,51,0,26061,0,0.000000e+00,0.000000e+00,31105.1,319279200.0,71612.2,36.49,40.11

=========================================
=== END OF TEST (duration=25 min) ===
=========================================
FINAL: syncs=51 lock=51 slip=0 slip_rate=0.0000
FINAL: bits_cum=26061 err_cum=0 BER_cum=0.0000e+00
FINAL: bits_lock=26061 err_lock=0 BER_cond=0.0000e+00
=========================================
=== STOP LOGGING NOW ===
=========================================
