

=== RX BOOT - BER TEST MODE ===
MOD=OOK (20 kHz carrier, adaptive threshold)
BPS_MODE=40 (HALF_SAMPLES=1000, 5000 samples/bit @ 200000 Hz)
Expect: 64-bit preamble + Barker13 (1F35h, gated by 8 preamble bits = 0x55) + 511-bit PRBS-9
Noise floor band: 5000 Hz; lock threshold: BER<0.10
Auto-stop: test will halt 25 min after the first sync.
RX: edge-tracking sync, center-3 voting
Starting decoder...



=== RX BOOT - BER TEST MODE ===
MOD=OOK (20 kHz carrier, adaptive threshold)
BPS_MODE=40 (HALF_SAMPLES=1000, 5000 samples/bit @ 200000 Hz)
Expect: 64-bit preamble + Barker13 (1F35h, gated by 8 preamble bits = 0x55) + 511-bit PRBS-9
Noise floor band: 5000 Hz; lock threshold: BER<0.10
Auto-stop: test will halt 25 min after the first sync.
RX: edge-tracking sync, center-3 voting
Starting decoder...

CSV,5008,1000,0,0,0,0,0,0.000000e+00,0.000000e+00,2763.9,158984.5,4612.6,15.37,17.60
CSV,10008,2000,0,0,0,0,0,0.000000e+00,0.000000e+00,2916.9,263673.7,3936.7,18.26,19.56
CSV,15008,3000,0,0,0,0,0,0.000000e+00,0.000000e+00,2504.0,299076.0,4538.4,18.19,20.77
BER: SYNC #1 (gated)
CSV,20008,4000,1,0,0,130,62,4.769231e-01,0.000000e+00,2618.6,263790.5,3942.8,18.25,20.03
CSV,25008,5000,1,0,0,328,150,4.573171e-01,0.000000e+00,3600.2,143391.2,6657.9,13.33,16.00
BER: END_SEQ #1 [SLIP] seq_err=231 BER_seq=4.5205e-01 | lock=0 slip=1 BER_cond=0.0000e+00 BER_cum=4.5205e-01
CSV,30008,6000,1,0,1,511,231,4.520548e-01,0.000000e+00,3174.4,94806.6,5685.6,12.22,14.75
CSV,35008,7000,1,0,1,511,231,4.520548e-01,0.000000e+00,2877.8,103786.0,5173.0,13.02,15.57
CSV,40008,8000,1,0,1,511,231,4.520548e-01,0.000000e+00,2691.6,98346.6,5009.1,12.93,15.63
CSV,45008,9000,1,0,1,511,231,4.520548e-01,0.000000e+00,2832.9,120929.3,5875.0,13.14,16.30
BER: SYNC #2 (gated)
CSV,50008,10000,2,0,1,667,255,3.823088e-01,0.000000e+00,2975.4,82837.6,5190.3,12.03,14.45
CSV,55008,11000,2,0,1,863,367,4.252607e-01,0.000000e+00,2874.0,100550.3,5051.8,12.99,15.44
BER: END_SEQ #2 [SLIP] seq_err=215 BER_seq=4.2074e-01 | lock=0 slip=2 BER_cond=0.0000e+00 BER_cum=4.3640e-01
CSV,60008,12000,2,0,2,1022,446,4.363992e-01,0.000000e+00,3139.9,98925.9,4819.2,13.12,14.98
CSV,65008,13000,2,0,2,1022,446,4.363992e-01,0.000000e+00,2900.7,103366.6,5092.5,13.07,15.52
CSV,70008,14000,2,0,2,1022,446,4.363992e-01,0.000000e+00,3092.7,118328.0,4719.4,13.99,15.83
CSV,75008,15000,2,0,2,1022,446,4.363992e-01,0.000000e+00,2697.1,96632.3,5191.8,12.70,15.54
CSV,80008,16000,2,0,2,1022,446,4.363992e-01,0.000000e+00,2450.3,83372.1,4787.3,12.41,15.32
CSV,85008,17000,2,0,2,1022,446,4.363992e-01,0.000000e+00,2419.3,87227.2,4366.4,13.01,15.57
CSV,90008,18000,2,0,2,1022,446,4.363992e-01,0.000000e+00,2606.5,89888.2,5009.5,12.54,15.38
CSV,95008,19000,2,0,2,1022,446,4.363992e-01,0.000000e+00,2830.1,83328.7,4662.0,12.52,14.69
CSV,100008,20000,2,0,2,1022,446,4.363992e-01,0.000000e+00,2542.2,91130.5,4656.7,12.92,15.54
CSV,105008,21000,2,0,2,1022,446,4.363992e-01,0.000000e+00,2634.4,106099.4,4383.6,13.84,16.05
CSV,110008,22000,2,0,2,1022,446,4.363992e-01,0.000000e+00,2717.6,88574.4,4592.5,12.85,15.13
CSV,115008,23000,2,0,2,1022,446,4.363992e-01,0.000000e+00,2747.1,98022.7,5028.1,12.90,15.52
CSV,120008,24000,2,0,2,1022,446,4.363992e-01,0.000000e+00,2746.9,101824.4,4760.3,13.30,15.69
CSV,125008,25000,2,0,2,1022,446,4.363992e-01,0.000000e+00,2427.6,90718.8,4919.5,12.66,15.73
CSV,130008,26000,2,0,2,1022,446,4.363992e-01,0.000000e+00,2790.5,102035.7,4811.6,13.26,15.63
CSV,135008,27000,2,0,2,1022,446,4.363992e-01,0.000000e+00,2671.2,111864.4,5357.4,13.20,16.22
CSV,140008,28000,2,0,2,1022,446,4.363992e-01,0.000000e+00,2799.7,95688.5,4630.9,13.15,15.34
CSV,145008,29000,2,0,2,1022,446,4.363992e-01,0.000000e+00,2760.6,105090.6,4588.3,13.60,15.81
BER: SYNC #3 (gated)
CSV,150008,30000,3,0,2,1062,447,4.209040e-01,0.000000e+00,2929.9,108705.5,4831.5,13.52,15.69
CSV,155008,31000,3,0,2,1258,508,4.038156e-01,0.000000e+00,2895.7,98810.2,4929.4,13.02,15.33
CSV,160008,32000,3,0,2,1455,609,4.185567e-01,0.000000e+00,2955.3,86964.3,4776.9,12.60,14.69
BER: END_SEQ #3 [SLIP] seq_err=199 BER_seq=3.8943e-01 | lock=0 slip=3 BER_cond=0.0000e+00 BER_cum=4.2074e-01
BER: SYNC #4 (gated)
CSV,165008,33000,4,0,3,1585,651,4.107256e-01,0.000000e+00,3276.1,86988.0,5334.9,12.12,14.24
CSV,170008,34000,4,0,3,1782,729,4.090909e-01,0.000000e+00,2868.5,69142.4,5490.4,11.00,13.82
CSV,175008,35000,4,0,3,1975,826,4.182279e-01,0.000000e+00,3161.9,71797.6,4838.7,11.71,13.56
BER: END_SEQ #4 [SLIP] seq_err=209 BER_seq=4.0900e-01 | lock=0 slip=4 BER_cond=0.0000e+00 BER_cum=4.1781e-01
BER: SYNC #5 (gated)
CSV,180008,36000,5,0,4,2107,854,4.053156e-01,0.000000e+00,3012.1,71807.1,5001.2,11.57,13.77
CSV,185008,37000,5,0,4,2300,949,4.126087e-01,0.000000e+00,2967.3,61953.1,4547.2,11.34,13.20
CSV,190008,38000,5,0,4,2498,1051,4.207366e-01,0.000000e+00,3227.5,68066.1,5115.9,11.24,13.24
BER: END_SEQ #5 [SLIP] seq_err=229 BER_seq=4.4814e-01 | lock=0 slip=5 BER_cond=0.0000e+00 BER_cum=4.2387e-01
BER: SYNC #6 (gated)
CSV,195008,39000,6,0,5,2630,1084,4.121673e-01,0.000000e+00,3216.8,59054.3,4858.8,10.85,12.64
CSV,200008,40000,6,0,5,2823,1178,4.172866e-01,0.000000e+00,2962.3,48354.9,4504.0,10.31,12.13
CSV,205008,41000,6,0,5,3018,1277,4.231279e-01,0.000000e+00,3042.4,54193.3,4437.0,10.87,12.51
BER: END_SEQ #6 [SLIP] seq_err=218 BER_seq=4.2661e-01 | lock=0 slip=6 BER_cond=0.0000e+00 BER_cum=4.2433e-01
CSV,210008,42000,6,0,6,3066,1301,4.243314e-01,0.000000e+00,3148.6,53695.5,4843.7,10.45,12.32
CSV,215008,43000,6,0,6,3066,1301,4.243314e-01,0.000000e+00,3137.4,47490.2,4576.0,10.16,11.80
CSV,220008,44000,6,0,6,3066,1301,4.243314e-01,0.000000e+00,2959.4,52954.2,4457.2,10.75,12.53
BER: SYNC #7 (gated)
CSV,225008,45000,7,0,6,3161,1332,4.213856e-01,0.000000e+00,2710.8,55570.6,4853.5,10.59,13.12
CSV,230008,46000,7,0,6,3357,1440,4.289544e-01,0.000000e+00,2869.5,46124.8,4673.8,9.94,12.06
CSV,235008,47000,7,0,6,3550,1546,4.354930e-01,0.000000e+00,2807.7,49864.6,4342.9,10.60,12.49
BER: END_SEQ #7 [SLIP] seq_err=257 BER_seq=5.0294e-01 | lock=0 slip=7 BER_cond=0.0000e+00 BER_cum=4.3556e-01
CSV,240008,48000,7,0,7,3577,1558,4.355605e-01,0.000000e+00,3195.9,51089.0,5073.3,10.03,12.04
CSV,245008,49000,7,0,7,3577,1558,4.355605e-01,0.000000e+00,2875.1,44469.4,4389.7,10.06,11.89
CSV,250008,50000,7,0,7,3577,1558,4.355605e-01,0.000000e+00,2754.0,50451.6,4174.4,10.82,12.63
BER: SYNC #8 (gated)
CSV,255008,51000,8,0,7,3697,1599,4.325128e-01,0.000000e+00,2857.3,49405.6,4680.6,10.23,12.38
CSV,260008,52000,8,0,7,3888,1672,4.300412e-01,0.000000e+00,2757.0,43113.2,4365.0,9.95,11.94
CSV,265008,53000,8,0,7,4086,1767,4.324523e-01,0.000000e+00,2687.2,49748.1,4566.3,10.37,12.67
BER: END_SEQ #8 [SLIP] seq_err=210 BER_seq=4.1096e-01 | lock=0 slip=8 BER_cond=0.0000e+00 BER_cum=4.3249e-01
BER: SYNC #9 (gated)
CSV,270008,54000,9,0,8,4222,1820,4.310753e-01,0.000000e+00,2986.9,44077.9,4655.8,9.76,11.69
CSV,275008,55000,9,0,8,4416,1908,4.320652e-01,0.000000e+00,2900.4,48448.7,4075.7,10.75,12.23
BER: END_SEQ #9 [SLIP] seq_err=225 BER_seq=4.4031e-01 | lock=0 slip=9 BER_cond=0.0000e+00 BER_cum=4.3336e-01
CSV,280008,56000,9,0,9,4599,1993,4.333551e-01,0.000000e+00,3038.4,47151.1,4486.5,10.22,11.91
CSV,285008,57000,9,0,9,4599,1993,4.333551e-01,0.000000e+00,2876.1,43281.4,4512.1,9.82,11.77
CSV,290008,58000,9,0,9,4599,1993,4.333551e-01,0.000000e+00,2836.7,44397.8,4914.1,9.56,11.95
CSV,295008,59000,9,0,9,4599,1993,4.333551e-01,0.000000e+00,3049.7,48859.8,4545.4,10.31,12.05
CSV,300008,60000,9,0,9,4599,1993,4.333551e-01,0.000000e+00,2882.6,43464.1,4928.2,9.45,11.78
CSV,305008,61000,9,0,9,4599,1993,4.333551e-01,0.000000e+00,2893.4,43102.8,4193.1,10.12,11.73
CSV,310008,62000,9,0,9,4599,1993,4.333551e-01,0.000000e+00,2838.4,44386.1,4851.7,9.61,11.94
CSV,315008,63000,9,0,9,4599,1993,4.333551e-01,0.000000e+00,2677.4,46300.7,4620.0,10.01,12.38
CSV,320008,64000,9,0,9,4599,1993,4.333551e-01,0.000000e+00,2824.4,46014.5,4384.5,10.21,12.12
CSV,325008,65000,9,0,9,4599,1993,4.333551e-01,0.000000e+00,2960.7,43685.8,4188.2,10.18,11.69
CSV,330008,66000,9,0,9,4599,1993,4.333551e-01,0.000000e+00,2772.4,41974.6,4441.3,9.75,11.80
CSV,335008,67000,9,0,9,4599,1993,4.333551e-01,0.000000e+00,2894.3,42274.5,4076.5,10.16,11.65
CSV,340008,68000,9,0,9,4599,1993,4.333551e-01,0.000000e+00,2793.0,44363.2,4453.1,9.98,12.01
CSV,345008,69000,9,0,9,4599,1993,4.333551e-01,0.000000e+00,2818.5,40123.6,4279.5,9.72,11.53
CSV,350008,70000,9,0,9,4599,1993,4.333551e-01,0.000000e+00,2664.6,41954.8,4643.0,9.56,11.97
CSV,355008,71000,9,0,9,4599,1993,4.333551e-01,0.000000e+00,2803.3,45473.9,4597.5,9.95,12.10
CSV,360008,72000,9,0,9,4599,1993,4.333551e-01,0.000000e+00,2832.0,39269.1,4304.4,9.60,11.42
CSV,365008,73000,9,0,9,4599,1993,4.333551e-01,0.000000e+00,2725.2,43734.0,4464.2,9.91,12.05
CSV,370008,74000,9,0,9,4599,1993,4.333551e-01,0.000000e+00,2541.2,40870.0,4238.1,9.84,12.06
CSV,375008,75000,9,0,9,4599,1993,4.333551e-01,0.000000e+00,2796.9,39800.5,4598.1,9.37,11.53
CSV,380008,76000,9,0,9,4599,1993,4.333551e-01,0.000000e+00,2789.5,39931.3,4082.0,9.90,11.56
CSV,385008,77000,9,0,9,4599,1993,4.333551e-01,0.000000e+00,2858.6,43336.1,4511.9,9.82,11.81
CSV,390008,78000,9,0,9,4599,1993,4.333551e-01,0.000000e+00,2772.8,37871.9,4478.6,9.27,11.35
CSV,395008,79000,9,0,9,4599,1993,4.333551e-01,0.000000e+00,2943.5,43884.8,4398.8,9.99,11.73
CSV,400008,80000,9,0,9,4599,1993,4.333551e-01,0.000000e+00,2623.7,39431.5,4209.2,9.72,11.77
CSV,405008,81000,9,0,9,4599,1993,4.333551e-01,0.000000e+00,2845.9,40770.5,4085.4,9.99,11.56
CSV,410008,82000,9,0,9,4599,1993,4.333551e-01,0.000000e+00,2712.9,43267.5,4432.1,9.90,12.03
CSV,415008,83000,9,0,9,4599,1993,4.333551e-01,0.000000e+00,2733.4,43270.1,4483.5,9.85,11.99
CSV,420008,84000,9,0,9,4599,1993,4.333551e-01,0.000000e+00,2781.7,39918.8,4108.1,9.88,11.57
CSV,425008,85000,9,0,9,4599,1993,4.333551e-01,0.000000e+00,2784.6,41340.9,4555.7,9.58,11.72
CSV,430008,86000,9,0,9,4599,1993,4.333551e-01,0.000000e+00,2916.5,40035.7,4372.3,9.62,11.38
CSV,435008,87000,9,0,9,4599,1993,4.333551e-01,0.000000e+00,2666.2,36234.4,4329.2,9.23,11.33
CSV,440008,88000,9,0,9,4599,1993,4.333551e-01,0.000000e+00,2700.1,40864.4,4215.7,9.86,11.80
CSV,445008,89000,9,0,9,4599,1993,4.333551e-01,0.000000e+00,2744.1,40883.6,4181.9,9.90,11.73
CSV,450008,90000,9,0,9,4599,1993,4.333551e-01,0.000000e+00,2881.1,35102.5,4614.6,8.81,10.86
CSV,455008,91000,9,0,9,4599,1993,4.333551e-01,0.000000e+00,2568.9,42124.6,4383.8,9.83,12.15
CSV,460008,92000,9,0,9,4599,1993,4.333551e-01,0.000000e+00,2740.5,50815.4,4246.5,10.78,12.68
CSV,465008,93000,9,0,9,4599,1993,4.333551e-01,0.000000e+00,3025.8,90088.2,5374.5,12.24,14.74
CSV,470008,94000,9,0,9,4599,1993,4.333551e-01,0.000000e+00,2857.8,56058.8,4813.8,10.66,12.93
CSV,475008,95000,9,0,9,4599,1993,4.333551e-01,0.000000e+00,5335.5,55725.3,10193.1,7.38,10.19
CSV,480008,96000,9,0,9,4599,1993,4.333551e-01,0.000000e+00,4635.2,53160.1,8481.2,7.97,10.60
CSV,485008,97000,9,0,9,4599,1993,4.333551e-01,0.000000e+00,3084.9,43620.3,4860.7,9.53,11.50
CSV,490008,98000,9,0,9,4599,1993,4.333551e-01,0.000000e+00,3204.1,52409.8,4240.1,10.92,12.14
CSV,495008,99000,9,0,9,4599,1993,4.333551e-01,0.000000e+00,3107.0,44359.8,4539.5,9.90,11.55
CSV,500008,100000,9,0,9,4599,1993,4.333551e-01,0.000000e+00,3115.6,37992.6,4717.5,9.06,10.86
CSV,505008,101000,9,0,9,4599,1993,4.333551e-01,0.000000e+00,3265.4,36616.7,5190.5,8.48,10.50
CSV,510008,102000,9,0,9,4599,1993,4.333551e-01,0.000000e+00,3065.7,28956.3,4574.6,8.01,9.75
CSV,515008,103000,9,0,9,4599,1993,4.333551e-01,0.000000e+00,3291.9,45343.8,4756.6,9.79,11.39
CSV,520008,104000,9,0,9,4599,1993,4.333551e-01,0.000000e+00,3147.9,41695.3,4714.8,9.47,11.22
CSV,525008,105000,9,0,9,4599,1993,4.333551e-01,0.000000e+00,2830.4,39748.6,4478.6,9.48,11.47
CSV,530008,106000,9,0,9,4599,1993,4.333551e-01,0.000000e+00,2908.8,40089.9,4491.9,9.51,11.39
BER: SYNC #10 (gated)
CSV,535008,107000,10,0,9,4741,2066,4.357730e-01,0.000000e+00,3098.5,37401.6,4540.0,9.16,10.82
CSV,540008,108000,10,0,9,4934,2160,4.377787e-01,0.000000e+00,2863.0,38843.8,4825.1,9.06,11.32
BER: END_SEQ #10 [SLIP] seq_err=250 BER_seq=4.8924e-01 | lock=0 slip=10 BER_cond=0.0000e+00 BER_cum=4.3894e-01
CSV,545008,109000,10,0,10,5110,2243,4.389432e-01,0.000000e+00,3178.6,37109.8,4783.4,8.90,10.67
CSV,550008,110000,10,0,10,5110,2243,4.389432e-01,0.000000e+00,3073.3,33453.2,4444.1,8.77,10.37
CSV,555008,111000,10,0,10,5110,2243,4.389432e-01,0.000000e+00,2987.2,37620.0,4434.1,9.29,11.00
CSV,560008,112000,10,0,10,5110,2243,4.389432e-01,0.000000e+00,2917.6,37362.2,4699.6,9.00,11.07
BER: SYNC #11 (gated)
CSV,565008,113000,11,0,10,5272,2304,4.370258e-01,0.000000e+00,2845.3,36281.4,4115.5,9.45,11.06
CSV,570008,114000,11,0,10,5460,2402,4.399267e-01,0.000000e+00,2706.8,36783.0,4591.4,9.04,11.33
BER: END_SEQ #11 [SLIP] seq_err=229 BER_seq=4.4814e-01 | lock=0 slip=11 BER_cond=0.0000e+00 BER_cum=4.3978e-01
CSV,575008,115000,11,0,11,5621,2472,4.397794e-01,0.000000e+00,3116.6,36329.8,4403.4,9.16,10.67
CSV,580008,116000,11,0,11,5621,2472,4.397794e-01,0.000000e+00,2952.5,32411.8,4246.8,8.83,10.41
CSV,585008,117000,11,0,11,5621,2472,4.397794e-01,0.000000e+00,3016.7,36495.0,4355.0,9.23,10.83
CSV,590008,118000,11,0,11,5621,2472,4.397794e-01,0.000000e+00,3058.2,36341.1,4770.0,8.82,10.75
CSV,595008,119000,11,0,11,5621,2472,4.397794e-01,0.000000e+00,2939.7,30928.0,4386.8,8.48,10.22
CSV,600008,120000,11,0,11,5621,2472,4.397794e-01,0.000000e+00,3002.7,33649.8,4553.4,8.69,10.49
BER: SYNC #12 (gated)
CSV,605008,121000,12,0,11,5623,2472,4.396230e-01,0.000000e+00,2901.3,36307.9,4706.9,8.87,10.97
CSV,610008,122000,12,0,11,5814,2563,4.408325e-01,0.000000e+00,2833.9,31257.2,4382.4,8.53,10.43
CSV,615008,123000,12,0,11,6001,2664,4.439260e-01,0.000000e+00,2915.8,37316.6,4635.8,9.06,11.07
BER: END_SEQ #12 [SLIP] seq_err=262 BER_seq=5.1272e-01 | lock=0 slip=12 BER_cond=0.0000e+00 BER_cum=4.4586e-01
CSV,620008,124000,12,0,12,6132,2734,4.458578e-01,0.000000e+00,3356.2,35406.4,5157.7,8.37,10.23
CSV,625008,125000,12,0,12,6132,2734,4.458578e-01,0.000000e+00,3154.6,32617.3,4654.4,8.46,10.15
CSV,630008,126000,12,0,12,6132,2734,4.458578e-01,0.000000e+00,2900.7,33448.3,4614.7,8.60,10.62
CSV,635008,127000,12,0,12,6132,2734,4.458578e-01,0.000000e+00,3005.9,34130.5,4613.5,8.69,10.55
CSV,640008,128000,12,0,12,6132,2734,4.458578e-01,0.000000e+00,2897.4,30597.2,4574.3,8.25,10.24
CSV,645008,129000,12,0,12,6132,2734,4.458578e-01,0.000000e+00,2685.0,34316.7,4091.2,9.24,11.07
BER: SYNC #13 (gated)
CSV,650008,130000,13,0,12,6169,2752,4.461015e-01,0.000000e+00,2928.2,35214.4,4512.1,8.92,10.80
CSV,655008,131000,13,0,12,6365,2855,4.485467e-01,0.000000e+00,3022.2,30651.8,4569.2,8.27,10.06
CSV,660008,132000,13,0,12,6555,2956,4.509535e-01,0.000000e+00,3098.8,35297.8,4617.6,8.83,10.57
BER: END_SEQ #13 [SLIP] seq_err=272 BER_seq=5.3229e-01 | lock=0 slip=13 BER_cond=0.0000e+00 BER_cum=4.5251e-01
CSV,665008,133000,13,0,13,6643,3006,4.525064e-01,0.000000e+00,3361.4,34246.0,4721.5,8.61,10.08
CSV,670008,134000,13,0,13,6643,3006,4.525064e-01,0.000000e+00,3003.1,32175.2,4438.7,8.60,10.30
CSV,675008,135000,13,0,13,6643,3006,4.525064e-01,0.000000e+00,3080.0,34595.4,4411.6,8.94,10.50
CSV,680008,136000,13,0,13,6643,3006,4.525064e-01,0.000000e+00,2979.6,35830.1,4356.1,9.15,10.80
CSV,685008,137000,13,0,13,6643,3006,4.525064e-01,0.000000e+00,3025.7,36663.0,4748.6,8.88,10.83
CSV,690008,138000,13,0,13,6643,3006,4.525064e-01,0.000000e+00,3366.2,96870.7,4828.4,13.02,14.59
BER: SYNC #14 (gated)
CSV,695008,139000,14,0,13,6714,3035,4.520405e-01,0.000000e+00,3096.7,98765.9,3841.0,14.10,15.04
CSV,700008,140000,14,0,13,6909,3134,4.536112e-01,0.000000e+00,3148.8,80105.8,3946.1,13.07,14.06
CSV,705008,141000,14,0,13,7096,3236,4.560316e-01,0.000000e+00,3145.4,78628.0,4579.6,12.35,13.98
BER: END_SEQ #14 [SLIP] seq_err=259 BER_seq=5.0685e-01 | lock=0 slip=14 BER_cond=0.0000e+00 BER_cum=4.5639e-01
CSV,710008,142000,14,0,14,7154,3265,4.563880e-01,0.000000e+00,3504.6,81753.6,4882.3,12.24,13.68
CSV,715008,143000,14,0,14,7154,3265,4.563880e-01,0.000000e+00,3001.1,79058.7,3974.5,12.99,14.21
CSV,720008,144000,14,0,14,7154,3265,4.563880e-01,0.000000e+00,2856.1,89918.5,4250.6,13.25,14.98
BER: SYNC #15 (gated)
CSV,725008,145000,15,0,14,7250,3278,4.521379e-01,0.000000e+00,3059.5,94759.9,4053.8,13.69,14.91
CSV,730008,146000,15,0,14,7441,3373,4.532993e-01,0.000000e+00,3105.2,81796.5,4084.6,13.02,14.21
CSV,735008,147000,15,0,14,7635,3474,4.550098e-01,0.000000e+00,3067.2,84068.7,3783.0,13.47,14.38
BER: END_SEQ #15 [SLIP] seq_err=224 BER_seq=4.3836e-01 | lock=0 slip=15 BER_cond=0.0000e+00 BER_cum=4.5519e-01
CSV,740008,148000,15,0,15,7665,3489,4.551859e-01,0.000000e+00,3270.8,86092.8,4589.3,12.73,14.20
CSV,745008,149000,15,0,15,7665,3489,4.551859e-01,0.000000e+00,2975.6,76636.5,4055.7,12.76,14.11
CSV,750008,150000,15,0,15,7665,3489,4.551859e-01,0.000000e+00,2969.4,85011.4,4000.8,13.27,14.57
CSV,755008,151000,15,0,15,7665,3489,4.551859e-01,0.000000e+00,3506.3,80974.2,5848.5,11.41,13.64
CSV,760008,152000,15,0,15,7665,3489,4.551859e-01,0.000000e+00,3388.8,52524.2,5626.1,9.70,11.90
CSV,765008,153000,15,0,15,7665,3489,4.551859e-01,0.000000e+00,3620.7,45590.7,5480.7,9.20,11.00
CSV,770008,154000,15,0,15,7665,3489,4.551859e-01,0.000000e+00,3622.6,42845.0,5633.6,8.81,10.73
CSV,775008,155000,15,0,15,7665,3489,4.551859e-01,0.000000e+00,3018.6,76884.5,5385.6,11.55,14.06
CSV,780008,156000,15,0,15,7665,3489,4.551859e-01,0.000000e+00,3268.0,86829.9,4365.6,12.99,14.24
BER: SYNC #16 (gated)
CSV,785008,157000,16,0,15,7804,3523,4.514351e-01,0.000000e+00,3092.8,72006.1,4140.2,12.40,13.67
CSV,790008,158000,16,0,15,7996,3611,4.516008e-01,0.000000e+00,2934.9,77157.0,4370.0,12.47,14.20
BER: END_SEQ #16 [SLIP] seq_err=208 BER_seq=4.0705e-01 | lock=0 slip=16 BER_cond=0.0000e+00 BER_cum=4.5218e-01
CSV,795008,159000,16,0,16,8176,3697,4.521771e-01,0.000000e+00,3435.6,68265.1,5162.3,11.21,12.98
CSV,800008,160000,16,0,16,8176,3697,4.521771e-01,0.000000e+00,2812.3,73612.2,3960.4,12.69,14.18
CSV,805008,161000,16,0,16,8176,3697,4.521771e-01,0.000000e+00,2919.5,77612.2,3696.8,13.22,14.25
CSV,810008,162000,16,0,16,8176,3697,4.521771e-01,0.000000e+00,3496.5,44647.3,5183.4,9.35,11.06
CSV,815008,163000,16,0,16,8176,3697,4.521771e-01,0.000000e+00,3548.5,36217.0,5507.7,8.18,10.09
CSV,820008,164000,16,0,16,8176,3697,4.521771e-01,0.000000e+00,3473.7,46203.2,5560.7,9.20,11.24
CSV,825008,165000,16,0,16,8176,3697,4.521771e-01,0.000000e+00,3836.7,48450.3,5442.2,9.50,11.01
CSV,830008,166000,16,0,16,8176,3697,4.521771e-01,0.000000e+00,3846.6,49236.4,6392.8,8.87,11.07
CSV,835008,167000,16,0,16,8176,3697,4.521771e-01,0.000000e+00,3785.5,49222.5,5690.9,9.37,11.14
CSV,840008,168000,16,0,16,8176,3697,4.521771e-01,0.000000e+00,4026.6,91976.7,6471.5,11.53,13.59
CSV,845008,169000,16,0,16,8176,3697,4.521771e-01,0.000000e+00,3631.1,52466.2,5284.3,9.97,11.60
CSV,850008,170000,16,0,16,8176,3697,4.521771e-01,0.000000e+00,3783.2,39280.5,6065.8,8.11,10.16
CSV,855008,171000,16,0,16,8176,3697,4.521771e-01,0.000000e+00,3666.4,43291.6,5585.7,8.89,10.72
CSV,860008,172000,16,0,16,8176,3697,4.521771e-01,0.000000e+00,3428.1,39923.2,5438.8,8.66,10.66
CSV,865008,173000,16,0,16,8176,3697,4.521771e-01,0.000000e+00,3669.9,39859.6,5954.5,8.26,10.36
BER: SYNC #17 (gated)
CSV,870008,174000,17,0,16,8189,3697,4.514593e-01,0.000000e+00,3571.1,44195.7,5603.8,8.97,10.93
CSV,875008,175000,17,0,16,8374,3788,4.523525e-01,0.000000e+00,3625.4,36223.3,5938.9,7.85,10.00
CSV,880008,176000,17,0,16,8564,3885,4.536431e-01,0.000000e+00,3309.1,41240.4,5355.4,8.87,10.96
BER: END_SEQ #17 [SLIP] seq_err=244 BER_seq=4.7750e-01 | lock=0 slip=17 BER_cond=0.0000e+00 BER_cum=4.5367e-01
BER: SYNC #18 (gated)
CSV,885008,177000,18,0,17,8710,3946,4.530425e-01,0.000000e+00,3804.2,40866.7,5723.8,8.54,10.31
CSV,890008,178000,18,0,17,8899,4035,4.534217e-01,0.000000e+00,3552.9,36987.6,5334.2,8.41,10.17
CSV,895008,179000,18,0,17,9093,4136,4.548554e-01,0.000000e+00,3802.6,38423.8,5653.4,8.32,10.05
BER: END_SEQ #18 [SLIP] seq_err=253 BER_seq=4.9511e-01 | lock=0 slip=18 BER_cond=0.0000e+00 BER_cum=4.5597e-01
CSV,900008,180000,18,0,18,9198,4194,4.559687e-01,0.000000e+00,3977.7,40335.2,6166.4,8.16,10.06
CSV,905008,181000,18,0,18,9198,4194,4.559687e-01,0.000000e+00,3709.2,35896.3,5338.8,8.28,9.86
CSV,910008,182000,18,0,18,9198,4194,4.559687e-01,0.000000e+00,3367.4,37796.7,5449.2,8.41,10.50
CSV,915008,183000,18,0,18,9198,4194,4.559687e-01,0.000000e+00,3667.0,41209.3,5423.9,8.81,10.51
CSV,920008,184000,18,0,18,9198,4194,4.559687e-01,0.000000e+00,3873.8,36337.6,5482.3,8.21,9.72
CSV,925008,185000,18,0,18,9198,4194,4.559687e-01,0.000000e+00,3543.0,37346.0,5594.9,8.24,10.23
CSV,930008,186000,18,0,18,9198,4194,4.559687e-01,0.000000e+00,3789.5,41158.4,6028.1,8.34,10.36
CSV,935008,187000,18,0,18,9198,4194,4.559687e-01,0.000000e+00,3676.0,33050.1,5099.7,8.12,9.54
CSV,940008,188000,18,0,18,9198,4194,4.559687e-01,0.000000e+00,3348.3,36566.2,5807.3,7.99,10.38
CSV,945008,189000,18,0,18,9198,4194,4.559687e-01,0.000000e+00,3661.1,38338.0,5717.2,8.26,10.20
CSV,950008,190000,18,0,18,9198,4194,4.559687e-01,0.000000e+00,3795.9,32617.8,5942.8,7.39,9.34
CSV,955008,191000,18,0,18,9198,4194,4.559687e-01,0.000000e+00,3156.2,36573.8,5650.2,8.11,10.64
CSV,960008,192000,18,0,18,9198,4194,4.559687e-01,0.000000e+00,3478.8,33959.5,5526.7,7.88,9.90
CSV,965008,193000,18,0,18,9198,4194,4.559687e-01,0.000000e+00,3462.2,31026.8,5665.9,7.38,9.52
CSV,970008,194000,18,0,18,9198,4194,4.559687e-01,0.000000e+00,3432.8,37580.0,6095.6,7.90,10.39
BER: SYNC #19 (gated)
CSV,975008,195000,19,0,18,9288,4225,4.548880e-01,0.000000e+00,3436.4,33203.4,5529.5,7.78,9.85
CSV,980008,196000,19,0,18,9477,4327,4.565791e-01,0.000000e+00,3330.7,35928.3,5677.5,8.01,10.33
CSV,985008,197000,19,0,18,9663,4415,4.568974e-01,0.000000e+00,3319.0,35699.3,5317.8,8.27,10.32
BER: END_SEQ #19 [SLIP] seq_err=242 BER_seq=4.7358e-01 | lock=0 slip=19 BER_cond=0.0000e+00 BER_cum=4.5690e-01
BER: SYNC #20 (gated)
CSV,990008,198000,20,0,19,9810,4483,4.569827e-01,0.000000e+00,4055.0,36090.9,6595.3,7.38,9.49
CSV,995008,199000,20,0,19,10002,4579,4.578084e-01,0.000000e+00,3304.9,31466.6,5344.1,7.70,9.79
CSV,1000008,200000,20,0,19,10189,4674,4.587300e-01,0.000000e+00,3343.0,32414.2,5730.8,7.53,9.87
BER: END_SEQ #20 [SLIP] seq_err=256 BER_seq=5.0098e-01 | lock=0 slip=20 BER_cond=0.0000e+00 BER_cum=4.5910e-01
CSV,1005008,201000,20,0,20,10220,4692,4.590998e-01,0.000000e+00,3821.1,33727.2,5661.8,7.75,9.46
CSV,1010008,202000,20,0,20,10220,4692,4.590998e-01,0.000000e+00,3588.7,32582.9,5180.8,7.99,9.58
CSV,1015008,203000,20,0,20,10220,4692,4.590998e-01,0.000000e+00,3473.0,35108.4,5483.4,8.06,10.05
CSV,1020008,204000,20,0,20,10220,4692,4.590998e-01,0.000000e+00,3449.8,32646.9,5468.6,7.76,9.76
CSV,1025008,205000,20,0,20,10220,4692,4.590998e-01,0.000000e+00,3621.8,34489.6,5098.4,8.30,9.79
CSV,1030008,206000,20,0,20,10220,4692,4.590998e-01,0.000000e+00,3582.4,31852.4,5265.2,7.82,9.49
CSV,1035008,207000,20,0,20,10220,4692,4.590998e-01,0.000000e+00,3567.6,33980.3,5092.1,8.24,9.79
CSV,1040008,208000,20,0,20,10220,4692,4.590998e-01,0.000000e+00,3498.2,33616.8,5523.4,7.84,9.83
CSV,1045008,209000,20,0,20,10220,4692,4.590998e-01,0.000000e+00,3750.8,34779.0,5411.8,8.08,9.67
CSV,1050008,210000,20,0,20,10220,4692,4.590998e-01,0.000000e+00,3441.1,30012.3,6208.2,6.84,9.41
CSV,1055008,211000,20,0,20,10220,4692,4.590998e-01,0.000000e+00,3334.1,31892.7,5389.3,7.72,9.81
CSV,1060008,212000,20,0,20,10220,4692,4.590998e-01,0.000000e+00,3474.6,33375.2,5338.4,7.96,9.83
CSV,1065008,213000,20,0,20,10220,4692,4.590998e-01,0.000000e+00,3739.9,31826.0,5647.4,7.51,9.30
CSV,1070008,214000,20,0,20,10220,4692,4.590998e-01,0.000000e+00,3301.5,33176.1,5463.2,7.83,10.02
CSV,1075008,215000,20,0,20,10220,4692,4.590998e-01,0.000000e+00,3537.5,32359.1,5279.1,7.87,9.61
CSV,1080008,216000,20,0,20,10220,4692,4.590998e-01,0.000000e+00,3677.8,32954.1,5722.3,7.60,9.52
CSV,1085008,217000,20,0,20,10220,4692,4.590998e-01,0.000000e+00,3352.9,35386.8,5219.0,8.31,10.23
CSV,1090008,218000,20,0,20,10220,4692,4.590998e-01,0.000000e+00,3407.4,34162.7,5637.6,7.82,10.01
CSV,1095008,219000,20,0,20,10220,4692,4.590998e-01,0.000000e+00,3461.3,31911.4,5673.1,7.50,9.65
CSV,1100008,220000,20,0,20,10220,4692,4.590998e-01,0.000000e+00,3507.6,33826.6,5249.7,8.09,9.84
CSV,1105008,221000,20,0,20,10220,4692,4.590998e-01,0.000000e+00,3461.5,35992.0,6031.7,7.76,10.17
CSV,1110008,222000,20,0,20,10220,4692,4.590998e-01,0.000000e+00,3651.7,28229.4,5464.7,7.13,8.88
CSV,1115008,223000,20,0,20,10220,4692,4.590998e-01,0.000000e+00,3641.4,33119.2,5865.8,7.52,9.59
CSV,1120008,224000,20,0,20,10220,4692,4.590998e-01,0.000000e+00,3567.8,35366.2,5643.3,7.97,9.96
CSV,1125008,225000,20,0,20,10220,4692,4.590998e-01,0.000000e+00,3500.0,29799.9,5331.7,7.47,9.30
CSV,1130008,226000,20,0,20,10220,4692,4.590998e-01,0.000000e+00,3547.2,33541.8,5695.3,7.70,9.76
BER: SYNC #21 (gated)
CSV,1135008,227000,21,0,20,10244,4695,4.583171e-01,0.000000e+00,3516.6,34279.3,5857.8,7.67,9.89
CSV,1140008,228000,21,0,20,10435,4777,4.577863e-01,0.000000e+00,3357.5,29390.6,5528.6,7.26,9.42
CSV,1145008,229000,21,0,20,10622,4879,4.593297e-01,0.000000e+00,3656.5,33031.7,5340.7,7.91,9.56
BER: END_SEQ #21 [SLIP] seq_err=240 BER_seq=4.6967e-01 | lock=0 slip=21 BER_cond=0.0000e+00 BER_cum=4.5960e-01
CSV,1150008,230000,21,0,21,10731,4932,4.596030e-01,0.000000e+00,3711.9,32426.9,5946.2,7.37,9.41
CSV,1155008,231000,21,0,21,10731,4932,4.596030e-01,0.000000e+00,3527.0,30120.6,5827.2,7.13,9.31
CSV,1160008,232000,21,0,21,10731,4932,4.596030e-01,0.000000e+00,3768.2,31268.1,5759.4,7.35,9.19
BER: SYNC #22 (gated)
CSV,1165008,233000,22,0,21,10775,4949,4.593039e-01,0.000000e+00,3454.7,33434.4,5288.7,8.01,9.86
CSV,1170008,234000,22,0,21,10967,5039,4.594693e-01,0.000000e+00,3561.7,31786.3,5011.7,8.02,9.51
CSV,1175008,235000,22,0,21,11147,5133,4.604826e-01,0.000000e+00,3343.3,32393.6,6034.3,7.30,9.86
BER: END_SEQ #22 [SLIP] seq_err=250 BER_seq=4.8924e-01 | lock=0 slip=22 BER_cond=0.0000e+00 BER_cum=4.6095e-01
CSV,1180008,236000,22,0,22,11242,5182,4.609500e-01,0.000000e+00,3704.7,34642.1,5714.9,7.83,9.71
CSV,1185008,237000,22,0,22,11242,5182,4.609500e-01,0.000000e+00,3734.9,29568.8,5201.7,7.55,8.99
CSV,1190008,238000,22,0,22,11242,5182,4.609500e-01,0.000000e+00,3620.9,32830.6,5785.7,7.54,9.57
CSV,1195008,239000,22,0,22,11242,5182,4.609500e-01,0.000000e+00,3475.8,33701.8,5421.2,7.94,9.87
CSV,1200008,240000,22,0,22,11242,5182,4.609500e-01,0.000000e+00,3377.8,27996.3,5280.4,7.24,9.18
CSV,1205008,241000,22,0,22,11242,5182,4.609500e-01,0.000000e+00,3391.4,33499.5,5104.2,8.17,9.95
CSV,1210008,242000,22,0,22,11242,5182,4.609500e-01,0.000000e+00,3517.0,31103.5,5674.2,7.39,9.47
CSV,1215008,243000,22,0,22,11242,5182,4.609500e-01,0.000000e+00,3290.6,28485.6,5441.5,7.19,9.37
CSV,1220008,244000,22,0,22,11242,5182,4.609500e-01,0.000000e+00,3517.1,32423.7,5484.7,7.72,9.65
CSV,1225008,245000,22,0,22,11242,5182,4.609500e-01,0.000000e+00,3524.6,32558.7,5390.5,7.81,9.66
CSV,1230008,246000,22,0,22,11242,5182,4.609500e-01,0.000000e+00,3387.2,27638.0,5341.3,7.14,9.12
CSV,1235008,247000,22,0,22,11242,5182,4.609500e-01,0.000000e+00,3445.9,31492.9,4942.8,8.04,9.61
CSV,1240008,248000,22,0,22,11242,5182,4.609500e-01,0.000000e+00,3529.2,31783.7,5776.2,7.41,9.55
CSV,1245008,249000,22,0,22,11242,5182,4.609500e-01,0.000000e+00,3548.6,27219.9,5517.7,6.93,8.85
CSV,1250008,250000,22,0,22,11242,5182,4.609500e-01,0.000000e+00,3707.5,33770.5,5729.3,7.70,9.59
CSV,1255008,251000,22,0,22,11242,5182,4.609500e-01,0.000000e+00,3341.7,30292.1,5310.8,7.56,9.57
CSV,1260008,252000,22,0,22,11242,5182,4.609500e-01,0.000000e+00,3249.3,27664.0,5211.8,7.25,9.30
CSV,1265008,253000,22,0,22,11242,5182,4.609500e-01,0.000000e+00,3443.4,32024.4,5397.2,7.73,9.69
CSV,1270008,254000,22,0,22,11242,5182,4.609500e-01,0.000000e+00,3229.3,27588.4,5084.6,7.34,9.32
CSV,1275008,255000,22,0,22,11242,5182,4.609500e-01,0.000000e+00,3529.5,30508.3,5519.4,7.43,9.37
CSV,1280008,256000,22,0,22,11242,5182,4.609500e-01,0.000000e+00,3559.1,31378.2,5889.3,7.27,9.45
CSV,1285008,257000,22,0,22,11242,5182,4.609500e-01,0.000000e+00,3454.5,29541.3,5914.2,6.99,9.32
CSV,1290008,258000,22,0,22,11242,5182,4.609500e-01,0.000000e+00,3677.6,32324.6,5579.1,7.63,9.44
CSV,1295008,259000,22,0,22,11242,5182,4.609500e-01,0.000000e+00,3510.7,30777.3,5582.7,7.41,9.43
CSV,1300008,260000,22,0,22,11242,5182,4.609500e-01,0.000000e+00,3353.5,29271.0,5724.9,7.09,9.41
CSV,1305008,261000,22,0,22,11242,5182,4.609500e-01,0.000000e+00,3561.9,29925.9,5676.3,7.22,9.24
CSV,1310008,262000,22,0,22,11242,5182,4.609500e-01,0.000000e+00,3552.2,29851.8,5773.1,7.14,9.24
CSV,1315008,263000,22,0,22,11242,5182,4.609500e-01,0.000000e+00,3432.8,29294.8,5154.6,7.55,9.31
CSV,1320008,264000,22,0,22,11242,5182,4.609500e-01,0.000000e+00,3412.5,29220.5,5913.4,6.94,9.33
CSV,1325008,265000,22,0,22,11242,5182,4.609500e-01,0.000000e+00,3452.9,31260.1,5100.5,7.87,9.57
CSV,1330008,266000,22,0,22,11242,5182,4.609500e-01,0.000000e+00,3346.5,26396.3,5507.3,6.81,8.97
CSV,1335008,267000,22,0,22,11242,5182,4.609500e-01,0.000000e+00,3493.0,32333.3,5602.4,7.61,9.66
CSV,1340008,268000,22,0,22,11242,5182,4.609500e-01,0.000000e+00,3434.3,29260.4,5979.2,6.90,9.30
CSV,1345008,269000,22,0,22,11242,5182,4.609500e-01,0.000000e+00,3449.0,28623.8,5414.7,7.23,9.19
CSV,1350008,270000,22,0,22,11242,5182,4.609500e-01,0.000000e+00,3398.0,30527.1,5503.8,7.44,9.53
CSV,1355008,271000,22,0,22,11242,5182,4.609500e-01,0.000000e+00,3574.0,30527.0,5643.9,7.33,9.32
BER: SYNC #23 (gated)
CSV,1360008,272000,23,0,22,11428,5264,4.606230e-01,0.000000e+00,3442.5,26091.8,5464.2,6.79,8.80
CSV,1365008,273000,23,0,22,11615,5351,4.606974e-01,0.000000e+00,3557.7,30330.4,5589.9,7.34,9.31
BER: END_SEQ #23 [SLIP] seq_err=231 BER_seq=4.5205e-01 | lock=0 slip=23 BER_cond=0.0000e+00 BER_cum=4.6056e-01
CSV,1370008,274000,23,0,23,11753,5413,4.605633e-01,0.000000e+00,3568.5,28689.8,5319.7,7.32,9.05
CSV,1375008,275000,23,0,23,11753,5413,4.605633e-01,0.000000e+00,3500.4,26834.3,5213.8,7.12,8.85
CSV,1380008,276000,23,0,23,11753,5413,4.605633e-01,0.000000e+00,3503.9,29228.0,5127.8,7.56,9.21
CSV,1385008,277000,23,0,23,11753,5413,4.605633e-01,0.000000e+00,3414.2,30305.5,5647.4,7.30,9.48
CSV,1390008,278000,23,0,23,11753,5413,4.605633e-01,0.000000e+00,3444.4,27294.6,5537.1,6.93,8.99
CSV,1395008,279000,23,0,23,11753,5413,4.605633e-01,0.000000e+00,3653.8,28350.1,5345.5,7.25,8.90
CSV,1400008,280000,23,0,23,11753,5413,4.605633e-01,0.000000e+00,3300.3,27630.6,5138.5,7.31,9.23
CSV,1405008,281000,23,0,23,11753,5413,4.605633e-01,0.000000e+00,3360.0,28106.2,5110.3,7.40,9.22
CSV,1410008,282000,23,0,23,11753,5413,4.605633e-01,0.000000e+00,3515.7,27955.4,5733.3,6.88,9.00
CSV,1415008,283000,23,0,23,11753,5413,4.605633e-01,0.000000e+00,3246.1,31075.0,6061.1,7.10,9.81
CSV,1420008,284000,23,0,23,11753,5413,4.605633e-01,0.000000e+00,3564.3,26305.1,4746.4,7.44,8.68
CSV,1425008,285000,23,0,23,11753,5413,4.605633e-01,0.000000e+00,3347.6,30712.0,5578.3,7.41,9.63
CSV,1430008,286000,23,0,23,11753,5413,4.605633e-01,0.000000e+00,3499.1,27637.5,5440.5,7.06,8.98
CSV,1435008,287000,23,0,23,11753,5413,4.605633e-01,0.000000e+00,3471.3,27371.7,5590.9,6.90,8.97
CSV,1440008,288000,23,0,23,11753,5413,4.605633e-01,0.000000e+00,3449.1,28750.2,5625.1,7.09,9.21
CSV,1445008,289000,23,0,23,11753,5413,4.605633e-01,0.000000e+00,3272.3,29856.3,5239.6,7.56,9.60
CSV,1450008,290000,23,0,23,11753,5413,4.605633e-01,0.000000e+00,3400.5,28185.9,5358.8,7.21,9.18
CSV,1455008,291000,23,0,23,11753,5413,4.605633e-01,0.000000e+00,3434.1,27762.5,5266.2,7.22,9.08
CSV,1460008,292000,23,0,23,11753,5413,4.605633e-01,0.000000e+00,3564.2,30772.0,5505.7,7.47,9.36
CSV,1465008,293000,23,0,23,11753,5413,4.605633e-01,0.000000e+00,3430.6,26950.3,5133.3,7.20,8.95
CSV,1470008,294000,23,0,23,11753,5413,4.605633e-01,0.000000e+00,3338.5,29822.0,5519.3,7.33,9.51
CSV,1475008,295000,23,0,23,11753,5413,4.605633e-01,0.000000e+00,3325.8,27288.9,5449.4,7.00,9.14
CSV,1480008,296000,23,0,23,11753,5413,4.605633e-01,0.000000e+00,3474.4,26169.5,5692.7,6.62,8.77
CSV,1485008,297000,23,0,23,11753,5413,4.605633e-01,0.000000e+00,3616.1,27168.9,5021.2,7.33,8.76
CSV,1490008,298000,23,0,23,11753,5413,4.605633e-01,0.000000e+00,3494.1,30540.4,5652.9,7.33,9.42
CSV,1495008,299000,23,0,23,11753,5413,4.605633e-01,0.000000e+00,3309.0,23472.5,5394.0,6.39,8.51
CSV,1500008,300000,23,0,23,11753,5413,4.605633e-01,0.000000e+00,3412.6,27534.9,5317.4,7.14,9.07
CSV,1505008,301000,23,0,23,11753,5413,4.605633e-01,0.000000e+00,3273.4,30084.9,5117.7,7.69,9.63
CSV,1510008,302000,23,0,23,11753,5413,4.605633e-01,0.000000e+00,3353.1,25989.6,5365.1,6.85,8.89
CSV,1515008,303000,23,0,23,11753,5413,4.605633e-01,0.000000e+00,3499.7,30668.6,5362.4,7.57,9.43

=========================================
=== END OF TEST (duration=25 min) ===
=========================================
FINAL: syncs=23 lock=0 slip=23 slip_rate=1.0000
FINAL: bits_cum=11753 err_cum=5413 BER_cum=4.6056e-01
FINAL: bits_lock=0 err_lock=0 BER_cond=0.0000e+00
=========================================
=== STOP LOGGING NOW ===
=========================================
