

=== RX BOOT - BER TEST MODE ===
BPS_MODE=20 (HALF_SAMPLES=2000, 10000 samples/bit @ 200000 Hz)
Expect: 64-bit preamble + Barker13 (1F35h, gated by 8 preamble bits = 0x55) + 511-bit PRBS-9
Noise floor band: 5000 Hz; lock threshold: BER<0.10
Auto-stop: test will halt 25 min after the first sync.
RX: edge-tracking sync, center-3 voting
Starting decoder...

CSV,5010,500,0,0,0,0,0,0.000000e+00,0.000000e+00,978200704.0,1036811776.0,20900.4,46.96,0.25
BER: SYNC #1 (gated)
CSV,10010,1000,1,0,0,84,0,0.000000e+00,0.000000e+00,896716672.0,1055761408.0,21962.5,46.82,0.71
CSV,15010,1500,1,0,0,183,0,0.000000e+00,0.000000e+00,1087751680.0,837025472.0,18192.5,47.77,1.14
CSV,20010,2000,1,0,0,283,0,0.000000e+00,0.000000e+00,996929088.0,951146176.0,19619.4,47.06,0.20
CSV,25010,2500,1,0,0,383,0,0.000000e+00,0.000000e+00,870259776.0,1120102144.0,17113.0,48.16,1.10
CSV,30010,3000,1,0,0,483,0,0.000000e+00,0.000000e+00,930307200.0,996420800.0,18933.3,47.21,0.30
BER: END_SEQ #1 [LOCK] seq_err=0 BER_seq=0.0000e+00 | lock=1 slip=0 BER_cond=0.0000e+00 BER_cum=0.0000e+00
CSV,35010,3500,1,1,0,511,0,0.000000e+00,0.000000e+00,802702080.0,1076985216.0,22078.4,46.88,1.28
BER: SYNC #2 (gated)
CSV,40010,4000,2,1,0,606,0,0.000000e+00,0.000000e+00,967411072.0,1002511488.0,25463.4,45.95,0.15
CSV,45010,4500,2,1,0,706,0,0.000000e+00,0.000000e+00,1139755776.0,792390848.0,22342.6,47.08,1.58
CSV,50010,5000,2,1,0,806,0,0.000000e+00,0.000000e+00,898277248.0,994799744.0,18544.1,47.30,0.44
CSV,55010,5500,2,1,0,906,0,0.000000e+00,0.000000e+00,885824512.0,1026417472.0,18165.9,47.52,0.64
CSV,60010,6000,2,1,0,1006,0,0.000000e+00,0.000000e+00,914517440.0,1047165696.0,23683.4,46.46,0.59
BER: END_SEQ #2 [LOCK] seq_err=0 BER_seq=0.0000e+00 | lock=2 slip=0 BER_cond=0.0000e+00 BER_cum=0.0000e+00
BER: SYNC #3 (gated)
CSV,65010,6500,3,2,0,1029,0,0.000000e+00,0.000000e+00,815896768.0,1049415424.0,22285.9,46.73,1.09
CSV,70010,7000,3,2,0,1129,0,0.000000e+00,0.000000e+00,888377088.0,996006208.0,20565.9,46.85,0.50
CSV,75010,7500,3,2,0,1229,0,0.000000e+00,0.000000e+00,1114402048.0,807273664.0,18500.0,47.80,1.40
CSV,80010,8000,3,2,0,1329,0,0.000000e+00,0.000000e+00,924575296.0,1000825664.0,17323.9,47.62,0.34
CSV,85010,8500,3,2,0,1429,0,0.000000e+00,0.000000e+00,837128320.0,1032877504.0,18812.8,47.40,0.91
CSV,90010,9000,3,2,0,1529,0,0.000000e+00,0.000000e+00,886120384.0,1001707968.0,19133.2,47.19,0.53
BER: END_SEQ #3 [LOCK] seq_err=0 BER_seq=0.0000e+00 | lock=3 slip=0 BER_cond=0.0000e+00 BER_cum=0.0000e+00
BER: SYNC #4 (gated)
CSV,95010,9500,4,3,0,1552,0,0.000000e+00,0.000000e+00,846027648.0,1077654912.0,20080.6,47.30,1.05
CSV,100010,10000,4,3,0,1652,0,0.000000e+00,0.000000e+00,959074496.0,921285888.0,21463.9,46.50,0.17
CSV,105010,10500,4,3,0,1751,0,0.000000e+00,0.000000e+00,1025832192.0,825866816.0,20293.9,47.04,0.94
CSV,110010,11000,4,3,0,1851,0,0.000000e+00,0.000000e+00,906185728.0,981391168.0,16912.4,47.64,0.35
CSV,115010,11500,4,3,0,1951,0,0.000000e+00,0.000000e+00,898700352.0,1018266176.0,17267.6,47.71,0.54
BER: END_SEQ #4 [LOCK] seq_err=0 BER_seq=0.0000e+00 | lock=4 slip=0 BER_cond=0.0000e+00 BER_cum=0.0000e+00
CSV,120010,12000,4,4,0,2044,0,0.000000e+00,0.000000e+00,815052864.0,1042024640.0,17633.1,47.72,1.07
BER: SYNC #5 (gated)
CSV,125010,12500,5,4,0,2074,0,0.000000e+00,0.000000e+00,821285568.0,985374784.0,20692.5,46.78,0.79
CSV,130010,13000,5,4,0,2174,0,0.000000e+00,0.000000e+00,1045875264.0,853523712.0,21599.9,46.85,0.88
CSV,135010,13500,5,4,0,2274,0,0.000000e+00,0.000000e+00,924229440.0,945636352.0,17503.0,47.33,0.10
CSV,140010,14000,5,4,0,2374,0,0.000000e+00,0.000000e+00,881587136.0,957846144.0,18183.1,47.22,0.36
CSV,145010,14500,5,4,0,2474,0,0.000000e+00,0.000000e+00,896036544.0,957798784.0,17659.0,47.34,0.29
BER: END_SEQ #5 [LOCK] seq_err=0 BER_seq=0.0000e+00 | lock=5 slip=0 BER_cond=0.0000e+00 BER_cum=0.0000e+00
CSV,150010,15000,5,5,0,2555,0,0.000000e+00,0.000000e+00,845013120.0,1052111040.0,19014.9,47.43,0.95
BER: SYNC #6 (gated)
CSV,155010,15500,6,5,0,2597,0,0.000000e+00,0.000000e+00,878568896.0,941039104.0,18420.8,47.08,0.30
CSV,160010,16000,6,5,0,2697,0,0.000000e+00,0.000000e+00,1010480960.0,819408192.0,20616.3,46.90,0.91
CSV,165010,16500,6,5,0,2797,0,0.000000e+00,0.000000e+00,875534528.0,995513408.0,18576.3,47.29,0.56
CSV,170010,17000,6,5,0,2897,0,0.000000e+00,0.000000e+00,917610688.0,952432640.0,21255.5,46.51,0.16
CSV,175010,17500,6,5,0,2997,0,0.000000e+00,0.000000e+00,816567360.0,998236288.0,18958.1,47.21,0.87
BER: END_SEQ #6 [LOCK] seq_err=0 BER_seq=0.0000e+00 | lock=6 slip=0 BER_cond=0.0000e+00 BER_cum=0.0000e+00
CSV,180010,18000,6,6,0,3066,0,0.000000e+00,0.000000e+00,853854592.0,971858752.0,21382.6,46.58,0.56
BER: SYNC #7 (gated)
CSV,185010,18500,7,6,0,3120,0,0.000000e+00,0.000000e+00,898825792.0,971868928.0,19988.7,46.87,0.34
CSV,190010,19000,7,6,0,3220,0,0.000000e+00,0.000000e+00,1029541248.0,802288576.0,19795.7,47.16,1.08
CSV,195010,19500,7,6,0,3319,0,0.000000e+00,0.000000e+00,843310464.0,958738112.0,16717.9,47.59,0.56
CSV,200010,20000,7,6,0,3419,0,0.000000e+00,0.000000e+00,847635648.0,999893056.0,16639.9,47.79,0.72
CSV,205010,20500,7,6,0,3519,0,0.000000e+00,0.000000e+00,910199040.0,945287296.0,21220.9,46.49,0.16
BER: END_SEQ #7 [LOCK] seq_err=0 BER_seq=0.0000e+00 | lock=7 slip=0 BER_cond=0.0000e+00 BER_cum=0.0000e+00
CSV,210010,21000,7,7,0,3577,0,0.000000e+00,0.000000e+00,796803840.0,985170944.0,20687.9,46.78,0.92
BER: SYNC #8 (gated)
CSV,215010,21500,8,7,0,3642,0,0.000000e+00,0.000000e+00,804826432.0,992839424.0,19720.6,47.02,0.91
CSV,220010,22000,8,7,0,3742,0,0.000000e+00,0.000000e+00,1100457728.0,747518848.0,19649.7,47.48,1.68
CSV,225010,22500,8,7,0,3842,0,0.000000e+00,0.000000e+00,883155264.0,938072832.0,19497.0,46.82,0.26
CSV,230010,23000,8,7,0,3942,0,0.000000e+00,0.000000e+00,800792896.0,985671872.0,17196.0,47.58,0.90
CSV,235010,23500,8,7,0,4042,0,0.000000e+00,0.000000e+00,884735744.0,920197952.0,19845.1,46.66,0.17
BER: END_SEQ #8 [LOCK] seq_err=0 BER_seq=0.0000e+00 | lock=8 slip=0 BER_cond=0.0000e+00 BER_cum=0.0000e+00
CSV,240010,24000,8,8,0,4088,0,0.000000e+00,0.000000e+00,802703680.0,1028104512.0,19886.7,47.13,1.07
BER: SYNC #9 (gated)
CSV,245010,24500,9,8,0,4165,0,0.000000e+00,0.000000e+00,815490752.0,976700544.0,18837.3,47.15,0.78
CSV,250010,25000,9,8,0,4265,0,0.000000e+00,0.000000e+00,1022396160.0,751233536.0,18045.1,47.53,1.34
CSV,255010,25500,9,8,0,4365,0,0.000000e+00,0.000000e+00,928869824.0,893782848.0,19073.0,46.88,0.17
CSV,260010,26000,9,8,0,4465,0,0.000000e+00,0.000000e+00,757656448.0,1055275264.0,18363.9,47.59,1.44
CSV,265010,26500,9,8,0,4565,0,0.000000e+00,0.000000e+00,882776960.0,883844864.0,19049.8,46.66,0.01
BER: END_SEQ #9 [LOCK] seq_err=0 BER_seq=0.0000e+00 | lock=9 slip=0 BER_cond=0.0000e+00 BER_cum=0.0000e+00
CSV,270010,27000,9,9,0,4599,0,0.000000e+00,0.000000e+00,766518080.0,991982720.0,20983.4,46.75,1.12
BER: SYNC #10 (gated)
CSV,275010,27500,10,9,0,4688,0,0.000000e+00,0.000000e+00,860442176.0,972442432.0,18910.3,47.11,0.53
CSV,280010,28000,10,9,0,4788,0,0.000000e+00,0.000000e+00,1032081344.0,739415936.0,20147.0,47.10,1.45
CSV,285010,28500,10,9,0,4887,0,0.000000e+00,0.000000e+00,840731776.0,917922112.0,16678.2,47.41,0.38
CSV,290010,29000,10,9,0,4987,0,0.000000e+00,0.000000e+00,840761984.0,958119360.0,19739.2,46.86,0.57
CSV,295010,29500,10,9,0,5087,0,0.000000e+00,0.000000e+00,864603904.0,942092160.0,17581.8,47.29,0.37
BER: END_SEQ #10 [LOCK] seq_err=0 BER_seq=0.0000e+00 | lock=10 slip=0 BER_cond=0.0000e+00 BER_cum=0.0000e+00
BER: SYNC #11 (gated)
CSV,300010,30000,11,10,0,5110,0,0.000000e+00,0.000000e+00,709222144.0,1007317568.0,20432.3,46.93,1.52
CSV,305010,30500,11,10,0,5210,0,0.000000e+00,0.000000e+00,850653760.0,913679552.0,20130.8,46.57,0.31
CSV,310010,31000,11,10,0,5310,0,0.000000e+00,0.000000e+00,1058559680.0,742268800.0,18586.9,47.56,1.54
CSV,315010,31500,11,10,0,5410,0,0.000000e+00,0.000000e+00,855215232.0,914728448.0,15962.4,47.58,0.29
CSV,320010,32000,11,10,0,5510,0,0.000000e+00,0.000000e+00,767666112.0,968414336.0,18447.0,47.20,1.01
CSV,325010,32500,11,10,0,5610,0,0.000000e+00,0.000000e+00,847378496.0,926830336.0,18462.8,47.01,0.39
BER: END_SEQ #11 [LOCK] seq_err=0 BER_seq=0.0000e+00 | lock=11 slip=0 BER_cond=0.0000e+00 BER_cum=0.0000e+00
BER: SYNC #12 (gated)
CSV,330010,33000,12,11,0,5633,0,0.000000e+00,0.000000e+00,761281984.0,1032447168.0,18513.3,47.46,1.32
CSV,335010,33500,12,11,0,5733,0,0.000000e+00,0.000000e+00,850454912.0,887542912.0,20893.7,46.28,0.19
CSV,340010,34000,12,11,0,5833,0,0.000000e+00,0.000000e+00,973885696.0,759357504.0,20565.7,46.75,1.08
CSV,345010,34500,12,11,0,5933,0,0.000000e+00,0.000000e+00,890175808.0,889880064.0,18617.5,46.80,0.00
CSV,350010,35000,12,11,0,6033,0,0.000000e+00,0.000000e+00,772323008.0,988616832.0,19649.7,47.02,1.07
BER: END_SEQ #12 [LOCK] seq_err=0 BER_seq=0.0000e+00 | lock=12 slip=0 BER_cond=0.0000e+00 BER_cum=0.0000e+00
CSV,355010,35500,12,12,0,6132,0,0.000000e+00,0.000000e+00,792929728.0,940654016.0,18968.8,46.95,0.74
BER: SYNC #13 (gated)
CSV,360010,36000,13,12,0,6156,0,0.000000e+00,0.000000e+00,760969472.0,942843840.0,20364.1,46.66,0.93
CSV,365010,36500,13,12,0,6256,0,0.000000e+00,0.000000e+00,941885184.0,836127040.0,19724.3,46.79,0.52
CSV,370010,37000,13,12,0,6356,0,0.000000e+00,0.000000e+00,933135488.0,786123520.0,22504.5,46.18,0.74
CSV,375010,37500,13,12,0,6455,0,0.000000e+00,0.000000e+00,822416960.0,894386880.0,21970.1,46.10,0.36
CSV,380010,38000,13,12,0,6555,0,0.000000e+00,0.000000e+00,805910272.0,951501120.0,19648.7,46.85,0.72
BER: END_SEQ #13 [LOCK] seq_err=0 BER_seq=0.0000e+00 | lock=13 slip=0 BER_cond=0.0000e+00 BER_cum=0.0000e+00
CSV,385010,38500,13,13,0,6643,0,0.000000e+00,0.000000e+00,784625856.0,972687616.0,18032.3,47.32,0.93
BER: SYNC #14 (gated)
CSV,390010,39000,14,13,0,6678,0,0.000000e+00,0.000000e+00,789815424.0,890240000.0,19826.8,46.52,0.52
CSV,395010,39500,14,13,0,6778,0,0.000000e+00,0.000000e+00,937768960.0,773726016.0,19598.3,46.80,0.84
CSV,400010,40000,14,13,0,6878,0,0.000000e+00,0.000000e+00,845531648.0,920882880.0,19038.0,46.85,0.37
CSV,405010,40500,14,13,0,6978,0,0.000000e+00,0.000000e+00,824652736.0,899395328.0,19218.1,46.70,0.38
CSV,410010,41000,14,13,0,7078,0,0.000000e+00,0.000000e+00,802236544.0,891956992.0,18140.2,46.92,0.46
BER: END_SEQ #14 [LOCK] seq_err=0 BER_seq=0.0000e+00 | lock=14 slip=0 BER_cond=0.0000e+00 BER_cum=0.0000e+00
CSV,415010,41500,14,14,0,7154,0,0.000000e+00,0.000000e+00,781388864.0,945458048.0,18944.3,46.98,0.83
BER: SYNC #15 (gated)
CSV,420010,42000,15,14,0,7201,0,0.000000e+00,0.000000e+00,830242048.0,918658624.0,19257.2,46.79,0.44
CSV,425010,42500,15,14,0,7301,0,0.000000e+00,0.000000e+00,970862144.0,724587776.0,18004.8,47.32,1.27
CSV,430010,43000,15,14,0,7401,0,0.000000e+00,0.000000e+00,758877568.0,929666304.0,17733.8,47.20,0.88
CSV,435010,43500,15,14,0,7501,0,0.000000e+00,0.000000e+00,849952640.0,895379008.0,20077.2,46.49,0.23
CSV,440010,44000,15,14,0,7601,0,0.000000e+00,0.000000e+00,786348352.0,928193024.0,17722.2,47.19,0.72
BER: END_SEQ #15 [LOCK] seq_err=0 BER_seq=0.0000e+00 | lock=15 slip=0 BER_cond=0.0000e+00 BER_cum=0.0000e+00
CSV,445010,44500,15,15,0,7665,0,0.000000e+00,0.000000e+00,760324288.0,903508928.0,18619.4,46.86,0.75
BER: SYNC #16 (gated)
CSV,450010,45000,16,15,0,7724,0,0.000000e+00,0.000000e+00,789249600.0,900519040.0,17341.4,47.15,0.57
CSV,455010,45500,16,15,0,7824,0,0.000000e+00,0.000000e+00,988054976.0,745260096.0,20996.8,46.73,1.22
CSV,460010,46000,16,15,0,7924,0,0.000000e+00,0.000000e+00,823195072.0,860633856.0,19713.9,46.40,0.19
CSV,465010,46500,16,15,0,8023,0,0.000000e+00,0.000000e+00,747177792.0,930178304.0,16109.7,47.61,0.95
CSV,470010,47000,16,15,0,8123,0,0.000000e+00,0.000000e+00,840001088.0,873938368.0,20183.4,46.36,0.17
BER: END_SEQ #16 [LOCK] seq_err=0 BER_seq=0.0000e+00 | lock=16 slip=0 BER_cond=0.0000e+00 BER_cum=0.0000e+00
CSV,475010,47500,16,16,0,8176,0,0.000000e+00,0.000000e+00,738901184.0,950887488.0,19117.5,46.97,1.10
BER: SYNC #17 (gated)
CSV,480010,48000,17,16,0,8246,0,0.000000e+00,0.000000e+00,744223104.0,920885760.0,18393.7,47.00,0.93
CSV,485010,48500,17,16,0,8346,0,0.000000e+00,0.000000e+00,973891648.0,696194624.0,19534.1,46.98,1.46
CSV,490010,49000,17,16,0,8446,0,0.000000e+00,0.000000e+00,868256320.0,849970688.0,19776.7,46.42,0.09
CSV,495010,49500,17,16,0,8546,0,0.000000e+00,0.000000e+00,723683456.0,959935872.0,18990.4,47.04,1.23
CSV,500010,50000,17,16,0,8646,0,0.000000e+00,0.000000e+00,840719104.0,809348992.0,19678.8,46.31,0.17
BER: END_SEQ #17 [LOCK] seq_err=0 BER_seq=0.0000e+00 | lock=17 slip=0 BER_cond=0.0000e+00 BER_cum=0.0000e+00
CSV,505010,50500,17,17,0,8687,0,0.000000e+00,0.000000e+00,717511296.0,964020928.0,21547.5,46.51,1.28
BER: SYNC #18 (gated)
CSV,510010,51000,18,17,0,8769,0,0.000000e+00,0.000000e+00,781502912.0,923870848.0,19372.1,46.78,0.73
CSV,515010,51500,18,17,0,8869,0,0.000000e+00,0.000000e+00,933441152.0,716077056.0,19193.8,46.87,1.15
CSV,520010,52000,18,17,0,8969,0,0.000000e+00,0.000000e+00,851342592.0,794716736.0,18058.8,46.73,0.30
CSV,525010,52500,18,17,0,9069,0,0.000000e+00,0.000000e+00,716149824.0,992941952.0,20525.8,46.85,1.42
CSV,530010,53000,18,17,0,9169,0,0.000000e+00,0.000000e+00,828466176.0,838592896.0,17765.3,46.74,0.05
BER: END_SEQ #18 [LOCK] seq_err=0 BER_seq=0.0000e+00 | lock=18 slip=0 BER_cond=0.0000e+00 BER_cum=0.0000e+00
CSV,535010,53500,18,18,0,9198,0,0.000000e+00,0.000000e+00,680233920.0,922959616.0,19006.4,46.86,1.33
BER: SYNC #19 (gated)
CSV,540010,54000,19,18,0,9292,0,0.000000e+00,0.000000e+00,796846080.0,869008256.0,18341.4,46.76,0.38
CSV,545010,54500,19,18,0,9392,0,0.000000e+00,0.000000e+00,993498432.0,690571456.0,18537.5,47.29,1.58
CSV,550010,55000,19,18,0,9492,0,0.000000e+00,0.000000e+00,767721024.0,873740864.0,20045.3,46.39,0.56
CSV,555010,55500,19,18,0,9591,0,0.000000e+00,0.000000e+00,758685312.0,870871808.0,17465.3,46.98,0.60
CSV,560010,56000,19,18,0,9691,0,0.000000e+00,0.000000e+00,785924224.0,893856960.0,20890.7,46.31,0.56
BER: END_SEQ #19 [LOCK] seq_err=0 BER_seq=0.0000e+00 | lock=19 slip=0 BER_cond=0.0000e+00 BER_cum=0.0000e+00
BER: SYNC #20 (gated)
CSV,565010,56500,20,19,0,9714,0,0.000000e+00,0.000000e+00,719848384.0,922283584.0,21764.3,46.27,1.08
CSV,570010,57000,20,19,0,9814,0,0.000000e+00,0.000000e+00,737473664.0,887251840.0,19129.5,46.66,0.80
CSV,575010,57500,20,19,0,9914,0,0.000000e+00,0.000000e+00,972723008.0,657392000.0,18561.3,47.19,1.70
CSV,580010,58000,20,19,0,10014,0,0.000000e+00,0.000000e+00,795997504.0,882376320.0,16922.5,47.17,0.45
CSV,585010,58500,20,19,0,10114,0,0.000000e+00,0.000000e+00,734072128.0,892630272.0,19424.8,46.62,0.85
CSV,590010,59000,20,19,0,10214,0,0.000000e+00,0.000000e+00,758699648.0,864748288.0,17049.7,47.05,0.57
BER: END_SEQ #20 [LOCK] seq_err=0 BER_seq=0.0000e+00 | lock=20 slip=0 BER_cond=0.0000e+00 BER_cum=0.0000e+00
BER: SYNC #21 (gated)
CSV,595010,59500,21,20,0,10237,0,0.000000e+00,0.000000e+00,699756032.0,926121216.0,20438.8,46.56,1.22
CSV,600010,60000,21,20,0,10337,0,0.000000e+00,0.000000e+00,823288576.0,829411584.0,18104.2,46.61,0.03
CSV,605010,60500,21,20,0,10437,0,0.000000e+00,0.000000e+00,900367488.0,703550976.0,18373.8,46.90,1.07
CSV,610010,61000,21,20,0,10537,0,0.000000e+00,0.000000e+00,781738176.0,829253312.0,17056.1,46.87,0.26
CSV,615010,61500,21,20,0,10637,0,0.000000e+00,0.000000e+00,778608192.0,885698176.0,17716.1,46.99,0.56
BER: END_SEQ #21 [LOCK] seq_err=0 BER_seq=0.0000e+00 | lock=21 slip=0 BER_cond=0.0000e+00 BER_cum=0.0000e+00
CSV,620010,62000,21,21,0,10731,0,0.000000e+00,0.000000e+00,696875392.0,932287488.0,19428.5,46.81,1.26
BER: SYNC #22 (gated)
CSV,625010,62500,22,21,0,10760,0,0.000000e+00,0.000000e+00,708324096.0,851332864.0,21042.1,46.07,0.80
CSV,630010,63000,22,21,0,10860,0,0.000000e+00,0.000000e+00,890677760.0,726205568.0,20126.8,46.46,0.89
CSV,635010,63500,22,21,0,10960,0,0.000000e+00,0.000000e+00,819914752.0,823855360.0,18366.0,46.52,0.02
CSV,640010,64000,22,21,0,11059,0,0.000000e+00,0.000000e+00,762640384.0,835873536.0,16523.4,47.04,0.40
CSV,645010,64500,22,21,0,11159,0,0.000000e+00,0.000000e+00,757547264.0,826561024.0,19839.1,46.20,0.38
BER: END_SEQ #22 [LOCK] seq_err=0 BER_seq=0.0000e+00 | lock=22 slip=0 BER_cond=0.0000e+00 BER_cum=0.0000e+00
CSV,650010,65000,22,22,0,11242,0,0.000000e+00,0.000000e+00,718954880.0,917771648.0,19138.9,46.81,1.06
BER: SYNC #23 (gated)
CSV,655010,65500,23,22,0,11282,0,0.000000e+00,0.000000e+00,766256192.0,836629056.0,21027.5,46.00,0.38
CSV,660010,66000,23,22,0,11382,0,0.000000e+00,0.000000e+00,863276032.0,712867136.0,19908.9,46.37,0.83
CSV,665010,66500,23,22,0,11482,0,0.000000e+00,0.000000e+00,748446720.0,844379392.0,18592.6,46.57,0.52
CSV,670010,67000,23,22,0,11582,0,0.000000e+00,0.000000e+00,797443968.0,836956608.0,18114.2,46.65,0.21
CSV,675010,67500,23,22,0,11682,0,0.000000e+00,0.000000e+00,720838464.0,861054144.0,19222.8,46.51,0.77
BER: END_SEQ #23 [LOCK] seq_err=0 BER_seq=0.0000e+00 | lock=23 slip=0 BER_cond=0.0000e+00 BER_cum=0.0000e+00
CSV,680010,68000,23,23,0,11753,0,0.000000e+00,0.000000e+00,711740224.0,845866240.0,23008.7,45.65,0.75
BER: SYNC #24 (gated)
CSV,685010,68500,24,23,0,11805,0,0.000000e+00,0.000000e+00,749952256.0,842785664.0,20492.7,46.14,0.51
CSV,690010,69000,24,23,0,11905,0,0.000000e+00,0.000000e+00,907001856.0,695433536.0,17743.2,47.09,1.15
CSV,695010,69500,24,23,0,12005,0,0.000000e+00,0.000000e+00,714357120.0,838725184.0,17726.4,46.75,0.70
CSV,700010,70000,24,23,0,12105,0,0.000000e+00,0.000000e+00,731283776.0,840561344.0,18156.8,46.66,0.60
CSV,705010,70500,24,23,0,12205,0,0.000000e+00,0.000000e+00,785708928.0,822113920.0,18818.2,46.40,0.20
BER: END_SEQ #24 [LOCK] seq_err=0 BER_seq=0.0000e+00 | lock=24 slip=0 BER_cond=0.0000e+00 BER_cum=0.0000e+00
CSV,710010,71000,24,24,0,12264,0,0.000000e+00,0.000000e+00,693449344.0,863563840.0,18837.7,46.61,0.95
BER: SYNC #25 (gated)
CSV,715010,71500,25,24,0,12328,0,0.000000e+00,0.000000e+00,689409024.0,854530176.0,19981.3,46.31,0.93
CSV,720010,72000,25,24,0,12428,0,0.000000e+00,0.000000e+00,943524672.0,624483904.0,17227.8,47.39,1.79
CSV,725010,72500,25,24,0,12528,0,0.000000e+00,0.000000e+00,764378752.0,835066752.0,16999.7,46.91,0.38
CSV,730010,73000,25,24,0,12627,0,0.000000e+00,0.000000e+00,691913920.0,857008832.0,17728.1,46.84,0.93
CSV,735010,73500,25,24,0,12727,0,0.000000e+00,0.000000e+00,736570560.0,804711744.0,19225.3,46.22,0.38
BER: END_SEQ #25 [LOCK] seq_err=0 BER_seq=0.0000e+00 | lock=25 slip=0 BER_cond=0.0000e+00 BER_cum=0.0000e+00
CSV,740010,74000,25,25,0,12775,0,0.000000e+00,0.000000e+00,708364224.0,881611456.0,20511.7,46.33,0.95
BER: SYNC #26 (gated)
CSV,745010,74500,26,25,0,12850,0,0.000000e+00,0.000000e+00,704332352.0,863676736.0,17873.3,46.84,0.89
CSV,750010,75000,26,25,0,12950,0,0.000000e+00,0.000000e+00,887635968.0,636405504.0,17118.1,47.15,1.45
CSV,755010,75500,26,25,0,13050,0,0.000000e+00,0.000000e+00,779792832.0,766201280.0,17745.4,46.43,0.08
CSV,760010,76000,26,25,0,13150,0,0.000000e+00,0.000000e+00,661337664.0,926147456.0,18838.8,46.92,1.46
CSV,765010,76500,26,25,0,13250,0,0.000000e+00,0.000000e+00,769383744.0,762865088.0,20093.3,45.83,0.04
BER: END_SEQ #26 [LOCK] seq_err=0 BER_seq=0.0000e+00 | lock=26 slip=0 BER_cond=0.0000e+00 BER_cum=0.0000e+00
CSV,770010,77000,26,26,0,13286,0,0.000000e+00,0.000000e+00,647278208.0,846560960.0,19987.6,46.27,1.17
BER: SYNC #27 (gated)
CSV,775010,77500,27,26,0,13373,0,0.000000e+00,0.000000e+00,732867712.0,835173248.0,17417.4,46.81,0.57
CSV,780010,78000,27,26,0,13473,0,0.000000e+00,0.000000e+00,881906688.0,665624960.0,18834.4,46.70,1.22
CSV,785010,78500,27,26,0,13573,0,0.000000e+00,0.000000e+00,721587328.0,793396288.0,17885.1,46.47,0.41
CSV,790010,79000,27,26,0,13673,0,0.000000e+00,0.000000e+00,709378048.0,812564224.0,19267.4,46.25,0.59
CSV,795010,79500,27,26,0,13773,0,0.000000e+00,0.000000e+00,732785472.0,831563968.0,19687.2,46.26,0.55
BER: END_SEQ #27 [LOCK] seq_err=0 BER_seq=0.0000e+00 | lock=27 slip=0 BER_cond=0.0000e+00 BER_cum=0.0000e+00
CSV,800010,80000,27,27,0,13797,0,0.000000e+00,0.000000e+00,630698880.0,863364672.0,22046.9,45.93,1.36
BER: SYNC #28 (gated)
CSV,805010,80500,28,27,0,13896,0,0.000000e+00,0.000000e+00,719551680.0,786853184.0,17538.4,46.52,0.39
CSV,810010,81000,28,27,0,13996,0,0.000000e+00,0.000000e+00,900097984.0,627282048.0,17310.0,47.16,1.57
CSV,815010,81500,28,27,0,14096,0,0.000000e+00,0.000000e+00,737142528.0,808041216.0,18012.6,46.52,0.40
CSV,820010,82000,28,27,0,14195,0,0.000000e+00,0.000000e+00,667267584.0,825108096.0,19993.3,46.16,0.92
CSV,825010,82500,28,27,0,14295,0,0.000000e+00,0.000000e+00,698878272.0,803999296.0,18552.4,46.37,0.61
BER: END_SEQ #28 [LOCK] seq_err=0 BER_seq=0.0000e+00 | lock=28 slip=0 BER_cond=0.0000e+00 BER_cum=0.0000e+00
BER: SYNC #29 (gated)
CSV,830010,83000,29,28,0,14318,0,0.000000e+00,0.000000e+00,673648064.0,862057088.0,19002.0,46.57,1.07
CSV,835010,83500,29,28,0,14418,0,0.000000e+00,0.000000e+00,731354496.0,778261952.0,17329.0,46.52,0.27
CSV,840010,84000,29,28,0,14518,0,0.000000e+00,0.000000e+00,829580288.0,647682944.0,18081.9,46.62,1.07
CSV,845010,84500,29,28,0,14618,0,0.000000e+00,0.000000e+00,737235200.0,764069888.0,21066.6,45.60,0.16
CSV,850010,85000,29,28,0,14718,0,0.000000e+00,0.000000e+00,669300864.0,866834752.0,20497.9,46.26,1.12
CSV,855010,85500,29,28,0,14818,0,0.000000e+00,0.000000e+00,682781568.0,812872896.0,15879.6,47.09,0.76
BER: END_SEQ #29 [LOCK] seq_err=0 BER_seq=0.0000e+00 | lock=29 slip=0 BER_cond=0.0000e+00 BER_cum=0.0000e+00
BER: SYNC #30 (gated)
CSV,860010,86000,30,29,0,14841,0,0.000000e+00,0.000000e+00,638757504.0,800762048.0,19211.5,46.20,0.98
CSV,865010,86500,30,29,0,14941,0,0.000000e+00,0.000000e+00,789720960.0,723095488.0,17004.1,46.67,0.38
CSV,870010,87000,30,29,0,15041,0,0.000000e+00,0.000000e+00,818560064.0,674130048.0,19487.4,46.23,0.84
CSV,875010,87500,30,29,0,15141,0,0.000000e+00,0.000000e+00,698809856.0,768439424.0,21208.2,45.59,0.41
CSV,880010,88000,30,29,0,15241,0,0.000000e+00,0.000000e+00,685046656.0,788422656.0,20946.2,45.76,0.61
BER: END_SEQ #30 [LOCK] seq_err=0 BER_seq=0.0000e+00 | lock=30 slip=0 BER_cond=0.0000e+00 BER_cum=0.0000e+00
CSV,885010,88500,30,30,0,15330,0,0.000000e+00,0.000000e+00,662139264.0,852830464.0,16891.6,47.03,1.10
BER: SYNC #31 (gated)
CSV,890010,89000,31,30,0,15364,0,0.000000e+00,0.000000e+00,679179392.0,773480512.0,21225.0,45.62,0.56
CSV,895010,89500,31,30,0,15464,0,0.000000e+00,0.000000e+00,795733056.0,653959424.0,17003.7,46.70,0.85
CSV,900010,90000,31,30,0,15564,0,0.000000e+00,0.000000e+00,708387520.0,776352832.0,21689.8,45.54,0.40
CSV,905010,90500,31,30,0,15664,0,0.000000e+00,0.000000e+00,698158464.0,796704000.0,19228.0,46.17,0.57
CSV,910010,91000,31,30,0,15763,0,0.000000e+00,0.000000e+00,702978048.0,743747840.0,19634.6,45.78,0.24
BER: END_SEQ #31 [LOCK] seq_err=0 BER_seq=0.0000e+00 | lock=31 slip=0 BER_cond=0.0000e+00 BER_cum=0.0000e+00
CSV,915010,91500,31,31,0,15841,0,0.000000e+00,0.000000e+00,642947712.0,805997504.0,19459.1,46.17,0.98
BER: SYNC #32 (gated)
CSV,920010,92000,32,31,0,15886,0,0.000000e+00,0.000000e+00,694487808.0,787073216.0,18341.2,46.33,0.54
CSV,925010,92500,32,31,0,15986,0,0.000000e+00,0.000000e+00,825520448.0,629814528.0,16595.4,46.97,1.18
CSV,930010,93000,32,31,0,16086,0,0.000000e+00,0.000000e+00,654207040.0,774566080.0,17243.3,46.52,0.73
CSV,935010,93500,32,31,0,16186,0,0.000000e+00,0.000000e+00,696791744.0,763616128.0,16832.8,46.57,0.40
CSV,940010,94000,32,31,0,16286,0,0.000000e+00,0.000000e+00,676335360.0,800163200.0,17707.0,46.55,0.73
BER: END_SEQ #32 [LOCK] seq_err=0 BER_seq=0.0000e+00 | lock=32 slip=0 BER_cond=0.0000e+00 BER_cum=0.0000e+00
CSV,945010,94500,32,32,0,16352,0,0.000000e+00,0.000000e+00,653444096.0,766066240.0,19453.8,45.95,0.69
BER: SYNC #33 (gated)
CSV,950010,95000,33,32,0,16409,0,0.000000e+00,0.000000e+00,651083776.0,763766464.0,18175.6,46.23,0.69
CSV,955010,95500,33,32,0,16509,0,0.000000e+00,0.000000e+00,836583488.0,622018112.0,19237.3,46.38,1.29
CSV,960010,96000,33,32,0,16609,0,0.000000e+00,0.000000e+00,703792256.0,741547392.0,20873.1,45.51,0.23
CSV,965010,96500,33,32,0,16709,0,0.000000e+00,0.000000e+00,614554624.0,803610176.0,19402.4,46.17,1.16
CSV,970010,97000,33,32,0,16809,0,0.000000e+00,0.000000e+00,718482176.0,705870848.0,18928.1,45.79,0.08
BER: END_SEQ #33 [LOCK] seq_err=0 BER_seq=0.0000e+00 | lock=33 slip=0 BER_cond=0.0000e+00 BER_cum=0.0000e+00
CSV,975010,97500,33,33,0,16863,0,0.000000e+00,0.000000e+00,623103232.0,833427840.0,18229.5,46.60,1.26
BER: SYNC #34 (gated)
CSV,980010,98000,34,33,0,16932,0,0.000000e+00,0.000000e+00,631923968.0,789522816.0,18413.8,46.32,0.97
CSV,985010,98500,34,33,0,17032,0,0.000000e+00,0.000000e+00,827137344.0,572229632.0,18906.1,46.41,1.60
CSV,990010,99000,34,33,0,17132,0,0.000000e+00,0.000000e+00,713451968.0,721908288.0,21692.2,45.22,0.05
CSV,995010,99500,34,33,0,17232,0,0.000000e+00,0.000000e+00,628401728.0,810455296.0,17743.9,46.60,1.10
CSV,1000010,100000,34,33,0,17331,0,0.000000e+00,0.000000e+00,694809728.0,701410176.0,18196.1,45.86,0.04
BER: END_SEQ #34 [LOCK] seq_err=0 BER_seq=0.0000e+00 | lock=34 slip=0 BER_cond=0.0000e+00 BER_cum=0.0000e+00
CSV,1005010,100500,34,34,0,17374,0,0.000000e+00,0.000000e+00,586720832.0,797706176.0,19588.0,46.10,1.33
BER: SYNC #35 (gated)
CSV,1010010,101000,35,34,0,17454,0,0.000000e+00,0.000000e+00,656458112.0,786965120.0,19039.5,46.16,0.79
CSV,1015010,101500,35,34,0,17554,0,0.000000e+00,0.000000e+00,788415168.0,613096320.0,21049.9,45.74,1.09
CSV,1020010,102000,35,34,0,17654,0,0.000000e+00,0.000000e+00,724191680.0,654559808.0,20973.5,45.38,0.44
CSV,1025010,102500,35,34,0,17754,0,0.000000e+00,0.000000e+00,578247616.0,836886272.0,23185.3,45.57,1.61
CSV,1030010,103000,35,34,0,17854,0,0.000000e+00,0.000000e+00,702054464.0,723385664.0,18671.9,45.88,0.13
BER: END_SEQ #35 [LOCK] seq_err=0 BER_seq=0.0000e+00 | lock=35 slip=0 BER_cond=0.0000e+00 BER_cum=0.0000e+00
CSV,1035010,103500,35,35,0,17885,0,0.000000e+00,0.000000e+00,570880128.0,783365440.0,17623.1,46.48,1.37
BER: SYNC #36 (gated)
CSV,1040010,104000,36,35,0,17977,0,0.000000e+00,0.000000e+00,679750592.0,700636544.0,19079.4,45.65,0.13
CSV,1045010,104500,36,35,0,18077,0,0.000000e+00,0.000000e+00,807612992.0,602094144.0,22111.5,45.63,1.28
CSV,1050010,105000,36,35,0,18177,0,0.000000e+00,0.000000e+00,662916352.0,729099264.0,17768.3,46.13,0.41
CSV,1055010,105500,36,35,0,18277,0,0.000000e+00,0.000000e+00,628016640.0,732144192.0,19409.7,45.77,0.67
CSV,1060010,106000,36,35,0,18377,0,0.000000e+00,0.000000e+00,644399424.0,736058944.0,16595.2,46.47,0.58
BER: END_SEQ #36 [LOCK] seq_err=0 BER_seq=0.0000e+00 | lock=36 slip=0 BER_cond=0.0000e+00 BER_cum=0.0000e+00
BER: SYNC #37 (gated)
CSV,1065010,106500,37,36,0,18400,0,0.000000e+00,0.000000e+00,615714880.0,788537984.0,19462.5,46.08,1.07
CSV,1070010,107000,37,36,0,18500,0,0.000000e+00,0.000000e+00,619572288.0,746689152.0,16772.6,46.49,0.81
CSV,1075010,107500,37,36,0,18600,0,0.000000e+00,0.000000e+00,811506304.0,535845536.0,18276.6,46.47,1.80
CSV,1080010,108000,37,36,0,18700,0,0.000000e+00,0.000000e+00,649246848.0,741281856.0,17529.5,46.26,0.58
CSV,1085010,108500,37,36,0,18800,0,0.000000e+00,0.000000e+00,628262144.0,747858752.0,18452.5,46.08,0.76
CSV,1090010,109000,37,36,0,18899,0,0.000000e+00,0.000000e+00,629906624.0,721620928.0,17470.6,46.16,0.59
BER: END_SEQ #37 [LOCK] seq_err=0 BER_seq=0.0000e+00 | lock=37 slip=0 BER_cond=0.0000e+00 BER_cum=0.0000e+00
BER: SYNC #38 (gated)
CSV,1095010,109500,38,37,0,18922,0,0.000000e+00,0.000000e+00,545558592.0,782539328.0,18596.7,46.24,1.57
CSV,1100010,110000,38,37,0,19022,0,0.000000e+00,0.000000e+00,702290688.0,682521408.0,19599.5,45.54,0.12
CSV,1105010,110500,38,37,0,19122,0,0.000000e+00,0.000000e+00,741745024.0,600241152.0,17094.3,46.37,0.92
CSV,1110010,111000,38,37,0,19222,0,0.000000e+00,0.000000e+00,655975808.0,672060672.0,17046.0,45.96,0.11
CSV,1115010,111500,38,37,0,19322,0,0.000000e+00,0.000000e+00,618956160.0,739598400.0,17367.5,46.29,0.77
BER: END_SEQ #38 [LOCK] seq_err=0 BER_seq=0.0000e+00 | lock=38 slip=0 BER_cond=0.0000e+00 BER_cum=0.0000e+00
CSV,1120010,112000,38,38,0,19418,0,0.000000e+00,0.000000e+00,599089408.0,774192640.0,17302.8,46.51,1.11
BER: SYNC #39 (gated)
CSV,1125010,112500,39,38,0,19445,0,0.000000e+00,0.000000e+00,576633664.0,722642880.0,21019.3,45.36,0.98
CSV,1130010,113000,39,38,0,19545,0,0.000000e+00,0.000000e+00,726427392.0,595630208.0,17775.1,46.11,0.86
CSV,1135010,113500,39,38,0,19645,0,0.000000e+00,0.000000e+00,698447616.0,660794816.0,19930.4,45.45,0.24
CSV,1140010,114000,39,38,0,19745,0,0.000000e+00,0.000000e+00,625051456.0,713413952.0,19275.1,45.68,0.57
CSV,1145010,114500,39,38,0,19845,0,0.000000e+00,0.000000e+00,613009728.0,690997696.0,21378.3,45.10,0.52
BER: END_SEQ #39 [LOCK] seq_err=0 BER_seq=0.0000e+00 | lock=39 slip=0 BER_cond=0.0000e+00 BER_cum=0.0000e+00
CSV,1150010,115000,39,39,0,19929,0,0.000000e+00,0.000000e+00,592240704.0,736049088.0,19932.8,45.67,0.94
BER: SYNC #40 (gated)
CSV,1155010,115500,40,39,0,19968,0,0.000000e+00,0.000000e+00,642623616.0,706220480.0,17179.7,46.14,0.41
CSV,1160010,116000,40,39,0,20068,0,0.000000e+00,0.000000e+00,716482560.0,589606784.0,17648.7,46.08,0.85
CSV,1165010,116500,40,39,0,20168,0,0.000000e+00,0.000000e+00,605109056.0,694672384.0,16791.5,46.17,0.60
CSV,1170010,117000,40,39,0,20268,0,0.000000e+00,0.000000e+00,663685632.0,671740288.0,17922.0,45.74,0.05
CSV,1175010,117500,40,39,0,20368,0,0.000000e+00,0.000000e+00,602596736.0,720308544.0,19899.6,45.59,0.77
BER: END_SEQ #40 [LOCK] seq_err=0 BER_seq=0.0000e+00 | lock=40 slip=0 BER_cond=0.0000e+00 BER_cum=0.0000e+00
CSV,1180010,118000,40,40,0,20440,0,0.000000e+00,0.000000e+00,570971520.0,712783552.0,17231.9,46.17,0.96
BER: SYNC #41 (gated)
CSV,1185010,118500,41,40,0,20490,0,0.000000e+00,0.000000e+00,598059328.0,685582784.0,16010.7,46.32,0.59
CSV,1190010,119000,41,40,0,20590,0,0.000000e+00,0.000000e+00,752909888.0,576375296.0,19045.0,45.97,1.16
CSV,1195010,119500,41,40,0,20690,0,0.000000e+00,0.000000e+00,590459264.0,699249344.0,17671.3,45.97,0.73
CSV,1200010,120000,41,40,0,20790,0,0.000000e+00,0.000000e+00,610753408.0,670422528.0,16633.8,46.05,0.40
CSV,1205010,120500,41,40,0,20890,0,0.000000e+00,0.000000e+00,617351296.0,684974848.0,18584.4,45.67,0.45
BER: END_SEQ #41 [LOCK] seq_err=0 BER_seq=0.0000e+00 | lock=41 slip=0 BER_cond=0.0000e+00 BER_cum=0.0000e+00
CSV,1210010,121000,41,41,0,20951,0,0.000000e+00,0.000000e+00,584648320.0,715101696.0,16799.6,46.29,0.87
BER: SYNC #42 (gated)
CSV,1215010,121500,42,41,0,21013,0,0.000000e+00,0.000000e+00,576708992.0,688673920.0,17259.9,46.01,0.77
CSV,1220010,122000,42,41,0,21113,0,0.000000e+00,0.000000e+00,742658304.0,524475680.0,16779.6,46.46,1.51
CSV,1225010,122500,42,41,0,21213,0,0.000000e+00,0.000000e+00,636325120.0,672416128.0,17988.6,45.73,0.24
CSV,1230010,123000,42,41,0,21313,0,0.000000e+00,0.000000e+00,570091520.0,710781312.0,18287.4,45.90,0.96
CSV,1235010,123500,42,41,0,21413,0,0.000000e+00,0.000000e+00,604756224.0,648568448.0,16549.2,45.93,0.30
BER: END_SEQ #42 [LOCK] seq_err=0 BER_seq=0.0000e+00 | lock=42 slip=0 BER_cond=0.0000e+00 BER_cum=0.0000e+00
CSV,1240010,124000,42,42,0,21462,0,0.000000e+00,0.000000e+00,552787264.0,717504896.0,18631.6,45.86,1.13
BER: SYNC #43 (gated)
CSV,1245010,124500,43,42,0,21536,0,0.000000e+00,0.000000e+00,582169216.0,716530048.0,15707.3,46.59,0.90
CSV,1250010,125000,43,42,0,21636,0,0.000000e+00,0.000000e+00,725152128.0,522595168.0,17100.4,46.27,1.42
CSV,1255010,125500,43,42,0,21736,0,0.000000e+00,0.000000e+00,631761344.0,616457152.0,16538.3,45.82,0.11
CSV,1260010,126000,43,42,0,21836,0,0.000000e+00,0.000000e+00,536708864.0,751513664.0,19050.3,45.96,1.46
CSV,1265010,126500,43,42,0,21936,0,0.000000e+00,0.000000e+00,630516544.0,636020480.0,18280.5,45.41,0.04
BER: END_SEQ #43 [LOCK] seq_err=0 BER_seq=0.0000e+00 | lock=43 slip=0 BER_cond=0.0000e+00 BER_cum=0.0000e+00
CSV,1270010,127000,43,43,0,21973,0,0.000000e+00,0.000000e+00,535188640.0,673326784.0,19258.9,45.44,1.00
BER: SYNC #44 (gated)
CSV,1275010,127500,44,43,0,22058,0,0.000000e+00,0.000000e+00,585267392.0,672085568.0,17513.6,45.84,0.60
CSV,1280010,128000,44,43,0,22158,0,0.000000e+00,0.000000e+00,710568256.0,563460160.0,20004.2,45.50,1.01
CSV,1285010,128500,44,43,0,22258,0,0.000000e+00,0.000000e+00,607455872.0,632491328.0,19783.1,45.05,0.18
CSV,1290010,129000,44,43,0,22358,0,0.000000e+00,0.000000e+00,555971968.0,676827840.0,19942.7,45.31,0.85
CSV,1295010,129500,44,43,0,22458,0,0.000000e+00,0.000000e+00,592247552.0,666896960.0,16895.2,45.96,0.52
BER: END_SEQ #44 [LOCK] seq_err=0 BER_seq=0.0000e+00 | lock=44 slip=0 BER_cond=0.0000e+00 BER_cum=0.0000e+00
CSV,1300010,130000,44,44,0,22484,0,0.000000e+00,0.000000e+00,529506368.0,715897664.0,17521.8,46.11,1.31
BER: SYNC #45 (gated)
CSV,1305010,130500,45,44,0,22581,0,0.000000e+00,0.000000e+00,590709312.0,635818944.0,17593.3,45.58,0.32
CSV,1310010,131000,45,44,0,22681,0,0.000000e+00,0.000000e+00,722680448.0,499034304.0,18087.4,46.02,1.61
CSV,1315010,131500,45,44,0,22781,0,0.000000e+00,0.000000e+00,588939520.0,674849088.0,19803.4,45.32,0.59
CSV,1320010,132000,45,44,0,22881,0,0.000000e+00,0.000000e+00,567040320.0,661474624.0,16022.3,46.16,0.67
CSV,1325010,132500,45,44,0,22981,0,0.000000e+00,0.000000e+00,554861056.0,664994176.0,19370.5,45.36,0.79
BER: END_SEQ #45 [LOCK] seq_err=0 BER_seq=0.0000e+00 | lock=45 slip=0 BER_cond=0.0000e+00 BER_cum=0.0000e+00
BER: SYNC #46 (gated)
CSV,1330010,133000,46,45,0,23004,0,0.000000e+00,0.000000e+00,532444096.0,687390912.0,18570.9,45.68,1.11
CSV,1335010,133500,46,45,0,23104,0,0.000000e+00,0.000000e+00,594820096.0,654641728.0,16949.2,45.87,0.42
CSV,1340010,134000,46,45,0,23204,0,0.000000e+00,0.000000e+00,688604160.0,520984864.0,17994.5,45.83,1.21
CSV,1345010,134500,46,45,0,23304,0,0.000000e+00,0.000000e+00,590278976.0,620003840.0,19482.6,45.03,0.21
CSV,1350010,135000,46,45,0,23404,0,0.000000e+00,0.000000e+00,558838144.0,692938176.0,16150.2,46.33,0.93
CSV,1355010,135500,46,45,0,23504,0,0.000000e+00,0.000000e+00,564495360.0,671914880.0,17717.0,45.79,0.76
BER: END_SEQ #46 [LOCK] seq_err=0 BER_seq=0.0000e+00 | lock=46 slip=0 BER_cond=0.0000e+00 BER_cum=0.0000e+00
BER: SYNC #47 (gated)
CSV,1360010,136000,47,46,0,23526,0,0.000000e+00,0.000000e+00,521286656.0,653048896.0,17623.1,45.69,0.98
CSV,1365010,136500,47,46,0,23626,0,0.000000e+00,0.000000e+00,618123072.0,599805248.0,16336.5,45.78,0.13
CSV,1370010,137000,47,46,0,23726,0,0.000000e+00,0.000000e+00,689842176.0,550868736.0,17751.4,45.90,0.98
CSV,1375010,137500,47,46,0,23826,0,0.000000e+00,0.000000e+00,561311616.0,645947328.0,22081.8,44.66,0.61
CSV,1380010,138000,47,46,0,23926,0,0.000000e+00,0.000000e+00,556377792.0,643318208.0,18298.9,45.46,0.63
BER: END_SEQ #47 [LOCK] seq_err=0 BER_seq=0.0000e+00 | lock=47 slip=0 BER_cond=0.0000e+00 BER_cum=0.0000e+00
CSV,1385010,138500,47,47,0,24017,0,0.000000e+00,0.000000e+00,541106944.0,687976768.0,17882.3,45.85,1.04
BER: SYNC #48 (gated)
CSV,1390010,139000,48,47,0,24049,0,0.000000e+00,0.000000e+00,561461120.0,654184512.0,17523.1,45.72,0.66
CSV,1395010,139500,48,47,0,24149,0,0.000000e+00,0.000000e+00,652085440.0,536335808.0,15110.0,46.35,0.85
CSV,1400010,140000,48,47,0,24249,0,0.000000e+00,0.000000e+00,568715200.0,627222080.0,20312.7,44.90,0.43
CSV,1405010,140500,48,47,0,24349,0,0.000000e+00,0.000000e+00,585990016.0,644508480.0,17684.6,45.62,0.41
CSV,1410010,141000,48,47,0,24449,0,0.000000e+00,0.000000e+00,587437248.0,604914752.0,16224.8,45.72,0.13
BER: END_SEQ #48 [LOCK] seq_err=0 BER_seq=0.0000e+00 | lock=48 slip=0 BER_cond=0.0000e+00 BER_cum=0.0000e+00
CSV,1415010,141500,48,48,0,24528,0,0.000000e+00,0.000000e+00,511339680.0,667456640.0,16332.4,46.11,1.16
BER: SYNC #49 (gated)
CSV,1420010,142000,49,48,0,24572,0,0.000000e+00,0.000000e+00,565736320.0,621664896.0,18863.7,45.18,0.41
CSV,1425010,142500,49,48,0,24672,0,0.000000e+00,0.000000e+00,675491584.0,534740000.0,17090.7,45.97,1.01
CSV,1430010,143000,49,48,0,24772,0,0.000000e+00,0.000000e+00,534000512.0,638969088.0,17214.8,45.70,0.78
CSV,1435010,143500,49,48,0,24872,0,0.000000e+00,0.000000e+00,573107200.0,605465024.0,17590.7,45.37,0.24
CSV,1440010,144000,49,48,0,24972,0,0.000000e+00,0.000000e+00,541285184.0,668454720.0,15613.4,46.32,0.92
BER: END_SEQ #49 [LOCK] seq_err=0 BER_seq=0.0000e+00 | lock=49 slip=0 BER_cond=0.0000e+00 BER_cum=0.0000e+00
CSV,1445010,144500,49,49,0,25039,0,0.000000e+00,0.000000e+00,546968640.0,631072576.0,20503.3,44.88,0.62
BER: SYNC #50 (gated)
CSV,1450010,145000,50,49,0,25094,0,0.000000e+00,0.000000e+00,536611520.0,617706176.0,19560.2,44.99,0.61
CSV,1455010,145500,50,49,0,25194,0,0.000000e+00,0.000000e+00,668596800.0,508078048.0,18538.3,45.57,1.19
CSV,1460010,146000,50,49,0,25294,0,0.000000e+00,0.000000e+00,572858944.0,629402880.0,17294.8,45.61,0.41
CSV,1465010,146500,50,49,0,25394,0,0.000000e+00,0.000000e+00,510184416.0,658335936.0,17021.5,45.87,1.11
CSV,1470010,147000,50,49,0,25494,0,0.000000e+00,0.000000e+00,580891904.0,573057216.0,17936.8,45.10,0.06
BER: END_SEQ #50 [LOCK] seq_err=0 BER_seq=0.0000e+00 | lock=50 slip=0 BER_cond=0.0000e+00 BER_cum=0.0000e+00
CSV,1475010,147500,50,50,0,25550,0,0.000000e+00,0.000000e+00,519484256.0,673312704.0,17918.0,45.75,1.13
BER: SYNC #51 (gated)
CSV,1480010,148000,51,50,0,25617,0,0.000000e+00,0.000000e+00,531655296.0,649467264.0,18900.7,45.36,0.87
CSV,1485010,148500,51,50,0,25717,0,0.000000e+00,0.000000e+00,676464064.0,467237248.0,17242.4,45.94,1.61
CSV,1490010,149000,51,50,0,25817,0,0.000000e+00,0.000000e+00,563541696.0,595604352.0,17224.5,45.39,0.24
CSV,1495010,149500,51,50,0,25917,0,0.000000e+00,0.000000e+00,522959744.0,669608832.0,16622.3,46.05,1.07
CSV,1500010,150000,51,50,0,26017,0,0.000000e+00,0.000000e+00,573031680.0,582630848.0,16571.5,45.46,0.07
BER: END_SEQ #51 [LOCK] seq_err=0 BER_seq=0.0000e+00 | lock=51 slip=0 BER_cond=0.0000e+00 BER_cum=0.0000e+00
CSV,1505010,150500,51,51,0,26061,0,0.000000e+00,0.000000e+00,473451936.0,649458880.0,17234.7,45.76,1.37

=========================================
=== END OF TEST (duration=25 min) ===
=========================================
FINAL: syncs=51 lock=51 slip=0 slip_rate=0.0000
FINAL: bits_cum=26061 err_cum=0 BER_cum=0.0000e+00
FINAL: bits_lock=26061 err_lock=0 BER_cond=0.0000e+00
=========================================
=== STOP LOGGING NOW ===
=========================================
