

=== RX BOOT - BER TEST MODE ===
BPS_MODE=100 (HALF_SAMPLES=400, 2000 samples/bit @ 200000 Hz)
Expect: 64-bit preamble + Barker13 (1F35h, gated by 8 preamble bits = 0x55) + 511-bit PRBS-9
Noise floor band: 5000 Hz; lock threshold: BER<0.10
Auto-stop: test will halt 25 min after the first sync.
RX: edge-tracking sync, center-3 voting
Starting decoder...

CSV,5006,2500,0,0,0,0,0,0.000000e+00,0.000000e+00,14122.8,43896.4,2786.9,11.97,4.93
BER: SYNC #1 (gated)
CSV,10006,5000,1,0,0,131,36,2.748092e-01,0.000000e+00,15522.3,48097.4,2585.7,12.70,4.91
BER: END_SEQ #1 [SLIP] seq_err=216 BER_seq=4.2270e-01 | lock=0 slip=1 BER_cond=0.0000e+00 BER_cum=4.2270e-01
BER: SYNC #2 (gated)
CSV,15006,7500,2,0,1,554,230,4.151624e-01,0.000000e+00,15349.0,50302.1,2662.1,12.76,5.16
BER: END_SEQ #2 [SLIP] seq_err=237 BER_seq=4.6380e-01 | lock=0 slip=2 BER_cond=0.0000e+00 BER_cum=4.4325e-01
CSV,20006,10000,2,0,2,1022,453,4.432485e-01,0.000000e+00,13338.1,36653.9,3480.6,10.22,4.39
CSV,25006,12500,2,0,2,1022,453,4.432485e-01,0.000000e+00,11555.3,29214.7,4823.1,7.82,4.03
CSV,30006,15000,2,0,2,1022,453,4.432485e-01,0.000000e+00,11636.0,30089.1,4711.1,8.05,4.13
CSV,35006,17500,2,0,2,1022,453,4.432485e-01,0.000000e+00,11055.9,29053.6,4947.0,7.69,4.20
CSV,40006,20000,2,0,2,1022,453,4.432485e-01,0.000000e+00,10614.8,29169.2,4551.5,8.07,4.39
CSV,45006,22500,2,0,2,1022,453,4.432485e-01,0.000000e+00,10727.2,30106.0,4742.5,8.03,4.48
BER: SYNC #3 (gated)
CSV,50006,25000,3,0,2,1035,454,4.386473e-01,0.000000e+00,10887.2,28836.8,4688.4,7.89,4.23
BER: END_SEQ #3 [SLIP] seq_err=196 BER_seq=3.8356e-01 | lock=0 slip=3 BER_cond=0.0000e+00 BER_cum=4.2335e-01
CSV,55006,27500,3,0,3,1533,649,4.233529e-01,0.000000e+00,11450.3,28591.4,4514.7,8.02,3.97
BER: SYNC #4 (gated)
CSV,60006,30000,4,0,3,1953,820,4.198669e-01,0.000000e+00,11480.2,28734.1,4884.9,7.70,3.98
BER: END_SEQ #4 [SLIP] seq_err=214 BER_seq=4.1879e-01 | lock=0 slip=4 BER_cond=0.0000e+00 BER_cum=4.2221e-01
BER: SYNC #5 (gated)
CSV,65006,32500,5,0,4,2373,1007,4.243574e-01,0.000000e+00,11493.0,28367.8,4914.0,7.61,3.92
BER: END_SEQ #5 [SLIP] seq_err=233 BER_seq=4.5597e-01 | lock=0 slip=5 BER_cond=0.0000e+00 BER_cum=4.2896e-01
CSV,70006,35000,5,0,5,2555,1096,4.289628e-01,0.000000e+00,11127.0,28630.4,5099.0,7.49,4.10
CSV,75006,37500,5,0,5,2555,1096,4.289628e-01,0.000000e+00,10935.0,29109.5,4690.3,7.93,4.25
CSV,80006,40000,5,0,5,2555,1096,4.289628e-01,0.000000e+00,10919.5,30650.0,4845.5,8.01,4.48
CSV,85006,42500,5,0,5,2555,1096,4.289628e-01,0.000000e+00,11339.7,29052.1,4566.7,8.04,4.09
BER: SYNC #6 (gated)
CSV,90006,45000,6,0,5,3032,1277,4.211741e-01,0.000000e+00,11404.6,28885.6,4705.1,7.88,4.04
BER: END_SEQ #6 [SLIP] seq_err=200 BER_seq=3.9139e-01 | lock=0 slip=6 BER_cond=0.0000e+00 BER_cum=4.2270e-01
BER: SYNC #7 (gated)
CSV,95006,47500,7,0,6,3457,1489,4.307203e-01,0.000000e+00,11301.0,29123.8,4977.9,7.67,4.11
BER: END_SEQ #7 [SLIP] seq_err=252 BER_seq=4.9315e-01 | lock=0 slip=7 BER_cond=0.0000e+00 BER_cum=4.3276e-01
CSV,100006,50000,7,0,7,3577,1548,4.327649e-01,0.000000e+00,11686.9,28891.5,5046.3,7.58,3.93
CSV,105006,52500,7,0,7,3577,1548,4.327649e-01,0.000000e+00,11356.6,29644.2,5056.9,7.68,4.17
CSV,110006,55000,7,0,7,3577,1548,4.327649e-01,0.000000e+00,11542.8,29782.4,4856.2,7.88,4.12
CSV,115006,57500,7,0,7,3577,1548,4.327649e-01,0.000000e+00,11251.0,29194.6,4814.4,7.83,4.14
CSV,120006,60000,7,0,7,3577,1548,4.327649e-01,0.000000e+00,11035.3,29721.7,5076.3,7.68,4.30
CSV,125006,62500,7,0,7,3577,1548,4.327649e-01,0.000000e+00,11183.4,28050.4,4976.4,7.51,3.99
BER: SYNC #8 (gated)
CSV,130006,65000,8,0,7,3935,1734,4.406607e-01,0.000000e+00,11536.3,32828.6,4519.8,8.61,4.54
BER: END_SEQ #8 [SLIP] seq_err=267 BER_seq=5.2250e-01 | lock=0 slip=8 BER_cond=0.0000e+00 BER_cum=4.4398e-01
BER: SYNC #9 (gated)
CSV,135006,67500,9,0,8,4360,1890,4.334863e-01,0.000000e+00,16013.5,48492.8,2194.5,13.44,4.81
BER: END_SEQ #9 [SLIP] seq_err=187 BER_seq=3.6595e-01 | lock=0 slip=9 BER_cond=0.0000e+00 BER_cum=4.3531e-01
CSV,140006,70000,9,0,9,4599,2002,4.353120e-01,0.000000e+00,15769.3,49723.9,2272.0,13.40,4.99
BER: SYNC #10 (gated)
CSV,145006,72500,10,0,9,4700,2010,4.276596e-01,0.000000e+00,15499.4,52028.8,1970.5,14.22,5.26
BER: END_SEQ #10 [SLIP] seq_err=199 BER_seq=3.8943e-01 | lock=0 slip=10 BER_cond=0.0000e+00 BER_cum=4.3072e-01
BER: SYNC #11 (gated)
CSV,150006,75000,11,0,10,5122,2203,4.301054e-01,0.000000e+00,15779.2,51269.1,1893.0,14.33,5.12
CSV,155006,77500,11,0,10,5619,2447,4.354867e-01,0.000000e+00,15861.6,49960.9,2224.2,13.51,4.98
BER: END_SEQ #11 [SLIP] seq_err=247 BER_seq=4.8337e-01 | lock=0 slip=11 BER_cond=0.0000e+00 BER_cum=4.3551e-01
BER: SYNC #12 (gated)
CSV,160006,80000,12,0,11,6039,2610,4.321907e-01,0.000000e+00,15471.4,49095.1,2217.9,13.45,5.02
BER: END_SEQ #12 [SLIP] seq_err=212 BER_seq=4.1487e-01 | lock=0 slip=12 BER_cond=0.0000e+00 BER_cum=4.3379e-01
CSV,165006,82500,12,0,12,6132,2660,4.337900e-01,0.000000e+00,15860.8,49143.4,2173.2,13.54,4.91
CSV,170006,85000,12,0,12,6132,2660,4.337900e-01,0.000000e+00,12902.9,39644.5,3571.5,10.45,4.87
CSV,175006,87500,12,0,12,6132,2660,4.337900e-01,0.000000e+00,13613.4,39281.0,4161.1,9.75,4.60
CSV,180006,90000,12,0,12,6132,2660,4.337900e-01,0.000000e+00,15068.9,51331.8,3338.4,11.87,5.32
CSV,185006,92500,12,0,12,6132,2660,4.337900e-01,0.000000e+00,15650.4,48381.9,3214.4,11.78,4.90
BER: SYNC #13 (gated)
CSV,190006,95000,13,0,12,6607,2872,4.346905e-01,0.000000e+00,15810.4,48170.4,3230.5,11.74,4.84
BER: END_SEQ #13 [SLIP] seq_err=230 BER_seq=4.5010e-01 | lock=0 slip=13 BER_cond=0.0000e+00 BER_cum=4.3504e-01
CSV,195006,97500,13,0,13,6643,2890,4.350444e-01,0.000000e+00,15509.4,47209.5,3199.2,11.69,4.83
CSV,200006,100000,13,0,13,6643,2890,4.350444e-01,0.000000e+00,12792.0,34857.4,5759.9,7.82,4.35
BER: SYNC #14 (gated)
CSV,205006,102500,14,0,13,6864,2995,4.363345e-01,0.000000e+00,15126.6,43493.2,4254.6,10.10,4.59
BER: END_SEQ #14 [SLIP] seq_err=210 BER_seq=4.1096e-01 | lock=0 slip=14 BER_cond=0.0000e+00 BER_cum=4.3332e-01
CSV,210006,105000,14,0,14,7154,3100,4.333240e-01,0.000000e+00,15300.1,49801.4,2324.7,13.31,5.13
BER: SYNC #15 (gated)
CSV,215006,107500,15,0,14,7196,3102,4.310728e-01,0.000000e+00,15448.5,51734.3,1975.4,14.18,5.25
BER: END_SEQ #15 [SLIP] seq_err=138 BER_seq=2.7006e-01 | lock=0 slip=15 BER_cond=0.0000e+00 BER_cum=4.2244e-01
CSV,220006,110000,15,0,15,7665,3238,4.224397e-01,0.000000e+00,16083.7,50641.4,1863.6,14.34,4.98
CSV,225006,112500,15,0,15,7665,3238,4.224397e-01,0.000000e+00,16162.4,51255.5,1900.4,14.31,5.01
CSV,230006,115000,15,0,15,7665,3238,4.224397e-01,0.000000e+00,15529.8,51071.3,1919.4,14.25,5.17
CSV,235006,117500,15,0,15,7665,3238,4.224397e-01,0.000000e+00,12861.7,36886.8,4178.9,9.46,4.58
BER: SYNC #16 (gated)
CSV,240006,120000,16,0,15,7852,3305,4.209119e-01,0.000000e+00,11643.5,32080.8,5177.1,7.92,4.40
BER: END_SEQ #16 [SLIP] seq_err=239 BER_seq=4.6771e-01 | lock=0 slip=16 BER_cond=0.0000e+00 BER_cum=4.2527e-01
CSV,245006,122500,16,0,16,8176,3477,4.252691e-01,0.000000e+00,14134.0,45710.2,3826.9,10.77,5.10
CSV,250006,125000,16,0,16,8176,3477,4.252691e-01,0.000000e+00,13239.7,33564.8,10958.5,4.86,4.04
CSV,255006,127500,16,0,16,8176,3477,4.252691e-01,0.000000e+00,12430.8,30928.9,8321.2,5.70,3.96
CSV,260006,130000,16,0,16,8176,3477,4.252691e-01,0.000000e+00,14010.4,37554.1,6932.1,7.34,4.28
BER: SYNC #17 (gated)
CSV,265006,132500,17,0,16,8510,3545,4.165688e-01,0.000000e+00,15490.4,46172.3,4213.9,10.40,4.74
BER: END_SEQ #17 [SLIP] seq_err=156 BER_seq=3.0528e-01 | lock=0 slip=17 BER_cond=0.0000e+00 BER_cum=4.1821e-01
CSV,270006,135000,17,0,17,8687,3633,4.182111e-01,0.000000e+00,15056.3,44385.1,3893.8,10.57,4.70
CSV,275006,137500,17,0,17,8687,3633,4.182111e-01,0.000000e+00,15477.5,43135.9,5587.5,8.88,4.45
CSV,280006,140000,17,0,17,8687,3633,4.182111e-01,0.000000e+00,14415.7,48387.4,5590.0,9.37,5.26
CSV,285006,142500,17,0,17,8687,3633,4.182111e-01,0.000000e+00,15801.2,49660.0,2741.3,12.58,4.97
BER: SYNC #18 (gated)
CSV,290006,145000,18,0,17,9165,3832,4.181124e-01,0.000000e+00,12751.9,35952.2,4417.7,9.11,4.50
BER: END_SEQ #18 [SLIP] seq_err=216 BER_seq=4.2270e-01 | lock=0 slip=18 BER_cond=0.0000e+00 BER_cum=4.1846e-01
CSV,295006,147500,18,0,18,9198,3849,4.184605e-01,0.000000e+00,11659.9,30013.5,4882.0,7.89,4.11
CSV,300006,150000,18,0,18,9198,3849,4.184605e-01,0.000000e+00,12934.8,34812.5,5464.8,8.04,4.30
CSV,305006,152500,18,0,18,9198,3849,4.184605e-01,0.000000e+00,14111.8,39572.5,6258.6,8.01,4.48
BER: SYNC #19 (gated)
CSV,310006,155000,19,0,18,9322,3901,4.184724e-01,0.000000e+00,13337.8,39089.7,6152.2,8.03,4.67
BER: END_SEQ #19 [SLIP] seq_err=236 BER_seq=4.6184e-01 | lock=0 slip=19 BER_cond=0.0000e+00 BER_cum=4.2074e-01
CSV,315006,157500,19,0,19,9709,4085,4.207436e-01,0.000000e+00,11848.6,32693.7,5129.6,8.04,4.41
CSV,320006,160000,19,0,19,9709,4085,4.207436e-01,0.000000e+00,11547.5,30448.2,5109.4,7.75,4.21
CSV,325006,162500,19,0,19,9709,4085,4.207436e-01,0.000000e+00,11637.6,29534.6,4787.7,7.90,4.04
CSV,330006,165000,19,0,19,9709,4085,4.207436e-01,0.000000e+00,11492.4,30166.0,4719.6,8.06,4.19
CSV,335006,167500,19,0,19,9709,4085,4.207436e-01,0.000000e+00,11956.2,29227.3,5248.3,7.46,3.88
CSV,340006,170000,19,0,19,9709,4085,4.207436e-01,0.000000e+00,11170.8,30815.0,5000.3,7.90,4.41
CSV,345006,172500,19,0,19,9709,4085,4.207436e-01,0.000000e+00,10993.2,31254.2,5201.9,7.79,4.54
CSV,350006,175000,19,0,19,9709,4085,4.207436e-01,0.000000e+00,11311.4,29925.4,5122.0,7.67,4.23
CSV,355006,177500,19,0,19,9709,4085,4.207436e-01,0.000000e+00,11577.3,30293.9,5206.5,7.65,4.18
BER: SYNC #20 (gated)
CSV,360006,180000,20,0,19,10130,4279,4.224087e-01,0.000000e+00,11612.9,30144.6,4998.8,7.80,4.14
BER: END_SEQ #20 [SLIP] seq_err=242 BER_seq=4.7358e-01 | lock=0 slip=20 BER_cond=0.0000e+00 BER_cum=4.2339e-01
CSV,365006,182500,20,0,20,10220,4327,4.233855e-01,0.000000e+00,11406.2,31008.3,4996.5,7.93,4.34
CSV,370006,185000,20,0,20,10220,4327,4.233855e-01,0.000000e+00,11285.8,30209.6,5218.1,7.63,4.28
BER: SYNC #21 (gated)
CSV,375006,187500,21,0,20,10375,4401,4.241928e-01,0.000000e+00,11254.1,30290.8,4780.0,8.02,4.30
BER: END_SEQ #21 [SLIP] seq_err=259 BER_seq=5.0685e-01 | lock=0 slip=21 BER_cond=0.0000e+00 BER_cum=4.2736e-01
CSV,380006,190000,21,0,21,10731,4586,4.273600e-01,0.000000e+00,10861.5,31970.2,4967.1,8.09,4.69
CSV,385006,192500,21,0,21,10731,4586,4.273600e-01,0.000000e+00,11535.5,29564.1,5273.5,7.49,4.09
CSV,390006,195000,21,0,21,10731,4586,4.273600e-01,0.000000e+00,11607.1,29817.3,5102.5,7.67,4.10
BER: SYNC #22 (gated)
CSV,395006,197500,22,0,21,11117,4762,4.283530e-01,0.000000e+00,11241.0,29785.3,4940.5,7.80,4.23
BER: END_SEQ #22 [SLIP] seq_err=246 BER_seq=4.8141e-01 | lock=0 slip=22 BER_cond=0.0000e+00 BER_cum=4.2982e-01
BER: SYNC #23 (gated)
CSV,400006,200000,23,0,22,11545,4943,4.281507e-01,0.000000e+00,14853.4,44152.4,4009.1,10.42,4.73
BER: END_SEQ #23 [SLIP] seq_err=220 BER_seq=4.3053e-01 | lock=0 slip=23 BER_cond=0.0000e+00 BER_cum=4.2985e-01
BER: SYNC #24 (gated)
CSV,405006,202500,24,0,23,11968,5158,4.309826e-01,0.000000e+00,16450.1,50151.0,3180.8,11.98,4.84
BER: END_SEQ #24 [SLIP] seq_err=260 BER_seq=5.0881e-01 | lock=0 slip=24 BER_cond=0.0000e+00 BER_cum=4.3314e-01
CSV,410006,205000,24,0,24,12264,5312,4.331376e-01,0.000000e+00,15983.8,49462.0,2725.0,12.59,4.91
BER: SYNC #25 (gated)
CSV,415006,207500,25,0,24,12304,5319,4.322985e-01,0.000000e+00,16088.0,51256.2,2768.4,12.68,5.03
BER: END_SEQ #25 [SLIP] seq_err=222 BER_seq=4.3444e-01 | lock=0 slip=25 BER_cond=0.0000e+00 BER_cum=4.3319e-01
CSV,420006,210000,25,0,25,12775,5534,4.331898e-01,0.000000e+00,16454.1,49447.2,3146.9,11.96,4.78
CSV,425006,212500,25,0,25,12775,5534,4.331898e-01,0.000000e+00,14162.4,37104.7,12934.9,4.58,4.18
CSV,430006,215000,25,0,25,12775,5534,4.331898e-01,0.000000e+00,14876.7,42678.4,5840.8,8.64,4.58
BER: SYNC #26 (gated)
CSV,435006,217500,26,0,25,13048,5639,4.321735e-01,0.000000e+00,16781.2,48382.0,3377.3,11.56,4.60
BER: END_SEQ #26 [SLIP] seq_err=225 BER_seq=4.4031e-01 | lock=0 slip=26 BER_cond=0.0000e+00 BER_cum=4.3346e-01
BER: SYNC #27 (gated)
CSV,440006,220000,27,0,26,13471,5850,4.342662e-01,0.000000e+00,15565.8,47392.2,3573.6,11.23,4.84
BER: END_SEQ #27 [SLIP] seq_err=209 BER_seq=4.0900e-01 | lock=0 slip=27 BER_cond=0.0000e+00 BER_cum=4.3256e-01
BER: SYNC #28 (gated)
CSV,445006,222500,28,0,27,13895,5974,4.299388e-01,0.000000e+00,15639.7,50211.6,3351.3,11.76,5.07
BER: END_SEQ #28 [SLIP] seq_err=202 BER_seq=3.9530e-01 | lock=0 slip=28 BER_cond=0.0000e+00 BER_cum=4.3123e-01
CSV,450006,225000,28,0,28,14308,6170,4.312273e-01,0.000000e+00,15460.9,48499.9,4056.8,10.78,4.97
CSV,455006,227500,28,0,28,14308,6170,4.312273e-01,0.000000e+00,16630.9,47882.5,3831.2,10.97,4.59
BER: SYNC #29 (gated)
CSV,460006,230000,29,0,28,14728,6365,4.321700e-01,0.000000e+00,16224.6,45604.2,3283.7,11.43,4.49
BER: END_SEQ #29 [SLIP] seq_err=239 BER_seq=4.6771e-01 | lock=0 slip=29 BER_cond=0.0000e+00 BER_cum=4.3249e-01
CSV,465006,232500,29,0,29,14819,6409,4.324853e-01,0.000000e+00,11561.9,30703.1,5034.4,7.85,4.24
CSV,470006,235000,29,0,29,14819,6409,4.324853e-01,0.000000e+00,12350.2,33262.1,5012.1,8.22,4.30
CSV,475006,237500,29,0,29,14819,6409,4.324853e-01,0.000000e+00,16170.3,48122.7,2848.9,12.28,4.74
BER: SYNC #30 (gated)
CSV,480006,240000,30,0,29,14886,6432,4.320838e-01,0.000000e+00,15958.8,53514.6,1957.2,14.37,5.25
BER: END_SEQ #30 [SLIP] seq_err=251 BER_seq=4.9119e-01 | lock=0 slip=30 BER_cond=0.0000e+00 BER_cum=4.3444e-01
CSV,485006,242500,30,0,30,15330,6660,4.344423e-01,0.000000e+00,16687.6,50537.1,2624.4,12.85,4.81
CSV,490006,245000,30,0,30,15330,6660,4.344423e-01,0.000000e+00,15681.4,45291.9,5617.2,9.07,4.61
CSV,495006,247500,30,0,30,15330,6660,4.344423e-01,0.000000e+00,16741.6,50538.5,2647.0,12.81,4.80
BER: SYNC #31 (gated)
CSV,500006,250000,31,0,30,15630,6776,4.335253e-01,0.000000e+00,16805.5,48412.3,3248.5,11.73,4.60
BER: END_SEQ #31 [SLIP] seq_err=234 BER_seq=4.5793e-01 | lock=0 slip=31 BER_cond=0.0000e+00 BER_cum=4.3520e-01
CSV,505006,252500,31,0,31,15841,6894,4.351998e-01,0.000000e+00,16449.8,51479.8,3168.2,12.11,4.95
CSV,510006,255000,31,0,31,15841,6894,4.351998e-01,0.000000e+00,16424.4,50055.4,3129.6,12.04,4.84
BER: SYNC #32 (gated)
CSV,515006,257500,32,0,31,15879,6901,4.345992e-01,0.000000e+00,15355.3,47170.3,5247.9,9.54,4.87
BER: END_SEQ #32 [SLIP] seq_err=148 BER_seq=2.8963e-01 | lock=0 slip=32 BER_cond=0.0000e+00 BER_cum=4.3065e-01
CSV,520006,260000,32,0,32,16352,7042,4.306507e-01,0.000000e+00,16572.5,50071.8,3396.2,11.69,4.80
BER: SYNC #33 (gated)
CSV,525006,262500,33,0,32,16797,7258,4.321010e-01,0.000000e+00,16941.5,49251.7,3579.6,11.39,4.63
BER: END_SEQ #33 [SLIP] seq_err=252 BER_seq=4.9315e-01 | lock=0 slip=33 BER_cond=0.0000e+00 BER_cum=4.3254e-01
CSV,530006,265000,33,0,33,16863,7294,4.325446e-01,0.000000e+00,16306.6,46464.9,3779.2,10.90,4.55
CSV,535006,267500,33,0,33,16863,7294,4.325446e-01,0.000000e+00,14871.7,37970.1,10159.1,5.73,4.07
CSV,540006,270000,33,0,33,16863,7294,4.325446e-01,0.000000e+00,13772.6,34795.0,16953.9,3.12,4.02
BER: SYNC #34 (gated)
CSV,545006,272500,34,0,33,16962,7321,4.316118e-01,0.000000e+00,13938.4,42659.6,4046.7,10.23,4.86
BER: END_SEQ #34 [SLIP] seq_err=201 BER_seq=3.9335e-01 | lock=0 slip=34 BER_cond=0.0000e+00 BER_cum=4.3139e-01
CSV,550006,275000,34,0,34,17374,7495,4.313917e-01,0.000000e+00,16528.1,49283.5,5123.3,9.83,4.74
CSV,555006,277500,34,0,34,17374,7495,4.313917e-01,0.000000e+00,13646.6,36582.1,4957.9,8.68,4.28
BER: SYNC #35 (gated)
CSV,560006,280000,35,0,34,17794,7616,4.280095e-01,0.000000e+00,14439.9,38995.4,7074.6,7.41,4.31
BER: END_SEQ #35 [SLIP] seq_err=136 BER_seq=2.6614e-01 | lock=0 slip=35 BER_cond=0.0000e+00 BER_cum=4.2667e-01
BER: SYNC #36 (gated)
CSV,565006,282500,36,0,35,18219,7738,4.247214e-01,0.000000e+00,15050.2,45652.8,5054.3,9.56,4.82
BER: END_SEQ #36 [SLIP] seq_err=156 BER_seq=3.0528e-01 | lock=0 slip=36 BER_cond=0.0000e+00 BER_cum=4.2330e-01
CSV,570006,285000,36,0,36,18396,7787,4.232985e-01,0.000000e+00,13147.7,35206.9,4500.4,8.93,4.28
BER: SYNC #37 (gated)
CSV,575006,287500,37,0,36,18553,7828,4.219264e-01,0.000000e+00,12779.1,31804.7,8782.9,5.59,3.96
BER: END_SEQ #37 [SLIP] seq_err=174 BER_seq=3.4051e-01 | lock=0 slip=37 BER_cond=0.0000e+00 BER_cum=4.2106e-01
CSV,580006,290000,37,0,37,18907,7961,4.210610e-01,0.000000e+00,14852.6,44809.9,7166.8,7.96,4.80
CSV,585006,292500,37,0,37,18907,7961,4.210610e-01,0.000000e+00,12361.0,31203.4,5174.8,7.80,4.02
CSV,590006,295000,37,0,37,18907,7961,4.210610e-01,0.000000e+00,12026.8,30038.3,5147.6,7.66,3.98
BER: SYNC #38 (gated)
CSV,595006,297500,38,0,37,19287,8142,4.221496e-01,0.000000e+00,11905.1,30328.9,5140.2,7.71,4.06
BER: END_SEQ #38 [SLIP] seq_err=244 BER_seq=4.7750e-01 | lock=0 slip=38 BER_cond=0.0000e+00 BER_cum=4.2255e-01
CSV,600006,300000,38,0,38,19418,8205,4.225461e-01,0.000000e+00,12132.2,30219.1,5044.4,7.77,3.96
CSV,605006,302500,38,0,38,19418,8205,4.225461e-01,0.000000e+00,11842.8,30960.9,4780.9,8.11,4.17
CSV,610006,305000,38,0,38,19418,8205,4.225461e-01,0.000000e+00,11708.1,31248.0,4912.6,8.04,4.26
BER: SYNC #39 (gated)
CSV,615006,307500,39,0,38,19456,8205,4.217208e-01,0.000000e+00,14151.9,41732.6,4117.4,10.06,4.70
BER: END_SEQ #39 [SLIP] seq_err=201 BER_seq=3.9335e-01 | lock=0 slip=39 BER_cond=0.0000e+00 BER_cum=4.2180e-01
CSV,620006,310000,39,0,39,19929,8406,4.217974e-01,0.000000e+00,15516.7,45240.0,3810.6,10.75,4.65
BER: SYNC #40 (gated)
CSV,625006,312500,40,0,39,20377,8488,4.165481e-01,0.000000e+00,15762.2,42792.4,5592.9,8.84,4.34
BER: END_SEQ #40 [SLIP] seq_err=112 BER_seq=2.1918e-01 | lock=0 slip=40 BER_cond=0.0000e+00 BER_cum=4.1673e-01
BER: SYNC #41 (gated)
CSV,630006,315000,41,0,40,20794,8682,4.175243e-01,0.000000e+00,15239.8,40437.1,5850.1,8.40,4.24
BER: END_SEQ #41 [SLIP] seq_err=245 BER_seq=4.7945e-01 | lock=0 slip=41 BER_cond=0.0000e+00 BER_cum=4.1826e-01
BER: SYNC #42 (gated)
CSV,635006,317500,42,0,41,21221,8884,4.186419e-01,0.000000e+00,12268.1,30789.1,4764.8,8.10,4.00
BER: END_SEQ #42 [SLIP] seq_err=252 BER_seq=4.9315e-01 | lock=0 slip=42 BER_cond=0.0000e+00 BER_cum=4.2004e-01
CSV,640006,320000,42,0,42,21462,9015,4.200447e-01,0.000000e+00,14693.9,40851.2,6201.8,8.19,4.44
CSV,645006,322500,42,0,42,21462,9015,4.200447e-01,0.000000e+00,16749.3,51365.4,3379.9,11.82,4.87
CSV,650006,325000,42,0,42,21462,9015,4.200447e-01,0.000000e+00,16536.2,49679.4,3089.9,12.06,4.78
CSV,655006,327500,42,0,42,21462,9015,4.200447e-01,0.000000e+00,16935.5,49184.3,3434.4,11.56,4.63
CSV,660006,330000,42,0,42,21462,9015,4.200447e-01,0.000000e+00,16786.3,46833.9,2859.0,12.14,4.46
CSV,665006,332500,42,0,42,21462,9015,4.200447e-01,0.000000e+00,12032.2,30446.5,5199.5,7.68,4.03
CSV,670006,335000,42,0,42,21462,9015,4.200447e-01,0.000000e+00,12181.9,29856.6,4881.7,7.86,3.89
BER: SYNC #43 (gated)
CSV,675006,337500,43,0,42,21614,9087,4.204220e-01,0.000000e+00,12702.0,32677.7,4595.5,8.52,4.10
BER: END_SEQ #43 [SLIP] seq_err=252 BER_seq=4.9315e-01 | lock=0 slip=43 BER_cond=0.0000e+00 BER_cum=4.2174e-01
CSV,680006,340000,43,0,43,21973,9267,4.217449e-01,0.000000e+00,12116.8,33312.9,5207.9,8.06,4.39
CSV,685006,342500,43,0,43,21973,9267,4.217449e-01,0.000000e+00,12356.8,32820.8,4871.0,8.29,4.24
CSV,690006,345000,43,0,43,21973,9267,4.217449e-01,0.000000e+00,12694.2,32364.8,4512.7,8.56,4.06
CSV,695006,347500,43,0,43,21973,9267,4.217449e-01,0.000000e+00,12559.9,32209.9,4613.9,8.44,4.09
CSV,700006,350000,43,0,43,21973,9267,4.217449e-01,0.000000e+00,13011.6,31531.0,4641.2,8.32,3.84
CSV,705006,352500,43,0,43,21973,9267,4.217449e-01,0.000000e+00,12383.4,32327.7,4409.2,8.65,4.17
CSV,710006,355000,43,0,43,21973,9267,4.217449e-01,0.000000e+00,12339.6,32600.3,4324.7,8.77,4.22
BER: SYNC #44 (gated)
CSV,715006,357500,44,0,43,22010,9268,4.210813e-01,0.000000e+00,12450.1,33248.1,4672.0,8.52,4.27
BER: END_SEQ #44 [SLIP] seq_err=200 BER_seq=3.9139e-01 | lock=0 slip=44 BER_cond=0.0000e+00 BER_cum=4.2105e-01
CSV,720006,360000,44,0,44,22484,9467,4.210550e-01,0.000000e+00,13907.0,37471.9,4740.1,8.98,4.30
CSV,725006,362500,44,0,44,22484,9467,4.210550e-01,0.000000e+00,14926.0,41879.9,4119.9,10.07,4.48
BER: SYNC #45 (gated)
CSV,730006,365000,45,0,44,22838,9627,4.215343e-01,0.000000e+00,12184.2,31758.9,5376.7,7.71,4.16
BER: END_SEQ #45 [SLIP] seq_err=246 BER_seq=4.8141e-01 | lock=0 slip=45 BER_cond=0.0000e+00 BER_cum=4.2240e-01
CSV,735006,367500,45,0,45,22995,9713,4.223962e-01,0.000000e+00,12570.6,30986.4,6718.6,6.64,3.92
CSV,740006,370000,45,0,45,22995,9713,4.223962e-01,0.000000e+00,12425.3,32984.8,10283.9,5.06,4.24
CSV,745006,372500,45,0,45,22995,9713,4.223962e-01,0.000000e+00,12720.6,34929.8,14220.8,3.90,4.39
CSV,750006,375000,45,0,45,22995,9713,4.223962e-01,0.000000e+00,16429.9,47302.2,2863.6,12.18,4.59
CSV,755006,377500,45,0,45,22995,9713,4.223962e-01,0.000000e+00,17873.5,51550.3,1698.0,14.82,4.60
BER: SYNC #46 (gated)
CSV,760006,380000,46,0,45,23414,9807,4.188520e-01,0.000000e+00,15666.7,43853.9,2951.4,11.72,4.47
BER: END_SEQ #46 [SLIP] seq_err=103 BER_seq=2.0157e-01 | lock=0 slip=46 BER_cond=0.0000e+00 BER_cum=4.1760e-01
CSV,765006,382500,46,0,46,23506,9816,4.175955e-01,0.000000e+00,12274.2,30591.8,5088.9,7.79,3.97
CSV,770006,385000,46,0,46,23506,9816,4.175955e-01,0.000000e+00,12196.7,30272.5,5068.6,7.76,3.95
CSV,775006,387500,46,0,46,23506,9816,4.175955e-01,0.000000e+00,12491.1,30327.2,5094.6,7.75,3.85
CSV,780006,390000,46,0,46,23506,9816,4.175955e-01,0.000000e+00,11983.5,31762.8,5246.5,7.82,4.23
CSV,785006,392500,46,0,46,23506,9816,4.175955e-01,0.000000e+00,12198.3,29898.2,5355.7,7.47,3.89
CSV,790006,395000,46,0,46,23506,9816,4.175955e-01,0.000000e+00,12653.4,29655.4,5168.3,7.59,3.70
CSV,795006,397500,46,0,46,23506,9816,4.175955e-01,0.000000e+00,12670.6,30102.3,5071.4,7.73,3.76
CSV,800006,400000,46,0,46,23506,9816,4.175955e-01,0.000000e+00,12689.6,29593.2,4755.9,7.94,3.68
CSV,805006,402500,46,0,46,23506,9816,4.175955e-01,0.000000e+00,12256.8,30599.8,5071.6,7.81,3.97
CSV,810006,405000,46,0,46,23506,9816,4.175955e-01,0.000000e+00,12289.3,31014.1,5157.0,7.79,4.02
CSV,815006,407500,46,0,46,23506,9816,4.175955e-01,0.000000e+00,14029.8,37735.3,4894.2,8.87,4.30
CSV,820006,410000,46,0,46,23506,9816,4.175955e-01,0.000000e+00,16955.0,46845.4,3614.3,11.13,4.41
BER: SYNC #47 (gated)
CSV,825006,412500,47,0,46,23951,9941,4.150558e-01,0.000000e+00,16804.3,46935.7,3992.3,10.70,4.46
BER: END_SEQ #47 [SLIP] seq_err=157 BER_seq=3.0724e-01 | lock=0 slip=47 BER_cond=0.0000e+00 BER_cum=4.1525e-01
CSV,830006,415000,47,0,47,24017,9973,4.152475e-01,0.000000e+00,16145.2,47389.0,3335.2,11.53,4.68
CSV,835006,417500,47,0,47,24017,9973,4.152475e-01,0.000000e+00,16364.4,44796.3,6150.0,8.62,4.37
BER: SYNC #48 (gated)
CSV,840006,420000,48,0,47,24197,10029,4.144729e-01,0.000000e+00,16884.6,50407.8,3317.4,11.82,4.75
BER: END_SEQ #48 [SLIP] seq_err=233 BER_seq=4.5597e-01 | lock=0 slip=48 BER_cond=0.0000e+00 BER_cum=4.1610e-01
CSV,845006,422500,48,0,48,24528,10206,4.160959e-01,0.000000e+00,16602.8,51351.3,2629.7,12.91,4.90
BER: SYNC #49 (gated)
CSV,850006,425000,49,0,48,24535,10206,4.159772e-01,0.000000e+00,16804.6,48854.2,2642.2,12.67,4.63
CSV,855006,427500,49,0,48,25030,10426,4.165401e-01,0.000000e+00,16986.2,48808.0,2899.8,12.26,4.58
BER: END_SEQ #49 [SLIP] seq_err=223 BER_seq=4.3640e-01 | lock=0 slip=49 BER_cond=0.0000e+00 BER_cum=4.1651e-01
BER: SYNC #50 (gated)
CSV,860006,430000,50,0,49,25455,10519,4.132391e-01,0.000000e+00,16960.9,47130.0,2842.8,12.20,4.44
BER: END_SEQ #50 [SLIP] seq_err=126 BER_seq=2.4658e-01 | lock=0 slip=50 BER_cond=0.0000e+00 BER_cum=4.1311e-01
BER: SYNC #51 (gated)
CSV,865006,432500,51,0,50,25878,10702,4.135559e-01,0.000000e+00,16060.1,43230.7,2920.8,11.70,4.30
BER: END_SEQ #51 [SLIP] seq_err=239 BER_seq=4.6771e-01 | lock=0 slip=51 BER_cond=0.0000e+00 BER_cum=4.1418e-01
CSV,870006,435000,51,0,51,26061,10794,4.141821e-01,0.000000e+00,14278.9,37910.8,3747.2,10.05,4.24
BER: SYNC #52 (gated)
CSV,875006,437500,52,0,51,26215,10821,4.127789e-01,0.000000e+00,16214.8,35795.9,4978.2,8.57,3.44
BER: END_SEQ #52 [SLIP] seq_err=93 BER_seq=1.8200e-01 | lock=0 slip=52 BER_cond=0.0000e+00 BER_cum=4.0972e-01
CSV,880006,440000,52,0,52,26572,10887,4.097170e-01,0.000000e+00,18659.6,52959.2,5264.4,10.03,4.53
CSV,885006,442500,52,0,52,26572,10887,4.097170e-01,0.000000e+00,13127.3,30587.0,4751.6,8.09,3.67
CSV,890006,445000,52,0,52,26572,10887,4.097170e-01,0.000000e+00,12981.3,30855.0,5274.3,7.67,3.76
CSV,895006,447500,52,0,52,26572,10887,4.097170e-01,0.000000e+00,12837.7,31017.9,4837.6,8.07,3.83
BER: SYNC #53 (gated)
CSV,900006,450000,53,0,52,26870,10994,4.091552e-01,0.000000e+00,13286.1,31133.5,5184.6,7.79,3.70
BER: END_SEQ #53 [SLIP] seq_err=207 BER_seq=4.0509e-01 | lock=0 slip=53 BER_cond=0.0000e+00 BER_cum=4.0963e-01
BER: SYNC #54 (gated)
CSV,905006,452500,54,0,53,27295,11181,4.096355e-01,0.000000e+00,12888.0,31577.5,5046.4,7.96,3.89
BER: END_SEQ #54 [SLIP] seq_err=150 BER_seq=2.9354e-01 | lock=0 slip=54 BER_cond=0.0000e+00 BER_cum=4.0748e-01
CSV,910006,455000,54,0,54,27594,11244,4.074799e-01,0.000000e+00,13034.3,31617.3,5354.0,7.71,3.85
CSV,915006,457500,54,0,54,27594,11244,4.074799e-01,0.000000e+00,12976.4,31758.5,4985.2,8.04,3.89
CSV,920006,460000,54,0,54,27594,11244,4.074799e-01,0.000000e+00,13055.1,30920.3,4921.3,7.98,3.74
CSV,925006,462500,54,0,54,27594,11244,4.074799e-01,0.000000e+00,13352.5,30946.3,5024.7,7.90,3.65
CSV,930006,465000,54,0,54,27594,11244,4.074799e-01,0.000000e+00,13052.1,31668.3,5145.5,7.89,3.85
BER: SYNC #55 (gated)
CSV,935006,467500,55,0,54,27861,11369,4.080614e-01,0.000000e+00,13192.4,30795.7,4956.8,7.93,3.68
BER: END_SEQ #55 [SLIP] seq_err=253 BER_seq=4.9511e-01 | lock=0 slip=55 BER_cond=0.0000e+00 BER_cum=4.0907e-01
CSV,940006,470000,55,0,55,28105,11497,4.090731e-01,0.000000e+00,13248.9,31553.8,4614.0,8.35,3.77
BER: SYNC #56 (gated)
CSV,945006,472500,56,0,55,28195,11544,4.094343e-01,0.000000e+00,12881.4,32195.5,4812.0,8.25,3.98
BER: END_SEQ #56 [SLIP] seq_err=255 BER_seq=4.9902e-01 | lock=0 slip=56 BER_cond=0.0000e+00 BER_cum=4.1068e-01
BER: SYNC #57 (gated)
CSV,950006,475000,57,0,56,28623,11754,4.106488e-01,0.000000e+00,13028.4,30769.9,4829.6,8.04,3.73
CSV,955006,477500,57,0,56,29118,11953,4.105021e-01,0.000000e+00,13260.9,31181.2,4908.1,8.03,3.71
BER: END_SEQ #57 [SLIP] seq_err=203 BER_seq=3.9726e-01 | lock=0 slip=57 BER_cond=0.0000e+00 BER_cum=4.1044e-01
CSV,960006,480000,57,0,57,29127,11955,4.104439e-01,0.000000e+00,13371.4,31339.1,4999.0,7.97,3.70
CSV,965006,482500,57,0,57,29127,11955,4.104439e-01,0.000000e+00,13557.8,31203.1,4938.1,8.01,3.62
BER: SYNC #58 (gated)
CSV,970006,485000,58,0,57,29370,12016,4.091250e-01,0.000000e+00,13316.6,31608.9,4725.1,8.25,3.75
BER: END_SEQ #58 [SLIP] seq_err=109 BER_seq=2.1331e-01 | lock=0 slip=58 BER_cond=0.0000e+00 BER_cum=4.0705e-01
CSV,975006,487500,58,0,58,29638,12064,4.070450e-01,0.000000e+00,13665.8,31503.1,4567.5,8.39,3.63
CSV,980006,490000,58,0,58,29638,12064,4.070450e-01,0.000000e+00,12812.0,32659.0,5161.1,8.01,4.06
CSV,985006,492500,58,0,58,29638,12064,4.070450e-01,0.000000e+00,13091.7,31895.1,4862.0,8.17,3.87
BER: SYNC #59 (gated)
CSV,990006,495000,59,0,58,30106,12298,4.084900e-01,0.000000e+00,13267.0,31004.1,4624.3,8.26,3.69
BER: END_SEQ #59 [SLIP] seq_err=252 BER_seq=4.9315e-01 | lock=0 slip=59 BER_cond=0.0000e+00 BER_cum=4.0850e-01
BER: SYNC #60 (gated)
CSV,995006,497500,60,0,59,30537,12443,4.074729e-01,0.000000e+00,13150.1,32159.1,4999.3,8.08,3.88
BER: END_SEQ #60 [SLIP] seq_err=166 BER_seq=3.2485e-01 | lock=0 slip=60 BER_cond=0.0000e+00 BER_cum=4.0711e-01
CSV,1000006,500000,60,0,60,30660,12482,4.071102e-01,0.000000e+00,13386.2,31707.2,4996.1,8.03,3.75
CSV,1005006,502500,60,0,60,30660,12482,4.071102e-01,0.000000e+00,13225.2,31640.8,5181.3,7.86,3.79
BER: SYNC #61 (gated)
CSV,1010006,505000,61,0,60,30782,12522,4.067962e-01,0.000000e+00,13416.1,31920.7,4918.1,8.12,3.76
BER: END_SEQ #61 [SLIP] seq_err=235 BER_seq=4.5988e-01 | lock=0 slip=61 BER_cond=0.0000e+00 BER_cum=4.0798e-01
CSV,1015006,507500,61,0,61,31171,12717,4.079754e-01,0.000000e+00,13554.0,31875.0,4833.7,8.19,3.71
CSV,1020006,510000,61,0,61,31171,12717,4.079754e-01,0.000000e+00,13259.5,31894.4,4800.7,8.22,3.81
BER: SYNC #62 (gated)
CSV,1025006,512500,62,0,61,31615,12881,4.074332e-01,0.000000e+00,13271.7,31281.3,4843.9,8.10,3.72
BER: END_SEQ #62 [SLIP] seq_err=198 BER_seq=3.8748e-01 | lock=0 slip=62 BER_cond=0.0000e+00 BER_cum=4.0764e-01
CSV,1030006,515000,62,0,62,31682,12915,4.076447e-01,0.000000e+00,13730.3,31835.1,5111.8,7.94,3.65
BER: SYNC #63 (gated)
CSV,1035006,517500,63,0,62,31947,13002,4.069866e-01,0.000000e+00,13297.8,31831.3,4557.6,8.44,3.79
BER: END_SEQ #63 [SLIP] seq_err=211 BER_seq=4.1292e-01 | lock=0 slip=63 BER_cond=0.0000e+00 BER_cum=4.0773e-01
CSV,1040006,520000,63,0,63,32193,13126,4.077284e-01,0.000000e+00,13308.6,32776.4,4960.4,8.20,3.91
CSV,1045006,522500,63,0,63,32193,13126,4.077284e-01,0.000000e+00,13105.3,32390.3,4939.3,8.17,3.93
CSV,1050006,525000,63,0,63,32193,13126,4.077284e-01,0.000000e+00,13345.1,30923.2,4956.0,7.95,3.65
CSV,1055006,527500,63,0,63,32193,13126,4.077284e-01,0.000000e+00,13499.7,31938.5,4822.9,8.21,3.74
CSV,1060006,530000,63,0,63,32193,13126,4.077284e-01,0.000000e+00,13292.4,31525.6,4976.4,8.02,3.75
CSV,1065006,532500,63,0,63,32193,13126,4.077284e-01,0.000000e+00,13548.0,31425.8,4865.6,8.10,3.65
CSV,1070006,535000,63,0,63,32193,13126,4.077284e-01,0.000000e+00,13666.4,31525.8,4730.6,8.24,3.63
BER: SYNC #64 (gated)
CSV,1075006,537500,64,0,63,32346,13144,4.063563e-01,0.000000e+00,13574.1,31379.4,4754.7,8.20,3.64
BER: END_SEQ #64 [SLIP] seq_err=163 BER_seq=3.1898e-01 | lock=0 slip=64 BER_cond=0.0000e+00 BER_cum=4.0634e-01
BER: SYNC #65 (gated)
CSV,1080006,540000,65,0,64,32767,13300,4.058962e-01,0.000000e+00,13113.6,33043.1,4650.1,8.52,4.01
BER: END_SEQ #65 [SLIP] seq_err=231 BER_seq=4.5205e-01 | lock=0 slip=65 BER_cond=0.0000e+00 BER_cum=4.0705e-01
CSV,1085006,542500,65,0,65,33215,13520,4.070450e-01,0.000000e+00,13387.7,31810.4,4685.8,8.32,3.76
CSV,1090006,545000,65,0,65,33215,13520,4.070450e-01,0.000000e+00,13624.5,31155.7,4865.6,8.06,3.59
CSV,1095006,547500,65,0,65,33215,13520,4.070450e-01,0.000000e+00,13067.5,31852.6,4809.5,8.21,3.87
CSV,1100006,550000,65,0,65,33215,13520,4.070450e-01,0.000000e+00,13214.9,31663.5,4961.0,8.05,3.79
CSV,1105006,552500,65,0,65,33215,13520,4.070450e-01,0.000000e+00,13394.7,32634.6,5037.0,8.12,3.87
CSV,1110006,555000,65,0,65,33215,13520,4.070450e-01,0.000000e+00,13253.9,32834.9,4709.6,8.43,3.94
BER: SYNC #66 (gated)
CSV,1115006,557500,66,0,65,33247,13529,4.069239e-01,0.000000e+00,13291.4,31969.6,4684.4,8.34,3.81
BER: END_SEQ #66 [SLIP] seq_err=228 BER_seq=4.4618e-01 | lock=0 slip=66 BER_cond=0.0000e+00 BER_cum=4.0764e-01
CSV,1120006,560000,66,0,66,33726,13748,4.076380e-01,0.000000e+00,13327.6,31111.2,5133.4,7.83,3.68
CSV,1125006,562500,66,0,66,33726,13748,4.076380e-01,0.000000e+00,13460.6,31240.8,4790.7,8.14,3.66
BER: SYNC #67 (gated)
CSV,1130006,565000,67,0,66,34083,13828,4.057155e-01,0.000000e+00,13446.5,31939.9,5001.7,8.05,3.76
BER: END_SEQ #67 [SLIP] seq_err=103 BER_seq=2.0157e-01 | lock=0 slip=67 BER_cond=0.0000e+00 BER_cum=4.0456e-01
CSV,1135006,567500,67,0,67,34237,13851,4.045623e-01,0.000000e+00,13995.6,30605.8,4880.3,7.97,3.40
CSV,1140006,570000,67,0,67,34237,13851,4.045623e-01,0.000000e+00,13446.1,32313.0,4854.5,8.23,3.81
CSV,1145006,572500,67,0,67,34237,13851,4.045623e-01,0.000000e+00,12969.1,32107.8,4915.5,8.15,3.94
CSV,1150006,575000,67,0,67,34237,13851,4.045623e-01,0.000000e+00,13590.1,31804.4,5140.7,7.91,3.69
CSV,1155006,577500,67,0,67,34237,13851,4.045623e-01,0.000000e+00,13131.4,31306.4,5111.9,7.87,3.77
BER: SYNC #68 (gated)
CSV,1160006,580000,68,0,67,34653,14019,4.045537e-01,0.000000e+00,13359.0,31068.6,4867.4,8.05,3.67
BER: END_SEQ #68 [SLIP] seq_err=195 BER_seq=3.8160e-01 | lock=0 slip=68 BER_cond=0.0000e+00 BER_cum=4.0422e-01
CSV,1165006,582500,68,0,68,34748,14046,4.042247e-01,0.000000e+00,13250.3,32464.0,4901.8,8.21,3.89
CSV,1170006,585000,68,0,68,34748,14046,4.042247e-01,0.000000e+00,13576.3,31745.0,4636.0,8.36,3.69
CSV,1175006,587500,68,0,68,34748,14046,4.042247e-01,0.000000e+00,13789.2,31333.0,4677.5,8.26,3.56
CSV,1180006,590000,68,0,68,34748,14046,4.042247e-01,0.000000e+00,13110.8,32392.6,5064.7,8.06,3.93
CSV,1185006,592500,68,0,68,34748,14046,4.042247e-01,0.000000e+00,13663.5,31110.1,4852.1,8.07,3.57
BER: SYNC #69 (gated)
CSV,1190006,595000,69,0,68,35223,14251,4.045936e-01,0.000000e+00,13481.4,31416.1,4973.9,8.00,3.67
BER: END_SEQ #69 [SLIP] seq_err=213 BER_seq=4.1683e-01 | lock=0 slip=69 BER_cond=0.0000e+00 BER_cum=4.0441e-01
BER: SYNC #70 (gated)
CSV,1195006,597500,70,0,69,35642,14412,4.043544e-01,0.000000e+00,13239.0,32164.6,5012.2,8.07,3.86
BER: END_SEQ #70 [SLIP] seq_err=196 BER_seq=3.8356e-01 | lock=0 slip=70 BER_cond=0.0000e+00 BER_cum=4.0411e-01
CSV,1200006,600000,70,0,70,35770,14455,4.041096e-01,0.000000e+00,13512.4,31337.3,4881.1,8.08,3.65
CSV,1205006,602500,70,0,70,35770,14455,4.041096e-01,0.000000e+00,12978.0,31650.6,4763.0,8.23,3.87
BER: SYNC #71 (gated)
CSV,1210006,605000,71,0,70,35890,14497,4.039287e-01,0.000000e+00,13334.2,31865.0,4888.1,8.14,3.78
BER: END_SEQ #71 [SLIP] seq_err=235 BER_seq=4.5988e-01 | lock=0 slip=71 BER_cond=0.0000e+00 BER_cum=4.0490e-01
CSV,1215006,607500,71,0,71,36281,14690,4.048951e-01,0.000000e+00,13422.1,31474.6,4671.5,8.29,3.70
CSV,1220006,610000,71,0,71,36281,14690,4.048951e-01,0.000000e+00,13521.9,31226.8,4732.6,8.19,3.63
CSV,1225006,612500,71,0,71,36281,14690,4.048951e-01,0.000000e+00,13537.2,31670.4,4923.1,8.08,3.69
BER: SYNC #72 (gated)
CSV,1230006,615000,72,0,71,36637,14802,4.040178e-01,0.000000e+00,13676.2,31274.8,4923.8,8.03,3.59
BER: END_SEQ #72 [SLIP] seq_err=158 BER_seq=3.0920e-01 | lock=0 slip=72 BER_cond=0.0000e+00 BER_cum=4.0357e-01
CSV,1235006,617500,72,0,72,36792,14848,4.035660e-01,0.000000e+00,13511.5,30996.5,4907.3,8.00,3.61
BER: SYNC #73 (gated)
CSV,1240006,620000,73,0,72,36971,14937,4.040194e-01,0.000000e+00,13408.1,32861.9,4697.6,8.45,3.89
BER: END_SEQ #73 [SLIP] seq_err=240 BER_seq=4.6967e-01 | lock=0 slip=73 BER_cond=0.0000e+00 BER_cum=4.0447e-01
CSV,1245006,622500,73,0,73,37303,15088,4.044715e-01,0.000000e+00,13150.6,32783.0,4824.8,8.32,3.97
CSV,1250006,625000,73,0,73,37303,15088,4.044715e-01,0.000000e+00,13351.7,32384.2,4930.6,8.17,3.85
CSV,1255006,627500,73,0,73,37303,15088,4.044715e-01,0.000000e+00,13448.1,31256.5,4884.7,8.06,3.66
CSV,1260006,630000,73,0,73,37303,15088,4.044715e-01,0.000000e+00,13676.7,31613.4,4767.4,8.22,3.64
CSV,1265006,632500,73,0,73,37303,15088,4.044715e-01,0.000000e+00,13105.6,31637.9,4819.4,8.17,3.83
CSV,1270006,635000,73,0,73,37303,15088,4.044715e-01,0.000000e+00,13285.4,31755.6,5068.1,7.97,3.78
CSV,1275006,637500,73,0,73,37303,15088,4.044715e-01,0.000000e+00,13458.7,31629.4,4733.7,8.25,3.71
CSV,1280006,640000,73,0,73,37303,15088,4.044715e-01,0.000000e+00,12737.8,32167.7,4885.4,8.19,4.02
CSV,1285006,642500,73,0,73,37303,15088,4.044715e-01,0.000000e+00,13521.8,31512.0,4874.0,8.11,3.67
BER: SYNC #74 (gated)
CSV,1290006,645000,74,0,73,37774,15308,4.052523e-01,0.000000e+00,13795.7,30678.1,4824.2,8.03,3.47
BER: END_SEQ #74 [SLIP] seq_err=240 BER_seq=4.6967e-01 | lock=0 slip=74 BER_cond=0.0000e+00 BER_cum=4.0535e-01
CSV,1295006,647500,74,0,74,37814,15328,4.053525e-01,0.000000e+00,13061.4,31729.8,4947.1,8.07,3.85
CSV,1300006,650000,74,0,74,37814,15328,4.053525e-01,0.000000e+00,13763.0,31070.7,5006.3,7.93,3.54
CSV,1305006,652500,74,0,74,37814,15328,4.053525e-01,0.000000e+00,13174.4,31403.6,4787.3,8.17,3.77
CSV,1310006,655000,74,0,74,37814,15328,4.053525e-01,0.000000e+00,12805.2,32336.0,4716.8,8.36,4.02
CSV,1315006,657500,74,0,74,37814,15328,4.053525e-01,0.000000e+00,13578.3,31739.8,4980.8,8.04,3.69
CSV,1320006,660000,74,0,74,37814,15328,4.053525e-01,0.000000e+00,13127.8,31443.0,4667.6,8.28,3.79
CSV,1325006,662500,74,0,74,37814,15328,4.053525e-01,0.000000e+00,13354.6,31408.4,4680.0,8.27,3.71
BER: SYNC #75 (gated)
CSV,1330006,665000,75,0,74,38161,15508,4.063835e-01,0.000000e+00,13548.6,31639.1,4808.2,8.18,3.68
BER: END_SEQ #75 [SLIP] seq_err=265 BER_seq=5.1859e-01 | lock=0 slip=75 BER_cond=0.0000e+00 BER_cum=4.0686e-01
CSV,1335006,667500,75,0,75,38325,15593,4.068623e-01,0.000000e+00,13621.4,30356.1,4926.0,7.90,3.48
BER: SYNC #76 (gated)
CSV,1340006,670000,76,0,75,38501,15646,4.063790e-01,0.000000e+00,12926.1,31695.2,4906.8,8.10,3.90
BER: END_SEQ #76 [SLIP] seq_err=226 BER_seq=4.4227e-01 | lock=0 slip=76 BER_cond=0.0000e+00 BER_cum=4.0733e-01
CSV,1345006,672500,76,0,76,38836,15819,4.073282e-01,0.000000e+00,12977.4,31720.0,4890.6,8.12,3.88
CSV,1350006,675000,76,0,76,38836,15819,4.073282e-01,0.000000e+00,13154.8,31667.4,4708.4,8.28,3.82
CSV,1355006,677500,76,0,76,38836,15819,4.073282e-01,0.000000e+00,13670.1,31230.5,4642.5,8.28,3.59
BER: SYNC #77 (gated)
CSV,1360006,680000,77,0,76,39249,15986,4.072970e-01,0.000000e+00,13031.9,31120.4,4922.0,8.01,3.78
BER: END_SEQ #77 [SLIP] seq_err=199 BER_seq=3.8943e-01 | lock=0 slip=77 BER_cond=0.0000e+00 BER_cum=4.0710e-01
CSV,1365006,682500,77,0,77,39347,16018,4.070958e-01,0.000000e+00,13511.5,31028.9,5075.8,7.86,3.61
CSV,1370006,685000,77,0,77,39347,16018,4.070958e-01,0.000000e+00,12991.0,32255.9,4854.6,8.22,3.95
CSV,1375006,687500,77,0,77,39347,16018,4.070958e-01,0.000000e+00,13442.2,31434.8,4905.3,8.07,3.69
BER: SYNC #78 (gated)
CSV,1380006,690000,78,0,77,39407,16040,4.070343e-01,0.000000e+00,12807.6,32525.1,4812.9,8.30,4.05
BER: END_SEQ #78 [SLIP] seq_err=130 BER_seq=2.5440e-01 | lock=0 slip=78 BER_cond=0.0000e+00 BER_cum=4.0514e-01
CSV,1385006,692500,78,0,78,39858,16148,4.051383e-01,0.000000e+00,13033.9,30853.7,4568.6,8.30,3.74
CSV,1390006,695000,78,0,78,39858,16148,4.051383e-01,0.000000e+00,13319.2,31593.6,4751.8,8.23,3.75
CSV,1395006,697500,78,0,78,39858,16148,4.051383e-01,0.000000e+00,13108.7,31968.1,4882.7,8.16,3.87
BER: SYNC #79 (gated)
CSV,1400006,700000,79,0,78,40152,16290,4.057083e-01,0.000000e+00,12989.2,31189.9,4710.7,8.21,3.80
BER: END_SEQ #79 [SLIP] seq_err=252 BER_seq=4.9315e-01 | lock=0 slip=79 BER_cond=0.0000e+00 BER_cum=4.0625e-01
CSV,1405006,702500,79,0,79,40369,16400,4.062523e-01,0.000000e+00,13123.8,31669.3,5031.4,7.99,3.83
BER: SYNC #80 (gated)
CSV,1410006,705000,80,0,79,40488,16407,4.052312e-01,0.000000e+00,12614.0,32347.9,4689.4,8.39,4.09
BER: END_SEQ #80 [SLIP] seq_err=207 BER_seq=4.0509e-01 | lock=0 slip=80 BER_cond=0.0000e+00 BER_cum=4.0624e-01
CSV,1415006,707500,80,0,80,40880,16607,4.062378e-01,0.000000e+00,12740.4,31856.4,4878.5,8.15,3.98
CSV,1420006,710000,80,0,80,40880,16607,4.062378e-01,0.000000e+00,13052.2,31699.0,4720.6,8.27,3.85
CSV,1425006,712500,80,0,80,40880,16607,4.062378e-01,0.000000e+00,13414.3,31134.0,5024.0,7.92,3.66
CSV,1430006,715000,80,0,80,40880,16607,4.062378e-01,0.000000e+00,13097.1,30219.9,4849.3,7.95,3.63
BER: SYNC #81 (gated)
CSV,1435006,717500,81,0,80,41144,16737,4.067908e-01,0.000000e+00,13135.7,30651.8,4645.6,8.19,3.68
BER: END_SEQ #81 [SLIP] seq_err=258 BER_seq=5.0489e-01 | lock=0 slip=81 BER_cond=0.0000e+00 BER_cum=4.0746e-01
CSV,1440006,720000,81,0,81,41391,16865,4.074557e-01,0.000000e+00,12907.9,31757.2,4755.6,8.25,3.91
BER: SYNC #82 (gated)
CSV,1445006,722500,82,0,81,41482,16903,4.074779e-01,0.000000e+00,12251.0,32473.8,4610.4,8.48,4.23
BER: END_SEQ #82 [SLIP] seq_err=179 BER_seq=3.5029e-01 | lock=0 slip=82 BER_cond=0.0000e+00 BER_cum=4.0676e-01
CSV,1450006,725000,82,0,82,41902,17044,4.067586e-01,0.000000e+00,13081.9,31097.3,4824.3,8.09,3.76
CSV,1455006,727500,82,0,82,41902,17044,4.067586e-01,0.000000e+00,13431.5,30163.9,4921.5,7.87,3.51
CSV,1460006,730000,82,0,82,41902,17044,4.067586e-01,0.000000e+00,13530.5,31106.6,4855.3,8.07,3.62
CSV,1465006,732500,82,0,82,41902,17044,4.067586e-01,0.000000e+00,12854.6,31703.1,4862.4,8.14,3.92
CSV,1470006,735000,82,0,82,41902,17044,4.067586e-01,0.000000e+00,12974.6,31112.8,4951.4,7.98,3.80
BER: SYNC #83 (gated)
CSV,1475006,737500,83,0,82,42049,17075,4.060739e-01,0.000000e+00,13006.6,31373.5,5143.5,7.85,3.82
BER: END_SEQ #83 [SLIP] seq_err=215 BER_seq=4.2074e-01 | lock=0 slip=83 BER_cond=0.0000e+00 BER_cum=4.0693e-01
BER: SYNC #84 (gated)
CSV,1480006,740000,84,0,83,42471,17285,4.069836e-01,0.000000e+00,12216.9,32401.3,4808.9,8.29,4.24
BER: END_SEQ #84 [SLIP] seq_err=256 BER_seq=5.0098e-01 | lock=0 slip=84 BER_cond=0.0000e+00 BER_cum=4.0805e-01
CSV,1485006,742500,84,0,84,42924,17515,4.080468e-01,0.000000e+00,12907.9,30968.4,5233.0,7.72,3.80
CSV,1490006,745000,84,0,84,42924,17515,4.080468e-01,0.000000e+00,12927.3,30326.0,4577.6,8.21,3.70
CSV,1495006,747500,84,0,84,42924,17515,4.080468e-01,0.000000e+00,12630.3,30746.6,4811.5,8.06,3.86
BER: SYNC #85 (gated)
CSV,1500006,750000,85,0,84,43217,17596,4.071546e-01,0.000000e+00,12955.6,30155.2,5061.7,7.75,3.67
BER: END_SEQ #85 [SLIP] seq_err=194 BER_seq=3.7965e-01 | lock=0 slip=85 BER_cond=0.0000e+00 BER_cum=4.0771e-01
CSV,1505006,752500,85,0,85,43435,17709,4.077127e-01,0.000000e+00,12677.7,31045.0,4794.0,8.11,3.89

=========================================
=== END OF TEST (duration=25 min) ===
=========================================
FINAL: syncs=85 lock=0 slip=85 slip_rate=1.0000
FINAL: bits_cum=43435 err_cum=17709 BER_cum=4.0771e-01
FINAL: bits_lock=0 err_lock=0 BER_cond=0.0000e+00
=========================================
=== STOP LOGGING NOW ===
=========================================
