

=== RX BOOT - BER TEST MODE ===
MOD=OOK (20 kHz carrier, adaptive threshold)
BPS_MODE=40 (HALF_SAMPLES=1000, 5000 samples/bit @ 200000 Hz)
Expect: 64-bit preamble + Barker13 (1F35h, gated by 8 preamble bits = 0x55) + 511-bit PRBS-9
Noise floor band: 5000 Hz; lock threshold: BER<0.10
Auto-stop: test will halt 25 min after the first sync.
RX: edge-tracking sync, center-3 voting
Starting decoder...

BER: SYNC #1 (gated)
CSV,5008,1000,1,0,0,39,0,0.000000e+00,0.000000e+00,371129.7,52010328064.0,231926.5,53.51,51.47
CSV,10008,2000,1,0,0,239,0,0.000000e+00,0.000000e+00,407098.7,48854327296.0,255218.9,52.82,50.79
CSV,15008,3000,1,0,0,439,0,0.000000e+00,0.000000e+00,420539.7,52728565760.0,254871.7,53.16,50.98
BER: END_SEQ #1 [LOCK] seq_err=0 BER_seq=0.0000e+00 | lock=1 slip=0 BER_cond=0.0000e+00 BER_cum=0.0000e+00
BER: SYNC #2 (gated)
CSV,20008,4000,2,1,0,562,0,0.000000e+00,0.000000e+00,475983.3,53531693056.0,270027.7,52.97,50.51
CSV,25008,5000,2,1,0,762,0,0.000000e+00,0.000000e+00,391556.7,48730787840.0,263546.1,52.67,50.95
CSV,30008,6000,2,1,0,962,0,0.000000e+00,0.000000e+00,397220.9,52118458368.0,247405.2,53.24,51.18
BER: END_SEQ #2 [LOCK] seq_err=0 BER_seq=0.0000e+00 | lock=2 slip=0 BER_cond=0.0000e+00 BER_cum=0.0000e+00
BER: SYNC #3 (gated)
CSV,35008,7000,3,2,0,1085,0,0.000000e+00,0.000000e+00,450742.6,54937710592.0,271214.2,53.07,50.86
CSV,40008,8000,3,2,0,1285,0,0.000000e+00,0.000000e+00,399145.0,45919715328.0,256521.2,52.53,50.61
CSV,45008,9000,3,2,0,1485,0,0.000000e+00,0.000000e+00,416712.4,53993431040.0,253520.9,53.28,51.13
BER: END_SEQ #3 [LOCK] seq_err=0 BER_seq=0.0000e+00 | lock=3 slip=0 BER_cond=0.0000e+00 BER_cum=0.0000e+00
BER: SYNC #4 (gated)
CSV,50008,10000,4,3,0,1607,0,0.000000e+00,0.000000e+00,467192.5,55370018816.0,266847.2,53.17,50.74
CSV,55008,11000,4,3,0,1807,0,0.000000e+00,0.000000e+00,409183.7,46125891584.0,244632.4,52.75,50.52
CSV,60008,12000,4,3,0,2007,0,0.000000e+00,0.000000e+00,417665.3,54134947840.0,251089.6,53.34,51.13
BER: END_SEQ #4 [LOCK] seq_err=0 BER_seq=0.0000e+00 | lock=4 slip=0 BER_cond=0.0000e+00 BER_cum=0.0000e+00
BER: SYNC #5 (gated)
CSV,65008,13000,5,4,0,2130,0,0.000000e+00,0.000000e+00,489281.2,54378840064.0,289453.9,52.74,50.46
CSV,70008,14000,5,4,0,2330,0,0.000000e+00,0.000000e+00,380116.0,47643258880.0,231375.2,53.14,50.98
CSV,75008,15000,5,4,0,2530,0,0.000000e+00,0.000000e+00,387071.7,53815328768.0,250914.8,53.31,51.43
BER: END_SEQ #5 [LOCK] seq_err=0 BER_seq=0.0000e+00 | lock=5 slip=0 BER_cond=0.0000e+00 BER_cum=0.0000e+00
BER: SYNC #6 (gated)
CSV,80008,16000,6,5,0,2653,0,0.000000e+00,0.000000e+00,463340.1,54440456192.0,277068.3,52.93,50.70
CSV,85008,17000,6,5,0,2853,0,0.000000e+00,0.000000e+00,392102.9,47296872448.0,225662.2,53.21,50.81
CSV,90008,18000,6,5,0,3053,0,0.000000e+00,0.000000e+00,441111.8,54815952896.0,258605.7,53.26,50.94
BER: END_SEQ #6 [LOCK] seq_err=0 BER_seq=0.0000e+00 | lock=6 slip=0 BER_cond=0.0000e+00 BER_cum=0.0000e+00
BER: SYNC #7 (gated)
CSV,95008,19000,7,6,0,3176,0,0.000000e+00,0.000000e+00,470337.7,53703008256.0,284761.0,52.76,50.58
CSV,100008,20000,7,6,0,3375,0,0.000000e+00,0.000000e+00,397731.5,47176515584.0,230618.3,53.11,50.74
CSV,105008,21000,7,6,0,3576,0,0.000000e+00,0.000000e+00,364436.1,55530856448.0,235915.5,53.72,51.83
BER: END_SEQ #7 [LOCK] seq_err=0 BER_seq=0.0000e+00 | lock=7 slip=0 BER_cond=0.0000e+00 BER_cum=0.0000e+00
BER: SYNC #8 (gated)
CSV,110008,22000,8,7,0,3698,0,0.000000e+00,0.000000e+00,491239.8,51970359296.0,306497.4,52.29,50.24
CSV,115008,23000,8,7,0,3898,0,0.000000e+00,0.000000e+00,382096.5,48894988288.0,217432.2,53.52,51.07
BER: END_SEQ #8 [LOCK] seq_err=0 BER_seq=0.0000e+00 | lock=8 slip=0 BER_cond=0.0000e+00 BER_cum=0.0000e+00
CSV,120008,24000,8,8,0,4088,0,0.000000e+00,0.000000e+00,425606.8,55473999872.0,268689.9,53.15,51.15
BER: SYNC #9 (gated)
CSV,125008,25000,9,8,0,4221,0,0.000000e+00,0.000000e+00,461339.8,49083817984.0,294128.5,52.22,50.27
CSV,130008,26000,9,8,0,4421,0,0.000000e+00,0.000000e+00,415732.2,53141102592.0,231726.1,53.60,51.07
BER: END_SEQ #9 [LOCK] seq_err=0 BER_seq=0.0000e+00 | lock=9 slip=0 BER_cond=0.0000e+00 BER_cum=0.0000e+00
CSV,135008,27000,9,9,0,4599,0,0.000000e+00,0.000000e+00,471787.1,54173331456.0,272120.5,52.99,50.60
BER: SYNC #10 (gated)
CSV,140008,28000,10,9,0,4744,0,0.000000e+00,0.000000e+00,428972.4,48470351872.0,255625.8,52.78,50.53
CSV,145008,29000,10,9,0,4944,0,0.000000e+00,0.000000e+00,406793.2,52961898496.0,230838.9,53.61,51.15
BER: END_SEQ #10 [LOCK] seq_err=0 BER_seq=0.0000e+00 | lock=10 slip=0 BER_cond=0.0000e+00 BER_cum=0.0000e+00
CSV,150008,30000,10,10,0,5110,0,0.000000e+00,0.000000e+00,423037.0,54400311296.0,287679.8,52.77,51.09
BER: SYNC #11 (gated)
CSV,155008,31000,11,10,0,5266,0,0.000000e+00,0.000000e+00,408899.4,47961313280.0,265949.7,52.56,50.69
CSV,160008,32000,11,10,0,5466,0,0.000000e+00,0.000000e+00,429677.6,54429175808.0,234234.5,53.66,51.03
BER: END_SEQ #11 [LOCK] seq_err=0 BER_seq=0.0000e+00 | lock=11 slip=0 BER_cond=0.0000e+00 BER_cum=0.0000e+00
CSV,165008,33000,11,11,0,5621,0,0.000000e+00,0.000000e+00,475049.2,53278363648.0,289567.6,52.65,50.50
BER: SYNC #12 (gated)
CSV,170008,34000,12,11,0,5789,0,0.000000e+00,0.000000e+00,399170.1,48270209024.0,242369.7,52.99,50.83
CSV,175008,35000,12,11,0,5989,0,0.000000e+00,0.000000e+00,429343.4,53311750144.0,245080.0,53.38,50.94
BER: END_SEQ #12 [LOCK] seq_err=0 BER_seq=0.0000e+00 | lock=12 slip=0 BER_cond=0.0000e+00 BER_cum=0.0000e+00
CSV,180008,36000,12,12,0,6132,0,0.000000e+00,0.000000e+00,485601.9,53361487872.0,287692.1,52.68,50.41
BER: SYNC #13 (gated)
CSV,185008,37000,13,12,0,6312,0,0.000000e+00,0.000000e+00,389791.2,49137139712.0,239327.0,53.12,51.01
CSV,190008,38000,13,12,0,6512,0,0.000000e+00,0.000000e+00,419044.8,53495848960.0,255983.9,53.20,51.06
BER: END_SEQ #13 [LOCK] seq_err=0 BER_seq=0.0000e+00 | lock=13 slip=0 BER_cond=0.0000e+00 BER_cum=0.0000e+00
CSV,195008,39000,13,13,0,6643,0,0.000000e+00,0.000000e+00,448537.6,54545817600.0,302831.4,52.56,50.85
BER: SYNC #14 (gated)
CSV,200008,40000,14,13,0,6834,0,0.000000e+00,0.000000e+00,397958.8,46793752576.0,235593.0,52.98,50.70
CSV,205008,41000,14,13,0,7034,0,0.000000e+00,0.000000e+00,411642.9,52942581760.0,252644.3,53.21,51.09
BER: END_SEQ #14 [LOCK] seq_err=0 BER_seq=0.0000e+00 | lock=14 slip=0 BER_cond=0.0000e+00 BER_cum=0.0000e+00
BER: SYNC #15 (gated)
CSV,210008,42000,15,14,0,7157,0,0.000000e+00,0.000000e+00,503904.0,54743875584.0,283270.1,52.86,50.36
CSV,215008,43000,15,14,0,7357,0,0.000000e+00,0.000000e+00,392041.1,47164006400.0,238627.5,52.96,50.80
CSV,220008,44000,15,14,0,7557,0,0.000000e+00,0.000000e+00,434613.0,54216450048.0,266327.0,53.09,50.96
BER: END_SEQ #15 [LOCK] seq_err=0 BER_seq=0.0000e+00 | lock=15 slip=0 BER_cond=0.0000e+00 BER_cum=0.0000e+00
BER: SYNC #16 (gated)
CSV,225008,45000,16,15,0,7680,0,0.000000e+00,0.000000e+00,464464.0,56042553344.0,287052.6,52.91,50.82
CSV,230008,46000,16,15,0,7880,0,0.000000e+00,0.000000e+00,398245.1,46979153920.0,263380.7,52.51,50.72
CSV,235008,47000,16,15,0,8080,0,0.000000e+00,0.000000e+00,384759.6,52734808064.0,251098.4,53.22,51.37
BER: END_SEQ #16 [LOCK] seq_err=0 BER_seq=0.0000e+00 | lock=16 slip=0 BER_cond=0.0000e+00 BER_cum=0.0000e+00
BER: SYNC #17 (gated)
CSV,240008,48000,17,16,0,8203,0,0.000000e+00,0.000000e+00,459353.1,55817764864.0,265914.8,53.22,50.85
CSV,245008,49000,17,16,0,8403,0,0.000000e+00,0.000000e+00,410084.0,46330806272.0,256915.4,52.56,50.53
CSV,250008,50000,17,16,0,8603,0,0.000000e+00,0.000000e+00,405255.9,53500903424.0,244617.7,53.40,51.21
BER: END_SEQ #17 [LOCK] seq_err=0 BER_seq=0.0000e+00 | lock=17 slip=0 BER_cond=0.0000e+00 BER_cum=0.0000e+00
BER: SYNC #18 (gated)
CSV,255008,51000,18,17,0,8726,0,0.000000e+00,0.000000e+00,485984.9,53172580352.0,276984.1,52.83,50.39
CSV,260008,52000,18,17,0,8925,0,0.000000e+00,0.000000e+00,396076.3,49264566272.0,261760.9,52.75,50.95
CSV,265008,53000,18,17,0,9125,0,0.000000e+00,0.000000e+00,411426.5,52263624704.0,256372.3,53.09,51.04
BER: END_SEQ #18 [LOCK] seq_err=0 BER_seq=0.0000e+00 | lock=18 slip=0 BER_cond=0.0000e+00 BER_cum=0.0000e+00
BER: SYNC #19 (gated)
CSV,270008,54000,19,18,0,9248,0,0.000000e+00,0.000000e+00,441243.8,53881036800.0,270568.1,52.99,50.87
CSV,275008,55000,19,18,0,9448,0,0.000000e+00,0.000000e+00,389980.4,48278347776.0,256839.4,52.74,50.93
CSV,280008,56000,19,18,0,9648,0,0.000000e+00,0.000000e+00,398083.2,52796416000.0,248137.7,53.28,51.23
BER: END_SEQ #19 [LOCK] seq_err=0 BER_seq=0.0000e+00 | lock=19 slip=0 BER_cond=0.0000e+00 BER_cum=0.0000e+00
BER: SYNC #20 (gated)
CSV,285008,57000,20,19,0,9771,0,0.000000e+00,0.000000e+00,473674.7,53950607360.0,269582.9,53.01,50.57
CSV,290008,58000,20,19,0,9971,0,0.000000e+00,0.000000e+00,403079.0,46635794432.0,252270.0,52.67,50.63
CSV,295008,59000,20,19,0,10171,0,0.000000e+00,0.000000e+00,434304.9,53073047552.0,264649.3,53.02,50.87
BER: END_SEQ #20 [LOCK] seq_err=0 BER_seq=0.0000e+00 | lock=20 slip=0 BER_cond=0.0000e+00 BER_cum=0.0000e+00
BER: SYNC #21 (gated)
CSV,300008,60000,21,20,0,10293,0,0.000000e+00,0.000000e+00,467895.6,56072810496.0,267001.4,53.22,50.79
CSV,305008,61000,21,20,0,10494,0,0.000000e+00,0.000000e+00,384765.6,44949069824.0,264174.5,52.31,50.68
CSV,310008,62000,21,20,0,10693,0,0.000000e+00,0.000000e+00,395619.4,54626156544.0,246123.6,53.46,51.40
BER: END_SEQ #21 [LOCK] seq_err=0 BER_seq=0.0000e+00 | lock=21 slip=0 BER_cond=0.0000e+00 BER_cum=0.0000e+00
BER: SYNC #22 (gated)
CSV,315008,63000,22,21,0,10816,0,0.000000e+00,0.000000e+00,462490.8,54076727296.0,275323.1,52.93,50.68
CSV,320008,64000,22,21,0,11016,0,0.000000e+00,0.000000e+00,379494.4,47733051392.0,253803.0,52.74,51.00
CSV,325008,65000,22,21,0,11216,0,0.000000e+00,0.000000e+00,409913.5,53692399616.0,243257.7,53.44,51.17
BER: END_SEQ #22 [LOCK] seq_err=0 BER_seq=0.0000e+00 | lock=22 slip=0 BER_cond=0.0000e+00 BER_cum=0.0000e+00
BER: SYNC #23 (gated)
CSV,330008,66000,23,22,0,11339,0,0.000000e+00,0.000000e+00,469874.8,55004962816.0,281524.8,52.91,50.68
CSV,335008,67000,23,22,0,11539,0,0.000000e+00,0.000000e+00,420753.6,46770573312.0,262052.8,52.52,50.46
CSV,340008,68000,23,22,0,11739,0,0.000000e+00,0.000000e+00,423095.9,54392393728.0,236630.7,53.61,51.09
BER: END_SEQ #23 [LOCK] seq_err=0 BER_seq=0.0000e+00 | lock=23 slip=0 BER_cond=0.0000e+00 BER_cum=0.0000e+00
BER: SYNC #24 (gated)
CSV,345008,69000,24,23,0,11862,0,0.000000e+00,0.000000e+00,467050.1,53809897472.0,295085.0,52.61,50.61
CSV,350008,70000,24,23,0,12061,0,0.000000e+00,0.000000e+00,394632.4,47605358592.0,243328.7,52.91,50.81
CSV,355008,71000,24,23,0,12262,0,0.000000e+00,0.000000e+00,369746.9,55037673472.0,229601.8,53.80,51.73
BER: END_SEQ #24 [LOCK] seq_err=0 BER_seq=0.0000e+00 | lock=24 slip=0 BER_cond=0.0000e+00 BER_cum=0.0000e+00
BER: SYNC #25 (gated)
CSV,360008,72000,25,24,0,12384,0,0.000000e+00,0.000000e+00,505206.2,52761669632.0,286329.8,52.65,50.19
CSV,365008,73000,25,24,0,12584,0,0.000000e+00,0.000000e+00,375933.1,48774569984.0,262078.3,52.70,51.13
BER: END_SEQ #25 [LOCK] seq_err=0 BER_seq=0.0000e+00 | lock=25 slip=0 BER_cond=0.0000e+00 BER_cum=0.0000e+00
CSV,370008,74000,25,25,0,12775,0,0.000000e+00,0.000000e+00,428896.9,55210078208.0,235123.2,53.71,51.10
BER: SYNC #26 (gated)
CSV,375008,75000,26,25,0,12907,0,0.000000e+00,0.000000e+00,448595.5,48717512704.0,274116.2,52.50,50.36
CSV,380008,76000,26,25,0,13107,0,0.000000e+00,0.000000e+00,423823.5,52841041920.0,259646.5,53.09,50.96
BER: END_SEQ #26 [LOCK] seq_err=0 BER_seq=0.0000e+00 | lock=26 slip=0 BER_cond=0.0000e+00 BER_cum=0.0000e+00
CSV,385008,77000,26,26,0,13286,0,0.000000e+00,0.000000e+00,454109.3,53251497984.0,252513.7,53.24,50.69
BER: SYNC #27 (gated)
CSV,390008,78000,27,26,0,13430,0,0.000000e+00,0.000000e+00,422637.2,48556732416.0,261245.5,52.69,50.60
CSV,395008,79000,27,26,0,13630,0,0.000000e+00,0.000000e+00,415350.2,52592316416.0,263039.0,53.01,51.03
BER: END_SEQ #27 [LOCK] seq_err=0 BER_seq=0.0000e+00 | lock=27 slip=0 BER_cond=0.0000e+00 BER_cum=0.0000e+00
CSV,400008,80000,27,27,0,13797,0,0.000000e+00,0.000000e+00,418397.2,54652960768.0,257991.3,53.26,51.16
BER: SYNC #28 (gated)
CSV,405008,81000,28,27,0,13952,0,0.000000e+00,0.000000e+00,417884.5,47615938560.0,253183.3,52.74,50.57
CSV,410008,82000,28,27,0,14152,0,0.000000e+00,0.000000e+00,420173.8,54800150528.0,260298.0,53.23,51.15
BER: END_SEQ #28 [LOCK] seq_err=0 BER_seq=0.0000e+00 | lock=28 slip=0 BER_cond=0.0000e+00 BER_cum=0.0000e+00
CSV,415008,83000,28,28,0,14308,0,0.000000e+00,0.000000e+00,469300.5,52562518016.0,267132.2,52.94,50.49
BER: SYNC #29 (gated)
CSV,420008,84000,29,28,0,14475,0,0.000000e+00,0.000000e+00,400736.4,48415358976.0,258560.6,52.72,50.82
CSV,425008,85000,29,28,0,14675,0,0.000000e+00,0.000000e+00,430742.9,53490733056.0,242290.4,53.44,50.94
BER: END_SEQ #29 [LOCK] seq_err=0 BER_seq=0.0000e+00 | lock=29 slip=0 BER_cond=0.0000e+00 BER_cum=0.0000e+00
CSV,430008,86000,29,29,0,14819,0,0.000000e+00,0.000000e+00,488240.7,53811744768.0,289486.3,52.69,50.42
BER: SYNC #30 (gated)
CSV,435008,87000,30,29,0,14998,0,0.000000e+00,0.000000e+00,380930.8,48594423808.0,234799.4,53.16,51.06
CSV,440008,88000,30,29,0,15198,0,0.000000e+00,0.000000e+00,421757.1,54390472704.0,254044.2,53.31,51.10
BER: END_SEQ #30 [LOCK] seq_err=0 BER_seq=0.0000e+00 | lock=30 slip=0 BER_cond=0.0000e+00 BER_cum=0.0000e+00
CSV,445008,89000,30,30,0,15330,0,0.000000e+00,0.000000e+00,450455.2,53747519488.0,286751.4,52.73,50.77
BER: SYNC #31 (gated)
CSV,450008,90000,31,30,0,15520,0,0.000000e+00,0.000000e+00,397944.6,47740387328.0,235473.3,53.07,50.79
CSV,455008,91000,31,30,0,15720,0,0.000000e+00,0.000000e+00,413725.8,52891287552.0,251866.1,53.22,51.07
BER: END_SEQ #31 [LOCK] seq_err=0 BER_seq=0.0000e+00 | lock=31 slip=0 BER_cond=0.0000e+00 BER_cum=0.0000e+00
BER: SYNC #32 (gated)
CSV,460008,92000,32,31,0,15843,0,0.000000e+00,0.000000e+00,483827.5,55303499776.0,285792.4,52.87,50.58
CSV,465008,93000,32,31,0,16043,0,0.000000e+00,0.000000e+00,385256.1,47221075968.0,242762.5,52.89,50.88
CSV,470008,94000,32,31,0,16243,0,0.000000e+00,0.000000e+00,435807.4,54565163008.0,252803.1,53.34,50.98
BER: END_SEQ #32 [LOCK] seq_err=0 BER_seq=0.0000e+00 | lock=32 slip=0 BER_cond=0.0000e+00 BER_cum=0.0000e+00
BER: SYNC #33 (gated)
CSV,475008,95000,33,32,0,16366,0,0.000000e+00,0.000000e+00,484208.4,55793557504.0,283336.2,52.94,50.62
CSV,480008,96000,33,32,0,16566,0,0.000000e+00,0.000000e+00,383485.3,47605985280.0,236990.0,53.03,50.94
CSV,485008,97000,33,32,0,16766,0,0.000000e+00,0.000000e+00,424288.8,52824408064.0,255314.6,53.16,50.95
BER: END_SEQ #33 [LOCK] seq_err=0 BER_seq=0.0000e+00 | lock=33 slip=0 BER_cond=0.0000e+00 BER_cum=0.0000e+00
BER: SYNC #34 (gated)
CSV,490008,98000,34,33,0,16889,0,0.000000e+00,0.000000e+00,464950.0,56121085952.0,284467.3,52.95,50.82
CSV,495008,99000,34,33,0,17089,0,0.000000e+00,0.000000e+00,416919.2,46421028864.0,246486.0,52.75,50.47
CSV,500008,100000,34,33,0,17288,0,0.000000e+00,0.000000e+00,391363.8,54401855488.0,251856.4,53.34,51.43
BER: END_SEQ #34 [LOCK] seq_err=0 BER_seq=0.0000e+00 | lock=34 slip=0 BER_cond=0.0000e+00 BER_cum=0.0000e+00
BER: SYNC #35 (gated)
CSV,505008,101000,35,34,0,17411,0,0.000000e+00,0.000000e+00,496444.0,53529387008.0,276227.9,52.87,50.33
CSV,510008,102000,35,34,0,17611,0,0.000000e+00,0.000000e+00,411744.1,49980538880.0,261672.3,52.81,50.84
CSV,515008,103000,35,34,0,17811,0,0.000000e+00,0.000000e+00,428859.0,52899389440.0,248209.7,53.29,50.91
BER: END_SEQ #35 [LOCK] seq_err=0 BER_seq=0.0000e+00 | lock=35 slip=0 BER_cond=0.0000e+00 BER_cum=0.0000e+00
BER: SYNC #36 (gated)
CSV,520008,104000,36,35,0,17934,0,0.000000e+00,0.000000e+00,492880.7,54728695808.0,283505.1,52.86,50.45
CSV,525008,105000,36,35,0,18134,0,0.000000e+00,0.000000e+00,394961.5,48231923712.0,247550.9,52.90,50.87
CSV,530008,106000,36,35,0,18334,0,0.000000e+00,0.000000e+00,399573.2,53658804224.0,246288.5,53.38,51.28
BER: END_SEQ #36 [LOCK] seq_err=0 BER_seq=0.0000e+00 | lock=36 slip=0 BER_cond=0.0000e+00 BER_cum=0.0000e+00
BER: SYNC #37 (gated)
CSV,535008,107000,37,36,0,18457,0,0.000000e+00,0.000000e+00,453763.8,53974794240.0,277646.8,52.89,50.75
CSV,540008,108000,37,36,0,18657,0,0.000000e+00,0.000000e+00,405748.1,47867547648.0,251102.2,52.80,50.72
CSV,545008,109000,37,36,0,18857,0,0.000000e+00,0.000000e+00,413590.7,52861059072.0,254927.0,53.17,51.07
BER: END_SEQ #37 [LOCK] seq_err=0 BER_seq=0.0000e+00 | lock=37 slip=0 BER_cond=0.0000e+00 BER_cum=0.0000e+00
BER: SYNC #38 (gated)
CSV,550008,110000,38,37,0,18979,0,0.000000e+00,0.000000e+00,479090.5,57423634432.0,272333.0,53.24,50.79
CSV,555008,111000,38,37,0,19179,0,0.000000e+00,0.000000e+00,407727.5,44802863104.0,253671.7,52.47,50.41
CSV,560008,112000,38,37,0,19379,0,0.000000e+00,0.000000e+00,430297.2,55273152512.0,260981.4,53.26,51.09
BER: END_SEQ #38 [LOCK] seq_err=0 BER_seq=0.0000e+00 | lock=38 slip=0 BER_cond=0.0000e+00 BER_cum=0.0000e+00
BER: SYNC #39 (gated)
CSV,565008,113000,39,38,0,19502,0,0.000000e+00,0.000000e+00,469119.3,54701264896.0,278912.0,52.93,50.67
CSV,570008,114000,39,38,0,19702,0,0.000000e+00,0.000000e+00,388785.0,47811448832.0,246681.5,52.87,50.90
CSV,575008,115000,39,38,0,19902,0,0.000000e+00,0.000000e+00,399497.8,54398881792.0,247826.6,53.41,51.34
BER: END_SEQ #39 [LOCK] seq_err=0 BER_seq=0.0000e+00 | lock=39 slip=0 BER_cond=0.0000e+00 BER_cum=0.0000e+00
BER: SYNC #40 (gated)
CSV,580008,116000,40,39,0,20025,0,0.000000e+00,0.000000e+00,474370.9,55836463104.0,284417.1,52.93,50.71
CSV,585008,117000,40,39,0,20225,0,0.000000e+00,0.000000e+00,375851.9,47008391168.0,255194.5,52.65,50.97
CSV,590008,118000,40,39,0,20425,0,0.000000e+00,0.000000e+00,384841.2,55074213888.0,244996.6,53.52,51.56
BER: END_SEQ #40 [LOCK] seq_err=0 BER_seq=0.0000e+00 | lock=40 slip=0 BER_cond=0.0000e+00 BER_cum=0.0000e+00
BER: SYNC #41 (gated)
CSV,595008,119000,41,40,0,20548,0,0.000000e+00,0.000000e+00,487338.6,53888585728.0,289482.4,52.70,50.44
CSV,600008,120000,41,40,0,20748,0,0.000000e+00,0.000000e+00,380007.1,48638267392.0,248394.2,52.92,51.07
CSV,605008,121000,41,40,0,20948,0,0.000000e+00,0.000000e+00,425814.3,54536654848.0,228471.1,53.78,51.07
BER: END_SEQ #41 [LOCK] seq_err=0 BER_seq=0.0000e+00 | lock=41 slip=0 BER_cond=0.0000e+00 BER_cum=0.0000e+00
BER: SYNC #42 (gated)
CSV,610008,122000,42,41,0,21070,0,0.000000e+00,0.000000e+00,484377.6,53388316672.0,298505.5,52.52,50.42
CSV,615008,123000,42,41,0,21270,0,0.000000e+00,0.000000e+00,425926.2,48947580928.0,250775.3,52.90,50.60
BER: END_SEQ #42 [LOCK] seq_err=0 BER_seq=0.0000e+00 | lock=42 slip=0 BER_cond=0.0000e+00 BER_cum=0.0000e+00
CSV,620008,124000,42,42,0,21462,0,0.000000e+00,0.000000e+00,391861.5,55818215424.0,253296.2,53.43,51.54
BER: SYNC #43 (gated)
CSV,625008,125000,43,42,0,21593,0,0.000000e+00,0.000000e+00,479350.8,48967393280.0,297574.9,52.16,50.09
CSV,630008,126000,43,42,0,21793,0,0.000000e+00,0.000000e+00,391369.6,52952993792.0,255615.9,53.16,51.31
BER: END_SEQ #43 [LOCK] seq_err=0 BER_seq=0.0000e+00 | lock=43 slip=0 BER_cond=0.0000e+00 BER_cum=0.0000e+00
CSV,635008,127000,43,43,0,21973,0,0.000000e+00,0.000000e+00,406367.2,53419778048.0,250080.9,53.30,51.19
BER: SYNC #44 (gated)
CSV,640008,128000,44,43,0,22116,0,0.000000e+00,0.000000e+00,450962.5,48987013120.0,264633.9,52.67,50.36
CSV,645008,129000,44,43,0,22316,0,0.000000e+00,0.000000e+00,408469.2,52686016512.0,266870.4,52.95,51.11
BER: END_SEQ #44 [LOCK] seq_err=0 BER_seq=0.0000e+00 | lock=44 slip=0 BER_cond=0.0000e+00 BER_cum=0.0000e+00
CSV,650008,130000,44,44,0,22484,0,0.000000e+00,0.000000e+00,484160.2,55215849472.0,266627.4,53.16,50.57
BER: SYNC #45 (gated)
CSV,655008,131000,45,44,0,22639,0,0.000000e+00,0.000000e+00,443586.1,47549906944.0,272045.1,52.43,50.30
CSV,660008,132000,45,44,0,22838,0,0.000000e+00,0.000000e+00,403902.5,54901071872.0,272544.5,53.04,51.33
BER: END_SEQ #45 [LOCK] seq_err=0 BER_seq=0.0000e+00 | lock=45 slip=0 BER_cond=0.0000e+00 BER_cum=0.0000e+00
CSV,665008,133000,45,45,0,22995,0,0.000000e+00,0.000000e+00,440742.9,53085241344.0,273361.2,52.88,50.81
BER: SYNC #46 (gated)
CSV,670008,134000,46,45,0,23161,0,0.000000e+00,0.000000e+00,423531.8,48798482432.0,251698.4,52.88,50.62
CSV,675008,135000,46,45,0,23361,0,0.000000e+00,0.000000e+00,384046.0,53627801600.0,261991.1,53.11,51.45
BER: END_SEQ #46 [LOCK] seq_err=0 BER_seq=0.0000e+00 | lock=46 slip=0 BER_cond=0.0000e+00 BER_cum=0.0000e+00
CSV,680008,136000,46,46,0,23506,0,0.000000e+00,0.000000e+00,474033.8,54440509440.0,276496.5,52.94,50.60
BER: SYNC #47 (gated)
CSV,685008,137000,47,46,0,23684,0,0.000000e+00,0.000000e+00,405432.2,48525697024.0,236627.0,53.12,50.78
CSV,690008,138000,47,46,0,23884,0,0.000000e+00,0.000000e+00,415492.5,55034216448.0,273289.5,53.04,51.22
BER: END_SEQ #47 [LOCK] seq_err=0 BER_seq=0.0000e+00 | lock=47 slip=0 BER_cond=0.0000e+00 BER_cum=0.0000e+00
CSV,695008,139000,47,47,0,24017,0,0.000000e+00,0.000000e+00,531816.2,53489537024.0,291946.2,52.63,50.03
BER: SYNC #48 (gated)
CSV,700008,140000,48,47,0,24207,0,0.000000e+00,0.000000e+00,384728.2,48814661632.0,254403.1,52.83,51.03
CSV,705008,141000,48,47,0,24407,0,0.000000e+00,0.000000e+00,417824.9,52891250688.0,267252.7,52.96,51.02
BER: END_SEQ #48 [LOCK] seq_err=0 BER_seq=0.0000e+00 | lock=48 slip=0 BER_cond=0.0000e+00 BER_cum=0.0000e+00
BER: SYNC #49 (gated)
CSV,710008,142000,49,48,0,24529,0,0.000000e+00,0.000000e+00,488337.9,55838208000.0,295317.4,52.77,50.58
CSV,715008,143000,49,48,0,24729,0,0.000000e+00,0.000000e+00,390441.9,46794571776.0,251276.1,52.70,50.79
CSV,720008,144000,49,48,0,24929,0,0.000000e+00,0.000000e+00,406886.1,54704480256.0,258008.1,53.26,51.29
BER: END_SEQ #49 [LOCK] seq_err=0 BER_seq=0.0000e+00 | lock=49 slip=0 BER_cond=0.0000e+00 BER_cum=0.0000e+00
BER: SYNC #50 (gated)
CSV,725008,145000,50,49,0,25052,0,0.000000e+00,0.000000e+00,442617.8,55460638720.0,281906.2,52.94,50.98
CSV,730008,146000,50,49,0,25252,0,0.000000e+00,0.000000e+00,427410.4,48562774016.0,247719.3,52.92,50.55
CSV,735008,147000,50,49,0,25452,0,0.000000e+00,0.000000e+00,397665.0,52927033344.0,255897.5,53.16,51.24
BER: END_SEQ #50 [LOCK] seq_err=0 BER_seq=0.0000e+00 | lock=50 slip=0 BER_cond=0.0000e+00 BER_cum=0.0000e+00
BER: SYNC #51 (gated)
CSV,740008,148000,51,50,0,25575,0,0.000000e+00,0.000000e+00,501512.2,56024956928.0,273660.3,53.11,50.48
CSV,745008,149000,51,50,0,25775,0,0.000000e+00,0.000000e+00,395313.6,46867492864.0,257366.9,52.60,50.74
CSV,750008,150000,51,50,0,25975,0,0.000000e+00,0.000000e+00,418629.7,54493974528.0,249482.8,53.39,51.15
BER: END_SEQ #51 [LOCK] seq_err=0 BER_seq=0.0000e+00 | lock=51 slip=0 BER_cond=0.0000e+00 BER_cum=0.0000e+00
BER: SYNC #52 (gated)
CSV,755008,151000,52,51,0,26097,0,0.000000e+00,0.000000e+00,467122.2,53285117952.0,292018.8,52.61,50.57
CSV,760008,152000,52,51,0,26297,0,0.000000e+00,0.000000e+00,398250.2,49697165312.0,262195.7,52.78,50.96
CSV,765008,153000,52,51,0,26497,0,0.000000e+00,0.000000e+00,391419.0,52695953408.0,256194.7,53.13,51.29
BER: END_SEQ #52 [LOCK] seq_err=0 BER_seq=0.0000e+00 | lock=52 slip=0 BER_cond=0.0000e+00 BER_cum=0.0000e+00
BER: SYNC #53 (gated)
CSV,770008,154000,53,52,0,26620,0,0.000000e+00,0.000000e+00,460907.6,55066992640.0,277049.9,52.98,50.77
CSV,775008,155000,53,52,0,26820,0,0.000000e+00,0.000000e+00,414334.4,48232153088.0,256141.6,52.75,50.66
CSV,780008,156000,53,52,0,27020,0,0.000000e+00,0.000000e+00,420858.1,54176813056.0,246854.0,53.41,51.10
BER: END_SEQ #53 [LOCK] seq_err=0 BER_seq=0.0000e+00 | lock=53 slip=0 BER_cond=0.0000e+00 BER_cum=0.0000e+00
BER: SYNC #54 (gated)
CSV,785008,157000,54,53,0,27143,0,0.000000e+00,0.000000e+00,493740.2,53598035968.0,290662.5,52.66,50.36
CSV,790008,158000,54,53,0,27343,0,0.000000e+00,0.000000e+00,405064.1,48581951488.0,246944.6,52.94,50.79
CSV,795008,159000,54,53,0,27543,0,0.000000e+00,0.000000e+00,419824.6,52710535168.0,259103.2,53.08,50.99
BER: END_SEQ #54 [LOCK] seq_err=0 BER_seq=0.0000e+00 | lock=54 slip=0 BER_cond=0.0000e+00 BER_cum=0.0000e+00
BER: SYNC #55 (gated)
CSV,800008,160000,55,54,0,27666,0,0.000000e+00,0.000000e+00,473648.2,57651027968.0,286510.5,53.04,50.85
CSV,805008,161000,55,54,0,27865,0,0.000000e+00,0.000000e+00,399857.0,44585852928.0,260237.3,52.34,50.47
CSV,810008,162000,55,54,0,28065,0,0.000000e+00,0.000000e+00,391118.6,54958137344.0,252227.6,53.38,51.48
BER: END_SEQ #55 [LOCK] seq_err=0 BER_seq=0.0000e+00 | lock=55 slip=0 BER_cond=0.0000e+00 BER_cum=0.0000e+00
BER: SYNC #56 (gated)
CSV,815008,163000,56,55,0,28188,0,0.000000e+00,0.000000e+00,471533.6,54862360576.0,287914.3,52.80,50.66
CSV,820008,164000,56,55,0,28388,0,0.000000e+00,0.000000e+00,402045.2,47266234368.0,250854.7,52.75,50.70
CSV,825008,165000,56,55,0,28588,0,0.000000e+00,0.000000e+00,428016.4,53989965824.0,237865.8,53.56,51.01
BER: END_SEQ #56 [LOCK] seq_err=0 BER_seq=0.0000e+00 | lock=56 slip=0 BER_cond=0.0000e+00 BER_cum=0.0000e+00
BER: SYNC #57 (gated)
CSV,830008,166000,57,56,0,28711,0,0.000000e+00,0.000000e+00,478112.7,55303987200.0,291878.9,52.78,50.63
CSV,835008,167000,57,56,0,28911,0,0.000000e+00,0.000000e+00,410603.2,46504140800.0,255220.9,52.61,50.54
CSV,840008,168000,57,56,0,29111,0,0.000000e+00,0.000000e+00,379879.9,54666166272.0,248895.5,53.42,51.58
BER: END_SEQ #57 [LOCK] seq_err=0 BER_seq=0.0000e+00 | lock=57 slip=0 BER_cond=0.0000e+00 BER_cum=0.0000e+00
BER: SYNC #58 (gated)
CSV,845008,169000,58,57,0,29234,0,0.000000e+00,0.000000e+00,484966.1,53944090624.0,283536.9,52.79,50.46
CSV,850008,170000,58,57,0,29434,0,0.000000e+00,0.000000e+00,373361.3,47874854912.0,260214.6,52.65,51.08
CSV,855008,171000,58,57,0,29634,0,0.000000e+00,0.000000e+00,393737.9,53988675584.0,228129.9,53.74,51.37
BER: END_SEQ #58 [LOCK] seq_err=0 BER_seq=0.0000e+00 | lock=58 slip=0 BER_cond=0.0000e+00 BER_cum=0.0000e+00
BER: SYNC #59 (gated)
CSV,860008,172000,59,58,0,29756,0,0.000000e+00,0.000000e+00,493675.3,53603860480.0,291780.3,52.64,50.36
CSV,865008,173000,59,58,0,29956,0,0.000000e+00,0.000000e+00,404941.6,47801233408.0,269732.1,52.49,50.72
BER: END_SEQ #59 [LOCK] seq_err=0 BER_seq=0.0000e+00 | lock=59 slip=0 BER_cond=0.0000e+00 BER_cum=0.0000e+00
CSV,870008,174000,59,59,0,30149,0,0.000000e+00,0.000000e+00,432623.7,55878901760.0,238339.9,53.70,51.11
BER: SYNC #60 (gated)
CSV,875008,175000,60,59,0,30279,0,0.000000e+00,0.000000e+00,461072.0,49016856576.0,287446.2,52.32,50.27
CSV,880008,176000,60,59,0,30479,0,0.000000e+00,0.000000e+00,408725.7,52450062336.0,261367.6,53.02,51.08
BER: END_SEQ #60 [LOCK] seq_err=0 BER_seq=0.0000e+00 | lock=60 slip=0 BER_cond=0.0000e+00 BER_cum=0.0000e+00
CSV,885008,177000,60,60,0,30660,0,0.000000e+00,0.000000e+00,396327.4,53604151296.0,248914.7,53.33,51.31
BER: SYNC #61 (gated)
CSV,890008,178000,61,60,0,30802,0,0.000000e+00,0.000000e+00,439052.5,49501921280.0,265695.8,52.70,50.52
CSV,895008,179000,61,60,0,31002,0,0.000000e+00,0.000000e+00,410776.6,52281905152.0,271743.0,52.84,51.05
BER: END_SEQ #61 [LOCK] seq_err=0 BER_seq=0.0000e+00 | lock=61 slip=0 BER_cond=0.0000e+00 BER_cum=0.0000e+00
CSV,900008,180000,61,61,0,31171,0,0.000000e+00,0.000000e+00,448391.9,55539347456.0,261983.7,53.26,50.93
BER: SYNC #62 (gated)
CSV,905008,181000,62,61,0,31324,0,0.000000e+00,0.000000e+00,430223.8,47830310912.0,258702.4,52.67,50.46
CSV,910008,182000,62,61,0,31524,0,0.000000e+00,0.000000e+00,433588.6,55248547840.0,275723.0,53.02,51.05
BER: END_SEQ #62 [LOCK] seq_err=0 BER_seq=0.0000e+00 | lock=62 slip=0 BER_cond=0.0000e+00 BER_cum=0.0000e+00
CSV,915008,183000,62,62,0,31682,0,0.000000e+00,0.000000e+00,490373.4,53138096128.0,270499.6,52.93,50.35
BER: SYNC #63 (gated)
CSV,920008,184000,63,62,0,31847,0,0.000000e+00,0.000000e+00,411455.2,49170173952.0,250376.1,52.93,50.77
CSV,925008,185000,63,62,0,32047,0,0.000000e+00,0.000000e+00,414237.5,53488324608.0,273546.0,52.91,51.11
BER: END_SEQ #63 [LOCK] seq_err=0 BER_seq=0.0000e+00 | lock=63 slip=0 BER_cond=0.0000e+00 BER_cum=0.0000e+00
CSV,930008,186000,63,63,0,32193,0,0.000000e+00,0.000000e+00,451127.7,54729883648.0,275412.8,52.98,50.84
BER: SYNC #64 (gated)
CSV,935008,187000,64,63,0,32370,0,0.000000e+00,0.000000e+00,400413.8,48480043008.0,238470.4,53.08,50.83
CSV,940008,188000,64,63,0,32570,0,0.000000e+00,0.000000e+00,410609.5,55019450368.0,267646.8,53.13,51.27
BER: END_SEQ #64 [LOCK] seq_err=0 BER_seq=0.0000e+00 | lock=64 slip=0 BER_cond=0.0000e+00 BER_cum=0.0000e+00
CSV,945008,189000,64,64,0,32704,0,0.000000e+00,0.000000e+00,492823.7,52634742784.0,284949.7,52.67,50.29
BER: SYNC #65 (gated)
CSV,950008,190000,65,64,0,32892,0,0.000000e+00,0.000000e+00,383966.6,48789471232.0,240658.9,53.07,51.04
CSV,955008,191000,65,64,0,33092,0,0.000000e+00,0.000000e+00,426725.1,52734517248.0,265535.3,52.98,50.92
BER: END_SEQ #65 [LOCK] seq_err=0 BER_seq=0.0000e+00 | lock=65 slip=0 BER_cond=0.0000e+00 BER_cum=0.0000e+00
BER: SYNC #66 (gated)
CSV,960008,192000,66,65,0,33215,0,0.000000e+00,0.000000e+00,507975.3,56221597696.0,285412.3,52.94,50.44
CSV,965008,193000,66,65,0,33415,0,0.000000e+00,0.000000e+00,364431.3,46158020608.0,244358.7,52.76,51.03
CSV,970008,194000,66,65,0,33615,0,0.000000e+00,0.000000e+00,420894.2,54928859136.0,255664.0,53.32,51.16
BER: END_SEQ #66 [LOCK] seq_err=0 BER_seq=0.0000e+00 | lock=66 slip=0 BER_cond=0.0000e+00 BER_cum=0.0000e+00
BER: SYNC #67 (gated)
CSV,975008,195000,67,66,0,33738,0,0.000000e+00,0.000000e+00,457016.2,54527029248.0,282926.4,52.85,50.77
CSV,980008,196000,67,66,0,33938,0,0.000000e+00,0.000000e+00,395326.4,48486244352.0,233013.7,53.18,50.89
CSV,985008,197000,67,66,0,34138,0,0.000000e+00,0.000000e+00,401969.2,52781477888.0,261368.2,53.05,51.18
BER: END_SEQ #67 [LOCK] seq_err=0 BER_seq=0.0000e+00 | lock=67 slip=0 BER_cond=0.0000e+00 BER_cum=0.0000e+00
BER: SYNC #68 (gated)
CSV,990008,198000,68,67,0,34261,0,0.000000e+00,0.000000e+00,482352.9,56079847424.0,278638.8,53.04,50.65
CSV,995008,199000,68,67,0,34461,0,0.000000e+00,0.000000e+00,399779.3,46222589952.0,247503.0,52.71,50.63
CSV,1000008,200000,68,67,0,34661,0,0.000000e+00,0.000000e+00,416785.0,54543618048.0,248242.2,53.42,51.17
BER: END_SEQ #68 [LOCK] seq_err=0 BER_seq=0.0000e+00 | lock=68 slip=0 BER_cond=0.0000e+00 BER_cum=0.0000e+00
BER: SYNC #69 (gated)
CSV,1005008,201000,69,68,0,34784,0,0.000000e+00,0.000000e+00,472942.1,53489790976.0,286430.8,52.71,50.53
CSV,1010008,202000,69,68,0,34983,0,0.000000e+00,0.000000e+00,406727.9,49498140672.0,244661.8,53.06,50.85
CSV,1015008,203000,69,68,0,35183,0,0.000000e+00,0.000000e+00,389901.5,52387942400.0,241384.1,53.37,51.28
BER: END_SEQ #69 [LOCK] seq_err=0 BER_seq=0.0000e+00 | lock=69 slip=0 BER_cond=0.0000e+00 BER_cum=0.0000e+00
BER: SYNC #70 (gated)
CSV,1020008,204000,70,69,0,35306,0,0.000000e+00,0.000000e+00,453843.7,54950576128.0,291679.6,52.75,50.83
CSV,1025008,205000,70,69,0,35506,0,0.000000e+00,0.000000e+00,414719.5,48369885184.0,236577.2,53.11,50.67
CSV,1030008,206000,70,69,0,35706,0,0.000000e+00,0.000000e+00,422331.7,53973671936.0,253140.7,53.29,51.07
BER: END_SEQ #70 [LOCK] seq_err=0 BER_seq=0.0000e+00 | lock=70 slip=0 BER_cond=0.0000e+00 BER_cum=0.0000e+00
BER: SYNC #71 (gated)
CSV,1035008,207000,71,70,0,35829,0,0.000000e+00,0.000000e+00,491836.1,53078396928.0,301793.8,52.45,50.33
CSV,1040008,208000,71,70,0,36029,0,0.000000e+00,0.000000e+00,395253.1,48163532800.0,235706.3,53.10,50.86
CSV,1045008,209000,71,70,0,36229,0,0.000000e+00,0.000000e+00,426010.8,53044166656.0,249294.2,53.28,50.95
BER: END_SEQ #71 [LOCK] seq_err=0 BER_seq=0.0000e+00 | lock=71 slip=0 BER_cond=0.0000e+00 BER_cum=0.0000e+00
BER: SYNC #72 (gated)
CSV,1050008,210000,72,71,0,36352,0,0.000000e+00,0.000000e+00,463548.6,57359810560.0,294086.4,52.90,50.93
CSV,1055008,211000,72,71,0,36551,0,0.000000e+00,0.000000e+00,388519.8,45309415424.0,226326.1,53.01,50.67
CSV,1060008,212000,72,71,0,36751,0,0.000000e+00,0.000000e+00,405330.8,54614798336.0,260873.7,53.21,51.30
BER: END_SEQ #72 [LOCK] seq_err=0 BER_seq=0.0000e+00 | lock=72 slip=0 BER_cond=0.0000e+00 BER_cum=0.0000e+00
BER: SYNC #73 (gated)
CSV,1065008,213000,73,72,0,36874,0,0.000000e+00,0.000000e+00,478182.6,55447855104.0,291408.6,52.79,50.64
CSV,1070008,214000,73,72,0,37074,0,0.000000e+00,0.000000e+00,418334.3,47148224512.0,227477.2,53.17,50.52
CSV,1075008,215000,73,72,0,37274,0,0.000000e+00,0.000000e+00,431672.7,54377246720.0,265038.8,53.12,51.00
BER: END_SEQ #73 [LOCK] seq_err=0 BER_seq=0.0000e+00 | lock=73 slip=0 BER_cond=0.0000e+00 BER_cum=0.0000e+00
BER: SYNC #74 (gated)
CSV,1080008,216000,74,73,0,37397,0,0.000000e+00,0.000000e+00,489854.4,56075657216.0,287896.0,52.90,50.59
CSV,1085008,217000,74,73,0,37597,0,0.000000e+00,0.000000e+00,405621.9,46932107264.0,240747.1,52.90,50.63
CSV,1090008,218000,74,73,0,37797,0,0.000000e+00,0.000000e+00,393853.3,54903742464.0,241989.5,53.56,51.44
BER: END_SEQ #74 [LOCK] seq_err=0 BER_seq=0.0000e+00 | lock=74 slip=0 BER_cond=0.0000e+00 BER_cum=0.0000e+00
BER: SYNC #75 (gated)
CSV,1095008,219000,75,74,0,37920,0,0.000000e+00,0.000000e+00,490104.8,55019413504.0,290683.2,52.77,50.50
CSV,1100008,220000,75,74,0,38119,0,0.000000e+00,0.000000e+00,367919.6,47736258560.0,218403.4,53.40,51.13
CSV,1105008,221000,75,74,0,38320,0,0.000000e+00,0.000000e+00,387643.0,54222815232.0,259946.8,53.19,51.46
BER: END_SEQ #75 [LOCK] seq_err=0 BER_seq=0.0000e+00 | lock=75 slip=0 BER_cond=0.0000e+00 BER_cum=0.0000e+00
BER: SYNC #76 (gated)
CSV,1110008,222000,76,75,0,38442,0,0.000000e+00,0.000000e+00,490491.7,54310424576.0,315155.1,52.36,50.44
CSV,1115008,223000,76,75,0,38642,0,0.000000e+00,0.000000e+00,406988.9,47816581120.0,226482.0,53.25,50.70
BER: END_SEQ #76 [LOCK] seq_err=0 BER_seq=0.0000e+00 | lock=76 slip=0 BER_cond=0.0000e+00 BER_cum=0.0000e+00
CSV,1120008,224000,76,76,0,38836,0,0.000000e+00,0.000000e+00,437738.2,56659570688.0,256500.2,53.44,51.12
BER: SYNC #77 (gated)
CSV,1125008,225000,77,76,0,38965,0,0.000000e+00,0.000000e+00,465792.0,49417719808.0,282059.2,52.44,50.26
CSV,1130008,226000,77,76,0,39165,0,0.000000e+00,0.000000e+00,414585.2,52602228736.0,232109.8,53.55,51.03
BER: END_SEQ #77 [LOCK] seq_err=0 BER_seq=0.0000e+00 | lock=77 slip=0 BER_cond=0.0000e+00 BER_cum=0.0000e+00
CSV,1135008,227000,77,77,0,39347,0,0.000000e+00,0.000000e+00,391062.8,54104502272.0,271064.5,53.00,51.41
BER: SYNC #78 (gated)
CSV,1140008,228000,78,77,0,39488,0,0.000000e+00,0.000000e+00,442672.3,49619824640.0,276443.7,52.54,50.50
CSV,1145008,229000,78,77,0,39688,0,0.000000e+00,0.000000e+00,411891.7,52193751040.0,229508.9,53.57,51.03
BER: END_SEQ #78 [LOCK] seq_err=0 BER_seq=0.0000e+00 | lock=78 slip=0 BER_cond=0.0000e+00 BER_cum=0.0000e+00
CSV,1150008,230000,78,78,0,39858,0,0.000000e+00,0.000000e+00,453087.4,55459844096.0,290928.7,52.80,50.88
BER: SYNC #79 (gated)
CSV,1155008,231000,79,78,0,40011,0,0.000000e+00,0.000000e+00,422670.8,47679356928.0,256981.6,52.68,50.52
CSV,1160008,232000,79,78,0,40210,0,0.000000e+00,0.000000e+00,429179.0,55130099712.0,250008.3,53.43,51.09
BER: END_SEQ #79 [LOCK] seq_err=0 BER_seq=0.0000e+00 | lock=79 slip=0 BER_cond=0.0000e+00 BER_cum=0.0000e+00
CSV,1165008,233000,79,79,0,40369,0,0.000000e+00,0.000000e+00,478544.8,52904030208.0,276756.6,52.81,50.44
BER: SYNC #80 (gated)
CSV,1170008,234000,80,79,0,40533,0,0.000000e+00,0.000000e+00,411082.7,48502988800.0,254867.2,52.79,50.72
CSV,1175008,235000,80,79,0,40733,0,0.000000e+00,0.000000e+00,409271.2,53661896704.0,237943.1,53.53,51.18
BER: END_SEQ #80 [LOCK] seq_err=0 BER_seq=0.0000e+00 | lock=80 slip=0 BER_cond=0.0000e+00 BER_cum=0.0000e+00
CSV,1180008,236000,80,80,0,40880,0,0.000000e+00,0.000000e+00,462587.2,54529531904.0,310320.1,52.45,50.71
BER: SYNC #81 (gated)
CSV,1185008,237000,81,80,0,41056,0,0.000000e+00,0.000000e+00,400736.0,48209362944.0,249324.2,52.86,50.80
CSV,1190008,238000,81,80,0,41256,0,0.000000e+00,0.000000e+00,411187.6,54809288704.0,255979.6,53.31,51.25
BER: END_SEQ #81 [LOCK] seq_err=0 BER_seq=0.0000e+00 | lock=81 slip=0 BER_cond=0.0000e+00 BER_cum=0.0000e+00
CSV,1195008,239000,81,81,0,41391,0,0.000000e+00,0.000000e+00,496282.6,52326879232.0,285943.7,52.62,50.23
BER: SYNC #82 (gated)
CSV,1200008,240000,82,81,0,41579,0,0.000000e+00,0.000000e+00,376459.8,48994443264.0,225642.1,53.37,51.14
CSV,1205008,241000,82,81,0,41779,0,0.000000e+00,0.000000e+00,431310.4,52269711360.0,254573.2,53.12,50.83
BER: END_SEQ #82 [LOCK] seq_err=0 BER_seq=0.0000e+00 | lock=82 slip=0 BER_cond=0.0000e+00 BER_cum=0.0000e+00
CSV,1210008,242000,82,82,0,41902,0,0.000000e+00,0.000000e+00,502962.7,56217944064.0,301332.0,52.71,50.48
BER: SYNC #83 (gated)
CSV,1215008,243000,83,82,0,42101,0,0.000000e+00,0.000000e+00,373217.6,46217396224.0,240415.2,52.84,50.93
CSV,1220008,244000,83,82,0,42301,0,0.000000e+00,0.000000e+00,414484.2,55049818112.0,259095.3,53.27,51.23
BER: END_SEQ #83 [LOCK] seq_err=0 BER_seq=0.0000e+00 | lock=83 slip=0 BER_cond=0.0000e+00 BER_cum=0.0000e+00
BER: SYNC #84 (gated)
CSV,1225008,245000,84,83,0,42424,0,0.000000e+00,0.000000e+00,453812.1,54090690560.0,296896.2,52.61,50.76
CSV,1230008,246000,84,83,0,42624,0,0.000000e+00,0.000000e+00,414824.2,48530223104.0,250400.0,52.87,50.68
CSV,1235008,247000,84,83,0,42824,0,0.000000e+00,0.000000e+00,407700.2,53283864576.0,260437.0,53.11,51.16
BER: END_SEQ #84 [LOCK] seq_err=0 BER_seq=0.0000e+00 | lock=84 slip=0 BER_cond=0.0000e+00 BER_cum=0.0000e+00
BER: SYNC #85 (gated)
CSV,1240008,248000,85,84,0,42947,0,0.000000e+00,0.000000e+00,477862.0,56197582848.0,271703.1,53.16,50.70
CSV,1245008,249000,85,84,0,43147,0,0.000000e+00,0.000000e+00,398334.3,45722841088.0,247683.1,52.66,50.60
CSV,1250008,250000,85,84,0,43347,0,0.000000e+00,0.000000e+00,426692.9,54640263168.0,245137.0,53.48,51.07
BER: END_SEQ #85 [LOCK] seq_err=0 BER_seq=0.0000e+00 | lock=85 slip=0 BER_cond=0.0000e+00 BER_cum=0.0000e+00
BER: SYNC #86 (gated)
CSV,1255008,251000,86,85,0,43469,0,0.000000e+00,0.000000e+00,472184.5,53946523648.0,295309.6,52.62,50.58
CSV,1260008,252000,86,85,0,43669,0,0.000000e+00,0.000000e+00,398980.1,50263003136.0,251814.8,53.00,51.00
CSV,1265008,253000,86,85,0,43869,0,0.000000e+00,0.000000e+00,393559.0,52185427968.0,260809.0,53.01,51.23
BER: END_SEQ #86 [LOCK] seq_err=0 BER_seq=0.0000e+00 | lock=86 slip=0 BER_cond=0.0000e+00 BER_cum=0.0000e+00
BER: SYNC #87 (gated)
CSV,1270008,254000,87,86,0,43992,0,0.000000e+00,0.000000e+00,456960.5,55298523136.0,293866.4,52.75,50.83
CSV,1275008,255000,87,86,0,44192,0,0.000000e+00,0.000000e+00,418849.7,48799780864.0,247923.7,52.94,50.66
CSV,1280008,256000,87,86,0,44392,0,0.000000e+00,0.000000e+00,413817.6,54585012224.0,245784.6,53.47,51.20
BER: END_SEQ #87 [LOCK] seq_err=0 BER_seq=0.0000e+00 | lock=87 slip=0 BER_cond=0.0000e+00 BER_cum=0.0000e+00
BER: SYNC #88 (gated)
CSV,1285008,257000,88,87,0,44515,0,0.000000e+00,0.000000e+00,487673.8,53293047808.0,284229.0,52.73,50.39
CSV,1290008,258000,88,87,0,44715,0,0.000000e+00,0.000000e+00,390958.8,47728463872.0,243572.4,52.92,50.87
CSV,1295008,259000,88,87,0,44915,0,0.000000e+00,0.000000e+00,423179.0,52988616704.0,270898.8,52.91,50.98
BER: END_SEQ #88 [LOCK] seq_err=0 BER_seq=0.0000e+00 | lock=88 slip=0 BER_cond=0.0000e+00 BER_cum=0.0000e+00
BER: SYNC #89 (gated)
CSV,1300008,260000,89,88,0,45037,0,0.000000e+00,0.000000e+00,460313.3,56899125248.0,282031.9,53.05,50.92
CSV,1305008,261000,89,88,0,45238,0,0.000000e+00,0.000000e+00,395597.2,45610799104.0,261603.4,52.41,50.62
CSV,1310008,262000,89,88,0,45437,0,0.000000e+00,0.000000e+00,396134.8,54099185664.0,247294.8,53.40,51.35
BER: END_SEQ #89 [LOCK] seq_err=0 BER_seq=0.0000e+00 | lock=89 slip=0 BER_cond=0.0000e+00 BER_cum=0.0000e+00
BER: SYNC #90 (gated)
CSV,1315008,263000,90,89,0,45560,0,0.000000e+00,0.000000e+00,470167.9,55569072128.0,282689.3,52.94,50.73
CSV,1320008,264000,90,89,0,45760,0,0.000000e+00,0.000000e+00,412969.2,46888468480.0,254829.6,52.65,50.55
CSV,1325008,265000,90,89,0,45960,0,0.000000e+00,0.000000e+00,427428.6,54503116800.0,231943.9,53.71,51.06
BER: END_SEQ #90 [LOCK] seq_err=0 BER_seq=0.0000e+00 | lock=90 slip=0 BER_cond=0.0000e+00 BER_cum=0.0000e+00
BER: SYNC #91 (gated)
CSV,1330008,266000,91,90,0,46083,0,0.000000e+00,0.000000e+00,485653.9,55416381440.0,300370.9,52.66,50.57
CSV,1335008,267000,91,90,0,46283,0,0.000000e+00,0.000000e+00,411772.6,46658088960.0,253850.8,52.64,50.54
CSV,1340008,268000,91,90,0,46483,0,0.000000e+00,0.000000e+00,395147.1,54573305856.0,252090.7,53.35,51.40
BER: END_SEQ #91 [LOCK] seq_err=0 BER_seq=0.0000e+00 | lock=91 slip=0 BER_cond=0.0000e+00 BER_cum=0.0000e+00
BER: SYNC #92 (gated)
CSV,1345008,269000,92,91,0,46606,0,0.000000e+00,0.000000e+00,484653.7,54530560000.0,290896.0,52.73,50.51
CSV,1350008,270000,92,91,0,46806,0,0.000000e+00,0.000000e+00,368258.6,47423913984.0,244609.0,52.88,51.10
CSV,1355008,271000,92,91,0,47006,0,0.000000e+00,0.000000e+00,380829.8,53733208064.0,236120.6,53.57,51.50
BER: END_SEQ #92 [LOCK] seq_err=0 BER_seq=0.0000e+00 | lock=92 slip=0 BER_cond=0.0000e+00 BER_cum=0.0000e+00
BER: SYNC #93 (gated)
CSV,1360008,272000,93,92,0,47128,0,0.000000e+00,0.000000e+00,487388.0,54495690752.0,293539.3,52.69,50.48
CSV,1365008,273000,93,92,0,47328,0,0.000000e+00,0.000000e+00,401454.5,47307767808.0,259379.5,52.61,50.71
BER: END_SEQ #93 [LOCK] seq_err=0 BER_seq=0.0000e+00 | lock=93 slip=0 BER_cond=0.0000e+00 BER_cum=0.0000e+00
CSV,1370008,274000,93,93,0,47523,0,0.000000e+00,0.000000e+00,436897.2,56703721472.0,238082.1,53.77,51.13
BER: SYNC #94 (gated)
CSV,1375008,275000,94,93,0,47651,0,0.000000e+00,0.000000e+00,473430.4,49320153088.0,295252.9,52.23,50.18
CSV,1380008,276000,94,93,0,47851,0,0.000000e+00,0.000000e+00,425353.1,52495953920.0,268419.9,52.91,50.91
BER: END_SEQ #94 [LOCK] seq_err=0 BER_seq=0.0000e+00 | lock=94 slip=0 BER_cond=0.0000e+00 BER_cum=0.0000e+00
CSV,1385008,277000,94,94,0,48034,0,0.000000e+00,0.000000e+00,406864.0,53988937728.0,258966.7,53.19,51.23
BER: SYNC #95 (gated)
CSV,1390008,278000,95,94,0,48174,0,0.000000e+00,0.000000e+00,454945.7,49821941760.0,282566.8,52.46,50.39
CSV,1395008,279000,95,94,0,48374,0,0.000000e+00,0.000000e+00,392810.5,51872649216.0,261124.3,52.98,51.21
BER: END_SEQ #95 [LOCK] seq_err=0 BER_seq=0.0000e+00 | lock=95 slip=0 BER_cond=0.0000e+00 BER_cum=0.0000e+00
CSV,1400008,280000,95,95,0,48545,0,0.000000e+00,0.000000e+00,420335.2,55332880384.0,257501.8,53.32,51.19
BER: SYNC #96 (gated)
CSV,1405008,281000,96,95,0,48696,0,0.000000e+00,0.000000e+00,430657.8,47774552064.0,258113.1,52.67,50.45
CSV,1410008,282000,96,95,0,48896,0,0.000000e+00,0.000000e+00,418200.7,54814924800.0,275929.9,52.98,51.18
BER: END_SEQ #96 [LOCK] seq_err=0 BER_seq=0.0000e+00 | lock=96 slip=0 BER_cond=0.0000e+00 BER_cum=0.0000e+00
CSV,1415008,283000,96,96,0,49056,0,0.000000e+00,0.000000e+00,490281.6,53154385920.0,264860.5,53.03,50.35
BER: SYNC #97 (gated)
CSV,1420008,284000,97,96,0,49219,0,0.000000e+00,0.000000e+00,426968.8,48537518080.0,272631.8,52.51,50.56
CSV,1425008,285000,97,96,0,49419,0,0.000000e+00,0.000000e+00,416119.9,53693026304.0,264192.3,53.08,51.11
BER: END_SEQ #97 [LOCK] seq_err=0 BER_seq=0.0000e+00 | lock=97 slip=0 BER_cond=0.0000e+00 BER_cum=0.0000e+00
CSV,1430008,286000,97,97,0,49567,0,0.000000e+00,0.000000e+00,450686.6,55288279040.0,281508.2,52.93,50.89
BER: SYNC #98 (gated)
CSV,1435008,287000,98,97,0,49742,0,0.000000e+00,0.000000e+00,410208.6,48220418048.0,242522.1,52.98,50.70
CSV,1440008,288000,98,97,0,49942,0,0.000000e+00,0.000000e+00,401219.6,55435116544.0,261579.7,53.26,51.40
BER: END_SEQ #98 [LOCK] seq_err=0 BER_seq=0.0000e+00 | lock=98 slip=0 BER_cond=0.0000e+00 BER_cum=0.0000e+00
CSV,1445008,289000,98,98,0,50078,0,0.000000e+00,0.000000e+00,467840.5,52379697152.0,282055.2,52.69,50.49
BER: SYNC #99 (gated)
CSV,1450008,290000,99,98,0,50265,0,0.000000e+00,0.000000e+00,383108.2,49349877760.0,236310.1,53.20,51.10
CSV,1455008,291000,99,98,0,50464,0,0.000000e+00,0.000000e+00,431499.0,52876644352.0,264871.5,53.00,50.88
BER: END_SEQ #99 [LOCK] seq_err=0 BER_seq=0.0000e+00 | lock=99 slip=0 BER_cond=0.0000e+00 BER_cum=0.0000e+00
CSV,1460008,292000,99,99,0,50589,0,0.000000e+00,0.000000e+00,516735.4,56582979584.0,288860.8,52.92,50.39
BER: SYNC #100 (gated)
CSV,1465008,293000,100,99,0,50787,0,0.000000e+00,0.000000e+00,369778.8,46309904384.0,246267.8,52.74,50.98
CSV,1470008,294000,100,99,0,50987,0,0.000000e+00,0.000000e+00,428468.6,54835519488.0,256005.2,53.31,51.07
BER: END_SEQ #100 [LOCK] seq_err=0 BER_seq=0.0000e+00 | lock=100 slip=0 BER_cond=0.0000e+00 BER_cum=0.0000e+00
BER: SYNC #101 (gated)
CSV,1475008,295000,101,100,0,51110,0,0.000000e+00,0.000000e+00,457041.1,54256816128.0,283950.3,52.81,50.74
CSV,1480008,296000,101,100,0,51310,0,0.000000e+00,0.000000e+00,402154.3,48818061312.0,233788.6,53.20,50.84
CSV,1485008,297000,101,100,0,51510,0,0.000000e+00,0.000000e+00,410397.8,53268914176.0,255715.7,53.19,51.13
BER: END_SEQ #101 [LOCK] seq_err=0 BER_seq=0.0000e+00 | lock=101 slip=0 BER_cond=0.0000e+00 BER_cum=0.0000e+00
BER: SYNC #102 (gated)
CSV,1490008,298000,102,101,0,51633,0,0.000000e+00,0.000000e+00,488419.4,55823089664.0,277562.6,53.03,50.58
CSV,1495008,299000,102,101,0,51833,0,0.000000e+00,0.000000e+00,394205.5,46044102656.0,248197.3,52.68,50.67
CSV,1500008,300000,102,101,0,52032,0,0.000000e+00,0.000000e+00,420425.9,53869244416.0,243951.4,53.44,51.08
BER: END_SEQ #102 [LOCK] seq_err=0 BER_seq=0.0000e+00 | lock=102 slip=0 BER_cond=0.0000e+00 BER_cum=0.0000e+00

=========================================
=== END OF TEST (duration=25 min) ===
=========================================
FINAL: syncs=102 lock=102 slip=0 slip_rate=0.0000
FINAL: bits_cum=52122 err_cum=0 BER_cum=0.0000e+00
FINAL: bits_lock=52122 err_lock=0 BER_cond=0.0000e+00
=========================================
=== STOP LOGGING NOW ===
=========================================
