

=== RX BOOT - BER TEST MODE ===
MOD=OOK (20 kHz carrier, adaptive threshold)
BPS_MODE=40 (HALF_SAMPLES=1000, 5000 samples/bit @ 200000 Hz)
Expect: 64-bit preamble + Barker13 (1F35h, gated by 8 preamble bits = 0x55) + 511-bit PRBS-9
Noise floor band: 5000 Hz; lock threshold: BER<0.10
Auto-stop: test will halt 25 min after the first sync.
RX: edge-tracking sync, center-3 voting
Starting decoder...

CSV,5008,1000,0,0,0,0,0,0.000000e+00,0.000000e+00,2792.5,123053.9,4522.1,14.35,16.44
BER: SYNC #1 (gated)
CSV,10008,2000,1,0,0,176,90,5.113636e-01,0.000000e+00,2694.4,156972.5,4909.2,15.05,17.65
CSV,15008,3000,1,0,0,367,194,5.286103e-01,0.000000e+00,3239.4,154591.9,6157.7,14.00,16.79
BER: END_SEQ #1 [SLIP] seq_err=267 BER_seq=5.2250e-01 | lock=0 slip=1 BER_cond=0.0000e+00 BER_cum=5.2250e-01
CSV,20008,4000,1,0,1,511,267,5.225049e-01,0.000000e+00,3155.2,211970.3,5559.2,15.81,18.27
BER: SYNC #2 (gated)
CSV,25008,5000,2,0,1,700,364,5.200000e-01,0.000000e+00,2678.7,191119.6,4951.5,15.87,18.53
CSV,30008,6000,2,0,1,892,463,5.190583e-01,0.000000e+00,2830.8,183188.8,5082.4,15.57,18.11
BER: END_SEQ #2 [SLIP] seq_err=264 BER_seq=5.1663e-01 | lock=0 slip=2 BER_cond=0.0000e+00 BER_cum=5.1957e-01
CSV,35008,7000,2,0,2,1022,531,5.195695e-01,0.000000e+00,2979.3,171274.7,5273.6,15.12,17.60
CSV,40008,8000,2,0,2,1022,531,5.195695e-01,0.000000e+00,2826.3,183913.0,5584.0,15.18,18.13
CSV,45008,9000,2,0,2,1022,531,5.195695e-01,0.000000e+00,2628.7,152958.8,5106.6,14.76,17.65
BER: SYNC #3 (gated)
CSV,50008,10000,3,0,2,1037,531,5.120540e-01,0.000000e+00,3135.0,220315.6,5580.5,15.96,18.47
CSV,55008,11000,3,0,2,1230,603,4.902439e-01,0.000000e+00,2823.6,139630.0,5223.6,14.27,16.94
CSV,60008,12000,3,0,2,1421,705,4.961295e-01,0.000000e+00,2689.7,160041.9,4804.9,15.23,17.75
BER: END_SEQ #3 [SLIP] seq_err=230 BER_seq=4.5010e-01 | lock=0 slip=3 BER_cond=0.0000e+00 BER_cum=4.9641e-01
BER: SYNC #4 (gated)
CSV,65008,13000,4,0,3,1560,761,4.878205e-01,0.000000e+00,2943.4,198994.6,5577.8,15.52,18.30
CSV,70008,14000,4,0,3,1754,825,4.703535e-01,0.000000e+00,3060.4,199489.3,5130.1,15.90,18.14
CSV,75008,15000,4,0,3,1952,926,4.743852e-01,0.000000e+00,2784.3,153694.6,4808.8,15.05,17.42
BER: END_SEQ #4 [SLIP] seq_err=211 BER_seq=4.1292e-01 | lock=0 slip=4 BER_cond=0.0000e+00 BER_cum=4.7554e-01
CSV,80008,16000,4,0,4,2044,972,4.755382e-01,0.000000e+00,2999.4,162039.8,5099.3,15.02,17.33
CSV,85008,17000,4,0,4,2044,972,4.755382e-01,0.000000e+00,2785.0,159115.6,5322.9,14.76,17.57
CSV,90008,18000,4,0,4,2044,972,4.755382e-01,0.000000e+00,2892.3,184937.4,5352.8,15.38,18.06
BER: SYNC #5 (gated)
CSV,95008,19000,5,0,4,2092,981,4.689293e-01,0.000000e+00,3135.0,211125.6,5584.1,15.78,18.28
CSV,100008,20000,5,0,4,2290,1082,4.724891e-01,0.000000e+00,3156.5,192190.8,5481.0,15.45,17.85
CSV,105008,21000,5,0,4,2488,1192,4.790997e-01,0.000000e+00,2937.8,142601.8,5041.5,14.52,16.86
BER: END_SEQ #5 [SLIP] seq_err=254 BER_seq=4.9706e-01 | lock=0 slip=5 BER_cond=0.0000e+00 BER_cum=4.7984e-01
BER: SYNC #6 (gated)
CSV,110008,22000,6,0,5,2616,1235,4.720948e-01,0.000000e+00,2848.3,152987.5,5027.7,14.83,17.30
CSV,115008,23000,6,0,5,2815,1326,4.710480e-01,0.000000e+00,2655.0,131908.5,4897.8,14.30,16.96
CSV,120008,24000,6,0,5,3009,1430,4.752409e-01,0.000000e+00,2844.3,162626.1,4848.2,15.26,17.57
BER: END_SEQ #6 [SLIP] seq_err=239 BER_seq=4.6771e-01 | lock=0 slip=6 BER_cond=0.0000e+00 BER_cum=4.7782e-01
BER: SYNC #7 (gated)
CSV,125008,25000,7,0,6,3139,1465,4.667091e-01,0.000000e+00,3217.8,174669.2,5606.1,14.94,17.35
CSV,130008,26000,7,0,6,3336,1529,4.583333e-01,0.000000e+00,2900.5,159931.2,5306.1,14.79,17.41
CSV,135008,27000,7,0,6,3534,1643,4.649123e-01,0.000000e+00,2917.1,189524.2,5334.1,15.51,18.13
BER: END_SEQ #7 [SLIP] seq_err=200 BER_seq=3.9139e-01 | lock=0 slip=7 BER_cond=0.0000e+00 BER_cum=4.6547e-01
CSV,140008,28000,7,0,7,3577,1665,4.654739e-01,0.000000e+00,3275.6,205668.5,5408.7,15.80,17.98
CSV,145008,29000,7,0,7,3577,1665,4.654739e-01,0.000000e+00,3117.4,187080.2,5583.0,15.25,17.78
CSV,150008,30000,7,0,7,3577,1665,4.654739e-01,0.000000e+00,3031.8,219572.3,5618.9,15.92,18.60
BER: SYNC #8 (gated)
CSV,155008,31000,8,0,7,3672,1708,4.651416e-01,0.000000e+00,2738.2,153815.7,5270.2,14.65,17.50
CSV,160008,32000,8,0,7,3868,1807,4.671665e-01,0.000000e+00,2842.2,128869.0,4897.4,14.20,16.56
CSV,165008,33000,8,0,7,4066,1899,4.670438e-01,0.000000e+00,2644.0,149030.6,4672.1,15.04,17.51
BER: END_SEQ #8 [SLIP] seq_err=248 BER_seq=4.8532e-01 | lock=0 slip=8 BER_cond=0.0000e+00 BER_cum=4.6795e-01
BER: SYNC #9 (gated)
CSV,170008,34000,9,0,8,4195,1916,4.567342e-01,0.000000e+00,3111.3,153661.0,5248.0,14.67,16.94
CSV,175008,35000,9,0,8,4391,2005,4.566158e-01,0.000000e+00,2779.1,138974.6,5344.1,14.15,16.99
CSV,180008,36000,9,0,8,4586,2103,4.585696e-01,0.000000e+00,2794.0,168289.8,4955.9,15.31,17.80
BER: END_SEQ #9 [SLIP] seq_err=198 BER_seq=3.8748e-01 | lock=0 slip=9 BER_cond=0.0000e+00 BER_cum=4.5901e-01
BER: SYNC #10 (gated)
CSV,185008,37000,10,0,9,4719,2128,4.509430e-01,0.000000e+00,3072.8,157488.2,5266.1,14.76,17.10
CSV,190008,38000,10,0,9,4916,2215,4.505696e-01,0.000000e+00,2665.1,165352.1,4799.2,15.37,17.93
BER: END_SEQ #10 [SLIP] seq_err=204 BER_seq=3.9922e-01 | lock=0 slip=10 BER_cond=0.0000e+00 BER_cum=4.5303e-01
CSV,195008,39000,10,0,10,5110,2315,4.530333e-01,0.000000e+00,2883.5,191980.8,5502.3,15.43,18.23
BER: SYNC #11 (gated)
CSV,200008,40000,11,0,10,5239,2338,4.462684e-01,0.000000e+00,3216.7,191245.3,5177.2,15.67,17.74
CSV,205008,41000,11,0,10,5436,2427,4.464680e-01,0.000000e+00,3014.7,211544.7,5537.5,15.82,18.46
BER: END_SEQ #11 [SLIP] seq_err=206 BER_seq=4.0313e-01 | lock=0 slip=11 BER_cond=0.0000e+00 BER_cum=4.4850e-01
CSV,210008,42000,11,0,11,5621,2521,4.484967e-01,0.000000e+00,3138.2,174665.6,5427.9,15.08,17.46
BER: SYNC #12 (gated)
CSV,215008,43000,12,0,11,5759,2570,4.462580e-01,0.000000e+00,2736.2,122372.1,4892.4,13.98,16.51
CSV,220008,44000,12,0,11,5956,2682,4.503022e-01,0.000000e+00,2563.5,132693.2,4675.1,14.53,17.14
BER: END_SEQ #12 [SLIP] seq_err=255 BER_seq=4.9902e-01 | lock=0 slip=12 BER_cond=0.0000e+00 BER_cum=4.5271e-01
CSV,225008,45000,12,0,12,6132,2776,4.527071e-01,0.000000e+00,2723.7,135867.4,5119.7,14.24,16.98
BER: SYNC #13 (gated)
CSV,230008,46000,13,0,12,6283,2838,4.516951e-01,0.000000e+00,2633.4,119811.9,4335.6,14.41,16.58
CSV,235008,47000,13,0,12,6481,2938,4.533251e-01,0.000000e+00,2488.5,133070.7,4755.5,14.47,17.28
BER: END_SEQ #13 [SLIP] seq_err=241 BER_seq=4.7162e-01 | lock=0 slip=13 BER_cond=0.0000e+00 BER_cum=4.5416e-01
CSV,240008,48000,13,0,13,6643,3017,4.541623e-01,0.000000e+00,2897.5,135560.5,5253.1,14.12,16.70
BER: SYNC #14 (gated)
CSV,245008,49000,14,0,13,6808,3085,4.531434e-01,0.000000e+00,2443.1,121496.9,4554.9,14.26,16.97
CSV,250008,50000,14,0,13,7006,3180,4.538967e-01,0.000000e+00,2495.8,134185.9,4548.0,14.70,17.31
BER: END_SEQ #14 [SLIP] seq_err=238 BER_seq=4.6575e-01 | lock=0 slip=14 BER_cond=0.0000e+00 BER_cum=4.5499e-01
CSV,255008,51000,14,0,14,7154,3255,4.549902e-01,0.000000e+00,2791.0,134804.1,4719.3,14.56,16.84
BER: SYNC #15 (gated)
CSV,260008,52000,15,0,14,7330,3341,4.557981e-01,0.000000e+00,2706.0,128245.8,4598.0,14.45,16.76
CSV,265008,53000,15,0,14,7522,3452,4.589205e-01,0.000000e+00,2502.0,141587.8,4611.0,14.87,17.53
BER: END_SEQ #15 [SLIP] seq_err=278 BER_seq=5.4403e-01 | lock=0 slip=15 BER_cond=0.0000e+00 BER_cum=4.6093e-01
CSV,270008,54000,15,0,15,7665,3533,4.609263e-01,0.000000e+00,2759.2,145149.5,4589.4,15.00,17.21
CSV,275008,55000,15,0,15,7665,3533,4.609263e-01,0.000000e+00,2376.3,127771.3,4653.2,14.39,17.31
CSV,280008,56000,15,0,15,7665,3533,4.609263e-01,0.000000e+00,2709.3,148533.4,4522.4,15.16,17.39
BER: SYNC #16 (gated)
CSV,285008,57000,16,0,15,7667,3533,4.608060e-01,0.000000e+00,2796.6,154924.7,4989.3,14.92,17.43
CSV,290008,58000,16,0,15,7865,3585,4.558169e-01,0.000000e+00,2844.5,136228.8,4834.2,14.50,16.80
CSV,295008,59000,16,0,15,8064,3683,4.567212e-01,0.000000e+00,2618.9,157576.8,4231.0,15.71,17.79
BER: END_SEQ #16 [SLIP] seq_err=207 BER_seq=4.0509e-01 | lock=0 slip=16 BER_cond=0.0000e+00 BER_cum=4.5744e-01
BER: SYNC #17 (gated)
CSV,300008,60000,17,0,16,8190,3741,4.567766e-01,0.000000e+00,2833.3,164652.1,4721.7,15.42,17.64
CSV,305008,61000,17,0,16,8386,3820,4.555211e-01,0.000000e+00,2441.4,134569.7,4533.3,14.73,17.41
CSV,310008,62000,17,0,16,8582,3920,4.567700e-01,0.000000e+00,2574.4,161228.8,4941.5,15.14,17.97
BER: END_SEQ #17 [SLIP] seq_err=232 BER_seq=4.5401e-01 | lock=0 slip=17 BER_cond=0.0000e+00 BER_cum=4.5723e-01
CSV,315008,63000,17,0,17,8687,3972,4.572349e-01,0.000000e+00,2812.8,162865.3,5018.7,15.11,17.63
CSV,320008,64000,17,0,17,8687,3972,4.572349e-01,0.000000e+00,2820.1,139615.9,4977.3,14.48,16.95
CSV,325008,65000,17,0,17,8687,3972,4.572349e-01,0.000000e+00,2662.8,155965.0,4997.3,14.94,17.68
BER: SYNC #18 (gated)
CSV,330008,66000,18,0,17,8723,3982,4.564943e-01,0.000000e+00,2630.6,158562.4,4684.5,15.30,17.80
CSV,335008,67000,18,0,17,8920,4088,4.582960e-01,0.000000e+00,2560.8,145184.4,4985.7,14.64,17.54
CSV,340008,68000,18,0,17,9119,4185,4.589319e-01,0.000000e+00,2582.2,157926.5,4776.7,15.19,17.86
BER: END_SEQ #18 [SLIP] seq_err=259 BER_seq=5.0685e-01 | lock=0 slip=18 BER_cond=0.0000e+00 BER_cum=4.5999e-01
CSV,345008,69000,18,0,18,9198,4231,4.599913e-01,0.000000e+00,2755.4,157523.4,4809.8,15.15,17.57
CSV,350008,70000,18,0,18,9198,4231,4.599913e-01,0.000000e+00,2813.4,144864.2,4905.3,14.70,17.12
CSV,355008,71000,18,0,18,9198,4231,4.599913e-01,0.000000e+00,2493.5,155775.6,4682.6,15.22,17.96
CSV,360008,72000,18,0,18,9198,4231,4.599913e-01,0.000000e+00,2470.2,166882.8,4903.9,15.32,18.30
CSV,365008,73000,18,0,18,9198,4231,4.599913e-01,0.000000e+00,2630.7,142299.3,4747.2,14.77,17.33
CSV,370008,74000,18,0,18,9198,4231,4.599913e-01,0.000000e+00,2546.3,166110.1,4773.6,15.42,18.14
BER: SYNC #19 (gated)
CSV,375008,75000,19,0,18,9271,4231,4.563693e-01,0.000000e+00,2491.9,172500.1,4896.7,15.47,18.40
CSV,380008,76000,19,0,18,9469,4294,4.534798e-01,0.000000e+00,2716.7,135809.8,4545.6,14.75,16.99
CSV,385008,77000,19,0,18,9669,4386,4.536147e-01,0.000000e+00,2718.6,169285.1,4813.6,15.46,17.94
BER: END_SEQ #19 [SLIP] seq_err=174 BER_seq=3.4051e-01 | lock=0 slip=19 BER_cond=0.0000e+00 BER_cum=4.5370e-01
BER: SYNC #20 (gated)
CSV,390008,78000,20,0,19,9791,4428,4.522521e-01,0.000000e+00,3012.4,169389.6,5034.2,15.27,17.50
CSV,395008,79000,20,0,19,9986,4528,4.534348e-01,0.000000e+00,2629.3,144056.8,5264.5,14.37,17.39
CSV,400008,80000,20,0,19,10183,4633,4.549740e-01,0.000000e+00,2692.4,169286.9,5305.8,15.04,17.98
BER: END_SEQ #20 [SLIP] seq_err=240 BER_seq=4.6967e-01 | lock=0 slip=20 BER_cond=0.0000e+00 BER_cum=4.5450e-01
BER: SYNC #21 (gated)
CSV,405008,81000,21,0,20,10315,4688,4.544837e-01,0.000000e+00,2854.3,172315.1,5287.6,15.13,17.81
CSV,410008,82000,21,0,20,10511,4780,4.547617e-01,0.000000e+00,2631.4,152350.1,5341.8,14.55,17.63
CSV,415008,83000,21,0,20,10708,4890,4.566679e-01,0.000000e+00,2467.1,175651.7,5125.5,15.35,18.52
BER: END_SEQ #21 [SLIP] seq_err=258 BER_seq=5.0489e-01 | lock=0 slip=21 BER_cond=0.0000e+00 BER_cum=4.5690e-01
CSV,420008,84000,21,0,21,10731,4903,4.569006e-01,0.000000e+00,2901.3,181847.8,5364.6,15.30,17.97
CSV,425008,85000,21,0,21,10731,4903,4.569006e-01,0.000000e+00,2878.5,163960.9,5014.2,15.15,17.56
CSV,430008,86000,21,0,21,10731,4903,4.569006e-01,0.000000e+00,2991.8,185898.0,5238.8,15.50,17.93
BER: SYNC #22 (gated)
CSV,435008,87000,22,0,21,10850,4914,4.529032e-01,0.000000e+00,2971.7,178957.3,4911.5,15.62,17.80
CSV,440008,88000,22,0,21,11047,5020,4.544220e-01,0.000000e+00,3141.8,170526.0,5684.3,14.77,17.35
BER: END_SEQ #22 [SLIP] seq_err=216 BER_seq=4.2270e-01 | lock=0 slip=22 BER_cond=0.0000e+00 BER_cum=4.5535e-01
CSV,445008,89000,22,0,22,11242,5119,4.553460e-01,0.000000e+00,3509.5,178286.6,5405.9,15.18,17.06
BER: SYNC #23 (gated)
CSV,450008,90000,23,0,22,11369,5152,4.531621e-01,0.000000e+00,3548.9,159191.8,6077.8,14.18,16.52
CSV,455008,91000,23,0,22,11563,5250,4.540344e-01,0.000000e+00,3548.3,147827.7,5505.9,14.29,16.20
BER: END_SEQ #23 [SLIP] seq_err=223 BER_seq=4.3640e-01 | lock=0 slip=23 BER_cond=0.0000e+00 BER_cum=4.5452e-01
CSV,460008,92000,23,0,23,11753,5342,4.545223e-01,0.000000e+00,3902.2,148330.7,5980.5,13.94,15.80
CSV,465008,93000,23,0,23,11753,5342,4.545223e-01,0.000000e+00,3740.3,122115.2,5687.6,13.32,15.14
CSV,470008,94000,23,0,23,11753,5342,4.545223e-01,0.000000e+00,3808.5,131191.4,5514.6,13.76,15.37
CSV,475008,95000,23,0,23,11753,5342,4.545223e-01,0.000000e+00,3840.4,135593.1,5825.3,13.67,15.48
BER: SYNC #24 (gated)
CSV,480008,96000,24,0,23,11901,5415,4.550038e-01,0.000000e+00,3598.1,113064.5,5801.1,12.90,14.97
CSV,485008,97000,24,0,23,12100,5509,4.552892e-01,0.000000e+00,3907.8,125382.3,5325.9,13.72,15.06
BER: END_SEQ #24 [SLIP] seq_err=247 BER_seq=4.8337e-01 | lock=0 slip=24 BER_cond=0.0000e+00 BER_cum=4.5572e-01
CSV,490008,98000,24,0,24,12264,5589,4.557241e-01,0.000000e+00,4147.7,118837.7,6211.4,12.82,14.57
CSV,495008,99000,24,0,24,12264,5589,4.557241e-01,0.000000e+00,3947.3,105688.1,5531.2,12.81,14.28
CSV,500008,100000,24,0,24,12264,5589,4.557241e-01,0.000000e+00,4158.0,117925.2,5738.5,13.13,14.53
CSV,505008,101000,24,0,24,12264,5589,4.557241e-01,0.000000e+00,3849.7,117712.0,5546.0,13.27,14.85
CSV,510008,102000,24,0,24,12264,5589,4.557241e-01,0.000000e+00,3724.5,105448.4,5300.9,12.99,14.52
CSV,515008,103000,24,0,24,12264,5589,4.557241e-01,0.000000e+00,3677.2,108183.8,5368.8,13.04,14.69
CSV,520008,104000,24,0,24,12264,5589,4.557241e-01,0.000000e+00,4163.0,113099.0,5374.6,13.23,14.34
BER: SYNC #25 (gated)
CSV,525008,105000,25,0,24,12449,5649,4.537714e-01,0.000000e+00,3795.0,99243.9,5176.4,12.83,14.17
CSV,530008,106000,25,0,24,12644,5748,4.546030e-01,0.000000e+00,3939.2,109263.1,5628.0,12.88,14.43
BER: END_SEQ #25 [SLIP] seq_err=227 BER_seq=4.4423e-01 | lock=0 slip=25 BER_cond=0.0000e+00 BER_cum=4.5526e-01
BER: SYNC #26 (gated)
CSV,535008,107000,26,0,25,12776,5816,4.552286e-01,0.000000e+00,3707.0,108583.8,6165.5,12.46,14.67
CSV,540008,108000,26,0,25,12974,5899,4.546786e-01,0.000000e+00,3745.1,97432.3,5403.1,12.56,14.15
CSV,545008,109000,26,0,25,13171,5989,4.547111e-01,0.000000e+00,3932.6,104317.9,5697.7,12.63,14.24
BER: END_SEQ #26 [SLIP] seq_err=229 BER_seq=4.4814e-01 | lock=0 slip=26 BER_cond=0.0000e+00 BER_cum=4.5499e-01
BER: SYNC #27 (gated)
CSV,550008,110000,27,0,26,13299,6045,4.545455e-01,0.000000e+00,4354.1,104700.1,5613.2,12.71,13.81
CSV,555008,111000,27,0,26,13500,6111,4.526667e-01,0.000000e+00,3763.4,91664.6,5317.9,12.36,13.87
CSV,560008,112000,27,0,26,13698,6212,4.534969e-01,0.000000e+00,4091.8,101395.2,5089.4,12.99,13.94
BER: END_SEQ #27 [SLIP] seq_err=213 BER_seq=4.1683e-01 | lock=0 slip=27 BER_cond=0.0000e+00 BER_cum=4.5358e-01
BER: SYNC #28 (gated)
CSV,565008,113000,28,0,27,13822,6258,4.527565e-01,0.000000e+00,4094.7,107248.9,5884.5,12.61,14.18
CSV,570008,114000,28,0,27,14019,6306,4.498181e-01,0.000000e+00,3601.1,88446.4,5448.2,12.10,13.90
CSV,575008,115000,28,0,27,14215,6406,4.506507e-01,0.000000e+00,3627.1,102353.2,5553.5,12.66,14.51
BER: END_SEQ #28 [SLIP] seq_err=190 BER_seq=3.7182e-01 | lock=0 slip=28 BER_cond=0.0000e+00 BER_cum=4.5066e-01
BER: SYNC #29 (gated)
CSV,580008,116000,29,0,28,14346,6451,4.496724e-01,0.000000e+00,3934.3,99530.0,5739.0,12.39,14.03
CSV,585008,117000,29,0,28,14545,6461,4.442076e-01,0.000000e+00,3831.0,90214.3,5460.2,12.18,13.72
CSV,590008,118000,29,0,28,14740,6544,4.439620e-01,0.000000e+00,3999.6,95309.7,5339.0,12.52,13.77
BER: END_SEQ #29 [SLIP] seq_err=132 BER_seq=2.5832e-01 | lock=0 slip=29 BER_cond=0.0000e+00 BER_cum=4.4402e-01
BER: SYNC #30 (gated)
CSV,595008,119000,30,0,29,14865,6601,4.440632e-01,0.000000e+00,4140.6,94921.4,5434.4,12.42,13.60
CSV,600008,120000,30,0,29,15062,6706,4.452264e-01,0.000000e+00,3549.8,86512.9,5484.7,11.98,13.87
CSV,605008,121000,30,0,29,15256,6793,4.452674e-01,0.000000e+00,3949.9,94435.7,5277.6,12.53,13.79
BER: END_SEQ #30 [SLIP] seq_err=244 BER_seq=4.7750e-01 | lock=0 slip=30 BER_cond=0.0000e+00 BER_cum=4.4514e-01
BER: SYNC #31 (gated)
CSV,610008,122000,31,0,30,15390,6824,4.434048e-01,0.000000e+00,4161.0,93905.4,5996.4,11.95,13.53
CSV,615008,123000,31,0,30,15587,6883,4.415859e-01,0.000000e+00,3837.2,84972.3,5394.5,11.97,13.45
CSV,620008,124000,31,0,30,15783,6988,4.427549e-01,0.000000e+00,4199.1,90896.6,5722.4,12.01,13.35
BER: END_SEQ #31 [SLIP] seq_err=192 BER_seq=3.7573e-01 | lock=0 slip=31 BER_cond=0.0000e+00 BER_cum=4.4290e-01
BER: SYNC #32 (gated)
CSV,625008,125000,32,0,31,15912,7035,4.421192e-01,0.000000e+00,3909.0,98279.6,6124.1,12.05,14.00
CSV,630008,126000,32,0,31,16108,7137,4.430718e-01,0.000000e+00,3933.8,80419.0,5416.9,11.72,13.11
CSV,635008,127000,32,0,31,16307,7231,4.434292e-01,0.000000e+00,3917.9,93981.6,5456.4,12.36,13.80
BER: END_SEQ #32 [SLIP] seq_err=238 BER_seq=4.6575e-01 | lock=0 slip=32 BER_cond=0.0000e+00 BER_cum=4.4362e-01
CSV,640008,128000,32,0,32,16352,7254,4.436155e-01,0.000000e+00,4101.3,98252.0,5317.7,12.67,13.79
CSV,645008,129000,32,0,32,16352,7254,4.436155e-01,0.000000e+00,3853.3,83409.2,5465.7,11.84,13.35
CSV,650008,130000,32,0,32,16352,7254,4.436155e-01,0.000000e+00,3694.3,98534.3,5056.8,12.90,14.26
CSV,655008,131000,32,0,32,16352,7254,4.436155e-01,0.000000e+00,3610.2,97152.1,5334.2,12.60,14.30
CSV,660008,132000,32,0,32,16352,7254,4.436155e-01,0.000000e+00,4091.3,78100.4,5045.6,11.90,12.81
CSV,665008,133000,32,0,32,16352,7254,4.436155e-01,0.000000e+00,3973.0,94898.7,5727.1,12.19,13.78
CSV,670008,134000,32,0,32,16352,7254,4.436155e-01,0.000000e+00,3875.7,94418.0,5813.2,12.11,13.87
CSV,675008,135000,32,0,32,16352,7254,4.436155e-01,0.000000e+00,4213.7,82806.1,5251.5,11.98,12.93
CSV,680008,136000,32,0,32,16352,7254,4.436155e-01,0.000000e+00,4001.8,93580.9,5352.5,12.43,13.69
CSV,685008,137000,32,0,32,16352,7254,4.436155e-01,0.000000e+00,3615.9,89898.7,5411.5,12.20,13.96
CSV,690008,138000,32,0,32,16352,7254,4.436155e-01,0.000000e+00,3673.8,80902.2,5512.2,11.67,13.43
CSV,695008,139000,32,0,32,16352,7254,4.436155e-01,0.000000e+00,3772.8,93941.8,5232.0,12.54,13.96
CSV,700008,140000,32,0,32,16352,7254,4.436155e-01,0.000000e+00,4030.4,86630.1,5441.3,12.02,13.32
CSV,705008,141000,32,0,32,16352,7254,4.436155e-01,0.000000e+00,3855.9,87114.2,5383.6,12.09,13.54
CSV,710008,142000,32,0,32,16352,7254,4.436155e-01,0.000000e+00,4059.2,91001.0,5851.5,11.92,13.51
CSV,715008,143000,32,0,32,16352,7254,4.436155e-01,0.000000e+00,4135.8,78826.6,5286.6,11.73,12.80
CSV,720008,144000,32,0,32,16352,7254,4.436155e-01,0.000000e+00,3783.8,84704.5,5511.2,11.87,13.50
CSV,725008,145000,32,0,32,16352,7254,4.436155e-01,0.000000e+00,3903.8,88023.6,5286.9,12.21,13.53
CSV,730008,146000,32,0,32,16352,7254,4.436155e-01,0.000000e+00,3857.8,73810.1,5833.6,11.02,12.82
CSV,735008,147000,32,0,32,16352,7254,4.436155e-01,0.000000e+00,3788.2,84803.5,5277.3,12.06,13.50
CSV,740008,148000,32,0,32,16352,7254,4.436155e-01,0.000000e+00,3657.2,85567.2,4876.4,12.44,13.69
CSV,745008,149000,32,0,32,16352,7254,4.436155e-01,0.000000e+00,3513.3,77557.8,5321.7,11.64,13.44
CSV,750008,150000,32,0,32,16352,7254,4.436155e-01,0.000000e+00,3667.4,81444.1,4876.7,12.23,13.47
CSV,755008,151000,32,0,32,16352,7254,4.436155e-01,0.000000e+00,3771.0,82090.5,5494.6,11.74,13.38
BER: SYNC #33 (gated)
CSV,760008,152000,33,0,32,16525,7333,4.437519e-01,0.000000e+00,4011.7,72976.0,5275.2,11.41,12.60
CSV,765008,153000,33,0,32,16723,7434,4.445375e-01,0.000000e+00,3919.2,81088.5,5322.7,11.83,13.16
BER: END_SEQ #33 [SLIP] seq_err=251 BER_seq=4.9119e-01 | lock=0 slip=33 BER_cond=0.0000e+00 BER_cum=4.4506e-01
CSV,770008,154000,33,0,33,16863,7505,4.450572e-01,0.000000e+00,4078.6,79105.5,5027.5,11.97,12.88
CSV,775008,155000,33,0,33,16863,7505,4.450572e-01,0.000000e+00,3826.0,73437.9,5569.3,11.20,12.83
CSV,780008,156000,33,0,33,16863,7505,4.450572e-01,0.000000e+00,3789.7,74346.3,5256.0,11.51,12.93
BER: SYNC #34 (gated)
CSV,785008,157000,34,0,33,16864,7505,4.450308e-01,0.000000e+00,3943.3,79966.9,5469.5,11.65,13.07
CSV,790008,158000,34,0,33,17060,7573,4.439039e-01,0.000000e+00,3649.4,71585.4,4915.9,11.63,12.93
CSV,795008,159000,34,0,33,17256,7660,4.439036e-01,0.000000e+00,3589.0,79392.9,5279.4,11.77,13.45
BER: END_SEQ #34 [SLIP] seq_err=217 BER_seq=4.2466e-01 | lock=0 slip=34 BER_cond=0.0000e+00 BER_cum=4.4446e-01
BER: SYNC #35 (gated)
CSV,800008,160000,35,0,34,17386,7722,4.441505e-01,0.000000e+00,4020.5,75099.6,5470.6,11.38,12.71
CSV,805008,161000,35,0,34,17582,7793,4.432374e-01,0.000000e+00,3772.1,71813.0,5242.8,11.37,12.80
CSV,810008,162000,35,0,34,17780,7888,4.436446e-01,0.000000e+00,3812.7,81048.9,5134.7,11.98,13.28
BER: END_SEQ #35 [SLIP] seq_err=218 BER_seq=4.2661e-01 | lock=0 slip=35 BER_cond=0.0000e+00 BER_cum=4.4395e-01
CSV,815008,163000,35,0,35,17885,7940,4.439474e-01,0.000000e+00,3972.9,83850.8,5601.6,11.75,13.24
CSV,820008,164000,35,0,35,17885,7940,4.439474e-01,0.000000e+00,3876.2,66693.5,5198.1,11.08,12.36
CSV,825008,165000,35,0,35,17885,7940,4.439474e-01,0.000000e+00,3860.3,77865.4,5108.3,11.83,13.05
CSV,830008,166000,35,0,35,17885,7940,4.439474e-01,0.000000e+00,3869.8,73515.5,5107.7,11.58,12.79
CSV,835008,167000,35,0,35,17885,7940,4.439474e-01,0.000000e+00,3907.9,69413.2,5084.8,11.35,12.49
CSV,840008,168000,35,0,35,17885,7940,4.439474e-01,0.000000e+00,3988.7,74997.9,5055.5,11.71,12.74
BER: SYNC #36 (gated)
CSV,845008,169000,36,0,35,17930,7959,4.438929e-01,0.000000e+00,3957.5,77319.0,5323.5,11.62,12.91
CSV,850008,170000,36,0,35,18128,8061,4.446712e-01,0.000000e+00,3867.6,68291.8,5287.6,11.11,12.47
CSV,855008,171000,36,0,35,18322,8155,4.450933e-01,0.000000e+00,3985.2,73976.7,5627.9,11.19,12.69
BER: END_SEQ #36 [SLIP] seq_err=250 BER_seq=4.8924e-01 | lock=0 slip=36 BER_cond=0.0000e+00 BER_cum=4.4521e-01
BER: SYNC #37 (gated)
CSV,860008,172000,37,0,36,18452,8216,4.452634e-01,0.000000e+00,3994.7,73833.1,5960.4,10.93,12.67
CSV,865008,173000,37,0,36,18647,8306,4.454336e-01,0.000000e+00,3949.6,69811.4,5590.8,10.96,12.47
CSV,870008,174000,37,0,36,18844,8405,4.460306e-01,0.000000e+00,3875.0,74149.9,5981.4,10.93,12.82
BER: END_SEQ #37 [SLIP] seq_err=239 BER_seq=4.6771e-01 | lock=0 slip=37 BER_cond=0.0000e+00 BER_cum=4.4581e-01
BER: SYNC #38 (gated)
CSV,875008,175000,38,0,37,18976,8452,4.454047e-01,0.000000e+00,3990.0,79989.2,5198.9,11.87,13.02
CSV,880008,176000,38,0,37,19173,8558,4.463569e-01,0.000000e+00,3876.2,65260.7,5226.3,10.96,12.26
CSV,885008,177000,38,0,37,19374,8662,4.470941e-01,0.000000e+00,3886.0,76660.5,5125.1,11.75,12.95
BER: END_SEQ #38 [SLIP] seq_err=257 BER_seq=5.0294e-01 | lock=0 slip=38 BER_cond=0.0000e+00 BER_cum=4.4732e-01
BER: SYNC #39 (gated)
CSV,890008,178000,39,0,38,19496,8719,4.472199e-01,0.000000e+00,4100.5,80171.0,5465.7,11.66,12.91
CSV,895008,179000,39,0,38,19688,8809,4.474299e-01,0.000000e+00,3874.2,66464.3,5560.6,10.77,12.34
CSV,900008,180000,39,0,38,19884,8914,4.483002e-01,0.000000e+00,3856.1,73773.8,5535.4,11.25,12.82
BER: END_SEQ #39 [SLIP] seq_err=254 BER_seq=4.9706e-01 | lock=0 slip=39 BER_cond=0.0000e+00 BER_cum=4.4859e-01
BER: SYNC #40 (gated)
CSV,905008,181000,40,0,39,20023,8940,4.464865e-01,0.000000e+00,4185.4,76139.1,5276.3,11.59,12.60
CSV,910008,182000,40,0,39,20218,9026,4.464339e-01,0.000000e+00,4153.7,65799.8,5312.3,10.93,12.00
CSV,915008,183000,40,0,39,20416,9124,4.469044e-01,0.000000e+00,3470.8,72884.3,5315.5,11.37,13.22
BER: END_SEQ #40 [SLIP] seq_err=197 BER_seq=3.8552e-01 | lock=0 slip=40 BER_cond=0.0000e+00 BER_cum=4.4702e-01
BER: SYNC #41 (gated)
CSV,920008,184000,41,0,40,20545,9174,4.465320e-01,0.000000e+00,4226.5,79128.6,5724.2,11.41,12.72
CSV,925008,185000,41,0,40,20745,9229,4.448783e-01,0.000000e+00,3833.1,65568.7,5179.0,11.02,12.33
CSV,930008,186000,41,0,40,20941,9302,4.442004e-01,0.000000e+00,3971.3,76615.7,5067.7,11.80,12.85
BER: END_SEQ #41 [SLIP] seq_err=168 BER_seq=3.2877e-01 | lock=0 slip=41 BER_cond=0.0000e+00 BER_cum=4.4413e-01
CSV,935008,187000,41,0,41,20951,9305,4.441316e-01,0.000000e+00,4025.6,72447.3,5417.8,11.26,12.55
CSV,940008,188000,41,0,41,20951,9305,4.441316e-01,0.000000e+00,3990.3,63720.6,4933.8,11.11,12.03
CSV,945008,189000,41,0,41,20951,9305,4.441316e-01,0.000000e+00,3861.5,68847.9,5864.3,10.70,12.51
CSV,950008,190000,41,0,41,20951,9305,4.441316e-01,0.000000e+00,3921.1,61437.7,5039.9,10.86,11.95
CSV,955008,191000,41,0,41,20951,9305,4.441316e-01,0.000000e+00,3948.6,65744.6,4958.0,11.23,12.21
CSV,960008,192000,41,0,41,20951,9305,4.441316e-01,0.000000e+00,3495.4,69073.9,5049.3,11.36,12.96
BER: SYNC #42 (gated)
CSV,965008,193000,42,0,41,21091,9356,4.436015e-01,0.000000e+00,3668.1,66840.7,4938.0,11.31,12.61
CSV,970008,194000,42,0,41,21285,9429,4.429880e-01,0.000000e+00,3494.8,67342.0,5192.9,11.13,12.85
BER: END_SEQ #42 [SLIP] seq_err=209 BER_seq=4.0900e-01 | lock=0 slip=42 BER_cond=0.0000e+00 BER_cum=4.4330e-01
CSV,975008,195000,42,0,42,21462,9514,4.432951e-01,0.000000e+00,3797.4,70403.7,5407.1,11.15,12.68
CSV,980008,196000,42,0,42,21462,9514,4.432951e-01,0.000000e+00,3625.3,62401.7,4994.5,10.97,12.36
CSV,985008,197000,42,0,42,21462,9514,4.432951e-01,0.000000e+00,3481.7,64273.4,4895.0,11.18,12.66
CSV,990008,198000,42,0,42,21462,9514,4.432951e-01,0.000000e+00,3914.4,66458.7,5407.2,10.90,12.30
BER: SYNC #43 (gated)
CSV,995008,199000,43,0,42,21624,9588,4.433962e-01,0.000000e+00,3674.7,57525.2,4816.2,10.77,11.95
CSV,1000008,200000,43,0,42,21821,9688,4.439760e-01,0.000000e+00,3709.3,61406.0,5487.0,10.49,12.19
BER: END_SEQ #43 [SLIP] seq_err=253 BER_seq=4.9511e-01 | lock=0 slip=43 BER_cond=0.0000e+00 BER_cum=4.4450e-01
CSV,1005008,201000,43,0,43,21973,9767,4.445001e-01,0.000000e+00,3992.5,62735.8,5666.2,10.44,11.96
CSV,1010008,202000,43,0,43,21973,9767,4.445001e-01,0.000000e+00,3883.9,56782.6,4992.1,10.56,11.65
CSV,1015008,203000,43,0,43,21973,9767,4.445001e-01,0.000000e+00,3827.1,63315.7,5290.5,10.78,12.19
CSV,1020008,204000,43,0,43,21973,9767,4.445001e-01,0.000000e+00,3581.1,62253.3,5147.6,10.83,12.40
BER: SYNC #44 (gated)
CSV,1025008,205000,44,0,43,22154,9858,4.449761e-01,0.000000e+00,3771.3,56052.5,5356.3,10.20,11.72
CSV,1030008,206000,44,0,43,22351,9957,4.454834e-01,0.000000e+00,3706.8,58746.6,5615.5,10.20,12.00
BER: END_SEQ #44 [SLIP] seq_err=248 BER_seq=4.8532e-01 | lock=0 slip=44 BER_cond=0.0000e+00 BER_cum=4.4543e-01
BER: SYNC #45 (gated)
CSV,1035008,207000,45,0,44,22484,10015,4.454279e-01,0.000000e+00,4228.5,65447.5,5080.9,11.10,11.90
CSV,1040008,208000,45,0,44,22677,10109,4.457821e-01,0.000000e+00,3931.9,54957.6,5767.5,9.79,11.45
CSV,1045008,209000,45,0,44,22875,10214,4.465137e-01,0.000000e+00,3940.5,64162.4,5146.4,10.96,12.12
BER: END_SEQ #45 [SLIP] seq_err=260 BER_seq=5.0881e-01 | lock=0 slip=45 BER_cond=0.0000e+00 BER_cum=4.4684e-01
CSV,1050008,210000,45,0,45,22995,10275,4.468363e-01,0.000000e+00,4226.0,67025.1,5332.3,10.99,12.00
CSV,1055008,211000,45,0,45,22995,10275,4.468363e-01,0.000000e+00,3846.0,59827.8,5372.4,10.47,11.92
CSV,1060008,212000,45,0,45,22995,10275,4.468363e-01,0.000000e+00,3928.4,64819.6,5255.0,10.91,12.17
BER: SYNC #46 (gated)
CSV,1065008,213000,46,0,45,23018,10278,4.465201e-01,0.000000e+00,3749.3,62960.7,5083.2,10.93,12.25
CSV,1070008,214000,46,0,45,23213,10372,4.468186e-01,0.000000e+00,3709.8,56398.4,5441.5,10.16,11.82
CSV,1075008,215000,46,0,45,23407,10453,4.465758e-01,0.000000e+00,3889.8,59726.2,5307.9,10.51,11.86
BER: END_SEQ #46 [SLIP] seq_err=222 BER_seq=4.3444e-01 | lock=0 slip=46 BER_cond=0.0000e+00 BER_cum=4.4657e-01
CSV,1080008,216000,46,0,46,23506,10497,4.465668e-01,0.000000e+00,3919.3,60995.0,4942.4,10.91,11.92
CSV,1085008,217000,46,0,46,23506,10497,4.465668e-01,0.000000e+00,3798.5,55703.2,5015.3,10.46,11.66
CSV,1090008,218000,46,0,46,23506,10497,4.465668e-01,0.000000e+00,3579.3,58954.5,5119.4,10.61,12.17
CSV,1095008,219000,46,0,46,23506,10497,4.465668e-01,0.000000e+00,3803.5,58837.9,4700.5,10.98,11.89
CSV,1100008,220000,46,0,46,23506,10497,4.465668e-01,0.000000e+00,3864.0,54615.9,4858.8,10.51,11.50
CSV,1105008,221000,46,0,46,23506,10497,4.465668e-01,0.000000e+00,3629.3,56934.5,4839.9,10.71,11.96
BER: SYNC #47 (gated)
CSV,1110008,222000,47,0,46,23563,10511,4.460807e-01,0.000000e+00,3688.0,55609.6,5129.4,10.35,11.78
CSV,1115008,223000,47,0,46,23758,10611,4.466285e-01,0.000000e+00,3517.5,54111.5,5149.8,10.21,11.87
CSV,1120008,224000,47,0,46,23948,10716,4.474695e-01,0.000000e+00,3686.4,57457.5,4577.4,10.99,11.93
BER: END_SEQ #47 [SLIP] seq_err=260 BER_seq=5.0881e-01 | lock=0 slip=47 BER_cond=0.0000e+00 BER_cum=4.4789e-01
BER: SYNC #48 (gated)
CSV,1125008,225000,48,0,47,24085,10772,4.472493e-01,0.000000e+00,4025.5,60731.5,5966.3,10.08,11.79
CSV,1130008,226000,48,0,47,24280,10880,4.481054e-01,0.000000e+00,3698.4,51215.3,5153.0,9.97,11.41
CSV,1135008,227000,48,0,47,24475,10977,4.484985e-01,0.000000e+00,3802.3,55231.3,4960.7,10.47,11.62
BER: END_SEQ #48 [SLIP] seq_err=241 BER_seq=4.7162e-01 | lock=0 slip=48 BER_cond=0.0000e+00 BER_cum=4.4839e-01
CSV,1140008,228000,48,0,48,24528,10998,4.483855e-01,0.000000e+00,4392.9,59548.5,5274.5,10.53,11.32
CSV,1145008,229000,48,0,48,24528,10998,4.483855e-01,0.000000e+00,3869.1,49788.7,5057.7,9.93,11.10
CSV,1150008,230000,48,0,48,24528,10998,4.483855e-01,0.000000e+00,3685.7,62269.0,4646.1,11.27,12.28
CSV,1155008,231000,48,0,48,24528,10998,4.483855e-01,0.000000e+00,3725.6,60561.3,5134.0,10.72,12.11
CSV,1160008,232000,48,0,48,24528,10998,4.483855e-01,0.000000e+00,3688.2,50682.8,5066.3,10.00,11.38
CSV,1165008,233000,48,0,48,24528,10998,4.483855e-01,0.000000e+00,3719.8,60862.7,5485.0,10.45,12.14
BER: SYNC #49 (gated)
CSV,1170008,234000,49,0,48,24629,11036,4.480897e-01,0.000000e+00,4023.5,61632.0,5397.1,10.58,11.85
CSV,1175008,235000,49,0,48,24821,11122,4.480883e-01,0.000000e+00,3704.8,55125.5,4887.3,10.52,11.73
CSV,1180008,236000,49,0,48,25017,11229,4.488548e-01,0.000000e+00,3892.7,60045.5,5409.8,10.45,11.88
BER: END_SEQ #49 [SLIP] seq_err=243 BER_seq=4.7554e-01 | lock=0 slip=49 BER_cond=0.0000e+00 BER_cum=4.4894e-01
BER: SYNC #50 (gated)
CSV,1185008,237000,50,0,49,25152,11298,4.491889e-01,0.000000e+00,4257.1,61649.1,5387.1,10.59,11.61
CSV,1190008,238000,50,0,49,25346,11397,4.496568e-01,0.000000e+00,3856.2,51225.9,5514.9,9.68,11.23
CSV,1195008,239000,50,0,49,25541,11498,4.501781e-01,0.000000e+00,3685.3,64965.8,5624.6,10.63,12.46
BER: END_SEQ #50 [SLIP] seq_err=262 BER_seq=5.1272e-01 | lock=0 slip=50 BER_cond=0.0000e+00 BER_cum=4.5022e-01
CSV,1200008,240000,50,0,50,25550,11503,4.502153e-01,0.000000e+00,4098.5,57795.7,5276.7,10.40,11.49
CSV,1205008,241000,50,0,50,25550,11503,4.502153e-01,0.000000e+00,3930.1,60740.0,5307.0,10.59,11.89
CSV,1210008,242000,50,0,50,25550,11503,4.502153e-01,0.000000e+00,3841.4,67683.7,4715.4,11.57,12.46
BER: SYNC #51 (gated)
CSV,1215008,243000,51,0,50,25689,11557,4.498813e-01,0.000000e+00,4062.8,62411.9,5317.2,10.70,11.86
CSV,1220008,244000,51,0,50,25886,11646,4.498957e-01,0.000000e+00,3946.8,64417.6,5310.1,10.84,12.13
BER: END_SEQ #51 [SLIP] seq_err=243 BER_seq=4.7554e-01 | lock=0 slip=51 BER_cond=0.0000e+00 BER_cum=4.5071e-01
CSV,1225008,245000,51,0,51,26061,11746,4.507118e-01,0.000000e+00,4431.9,74092.2,5657.2,11.17,12.23
BER: SYNC #52 (gated)
CSV,1230008,246000,52,0,51,26208,11817,4.508929e-01,0.000000e+00,4161.6,63427.8,5716.4,10.45,11.83
CSV,1235008,247000,52,0,51,26405,11928,4.517326e-01,0.000000e+00,4113.8,78966.2,5593.9,11.50,12.83
BER: END_SEQ #52 [SLIP] seq_err=269 BER_seq=5.2642e-01 | lock=0 slip=52 BER_cond=0.0000e+00 BER_cum=4.5217e-01
CSV,1240008,248000,52,0,52,26572,12015,4.521677e-01,0.000000e+00,4035.2,81930.2,5206.7,11.97,13.08
CSV,1245008,249000,52,0,52,26572,12015,4.521677e-01,0.000000e+00,3607.7,69465.3,5204.8,11.25,12.85
CSV,1250008,250000,52,0,52,26572,12015,4.521677e-01,0.000000e+00,3694.5,82030.9,5557.0,11.69,13.46
CSV,1255008,251000,52,0,52,26572,12015,4.521677e-01,0.000000e+00,3667.9,87344.8,5503.2,12.01,13.77
CSV,1260008,252000,52,0,52,26572,12015,4.521677e-01,0.000000e+00,3856.0,63311.5,5583.3,10.55,12.15
CSV,1265008,253000,52,0,52,26572,12015,4.521677e-01,0.000000e+00,3774.4,57334.0,4910.7,10.67,11.82
CSV,1270008,254000,52,0,52,26572,12015,4.521677e-01,0.000000e+00,3681.4,54799.3,5253.8,10.18,11.73
BER: SYNC #53 (gated)
CSV,1275008,255000,53,0,52,26758,12070,4.510801e-01,0.000000e+00,3463.6,50537.8,5044.4,10.01,11.64
CSV,1280008,256000,53,0,52,26949,12172,4.516680e-01,0.000000e+00,3680.8,58110.3,4938.3,10.71,11.98
BER: END_SEQ #53 [SLIP] seq_err=224 BER_seq=4.3836e-01 | lock=0 slip=53 BER_cond=0.0000e+00 BER_cum=4.5191e-01
CSV,1285008,257000,53,0,53,27083,12239,4.519071e-01,0.000000e+00,3965.3,59881.1,5411.5,10.44,11.79
CSV,1290008,258000,53,0,53,27083,12239,4.519071e-01,0.000000e+00,3537.9,50137.0,4979.2,10.03,11.51
CSV,1295008,259000,53,0,53,27083,12239,4.519071e-01,0.000000e+00,3822.2,57017.8,5242.5,10.36,11.74
BER: SYNC #54 (gated)
CSV,1300008,260000,54,0,53,27093,12239,4.517403e-01,0.000000e+00,3633.2,61093.4,4564.8,11.27,12.26
CSV,1305008,261000,54,0,53,27291,12339,4.521271e-01,0.000000e+00,3694.9,71659.8,5419.4,11.21,12.88
CSV,1310008,262000,54,0,53,27486,12445,4.527760e-01,0.000000e+00,3734.7,100898.4,5400.4,12.71,14.32
BER: END_SEQ #54 [SLIP] seq_err=263 BER_seq=5.1468e-01 | lock=0 slip=54 BER_cond=0.0000e+00 BER_cum=4.5307e-01
BER: SYNC #55 (gated)
CSV,1315008,263000,55,0,54,27616,12503,4.527448e-01,0.000000e+00,4197.6,100198.7,5797.8,12.38,13.78
CSV,1320008,264000,55,0,54,27811,12603,4.531660e-01,0.000000e+00,3905.0,81989.5,5604.8,11.65,13.22
CSV,1325008,265000,55,0,54,28009,12688,4.529972e-01,0.000000e+00,4011.3,86606.6,5624.9,11.87,13.34
BER: END_SEQ #55 [SLIP] seq_err=242 BER_seq=4.7358e-01 | lock=0 slip=55 BER_cond=0.0000e+00 BER_cum=4.5344e-01
BER: SYNC #56 (gated)
CSV,1330008,266000,56,0,55,28139,12744,4.528946e-01,0.000000e+00,4116.2,83153.9,5602.8,11.71,13.05
CSV,1335008,267000,56,0,55,28334,12833,4.529188e-01,0.000000e+00,4081.6,67911.8,5140.1,11.21,12.21
CSV,1340008,268000,56,0,55,28530,12933,4.533123e-01,0.000000e+00,3988.9,72279.5,5256.6,11.38,12.58
BER: END_SEQ #56 [SLIP] seq_err=226 BER_seq=4.4227e-01 | lock=0 slip=56 BER_cond=0.0000e+00 BER_cum=4.5324e-01
BER: SYNC #57 (gated)
CSV,1345008,269000,57,0,56,28660,12985,4.530705e-01,0.000000e+00,3846.2,74548.3,5291.2,11.49,12.87
CSV,1350008,270000,57,0,56,28858,13083,4.533578e-01,0.000000e+00,3747.8,64936.0,5550.6,10.68,12.39
CSV,1355008,271000,57,0,56,29054,13182,4.537069e-01,0.000000e+00,4006.6,73617.3,5150.8,11.55,12.64
BER: END_SEQ #57 [SLIP] seq_err=250 BER_seq=4.8924e-01 | lock=0 slip=57 BER_cond=0.0000e+00 BER_cum=4.5387e-01
BER: SYNC #58 (gated)
CSV,1360008,272000,58,0,57,29183,13231,4.533804e-01,0.000000e+00,3907.2,78201.8,5403.4,11.61,13.01
CSV,1365008,273000,58,0,57,29370,13330,4.538645e-01,0.000000e+00,3953.3,69562.9,5984.9,10.65,12.45
CSV,1370008,274000,58,0,57,29566,13423,4.540012e-01,0.000000e+00,3588.2,78002.2,5318.3,11.66,13.37
BER: END_SEQ #58 [SLIP] seq_err=237 BER_seq=4.6380e-01 | lock=0 slip=58 BER_cond=0.0000e+00 BER_cum=4.5405e-01
BER: SYNC #59 (gated)
CSV,1375008,275000,59,0,58,29709,13492,4.541385e-01,0.000000e+00,4151.5,85196.4,5487.9,11.91,13.12
CSV,1380008,276000,59,0,58,29900,13580,4.541806e-01,0.000000e+00,3645.8,69993.7,5089.0,11.38,12.83
CSV,1385008,277000,59,0,58,30095,13684,4.546935e-01,0.000000e+00,3949.0,78106.6,5702.7,11.37,12.96
BER: END_SEQ #59 [SLIP] seq_err=252 BER_seq=4.9315e-01 | lock=0 slip=59 BER_cond=0.0000e+00 BER_cum=4.5471e-01
BER: SYNC #60 (gated)
CSV,1390008,278000,60,0,59,30227,13744,4.546928e-01,0.000000e+00,3870.3,78861.7,5729.2,11.39,13.09
CSV,1395008,279000,60,0,59,30423,13845,4.550833e-01,0.000000e+00,4001.8,59930.0,5911.4,10.06,11.75
CSV,1400008,280000,60,0,59,30620,13935,4.550947e-01,0.000000e+00,3970.1,74819.8,5006.1,11.75,12.75
BER: END_SEQ #60 [SLIP] seq_err=246 BER_seq=4.8141e-01 | lock=0 slip=60 BER_cond=0.0000e+00 BER_cum=4.5515e-01
BER: SYNC #61 (gated)
CSV,1405008,281000,61,0,60,30747,14001,4.553615e-01,0.000000e+00,4334.7,70669.3,5781.8,10.87,12.12
CSV,1410008,282000,61,0,60,30945,14102,4.557118e-01,0.000000e+00,3768.0,64523.1,5537.0,10.66,12.34
CSV,1415008,283000,61,0,60,31141,14203,4.560868e-01,0.000000e+00,3924.9,72220.4,4771.2,11.80,12.65
BER: END_SEQ #61 [SLIP] seq_err=261 BER_seq=5.1076e-01 | lock=0 slip=61 BER_cond=0.0000e+00 BER_cum=4.5606e-01
BER: SYNC #62 (gated)
CSV,1420008,284000,62,0,61,31272,14255,4.558391e-01,0.000000e+00,4196.7,76286.7,5969.1,11.07,12.60
CSV,1425008,285000,62,0,61,31468,14358,4.562730e-01,0.000000e+00,3903.7,64490.4,5300.9,10.85,12.18
CSV,1430008,286000,62,0,61,31663,14453,4.564634e-01,0.000000e+00,4007.8,72852.8,5727.8,11.04,12.60
BER: END_SEQ #62 [SLIP] seq_err=244 BER_seq=4.7750e-01 | lock=0 slip=62 BER_cond=0.0000e+00 BER_cum=4.5641e-01
BER: SYNC #63 (gated)
CSV,1435008,287000,63,0,62,31794,14487,4.556520e-01,0.000000e+00,3880.7,75737.1,5478.7,11.41,12.90
CSV,1440008,288000,63,0,62,31991,14575,4.555969e-01,0.000000e+00,3651.2,62971.9,5607.8,10.50,12.37
CSV,1445008,289000,63,0,62,32186,14673,4.558814e-01,0.000000e+00,3750.9,73792.2,5202.6,11.52,12.94
BER: END_SEQ #63 [SLIP] seq_err=217 BER_seq=4.2466e-01 | lock=0 slip=63 BER_cond=0.0000e+00 BER_cum=4.5591e-01
BER: SYNC #64 (gated)
CSV,1450008,290000,64,0,63,32316,14727,4.557185e-01,0.000000e+00,4217.3,73963.4,5762.5,11.08,12.44
CSV,1455008,291000,64,0,63,32510,14813,4.556444e-01,0.000000e+00,3895.4,71840.2,5091.1,11.50,12.66
BER: END_SEQ #64 [SLIP] seq_err=237 BER_seq=4.6380e-01 | lock=0 slip=64 BER_cond=0.0000e+00 BER_cum=4.5603e-01
CSV,1460008,292000,64,0,64,32704,14914,4.560298e-01,0.000000e+00,4135.3,78227.1,5483.0,11.54,12.77
CSV,1465008,293000,64,0,64,32704,14914,4.560298e-01,0.000000e+00,4259.5,68765.5,5606.2,10.89,12.08
CSV,1470008,294000,64,0,64,32704,14914,4.560298e-01,0.000000e+00,3979.8,68180.9,5210.7,11.17,12.34
CSV,1475008,295000,64,0,64,32704,14914,4.560298e-01,0.000000e+00,3929.9,72972.6,5546.5,11.19,12.69
CSV,1480008,296000,64,0,64,32704,14914,4.560298e-01,0.000000e+00,4012.3,68284.3,5319.7,11.08,12.31
CSV,1485008,297000,64,0,64,32704,14914,4.560298e-01,0.000000e+00,4199.7,73472.4,5484.5,11.27,12.43
CSV,1490008,298000,64,0,64,32704,14914,4.560298e-01,0.000000e+00,4178.5,76654.3,5283.1,11.62,12.64
BER: SYNC #65 (gated)
CSV,1495008,299000,65,0,64,32860,14965,4.554169e-01,0.000000e+00,4276.0,63996.0,5912.9,10.34,11.75
CSV,1500008,300000,65,0,64,33057,15070,4.558792e-01,0.000000e+00,4063.0,68249.8,5567.6,10.88,12.25
BER: END_SEQ #65 [SLIP] seq_err=230 BER_seq=4.5010e-01 | lock=0 slip=65 BER_cond=0.0000e+00 BER_cum=4.5594e-01
CSV,1505008,301000,65,0,65,33215,15144,4.559386e-01,0.000000e+00,3995.9,68578.9,5460.4,10.99,12.35

=========================================
=== END OF TEST (duration=25 min) ===
=========================================
FINAL: syncs=65 lock=0 slip=65 slip_rate=1.0000
FINAL: bits_cum=33215 err_cum=15144 BER_cum=4.5594e-01
FINAL: bits_lock=0 err_lock=0 BER_cond=0.0000e+00
=========================================
=== STOP LOGGING NOW ===
=========================================
