

=== RX BOOT - BER TEST MODE ===
MOD=OOK (20 kHz carrier, adaptive threshold)
BPS_MODE=20 (HALF_SAMPLES=2000, 10000 samples/bit @ 200000 Hz)
Expect: 64-bit preamble + Barker13 (1F35h, gated by 8 preamble bits = 0x55) + 511-bit PRBS-9
Noise floor band: 5000 Hz; lock threshold: BER<0.10
Auto-stop: test will halt 25 min after the first sync.
RX: edge-tracking sync, center-3 voting
Starting decoder...

CSV,5011,500,0,0,0,0,0,0.000000e+00,0.000000e+00,5843.4,165572.7,12542.4,11.21,14.52
CSV,10011,1000,0,0,0,0,0,0.000000e+00,0.000000e+00,6089.1,224267.9,12711.2,12.47,15.66
BER: SYNC #1 (gated)
CSV,15011,1500,1,0,0,20,0,0.000000e+00,0.000000e+00,8584.0,202798.3,21937.5,9.66,13.73
CSV,20011,2000,1,0,0,118,27,2.288136e-01,0.000000e+00,7450.3,203791.8,18236.3,10.48,14.37
CSV,25011,2500,1,0,0,218,76,3.486238e-01,0.000000e+00,6060.0,247488.4,12764.5,12.88,16.11
CSV,30011,3000,1,0,0,318,131,4.119497e-01,0.000000e+00,6079.2,443844.1,13879.9,15.05,18.63
CSV,35011,3500,1,0,0,418,171,4.090909e-01,0.000000e+00,5926.7,424772.1,12870.2,15.19,18.55
BER: END_SEQ #1 [SLIP] seq_err=218 BER_seq=4.2661e-01 | lock=0 slip=1 BER_cond=0.0000e+00 BER_cum=4.2661e-01
CSV,40011,4000,1,0,1,511,218,4.266145e-01,0.000000e+00,5125.8,615236.4,11625.8,17.24,20.79
BER: SYNC #2 (gated)
CSV,45011,4500,2,0,1,542,218,4.022140e-01,0.000000e+00,4872.5,643997.2,8080.9,19.01,21.21
CSV,50011,5000,2,0,1,642,218,3.395639e-01,0.000000e+00,4547.9,498118.9,8038.4,17.92,20.40
CSV,55011,5500,2,0,1,742,218,2.938005e-01,0.000000e+00,4282.8,641814.6,8881.0,18.59,21.76
CSV,60011,6000,2,0,1,842,218,2.589074e-01,0.000000e+00,4980.8,555889.4,9389.9,17.72,20.48
CSV,65011,6500,2,0,1,942,218,2.314225e-01,0.000000e+00,4752.0,573650.6,10454.3,17.39,20.82
BER: END_SEQ #2 [LOCK] seq_err=0 BER_seq=0.0000e+00 | lock=1 slip=1 BER_cond=0.0000e+00 BER_cum=2.1331e-01
CSV,70011,7000,2,1,1,1022,218,2.133072e-01,0.000000e+00,5042.6,622748.2,8972.0,18.41,20.92
BER: SYNC #3 (gated)
CSV,75011,7500,3,1,1,1065,218,2.046948e-01,0.000000e+00,4129.0,538645.8,8572.7,17.98,21.15
CSV,80011,8000,3,1,1,1165,218,1.871245e-01,0.000000e+00,4329.9,495107.7,8654.2,17.57,20.58
CSV,85011,8500,3,1,1,1265,218,1.723320e-01,0.000000e+00,4163.4,627303.5,8204.0,18.83,21.78
CSV,90011,9000,3,1,1,1365,218,1.597070e-01,0.000000e+00,4287.1,466188.0,7514.5,17.93,20.36
CSV,95011,9500,3,1,1,1465,218,1.488055e-01,0.000000e+00,3951.1,408264.4,7313.7,17.47,20.14
BER: END_SEQ #3 [LOCK] seq_err=0 BER_seq=0.0000e+00 | lock=2 slip=1 BER_cond=0.0000e+00 BER_cum=1.4220e-01
CSV,100011,10000,3,2,1,1533,218,1.422048e-01,0.000000e+00,4502.3,378447.9,7442.4,17.06,19.25
BER: SYNC #4 (gated)
CSV,105011,10500,4,2,1,1588,218,1.372796e-01,0.000000e+00,3669.8,330258.9,7824.3,16.25,19.54
CSV,110011,11000,4,2,1,1688,218,1.291469e-01,0.000000e+00,4147.1,250966.9,7077.5,15.50,17.82
CSV,115011,11500,4,2,1,1788,218,1.219239e-01,0.000000e+00,3539.5,294031.8,6489.6,16.56,19.19
CSV,120011,12000,4,2,1,1888,218,1.154661e-01,0.000000e+00,3327.2,292431.1,5330.7,17.39,19.44
CSV,125011,12500,4,2,1,1988,218,1.096580e-01,0.000000e+00,3662.9,256162.2,6250.2,16.13,18.45
BER: END_SEQ #4 [LOCK] seq_err=0 BER_seq=0.0000e+00 | lock=3 slip=1 BER_cond=0.0000e+00 BER_cum=1.0665e-01
CSV,130011,13000,4,3,1,2044,218,1.066536e-01,0.000000e+00,4738.4,295105.9,7046.9,16.22,17.94
BER: SYNC #5 (gated)
CSV,135011,13500,5,3,1,2111,218,1.032686e-01,0.000000e+00,3940.4,289862.2,7576.3,15.83,18.67
CSV,140011,14000,5,3,1,2210,218,9.864254e-02,0.000000e+00,3426.6,205916.2,5666.5,15.60,17.79
CSV,145011,14500,5,3,1,2309,256,1.108705e-01,0.000000e+00,3714.0,238192.4,5217.4,16.59,18.07
CSV,150011,15000,5,3,1,2409,308,1.278539e-01,0.000000e+00,3252.3,263929.8,5263.4,17.00,19.09
CSV,155011,15500,5,3,1,2509,362,1.442806e-01,0.000000e+00,3524.0,230412.5,4890.0,16.73,18.15
BER: END_SEQ #5 [SLIP] seq_err=162 BER_seq=3.1703e-01 | lock=3 slip=2 BER_cond=0.0000e+00 BER_cum=1.4873e-01
CSV,160011,16000,5,3,2,2555,380,1.487280e-01,0.000000e+00,3954.0,266536.7,5664.5,16.73,18.29
BER: SYNC #6 (gated)
CSV,165011,16500,6,3,2,2633,380,1.443221e-01,0.000000e+00,3634.1,256705.6,5130.3,16.99,18.49
CSV,170011,17000,6,3,2,2733,380,1.390413e-01,0.000000e+00,3581.3,196071.4,5230.4,15.74,17.38
CSV,175011,17500,6,3,2,2832,390,1.377119e-01,0.000000e+00,4046.3,207904.7,7527.0,14.41,17.11
CSV,180011,18000,6,3,2,2932,442,1.507503e-01,0.000000e+00,5031.1,156070.9,12399.0,11.00,14.92
CSV,185011,18500,6,3,2,3032,494,1.629288e-01,0.000000e+00,5210.3,135114.1,11795.2,10.59,14.14
BER: END_SEQ #6 [SLIP] seq_err=126 BER_seq=2.4658e-01 | lock=3 slip=3 BER_cond=0.0000e+00 BER_cum=1.6504e-01
CSV,190011,19000,6,3,3,3066,506,1.650359e-01,0.000000e+00,5829.8,153525.3,11783.4,11.15,14.21
BER: SYNC #7 (gated)
CSV,195011,19500,7,3,3,3156,506,1.603295e-01,0.000000e+00,5199.4,145218.7,11231.6,11.12,14.46
CSV,200011,20000,7,3,3,3255,524,1.609831e-01,0.000000e+00,4938.1,119912.1,9766.1,10.89,13.85
CSV,205011,20500,7,3,3,3355,576,1.716841e-01,0.000000e+00,5049.0,145016.8,11317.9,11.08,14.58
CSV,210011,21000,7,3,3,3454,620,1.795020e-01,0.000000e+00,4471.3,145438.1,10805.5,11.29,15.12
CSV,215011,21500,7,3,3,3553,667,1.877287e-01,0.000000e+00,4935.5,143275.3,11251.9,11.05,14.63
BER: END_SEQ #7 [SLIP] seq_err=174 BER_seq=3.4051e-01 | lock=3 slip=4 BER_cond=0.0000e+00 BER_cum=1.9010e-01
CSV,220011,22000,7,3,4,3577,680,1.901034e-01,0.000000e+00,5356.2,160972.4,10818.1,11.73,14.78
CSV,225011,22500,7,3,4,3577,680,1.901034e-01,0.000000e+00,5086.7,146176.0,10754.7,11.33,14.58
CSV,230011,23000,7,3,4,3577,680,1.901034e-01,0.000000e+00,4982.0,113370.6,10826.1,10.20,13.57
CSV,235011,23500,7,3,4,3577,680,1.901034e-01,0.000000e+00,4982.5,147808.1,10898.0,11.32,14.72
CSV,240011,24000,7,3,4,3577,680,1.901034e-01,0.000000e+00,4861.8,150264.0,11135.4,11.30,14.90
CSV,245011,24500,7,3,4,3577,680,1.901034e-01,0.000000e+00,5594.9,148119.6,12038.8,10.90,14.23
BER: SYNC #8 (gated)
CSV,250011,25000,8,3,4,3590,680,1.894150e-01,0.000000e+00,3543.1,261967.7,5730.4,16.60,18.69
CSV,255011,25500,8,3,4,3690,680,1.842818e-01,0.000000e+00,2917.8,256065.5,5476.7,16.70,19.43
CSV,260011,26000,8,3,4,3790,680,1.794195e-01,0.000000e+00,3218.0,213838.6,4476.5,16.79,18.22
CSV,265011,26500,8,3,4,3890,680,1.748072e-01,0.000000e+00,2997.4,251302.2,4645.3,17.33,19.23
CSV,270011,27000,8,3,4,3990,680,1.704261e-01,0.000000e+00,3145.5,270515.0,4930.9,17.39,19.35
BER: END_SEQ #8 [LOCK] seq_err=0 BER_seq=0.0000e+00 | lock=4 slip=4 BER_cond=0.0000e+00 BER_cum=1.6634e-01
CSV,275011,27500,8,4,4,4088,680,1.663405e-01,0.000000e+00,4118.2,269550.4,5511.4,16.89,18.16
BER: SYNC #9 (gated)
CSV,280011,28000,9,4,4,4113,680,1.653294e-01,0.000000e+00,3198.9,260338.9,5202.6,16.99,19.11
CSV,285011,28500,9,4,4,4213,680,1.614052e-01,0.000000e+00,3275.2,220242.4,5016.3,16.43,18.28
CSV,290011,29000,9,4,4,4313,680,1.576629e-01,0.000000e+00,3238.6,225834.3,4695.8,16.82,18.43
CSV,295011,29500,9,4,4,4413,680,1.540902e-01,0.000000e+00,3523.0,261218.2,5098.2,17.10,18.70
CSV,300011,30000,9,4,4,4513,680,1.506758e-01,0.000000e+00,3436.3,259573.8,5039.3,17.12,18.78
BER: END_SEQ #9 [LOCK] seq_err=0 BER_seq=0.0000e+00 | lock=5 slip=4 BER_cond=0.0000e+00 BER_cum=1.4786e-01
CSV,305011,30500,9,5,4,4599,680,1.478582e-01,0.000000e+00,3652.0,265076.7,5604.1,16.75,18.61
BER: SYNC #10 (gated)
CSV,310011,31000,10,5,4,4636,680,1.466782e-01,0.000000e+00,3172.9,246945.6,5004.2,16.93,18.91
CSV,315011,31500,10,5,4,4736,680,1.435811e-01,0.000000e+00,3312.9,219035.7,4553.1,16.82,18.20
CSV,320011,32000,10,5,4,4836,680,1.406121e-01,0.000000e+00,3447.0,236434.7,4543.5,17.16,18.36
CSV,325011,32500,10,5,4,4936,680,1.377634e-01,0.000000e+00,3426.7,248023.0,4451.1,17.46,18.60
CSV,330011,33000,10,5,4,5036,680,1.350278e-01,0.000000e+00,4886.0,152786.2,10109.6,11.79,14.95
BER: END_SEQ #10 [LOCK] seq_err=0 BER_seq=0.0000e+00 | lock=6 slip=4 BER_cond=0.0000e+00 BER_cum=1.3307e-01
CSV,335011,33500,10,6,4,5110,680,1.330724e-01,0.000000e+00,5302.9,141949.3,11420.1,10.94,14.28
BER: SYNC #11 (gated)
CSV,340011,34000,11,6,4,5159,685,1.327777e-01,0.000000e+00,5274.8,130898.4,11867.0,10.43,13.95
CSV,345011,34500,11,6,4,5257,732,1.392429e-01,0.000000e+00,3895.3,165476.1,6961.6,13.76,16.28
CSV,350011,35000,11,6,4,5357,789,1.472839e-01,0.000000e+00,3215.5,249791.4,5615.6,16.48,18.90
CSV,355011,35500,11,6,4,5457,838,1.535642e-01,0.000000e+00,3539.1,245693.1,5407.6,16.57,18.41
CSV,360011,36000,11,6,4,5557,892,1.605183e-01,0.000000e+00,3335.5,238441.7,5636.0,16.26,18.54
BER: END_SEQ #11 [SLIP] seq_err=238 BER_seq=4.6575e-01 | lock=6 slip=5 BER_cond=0.0000e+00 BER_cum=1.6332e-01
CSV,365011,36500,11,6,5,5621,918,1.633161e-01,0.000000e+00,4273.3,245032.9,5735.4,16.31,17.58
BER: SYNC #12 (gated)
CSV,370011,37000,12,6,5,5681,918,1.615913e-01,0.000000e+00,3796.6,243031.4,5202.9,16.69,18.06
CSV,375011,37500,12,6,5,5781,918,1.587961e-01,0.000000e+00,3608.2,197788.9,5479.4,15.57,17.39
CSV,380011,38000,12,6,5,5880,953,1.620748e-01,0.000000e+00,3364.1,243682.8,4708.7,17.14,18.60
CSV,385011,38500,12,6,5,5980,1004,1.678930e-01,0.000000e+00,3662.4,245376.5,5327.6,16.63,18.26
CSV,390011,39000,12,6,5,6080,1060,1.743421e-01,0.000000e+00,3446.1,229783.5,6025.9,15.81,18.24
BER: END_SEQ #12 [SLIP] seq_err=163 BER_seq=3.1898e-01 | lock=6 slip=6 BER_cond=0.0000e+00 BER_cum=1.7629e-01
CSV,395011,39500,12,6,6,6132,1081,1.762883e-01,0.000000e+00,6288.9,143235.8,11072.8,11.12,13.57
BER: SYNC #13 (gated)
CSV,400011,40000,13,6,6,6204,1081,1.742424e-01,0.000000e+00,5253.1,140680.1,10358.8,11.33,14.28
CSV,405011,40500,13,6,6,6304,1081,1.714784e-01,0.000000e+00,4585.2,102001.6,10474.5,9.88,13.47
CSV,410011,41000,13,6,6,6403,1085,1.694518e-01,0.000000e+00,5289.6,117327.5,11012.4,10.28,13.46
CSV,415011,41500,13,6,6,6503,1136,1.746886e-01,0.000000e+00,4843.9,143690.5,11929.9,10.81,14.72
CSV,420011,42000,13,6,6,6601,1193,1.807302e-01,0.000000e+00,5329.2,116260.3,10933.3,10.27,13.39
BER: END_SEQ #13 [SLIP] seq_err=131 BER_seq=2.5636e-01 | lock=6 slip=7 BER_cond=0.0000e+00 BER_cum=1.8245e-01
CSV,425011,42500,13,6,7,6643,1212,1.824477e-01,0.000000e+00,5749.5,128776.2,11146.3,10.63,13.50
BER: SYNC #14 (gated)
CSV,430011,43000,14,6,7,6726,1234,1.834671e-01,0.000000e+00,5416.1,125446.5,10687.9,10.70,13.65
CSV,435011,43500,14,6,7,6823,1284,1.881870e-01,0.000000e+00,5033.1,107939.7,10207.7,10.24,13.31
CSV,440011,44000,14,6,7,6922,1332,1.924299e-01,0.000000e+00,5491.6,113330.1,10497.3,10.33,13.15
CSV,445011,44500,14,6,7,7021,1388,1.976926e-01,0.000000e+00,5535.5,133149.9,11723.1,10.55,13.81
CSV,450011,45000,14,6,7,7121,1437,2.017975e-01,0.000000e+00,4868.1,122187.8,10969.8,10.47,14.00
BER: END_SEQ #14 [SLIP] seq_err=242 BER_seq=4.7358e-01 | lock=6 slip=8 BER_cond=0.0000e+00 BER_cum=2.0324e-01
CSV,455011,45500,14,6,8,7154,1454,2.032429e-01,0.000000e+00,5554.8,132899.2,11595.9,10.59,13.79
CSV,460011,46000,14,6,8,7154,1454,2.032429e-01,0.000000e+00,5263.9,115897.7,10224.0,10.54,13.43
CSV,465011,46500,14,6,8,7154,1454,2.032429e-01,0.000000e+00,4864.1,93615.3,11257.4,9.20,12.84
CSV,470011,47000,14,6,8,7154,1454,2.032429e-01,0.000000e+00,5342.3,123197.5,9690.4,11.04,13.63
CSV,475011,47500,14,6,8,7154,1454,2.032429e-01,0.000000e+00,5683.2,131225.2,11036.4,10.75,13.63
CSV,480011,48000,14,6,8,7154,1454,2.032429e-01,0.000000e+00,5547.8,123580.7,10472.7,10.72,13.48
BER: SYNC #15 (gated)
CSV,485011,48500,15,6,8,7162,1456,2.032952e-01,0.000000e+00,5491.2,130071.0,10098.9,11.10,13.75
CSV,490011,49000,15,6,8,7262,1507,2.075186e-01,0.000000e+00,5147.2,125970.9,10917.8,10.62,13.89
CSV,495011,49500,15,6,8,7361,1507,2.047276e-01,0.000000e+00,4458.6,99670.0,8494.8,10.69,13.49
CSV,500011,50000,15,6,8,7461,1507,2.019836e-01,0.000000e+00,5070.0,121485.4,10601.6,10.59,13.80
CSV,505011,50500,15,6,8,7561,1507,1.993123e-01,0.000000e+00,5282.5,126205.2,11154.2,10.54,13.78
CSV,510011,51000,15,6,8,7661,1508,1.968412e-01,0.000000e+00,4649.6,129567.2,9659.5,11.28,14.45
BER: END_SEQ #15 [SLIP] seq_err=54 BER_seq=1.0568e-01 | lock=6 slip=9 BER_cond=0.0000e+00 BER_cum=1.9674e-01
BER: SYNC #16 (gated)
CSV,515011,51500,16,6,9,7684,1508,1.962520e-01,0.000000e+00,5532.4,133534.5,11662.1,10.59,13.83
CSV,520011,52000,16,6,9,7782,1535,1.972501e-01,0.000000e+00,5902.8,116298.9,11541.6,10.03,12.95
CSV,525011,52500,16,6,9,7881,1580,2.004822e-01,0.000000e+00,5101.6,106430.7,9691.4,10.41,13.19
CSV,530011,53000,16,6,9,7981,1626,2.037339e-01,0.000000e+00,4544.5,124118.2,9751.6,11.05,14.36
CSV,535011,53500,16,6,9,8079,1679,2.078228e-01,0.000000e+00,4931.0,127859.4,10480.0,10.86,14.14
BER: END_SEQ #16 [SLIP] seq_err=219 BER_seq=4.2857e-01 | lock=6 slip=10 BER_cond=0.0000e+00 BER_cum=2.1123e-01
CSV,540011,54000,16,6,10,8176,1727,2.112280e-01,0.000000e+00,5409.3,131085.8,10898.9,10.80,13.84
BER: SYNC #17 (gated)
CSV,545011,54500,17,6,10,8206,1727,2.104558e-01,0.000000e+00,5002.3,124052.6,9912.2,10.97,13.94
CSV,550011,55000,17,6,10,8305,1760,2.119205e-01,0.000000e+00,4537.5,107874.9,11858.3,9.59,13.76
CSV,555011,55500,17,6,10,8404,1811,2.154926e-01,0.000000e+00,4727.0,126578.1,10267.2,10.91,14.28
CSV,560011,56000,17,6,10,8500,1853,2.180000e-01,0.000000e+00,5359.3,123229.0,10547.8,10.68,13.62
CSV,565011,56500,17,6,10,8600,1905,2.215116e-01,0.000000e+00,4893.1,118798.6,9883.4,10.80,13.85
BER: END_SEQ #17 [SLIP] seq_err=226 BER_seq=4.4227e-01 | lock=6 slip=11 BER_cond=0.0000e+00 BER_cum=2.2482e-01
CSV,570011,57000,17,6,11,8687,1953,2.248187e-01,0.000000e+00,5480.0,132669.9,11494.5,10.62,13.84
BER: SYNC #18 (gated)
CSV,575011,57500,18,6,11,8729,1953,2.237370e-01,0.000000e+00,5373.9,121254.1,10986.0,10.43,13.53
CSV,580011,58000,18,6,11,8828,1987,2.250793e-01,0.000000e+00,5123.6,105613.4,10405.3,10.06,13.14
CSV,585011,58500,18,6,11,8928,2042,2.287186e-01,0.000000e+00,4963.0,125673.1,10488.0,10.79,14.04
CSV,590011,59000,18,6,11,9027,2093,2.318600e-01,0.000000e+00,5076.2,121650.8,11641.0,10.19,13.80
CSV,595011,59500,18,6,11,9127,2134,2.338118e-01,0.000000e+00,4973.2,130196.0,9539.7,11.35,14.18
BER: END_SEQ #18 [SLIP] seq_err=216 BER_seq=4.2270e-01 | lock=6 slip=12 BER_cond=0.0000e+00 BER_cum=2.3581e-01
CSV,600011,60000,18,6,12,9198,2169,2.358121e-01,0.000000e+00,5545.9,125902.2,10200.9,10.91,13.56
BER: SYNC #19 (gated)
CSV,605011,60500,19,6,12,9252,2169,2.344358e-01,0.000000e+00,4904.7,119668.4,9695.2,10.91,13.87
CSV,610011,61000,19,6,12,9352,2169,2.319290e-01,0.000000e+00,5218.2,105521.5,10263.9,10.12,13.06
CSV,615011,61500,19,6,12,9451,2223,2.352132e-01,0.000000e+00,4915.8,125417.7,10989.9,10.57,14.07
CSV,620011,62000,19,6,12,9549,2273,2.380354e-01,0.000000e+00,5182.3,127023.9,10716.0,10.74,13.89
CSV,625011,62500,19,6,12,9650,2313,2.396891e-01,0.000000e+00,5294.0,119020.0,10509.8,10.54,13.52
BER: END_SEQ #19 [SLIP] seq_err=178 BER_seq=3.4834e-01 | lock=6 slip=13 BER_cond=0.0000e+00 BER_cum=2.4173e-01
CSV,630011,63000,19,6,13,9709,2347,2.417345e-01,0.000000e+00,5509.8,129144.4,10865.8,10.75,13.70
BER: SYNC #20 (gated)
CSV,635011,63500,20,6,13,9775,2347,2.401023e-01,0.000000e+00,5315.8,131604.7,10241.0,11.09,13.94
CSV,640011,64000,20,6,13,9874,2364,2.394166e-01,0.000000e+00,5206.9,93058.2,10176.4,9.61,12.52
CSV,645011,64500,20,6,13,9973,2416,2.422541e-01,0.000000e+00,5137.1,116540.5,10077.6,10.63,13.56
CSV,650011,65000,20,6,13,10073,2468,2.450114e-01,0.000000e+00,4876.9,128393.8,10742.6,10.77,14.20
CSV,655011,65500,20,6,13,10173,2523,2.480094e-01,0.000000e+00,5292.1,120568.7,10081.8,10.78,13.58
BER: END_SEQ #20 [SLIP] seq_err=194 BER_seq=3.7965e-01 | lock=6 slip=14 BER_cond=0.0000e+00 BER_cum=2.4863e-01
CSV,660011,66000,20,6,14,10220,2541,2.486301e-01,0.000000e+00,5851.4,124811.1,11011.1,10.54,13.29
CSV,665011,66500,20,6,14,10220,2541,2.486301e-01,0.000000e+00,5488.5,122815.6,10460.5,10.70,13.50
CSV,670011,67000,20,6,14,10220,2541,2.486301e-01,0.000000e+00,4970.3,101669.0,11644.4,9.41,13.11
CSV,675011,67500,20,6,14,10220,2541,2.486301e-01,0.000000e+00,4849.0,112767.1,9724.6,10.64,13.67
CSV,680011,68000,20,6,14,10220,2541,2.486301e-01,0.000000e+00,5297.3,134738.7,10776.0,10.97,14.05
CSV,685011,68500,20,6,14,10220,2541,2.486301e-01,0.000000e+00,5169.8,116412.8,10526.8,10.44,13.53
CSV,690011,69000,20,6,14,10220,2541,2.486301e-01,0.000000e+00,4844.7,127915.7,10317.4,10.93,14.22
BER: SYNC #21 (gated)
CSV,695011,69500,21,6,14,10308,2583,2.505821e-01,0.000000e+00,5486.9,121636.8,11399.3,10.28,13.46
CSV,700011,70000,21,6,14,10404,2635,2.532680e-01,0.000000e+00,5078.7,97295.2,10567.1,9.64,12.82
CSV,705011,70500,21,6,14,10502,2688,2.559513e-01,0.000000e+00,4698.5,118972.9,10601.9,10.50,14.03
CSV,710011,71000,21,6,14,10601,2741,2.585605e-01,0.000000e+00,4955.1,124440.1,10537.7,10.72,14.00
CSV,715011,71500,21,6,14,10701,2793,2.610036e-01,0.000000e+00,5183.3,121504.4,10329.4,10.71,13.70
BER: END_SEQ #21 [SLIP] seq_err=269 BER_seq=5.2642e-01 | lock=6 slip=15 BER_cond=0.0000e+00 BER_cum=2.6186e-01
BER: SYNC #22 (gated)
CSV,720011,72000,22,6,15,10731,2810,2.618582e-01,0.000000e+00,6047.7,126381.7,10979.3,10.61,13.20
CSV,725011,72500,22,6,15,10832,2810,2.594166e-01,0.000000e+00,5306.4,117109.2,11270.0,10.17,13.44
CSV,730011,73000,22,6,15,10931,2850,2.607264e-01,0.000000e+00,5235.1,93436.2,10008.3,9.70,12.52
CSV,735011,73500,22,6,15,11030,2901,2.630100e-01,0.000000e+00,5145.7,117059.8,10271.6,10.57,13.57
CSV,740011,74000,22,6,15,11128,2944,2.645579e-01,0.000000e+00,4951.9,124816.7,10199.1,10.88,14.01
CSV,745011,74500,22,6,15,11228,2998,2.670110e-01,0.000000e+00,5449.8,112643.6,10052.2,10.49,13.15
BER: END_SEQ #22 [SLIP] seq_err=195 BER_seq=3.8160e-01 | lock=6 slip=16 BER_cond=0.0000e+00 BER_cum=2.6730e-01
BER: SYNC #23 (gated)
CSV,750011,75000,23,6,16,11254,3006,2.671050e-01,0.000000e+00,5627.8,133926.1,9458.9,11.51,13.77
CSV,755011,75500,23,6,16,11353,3057,2.692680e-01,0.000000e+00,5144.3,110967.0,11383.1,9.89,13.34
CSV,760011,76000,23,6,16,11451,3105,2.711554e-01,0.000000e+00,5220.2,96953.5,10723.5,9.56,12.69
CSV,765011,76500,23,6,16,11550,3146,2.723809e-01,0.000000e+00,5545.0,109280.6,11643.9,9.72,12.95
CSV,770011,77000,23,6,16,11650,3198,2.745064e-01,0.000000e+00,5127.7,126855.8,11079.1,10.59,13.93
CSV,775011,77500,23,6,16,11750,3252,2.767659e-01,0.000000e+00,5240.3,126212.4,10622.5,10.75,13.82
BER: END_SEQ #23 [SLIP] seq_err=248 BER_seq=4.8532e-01 | lock=6 slip=17 BER_cond=0.0000e+00 BER_cum=2.7678e-01
BER: SYNC #24 (gated)
CSV,780011,78000,24,6,17,11777,3253,2.762164e-01,0.000000e+00,5361.9,116638.6,10431.5,10.48,13.38
CSV,785011,78500,24,6,17,11876,3299,2.777871e-01,0.000000e+00,4974.4,104392.3,10302.4,10.06,13.22
CSV,790011,79000,24,6,17,11976,3352,2.798931e-01,0.000000e+00,4868.7,108181.4,11126.8,9.88,13.47
CSV,795011,79500,24,6,17,12076,3402,2.817158e-01,0.000000e+00,5220.8,116951.6,11032.3,10.25,13.50
CSV,800011,80000,24,6,17,12173,3451,2.834963e-01,0.000000e+00,4998.5,120186.3,10333.0,10.66,13.81
BER: END_SEQ #24 [SLIP] seq_err=246 BER_seq=4.8141e-01 | lock=6 slip=18 BER_cond=0.0000e+00 BER_cum=2.8531e-01
CSV,805011,80500,24,6,18,12264,3499,2.853066e-01,0.000000e+00,5842.4,122169.6,10581.8,10.62,13.20
BER: SYNC #25 (gated)
CSV,810011,81000,25,6,18,12300,3499,2.844715e-01,0.000000e+00,4763.9,114291.0,10628.2,10.32,13.80
CSV,815011,81500,25,6,18,12398,3550,2.863365e-01,0.000000e+00,5014.6,101181.6,10223.6,9.95,13.05
CSV,820011,82000,25,6,18,12498,3603,2.882861e-01,0.000000e+00,4735.5,113637.8,10260.7,10.44,13.80
CSV,825011,82500,25,6,18,12596,3657,2.903303e-01,0.000000e+00,5089.3,114452.1,10373.9,10.43,13.52
CSV,830011,83000,25,6,18,12696,3710,2.922180e-01,0.000000e+00,5237.1,117166.4,10467.1,10.49,13.50
BER: END_SEQ #25 [SLIP] seq_err=251 BER_seq=4.9119e-01 | lock=6 slip=19 BER_cond=0.0000e+00 BER_cum=2.9354e-01
CSV,835011,83500,25,6,19,12775,3750,2.935421e-01,0.000000e+00,5386.6,117129.6,11035.2,10.26,13.37
BER: SYNC #26 (gated)
CSV,840011,84000,26,6,19,12824,3772,2.941360e-01,0.000000e+00,5434.5,113686.8,10274.6,10.44,13.21
CSV,845011,84500,26,6,19,12923,3819,2.955196e-01,0.000000e+00,5350.2,92972.7,12513.6,8.71,12.40
CSV,850011,85000,26,6,19,13023,3876,2.976273e-01,0.000000e+00,5304.4,119743.9,11415.2,10.21,13.54
CSV,855011,85500,26,6,19,13123,3926,2.991694e-01,0.000000e+00,5598.1,114382.8,11344.0,10.04,13.10
CSV,860011,86000,26,6,19,13223,3981,3.010663e-01,0.000000e+00,5044.5,112950.8,10482.6,10.32,13.50
BER: END_SEQ #26 [SLIP] seq_err=231 BER_seq=4.5205e-01 | lock=6 slip=20 BER_cond=0.0000e+00 BER_cum=2.9964e-01
CSV,865011,86500,26,6,20,13286,3981,2.996387e-01,0.000000e+00,5627.2,113601.0,10901.7,10.18,13.05
BER: SYNC #27 (gated)
CSV,870011,87000,27,6,20,13345,3981,2.983140e-01,0.000000e+00,5256.5,118921.2,9642.6,10.91,13.55
CSV,875011,87500,27,6,20,13445,3981,2.960952e-01,0.000000e+00,4505.8,91412.1,9405.8,9.88,13.07
CSV,880011,88000,27,6,20,13545,3981,2.939092e-01,0.000000e+00,5079.9,111724.9,11125.9,10.02,13.42
CSV,885011,88500,27,6,20,13645,3981,2.917552e-01,0.000000e+00,4849.0,116518.4,10230.8,10.56,13.81
CSV,890011,89000,27,6,20,13745,3981,2.896326e-01,0.000000e+00,4450.3,111885.3,10303.6,10.36,14.00
BER: END_SEQ #27 [LOCK] seq_err=2 BER_seq=3.9139e-03 | lock=7 slip=20 BER_cond=5.5913e-04 BER_cum=2.8869e-01
CSV,895011,89500,27,7,20,13797,3983,2.886859e-01,5.591278e-04,6294.7,121494.1,10705.5,10.55,12.86
BER: SYNC #28 (gated)
CSV,900011,90000,28,7,20,13868,3983,2.872080e-01,5.591278e-04,5088.3,119616.0,10823.8,10.43,13.71
CSV,905011,90500,28,7,20,13966,4019,2.877703e-01,5.591278e-04,5525.2,91264.8,11629.6,8.95,12.18
CSV,910011,91000,28,7,20,14066,4074,2.896346e-01,5.591278e-04,5012.0,107889.7,10571.0,10.09,13.33
CSV,915011,91500,28,7,20,14166,4123,2.910490e-01,5.591278e-04,5378.2,123225.8,10752.9,10.59,13.60
CSV,920011,92000,28,7,20,14266,4165,2.919529e-01,5.591278e-04,5556.7,101029.9,10194.9,9.96,12.60
BER: END_SEQ #28 [SLIP] seq_err=204 BER_seq=3.9922e-01 | lock=7 slip=21 BER_cond=5.5913e-04 BER_cum=2.9263e-01
CSV,925011,92500,28,7,21,14308,4187,2.926335e-01,5.591278e-04,4944.1,116271.2,10055.6,10.63,13.71
CSV,930011,93000,28,7,21,14308,4187,2.926335e-01,5.591278e-04,4711.1,118375.5,10168.4,10.66,14.00
CSV,935011,93500,28,7,21,14308,4187,2.926335e-01,5.591278e-04,5177.2,93968.6,10304.0,9.60,12.59
CSV,940011,94000,28,7,21,14308,4187,2.926335e-01,5.591278e-04,4787.9,105284.2,10557.5,9.99,13.42
CSV,945011,94500,28,7,21,14308,4187,2.926335e-01,5.591278e-04,5205.1,120767.4,11334.7,10.28,13.66
CSV,950011,95000,28,7,21,14308,4187,2.926335e-01,5.591278e-04,5214.9,111266.8,10163.9,10.39,13.29
CSV,955011,95500,28,7,21,14308,4187,2.926335e-01,5.591278e-04,5087.7,119585.7,9789.0,10.87,13.71
BER: SYNC #29 (gated)
CSV,960011,96000,29,7,21,14401,4202,2.917853e-01,5.591278e-04,5773.6,110639.1,12760.9,9.38,12.82
CSV,965011,96500,29,7,21,14500,4253,2.933103e-01,5.591278e-04,4583.8,90777.9,11257.8,9.07,12.97
CSV,970011,97000,29,7,21,14600,4306,2.949315e-01,5.591278e-04,4908.6,115495.0,9824.4,10.70,13.72
CSV,975011,97500,29,7,21,14699,4356,2.963467e-01,5.591278e-04,5008.1,115741.3,9157.4,11.02,13.64
CSV,980011,98000,29,7,21,14799,4411,2.980607e-01,5.591278e-04,4935.9,110600.9,10280.7,10.32,13.50
BER: END_SEQ #29 [SLIP] seq_err=234 BER_seq=4.5793e-01 | lock=7 slip=22 BER_cond=5.5913e-04 BER_cum=2.9833e-01
BER: SYNC #30 (gated)
CSV,985011,98500,30,7,22,14825,4421,2.982125e-01,5.591278e-04,5808.2,117645.6,11844.2,9.97,13.07
CSV,990011,99000,30,7,22,14924,4463,2.990485e-01,5.591278e-04,5255.2,115987.9,11128.3,10.18,13.44
CSV,995011,99500,30,7,22,15023,4515,3.005392e-01,5.591278e-04,4969.7,84275.0,10852.4,8.90,12.29
CSV,1000011,100000,30,7,22,15123,4567,3.019904e-01,5.591278e-04,5057.4,108765.0,10169.3,10.29,13.33
CSV,1005011,100500,30,7,22,15223,4609,3.027655e-01,5.591278e-04,5036.2,116480.0,9967.4,10.68,13.64
CSV,1010011,101000,30,7,22,15322,4658,3.040073e-01,5.591278e-04,5096.5,113577.1,11762.5,9.85,13.48
BER: END_SEQ #30 [SLIP] seq_err=239 BER_seq=4.6771e-01 | lock=7 slip=23 BER_cond=5.5913e-04 BER_cum=3.0398e-01
BER: SYNC #31 (gated)
CSV,1015011,101500,31,7,23,15348,4662,3.037529e-01,5.591278e-04,5719.1,115638.6,11047.7,10.20,13.06
CSV,1020011,102000,31,7,23,15447,4688,3.034894e-01,5.591278e-04,5312.9,102742.1,10518.0,9.90,12.86
CSV,1025011,102500,31,7,23,15545,4733,3.044709e-01,5.591278e-04,5514.7,92805.9,10614.0,9.42,12.26
CSV,1030011,103000,31,7,23,15645,4778,3.054011e-01,5.591278e-04,4493.6,148358.6,8590.4,12.37,15.19
CSV,1035011,103500,31,7,23,15745,4829,3.067005e-01,5.591278e-04,5643.3,133990.9,11894.4,10.52,13.76
BER: END_SEQ #31 [SLIP] seq_err=223 BER_seq=4.3640e-01 | lock=7 slip=24 BER_cond=5.5913e-04 BER_cum=3.0825e-01
CSV,1040011,104000,31,7,24,15841,4883,3.082508e-01,5.591278e-04,5668.3,153461.8,11586.0,11.22,14.33
BER: SYNC #32 (gated)
CSV,1045011,104500,32,7,24,15870,4884,3.077505e-01,5.591278e-04,4873.6,130371.8,9630.9,11.32,14.27
CSV,1050011,105000,32,7,24,15970,4884,3.058234e-01,5.591278e-04,4994.1,101980.3,10212.2,9.99,13.10
CSV,1055011,105500,32,7,24,16068,4934,3.070700e-01,5.591278e-04,4710.0,100835.1,9768.4,10.14,13.31
CSV,1060011,106000,32,7,24,16166,4986,3.084251e-01,5.591278e-04,5084.7,99843.1,10755.4,9.68,12.93
CSV,1065011,106500,32,7,24,16266,5036,3.096029e-01,5.591278e-04,4786.6,103286.2,9682.3,10.28,13.34
BER: END_SEQ #32 [SLIP] seq_err=198 BER_seq=3.8748e-01 | lock=7 slip=25 BER_cond=5.5913e-04 BER_cum=3.1073e-01
CSV,1070011,107000,32,7,25,16352,5081,3.107265e-01,5.591278e-04,5703.3,116533.6,9179.9,11.04,13.10
BER: SYNC #33 (gated)
CSV,1075011,107500,33,7,25,16394,5100,3.110894e-01,5.591278e-04,4958.2,106756.0,9005.1,10.74,13.33
CSV,1080011,108000,33,7,25,16494,5148,3.121135e-01,5.591278e-04,4874.5,85029.0,9560.7,9.49,12.42
CSV,1085011,108500,33,7,25,16593,5178,3.120593e-01,5.591278e-04,4496.6,109061.2,9134.0,10.77,13.85
CSV,1090011,109000,33,7,25,16693,5178,3.101899e-01,5.591278e-04,4730.3,92813.7,9138.1,10.07,12.93
CSV,1095011,109500,33,7,25,16793,5178,3.083428e-01,5.591278e-04,5130.2,92358.1,10235.8,9.55,12.55
BER: END_SEQ #33 [SLIP] seq_err=97 BER_seq=1.8982e-01 | lock=7 slip=26 BER_cond=5.5913e-04 BER_cum=3.0706e-01
CSV,1100011,110000,33,7,26,16863,5178,3.070628e-01,5.591278e-04,6378.7,88563.4,10541.7,9.24,11.43
BER: SYNC #34 (gated)
CSV,1105011,110500,34,7,26,16916,5178,3.061007e-01,5.591278e-04,4385.9,151105.9,7495.7,13.04,15.37
CSV,1110011,111000,34,7,26,17015,5189,3.049662e-01,5.591278e-04,4449.5,123703.5,7566.4,12.13,14.44
CSV,1115011,111500,34,7,26,17115,5245,3.064563e-01,5.591278e-04,4073.3,137185.2,6614.1,13.17,15.27
CSV,1120011,112000,34,7,26,17215,5267,3.059541e-01,5.591278e-04,5082.7,102218.7,10180.7,10.02,13.03
CSV,1125011,112500,34,7,26,17314,5307,3.065149e-01,5.591278e-04,3982.7,136024.4,7035.8,12.86,15.33
BER: END_SEQ #34 [SLIP] seq_err=159 BER_seq=3.1115e-01 | lock=7 slip=27 BER_cond=5.5913e-04 BER_cum=3.0718e-01
CSV,1130011,113000,34,7,27,17374,5337,3.071831e-01,5.591278e-04,5022.4,105190.5,9397.0,10.49,13.21
BER: SYNC #35 (gated)
CSV,1135011,113500,35,7,27,17437,5354,3.070482e-01,5.591278e-04,4928.8,94988.0,9250.2,10.12,12.85
CSV,1140011,114000,35,7,27,17534,5409,3.084864e-01,5.591278e-04,5133.6,73494.6,9184.5,9.03,11.56
CSV,1145011,114500,35,7,27,17634,5459,3.095724e-01,5.591278e-04,5572.3,93636.5,9200.5,10.08,12.25
CSV,1150011,115000,35,7,27,17732,5502,3.102865e-01,5.591278e-04,4907.1,102038.5,8061.8,11.02,13.18
CSV,1155011,115500,35,7,27,17832,5550,3.112382e-01,5.591278e-04,4227.0,171261.3,7711.6,13.47,16.08
BER: END_SEQ #35 [SLIP] seq_err=242 BER_seq=4.7358e-01 | lock=7 slip=28 BER_cond=5.5913e-04 BER_cum=3.1194e-01
CSV,1160011,116000,35,7,28,17885,5579,3.119374e-01,5.591278e-04,4388.0,177387.9,6732.3,14.21,16.07
BER: SYNC #36 (gated)
CSV,1165011,116500,36,7,28,17961,5580,3.106731e-01,5.591278e-04,3949.3,170685.6,6216.0,14.39,16.36
CSV,1170011,117000,36,7,28,18061,5580,3.089530e-01,5.591278e-04,4208.4,110675.5,7677.1,11.59,14.20
CSV,1175011,117500,36,7,28,18162,5595,3.080608e-01,5.591278e-04,5467.7,79526.3,10062.3,8.98,11.63
CSV,1180011,118000,36,7,28,18261,5596,3.064454e-01,5.591278e-04,5281.9,94428.3,10592.9,9.50,12.52
CSV,1185011,118500,36,7,28,18360,5601,3.050654e-01,5.591278e-04,4872.6,94013.1,9458.9,9.97,12.85
BER: END_SEQ #36 [LOCK] seq_err=38 BER_seq=7.4364e-02 | lock=8 slip=28 BER_cond=9.7847e-03 BER_cum=3.0534e-01
CSV,1190011,119000,36,8,28,18396,5617,3.053381e-01,9.784736e-03,4927.2,173262.6,7746.8,13.50,15.46
BER: SYNC #37 (gated)
CSV,1195011,119500,37,8,28,18484,5617,3.038844e-01,9.784736e-03,5196.4,119484.7,8374.2,11.54,13.62
CSV,1200011,120000,37,8,28,18583,5620,3.024270e-01,9.784736e-03,5306.9,77122.8,10807.9,8.53,11.62
CSV,1205011,120500,37,8,28,18683,5672,3.035915e-01,9.784736e-03,5422.4,93114.2,10778.8,9.36,12.35
CSV,1210011,121000,37,8,28,18783,5726,3.048501e-01,9.784736e-03,5017.3,93859.9,10552.4,9.49,12.72
CSV,1215011,121500,37,8,28,18881,5781,3.061808e-01,9.784736e-03,6079.9,78917.9,12099.7,8.14,11.13
BER: END_SEQ #37 [SLIP] seq_err=177 BER_seq=3.4638e-01 | lock=8 slip=29 BER_cond=9.7847e-03 BER_cum=3.0645e-01
CSV,1220011,122000,37,8,29,18907,5794,3.064474e-01,9.784736e-03,6643.1,77846.5,12907.2,7.80,10.69
BER: SYNC #38 (gated)
CSV,1225011,122500,38,8,29,19007,5826,3.065186e-01,9.784736e-03,6058.6,65291.9,12660.8,7.12,10.32
CSV,1230011,123000,38,8,29,19104,5863,3.068991e-01,9.784736e-03,4983.8,47438.9,9551.3,6.96,9.79
CSV,1235011,123500,38,8,29,19200,5902,3.073958e-01,9.784736e-03,5035.9,60982.7,11027.1,7.43,10.83
CSV,1240011,124000,38,8,29,19300,5945,3.080311e-01,9.784736e-03,5621.8,69092.7,10892.9,8.02,10.90
CSV,1245011,124500,38,8,29,19396,5991,3.088781e-01,9.784736e-03,6052.3,69809.7,12935.4,7.32,10.62
BER: END_SEQ #38 [SLIP] seq_err=207 BER_seq=4.0509e-01 | lock=8 slip=30 BER_cond=9.7847e-03 BER_cum=3.0904e-01
BER: SYNC #39 (gated)
CSV,1250011,125000,39,8,30,19429,6001,3.088682e-01,9.784736e-03,5808.3,87210.2,11593.7,8.76,11.77
CSV,1255011,125500,39,8,30,19528,6047,3.096579e-01,9.784736e-03,7323.7,79067.4,16971.3,6.68,10.33
CSV,1260011,126000,39,8,30,19627,6083,3.099302e-01,9.784736e-03,6493.5,82698.4,13054.4,8.02,11.05
CSV,1265011,126500,39,8,30,19725,6134,3.109759e-01,9.784736e-03,5589.0,98872.1,11225.7,9.45,12.48
CSV,1270011,127000,39,8,30,19825,6187,3.120807e-01,9.784736e-03,5340.9,107345.0,11398.1,9.74,13.03
CSV,1275011,127500,39,8,30,19924,6239,3.131399e-01,9.784736e-03,5117.1,105783.0,10701.2,9.95,13.15
BER: END_SEQ #39 [SLIP] seq_err=240 BER_seq=4.6967e-01 | lock=8 slip=31 BER_cond=9.7847e-03 BER_cum=3.1316e-01
BER: SYNC #40 (gated)
CSV,1280011,128000,40,8,31,19952,6241,3.128007e-01,9.784736e-03,5434.3,111045.0,9126.6,10.85,13.10
CSV,1285011,128500,40,8,31,20052,6241,3.112408e-01,9.784736e-03,5131.2,95694.2,10171.3,9.74,12.71
CSV,1290011,129000,40,8,31,20152,6241,3.096963e-01,9.784736e-03,4876.0,142988.4,8674.3,12.17,14.67
CSV,1295011,129500,40,8,31,20252,6241,3.081671e-01,9.784736e-03,3490.0,177897.5,6140.6,14.62,17.07
CSV,1300011,130000,40,8,31,20352,6241,3.066529e-01,9.784736e-03,3832.9,184427.0,5361.0,15.37,16.82
BER: END_SEQ #40 [LOCK] seq_err=0 BER_seq=0.0000e+00 | lock=9 slip=31 BER_cond=8.6975e-03 BER_cum=3.0533e-01
CSV,1305011,130500,40,9,31,20440,6241,3.053327e-01,8.697543e-03,3755.8,187971.2,5463.7,15.37,16.99
BER: SYNC #41 (gated)
CSV,1310011,131000,41,9,31,20475,6241,3.048107e-01,8.697543e-03,3806.1,179584.2,5737.2,14.96,16.74
CSV,1315011,131500,41,9,31,20575,6241,3.033293e-01,8.697543e-03,3897.4,152817.9,5839.9,14.18,15.93
CSV,1320011,132000,41,9,31,20675,6241,3.018622e-01,8.697543e-03,3631.1,171798.2,6087.5,14.51,16.75
CSV,1325011,132500,41,9,31,20775,6241,3.004091e-01,8.697543e-03,3635.9,176887.9,5249.9,15.28,16.87
CSV,1330011,133000,41,9,31,20875,6241,2.989701e-01,8.697543e-03,3814.9,176022.9,6337.1,14.44,16.64
BER: END_SEQ #41 [LOCK] seq_err=0 BER_seq=0.0000e+00 | lock=10 slip=31 BER_cond=7.8278e-03 BER_cum=2.9789e-01
CSV,1335011,133500,41,10,31,20951,6241,2.978855e-01,7.827789e-03,3994.0,179025.2,6285.4,14.55,16.52
BER: SYNC #42 (gated)
CSV,1340011,134000,42,10,31,20997,6242,2.972806e-01,7.827789e-03,3662.8,163517.3,5216.6,14.96,16.50
CSV,1345011,134500,42,10,31,21097,6242,2.958714e-01,7.827789e-03,3445.4,144294.9,5829.4,13.94,16.22
CSV,1350011,135000,42,10,31,21197,6242,2.944756e-01,7.827789e-03,3503.7,175314.5,5556.5,14.99,16.99
CSV,1355011,135500,42,10,31,21297,6242,2.930929e-01,7.827789e-03,3434.3,163305.9,5478.9,14.74,16.77
CSV,1360011,136000,42,10,31,21397,6242,2.917231e-01,7.827789e-03,3514.1,172619.3,5422.9,15.03,16.91
BER: END_SEQ #42 [LOCK] seq_err=1 BER_seq=1.9569e-03 | lock=11 slip=31 BER_cond=7.2941e-03 BER_cum=2.9084e-01
CSV,1365011,136500,42,11,31,21462,6242,2.908396e-01,7.294076e-03,4148.3,169043.2,6403.3,14.22,16.10
BER: SYNC #43 (gated)
CSV,1370011,137000,43,11,31,21520,6243,2.901022e-01,7.294076e-03,3787.8,174618.2,5804.7,14.78,16.64
CSV,1375011,137500,43,11,31,21619,6293,2.910866e-01,7.294076e-03,3744.6,136028.7,5647.9,13.82,15.60
CSV,1380011,138000,43,11,31,21718,6345,2.921540e-01,7.294076e-03,3577.5,160108.0,5236.8,14.85,16.51
CSV,1385011,138500,43,11,31,21818,6399,2.932899e-01,7.294076e-03,3582.6,175798.1,5805.2,14.81,16.91
CSV,1390011,139000,43,11,31,21918,6438,2.937312e-01,7.294076e-03,3310.1,156403.9,5598.5,14.46,16.74
BER: END_SEQ #43 [SLIP] seq_err=224 BER_seq=4.3836e-01 | lock=11 slip=32 BER_cond=7.2941e-03 BER_cum=2.9427e-01
CSV,1395011,139500,43,11,32,21973,6466,2.942702e-01,7.294076e-03,4293.5,175113.6,6142.2,14.55,16.11
BER: SYNC #44 (gated)
CSV,1400011,140000,44,11,32,22043,6466,2.933358e-01,7.294076e-03,3478.1,177371.7,5254.2,15.28,17.08
CSV,1405011,140500,44,11,32,22143,6466,2.920110e-01,7.294076e-03,3528.7,136452.3,5995.0,13.57,15.87
CSV,1410011,141000,44,11,32,22243,6466,2.906982e-01,7.294076e-03,3172.8,158775.3,6174.4,14.10,16.99
CSV,1415011,141500,44,11,32,22343,6466,2.893971e-01,7.294076e-03,4634.3,170373.4,8440.2,13.05,15.65
CSV,1420011,142000,44,11,32,22443,6466,2.881077e-01,7.294076e-03,4278.0,168119.7,7470.8,13.52,15.94
BER: END_SEQ #44 [LOCK] seq_err=0 BER_seq=0.0000e+00 | lock=12 slip=32 BER_cond=6.6862e-03 BER_cum=2.8758e-01
CSV,1425011,142500,44,12,32,22484,6466,2.875823e-01,6.686236e-03,4401.3,188147.9,6885.8,14.37,16.31
CSV,1430011,143000,44,12,32,22484,6466,2.875823e-01,6.686236e-03,3947.2,169510.0,6167.1,14.39,16.33
CSV,1435011,143500,44,12,32,22484,6466,2.875823e-01,6.686236e-03,3978.2,148022.3,5831.5,14.05,15.71
CSV,1440011,144000,44,12,32,22484,6466,2.875823e-01,6.686236e-03,3803.9,157053.2,6735.0,13.68,16.16
CSV,1445011,144500,44,12,32,22484,6466,2.875823e-01,6.686236e-03,4262.5,185975.2,6334.9,14.68,16.40
CSV,1450011,145000,44,12,32,22484,6466,2.875823e-01,6.686236e-03,4025.6,158558.3,6621.2,13.79,15.95
CSV,1455011,145500,44,12,32,22484,6466,2.875823e-01,6.686236e-03,3745.2,175778.4,5808.5,14.81,16.71
BER: SYNC #45 (gated)
CSV,1460011,146000,45,12,32,22577,6466,2.863977e-01,6.686236e-03,3871.8,165111.1,6154.7,14.29,16.30
CSV,1465011,146500,45,12,32,22677,6466,2.851347e-01,6.686236e-03,3327.8,133159.4,5561.5,13.79,16.02
CSV,1470011,147000,45,12,32,22777,6466,2.838829e-01,6.686236e-03,3920.7,168424.2,6133.0,14.39,16.33
CSV,1475011,147500,45,12,32,22877,6466,2.826419e-01,6.686236e-03,3641.4,171272.6,5974.2,14.57,16.72
CSV,1480011,148000,45,12,32,22977,6466,2.814119e-01,6.686236e-03,3938.6,164279.2,6057.7,14.33,16.20
BER: END_SEQ #45 [LOCK] seq_err=0 BER_seq=0.0000e+00 | lock=13 slip=32 BER_cond=6.1719e-03 BER_cum=2.8119e-01
BER: SYNC #46 (gated)
CSV,1485011,148500,46,13,32,23000,6466,2.811304e-01,6.171910e-03,3996.7,169892.3,6041.7,14.49,16.28
CSV,1490011,149000,46,13,32,23100,6466,2.799134e-01,6.171910e-03,3718.6,172133.3,6978.1,13.92,16.65
CSV,1495011,149500,46,13,32,23200,6466,2.787069e-01,6.171910e-03,3503.9,118213.2,6577.7,12.55,15.28
CSV,1500011,150000,46,13,32,23300,6466,2.775107e-01,6.171910e-03,4002.4,161853.5,6125.0,14.22,16.07
CSV,1505011,150500,46,13,32,23399,6483,2.770631e-01,6.171910e-03,3531.9,172176.3,5783.8,14.74,16.88
CSV,1510011,151000,46,13,32,23499,6529,2.778416e-01,6.171910e-03,3901.0,171385.7,7319.3,13.70,16.43
BER: END_SEQ #46 [SLIP] seq_err=64 BER_seq=1.2524e-01 | lock=13 slip=33 BER_cond=6.1719e-03 BER_cum=2.7780e-01

=========================================
=== END OF TEST (duration=25 min) ===
=========================================
FINAL: syncs=46 lock=13 slip=33 slip_rate=0.7174
FINAL: bits_cum=23506 err_cum=6530 BER_cum=2.7780e-01
FINAL: bits_lock=6643 err_lock=41 BER_cond=6.1719e-03
=========================================
=== STOP LOGGING NOW ===
=========================================
