

=== RX BOOT - BER TEST MODE ===
BPS_MODE=20 (HALF_SAMPLES=2000, 10000 samples/bit @ 200000 Hz)
Expect: 64-bit preamble + Barker13 (1F35h, gated by 8 preamble bits = 0x55) + 511-bit PRBS-9
Noise floor band: 5000 Hz; lock threshold: BER<0.10
Auto-stop: test will halt 25 min after the first sync.
RX: edge-tracking sync, center-3 voting
Starting decoder...

CSV,5010,500,0,0,0,0,0,0.000000e+00,0.000000e+00,214460973056.0,200030633984.0,1953568.2,50.41,0.30
BER: SYNC #1 (gated)
CSV,10010,1000,1,0,0,81,0,0.000000e+00,0.000000e+00,204043583488.0,215550853120.0,1259424.6,52.33,0.24
CSV,15010,1500,1,0,0,181,0,0.000000e+00,0.000000e+00,254933549056.0,177400070144.0,1247103.9,53.11,1.57
CSV,20010,2000,1,0,0,281,0,0.000000e+00,0.000000e+00,239161884672.0,192598654976.0,1182044.6,53.06,0.94
CSV,25010,2500,1,0,0,381,0,0.000000e+00,0.000000e+00,183238737920.0,231372488704.0,1264287.5,52.62,1.01
CSV,30010,3000,1,0,0,481,0,0.000000e+00,0.000000e+00,219938816000.0,195600809984.0,1447777.0,51.82,0.51
BER: END_SEQ #1 [LOCK] seq_err=0 BER_seq=0.0000e+00 | lock=1 slip=0 BER_cond=0.0000e+00 BER_cum=0.0000e+00
CSV,35010,3500,1,1,0,511,0,0.000000e+00,0.000000e+00,190870093824.0,227694919680.0,1977809.9,50.61,0.77
BER: SYNC #2 (gated)
CSV,40010,4000,2,1,0,604,0,0.000000e+00,0.000000e+00,220627337216.0,206587281408.0,1185963.4,52.70,0.29
CSV,45010,4500,2,1,0,704,0,0.000000e+00,0.000000e+00,258908635136.0,160617873408.0,1310054.5,52.96,2.07
CSV,50010,5000,2,1,0,804,0,0.000000e+00,0.000000e+00,209475616768.0,203784290304.0,1183827.2,52.48,0.12
CSV,55010,5500,2,1,0,904,0,0.000000e+00,0.000000e+00,207225257984.0,215422681088.0,1257977.4,52.34,0.17
CSV,60010,6000,2,1,0,1004,0,0.000000e+00,0.000000e+00,213935095808.0,214884581376.0,1171036.0,52.64,0.02
BER: END_SEQ #2 [LOCK] seq_err=0 BER_seq=0.0000e+00 | lock=2 slip=0 BER_cond=0.0000e+00 BER_cum=0.0000e+00
BER: SYNC #3 (gated)
CSV,65010,6500,3,2,0,1027,0,0.000000e+00,0.000000e+00,193099644928.0,213454929920.0,2022337.0,50.23,0.44
CSV,70010,7000,3,2,0,1127,0,0.000000e+00,0.000000e+00,197573541888.0,215912431616.0,1176492.9,52.64,0.39
CSV,75010,7500,3,2,0,1227,0,0.000000e+00,0.000000e+00,269327695872.0,157053042688.0,1271717.8,53.26,2.34
CSV,80010,8000,3,2,0,1327,0,0.000000e+00,0.000000e+00,214303391744.0,214185967616.0,1195599.5,52.53,0.00
CSV,85010,8500,3,2,0,1427,0,0.000000e+00,0.000000e+00,202484121600.0,211447431168.0,1209191.9,52.43,0.19
CSV,90010,9000,3,2,0,1526,0,0.000000e+00,0.000000e+00,207479128064.0,207935799296.0,991858.8,53.21,0.01
BER: END_SEQ #3 [LOCK] seq_err=0 BER_seq=0.0000e+00 | lock=3 slip=0 BER_cond=0.0000e+00 BER_cum=0.0000e+00
BER: SYNC #4 (gated)
CSV,95010,9500,4,3,0,1549,0,0.000000e+00,0.000000e+00,187303444480.0,224824885248.0,2142693.5,50.21,0.79
CSV,100010,10000,4,3,0,1649,0,0.000000e+00,0.000000e+00,228867883008.0,200924741632.0,1240746.0,52.66,0.57
CSV,105010,10500,4,3,0,1749,0,0.000000e+00,0.000000e+00,247765303296.0,172637339648.0,1218446.4,53.08,1.57
CSV,110010,11000,4,3,0,1849,0,0.000000e+00,0.000000e+00,216802574336.0,197194498048.0,1378371.0,51.97,0.41
CSV,115010,11500,4,3,0,1949,0,0.000000e+00,0.000000e+00,208577691648.0,213207154688.0,1284151.9,52.20,0.10
BER: END_SEQ #4 [LOCK] seq_err=0 BER_seq=0.0000e+00 | lock=4 slip=0 BER_cond=0.0000e+00 BER_cum=0.0000e+00
CSV,120010,12000,4,4,0,2044,0,0.000000e+00,0.000000e+00,199170621440.0,231872561152.0,1305342.5,52.50,0.66
BER: SYNC #5 (gated)
CSV,125010,12500,5,4,0,2072,0,0.000000e+00,0.000000e+00,199243792384.0,214187606016.0,2013541.4,50.27,0.31
CSV,130010,13000,5,4,0,2172,0,0.000000e+00,0.000000e+00,243282640896.0,174966276096.0,1235719.0,52.94,1.43
CSV,135010,13500,5,4,0,2272,0,0.000000e+00,0.000000e+00,225312440320.0,195418898432.0,1254635.6,52.54,0.62
CSV,140010,14000,5,4,0,2372,0,0.000000e+00,0.000000e+00,217186238464.0,214437249024.0,1315605.4,52.18,0.06
CSV,145010,14500,5,4,0,2472,0,0.000000e+00,0.000000e+00,213405253632.0,206272888832.0,1385271.2,51.88,0.15
BER: END_SEQ #5 [LOCK] seq_err=0 BER_seq=0.0000e+00 | lock=5 slip=0 BER_cond=0.0000e+00 BER_cum=0.0000e+00
CSV,150010,15000,5,5,0,2555,0,0.000000e+00,0.000000e+00,195362521088.0,216242503680.0,1390297.6,51.92,0.44
BER: SYNC #6 (gated)
CSV,155010,15500,6,5,0,2595,0,0.000000e+00,0.000000e+00,209600430080.0,202417881088.0,1929277.1,50.36,0.15
CSV,160010,16000,6,5,0,2695,0,0.000000e+00,0.000000e+00,247458889728.0,184670404608.0,1367676.6,52.58,1.27
CSV,165010,16500,6,5,0,2795,0,0.000000e+00,0.000000e+00,212271939584.0,205653049344.0,1317348.6,52.07,0.14
CSV,170010,17000,6,5,0,2895,0,0.000000e+00,0.000000e+00,215444029440.0,199535525888.0,1134552.1,52.79,0.33
CSV,175010,17500,6,5,0,2995,0,0.000000e+00,0.000000e+00,202872406016.0,212804354048.0,1233152.5,52.37,0.21
BER: END_SEQ #6 [LOCK] seq_err=0 BER_seq=0.0000e+00 | lock=6 slip=0 BER_cond=0.0000e+00 BER_cum=0.0000e+00
CSV,180010,18000,6,6,0,3066,0,0.000000e+00,0.000000e+00,209180065792.0,218908246016.0,1525490.1,51.57,0.20
BER: SYNC #7 (gated)
CSV,185010,18500,7,6,0,3118,0,0.000000e+00,0.000000e+00,208105357312.0,208123084800.0,1692207.8,50.90,0.00
CSV,190010,19000,7,6,0,3217,0,0.000000e+00,0.000000e+00,252340011008.0,166605651968.0,1151212.0,53.41,1.80
CSV,195010,19500,7,6,0,3317,0,0.000000e+00,0.000000e+00,201993420800.0,212077494272.0,1284234.2,52.18,0.21
CSV,200010,20000,7,6,0,3417,0,0.000000e+00,0.000000e+00,215667769344.0,214007545856.0,1191777.0,52.58,0.03
CSV,205010,20500,7,6,0,3517,0,0.000000e+00,0.000000e+00,217417072640.0,203139219456.0,1245684.4,52.42,0.29
BER: END_SEQ #7 [LOCK] seq_err=0 BER_seq=0.0000e+00 | lock=7 slip=0 BER_cond=0.0000e+00 BER_cum=0.0000e+00
CSV,210010,21000,7,7,0,3577,0,0.000000e+00,0.000000e+00,193633779712.0,213432074240.0,1624420.8,51.19,0.42
BER: SYNC #8 (gated)
CSV,215010,21500,8,7,0,3640,0,0.000000e+00,0.000000e+00,198893912064.0,214280323072.0,1547980.9,51.41,0.32
CSV,220010,22000,8,7,0,3740,0,0.000000e+00,0.000000e+00,271312879616.0,161805025280.0,1269451.5,53.30,2.24
CSV,225010,22500,8,7,0,3840,0,0.000000e+00,0.000000e+00,217291898880.0,205184319488.0,1215994.0,52.52,0.25
CSV,230010,23000,8,7,0,3940,0,0.000000e+00,0.000000e+00,197491965952.0,215233773568.0,1242635.4,52.39,0.37
CSV,235010,23500,8,7,0,4040,0,0.000000e+00,0.000000e+00,211981385728.0,203771133952.0,1435584.5,51.69,0.17
BER: END_SEQ #8 [LOCK] seq_err=0 BER_seq=0.0000e+00 | lock=8 slip=0 BER_cond=0.0000e+00 BER_cum=0.0000e+00
CSV,240010,24000,8,8,0,4088,0,0.000000e+00,0.000000e+00,202259103744.0,225804566528.0,1829938.4,50.91,0.48
BER: SYNC #9 (gated)
CSV,245010,24500,9,8,0,4163,0,0.000000e+00,0.000000e+00,205848739840.0,217660719104.0,1330329.5,52.14,0.24
CSV,250010,25000,9,8,0,4263,0,0.000000e+00,0.000000e+00,256319193088.0,161041661952.0,1320362.0,52.88,2.02
CSV,255010,25500,9,8,0,4363,0,0.000000e+00,0.000000e+00,221717561344.0,194122907648.0,1138063.2,52.90,0.58
CSV,260010,26000,9,8,0,4463,0,0.000000e+00,0.000000e+00,190965432320.0,235236360192.0,1314603.0,52.53,0.91
CSV,265010,26500,9,8,0,4563,0,0.000000e+00,0.000000e+00,229291409408.0,196814176256.0,1252294.0,52.63,0.66
BER: END_SEQ #9 [LOCK] seq_err=0 BER_seq=0.0000e+00 | lock=9 slip=0 BER_cond=0.0000e+00 BER_cum=0.0000e+00
CSV,270010,27000,9,9,0,4599,0,0.000000e+00,0.000000e+00,187767685120.0,216165777408.0,1971454.2,50.40,0.61
BER: SYNC #10 (gated)
CSV,275010,27500,10,9,0,4686,0,0.000000e+00,0.000000e+00,208150118400.0,208466870272.0,1182489.4,52.46,0.01
CSV,280010,28000,10,9,0,4786,0,0.000000e+00,0.000000e+00,258757459968.0,172003131392.0,1178761.2,53.41,1.77
CSV,285010,28500,10,9,0,4886,0,0.000000e+00,0.000000e+00,217448611840.0,209113202688.0,1331957.8,52.13,0.17
CSV,290010,29000,10,9,0,4986,0,0.000000e+00,0.000000e+00,206258225152.0,208879566848.0,1216566.5,52.35,0.05
CSV,295010,29500,10,9,0,5085,0,0.000000e+00,0.000000e+00,206381334528.0,208186441728.0,1113461.2,52.72,0.04
BER: END_SEQ #10 [LOCK] seq_err=0 BER_seq=0.0000e+00 | lock=10 slip=0 BER_cond=0.0000e+00 BER_cum=0.0000e+00
CSV,300010,30000,10,10,0,5110,0,0.000000e+00,0.000000e+00,192872693760.0,228537286656.0,1958484.9,50.67,0.74
BER: SYNC #11 (gated)
CSV,305010,30500,11,10,0,5208,0,0.000000e+00,0.000000e+00,219000094720.0,208840294400.0,1211908.2,52.57,0.21
CSV,310010,31000,11,10,0,5308,0,0.000000e+00,0.000000e+00,262044090368.0,158294687744.0,1292122.2,53.07,2.19
CSV,315010,31500,11,10,0,5408,0,0.000000e+00,0.000000e+00,210251300864.0,205448593408.0,1381273.4,51.82,0.10
CSV,320010,32000,11,10,0,5508,0,0.000000e+00,0.000000e+00,205017481216.0,219625750528.0,1400279.6,51.95,0.30
CSV,325010,32500,11,10,0,5608,0,0.000000e+00,0.000000e+00,212012236800.0,217340084224.0,1226782.5,52.48,0.11
BER: END_SEQ #11 [LOCK] seq_err=0 BER_seq=0.0000e+00 | lock=11 slip=0 BER_cond=0.0000e+00 BER_cum=0.0000e+00
BER: SYNC #12 (gated)
CSV,330010,33000,12,11,0,5631,0,0.000000e+00,0.000000e+00,191370002432.0,215870144512.0,2089003.0,50.14,0.52
CSV,335010,33500,12,11,0,5731,0,0.000000e+00,0.000000e+00,214163423232.0,201727721472.0,1247112.8,52.35,0.26
CSV,340010,34000,12,11,0,5831,0,0.000000e+00,0.000000e+00,253070131200.0,175365193728.0,1179047.8,53.32,1.59
CSV,345010,34500,12,11,0,5931,0,0.000000e+00,0.000000e+00,226420834304.0,204923092992.0,1296700.2,52.42,0.43
CSV,350010,35000,12,11,0,6031,0,0.000000e+00,0.000000e+00,194101182464.0,220232630272.0,1282900.6,52.35,0.55
CSV,355010,35500,12,11,0,6131,0,0.000000e+00,0.000000e+00,203769692160.0,213353283584.0,1234647.9,52.38,0.20
BER: END_SEQ #12 [LOCK] seq_err=0 BER_seq=0.0000e+00 | lock=12 slip=0 BER_cond=0.0000e+00 BER_cum=0.0000e+00
BER: SYNC #13 (gated)
CSV,360010,36000,13,12,0,6154,0,0.000000e+00,0.000000e+00,197766692864.0,216251891712.0,2071483.4,50.19,0.39
CSV,365010,36500,13,12,0,6254,0,0.000000e+00,0.000000e+00,238084489216.0,193060061184.0,1318288.2,52.57,0.91
CSV,370010,37000,13,12,0,6354,0,0.000000e+00,0.000000e+00,244222394368.0,175677390848.0,1227211.2,52.99,1.43
CSV,375010,37500,13,12,0,6454,0,0.000000e+00,0.000000e+00,211661193216.0,203474714624.0,1270691.9,52.22,0.17
CSV,380010,38000,13,12,0,6554,0,0.000000e+00,0.000000e+00,210544214016.0,211229048832.0,1248937.4,52.28,0.01
BER: END_SEQ #13 [LOCK] seq_err=0 BER_seq=0.0000e+00 | lock=13 slip=0 BER_cond=0.0000e+00 BER_cum=0.0000e+00
CSV,385010,38500,13,13,0,6643,0,0.000000e+00,0.000000e+00,201489350656.0,228087267328.0,1141476.9,53.01,0.54
BER: SYNC #14 (gated)
CSV,390010,39000,14,13,0,6677,0,0.000000e+00,0.000000e+00,205986922496.0,207347187712.0,1932800.6,50.31,0.03
CSV,395010,39500,14,13,0,6776,0,0.000000e+00,0.000000e+00,243619282944.0,174829617152.0,1111832.4,53.41,1.44
CSV,400010,40000,14,13,0,6876,0,0.000000e+00,0.000000e+00,214321725440.0,206745157632.0,1314180.4,52.12,0.16
CSV,405010,40500,14,13,0,6976,0,0.000000e+00,0.000000e+00,216247533568.0,215806640128.0,1206504.1,52.53,0.01
CSV,410010,41000,14,13,0,7076,0,0.000000e+00,0.000000e+00,217973178368.0,200925904896.0,1213588.6,52.54,0.35
BER: END_SEQ #14 [LOCK] seq_err=0 BER_seq=0.0000e+00 | lock=14 slip=0 BER_cond=0.0000e+00 BER_cum=0.0000e+00
CSV,415010,41500,14,14,0,7154,0,0.000000e+00,0.000000e+00,195041017856.0,217761202176.0,1349968.0,52.08,0.48
BER: SYNC #15 (gated)
CSV,420010,42000,15,14,0,7199,0,0.000000e+00,0.000000e+00,208545054720.0,207118286848.0,1771889.2,50.71,0.03
CSV,425010,42500,15,14,0,7299,0,0.000000e+00,0.000000e+00,259722543104.0,176194584576.0,1274533.1,53.09,1.69
CSV,430010,43000,15,14,0,7399,0,0.000000e+00,0.000000e+00,206484029440.0,212541833216.0,1349684.0,51.97,0.13
CSV,435010,43500,15,14,0,7499,0,0.000000e+00,0.000000e+00,212728201216.0,204126240768.0,1233044.0,52.37,0.18
CSV,440010,44000,15,14,0,7599,0,0.000000e+00,0.000000e+00,204649758720.0,213410856960.0,1406076.1,51.81,0.18
BER: END_SEQ #15 [LOCK] seq_err=0 BER_seq=0.0000e+00 | lock=15 slip=0 BER_cond=0.0000e+00 BER_cum=0.0000e+00
CSV,445010,44500,15,15,0,7665,0,0.000000e+00,0.000000e+00,212101038080.0,218947371008.0,1637155.9,51.26,0.14
BER: SYNC #16 (gated)
CSV,450010,45000,16,15,0,7722,0,0.000000e+00,0.000000e+00,207276867584.0,210852970496.0,1572711.5,51.27,0.07
CSV,455010,45500,16,15,0,7822,0,0.000000e+00,0.000000e+00,253432643584.0,164262412288.0,1207728.2,53.22,1.88
CSV,460010,46000,16,15,0,7922,0,0.000000e+00,0.000000e+00,217404440576.0,200881127424.0,1250054.4,52.40,0.34
CSV,465010,46500,16,15,0,8022,0,0.000000e+00,0.000000e+00,200982364160.0,228267180032.0,1171465.9,52.90,0.55
CSV,470010,47000,16,15,0,8122,0,0.000000e+00,0.000000e+00,227013656576.0,193664614400.0,1406734.1,52.08,0.69
BER: END_SEQ #16 [LOCK] seq_err=0 BER_seq=0.0000e+00 | lock=16 slip=0 BER_cond=0.0000e+00 BER_cum=0.0000e+00
CSV,475010,47500,16,16,0,8176,0,0.000000e+00,0.000000e+00,185152159744.0,221441228800.0,1847236.6,50.79,0.78
BER: SYNC #17 (gated)
CSV,480010,48000,17,16,0,8245,0,0.000000e+00,0.000000e+00,198315933696.0,217014910976.0,1430196.2,51.81,0.39
CSV,485010,48500,17,16,0,8345,0,0.000000e+00,0.000000e+00,268112625664.0,163472605184.0,1309969.0,53.11,2.15
CSV,490010,49000,17,16,0,8445,0,0.000000e+00,0.000000e+00,222835572736.0,197644058624.0,1195964.5,52.70,0.52
CSV,495010,49500,17,16,0,8544,0,0.000000e+00,0.000000e+00,192047398912.0,217825017856.0,1314439.5,52.19,0.55
CSV,500010,50000,17,16,0,8644,0,0.000000e+00,0.000000e+00,220456026112.0,194191409152.0,1157184.6,52.80,0.55
BER: END_SEQ #17 [LOCK] seq_err=0 BER_seq=0.0000e+00 | lock=17 slip=0 BER_cond=0.0000e+00 BER_cum=0.0000e+00
CSV,505010,50500,17,17,0,8687,0,0.000000e+00,0.000000e+00,195074129920.0,228261691392.0,1927713.9,50.73,0.68
BER: SYNC #18 (gated)
CSV,510010,51000,18,17,0,8767,0,0.000000e+00,0.000000e+00,204326649856.0,214436151296.0,1256478.1,52.32,0.21
CSV,515010,51500,18,17,0,8867,0,0.000000e+00,0.000000e+00,247799709696.0,167131250688.0,1148831.5,53.34,1.71
CSV,520010,52000,18,17,0,8967,0,0.000000e+00,0.000000e+00,231353909248.0,182337601536.0,1375670.9,52.26,1.03
CSV,525010,52500,18,17,0,9067,0,0.000000e+00,0.000000e+00,187653210112.0,235666685952.0,1178684.0,53.01,0.99
CSV,530010,53000,18,17,0,9167,0,0.000000e+00,0.000000e+00,221547610112.0,199510097920.0,1042951.7,53.27,0.46
BER: END_SEQ #18 [LOCK] seq_err=0 BER_seq=0.0000e+00 | lock=18 slip=0 BER_cond=0.0000e+00 BER_cum=0.0000e+00
CSV,535010,53500,18,18,0,9198,0,0.000000e+00,0.000000e+00,182091038720.0,218348552192.0,1933812.4,50.53,0.79
BER: SYNC #19 (gated)
CSV,540010,54000,19,18,0,9290,0,0.000000e+00,0.000000e+00,218235731968.0,196874600448.0,1194658.4,52.62,0.45
CSV,545010,54500,19,18,0,9390,0,0.000000e+00,0.000000e+00,259659268096.0,169733586944.0,1286149.1,53.05,1.85
CSV,550010,55000,19,18,0,9490,0,0.000000e+00,0.000000e+00,215304011776.0,207326871552.0,1405353.6,51.85,0.16
CSV,555010,55500,19,18,0,9590,0,0.000000e+00,0.000000e+00,203712430080.0,205840515072.0,1443888.9,51.54,0.05
CSV,560010,56000,19,18,0,9690,0,0.000000e+00,0.000000e+00,206157119488.0,206992572416.0,1221846.4,52.29,0.02
BER: END_SEQ #19 [LOCK] seq_err=0 BER_seq=0.0000e+00 | lock=19 slip=0 BER_cond=0.0000e+00 BER_cum=0.0000e+00
BER: SYNC #20 (gated)
CSV,565010,56500,20,19,0,9713,0,0.000000e+00,0.000000e+00,197374017536.0,222377148416.0,2029890.5,50.40,0.52
CSV,570010,57000,20,19,0,9813,0,0.000000e+00,0.000000e+00,205903036416.0,216265932800.0,1288962.0,52.25,0.21
CSV,575010,57500,20,19,0,9913,0,0.000000e+00,0.000000e+00,264599339008.0,152619335680.0,1200162.8,53.43,2.39
CSV,580010,58000,20,19,0,10013,0,0.000000e+00,0.000000e+00,206470873088.0,207132082176.0,1197067.5,52.38,0.01
CSV,585010,58500,20,19,0,10113,0,0.000000e+00,0.000000e+00,207111880704.0,216168890368.0,1385057.0,51.93,0.19
CSV,590010,59000,20,19,0,10213,0,0.000000e+00,0.000000e+00,212694614016.0,213606891520.0,1263704.4,52.28,0.02
BER: END_SEQ #20 [LOCK] seq_err=0 BER_seq=0.0000e+00 | lock=20 slip=0 BER_cond=0.0000e+00 BER_cum=0.0000e+00
BER: SYNC #21 (gated)
CSV,595010,59500,21,20,0,10236,0,0.000000e+00,0.000000e+00,178744180736.0,224478543872.0,1945428.2,50.62,0.99
CSV,600010,60000,21,20,0,10335,0,0.000000e+00,0.000000e+00,223889047552.0,190267932672.0,1348531.5,52.20,0.71
CSV,605010,60500,21,20,0,10435,0,0.000000e+00,0.000000e+00,248179097600.0,177513594880.0,1243374.6,53.00,1.46
CSV,610010,61000,21,20,0,10535,0,0.000000e+00,0.000000e+00,225045004288.0,200769896448.0,1297527.0,52.39,0.50
CSV,615010,61500,21,20,0,10635,0,0.000000e+00,0.000000e+00,201338847232.0,211417546752.0,1214416.2,52.41,0.21
BER: END_SEQ #21 [LOCK] seq_err=0 BER_seq=0.0000e+00 | lock=21 slip=0 BER_cond=0.0000e+00 BER_cum=0.0000e+00
CSV,620010,62000,21,21,0,10731,0,0.000000e+00,0.000000e+00,192540852224.0,219961638912.0,1093518.4,53.04,0.58
BER: SYNC #22 (gated)
CSV,625010,62500,22,21,0,10758,0,0.000000e+00,0.000000e+00,197222744064.0,215848452096.0,2025682.4,50.28,0.39
CSV,630010,63000,22,21,0,10858,0,0.000000e+00,0.000000e+00,249153667072.0,179765903360.0,1082591.0,53.62,1.42
CSV,635010,63500,22,21,0,10958,0,0.000000e+00,0.000000e+00,225872396288.0,187727364096.0,1393927.9,52.10,0.80
CSV,640010,64000,22,21,0,11058,0,0.000000e+00,0.000000e+00,206605942784.0,205667516416.0,1148583.2,52.55,0.02
CSV,645010,64500,22,21,0,11158,0,0.000000e+00,0.000000e+00,211348668416.0,208806641664.0,1299877.2,52.11,0.05
BER: END_SEQ #22 [LOCK] seq_err=0 BER_seq=0.0000e+00 | lock=22 slip=0 BER_cond=0.0000e+00 BER_cum=0.0000e+00
CSV,650010,65000,22,22,0,11242,0,0.000000e+00,0.000000e+00,204195332096.0,221536452608.0,1305445.6,52.30,0.35
BER: SYNC #23 (gated)
CSV,655010,65500,23,22,0,11281,0,0.000000e+00,0.000000e+00,208935272448.0,201751068672.0,1787851.6,50.68,0.15
CSV,660010,66000,23,22,0,11381,0,0.000000e+00,0.000000e+00,241133666304.0,174608875520.0,1314230.5,52.64,1.40
CSV,665010,66500,23,22,0,11481,0,0.000000e+00,0.000000e+00,210137989120.0,208551051264.0,1250618.5,52.25,0.03
CSV,670010,67000,23,22,0,11581,0,0.000000e+00,0.000000e+00,226740584448.0,201799909376.0,1215962.8,52.71,0.51
CSV,675010,67500,23,22,0,11681,0,0.000000e+00,0.000000e+00,202082009088.0,211713146880.0,1316448.8,52.06,0.20
BER: END_SEQ #23 [LOCK] seq_err=0 BER_seq=0.0000e+00 | lock=23 slip=0 BER_cond=0.0000e+00 BER_cum=0.0000e+00
CSV,680010,68000,23,23,0,11753,0,0.000000e+00,0.000000e+00,195423715328.0,211680034816.0,1490704.1,51.52,0.35
BER: SYNC #24 (gated)
CSV,685010,68500,24,23,0,11804,0,0.000000e+00,0.000000e+00,206098006016.0,206026670080.0,1718587.9,50.79,0.00
CSV,690010,69000,24,23,0,11904,0,0.000000e+00,0.000000e+00,259494019072.0,172286410752.0,1124724.0,53.63,1.78
CSV,695010,69500,24,23,0,12004,0,0.000000e+00,0.000000e+00,202466869248.0,211153240064.0,1297395.9,52.12,0.18
CSV,700010,70000,24,23,0,12103,0,0.000000e+00,0.000000e+00,210331697152.0,202534649856.0,1154156.1,52.61,0.16
CSV,705010,70500,24,23,0,12203,0,0.000000e+00,0.000000e+00,211697319936.0,205612711936.0,1350047.5,51.95,0.13
BER: END_SEQ #24 [LOCK] seq_err=0 BER_seq=0.0000e+00 | lock=24 slip=0 BER_cond=0.0000e+00 BER_cum=0.0000e+00
CSV,710010,71000,24,24,0,12264,0,0.000000e+00,0.000000e+00,205235372032.0,219154612224.0,1760853.5,50.95,0.28
BER: SYNC #25 (gated)
CSV,715010,71500,25,24,0,12326,0,0.000000e+00,0.000000e+00,203428265984.0,211939639296.0,1522293.4,51.44,0.18
CSV,720010,72000,25,24,0,12426,0,0.000000e+00,0.000000e+00,258401402880.0,157794631680.0,1231054.9,53.22,2.14
CSV,725010,72500,25,24,0,12526,0,0.000000e+00,0.000000e+00,216711135232.0,199658651648.0,1169098.0,52.68,0.36
CSV,730010,73000,25,24,0,12626,0,0.000000e+00,0.000000e+00,204836831232.0,221243817984.0,1288907.6,52.35,0.33
CSV,735010,73500,25,24,0,12726,0,0.000000e+00,0.000000e+00,214649880576.0,202506862592.0,1263008.4,52.30,0.25
BER: END_SEQ #25 [LOCK] seq_err=0 BER_seq=0.0000e+00 | lock=25 slip=0 BER_cond=0.0000e+00 BER_cum=0.0000e+00
CSV,740010,74000,25,25,0,12775,0,0.000000e+00,0.000000e+00,187673542656.0,214573006848.0,1729585.5,50.94,0.58
BER: SYNC #26 (gated)
CSV,745010,74500,26,25,0,12849,0,0.000000e+00,0.000000e+00,200703623168.0,214628958208.0,1381318.0,51.91,0.29
CSV,750010,75000,26,25,0,12949,0,0.000000e+00,0.000000e+00,263395721216.0,167969177600.0,1397848.4,52.75,1.95
CSV,755010,75500,26,25,0,13049,0,0.000000e+00,0.000000e+00,225586479104.0,194463711232.0,1227677.8,52.64,0.64
CSV,760010,76000,26,25,0,13149,0,0.000000e+00,0.000000e+00,183195779072.0,227429253120.0,1174620.6,52.87,0.94
CSV,765010,76500,26,25,0,13249,0,0.000000e+00,0.000000e+00,222231543808.0,195216605184.0,1143159.5,52.89,0.56
BER: END_SEQ #26 [LOCK] seq_err=0 BER_seq=0.0000e+00 | lock=26 slip=0 BER_cond=0.0000e+00 BER_cum=0.0000e+00
CSV,770010,77000,26,26,0,13286,0,0.000000e+00,0.000000e+00,203866980352.0,223042879488.0,2059426.2,50.35,0.39
BER: SYNC #27 (gated)
CSV,775010,77500,27,26,0,13372,0,0.000000e+00,0.000000e+00,210394349568.0,210692407296.0,1159238.1,52.59,0.01
CSV,780010,78000,27,26,0,13472,0,0.000000e+00,0.000000e+00,247891591168.0,168832663552.0,1155089.0,53.32,1.67
CSV,785010,78500,27,26,0,13572,0,0.000000e+00,0.000000e+00,215914250240.0,199391051776.0,1236309.4,52.42,0.35
CSV,790010,79000,27,26,0,13672,0,0.000000e+00,0.000000e+00,209498456064.0,217582272512.0,1191844.6,52.61,0.16
CSV,795010,79500,27,26,0,13772,0,0.000000e+00,0.000000e+00,210402639872.0,209887100928.0,1094757.8,52.84,0.01
BER: END_SEQ #27 [LOCK] seq_err=0 BER_seq=0.0000e+00 | lock=27 slip=0 BER_cond=0.0000e+00 BER_cum=0.0000e+00
CSV,800010,80000,27,27,0,13797,0,0.000000e+00,0.000000e+00,182667460608.0,218407469056.0,2034793.5,50.31,0.78
BER: SYNC #28 (gated)
CSV,805010,80500,28,27,0,13894,0,0.000000e+00,0.000000e+00,216128372736.0,200315912192.0,1263020.6,52.33,0.33
CSV,810010,81000,28,27,0,13994,0,0.000000e+00,0.000000e+00,267682168832.0,164130406400.0,1175704.2,53.57,2.12
CSV,815010,81500,28,27,0,14094,0,0.000000e+00,0.000000e+00,210804850688.0,211457114112.0,1378606.4,51.86,0.01
CSV,820010,82000,28,27,0,14194,0,0.000000e+00,0.000000e+00,201874718720.0,209559306240.0,1420846.2,51.69,0.16
CSV,825010,82500,28,27,0,14294,0,0.000000e+00,0.000000e+00,203117395968.0,212616888320.0,1231212.4,52.37,0.20
BER: END_SEQ #28 [LOCK] seq_err=0 BER_seq=0.0000e+00 | lock=28 slip=0 BER_cond=0.0000e+00 BER_cum=0.0000e+00
BER: SYNC #29 (gated)
CSV,830010,83000,29,28,0,14317,0,0.000000e+00,0.000000e+00,200144797696.0,221718609920.0,2026994.5,50.39,0.44
CSV,835010,83500,29,28,0,14417,0,0.000000e+00,0.000000e+00,215482417152.0,206243545088.0,1268326.5,52.30,0.19
CSV,840010,84000,29,28,0,14517,0,0.000000e+00,0.000000e+00,249059491840.0,167070810112.0,1146187.2,53.37,1.73
CSV,845010,84500,29,28,0,14617,0,0.000000e+00,0.000000e+00,217263538176.0,195331407872.0,1293457.2,52.25,0.46
CSV,850010,85000,29,28,0,14717,0,0.000000e+00,0.000000e+00,201636052992.0,221905469440.0,1313848.4,52.28,0.42
CSV,855010,85500,29,28,0,14817,0,0.000000e+00,0.000000e+00,208723689472.0,215920525312.0,1247072.0,52.38,0.15
BER: END_SEQ #29 [LOCK] seq_err=0 BER_seq=0.0000e+00 | lock=29 slip=0 BER_cond=0.0000e+00 BER_cum=0.0000e+00
BER: SYNC #30 (gated)
CSV,860010,86000,30,29,0,14840,0,0.000000e+00,0.000000e+00,192422346752.0,210872320000.0,2077541.6,50.06,0.40
CSV,865010,86500,30,29,0,14940,0,0.000000e+00,0.000000e+00,225358970880.0,189505601536.0,1345215.9,52.24,0.75
CSV,870010,87000,30,29,0,15040,0,0.000000e+00,0.000000e+00,252195323904.0,175957508096.0,1184086.8,53.28,1.56
CSV,875010,87500,30,29,0,15140,0,0.000000e+00,0.000000e+00,213407154176.0,212850802688.0,1268820.2,52.26,0.01
CSV,880010,88000,30,29,0,15240,0,0.000000e+00,0.000000e+00,206612905984.0,206792376320.0,1234230.4,52.24,0.00
BER: END_SEQ #30 [LOCK] seq_err=0 BER_seq=0.0000e+00 | lock=30 slip=0 BER_cond=0.0000e+00 BER_cum=0.0000e+00
CSV,885010,88500,30,30,0,15330,0,0.000000e+00,0.000000e+00,192729153536.0,219236024320.0,1195216.5,52.63,0.56
BER: SYNC #31 (gated)
CSV,890010,89000,31,30,0,15363,0,0.000000e+00,0.000000e+00,208031350784.0,209157734400.0,1890138.1,50.44,0.02
CSV,895010,89500,31,30,0,15463,0,0.000000e+00,0.000000e+00,250016940032.0,180841070592.0,1174612.5,53.28,1.41
CSV,900010,90000,31,30,0,15563,0,0.000000e+00,0.000000e+00,211290767360.0,203796414464.0,1383551.5,51.84,0.16
CSV,905010,90500,31,30,0,15662,0,0.000000e+00,0.000000e+00,210716442624.0,203420712960.0,1131625.1,52.70,0.15
CSV,910010,91000,31,30,0,15762,0,0.000000e+00,0.000000e+00,220299608064.0,200828534784.0,1357683.9,52.10,0.40
BER: END_SEQ #31 [LOCK] seq_err=0 BER_seq=0.0000e+00 | lock=31 slip=0 BER_cond=0.0000e+00 BER_cum=0.0000e+00
CSV,915010,91500,31,31,0,15841,0,0.000000e+00,0.000000e+00,199836631040.0,224424902656.0,1432587.2,51.95,0.50
BER: SYNC #32 (gated)
CSV,920010,92000,32,31,0,15885,0,0.000000e+00,0.000000e+00,209510170624.0,201097707520.0,1738880.1,50.81,0.18
CSV,925010,92500,32,31,0,15985,0,0.000000e+00,0.000000e+00,247693197312.0,169547644928.0,1273935.8,52.89,1.65
CSV,930010,93000,32,31,0,16085,0,0.000000e+00,0.000000e+00,207777300480.0,210844467200.0,1360866.8,51.90,0.06
CSV,935010,93500,32,31,0,16185,0,0.000000e+00,0.000000e+00,220557230080.0,207143485440.0,1166065.8,52.77,0.27
CSV,940010,94000,32,31,0,16285,0,0.000000e+00,0.000000e+00,200071610368.0,213529690112.0,1266573.9,52.27,0.28
BER: END_SEQ #32 [LOCK] seq_err=0 BER_seq=0.0000e+00 | lock=32 slip=0 BER_cond=0.0000e+00 BER_cum=0.0000e+00
CSV,945010,94500,32,32,0,16352,0,0.000000e+00,0.000000e+00,201765912576.0,205850296320.0,1529457.5,51.29,0.09
BER: SYNC #33 (gated)
CSV,950010,95000,33,32,0,16408,0,0.000000e+00,0.000000e+00,207713828864.0,207046623232.0,1707847.8,50.85,0.01
CSV,955010,95500,33,32,0,16508,0,0.000000e+00,0.000000e+00,259627040768.0,171977146368.0,1222300.6,53.27,1.79
CSV,960010,96000,33,32,0,16608,0,0.000000e+00,0.000000e+00,213513994240.0,202167697408.0,1244040.5,52.35,0.24
CSV,965010,96500,33,32,0,16708,0,0.000000e+00,0.000000e+00,191948636160.0,218025181184.0,1214484.0,52.54,0.55
CSV,970010,97000,33,32,0,16808,0,0.000000e+00,0.000000e+00,226355200000.0,192159055872.0,1376101.9,52.16,0.71
BER: END_SEQ #33 [LOCK] seq_err=0 BER_seq=0.0000e+00 | lock=33 slip=0 BER_cond=0.0000e+00 BER_cum=0.0000e+00
CSV,975010,97500,33,33,0,16863,0,0.000000e+00,0.000000e+00,198261145600.0,224244023296.0,1883284.1,50.76,0.53
BER: SYNC #34 (gated)
CSV,980010,98000,34,33,0,16931,0,0.000000e+00,0.000000e+00,199012450304.0,215837179904.0,1382126.8,51.94,0.35
CSV,985010,98500,34,33,0,17031,0,0.000000e+00,0.000000e+00,259588816896.0,155200978944.0,1269473.1,53.11,2.23
CSV,990010,99000,34,33,0,17131,0,0.000000e+00,0.000000e+00,217383337984.0,199619756032.0,1202171.8,52.57,0.37
CSV,995010,99500,34,33,0,17231,0,0.000000e+00,0.000000e+00,204781043712.0,221496197120.0,1279672.8,52.38,0.34
CSV,1000010,100000,34,33,0,17331,0,0.000000e+00,0.000000e+00,221678157824.0,195813654528.0,1232007.8,52.55,0.54
BER: END_SEQ #34 [LOCK] seq_err=0 BER_seq=0.0000e+00 | lock=34 slip=0 BER_cond=0.0000e+00 BER_cum=0.0000e+00
CSV,1005010,100500,34,34,0,17374,0,0.000000e+00,0.000000e+00,182273556480.0,217354420224.0,1941618.8,50.49,0.76
BER: SYNC #35 (gated)
CSV,1010010,101000,35,34,0,17453,0,0.000000e+00,0.000000e+00,199954923520.0,215694311424.0,1326760.8,52.11,0.33
CSV,1015010,101500,35,34,0,17553,0,0.000000e+00,0.000000e+00,259106521088.0,171127996416.0,1364809.2,52.78,1.80
CSV,1020010,102000,35,34,0,17653,0,0.000000e+00,0.000000e+00,230608961536.0,187660992512.0,1303477.5,52.48,0.90
CSV,1025010,102500,35,34,0,17753,0,0.000000e+00,0.000000e+00,180638613504.0,227891331072.0,1198725.8,52.79,1.01
CSV,1030010,103000,35,34,0,17853,0,0.000000e+00,0.000000e+00,217995264000.0,198203080704.0,1059672.0,53.13,0.41
BER: END_SEQ #35 [LOCK] seq_err=0 BER_seq=0.0000e+00 | lock=35 slip=0 BER_cond=0.0000e+00 BER_cum=0.0000e+00
CSV,1035010,103500,35,35,0,17885,0,0.000000e+00,0.000000e+00,195573006336.0,229044879360.0,2059952.2,50.46,0.69
BER: SYNC #36 (gated)
CSV,1040010,104000,36,35,0,17976,0,0.000000e+00,0.000000e+00,221005856768.0,198400966656.0,1213095.5,52.61,0.47
CSV,1045010,104500,36,35,0,18076,0,0.000000e+00,0.000000e+00,250060734464.0,164689494016.0,1193235.6,53.21,1.81
CSV,1050010,105000,36,35,0,18176,0,0.000000e+00,0.000000e+00,211539083264.0,202946314240.0,1149701.1,52.65,0.18
CSV,1055010,105500,36,35,0,18276,0,0.000000e+00,0.000000e+00,213561212928.0,212983463936.0,1322112.5,52.08,0.01
CSV,1060010,106000,36,35,0,18376,0,0.000000e+00,0.000000e+00,212378992640.0,206598389760.0,1095295.4,52.88,0.12
BER: END_SEQ #36 [LOCK] seq_err=0 BER_seq=0.0000e+00 | lock=36 slip=0 BER_cond=0.0000e+00 BER_cum=0.0000e+00
BER: SYNC #37 (gated)
CSV,1065010,106500,37,36,0,18399,0,0.000000e+00,0.000000e+00,183399448576.0,216642453504.0,2079251.8,50.18,0.72
CSV,1070010,107000,37,36,0,18499,0,0.000000e+00,0.000000e+00,206029914112.0,208151052288.0,1177538.0,52.47,0.04
CSV,1075010,107500,37,36,0,18599,0,0.000000e+00,0.000000e+00,268707512320.0,163295117312.0,1185789.5,53.55,2.16
CSV,1080010,108000,37,36,0,18699,0,0.000000e+00,0.000000e+00,210517491712.0,209626890240.0,1264395.1,52.21,0.02
CSV,1085010,108500,37,36,0,18799,0,0.000000e+00,0.000000e+00,200236761088.0,209278861312.0,1377059.8,51.82,0.19
CSV,1090010,109000,37,36,0,18899,0,0.000000e+00,0.000000e+00,211964903424.0,203869356032.0,1220359.4,52.40,0.17
BER: END_SEQ #37 [LOCK] seq_err=0 BER_seq=0.0000e+00 | lock=37 slip=0 BER_cond=0.0000e+00 BER_cum=0.0000e+00
BER: SYNC #38 (gated)
CSV,1095010,109500,38,37,0,18922,0,0.000000e+00,0.000000e+00,184129044480.0,236020269056.0,2042377.0,50.63,1.08
CSV,1100010,110000,38,37,0,19022,0,0.000000e+00,0.000000e+00,228583063552.0,193908948992.0,1290822.9,52.48,0.71
CSV,1105010,110500,38,37,0,19121,0,0.000000e+00,0.000000e+00,246746415104.0,168920383488.0,1159092.1,53.28,1.65
CSV,1110010,111000,38,37,0,19221,0,0.000000e+00,0.000000e+00,215214735360.0,198134710272.0,1358388.8,52.00,0.36
CSV,1115010,111500,38,37,0,19321,0,0.000000e+00,0.000000e+00,208552706048.0,215853203456.0,1274790.1,52.29,0.15
BER: END_SEQ #38 [LOCK] seq_err=0 BER_seq=0.0000e+00 | lock=38 slip=0 BER_cond=0.0000e+00 BER_cum=0.0000e+00
CSV,1120010,112000,38,38,0,19418,0,0.000000e+00,0.000000e+00,199870136320.0,222888624128.0,1280591.2,52.41,0.47
BER: SYNC #39 (gated)
CSV,1125010,112500,39,38,0,19444,0,0.000000e+00,0.000000e+00,192392527872.0,211107168256.0,2049523.8,50.13,0.40
CSV,1130010,113000,39,38,0,19544,0,0.000000e+00,0.000000e+00,240970137600.0,175016624128.0,1328131.9,52.59,1.39
CSV,1135010,113500,39,38,0,19644,0,0.000000e+00,0.000000e+00,236171739136.0,189723459584.0,1221766.1,52.86,0.95
CSV,1140010,114000,39,38,0,19744,0,0.000000e+00,0.000000e+00,212238221312.0,211219169280.0,1201074.1,52.47,0.02
CSV,1145010,114500,39,38,0,19844,0,0.000000e+00,0.000000e+00,205850755072.0,205075267584.0,1254232.4,52.15,0.02
BER: END_SEQ #39 [LOCK] seq_err=0 BER_seq=0.0000e+00 | lock=39 slip=0 BER_cond=0.0000e+00 BER_cum=0.0000e+00
CSV,1150010,115000,39,39,0,19929,0,0.000000e+00,0.000000e+00,196686102528.0,213247655936.0,1280597.4,52.21,0.35
BER: SYNC #40 (gated)
CSV,1155010,115500,40,39,0,19967,0,0.000000e+00,0.000000e+00,213052555264.0,204321030144.0,1788662.4,50.76,0.18
CSV,1160010,116000,40,39,0,20067,0,0.000000e+00,0.000000e+00,248868470784.0,179027607552.0,1143362.1,53.38,1.43
CSV,1165010,116500,40,39,0,20167,0,0.000000e+00,0.000000e+00,205814874112.0,206367358976.0,1438540.8,51.57,0.01
CSV,1170010,117000,40,39,0,20267,0,0.000000e+00,0.000000e+00,216376344576.0,197181128704.0,1081908.1,53.01,0.40
CSV,1175010,117500,40,39,0,20367,0,0.000000e+00,0.000000e+00,205312720896.0,214750429184.0,1343330.4,52.04,0.20
BER: END_SEQ #40 [LOCK] seq_err=0 BER_seq=0.0000e+00 | lock=40 slip=0 BER_cond=0.0000e+00 BER_cum=0.0000e+00
CSV,1180010,118000,40,40,0,20440,0,0.000000e+00,0.000000e+00,206253064192.0,217098567680.0,1498018.9,51.61,0.22
BER: SYNC #41 (gated)
CSV,1185010,118500,41,40,0,20490,0,0.000000e+00,0.000000e+00,204299943936.0,204749225984.0,1678477.1,50.86,0.01
CSV,1190010,119000,41,40,0,20590,0,0.000000e+00,0.000000e+00,247711891456.0,169116237824.0,1229365.1,53.04,1.66
CSV,1195010,119500,41,40,0,20690,0,0.000000e+00,0.000000e+00,209379590144.0,210054283264.0,1264506.0,52.20,0.01
CSV,1200010,120000,41,40,0,20790,0,0.000000e+00,0.000000e+00,217936281600.0,208189718528.0,1201585.9,52.59,0.20
CSV,1205010,120500,41,40,0,20890,0,0.000000e+00,0.000000e+00,206212923392.0,206173782016.0,1195837.0,52.37,0.00
BER: END_SEQ #41 [LOCK] seq_err=0 BER_seq=0.0000e+00 | lock=41 slip=0 BER_cond=0.0000e+00 BER_cum=0.0000e+00
CSV,1210010,121000,41,41,0,20951,0,0.000000e+00,0.000000e+00,198101696512.0,207505620992.0,1600719.0,51.13,0.20
BER: SYNC #42 (gated)
CSV,1215010,121500,42,41,0,21012,0,0.000000e+00,0.000000e+00,204039897088.0,212153942016.0,1511237.0,51.47,0.17
CSV,1220010,122000,42,41,0,21112,0,0.000000e+00,0.000000e+00,262477709312.0,168779710464.0,1263342.4,53.18,1.92
CSV,1225010,122500,42,41,0,21212,0,0.000000e+00,0.000000e+00,216126816256.0,199288782848.0,1200695.8,52.55,0.35
CSV,1230010,123000,42,41,0,21312,0,0.000000e+00,0.000000e+00,198045974528.0,212312866816.0,1118897.4,52.78,0.30
CSV,1235010,123500,42,41,0,21412,0,0.000000e+00,0.000000e+00,217288572928.0,199650115584.0,1276721.4,52.31,0.37
BER: END_SEQ #42 [LOCK] seq_err=0 BER_seq=0.0000e+00 | lock=42 slip=0 BER_cond=0.0000e+00 BER_cum=0.0000e+00
CSV,1240010,124000,42,42,0,21462,0,0.000000e+00,0.000000e+00,196688773120.0,225242480640.0,1973508.1,50.57,0.59
BER: SYNC #43 (gated)
CSV,1245010,124500,43,42,0,21535,0,0.000000e+00,0.000000e+00,198550585344.0,215173218304.0,1250937.4,52.36,0.35
CSV,1250010,125000,43,42,0,21635,0,0.000000e+00,0.000000e+00,254986649600.0,159348572160.0,1208346.2,53.24,2.04
CSV,1255010,125500,43,42,0,21735,0,0.000000e+00,0.000000e+00,229076172800.0,190360027136.0,1248066.8,52.64,0.80
CSV,1260010,126000,43,42,0,21835,0,0.000000e+00,0.000000e+00,188886745088.0,236529008640.0,1291809.6,52.63,0.98
CSV,1265010,126500,43,42,0,21935,0,0.000000e+00,0.000000e+00,224738131968.0,192857653248.0,1329247.4,52.28,0.66
BER: END_SEQ #43 [LOCK] seq_err=0 BER_seq=0.0000e+00 | lock=43 slip=0 BER_cond=0.0000e+00 BER_cum=0.0000e+00
CSV,1270010,127000,43,43,0,21973,0,0.000000e+00,0.000000e+00,187737571328.0,211454951424.0,2002716.9,50.24,0.52
BER: SYNC #44 (gated)
CSV,1275010,127500,44,43,0,22058,0,0.000000e+00,0.000000e+00,209002479616.0,209083170816.0,1411519.0,51.71,0.00
CSV,1280010,128000,44,43,0,22158,0,0.000000e+00,0.000000e+00,254505910272.0,175819997184.0,1260469.1,53.05,1.61
CSV,1285010,128500,44,43,0,22258,0,0.000000e+00,0.000000e+00,220903997440.0,196730765312.0,1287640.2,52.34,0.50
CSV,1290010,129000,44,43,0,22358,0,0.000000e+00,0.000000e+00,196724555776.0,213302624256.0,1315442.1,52.10,0.35
CSV,1295010,129500,44,43,0,22458,0,0.000000e+00,0.000000e+00,212334362624.0,204109676544.0,1203274.4,52.47,0.17
BER: END_SEQ #44 [LOCK] seq_err=0 BER_seq=0.0000e+00 | lock=44 slip=0 BER_cond=0.0000e+00 BER_cum=0.0000e+00
CSV,1300010,130000,44,44,0,22484,0,0.000000e+00,0.000000e+00,195846029312.0,230860750848.0,1985434.8,50.65,0.71
BER: SYNC #45 (gated)
CSV,1305010,130500,45,44,0,22581,0,0.000000e+00,0.000000e+00,214199861248.0,205484474368.0,1136446.2,52.75,0.18
CSV,1310010,131000,45,44,0,22680,0,0.000000e+00,0.000000e+00,260106567680.0,156768419840.0,1286417.9,53.06,2.20
CSV,1315010,131500,45,44,0,22780,0,0.000000e+00,0.000000e+00,207997435904.0,209171021824.0,1189592.2,52.45,0.02
CSV,1320010,132000,45,44,0,22880,0,0.000000e+00,0.000000e+00,214289170432.0,214104948736.0,1205265.6,52.50,0.00
CSV,1325010,132500,45,44,0,22980,0,0.000000e+00,0.000000e+00,205661945856.0,214649667584.0,991806.4,53.35,0.19
BER: END_SEQ #45 [LOCK] seq_err=0 BER_seq=0.0000e+00 | lock=45 slip=0 BER_cond=0.0000e+00 BER_cum=0.0000e+00
BER: SYNC #46 (gated)
CSV,1330010,133000,46,45,0,23003,0,0.000000e+00,0.000000e+00,187200995328.0,214085337088.0,2052105.8,50.18,0.58
CSV,1335010,133500,46,45,0,23103,0,0.000000e+00,0.000000e+00,212031537152.0,204033851392.0,1247535.5,52.30,0.17
CSV,1340010,134000,46,45,0,23203,0,0.000000e+00,0.000000e+00,259573972992.0,172268978176.0,1296476.2,53.01,1.78
CSV,1345010,134500,46,45,0,23303,0,0.000000e+00,0.000000e+00,216978112512.0,202695081984.0,1417017.2,51.85,0.30
CSV,1350010,135000,46,45,0,23403,0,0.000000e+00,0.000000e+00,198220234752.0,210997837824.0,1343403.2,51.96,0.27
CSV,1355010,135500,46,45,0,23503,0,0.000000e+00,0.000000e+00,203963662336.0,213138849792.0,1152059.1,52.67,0.19
BER: END_SEQ #46 [LOCK] seq_err=0 BER_seq=0.0000e+00 | lock=46 slip=0 BER_cond=0.0000e+00 BER_cum=0.0000e+00
BER: SYNC #47 (gated)
CSV,1360010,136000,47,46,0,23526,0,0.000000e+00,0.000000e+00,202248568832.0,219125563392.0,2098114.0,50.19,0.35
CSV,1365010,136500,47,46,0,23626,0,0.000000e+00,0.000000e+00,228546396160.0,193465384960.0,1261679.8,52.58,0.72
CSV,1370010,137000,47,46,0,23726,0,0.000000e+00,0.000000e+00,243757547520.0,172023660544.0,1131518.8,53.33,1.51
CSV,1375010,137500,47,46,0,23826,0,0.000000e+00,0.000000e+00,206670741504.0,208298328064.0,1262547.1,52.17,0.03
CSV,1380010,138000,47,46,0,23926,0,0.000000e+00,0.000000e+00,212851113984.0,213639512064.0,1349235.6,52.00,0.02
BER: END_SEQ #47 [LOCK] seq_err=0 BER_seq=0.0000e+00 | lock=47 slip=0 BER_cond=0.0000e+00 BER_cum=0.0000e+00
CSV,1385010,138500,47,47,0,24017,0,0.000000e+00,0.000000e+00,201577136128.0,219410137088.0,1415453.5,51.90,0.37
BER: SYNC #48 (gated)
CSV,1390010,139000,48,47,0,24049,0,0.000000e+00,0.000000e+00,197932711936.0,206956789760.0,1863601.4,50.46,0.19
CSV,1395010,139500,48,47,0,24149,0,0.000000e+00,0.000000e+00,243384418304.0,174003077120.0,1275931.9,52.80,1.46
CSV,1400010,140000,48,47,0,24249,0,0.000000e+00,0.000000e+00,217430491136.0,208714186752.0,1225836.4,52.49,0.18
CSV,1405010,140500,48,47,0,24349,0,0.000000e+00,0.000000e+00,217097388032.0,208170532864.0,1170791.9,52.68,0.18
CSV,1410010,141000,48,47,0,24448,0,0.000000e+00,0.000000e+00,218999144448.0,194262990848.0,1272779.0,52.36,0.52
BER: END_SEQ #48 [LOCK] seq_err=0 BER_seq=0.0000e+00 | lock=48 slip=0 BER_cond=0.0000e+00 BER_cum=0.0000e+00
CSV,1415010,141500,48,48,0,24528,0,0.000000e+00,0.000000e+00,192066764800.0,218909507584.0,1305071.5,52.25,0.57
BER: SYNC #49 (gated)
CSV,1420010,142000,49,48,0,24571,0,0.000000e+00,0.000000e+00,215033053184.0,204651167744.0,1821017.2,50.72,0.21
CSV,1425010,142500,49,48,0,24671,0,0.000000e+00,0.000000e+00,252978151424.0,176616341504.0,1176566.1,53.32,1.56
CSV,1430010,143000,49,48,0,24771,0,0.000000e+00,0.000000e+00,200754692096.0,210445844480.0,1431290.9,51.67,0.20
CSV,1435010,143500,49,48,0,24871,0,0.000000e+00,0.000000e+00,215962353664.0,200154447872.0,1148602.9,52.74,0.33
CSV,1440010,144000,49,48,0,24971,0,0.000000e+00,0.000000e+00,203906400256.0,218088521728.0,1271876.8,52.34,0.29
BER: END_SEQ #49 [LOCK] seq_err=0 BER_seq=0.0000e+00 | lock=49 slip=0 BER_cond=0.0000e+00 BER_cum=0.0000e+00
CSV,1445010,144500,49,49,0,25039,0,0.000000e+00,0.000000e+00,210144739328.0,212590149632.0,1520984.1,51.45,0.05
BER: SYNC #50 (gated)
CSV,1450010,145000,50,49,0,25094,0,0.000000e+00,0.000000e+00,207353282560.0,204009111552.0,1698708.5,50.87,0.07
CSV,1455010,145500,50,49,0,25194,0,0.000000e+00,0.000000e+00,250139262976.0,167985086464.0,1254005.1,53.00,1.73
CSV,1460010,146000,50,49,0,25294,0,0.000000e+00,0.000000e+00,215404544000.0,207450112000.0,1204488.2,52.52,0.16
CSV,1465010,146500,50,49,0,25394,0,0.000000e+00,0.000000e+00,202898489344.0,224358612992.0,1188427.4,52.76,0.44
CSV,1470010,147000,50,49,0,25494,0,0.000000e+00,0.000000e+00,221964189696.0,193681342464.0,1227857.4,52.57,0.59
BER: END_SEQ #50 [LOCK] seq_err=0 BER_seq=0.0000e+00 | lock=50 slip=0 BER_cond=0.0000e+00 BER_cum=0.0000e+00
CSV,1475010,147500,50,50,0,25550,0,0.000000e+00,0.000000e+00,190103027712.0,216476319744.0,1731521.1,50.97,0.56
BER: SYNC #51 (gated)
CSV,1480010,148000,51,50,0,25617,0,0.000000e+00,0.000000e+00,204247171072.0,215436886016.0,1370884.6,51.96,0.23
CSV,1485010,148500,51,50,0,25717,0,0.000000e+00,0.000000e+00,268786925568.0,163906109440.0,1309794.0,53.12,2.15
CSV,1490010,149000,51,50,0,25817,0,0.000000e+00,0.000000e+00,216995872768.0,199451017216.0,1185616.1,52.63,0.37
CSV,1495010,149500,51,50,0,25917,0,0.000000e+00,0.000000e+00,193137246208.0,218542080000.0,1159150.6,52.75,0.54
CSV,1500010,150000,51,50,0,26017,0,0.000000e+00,0.000000e+00,223899762688.0,197984272384.0,1226070.2,52.62,0.53
BER: END_SEQ #51 [LOCK] seq_err=0 BER_seq=0.0000e+00 | lock=51 slip=0 BER_cond=0.0000e+00 BER_cum=0.0000e+00
CSV,1505010,150500,51,51,0,26061,0,0.000000e+00,0.000000e+00,194692448256.0,228475928576.0,2035838.4,50.50,0.69

=========================================
=== END OF TEST (duration=25 min) ===
=========================================
FINAL: syncs=51 lock=51 slip=0 slip_rate=0.0000
FINAL: bits_cum=26061 err_cum=0 BER_cum=0.0000e+00
FINAL: bits_lock=26061 err_lock=0 BER_cond=0.0000e+00
=========================================
=== STOP LOGGING NOW ===
=========================================
