

=== RX BOOT - BER TEST MODE ===
BPS_MODE=20 (HALF_SAMPLES=2000, 10000 samples/bit @ 200000 Hz)
Expect: 64-bit preamble + Barker13 (1F35h, gated by 8 preamble bits = 0x55) + 511-bit PRBS-9
Noise floor band: 5000 Hz; lock threshold: BER<0.10
Auto-stop: test will halt 25 min after the first sync.
RX: edge-tracking sync, center-3 voting
Starting decoder...

CSV,5010,500,0,0,0,0,0,0.000000e+00,0.000000e+00,186584498176.0,161770979328.0,1577228.1,50.73,0.62
BER: SYNC #1 (gated)
CSV,10010,1000,1,0,0,81,0,0.000000e+00,0.000000e+00,181432696832.0,174549893120.0,1032066.0,52.45,0.17
CSV,15010,1500,1,0,0,181,0,0.000000e+00,0.000000e+00,221711499264.0,140869107712.0,1046558.3,53.26,1.97
CSV,20010,2000,1,0,0,281,0,0.000000e+00,0.000000e+00,201921429504.0,147271942144.0,1142023.2,52.48,1.37
CSV,25010,2500,1,0,0,381,0,0.000000e+00,0.000000e+00,157602873344.0,186826932224.0,1156044.4,52.08,0.74
CSV,30010,3000,1,0,0,481,0,0.000000e+00,0.000000e+00,198889701376.0,163772416000.0,1172695.5,52.29,0.84
BER: END_SEQ #1 [LOCK] seq_err=0 BER_seq=0.0000e+00 | lock=1 slip=0 BER_cond=0.0000e+00 BER_cum=0.0000e+00
CSV,35010,3500,1,1,0,511,0,0.000000e+00,0.000000e+00,169279881216.0,186372751360.0,1851957.5,50.03,0.42
BER: SYNC #2 (gated)
CSV,40010,4000,2,1,0,604,0,0.000000e+00,0.000000e+00,189854203904.0,164080943104.0,1263252.2,51.77,0.63
CSV,45010,4500,2,1,0,704,0,0.000000e+00,0.000000e+00,225862615040.0,131644252160.0,1118633.8,53.05,2.34
CSV,50010,5000,2,1,0,804,0,0.000000e+00,0.000000e+00,189514711040.0,170287775744.0,1083675.4,52.43,0.46
CSV,55010,5500,2,1,0,904,0,0.000000e+00,0.000000e+00,183621861376.0,177835524096.0,1169043.8,51.96,0.14
CSV,60010,6000,2,1,0,1004,0,0.000000e+00,0.000000e+00,182680403968.0,170135273472.0,1018716.9,52.54,0.31
BER: END_SEQ #2 [LOCK] seq_err=0 BER_seq=0.0000e+00 | lock=2 slip=0 BER_cond=0.0000e+00 BER_cum=0.0000e+00
BER: SYNC #3 (gated)
CSV,65010,6500,3,2,0,1026,0,0.000000e+00,0.000000e+00,168728346624.0,172641124352.0,1782668.2,49.86,0.10
CSV,70010,7000,3,2,0,1126,0,0.000000e+00,0.000000e+00,178983911424.0,180136099840.0,1028864.2,52.43,0.03
CSV,75010,7500,3,2,0,1226,0,0.000000e+00,0.000000e+00,240666673152.0,131394027520.0,1131048.6,53.28,2.63
CSV,80010,8000,3,2,0,1326,0,0.000000e+00,0.000000e+00,183669506048.0,170747101184.0,1068200.9,52.35,0.32
CSV,85010,8500,3,2,0,1426,0,0.000000e+00,0.000000e+00,177605853184.0,172692160512.0,1108624.5,52.05,0.12
CSV,90010,9000,3,2,0,1526,0,0.000000e+00,0.000000e+00,187115094016.0,173813678080.0,936674.3,53.01,0.32
BER: END_SEQ #3 [LOCK] seq_err=0 BER_seq=0.0000e+00 | lock=3 slip=0 BER_cond=0.0000e+00 BER_cum=0.0000e+00
BER: SYNC #4 (gated)
CSV,95010,9500,4,3,0,1549,0,0.000000e+00,0.000000e+00,171713069056.0,191948898304.0,1879880.5,50.09,0.48
CSV,100010,10000,4,3,0,1649,0,0.000000e+00,0.000000e+00,197757501440.0,160427442176.0,1078953.8,52.63,0.91
CSV,105010,10500,4,3,0,1749,0,0.000000e+00,0.000000e+00,216906055680.0,141595901952.0,1121473.6,52.86,1.85
CSV,110010,11000,4,3,0,1849,0,0.000000e+00,0.000000e+00,196159324160.0,164605280256.0,1162750.1,52.27,0.76
CSV,115010,11500,4,3,0,1949,0,0.000000e+00,0.000000e+00,187428438016.0,178966102016.0,1074980.5,52.41,0.20
BER: END_SEQ #4 [LOCK] seq_err=0 BER_seq=0.0000e+00 | lock=4 slip=0 BER_cond=0.0000e+00 BER_cum=0.0000e+00
CSV,120010,12000,4,4,0,2044,0,0.000000e+00,0.000000e+00,171324522496.0,183165550592.0,1097582.9,52.22,0.29
BER: SYNC #5 (gated)
CSV,125010,12500,5,4,0,2072,0,0.000000e+00,0.000000e+00,170507223040.0,172185681920.0,1745827.9,49.94,0.04
CSV,130010,13000,5,4,0,2172,0,0.000000e+00,0.000000e+00,216756568064.0,145489805312.0,1133559.6,52.82,1.73
CSV,135010,13500,5,4,0,2272,0,0.000000e+00,0.000000e+00,204429885440.0,162745270272.0,1075769.9,52.79,0.99
CSV,140010,14000,5,4,0,2372,0,0.000000e+00,0.000000e+00,184855363584.0,171247927296.0,1055668.1,52.43,0.33
CSV,145010,14500,5,4,0,2472,0,0.000000e+00,0.000000e+00,184811732992.0,166052020224.0,1101059.4,52.25,0.46
BER: END_SEQ #5 [LOCK] seq_err=0 BER_seq=0.0000e+00 | lock=5 slip=0 BER_cond=0.0000e+00 BER_cum=0.0000e+00
CSV,150010,15000,5,5,0,2555,0,0.000000e+00,0.000000e+00,175813754880.0,179041828864.0,1434017.0,50.96,0.08
BER: SYNC #6 (gated)
CSV,155010,15500,6,5,0,2595,0,0.000000e+00,0.000000e+00,192619347968.0,172434833408.0,1604705.9,50.79,0.48
CSV,160010,16000,6,5,0,2695,0,0.000000e+00,0.000000e+00,213405958144.0,148412153856.0,1050520.8,53.08,1.58
CSV,165010,16500,6,5,0,2794,0,0.000000e+00,0.000000e+00,184913313792.0,166605946880.0,1114075.8,52.20,0.45
CSV,170010,17000,6,5,0,2894,0,0.000000e+00,0.000000e+00,193090469888.0,165309743104.0,1079245.5,52.53,0.67
CSV,175010,17500,6,5,0,2994,0,0.000000e+00,0.000000e+00,185625100288.0,179562119168.0,1218652.8,51.83,0.14
BER: END_SEQ #6 [LOCK] seq_err=0 BER_seq=0.0000e+00 | lock=6 slip=0 BER_cond=0.0000e+00 BER_cum=0.0000e+00
CSV,180010,18000,6,6,0,3066,0,0.000000e+00,0.000000e+00,178608570368.0,175757492224.0,1371752.5,51.15,0.07
BER: SYNC #7 (gated)
CSV,185010,18500,7,6,0,3117,0,0.000000e+00,0.000000e+00,179074727936.0,167444856832.0,1682299.5,50.27,0.29
CSV,190010,19000,7,6,0,3217,0,0.000000e+00,0.000000e+00,224287031296.0,137674768384.0,1056607.1,53.27,2.12
CSV,195010,19500,7,6,0,3317,0,0.000000e+00,0.000000e+00,184733794304.0,179647070208.0,1183244.6,51.93,0.12
CSV,200010,20000,7,6,0,3417,0,0.000000e+00,0.000000e+00,187286716416.0,171657707520.0,1113316.8,52.26,0.38
CSV,205010,20500,7,6,0,3517,0,0.000000e+00,0.000000e+00,187308015616.0,164819271680.0,1121437.8,52.23,0.56
BER: END_SEQ #7 [LOCK] seq_err=0 BER_seq=0.0000e+00 | lock=7 slip=0 BER_cond=0.0000e+00 BER_cum=0.0000e+00
CSV,210010,21000,7,7,0,3577,0,0.000000e+00,0.000000e+00,173885898752.0,177831280640.0,1460934.0,50.85,0.10
BER: SYNC #8 (gated)
CSV,215010,21500,8,7,0,3640,0,0.000000e+00,0.000000e+00,182880468992.0,180647084032.0,1321939.9,51.41,0.05
CSV,220010,22000,8,7,0,3740,0,0.000000e+00,0.000000e+00,235934449664.0,131342639104.0,1031111.8,53.59,2.54
CSV,225010,22500,8,7,0,3840,0,0.000000e+00,0.000000e+00,188898082816.0,164338434048.0,1168715.1,52.09,0.60
CSV,230010,23000,8,7,0,3940,0,0.000000e+00,0.000000e+00,175344238592.0,178333220864.0,1011757.0,52.46,0.07
CSV,235010,23500,8,7,0,4040,0,0.000000e+00,0.000000e+00,193174175744.0,172239077376.0,1167860.2,52.19,0.50
BER: END_SEQ #8 [LOCK] seq_err=0 BER_seq=0.0000e+00 | lock=8 slip=0 BER_cond=0.0000e+00 BER_cum=0.0000e+00
CSV,240010,24000,8,8,0,4088,0,0.000000e+00,0.000000e+00,172614549504.0,180928675840.0,1593922.5,50.55,0.20
BER: SYNC #9 (gated)
CSV,245010,24500,9,8,0,4163,0,0.000000e+00,0.000000e+00,178306908160.0,175162687488.0,1075793.0,52.19,0.08
CSV,250010,25000,9,8,0,4263,0,0.000000e+00,0.000000e+00,227309649920.0,133533851648.0,1159613.1,52.92,2.31
CSV,255010,25500,9,8,0,4363,0,0.000000e+00,0.000000e+00,200989523968.0,164896980992.0,1153525.5,52.41,0.86
CSV,260010,26000,9,8,0,4463,0,0.000000e+00,0.000000e+00,167451607040.0,191100272640.0,1057018.4,52.57,0.57
CSV,265010,26500,9,8,0,4562,0,0.000000e+00,0.000000e+00,198166265856.0,157025517568.0,1004877.0,52.95,1.01
BER: END_SEQ #9 [LOCK] seq_err=0 BER_seq=0.0000e+00 | lock=9 slip=0 BER_cond=0.0000e+00 BER_cum=0.0000e+00
CSV,270010,27000,9,9,0,4599,0,0.000000e+00,0.000000e+00,167189053440.0,177400856576.0,1824865.8,49.88,0.26
BER: SYNC #10 (gated)
CSV,275010,27500,10,9,0,4685,0,0.000000e+00,0.000000e+00,188828254208.0,175468478464.0,1059528.2,52.51,0.32
CSV,280010,28000,10,9,0,4785,0,0.000000e+00,0.000000e+00,226754936832.0,141245841408.0,1074588.5,53.24,2.06
CSV,285010,28500,10,9,0,4885,0,0.000000e+00,0.000000e+00,187501985792.0,165645008896.0,1142427.5,52.15,0.54
CSV,290010,29000,10,9,0,4985,0,0.000000e+00,0.000000e+00,180787412992.0,171427971072.0,1089577.4,52.20,0.23
CSV,295010,29500,10,9,0,5085,0,0.000000e+00,0.000000e+00,186993344512.0,173545062400.0,1186034.4,51.98,0.32
BER: END_SEQ #10 [LOCK] seq_err=0 BER_seq=0.0000e+00 | lock=10 slip=0 BER_cond=0.0000e+00 BER_cum=0.0000e+00
CSV,300010,30000,10,10,0,5110,0,0.000000e+00,0.000000e+00,169388736512.0,186189234176.0,1851087.4,50.03,0.41
BER: SYNC #11 (gated)
CSV,305010,30500,11,10,0,5208,0,0.000000e+00,0.000000e+00,188721676288.0,165943967744.0,1060447.0,52.50,0.56
CSV,310010,31000,11,10,0,5308,0,0.000000e+00,0.000000e+00,230450200576.0,128479117312.0,1073196.9,53.32,2.54
CSV,315010,31500,11,10,0,5408,0,0.000000e+00,0.000000e+00,188628058112.0,172367495168.0,1100013.6,52.34,0.39
CSV,320010,32000,11,10,0,5508,0,0.000000e+00,0.000000e+00,182371860480.0,179358072832.0,1175805.8,51.91,0.07
CSV,325010,32500,11,10,0,5608,0,0.000000e+00,0.000000e+00,180771979264.0,173168541696.0,1184446.0,51.84,0.19
BER: END_SEQ #11 [LOCK] seq_err=0 BER_seq=0.0000e+00 | lock=11 slip=0 BER_cond=0.0000e+00 BER_cum=0.0000e+00
BER: SYNC #12 (gated)
CSV,330010,33000,12,11,0,5631,0,0.000000e+00,0.000000e+00,168623063040.0,174653734912.0,1738339.4,50.02,0.15
CSV,335010,33500,12,11,0,5731,0,0.000000e+00,0.000000e+00,191690473472.0,169638641664.0,1141116.0,52.25,0.53
CSV,340010,34000,12,11,0,5831,0,0.000000e+00,0.000000e+00,224430456832.0,144425189376.0,1028940.9,53.39,1.91
CSV,345010,34500,12,11,0,5931,0,0.000000e+00,0.000000e+00,193993572352.0,160635011072.0,1106599.8,52.44,0.82
CSV,350010,35000,12,11,0,6031,0,0.000000e+00,0.000000e+00,169394274304.0,179482853376.0,1083079.1,52.19,0.25
CSV,355010,35500,12,11,0,6131,0,0.000000e+00,0.000000e+00,182004269056.0,177210753024.0,909407.6,53.01,0.12
BER: END_SEQ #12 [LOCK] seq_err=0 BER_seq=0.0000e+00 | lock=12 slip=0 BER_cond=0.0000e+00 BER_cum=0.0000e+00
BER: SYNC #13 (gated)
CSV,360010,36000,13,12,0,6154,0,0.000000e+00,0.000000e+00,180277067776.0,181478916096.0,1845461.4,49.93,0.03
CSV,365010,36500,13,12,0,6254,0,0.000000e+00,0.000000e+00,202423353344.0,153061261312.0,1176702.6,52.36,1.21
CSV,370010,37000,13,12,0,6353,0,0.000000e+00,0.000000e+00,214163783680.0,141744308224.0,1155518.9,52.68,1.79
CSV,375010,37500,13,12,0,6453,0,0.000000e+00,0.000000e+00,188126183424.0,169576431616.0,1025969.6,52.63,0.45
CSV,380010,38000,13,12,0,6553,0,0.000000e+00,0.000000e+00,188364161024.0,174117027840.0,1029823.9,52.62,0.34
BER: END_SEQ #13 [LOCK] seq_err=0 BER_seq=0.0000e+00 | lock=13 slip=0 BER_cond=0.0000e+00 BER_cum=0.0000e+00
CSV,385010,38500,13,13,0,6643,0,0.000000e+00,0.000000e+00,171097030656.0,180562083840.0,1055648.4,52.33,0.23
BER: SYNC #14 (gated)
CSV,390010,39000,14,13,0,6676,0,0.000000e+00,0.000000e+00,176666116096.0,165299208192.0,1779947.9,49.97,0.29
CSV,395010,39500,14,13,0,6776,0,0.000000e+00,0.000000e+00,215022534656.0,143261728768.0,1003218.3,53.31,1.76
CSV,400010,40000,14,13,0,6876,0,0.000000e+00,0.000000e+00,191522848768.0,170609459200.0,1082258.2,52.48,0.50
CSV,405010,40500,14,13,0,6976,0,0.000000e+00,0.000000e+00,184591171584.0,168347729920.0,977247.8,52.76,0.40
CSV,410010,41000,14,13,0,7076,0,0.000000e+00,0.000000e+00,188276604928.0,161627373568.0,1142163.2,52.17,0.66
BER: END_SEQ #14 [LOCK] seq_err=0 BER_seq=0.0000e+00 | lock=14 slip=0 BER_cond=0.0000e+00 BER_cum=0.0000e+00
CSV,415010,41500,14,14,0,7154,0,0.000000e+00,0.000000e+00,173114015744.0,178522865664.0,1261679.4,51.51,0.13
BER: SYNC #15 (gated)
CSV,420010,42000,15,14,0,7199,0,0.000000e+00,0.000000e+00,189195681792.0,171102011392.0,1615967.2,50.68,0.44
CSV,425010,42500,15,14,0,7299,0,0.000000e+00,0.000000e+00,220153282560.0,137858809856.0,1065338.5,53.15,2.03
CSV,430010,43000,15,14,0,7399,0,0.000000e+00,0.000000e+00,177688559616.0,167025278976.0,1213406.9,51.66,0.27
CSV,435010,43500,15,14,0,7499,0,0.000000e+00,0.000000e+00,186831110144.0,165269471232.0,1046978.4,52.52,0.53
CSV,440010,44000,15,14,0,7599,0,0.000000e+00,0.000000e+00,183839391744.0,177855660032.0,1315063.4,51.45,0.14
BER: END_SEQ #15 [LOCK] seq_err=0 BER_seq=0.0000e+00 | lock=15 slip=0 BER_cond=0.0000e+00 BER_cum=0.0000e+00
CSV,445010,44500,15,15,0,7665,0,0.000000e+00,0.000000e+00,178066423808.0,172082315264.0,1477004.0,50.81,0.15
BER: SYNC #16 (gated)
CSV,450010,45000,16,15,0,7722,0,0.000000e+00,0.000000e+00,178329976832.0,167374372864.0,1373324.8,51.13,0.28
CSV,455010,45500,16,15,0,7822,0,0.000000e+00,0.000000e+00,222294212608.0,135616045056.0,1079324.5,53.14,2.15
CSV,460010,46000,16,15,0,7922,0,0.000000e+00,0.000000e+00,195615293440.0,167753678848.0,1106045.5,52.48,0.67
CSV,465010,46500,16,15,0,8022,0,0.000000e+00,0.000000e+00,171338072064.0,181212217344.0,1076731.4,52.26,0.24
CSV,470010,47000,16,15,0,8121,0,0.000000e+00,0.000000e+00,195321790464.0,154090225664.0,1230967.4,52.01,1.03
BER: END_SEQ #16 [LOCK] seq_err=0 BER_seq=0.0000e+00 | lock=16 slip=0 BER_cond=0.0000e+00 BER_cum=0.0000e+00
CSV,475010,47500,16,16,0,8176,0,0.000000e+00,0.000000e+00,164706222080.0,179924926464.0,1584884.4,50.55,0.38
BER: SYNC #17 (gated)
CSV,480010,48000,17,16,0,8244,0,0.000000e+00,0.000000e+00,178855084032.0,179985776640.0,1242371.0,51.61,0.03
CSV,485010,48500,17,16,0,8344,0,0.000000e+00,0.000000e+00,231335100416.0,129683447808.0,1126597.1,53.12,2.51
CSV,490010,49000,17,16,0,8444,0,0.000000e+00,0.000000e+00,190439866368.0,157952196608.0,1038450.4,52.63,0.81
CSV,495010,49500,17,16,0,8544,0,0.000000e+00,0.000000e+00,170577248256.0,177119281152.0,1155251.8,51.86,0.16
CSV,500010,50000,17,16,0,8644,0,0.000000e+00,0.000000e+00,198662340608.0,163230269440.0,1082505.5,52.64,0.85
BER: END_SEQ #17 [LOCK] seq_err=0 BER_seq=0.0000e+00 | lock=17 slip=0 BER_cond=0.0000e+00 BER_cum=0.0000e+00
CSV,505010,50500,17,17,0,8687,0,0.000000e+00,0.000000e+00,164834623488.0,181319368704.0,1594672.6,50.56,0.41
BER: SYNC #18 (gated)
CSV,510010,51000,18,17,0,8767,0,0.000000e+00,0.000000e+00,173886619648.0,172644171776.0,1135850.1,51.85,0.03
CSV,515010,51500,18,17,0,8867,0,0.000000e+00,0.000000e+00,218733477888.0,136426643456.0,1113081.0,52.93,2.05
CSV,520010,52000,18,17,0,8967,0,0.000000e+00,0.000000e+00,207244984320.0,153759219712.0,1148149.9,52.56,1.30
CSV,525010,52500,18,17,0,9067,0,0.000000e+00,0.000000e+00,162457403392.0,188028157952.0,1064363.1,52.47,0.63
CSV,530010,53000,18,17,0,9167,0,0.000000e+00,0.000000e+00,188957949952.0,159157796864.0,1048115.8,52.56,0.75
BER: END_SEQ #18 [LOCK] seq_err=0 BER_seq=0.0000e+00 | lock=18 slip=0 BER_cond=0.0000e+00 BER_cum=0.0000e+00
CSV,535010,53500,18,18,0,9198,0,0.000000e+00,0.000000e+00,160533217280.0,178340511744.0,1808616.2,49.94,0.46
BER: SYNC #19 (gated)
CSV,540010,54000,19,18,0,9290,0,0.000000e+00,0.000000e+00,196837228544.0,162949431296.0,1007651.9,52.91,0.82
CSV,545010,54500,19,18,0,9390,0,0.000000e+00,0.000000e+00,224535707648.0,136161665024.0,1112664.4,53.05,2.17
CSV,550010,55000,19,18,0,9490,0,0.000000e+00,0.000000e+00,183156834304.0,163205431296.0,1136235.9,52.07,0.50
CSV,555010,55500,19,18,0,9590,0,0.000000e+00,0.000000e+00,178544738304.0,165823119360.0,1060873.5,52.26,0.32
CSV,560010,56000,19,18,0,9690,0,0.000000e+00,0.000000e+00,184529682432.0,170359848960.0,945696.2,52.90,0.35
BER: END_SEQ #19 [LOCK] seq_err=0 BER_seq=0.0000e+00 | lock=19 slip=0 BER_cond=0.0000e+00 BER_cum=0.0000e+00
BER: SYNC #20 (gated)
CSV,565010,56500,20,19,0,9713,0,0.000000e+00,0.000000e+00,170163208192.0,178552799232.0,1758184.5,50.07,0.21
CSV,570010,57000,20,19,0,9812,0,0.000000e+00,0.000000e+00,175552036864.0,169433792512.0,1032180.8,52.31,0.15
CSV,575010,57500,20,19,0,9912,0,0.000000e+00,0.000000e+00,230055378944.0,123396907008.0,1083801.8,53.27,2.71
CSV,580010,58000,20,19,0,10012,0,0.000000e+00,0.000000e+00,184148230144.0,170532569088.0,1034409.4,52.50,0.33
CSV,585010,58500,20,19,0,10112,0,0.000000e+00,0.000000e+00,180887617536.0,174507687936.0,1086157.0,52.22,0.16
CSV,590010,59000,20,19,0,10212,0,0.000000e+00,0.000000e+00,181820964864.0,167193591808.0,1186939.2,51.85,0.36
BER: END_SEQ #20 [LOCK] seq_err=0 BER_seq=0.0000e+00 | lock=20 slip=0 BER_cond=0.0000e+00 BER_cum=0.0000e+00
BER: SYNC #21 (gated)
CSV,595010,59500,21,20,0,10235,0,0.000000e+00,0.000000e+00,153857392640.0,180877426688.0,1748353.1,50.15,0.70
CSV,600010,60000,21,20,0,10335,0,0.000000e+00,0.000000e+00,199031275520.0,156170272768.0,1069801.8,52.70,1.05
CSV,605010,60500,21,20,0,10435,0,0.000000e+00,0.000000e+00,217634619392.0,142344175616.0,1029882.7,53.25,1.84
CSV,610010,61000,21,20,0,10535,0,0.000000e+00,0.000000e+00,189022879744.0,157567827968.0,1126403.9,52.25,0.79
CSV,615010,61500,21,20,0,10635,0,0.000000e+00,0.000000e+00,174355873792.0,168831680512.0,1118492.8,51.93,0.14
BER: END_SEQ #21 [LOCK] seq_err=0 BER_seq=0.0000e+00 | lock=21 slip=0 BER_cond=0.0000e+00 BER_cum=0.0000e+00
CSV,620010,62000,21,21,0,10731,0,0.000000e+00,0.000000e+00,170724360192.0,179179012096.0,1016617.9,52.46,0.21
BER: SYNC #22 (gated)
CSV,625010,62500,22,21,0,10758,0,0.000000e+00,0.000000e+00,176602300416.0,177377902592.0,1921437.0,49.65,0.02
CSV,630010,63000,22,21,0,10858,0,0.000000e+00,0.000000e+00,211061702656.0,139862966272.0,1165805.6,52.58,1.79
CSV,635010,63500,22,21,0,10958,0,0.000000e+00,0.000000e+00,195987668992.0,149179400192.0,1113989.2,52.45,1.19
CSV,640010,64000,22,21,0,11058,0,0.000000e+00,0.000000e+00,182437740544.0,167514996736.0,985393.0,52.68,0.37
CSV,645010,64500,22,21,0,11158,0,0.000000e+00,0.000000e+00,185692127232.0,169644933120.0,1054373.4,52.46,0.39
BER: END_SEQ #22 [LOCK] seq_err=0 BER_seq=0.0000e+00 | lock=22 slip=0 BER_cond=0.0000e+00 BER_cum=0.0000e+00
CSV,650010,65000,22,22,0,11242,0,0.000000e+00,0.000000e+00,170755719168.0,172300812288.0,1094830.9,51.97,0.04
BER: SYNC #23 (gated)
CSV,655010,65500,23,22,0,11281,0,0.000000e+00,0.000000e+00,178145771520.0,158205968384.0,1644931.5,50.35,0.52
CSV,660010,66000,23,22,0,11381,0,0.000000e+00,0.000000e+00,212498104320.0,141410091008.0,960082.8,53.45,1.77
CSV,665010,66500,23,22,0,11481,0,0.000000e+00,0.000000e+00,185163268096.0,170793828352.0,1103139.8,52.25,0.35
CSV,670010,67000,23,22,0,11581,0,0.000000e+00,0.000000e+00,191997591552.0,157748363264.0,1000519.8,52.83,0.85
CSV,675010,67500,23,22,0,11680,0,0.000000e+00,0.000000e+00,173367672832.0,168015626240.0,1054793.1,52.16,0.14
BER: END_SEQ #23 [LOCK] seq_err=0 BER_seq=0.0000e+00 | lock=23 slip=0 BER_cond=0.0000e+00 BER_cum=0.0000e+00
CSV,680010,68000,23,23,0,11753,0,0.000000e+00,0.000000e+00,173385023488.0,173094273024.0,1224900.9,51.51,0.01
BER: SYNC #24 (gated)
CSV,685010,68500,24,23,0,11803,0,0.000000e+00,0.000000e+00,184930533376.0,170742136832.0,1532438.4,50.82,0.35
CSV,690010,69000,24,23,0,11903,0,0.000000e+00,0.000000e+00,219285012480.0,135380246528.0,1041727.2,53.23,2.09
CSV,695010,69500,24,23,0,12003,0,0.000000e+00,0.000000e+00,174768947200.0,166985973760.0,1177758.2,51.71,0.20
CSV,700010,70000,24,23,0,12103,0,0.000000e+00,0.000000e+00,185292865536.0,164243521536.0,1126487.4,52.16,0.52
CSV,705010,70500,24,23,0,12203,0,0.000000e+00,0.000000e+00,187649818624.0,168445280256.0,1198701.6,51.95,0.47
BER: END_SEQ #24 [LOCK] seq_err=0 BER_seq=0.0000e+00 | lock=24 slip=0 BER_cond=0.0000e+00 BER_cum=0.0000e+00
CSV,710010,71000,24,24,0,12264,0,0.000000e+00,0.000000e+00,171943231488.0,170657857536.0,1439362.0,50.77,0.03
BER: SYNC #25 (gated)
CSV,715010,71500,25,24,0,12326,0,0.000000e+00,0.000000e+00,172474220544.0,166201901056.0,1363255.8,51.02,0.16
CSV,720010,72000,25,24,0,12426,0,0.000000e+00,0.000000e+00,224256229376.0,128123830272.0,1101309.1,53.09,2.43
CSV,725010,72500,25,24,0,12526,0,0.000000e+00,0.000000e+00,192437223424.0,163726327808.0,1009008.9,52.80,0.70
CSV,730010,73000,25,24,0,12626,0,0.000000e+00,0.000000e+00,172169035776.0,173124419584.0,1071275.8,52.08,0.02
CSV,735010,73500,25,24,0,12726,0,0.000000e+00,0.000000e+00,183078420480.0,157290659840.0,1278716.1,51.56,0.66
BER: END_SEQ #25 [LOCK] seq_err=0 BER_seq=0.0000e+00 | lock=25 slip=0 BER_cond=0.0000e+00 BER_cum=0.0000e+00
CSV,740010,74000,25,25,0,12775,0,0.000000e+00,0.000000e+00,165014831104.0,173010059264.0,1627120.2,50.27,0.21
BER: SYNC #26 (gated)
CSV,745010,74500,26,25,0,12849,0,0.000000e+00,0.000000e+00,177476861952.0,175385395200.0,1117954.0,52.01,0.05
CSV,750010,75000,26,25,0,12949,0,0.000000e+00,0.000000e+00,223772147712.0,130657460224.0,1143452.0,52.92,2.34
CSV,755010,75500,26,25,0,13049,0,0.000000e+00,0.000000e+00,192721502208.0,151620321280.0,991020.2,52.89,1.04
CSV,760010,76000,26,25,0,13149,0,0.000000e+00,0.000000e+00,159938428928.0,182832218112.0,1047109.7,52.42,0.58
CSV,765010,76500,26,25,0,13249,0,0.000000e+00,0.000000e+00,196276191232.0,160082640896.0,1065753.0,52.65,0.89
BER: END_SEQ #26 [LOCK] seq_err=0 BER_seq=0.0000e+00 | lock=26 slip=0 BER_cond=0.0000e+00 BER_cum=0.0000e+00
CSV,770010,77000,26,26,0,13286,0,0.000000e+00,0.000000e+00,169387458560.0,171024154624.0,1723846.2,49.97,0.04
BER: SYNC #27 (gated)
CSV,775010,77500,27,26,0,13371,0,0.000000e+00,0.000000e+00,177957748736.0,164454989824.0,1060415.1,52.25,0.34
CSV,780010,78000,27,26,0,13471,0,0.000000e+00,0.000000e+00,213823193088.0,135871168512.0,1112108.2,52.84,1.97
CSV,785010,78500,27,26,0,13571,0,0.000000e+00,0.000000e+00,192187432960.0,162193276928.0,1072364.9,52.53,0.74
CSV,790010,79000,27,26,0,13671,0,0.000000e+00,0.000000e+00,176148135936.0,171180048384.0,1054299.2,52.23,0.12
CSV,795010,79500,27,26,0,13771,0,0.000000e+00,0.000000e+00,178035146752.0,162255470592.0,986576.4,52.56,0.40
BER: END_SEQ #27 [LOCK] seq_err=0 BER_seq=0.0000e+00 | lock=27 slip=0 BER_cond=0.0000e+00 BER_cum=0.0000e+00
CSV,800010,80000,27,27,0,13797,0,0.000000e+00,0.000000e+00,158853480448.0,174284783616.0,1827874.4,49.79,0.40
BER: SYNC #28 (gated)
CSV,805010,80500,28,27,0,13894,0,0.000000e+00,0.000000e+00,190147952640.0,163802628096.0,994700.9,52.81,0.65
CSV,810010,81000,28,27,0,13994,0,0.000000e+00,0.000000e+00,228412424192.0,127773990912.0,1063477.2,53.32,2.52
CSV,815010,81500,28,27,0,14094,0,0.000000e+00,0.000000e+00,177317904384.0,163460579328.0,987024.8,52.54,0.35
CSV,820010,82000,28,27,0,14194,0,0.000000e+00,0.000000e+00,175566258176.0,165420138496.0,1042543.9,52.26,0.26
CSV,825010,82500,28,27,0,14294,0,0.000000e+00,0.000000e+00,179612991488.0,172259328000.0,881935.8,53.09,0.18
BER: END_SEQ #28 [LOCK] seq_err=0 BER_seq=0.0000e+00 | lock=28 slip=0 BER_cond=0.0000e+00 BER_cum=0.0000e+00
BER: SYNC #29 (gated)
CSV,830010,83000,29,28,0,14317,0,0.000000e+00,0.000000e+00,169969909760.0,174736261120.0,1796017.1,49.88,0.12
CSV,835010,83500,29,28,0,14417,0,0.000000e+00,0.000000e+00,181127299072.0,161122058240.0,1028767.2,52.46,0.51
CSV,840010,84000,29,28,0,14517,0,0.000000e+00,0.000000e+00,215931731968.0,132604059648.0,1003662.3,53.33,2.12
CSV,845010,84500,29,28,0,14617,0,0.000000e+00,0.000000e+00,190908760064.0,160640057344.0,1208530.1,51.99,0.75
CSV,850010,85000,29,28,0,14717,0,0.000000e+00,0.000000e+00,173589889024.0,174920138752.0,1109075.5,51.98,0.03
CSV,855010,85500,29,28,0,14817,0,0.000000e+00,0.000000e+00,174947909632.0,168283406336.0,1009760.9,52.39,0.17
BER: END_SEQ #29 [LOCK] seq_err=0 BER_seq=0.0000e+00 | lock=29 slip=0 BER_cond=0.0000e+00 BER_cum=0.0000e+00
BER: SYNC #30 (gated)
CSV,860010,86000,30,29,0,14840,0,0.000000e+00,0.000000e+00,164238589952.0,165957550080.0,1818339.6,49.60,0.05
CSV,865010,86500,30,29,0,14940,0,0.000000e+00,0.000000e+00,197197594624.0,154378059776.0,1091750.4,52.57,1.06
CSV,870010,87000,30,29,0,15040,0,0.000000e+00,0.000000e+00,217485443072.0,138485284864.0,1004863.6,53.35,1.96
CSV,875010,87500,30,29,0,15140,0,0.000000e+00,0.000000e+00,177307369472.0,164142219264.0,1133704.4,51.94,0.34
CSV,880010,88000,30,29,0,15239,0,0.000000e+00,0.000000e+00,176591716352.0,163263938560.0,1094421.9,52.08,0.34
BER: END_SEQ #30 [LOCK] seq_err=0 BER_seq=0.0000e+00 | lock=30 slip=0 BER_cond=0.0000e+00 BER_cum=0.0000e+00
CSV,885010,88500,30,30,0,15330,0,0.000000e+00,0.000000e+00,170206953472.0,175923609600.0,1211170.5,51.62,0.14
BER: SYNC #31 (gated)
CSV,890010,89000,31,30,0,15362,0,0.000000e+00,0.000000e+00,181971861504.0,169227108352.0,1667240.9,50.38,0.32
CSV,895010,89500,31,30,0,15462,0,0.000000e+00,0.000000e+00,208880615424.0,137946923008.0,1116754.1,52.72,1.80
CSV,900010,90000,31,30,0,15562,0,0.000000e+00,0.000000e+00,179910066176.0,159374458880.0,1045310.6,52.36,0.53
CSV,905010,90500,31,30,0,15662,0,0.000000e+00,0.000000e+00,184349638656.0,162704539648.0,1027379.9,52.54,0.54
CSV,910010,91000,31,30,0,15762,0,0.000000e+00,0.000000e+00,192859455488.0,161271513088.0,1093668.5,52.46,0.78
BER: END_SEQ #31 [LOCK] seq_err=0 BER_seq=0.0000e+00 | lock=31 slip=0 BER_cond=0.0000e+00 BER_cum=0.0000e+00
CSV,915010,91500,31,31,0,15841,0,0.000000e+00,0.000000e+00,165798166528.0,173003603968.0,1185305.9,51.64,0.18
BER: SYNC #32 (gated)
CSV,920010,92000,32,31,0,15885,0,0.000000e+00,0.000000e+00,177536335872.0,157219438592.0,1455342.4,50.86,0.53
CSV,925010,92500,32,31,0,15985,0,0.000000e+00,0.000000e+00,215495639040.0,136716959744.0,1030560.4,53.20,1.98
CSV,930010,93000,32,31,0,16085,0,0.000000e+00,0.000000e+00,180966260736.0,170861494272.0,1215355.1,51.73,0.25
CSV,935010,93500,32,31,0,16185,0,0.000000e+00,0.000000e+00,184952061952.0,158593384448.0,1002619.3,52.66,0.67
CSV,940010,94000,32,31,0,16285,0,0.000000e+00,0.000000e+00,169829826560.0,168878784512.0,1078540.4,51.97,0.02
BER: END_SEQ #32 [LOCK] seq_err=0 BER_seq=0.0000e+00 | lock=32 slip=0 BER_cond=0.0000e+00 BER_cum=0.0000e+00
CSV,945010,94500,32,32,0,16352,0,0.000000e+00,0.000000e+00,178676383744.0,166667206656.0,1379970.5,51.12,0.30
BER: SYNC #33 (gated)
CSV,950010,95000,33,32,0,16408,0,0.000000e+00,0.000000e+00,183952375808.0,170100408320.0,1457266.4,51.01,0.34
CSV,955010,95500,33,32,0,16508,0,0.000000e+00,0.000000e+00,218400407552.0,132896473088.0,1098629.5,52.98,2.16
CSV,960010,96000,33,32,0,16608,0,0.000000e+00,0.000000e+00,180956479488.0,160658309120.0,1044974.8,52.38,0.52
CSV,965010,96500,33,32,0,16708,0,0.000000e+00,0.000000e+00,168108933120.0,176596271104.0,1018731.1,52.39,0.21
CSV,970010,97000,33,32,0,16808,0,0.000000e+00,0.000000e+00,199763132416.0,156590948352.0,1043962.9,52.82,1.06
BER: END_SEQ #33 [LOCK] seq_err=0 BER_seq=0.0000e+00 | lock=33 slip=0 BER_cond=0.0000e+00 BER_cum=0.0000e+00
CSV,975010,97500,33,33,0,16863,0,0.000000e+00,0.000000e+00,164816388096.0,173910720512.0,1529839.8,50.56,0.23
BER: SYNC #34 (gated)
CSV,980010,98000,34,33,0,16930,0,0.000000e+00,0.000000e+00,169026551808.0,169733734400.0,1164850.1,51.63,0.02
CSV,985010,98500,34,33,0,17030,0,0.000000e+00,0.000000e+00,226477293568.0,126367801344.0,1117033.0,53.07,2.53
CSV,990010,99000,34,33,0,17130,0,0.000000e+00,0.000000e+00,192803356672.0,164118265856.0,1119004.0,52.36,0.70
CSV,995010,99500,34,33,0,17230,0,0.000000e+00,0.000000e+00,171157241856.0,174682980352.0,1003035.3,52.41,0.09
CSV,1000010,100000,34,33,0,17330,0,0.000000e+00,0.000000e+00,188436856832.0,154437632000.0,1049034.4,52.54,0.86
BER: END_SEQ #34 [LOCK] seq_err=0 BER_seq=0.0000e+00 | lock=34 slip=0 BER_cond=0.0000e+00 BER_cum=0.0000e+00
CSV,1005010,100500,34,34,0,17374,0,0.000000e+00,0.000000e+00,160101711872.0,176183541760.0,1802618.9,49.90,0.42
BER: SYNC #35 (gated)
CSV,1010010,101000,35,34,0,17453,0,0.000000e+00,0.000000e+00,177721819136.0,174305116160.0,1081580.1,52.16,0.08
CSV,1015010,101500,35,34,0,17553,0,0.000000e+00,0.000000e+00,218920255488.0,132798660608.0,1008549.4,53.37,2.17
CSV,1020010,102000,35,34,0,17653,0,0.000000e+00,0.000000e+00,195780280320.0,146601639936.0,1055809.4,52.68,1.26
CSV,1025010,102500,35,34,0,17753,0,0.000000e+00,0.000000e+00,156830515200.0,183809703936.0,1148912.4,52.04,0.69
CSV,1030010,103000,35,34,0,17853,0,0.000000e+00,0.000000e+00,194222456832.0,161177698304.0,1154536.6,52.26,0.81
BER: END_SEQ #35 [LOCK] seq_err=0 BER_seq=0.0000e+00 | lock=35 slip=0 BER_cond=0.0000e+00 BER_cum=0.0000e+00
CSV,1035010,103500,35,35,0,17885,0,0.000000e+00,0.000000e+00,161425604608.0,177161142272.0,1784094.6,49.97,0.40
BER: SYNC #36 (gated)
CSV,1040010,104000,36,35,0,17976,0,0.000000e+00,0.000000e+00,185933168640.0,155975745536.0,1167152.5,52.02,0.76
CSV,1045010,104500,36,35,0,18076,0,0.000000e+00,0.000000e+00,216713723904.0,130940370944.0,1112661.9,52.90,2.19
CSV,1050010,105000,36,35,0,18176,0,0.000000e+00,0.000000e+00,186973945856.0,166116163584.0,1024575.3,52.61,0.51
CSV,1055010,105500,36,35,0,18276,0,0.000000e+00,0.000000e+00,179710148608.0,166223593472.0,1067157.5,52.26,0.34
CSV,1060010,106000,36,35,0,18376,0,0.000000e+00,0.000000e+00,180564983808.0,160867188736.0,1013300.6,52.51,0.50
BER: END_SEQ #36 [LOCK] seq_err=0 BER_seq=0.0000e+00 | lock=36 slip=0 BER_cond=0.0000e+00 BER_cum=0.0000e+00
BER: SYNC #37 (gated)
CSV,1065010,106500,37,36,0,18399,0,0.000000e+00,0.000000e+00,159328059392.0,175667134464.0,1714856.4,50.10,0.42
CSV,1070010,107000,37,36,0,18499,0,0.000000e+00,0.000000e+00,184379506688.0,170883416064.0,1034827.0,52.51,0.33
CSV,1075010,107500,37,36,0,18599,0,0.000000e+00,0.000000e+00,228175167488.0,128621027328.0,1038628.1,53.42,2.49
CSV,1080010,108000,37,36,0,18698,0,0.000000e+00,0.000000e+00,178308349952.0,164542054400.0,1014432.9,52.45,0.35
CSV,1085010,108500,37,36,0,18798,0,0.000000e+00,0.000000e+00,173568507904.0,167720435712.0,1058477.1,52.15,0.15
CSV,1090010,109000,37,36,0,18898,0,0.000000e+00,0.000000e+00,187703050240.0,165830852608.0,855663.1,53.41,0.54
BER: END_SEQ #37 [LOCK] seq_err=0 BER_seq=0.0000e+00 | lock=37 slip=0 BER_cond=0.0000e+00 BER_cum=0.0000e+00
BER: SYNC #38 (gated)
CSV,1095010,109500,38,37,0,18921,0,0.000000e+00,0.000000e+00,156966731776.0,186316505088.0,1750315.8,50.27,0.74
CSV,1100010,110000,38,37,0,19021,0,0.000000e+00,0.000000e+00,191812960256.0,152107646976.0,1152577.8,52.21,1.01
CSV,1105010,110500,38,37,0,19121,0,0.000000e+00,0.000000e+00,213597831168.0,136190779392.0,1046051.6,53.10,1.95
CSV,1110010,111000,38,37,0,19221,0,0.000000e+00,0.000000e+00,190843797504.0,162567946240.0,1215860.6,51.96,0.70
CSV,1115010,111500,38,37,0,19321,0,0.000000e+00,0.000000e+00,177862148096.0,170657792000.0,1125955.9,51.99,0.18
BER: END_SEQ #38 [LOCK] seq_err=0 BER_seq=0.0000e+00 | lock=38 slip=0 BER_cond=0.0000e+00 BER_cum=0.0000e+00
CSV,1120010,112000,38,38,0,19418,0,0.000000e+00,0.000000e+00,168415952896.0,173164609536.0,1055015.8,52.15,0.12
BER: SYNC #39 (gated)
CSV,1125010,112500,39,38,0,19444,0,0.000000e+00,0.000000e+00,165112365056.0,166537117696.0,1692313.5,49.93,0.04
CSV,1130010,113000,39,38,0,19544,0,0.000000e+00,0.000000e+00,211168428032.0,143606169600.0,1152525.6,52.63,1.67
CSV,1135010,113500,39,38,0,19644,0,0.000000e+00,0.000000e+00,204359286784.0,149602762752.0,1072389.0,52.80,1.35
CSV,1140010,114000,39,38,0,19744,0,0.000000e+00,0.000000e+00,178227445760.0,165125554176.0,985586.9,52.57,0.33
CSV,1145010,114500,39,38,0,19844,0,0.000000e+00,0.000000e+00,176897261568.0,162858811392.0,1128033.0,51.95,0.36
BER: END_SEQ #39 [LOCK] seq_err=0 BER_seq=0.0000e+00 | lock=39 slip=0 BER_cond=0.0000e+00 BER_cum=0.0000e+00
CSV,1150010,115000,39,39,0,19929,0,0.000000e+00,0.000000e+00,173831241728.0,174038302720.0,1349133.6,51.11,0.01
BER: SYNC #40 (gated)
CSV,1155010,115500,40,39,0,19967,0,0.000000e+00,0.000000e+00,186994573312.0,165089148928.0,1553683.5,50.80,0.54
CSV,1160010,116000,40,39,0,20067,0,0.000000e+00,0.000000e+00,209516642304.0,138301095936.0,1018445.2,53.13,1.80
CSV,1165010,116500,40,39,0,20167,0,0.000000e+00,0.000000e+00,176751165440.0,163627204608.0,1060876.4,52.22,0.34
CSV,1170010,117000,40,39,0,20267,0,0.000000e+00,0.000000e+00,189325983744.0,160181207040.0,1000110.2,52.77,0.73
CSV,1175010,117500,40,39,0,20367,0,0.000000e+00,0.000000e+00,179661766656.0,171952553984.0,1092973.5,52.16,0.19
BER: END_SEQ #40 [LOCK] seq_err=0 BER_seq=0.0000e+00 | lock=40 slip=0 BER_cond=0.0000e+00 BER_cum=0.0000e+00
CSV,1180010,118000,40,40,0,20440,0,0.000000e+00,0.000000e+00,172510248960.0,165999230976.0,1196018.0,51.59,0.17
BER: SYNC #41 (gated)
CSV,1185010,118500,41,40,0,20489,0,0.000000e+00,0.000000e+00,174581481472.0,162646458368.0,1586087.5,50.42,0.31
CSV,1190010,119000,41,40,0,20589,0,0.000000e+00,0.000000e+00,217279774720.0,137629663232.0,1140151.0,52.80,1.98
CSV,1195010,119500,41,40,0,20689,0,0.000000e+00,0.000000e+00,184157503488.0,170143612928.0,1139926.4,52.08,0.34
CSV,1200010,120000,41,40,0,20789,0,0.000000e+00,0.000000e+00,181979873280.0,163042672640.0,1037385.9,52.44,0.48
CSV,1205010,120500,41,40,0,20889,0,0.000000e+00,0.000000e+00,176876912640.0,161786232832.0,969277.4,52.61,0.39
BER: END_SEQ #41 [LOCK] seq_err=0 BER_seq=0.0000e+00 | lock=41 slip=0 BER_cond=0.0000e+00 BER_cum=0.0000e+00
CSV,1210010,121000,41,41,0,20951,0,0.000000e+00,0.000000e+00,173907984384.0,169396781056.0,1406155.0,50.92,0.11
BER: SYNC #42 (gated)
CSV,1215010,121500,42,41,0,21012,0,0.000000e+00,0.000000e+00,181172633600.0,171140186112.0,1378587.9,51.19,0.25
CSV,1220010,122000,42,41,0,21112,0,0.000000e+00,0.000000e+00,220207153152.0,130733703168.0,1026214.8,53.32,2.26
CSV,1225010,122500,42,41,0,21212,0,0.000000e+00,0.000000e+00,184534827008.0,157085876224.0,1010854.8,52.61,0.70
CSV,1230010,123000,42,41,0,21312,0,0.000000e+00,0.000000e+00,173877379072.0,170408722432.0,1023163.2,52.30,0.09
CSV,1235010,123500,42,41,0,21412,0,0.000000e+00,0.000000e+00,191455559680.0,162210791424.0,994356.6,52.85,0.72
BER: END_SEQ #42 [LOCK] seq_err=0 BER_seq=0.0000e+00 | lock=42 slip=0 BER_cond=0.0000e+00 BER_cum=0.0000e+00
CSV,1240010,124000,42,42,0,21462,0,0.000000e+00,0.000000e+00,161293352960.0,174098481152.0,1555209.8,50.49,0.33
BER: SYNC #43 (gated)
CSV,1245010,124500,43,42,0,21535,0,0.000000e+00,0.000000e+00,168595046400.0,169789472768.0,1219574.2,51.44,0.03
CSV,1250010,125000,43,42,0,21635,0,0.000000e+00,0.000000e+00,221749493760.0,128936189952.0,1023051.1,53.36,2.35
CSV,1255010,125500,43,42,0,21735,0,0.000000e+00,0.000000e+00,202831446016.0,153997164544.0,1206686.8,52.26,1.20
CSV,1260010,126000,43,42,0,21835,0,0.000000e+00,0.000000e+00,156674768896.0,185464897536.0,1101338.8,52.26,0.73
CSV,1265010,126500,43,42,0,21935,0,0.000000e+00,0.000000e+00,191742296064.0,150068723712.0,1148351.9,52.23,1.06
BER: END_SEQ #43 [LOCK] seq_err=0 BER_seq=0.0000e+00 | lock=43 slip=0 BER_cond=0.0000e+00 BER_cum=0.0000e+00
CSV,1270010,127000,43,43,0,21973,0,0.000000e+00,0.000000e+00,164508549120.0,172396773376.0,1730883.6,49.98,0.20
BER: SYNC #44 (gated)
CSV,1275010,127500,44,43,0,22058,0,0.000000e+00,0.000000e+00,185250709504.0,171417436160.0,1131121.1,52.14,0.34
CSV,1280010,128000,44,43,0,22158,0,0.000000e+00,0.000000e+00,215892197376.0,137121636352.0,1081178.0,53.00,1.97
CSV,1285010,128500,44,43,0,22257,0,0.000000e+00,0.000000e+00,188468985856.0,153431457792.0,983981.5,52.82,0.89
CSV,1290010,129000,44,43,0,22357,0,0.000000e+00,0.000000e+00,170582458368.0,172733661184.0,1083543.4,52.03,0.05
CSV,1295010,129500,44,43,0,22457,0,0.000000e+00,0.000000e+00,188527804416.0,166878298112.0,1256609.8,51.76,0.53
BER: END_SEQ #44 [LOCK] seq_err=0 BER_seq=0.0000e+00 | lock=44 slip=0 BER_cond=0.0000e+00 BER_cum=0.0000e+00
CSV,1300010,130000,44,44,0,22484,0,0.000000e+00,0.000000e+00,161748811776.0,177311678464.0,1754309.1,50.05,0.40
BER: SYNC #45 (gated)
CSV,1305010,130500,45,44,0,22580,0,0.000000e+00,0.000000e+00,182709862400.0,160056737792.0,986573.3,52.68,0.57
CSV,1310010,131000,45,44,0,22680,0,0.000000e+00,0.000000e+00,225582841856.0,125136568320.0,1081390.2,53.19,2.56
CSV,1315010,131500,45,44,0,22780,0,0.000000e+00,0.000000e+00,184374657024.0,169673818112.0,1037061.4,52.50,0.36
CSV,1320010,132000,45,44,0,22880,0,0.000000e+00,0.000000e+00,180524007424.0,166847479808.0,1130069.6,52.03,0.34
CSV,1325010,132500,45,44,0,22980,0,0.000000e+00,0.000000e+00,174026964992.0,168292466688.0,1052373.6,52.18,0.15
BER: END_SEQ #45 [LOCK] seq_err=0 BER_seq=0.0000e+00 | lock=45 slip=0 BER_cond=0.0000e+00 BER_cum=0.0000e+00
BER: SYNC #46 (gated)
CSV,1330010,133000,46,45,0,23003,0,0.000000e+00,0.000000e+00,163753377792.0,173258637312.0,1815099.9,49.80,0.25
CSV,1335010,133500,46,45,0,23103,0,0.000000e+00,0.000000e+00,189145235456.0,167939096576.0,1261233.4,51.76,0.52
CSV,1340010,134000,46,45,0,23203,0,0.000000e+00,0.000000e+00,221893640192.0,135714832384.0,1051033.0,53.25,2.14
CSV,1345010,134500,46,45,0,23303,0,0.000000e+00,0.000000e+00,183326457856.0,161771929600.0,1034610.6,52.48,0.54
CSV,1350010,135000,46,45,0,23403,0,0.000000e+00,0.000000e+00,173851049984.0,170701930496.0,1152689.2,51.78,0.08
CSV,1355010,135500,46,45,0,23503,0,0.000000e+00,0.000000e+00,181660336128.0,174255734784.0,890357.9,53.10,0.18
BER: END_SEQ #46 [LOCK] seq_err=0 BER_seq=0.0000e+00 | lock=46 slip=0 BER_cond=0.0000e+00 BER_cum=0.0000e+00
BER: SYNC #47 (gated)
CSV,1360010,136000,47,46,0,23526,0,0.000000e+00,0.000000e+00,173044891648.0,174727725056.0,1822167.5,49.82,0.04
CSV,1365010,136500,47,46,0,23626,0,0.000000e+00,0.000000e+00,193930969088.0,151468294144.0,982617.6,52.95,1.07
CSV,1370010,137000,47,46,0,23726,0,0.000000e+00,0.000000e+00,210461065216.0,138803560448.0,1140939.8,52.66,1.81
CSV,1375010,137500,47,46,0,23826,0,0.000000e+00,0.000000e+00,184031232000.0,170368417792.0,1031248.9,52.52,0.34
CSV,1380010,138000,47,46,0,23926,0,0.000000e+00,0.000000e+00,183306420224.0,169695051776.0,1054220.0,52.40,0.34
BER: END_SEQ #47 [LOCK] seq_err=0 BER_seq=0.0000e+00 | lock=47 slip=0 BER_cond=0.0000e+00 BER_cum=0.0000e+00
CSV,1385010,138500,47,47,0,24017,0,0.000000e+00,0.000000e+00,170683940864.0,172890996736.0,998861.3,52.38,0.06
BER: SYNC #48 (gated)
CSV,1390010,139000,48,47,0,24048,0,0.000000e+00,0.000000e+00,170207444992.0,165451890688.0,1691165.5,50.03,0.12
CSV,1395010,139500,48,47,0,24148,0,0.000000e+00,0.000000e+00,214921035776.0,142777171968.0,1075211.2,53.01,1.78
CSV,1400010,140000,48,47,0,24248,0,0.000000e+00,0.000000e+00,188813967360.0,166645792768.0,1099668.5,52.35,0.54
CSV,1405010,140500,48,47,0,24348,0,0.000000e+00,0.000000e+00,183559372800.0,162765553664.0,976052.2,52.74,0.52
CSV,1410010,141000,48,47,0,24448,0,0.000000e+00,0.000000e+00,188048769024.0,156064448512.0,1097696.2,52.34,0.81
BER: END_SEQ #48 [LOCK] seq_err=0 BER_seq=0.0000e+00 | lock=48 slip=0 BER_cond=0.0000e+00 BER_cum=0.0000e+00
CSV,1415010,141500,48,48,0,24528,0,0.000000e+00,0.000000e+00,170685267968.0,179198967808.0,1233842.0,51.62,0.21
BER: SYNC #49 (gated)
CSV,1420010,142000,49,48,0,24571,0,0.000000e+00,0.000000e+00,189230481408.0,164456071168.0,1580336.8,50.78,0.61
CSV,1425010,142500,49,48,0,24671,0,0.000000e+00,0.000000e+00,212828930048.0,137710419968.0,955635.1,53.48,1.89
CSV,1430010,143000,49,48,0,24771,0,0.000000e+00,0.000000e+00,172925894656.0,167153680384.0,1199483.0,51.59,0.15
CSV,1435010,143500,49,48,0,24871,0,0.000000e+00,0.000000e+00,190236196864.0,162053472256.0,970381.9,52.92,0.70
CSV,1440010,144000,49,48,0,24971,0,0.000000e+00,0.000000e+00,178835062784.0,174209482752.0,1091616.1,52.14,0.11
BER: END_SEQ #49 [LOCK] seq_err=0 BER_seq=0.0000e+00 | lock=49 slip=0 BER_cond=0.0000e+00 BER_cum=0.0000e+00
CSV,1445010,144500,49,49,0,25039,0,0.000000e+00,0.000000e+00,174946451456.0,167906770944.0,1467512.5,50.76,0.18
BER: SYNC #50 (gated)
CSV,1450010,145000,50,49,0,25094,0,0.000000e+00,0.000000e+00,179606863872.0,162179301376.0,1384331.5,51.13,0.44
CSV,1455010,145500,50,49,0,25194,0,0.000000e+00,0.000000e+00,219346927616.0,138661347328.0,1019268.3,53.33,1.99
CSV,1460010,146000,50,49,0,25294,0,0.000000e+00,0.000000e+00,188502753280.0,167170654208.0,1099110.4,52.34,0.52
CSV,1465010,146500,50,49,0,25394,0,0.000000e+00,0.000000e+00,171205033984.0,173509656576.0,1081750.5,52.05,0.06
CSV,1470010,147000,50,49,0,25494,0,0.000000e+00,0.000000e+00,190171643904.0,155470479360.0,1189593.9,52.04,0.87
BER: END_SEQ #50 [LOCK] seq_err=0 BER_seq=0.0000e+00 | lock=50 slip=0 BER_cond=0.0000e+00 BER_cum=0.0000e+00
CSV,1475010,147500,50,50,0,25550,0,0.000000e+00,0.000000e+00,169285615616.0,178696437760.0,1572977.8,50.55,0.23
BER: SYNC #51 (gated)
CSV,1480010,148000,51,50,0,25617,0,0.000000e+00,0.000000e+00,181945040896.0,175451734016.0,1280530.1,51.53,0.16
CSV,1485010,148500,51,50,0,25717,0,0.000000e+00,0.000000e+00,227613245440.0,127814705152.0,1112076.8,53.11,2.51
CSV,1490010,149000,51,50,0,25816,0,0.000000e+00,0.000000e+00,186509410304.0,159740428288.0,1012598.6,52.65,0.67
CSV,1495010,149500,51,50,0,25916,0,0.000000e+00,0.000000e+00,170687315968.0,178364071936.0,1067809.5,52.23,0.19
CSV,1500010,150000,51,50,0,26016,0,0.000000e+00,0.000000e+00,197061656576.0,163503226880.0,1064493.4,52.67,0.81
BER: END_SEQ #51 [LOCK] seq_err=0 BER_seq=0.0000e+00 | lock=51 slip=0 BER_cond=0.0000e+00 BER_cum=0.0000e+00
CSV,1505010,150500,51,51,0,26061,0,0.000000e+00,0.000000e+00,162011938816.0,177461673984.0,1633088.4,50.36,0.40

=========================================
=== END OF TEST (duration=25 min) ===
=========================================
FINAL: syncs=51 lock=51 slip=0 slip_rate=0.0000
FINAL: bits_cum=26061 err_cum=0 BER_cum=0.0000e+00
FINAL: bits_lock=26061 err_lock=0 BER_cond=0.0000e+00
=========================================
=== STOP LOGGING NOW ===
=========================================
