

=== RX BOOT - BER TEST MODE ===
MOD=OOK (20 kHz carrier, adaptive threshold)
BPS_MODE=40 (HALF_SAMPLES=1000, 5000 samples/bit @ 200000 Hz)
Expect: 64-bit preamble + Barker13 (1F35h, gated by 8 preamble bits = 0x55) + 511-bit PRBS-9
Noise floor band: 5000 Hz; lock threshold: BER<0.10
Auto-stop: test will halt 25 min after the first sync.
RX: edge-tracking sync, center-3 voting
Starting decoder...

CSV,5008,1000,0,0,0,0,0,0.000000e+00,0.000000e+00,99391.1,415093.5,80415.7,7.13,6.21
CSV,10008,2000,0,0,0,0,0,0.000000e+00,0.000000e+00,147616.5,911851.1,131822.3,8.40,7.91
CSV,15008,3000,0,0,0,0,0,0.000000e+00,0.000000e+00,184382.5,1323886.4,164025.2,9.07,8.56
CSV,20008,4000,0,0,0,0,0,0.000000e+00,0.000000e+00,218194.6,1518943.2,190517.8,9.02,8.43
CSV,25008,5000,0,0,0,0,0,0.000000e+00,0.000000e+00,246087.8,1924537.8,198935.8,9.86,8.93
CSV,30008,6000,0,0,0,0,0,0.000000e+00,0.000000e+00,260383.3,2494132.8,231584.0,10.32,9.81
CSV,35008,7000,0,0,0,0,0,0.000000e+00,0.000000e+00,287703.7,2781264.5,251881.8,10.43,9.85
CSV,40008,8000,0,0,0,0,0,0.000000e+00,0.000000e+00,290400.3,3424588.5,261897.7,11.16,10.72
CSV,45008,9000,0,0,0,0,0,0.000000e+00,0.000000e+00,299322.2,3698643.5,271333.7,11.35,10.92
CSV,50008,10000,0,0,0,0,0,0.000000e+00,0.000000e+00,324322.7,3576256.8,291968.7,10.88,10.42
CSV,55008,11000,0,0,0,0,0,0.000000e+00,0.000000e+00,350348.3,4206864.5,288563.6,11.64,10.79
CSV,60008,12000,0,0,0,0,0,0.000000e+00,0.000000e+00,330598.3,4447683.0,296767.7,11.76,11.29
CSV,65008,13000,0,0,0,0,0,0.000000e+00,0.000000e+00,330571.5,4068352.0,278420.9,11.65,10.90
CSV,70008,14000,0,0,0,0,0,0.000000e+00,0.000000e+00,350040.9,4637196.5,316382.3,11.66,11.22
CSV,75008,15000,0,0,0,0,0,0.000000e+00,0.000000e+00,348309.7,4290530.5,309005.4,11.43,10.91
CSV,80008,16000,0,0,0,0,0,0.000000e+00,0.000000e+00,369660.2,3964177.5,298122.1,11.24,10.30
CSV,85008,17000,0,0,0,0,0,0.000000e+00,0.000000e+00,385605.4,4923695.0,353272.7,11.44,11.06
CSV,90008,18000,0,0,0,0,0,0.000000e+00,0.000000e+00,373832.3,4732661.0,298641.5,12.00,11.02
CSV,95008,19000,0,0,0,0,0,0.000000e+00,0.000000e+00,367669.8,4760112.0,314139.8,11.80,11.12
CSV,100008,20000,0,0,0,0,0,0.000000e+00,0.000000e+00,388744.4,5411759.5,342563.0,11.99,11.44
CSV,105008,21000,0,0,0,0,0,0.000000e+00,0.000000e+00,360302.3,5099536.0,288981.9,12.47,11.51
CSV,110008,22000,0,0,0,0,0,0.000000e+00,0.000000e+00,369117.5,4488817.0,325392.2,11.40,10.85
CSV,115008,23000,0,0,0,0,0,0.000000e+00,0.000000e+00,374418.9,5174105.5,332132.6,11.93,11.40
CSV,120008,24000,0,0,0,0,0,0.000000e+00,0.000000e+00,400890.8,6184194.5,325871.2,12.78,11.88
CSV,125008,25000,0,0,0,0,0,0.000000e+00,0.000000e+00,395199.3,4868039.5,308447.8,11.98,10.91
CSV,130008,26000,0,0,0,0,0,0.000000e+00,0.000000e+00,387922.3,5265609.5,323670.0,12.11,11.33
CSV,135008,27000,0,0,0,0,0,0.000000e+00,0.000000e+00,396497.2,5699812.0,313759.1,12.59,11.58
CSV,140008,28000,0,0,0,0,0,0.000000e+00,0.000000e+00,396534.3,5719234.0,340041.7,12.26,11.59
CSV,145008,29000,0,0,0,0,0,0.000000e+00,0.000000e+00,403084.8,5462181.5,341314.5,12.04,11.32
BER: SYNC #1 (gated)
CSV,150008,30000,1,0,0,48,24,5.000000e-01,0.000000e+00,419907.0,5987091.0,326939.0,12.63,11.54
CSV,155008,31000,1,0,0,233,120,5.150214e-01,0.000000e+00,456893.0,5498097.0,366140.9,11.77,10.80
CSV,160008,32000,1,0,0,421,211,5.011876e-01,0.000000e+00,400452.2,5975150.0,336295.1,12.50,11.74
BER: END_SEQ #1 [SLIP] seq_err=253 BER_seq=4.9511e-01 | lock=0 slip=1 BER_cond=0.0000e+00 BER_cum=4.9511e-01
CSV,165008,33000,1,0,1,511,253,4.951076e-01,0.000000e+00,368780.8,6119201.0,336616.7,12.60,12.20
CSV,170008,34000,1,0,1,511,253,4.951076e-01,0.000000e+00,377214.9,5139998.5,301111.3,12.32,11.34
CSV,175008,35000,1,0,1,511,253,4.951076e-01,0.000000e+00,377919.2,5703850.0,319801.3,12.51,11.79
CSV,180008,36000,1,0,1,511,253,4.951076e-01,0.000000e+00,374234.1,6011859.5,363414.2,12.19,12.06
CSV,185008,37000,1,0,1,511,253,4.951076e-01,0.000000e+00,400694.5,4640078.0,341303.6,11.33,10.64
CSV,190008,38000,1,0,1,511,253,4.951076e-01,0.000000e+00,402605.9,6065566.0,326811.2,12.69,11.78
CSV,195008,39000,1,0,1,511,253,4.951076e-01,0.000000e+00,383471.7,5745799.0,334489.6,12.35,11.76
CSV,200008,40000,1,0,1,511,253,4.951076e-01,0.000000e+00,381997.6,5527597.0,357950.8,11.89,11.60
CSV,205008,41000,1,0,1,511,253,4.951076e-01,0.000000e+00,378701.6,5965218.5,314067.6,12.79,11.97
CSV,210008,42000,1,0,1,511,253,4.951076e-01,0.000000e+00,390746.9,6111542.0,334641.3,12.62,11.94
CSV,215008,43000,1,0,1,511,253,4.951076e-01,0.000000e+00,417722.7,5755713.0,349650.9,12.16,11.39
CSV,220008,44000,1,0,1,511,253,4.951076e-01,0.000000e+00,369514.5,6184587.0,324124.3,12.81,12.24
CSV,225008,45000,1,0,1,511,253,4.951076e-01,0.000000e+00,442499.7,5756214.5,370647.0,11.91,11.14
CSV,230008,46000,1,0,1,511,253,4.951076e-01,0.000000e+00,428727.6,5792237.5,354014.6,12.14,11.31
CSV,235008,47000,1,0,1,511,253,4.951076e-01,0.000000e+00,442729.4,6499779.5,347434.8,12.72,11.67
BER: SYNC #2 (gated)
CSV,240008,48000,2,0,1,629,299,4.753577e-01,0.000000e+00,409034.9,5644180.0,349323.6,12.08,11.40
CSV,245008,49000,2,0,1,821,388,4.725944e-01,0.000000e+00,407275.7,5672868.5,333747.8,12.30,11.44
CSV,250008,50000,2,0,1,1005,473,4.706468e-01,0.000000e+00,430820.5,6888054.5,332853.5,13.16,12.04
BER: END_SEQ #2 [SLIP] seq_err=230 BER_seq=4.5010e-01 | lock=0 slip=2 BER_cond=0.0000e+00 BER_cum=4.7260e-01
CSV,255008,51000,2,0,2,1022,483,4.726027e-01,0.000000e+00,382897.1,5800759.5,323152.3,12.54,11.80
CSV,260008,52000,2,0,2,1022,483,4.726027e-01,0.000000e+00,402917.2,6226397.5,341317.7,12.61,11.89
CSV,265008,53000,2,0,2,1022,483,4.726027e-01,0.000000e+00,403569.4,5774183.5,333709.3,12.38,11.56
CSV,270008,54000,2,0,2,1022,483,4.726027e-01,0.000000e+00,398710.6,5635247.5,341624.9,12.17,11.50
CSV,275008,55000,2,0,2,1022,483,4.726027e-01,0.000000e+00,415624.6,6639055.5,342147.2,12.88,12.03
CSV,280008,56000,2,0,2,1022,483,4.726027e-01,0.000000e+00,405372.5,6131129.5,342131.2,12.53,11.80
CSV,285008,57000,2,0,2,1022,483,4.726027e-01,0.000000e+00,388284.6,5727105.0,349924.2,12.14,11.69
CSV,290008,58000,2,0,2,1022,483,4.726027e-01,0.000000e+00,432916.6,6904051.0,338786.6,13.09,12.03
CSV,295008,59000,2,0,2,1022,483,4.726027e-01,0.000000e+00,415744.7,6127863.0,338372.5,12.58,11.68
CSV,300008,60000,2,0,2,1022,483,4.726027e-01,0.000000e+00,416249.8,5926599.5,335641.1,12.47,11.53
CSV,305008,61000,2,0,2,1022,483,4.726027e-01,0.000000e+00,413165.3,6237227.0,335614.2,12.69,11.79
CSV,310008,62000,2,0,2,1022,483,4.726027e-01,0.000000e+00,422019.9,6636427.5,338164.8,12.93,11.97
CSV,315008,63000,2,0,2,1022,483,4.726027e-01,0.000000e+00,422611.0,6179766.0,310615.7,12.99,11.65
CSV,320008,64000,2,0,2,1022,483,4.726027e-01,0.000000e+00,385420.9,6342902.5,339549.4,12.71,12.16
CSV,325008,65000,2,0,2,1022,483,4.726027e-01,0.000000e+00,395676.5,6084382.5,352552.1,12.37,11.87
CSV,330008,66000,2,0,2,1022,483,4.726027e-01,0.000000e+00,390723.3,5199241.5,328498.2,11.99,11.24
CSV,335008,67000,2,0,2,1022,483,4.726027e-01,0.000000e+00,426745.0,6177314.0,361308.0,12.33,11.61
CSV,340008,68000,2,0,2,1022,483,4.726027e-01,0.000000e+00,398409.8,6592589.5,360512.4,12.62,12.19
CSV,345008,69000,2,0,2,1022,483,4.726027e-01,0.000000e+00,391014.0,5713659.0,344151.8,12.20,11.65
CSV,350008,70000,2,0,2,1022,483,4.726027e-01,0.000000e+00,405678.3,6157340.0,379035.3,12.11,11.81
CSV,355008,71000,2,0,2,1022,483,4.726027e-01,0.000000e+00,404461.8,6382086.5,366271.4,12.41,11.98
CSV,360008,72000,2,0,2,1022,483,4.726027e-01,0.000000e+00,410711.5,5390441.0,350325.8,11.87,11.18
CSV,365008,73000,2,0,2,1022,483,4.726027e-01,0.000000e+00,417962.0,6043260.0,364485.8,12.20,11.60
CSV,370008,74000,2,0,2,1022,483,4.726027e-01,0.000000e+00,418917.8,7169880.0,364931.8,12.93,12.33
CSV,375008,75000,2,0,2,1022,483,4.726027e-01,0.000000e+00,404803.4,6400974.0,365780.6,12.43,11.99
CSV,380008,76000,2,0,2,1022,483,4.726027e-01,0.000000e+00,428760.8,6431649.5,372691.2,12.37,11.76
BER: SYNC #3 (gated)
CSV,385008,77000,3,0,2,1060,497,4.688679e-01,0.000000e+00,395759.3,6491140.5,370628.9,12.43,12.15
CSV,390008,78000,3,0,2,1253,608,4.852354e-01,0.000000e+00,447434.3,6333320.5,351305.3,12.56,11.51
CSV,395008,79000,3,0,2,1434,709,4.944212e-01,0.000000e+00,449424.5,7092844.0,376739.5,12.75,11.98
BER: END_SEQ #3 [SLIP] seq_err=277 BER_seq=5.4207e-01 | lock=0 slip=3 BER_cond=0.0000e+00 BER_cum=4.9576e-01
CSV,400008,80000,3,0,3,1533,760,4.957599e-01,0.000000e+00,399350.7,6592179.0,333785.8,12.96,12.18
CSV,405008,81000,3,0,3,1533,760,4.957599e-01,0.000000e+00,386830.2,6076543.0,326624.9,12.70,11.96
CSV,410008,82000,3,0,3,1533,760,4.957599e-01,0.000000e+00,408321.0,6237517.0,345212.9,12.57,11.84
CSV,415008,83000,3,0,3,1533,760,4.957599e-01,0.000000e+00,391311.9,7089637.5,358284.8,12.96,12.58
CSV,420008,84000,3,0,3,1533,760,4.957599e-01,0.000000e+00,401902.2,4985369.5,359897.0,11.42,10.94
CSV,425008,85000,3,0,3,1533,760,4.957599e-01,0.000000e+00,396443.7,5805764.5,345677.4,12.25,11.66
CSV,430008,86000,3,0,3,1533,760,4.957599e-01,0.000000e+00,396411.1,5988918.5,367031.2,12.13,11.79
CSV,435008,87000,3,0,3,1533,760,4.957599e-01,0.000000e+00,416200.4,5233813.5,345113.6,11.81,11.00
CSV,440008,88000,3,0,3,1533,760,4.957599e-01,0.000000e+00,410830.2,5907238.0,346399.2,12.32,11.58
CSV,445008,89000,3,0,3,1533,760,4.957599e-01,0.000000e+00,430553.6,6264839.5,317461.6,12.95,11.63
CSV,450008,90000,3,0,3,1533,760,4.957599e-01,0.000000e+00,392358.4,4855096.0,326629.2,11.72,10.93
CSV,455008,91000,3,0,3,1533,760,4.957599e-01,0.000000e+00,386662.1,5326876.0,348585.3,11.84,11.39
CSV,460008,92000,3,0,3,1533,760,4.957599e-01,0.000000e+00,389851.1,5260040.5,323306.9,12.11,11.30
CSV,465008,93000,3,0,3,1533,760,4.957599e-01,0.000000e+00,417567.6,5349516.5,355341.7,11.78,11.08
CSV,470008,94000,3,0,3,1533,760,4.957599e-01,0.000000e+00,415414.2,6117429.0,331672.6,12.66,11.68
BER: SYNC #4 (gated)
CSV,475008,95000,4,0,3,1638,807,4.926740e-01,0.000000e+00,407991.2,5754608.0,336983.3,12.32,11.49
CSV,480008,96000,4,0,3,1829,895,4.893384e-01,0.000000e+00,394057.9,4968564.0,315263.1,11.98,11.01
CSV,485008,97000,4,0,3,2008,986,4.910358e-01,0.000000e+00,406145.7,6399382.0,353503.9,12.58,11.97
BER: END_SEQ #4 [SLIP] seq_err=246 BER_seq=4.8141e-01 | lock=0 slip=4 BER_cond=0.0000e+00 BER_cum=4.9217e-01
CSV,490008,98000,4,0,4,2044,1006,4.921722e-01,0.000000e+00,383660.3,5537066.0,331107.9,12.23,11.59
CSV,495008,99000,4,0,4,2044,1006,4.921722e-01,0.000000e+00,413606.2,5205153.5,313295.4,12.20,11.00
CSV,500008,100000,4,0,4,2044,1006,4.921722e-01,0.000000e+00,400177.2,5906458.0,342904.6,12.36,11.69
CSV,505008,101000,4,0,4,2044,1006,4.921722e-01,0.000000e+00,401193.8,5539187.5,353951.1,11.95,11.40
CSV,510008,102000,4,0,4,2044,1006,4.921722e-01,0.000000e+00,408080.4,6173662.0,354281.2,12.41,11.80
CSV,515008,103000,4,0,4,2044,1006,4.921722e-01,0.000000e+00,402120.3,6125338.0,365950.6,12.24,11.83
CSV,520008,104000,4,0,4,2044,1006,4.921722e-01,0.000000e+00,398339.9,5685912.0,358313.3,12.01,11.55
CSV,525008,105000,4,0,4,2044,1006,4.921722e-01,0.000000e+00,438263.2,6646339.0,361443.3,12.65,11.81
CSV,530008,106000,4,0,4,2044,1006,4.921722e-01,0.000000e+00,466145.8,7338510.5,369808.5,12.98,11.97
CSV,535008,107000,4,0,4,2044,1006,4.921722e-01,0.000000e+00,442218.0,6884350.0,403198.5,12.32,11.92
CSV,540008,108000,4,0,4,2044,1006,4.921722e-01,0.000000e+00,473074.5,7384196.5,385986.4,12.82,11.93
CSV,545008,109000,4,0,4,2044,1006,4.921722e-01,0.000000e+00,465199.9,7533367.0,383585.3,12.93,12.09
BER: SYNC #5 (gated)
CSV,550008,110000,5,0,4,2209,1057,4.784971e-01,0.000000e+00,482291.8,6840013.5,395023.6,12.38,11.52
CSV,555008,111000,5,0,4,2406,1132,4.704904e-01,0.000000e+00,435329.7,7234301.0,383133.2,12.76,12.21
BER: END_SEQ #5 [SLIP] seq_err=196 BER_seq=3.8356e-01 | lock=0 slip=5 BER_cond=0.0000e+00 BER_cum=4.7045e-01
CSV,560008,112000,5,0,5,2555,1202,4.704501e-01,0.000000e+00,434752.8,7625855.0,389996.2,12.91,12.44
CSV,565008,113000,5,0,5,2555,1202,4.704501e-01,0.000000e+00,437910.1,7315803.0,376425.0,12.89,12.23
CSV,570008,114000,5,0,5,2555,1202,4.704501e-01,0.000000e+00,481726.1,7627273.5,407185.6,12.73,12.00
CSV,575008,115000,5,0,5,2555,1202,4.704501e-01,0.000000e+00,457422.5,8326058.5,405908.0,13.12,12.60
CSV,580008,116000,5,0,5,2555,1202,4.704501e-01,0.000000e+00,456917.2,7578085.0,385958.5,12.93,12.20
CSV,585008,117000,5,0,5,2555,1202,4.704501e-01,0.000000e+00,484424.4,8122575.5,407617.1,12.99,12.24
BER: SYNC #6 (gated)
CSV,590008,118000,6,0,5,2559,1202,4.697147e-01,0.000000e+00,469696.5,8086656.5,405034.7,13.00,12.36
CSV,595008,119000,6,0,5,2757,1261,4.573812e-01,0.000000e+00,480644.1,7190796.0,403186.4,12.51,11.75
CSV,600008,120000,6,0,5,2947,1359,4.611469e-01,0.000000e+00,526514.9,9000442.0,366883.8,13.90,12.33
BER: END_SEQ #6 [SLIP] seq_err=217 BER_seq=4.2466e-01 | lock=0 slip=6 BER_cond=0.0000e+00 BER_cum=4.6282e-01
CSV,605008,121000,6,0,6,3066,1419,4.628180e-01,0.000000e+00,435727.9,8998723.0,395186.2,13.57,13.15
CSV,610008,122000,6,0,6,3066,1419,4.628180e-01,0.000000e+00,497782.2,7491785.0,392783.2,12.80,11.78
CSV,615008,123000,6,0,6,3066,1419,4.628180e-01,0.000000e+00,459976.4,8258017.0,385851.8,13.30,12.54
CSV,620008,124000,6,0,6,3066,1419,4.628180e-01,0.000000e+00,453202.9,8474777.0,361052.9,13.71,12.72
CSV,625008,125000,6,0,6,3066,1419,4.628180e-01,0.000000e+00,441934.8,7582903.5,398189.8,12.80,12.34
CSV,630008,126000,6,0,6,3066,1419,4.628180e-01,0.000000e+00,427873.4,8426864.0,392374.9,13.32,12.94
CSV,635008,127000,6,0,6,3066,1419,4.628180e-01,0.000000e+00,469318.0,8741723.0,398397.4,13.41,12.70
CSV,640008,128000,6,0,6,3066,1419,4.628180e-01,0.000000e+00,462890.0,8265519.0,379390.5,13.38,12.52
CSV,645008,129000,6,0,6,3066,1419,4.628180e-01,0.000000e+00,506226.4,8493668.0,374041.8,13.56,12.25
CSV,650008,130000,6,0,6,3066,1419,4.628180e-01,0.000000e+00,451469.2,8873362.0,380469.5,13.68,12.93
CSV,655008,131000,6,0,6,3066,1419,4.628180e-01,0.000000e+00,490781.6,8558328.0,421229.1,13.08,12.42
CSV,660008,132000,6,0,6,3066,1419,4.628180e-01,0.000000e+00,480969.7,8727519.0,383002.8,13.58,12.59
BER: SYNC #7 (gated)
CSV,665008,133000,7,0,6,3127,1445,4.621043e-01,0.000000e+00,507275.0,9392923.0,403181.3,13.67,12.68
CSV,670008,134000,7,0,6,3324,1545,4.648014e-01,0.000000e+00,462510.8,8444575.0,372912.5,13.55,12.61
CSV,675008,135000,7,0,6,3517,1650,4.691499e-01,0.000000e+00,504198.7,9894809.0,415683.4,13.77,12.93
BER: END_SEQ #7 [SLIP] seq_err=260 BER_seq=5.0881e-01 | lock=0 slip=7 BER_cond=0.0000e+00 BER_cum=4.6939e-01
BER: SYNC #8 (gated)
CSV,680008,136000,8,0,7,3650,1684,4.613699e-01,0.000000e+00,522441.3,10172438.0,395965.3,14.10,12.89
CSV,685008,137000,8,0,7,3850,1732,4.498701e-01,0.000000e+00,511308.4,8664790.0,417513.0,13.17,12.29
CSV,690008,138000,8,0,7,4036,1835,4.546581e-01,0.000000e+00,496503.0,10925895.0,447785.5,13.87,13.43
BER: END_SEQ #8 [SLIP] seq_err=181 BER_seq=3.5421e-01 | lock=0 slip=8 BER_cond=0.0000e+00 BER_cum=4.5499e-01
CSV,695008,139000,8,0,8,4088,1860,4.549902e-01,0.000000e+00,537924.9,10536029.0,415160.5,14.04,12.92
CSV,700008,140000,8,0,8,4088,1860,4.549902e-01,0.000000e+00,500930.5,9732402.0,404544.8,13.81,12.88
CSV,705008,141000,8,0,8,4088,1860,4.549902e-01,0.000000e+00,533635.9,10629680.0,389091.1,14.36,12.99
BER: SYNC #9 (gated)
CSV,710008,142000,9,0,8,4183,1907,4.558929e-01,0.000000e+00,527271.7,10776762.0,445719.9,13.83,13.10
CSV,715008,143000,9,0,8,4381,1994,4.551472e-01,0.000000e+00,530589.2,9265900.0,430672.8,13.33,12.42
CSV,720008,144000,9,0,8,4580,2098,4.580786e-01,0.000000e+00,530462.7,11256580.0,424904.4,14.23,13.27
BER: END_SEQ #9 [SLIP] seq_err=248 BER_seq=4.8532e-01 | lock=0 slip=9 BER_cond=0.0000e+00 BER_cum=4.5836e-01
BER: SYNC #10 (gated)
CSV,725008,145000,10,0,9,4707,2158,4.584661e-01,0.000000e+00,545846.2,11548429.0,400357.7,14.60,13.25
CSV,730008,146000,10,0,9,4906,2257,4.600489e-01,0.000000e+00,552014.9,9702922.0,435073.9,13.48,12.45
CSV,735008,147000,10,0,9,5103,2359,4.622771e-01,0.000000e+00,539489.6,11891973.0,426616.8,14.45,13.43
BER: END_SEQ #10 [SLIP] seq_err=254 BER_seq=4.9706e-01 | lock=0 slip=10 BER_cond=0.0000e+00 BER_cum=4.6223e-01
BER: SYNC #11 (gated)
CSV,740008,148000,11,0,10,5231,2362,4.515389e-01,0.000000e+00,575257.2,11449521.0,471321.6,13.85,12.99
CSV,745008,149000,11,0,10,5429,2383,4.389390e-01,0.000000e+00,595435.1,10652908.0,433087.3,13.91,12.53
BER: END_SEQ #11 [SLIP] seq_err=115 BER_seq=2.2505e-01 | lock=0 slip=11 BER_cond=0.0000e+00 BER_cum=4.4067e-01
CSV,750008,150000,11,0,11,5621,2477,4.406689e-01,0.000000e+00,532511.1,12044084.0,464943.4,14.13,13.54
CSV,755008,151000,11,0,11,5621,2477,4.406689e-01,0.000000e+00,568148.7,11394491.0,475201.3,13.80,13.02
CSV,760008,152000,11,0,11,5621,2477,4.406689e-01,0.000000e+00,592467.0,12094212.0,458985.8,14.21,13.10
CSV,765008,153000,11,0,11,5621,2477,4.406689e-01,0.000000e+00,592617.1,12453432.0,491516.5,14.04,13.23
CSV,770008,154000,11,0,11,5621,2477,4.406689e-01,0.000000e+00,558364.1,11357116.0,453098.7,13.99,13.08
CSV,775008,155000,11,0,11,5621,2477,4.406689e-01,0.000000e+00,593707.2,13100594.0,459641.7,14.55,13.44
CSV,780008,156000,11,0,11,5621,2477,4.406689e-01,0.000000e+00,578615.2,12966156.0,452629.7,14.57,13.50
BER: SYNC #12 (gated)
CSV,785008,157000,12,0,11,5775,2550,4.415585e-01,0.000000e+00,609493.2,11892667.0,471665.8,14.02,12.90
CSV,790008,158000,12,0,11,5975,2655,4.443515e-01,0.000000e+00,626011.8,13669058.0,474934.7,14.59,13.39
BER: END_SEQ #12 [SLIP] seq_err=254 BER_seq=4.9706e-01 | lock=0 slip=12 BER_cond=0.0000e+00 BER_cum=4.4537e-01
CSV,795008,159000,12,0,12,6132,2731,4.453686e-01,0.000000e+00,623727.2,14055357.0,505312.2,14.44,13.53
BER: SYNC #13 (gated)
CSV,800008,160000,13,0,12,6300,2731,4.334921e-01,0.000000e+00,628673.6,11670302.0,502542.6,13.66,12.69
CSV,805008,161000,13,0,12,6498,2742,4.219760e-01,0.000000e+00,603035.6,14047126.0,485787.7,14.61,13.67
BER: END_SEQ #13 [SLIP] seq_err=87 BER_seq=1.7025e-01 | lock=0 slip=13 BER_cond=0.0000e+00 BER_cum=4.2421e-01
CSV,810008,162000,13,0,13,6643,2818,4.242059e-01,0.000000e+00,640441.9,14229719.0,504328.6,14.50,13.47
BER: SYNC #14 (gated)
CSV,815008,163000,14,0,13,6822,2818,4.130754e-01,0.000000e+00,611767.1,13117970.0,479605.8,14.37,13.31
CSV,820008,164000,14,0,13,7022,2818,4.013102e-01,0.000000e+00,623538.5,14268784.0,517736.0,14.40,13.60
BER: END_SEQ #14 [LOCK] seq_err=0 BER_seq=0.0000e+00 | lock=1 slip=13 BER_cond=0.0000e+00 BER_cum=3.9391e-01
CSV,825008,165000,14,1,13,7154,2818,3.939055e-01,0.000000e+00,623076.3,14443214.0,493464.9,14.66,13.65
BER: SYNC #15 (gated)
CSV,830008,166000,15,1,13,7344,2827,3.849401e-01,0.000000e+00,674985.9,12686608.0,517135.5,13.90,12.74
CSV,835008,167000,15,1,13,7543,2925,3.877767e-01,0.000000e+00,673648.7,15091672.0,523108.1,14.60,13.50
BER: END_SEQ #15 [SLIP] seq_err=166 BER_seq=3.2485e-01 | lock=1 slip=14 BER_cond=0.0000e+00 BER_cum=3.8930e-01
BER: SYNC #16 (gated)
CSV,840008,168000,16,1,14,7668,2984,3.891497e-01,0.000000e+00,670969.6,15350257.0,524722.9,14.66,13.59
CSV,845008,169000,16,1,14,7867,3063,3.893479e-01,0.000000e+00,683668.8,13312609.0,529275.9,14.01,12.89
CSV,850008,170000,16,1,14,8066,3154,3.910241e-01,0.000000e+00,633142.6,15511355.0,493373.7,14.97,13.89
BER: END_SEQ #16 [SLIP] seq_err=225 BER_seq=4.4031e-01 | lock=1 slip=15 BER_cond=0.0000e+00 BER_cum=3.9249e-01
BER: SYNC #17 (gated)
CSV,855008,171000,17,1,15,8190,3209,3.918193e-01,0.000000e+00,652012.2,16394279.0,504370.4,15.12,14.00
CSV,860008,172000,17,1,15,8389,3232,3.852664e-01,0.000000e+00,677212.8,13959673.0,505968.8,14.41,13.14
CSV,865008,173000,17,1,15,8589,3338,3.886366e-01,0.000000e+00,647902.6,16157522.0,493327.0,15.15,13.97
BER: END_SEQ #17 [SLIP] seq_err=173 BER_seq=3.3855e-01 | lock=1 slip=16 BER_cond=0.0000e+00 BER_cum=3.8932e-01
BER: SYNC #18 (gated)
CSV,870008,174000,18,1,16,8713,3382,3.881556e-01,0.000000e+00,677924.1,16361337.0,510203.5,15.06,13.83
CSV,875008,175000,18,1,16,8913,3382,3.794458e-01,0.000000e+00,681351.0,14865432.0,522595.9,14.54,13.39
CSV,880008,176000,18,1,16,9110,3469,3.807904e-01,0.000000e+00,687545.7,16310640.0,515189.2,15.01,13.75
BER: END_SEQ #18 [SLIP] seq_err=130 BER_seq=2.5440e-01 | lock=1 slip=17 BER_cond=0.0000e+00 BER_cum=3.8182e-01
BER: SYNC #19 (gated)
CSV,885008,177000,19,1,17,9236,3512,3.802512e-01,0.000000e+00,690659.1,16841736.0,545646.8,14.89,13.87
CSV,890008,178000,19,1,17,9434,3562,3.775705e-01,0.000000e+00,693080.2,14978014.0,517428.0,14.62,13.35
CSV,895008,179000,19,1,17,9634,3658,3.796969e-01,0.000000e+00,703941.7,17115518.0,527750.1,15.11,13.86
BER: END_SEQ #19 [SLIP] seq_err=182 BER_seq=3.5616e-01 | lock=1 slip=18 BER_cond=0.0000e+00 BER_cum=3.8047e-01
BER: SYNC #20 (gated)
CSV,900008,180000,20,1,18,9759,3694,3.785224e-01,0.000000e+00,689628.8,16330512.0,546217.4,14.76,13.74
CSV,905008,181000,20,1,18,9957,3727,3.743095e-01,0.000000e+00,683317.9,15844912.0,496170.7,15.04,13.65
CSV,910008,182000,20,1,18,10156,3818,3.759354e-01,0.000000e+00,712409.6,16450382.0,518519.5,15.01,13.63
BER: END_SEQ #20 [SLIP] seq_err=160 BER_seq=3.1311e-01 | lock=1 slip=19 BER_cond=0.0000e+00 BER_cum=3.7710e-01
BER: SYNC #21 (gated)
CSV,915008,183000,21,1,19,10281,3854,3.748662e-01,0.000000e+00,715376.5,17127222.0,526458.1,15.12,13.79
CSV,920008,184000,21,1,19,10481,3854,3.677130e-01,0.000000e+00,679457.4,14431003.0,526293.1,14.38,13.27
CSV,925008,185000,21,1,19,10681,3854,3.608276e-01,0.000000e+00,656391.6,16572663.0,507261.9,15.14,14.02
BER: END_SEQ #21 [LOCK] seq_err=0 BER_seq=0.0000e+00 | lock=2 slip=19 BER_cond=0.0000e+00 BER_cum=3.5915e-01
BER: SYNC #22 (gated)
CSV,930008,186000,22,2,19,10804,3854,3.567197e-01,0.000000e+00,670208.6,17393884.0,504446.5,15.38,14.14
CSV,935008,187000,22,2,19,11003,3949,3.589021e-01,0.000000e+00,695087.9,13745690.0,498577.2,14.40,12.96
CSV,940008,188000,22,2,19,11202,4042,3.608284e-01,0.000000e+00,712453.8,16566820.0,521977.5,15.02,13.66
BER: END_SEQ #22 [SLIP] seq_err=207 BER_seq=4.0509e-01 | lock=2 slip=20 BER_cond=0.0000e+00 BER_cum=3.6123e-01
BER: SYNC #23 (gated)
CSV,945008,189000,23,2,20,11325,4088,3.609713e-01,0.000000e+00,686010.8,16909408.0,519662.6,15.12,13.92
CSV,950008,190000,23,2,20,11524,4180,3.627213e-01,0.000000e+00,710936.2,15250910.0,545835.6,14.46,13.31
CSV,955008,191000,23,2,20,11724,4283,3.653190e-01,0.000000e+00,672909.7,16746173.0,533579.1,14.97,13.96
BER: END_SEQ #23 [SLIP] seq_err=237 BER_seq=4.6380e-01 | lock=2 slip=21 BER_cond=0.0000e+00 BER_cum=3.6569e-01
BER: SYNC #24 (gated)
CSV,960008,192000,24,2,21,11850,4298,3.627004e-01,0.000000e+00,732356.2,17066982.0,525135.8,15.12,13.67
CSV,965008,193000,24,2,21,12049,4298,3.567101e-01,0.000000e+00,659190.2,14704592.0,505943.9,14.63,13.48
CSV,970008,194000,24,2,21,12249,4298,3.508858e-01,0.000000e+00,725551.1,16775885.0,530829.1,15.00,13.64
BER: END_SEQ #24 [LOCK] seq_err=0 BER_seq=0.0000e+00 | lock=3 slip=21 BER_cond=0.0000e+00 BER_cum=3.5046e-01
BER: SYNC #25 (gated)
CSV,975008,195000,25,3,21,12372,4298,3.473974e-01,0.000000e+00,690991.5,17245588.0,490702.8,15.46,13.97
CSV,980008,196000,25,3,21,12570,4387,3.490056e-01,0.000000e+00,655939.2,15548831.0,519417.2,14.76,13.75
CSV,985008,197000,25,3,21,12770,4481,3.509006e-01,0.000000e+00,686097.2,17070940.0,551836.9,14.90,13.96
BER: END_SEQ #25 [SLIP] seq_err=184 BER_seq=3.6008e-01 | lock=3 slip=22 BER_cond=0.0000e+00 BER_cum=3.5084e-01
BER: SYNC #26 (gated)
CSV,990008,198000,26,3,22,12895,4482,3.475766e-01,0.000000e+00,693173.2,16424369.0,512966.4,15.05,13.75
CSV,995008,199000,26,3,22,13094,4574,3.493203e-01,0.000000e+00,664712.9,15255332.0,525827.4,14.63,13.61
BER: END_SEQ #26 [SLIP] seq_err=187 BER_seq=3.6595e-01 | lock=3 slip=23 BER_cond=0.0000e+00 BER_cum=3.5142e-01
CSV,1000008,200000,26,3,23,13286,4669,3.514225e-01,0.000000e+00,699915.6,17349152.0,522489.2,15.21,13.94
BER: SYNC #27 (gated)
CSV,1005008,201000,27,3,23,13417,4730,3.525378e-01,0.000000e+00,706514.5,15341509.0,513540.3,14.75,13.37
CSV,1010008,202000,27,3,23,13615,4834,3.550496e-01,0.000000e+00,658182.1,16474211.0,524308.1,14.97,13.98
BER: END_SEQ #27 [SLIP] seq_err=257 BER_seq=5.0294e-01 | lock=3 slip=24 BER_cond=0.0000e+00 BER_cum=3.5703e-01
CSV,1015008,203000,27,3,24,13797,4926,3.570341e-01,0.000000e+00,684558.1,16531687.0,506453.6,15.14,13.83
BER: SYNC #28 (gated)
CSV,1020008,204000,28,3,24,13940,4926,3.533716e-01,0.000000e+00,728121.9,15460190.0,512158.1,14.80,13.27
CSV,1025008,205000,28,3,24,14138,4971,3.516056e-01,0.000000e+00,724481.1,16296269.0,532109.3,14.86,13.52
BER: END_SEQ #28 [SLIP] seq_err=138 BER_seq=2.7006e-01 | lock=3 slip=25 BER_cond=0.0000e+00 BER_cum=3.5393e-01
CSV,1030008,206000,28,3,25,14308,5064,3.539279e-01,0.000000e+00,654100.3,16772852.0,512709.0,15.15,14.09
BER: SYNC #29 (gated)
CSV,1035008,207000,29,3,25,14462,5094,3.522334e-01,0.000000e+00,691222.9,14448374.0,536976.3,14.30,13.20
CSV,1040008,208000,29,3,25,14659,5195,3.543898e-01,0.000000e+00,681002.3,17362096.0,497558.3,15.43,14.06
BER: END_SEQ #29 [SLIP] seq_err=214 BER_seq=4.1879e-01 | lock=3 slip=26 BER_cond=0.0000e+00 BER_cum=3.5616e-01
CSV,1045008,209000,29,3,26,14819,5278,3.561644e-01,0.000000e+00,711406.8,15829328.0,519668.6,14.84,13.47
BER: SYNC #30 (gated)
CSV,1050008,210000,30,3,26,14986,5278,3.521954e-01,0.000000e+00,696542.2,14087579.0,536100.6,14.20,13.06
CSV,1055008,211000,30,3,26,15185,5296,3.487652e-01,0.000000e+00,639298.7,15977128.0,510773.2,14.95,13.98
BER: END_SEQ #30 [SLIP] seq_err=90 BER_seq=1.7613e-01 | lock=3 slip=27 BER_cond=0.0000e+00 BER_cum=3.5016e-01
CSV,1060008,212000,30,3,27,15330,5368,3.501631e-01,0.000000e+00,698517.6,16184936.0,504681.6,15.06,13.65
BER: SYNC #31 (gated)
CSV,1065008,213000,31,3,27,15507,5429,3.501000e-01,0.000000e+00,712166.4,14822873.0,515293.8,14.59,13.18
CSV,1070008,214000,31,3,27,15707,5535,3.523906e-01,0.000000e+00,707619.4,16301529.0,525545.1,14.92,13.62
BER: END_SEQ #31 [SLIP] seq_err=233 BER_seq=4.5597e-01 | lock=3 slip=28 BER_cond=0.0000e+00 BER_cum=3.5358e-01
CSV,1075008,215000,31,3,28,15841,5601,3.535762e-01,0.000000e+00,638181.8,15808659.0,531321.4,14.74,13.94
CSV,1080008,216000,31,3,28,15841,5601,3.535762e-01,0.000000e+00,691292.6,14781811.0,544120.4,14.34,13.30
CSV,1085008,217000,31,3,28,15841,5601,3.535762e-01,0.000000e+00,690168.6,16376191.0,537733.9,14.84,13.75
BER: SYNC #32 (gated)
CSV,1090008,218000,32,3,28,15843,5601,3.535315e-01,0.000000e+00,682309.1,17667466.0,531367.9,15.22,14.13
CSV,1095008,219000,32,3,28,16043,5601,3.491242e-01,0.000000e+00,648908.9,14636529.0,501048.3,14.66,13.53
CSV,1100008,220000,32,3,28,16243,5601,3.448255e-01,0.000000e+00,676496.2,16067035.0,507564.9,15.00,13.76
BER: END_SEQ #32 [LOCK] seq_err=0 BER_seq=0.0000e+00 | lock=4 slip=28 BER_cond=0.0000e+00 BER_cum=3.4253e-01
BER: SYNC #33 (gated)
CSV,1105008,221000,33,4,28,16366,5601,3.422339e-01,0.000000e+00,717296.7,16429989.0,526048.6,14.95,13.60
CSV,1110008,222000,33,4,28,16565,5614,3.389073e-01,0.000000e+00,681680.0,14281964.0,539845.2,14.23,13.21
CSV,1115008,223000,33,4,28,16763,5705,3.403329e-01,0.000000e+00,691314.1,16197090.0,518854.1,14.94,13.70
BER: END_SEQ #33 [SLIP] seq_err=153 BER_seq=2.9941e-01 | lock=4 slip=29 BER_cond=0.0000e+00 BER_cum=3.4122e-01
BER: SYNC #34 (gated)
CSV,1120008,224000,34,4,29,16888,5754,3.407153e-01,0.000000e+00,700926.1,16744862.0,507093.1,15.19,13.78
CSV,1125008,225000,34,4,29,17088,5754,3.367275e-01,0.000000e+00,695825.4,14282787.0,547530.6,14.16,13.12
CSV,1130008,226000,34,4,29,17288,5754,3.328320e-01,0.000000e+00,676731.4,16441006.0,494249.1,15.22,13.86
BER: END_SEQ #34 [LOCK] seq_err=0 BER_seq=0.0000e+00 | lock=5 slip=29 BER_cond=0.0000e+00 BER_cum=3.3118e-01
BER: SYNC #35 (gated)
CSV,1135008,227000,35,5,29,17411,5754,3.304807e-01,0.000000e+00,659260.8,16680024.0,461718.9,15.58,14.03
CSV,1140008,228000,35,5,29,17611,5754,3.267276e-01,0.000000e+00,702361.7,15531859.0,496626.7,14.95,13.45
CSV,1145008,229000,35,5,29,17810,5857,3.288602e-01,0.000000e+00,708468.1,15933775.0,541318.8,14.69,13.52
BER: END_SEQ #35 [SLIP] seq_err=137 BER_seq=2.6810e-01 | lock=5 slip=30 BER_cond=0.0000e+00 BER_cum=3.2938e-01
BER: SYNC #36 (gated)
CSV,1150008,230000,36,5,30,17934,5891,3.284822e-01,0.000000e+00,722902.5,16480377.0,556716.3,14.71,13.58
CSV,1155008,231000,36,5,30,18133,5966,3.290134e-01,0.000000e+00,743230.3,14850998.0,553314.0,14.29,13.01
CSV,1160008,232000,36,5,30,18333,6070,3.310969e-01,0.000000e+00,747429.1,16067619.0,567516.2,14.52,13.32
BER: END_SEQ #36 [SLIP] seq_err=205 BER_seq=4.0117e-01 | lock=5 slip=31 BER_cond=0.0000e+00 BER_cum=3.3138e-01
BER: SYNC #37 (gated)
CSV,1165008,233000,37,5,31,18454,6115,3.313645e-01,0.000000e+00,723155.8,16790174.0,535226.7,14.97,13.66
CSV,1170008,234000,37,5,31,18653,6212,3.330295e-01,0.000000e+00,691923.0,15261884.0,506998.2,14.79,13.44
CSV,1175008,235000,37,5,31,18853,6316,3.350130e-01,0.000000e+00,667969.0,17138864.0,531139.1,15.09,14.09
BER: END_SEQ #37 [SLIP] seq_err=247 BER_seq=4.8337e-01 | lock=5 slip=32 BER_cond=0.0000e+00 BER_cum=3.3548e-01
BER: SYNC #38 (gated)
CSV,1180008,236000,38,5,32,18979,6343,3.342115e-01,0.000000e+00,721175.3,17523190.0,534252.1,15.16,13.86
CSV,1185008,237000,38,5,32,19178,6398,3.336114e-01,0.000000e+00,722524.2,14661771.0,575268.2,14.06,13.07
CSV,1190008,238000,38,5,32,19377,6493,3.350880e-01,0.000000e+00,761548.1,17525846.0,559833.9,14.96,13.62
BER: END_SEQ #38 [SLIP] seq_err=169 BER_seq=3.3072e-01 | lock=5 slip=33 BER_cond=0.0000e+00 BER_cum=3.3536e-01
BER: SYNC #39 (gated)
CSV,1195008,239000,39,5,33,19502,6512,3.339145e-01,0.000000e+00,713772.5,17936928.0,553612.2,15.11,14.00
CSV,1200008,240000,39,5,33,19701,6552,3.325720e-01,0.000000e+00,675550.5,15254928.0,525592.1,14.63,13.54
CSV,1205008,241000,39,5,33,19898,6651,3.342547e-01,0.000000e+00,737948.5,18178708.0,545035.1,15.23,13.92
BER: END_SEQ #39 [SLIP] seq_err=157 BER_seq=3.0724e-01 | lock=5 slip=34 BER_cond=0.0000e+00 BER_cum=3.3464e-01
BER: SYNC #40 (gated)
CSV,1210008,242000,40,5,34,20024,6702,3.346983e-01,0.000000e+00,773044.9,17996454.0,575172.1,14.95,13.67
CSV,1215008,243000,40,5,34,20224,6806,3.365309e-01,0.000000e+00,778577.4,16076058.0,532581.6,14.80,13.15
CSV,1220008,244000,40,5,34,20422,6900,3.378709e-01,0.000000e+00,770237.1,17843418.0,601023.0,14.73,13.65
BER: END_SEQ #40 [SLIP] seq_err=237 BER_seq=4.6380e-01 | lock=5 slip=35 BER_cond=0.0000e+00 BER_cum=3.3787e-01
BER: SYNC #41 (gated)
CSV,1225008,245000,41,5,35,20546,6933,3.374380e-01,0.000000e+00,723165.6,18221126.0,541073.7,15.27,14.01
CSV,1230008,246000,41,5,35,20745,7033,3.390214e-01,0.000000e+00,732737.5,15861111.0,549571.3,14.60,13.35
CSV,1235008,247000,41,5,35,20945,7128,3.403199e-01,0.000000e+00,729300.4,18083460.0,549407.9,15.17,13.94
BER: END_SEQ #41 [SLIP] seq_err=223 BER_seq=4.3640e-01 | lock=5 slip=36 BER_cond=0.0000e+00 BER_cum=3.4027e-01
BER: SYNC #42 (gated)
CSV,1240008,248000,42,5,36,21070,7129,3.383484e-01,0.000000e+00,739022.6,17345492.0,564073.1,14.88,13.71
CSV,1245008,249000,42,5,36,21269,7185,3.378156e-01,0.000000e+00,772098.1,16890002.0,604881.9,14.46,13.40
BER: END_SEQ #42 [SLIP] seq_err=151 BER_seq=2.9550e-01 | lock=5 slip=37 BER_cond=0.0000e+00 BER_cum=3.3920e-01
CSV,1250008,250000,42,5,37,21462,7280,3.392042e-01,0.000000e+00,755069.1,18483278.0,565133.9,15.15,13.89
BER: SYNC #43 (gated)
CSV,1255008,251000,43,5,37,21592,7284,3.373472e-01,0.000000e+00,735711.3,17610232.0,553135.9,15.03,13.79
CSV,1260008,252000,43,5,37,21791,7386,3.389473e-01,0.000000e+00,746729.4,18227512.0,535582.3,15.32,13.88
BER: END_SEQ #43 [SLIP] seq_err=187 BER_seq=3.6595e-01 | lock=5 slip=38 BER_cond=0.0000e+00 BER_cum=3.3983e-01
CSV,1265008,253000,43,5,38,21973,7467,3.398261e-01,0.000000e+00,740585.4,19562694.0,560272.3,15.43,14.22
BER: SYNC #44 (gated)
CSV,1270008,254000,44,5,38,22116,7467,3.376289e-01,0.000000e+00,762317.4,17058544.0,559008.2,14.85,13.50
CSV,1275008,255000,44,5,38,22314,7485,3.354396e-01,0.000000e+00,723679.5,18892302.0,540592.3,15.43,14.17
BER: END_SEQ #44 [SLIP] seq_err=104 BER_seq=2.0352e-01 | lock=5 slip=39 BER_cond=0.0000e+00 BER_cum=3.3673e-01
CSV,1280008,256000,44,5,39,22484,7571,3.367283e-01,0.000000e+00,821506.6,19371794.0,551883.1,15.45,13.73
BER: SYNC #45 (gated)
CSV,1285008,257000,45,5,39,22638,7571,3.344377e-01,0.000000e+00,778046.3,17416018.0,593850.8,14.67,13.50
CSV,1290008,258000,45,5,39,22837,7666,3.356833e-01,0.000000e+00,756720.6,19359228.0,571281.1,15.30,14.08
BER: END_SEQ #45 [SLIP] seq_err=175 BER_seq=3.4247e-01 | lock=5 slip=40 BER_cond=0.0000e+00 BER_cum=3.3686e-01
CSV,1295008,259000,45,5,40,22995,7746,3.368558e-01,0.000000e+00,768997.5,19647928.0,570897.9,15.37,14.07
BER: SYNC #46 (gated)
CSV,1300008,260000,46,5,40,23161,7746,3.344415e-01,0.000000e+00,751834.6,17174978.0,590458.9,14.64,13.59
CSV,1305008,261000,46,5,40,23361,7746,3.315783e-01,0.000000e+00,782872.2,19604936.0,614227.4,15.04,13.99
BER: END_SEQ #46 [LOCK] seq_err=0 BER_seq=0.0000e+00 | lock=6 slip=40 BER_cond=0.0000e+00 BER_cum=3.2953e-01
CSV,1310008,262000,46,6,40,23506,7746,3.295329e-01,0.000000e+00,801974.2,19848312.0,555166.1,15.53,13.94
BER: SYNC #47 (gated)
CSV,1315008,263000,47,6,40,23684,7746,3.270562e-01,0.000000e+00,799414.9,18186654.0,590619.2,14.88,13.57
CSV,1320008,264000,47,6,40,23883,7746,3.243311e-01,0.000000e+00,805428.2,20330448.0,585690.9,15.40,14.02
BER: END_SEQ #47 [LOCK] seq_err=0 BER_seq=0.0000e+00 | lock=7 slip=40 BER_cond=0.0000e+00 BER_cum=3.2252e-01
CSV,1325008,265000,47,7,40,24017,7746,3.225215e-01,0.000000e+00,802018.1,20758468.0,639148.3,15.12,14.13
BER: SYNC #48 (gated)
CSV,1330008,266000,48,7,40,24206,7746,3.200033e-01,0.000000e+00,812283.0,18647864.0,609628.8,14.86,13.61
CSV,1335008,267000,48,7,40,24406,7746,3.173810e-01,0.000000e+00,791634.9,21259674.0,590279.6,15.56,14.29
BER: END_SEQ #48 [LOCK] seq_err=0 BER_seq=0.0000e+00 | lock=8 slip=40 BER_cond=0.0000e+00 BER_cum=3.1580e-01
BER: SYNC #49 (gated)
CSV,1340008,268000,49,8,40,24529,7746,3.157895e-01,0.000000e+00,835840.4,22257214.0,558856.9,16.00,14.25
CSV,1345008,269000,49,8,40,24729,7746,3.132355e-01,0.000000e+00,845757.0,19808674.0,612605.4,15.10,13.70
CSV,1350008,270000,49,8,40,24929,7746,3.107224e-01,0.000000e+00,848380.8,21955294.0,621569.4,15.48,14.13
BER: END_SEQ #49 [LOCK] seq_err=0 BER_seq=0.0000e+00 | lock=9 slip=40 BER_cond=0.0000e+00 BER_cum=3.0936e-01
BER: SYNC #50 (gated)
CSV,1355008,271000,50,9,40,25052,7746,3.091969e-01,0.000000e+00,827642.5,22782450.0,607420.2,15.74,14.40
CSV,1360008,272000,50,9,40,25252,7746,3.067480e-01,0.000000e+00,815919.6,20150916.0,627166.3,15.07,13.93
CSV,1365008,273000,50,9,40,25451,7815,3.070606e-01,0.000000e+00,840775.6,22253340.0,657429.6,15.30,14.23
BER: END_SEQ #50 [SLIP] seq_err=113 BER_seq=2.2114e-01 | lock=9 slip=41 BER_cond=0.0000e+00 BER_cum=3.0759e-01
CSV,1370008,274000,50,9,41,25550,7859,3.075930e-01,0.000000e+00,844401.2,23184638.0,604478.4,15.84,14.39
CSV,1375008,275000,50,9,41,25550,7859,3.075930e-01,0.000000e+00,792300.8,19339162.0,627090.4,14.89,13.88
CSV,1380008,276000,50,9,41,25550,7859,3.075930e-01,0.000000e+00,833195.2,23046744.0,603026.1,15.82,14.42
BER: SYNC #51 (gated)
CSV,1385008,277000,51,9,41,25586,7859,3.071602e-01,0.000000e+00,812218.2,22646972.0,636176.2,15.51,14.45
CSV,1390008,278000,51,9,41,25786,7859,3.047778e-01,0.000000e+00,809052.9,21409140.0,693979.3,14.89,14.23
CSV,1395008,279000,51,9,41,25985,7903,3.041370e-01,0.000000e+00,828287.7,23413620.0,655786.7,15.53,14.51
BER: END_SEQ #51 [SLIP] seq_err=79 BER_seq=1.5460e-01 | lock=9 slip=42 BER_cond=0.0000e+00 BER_cum=3.0459e-01
BER: SYNC #52 (gated)
CSV,1400008,280000,52,9,42,26109,7938,3.040331e-01,0.000000e+00,920679.8,24128534.0,695613.1,15.40,14.18
CSV,1405008,281000,52,9,42,26309,7938,3.017218e-01,0.000000e+00,901474.9,21298552.0,644033.5,15.19,13.73
CSV,1410008,282000,52,9,42,26509,7938,2.994455e-01,0.000000e+00,887468.9,24532084.0,642054.9,15.82,14.42
BER: END_SEQ #52 [LOCK] seq_err=0 BER_seq=0.0000e+00 | lock=10 slip=42 BER_cond=0.0000e+00 BER_cum=2.9874e-01
BER: SYNC #53 (gated)
CSV,1415008,283000,53,10,42,26632,7938,2.980625e-01,0.000000e+00,922419.4,24624306.0,605038.2,16.10,14.26
CSV,1420008,284000,53,10,42,26832,7938,2.958408e-01,0.000000e+00,894093.0,22124298.0,680501.9,15.12,13.93
CSV,1425008,285000,53,10,42,27031,7938,2.936628e-01,0.000000e+00,879920.6,23279586.0,668616.5,15.42,14.23
BER: END_SEQ #53 [LOCK] seq_err=0 BER_seq=0.0000e+00 | lock=11 slip=42 BER_cond=0.0000e+00 BER_cum=2.9310e-01
BER: SYNC #54 (gated)
CSV,1430008,286000,54,11,42,27154,7938,2.923326e-01,0.000000e+00,872697.9,26549250.0,650608.1,16.11,14.83
CSV,1435008,287000,54,11,42,27354,7938,2.901952e-01,0.000000e+00,921268.6,21180522.0,685396.6,14.90,13.62
CSV,1440008,288000,54,11,42,27553,7983,2.897325e-01,0.000000e+00,905607.4,25270054.0,699066.6,15.58,14.46
BER: END_SEQ #54 [SLIP] seq_err=60 BER_seq=1.1742e-01 | lock=11 slip=43 BER_cond=0.0000e+00 BER_cum=2.8985e-01
BER: SYNC #55 (gated)
CSV,1445008,289000,55,11,43,27677,7998,2.889764e-01,0.000000e+00,962507.5,25343304.0,662962.1,15.82,14.20
CSV,1450008,290000,55,11,43,27877,7998,2.869032e-01,0.000000e+00,941446.9,22762004.0,660381.7,15.37,13.83
CSV,1455008,291000,55,11,43,28077,7998,2.848595e-01,0.000000e+00,943485.8,25549726.0,661099.2,15.87,14.33
BER: END_SEQ #55 [LOCK] seq_err=0 BER_seq=0.0000e+00 | lock=12 slip=43 BER_cond=0.0000e+00 BER_cum=2.8458e-01
BER: SYNC #56 (gated)
CSV,1460008,292000,56,12,43,28200,7998,2.836170e-01,0.000000e+00,934757.1,26925138.0,712722.3,15.77,14.59
CSV,1465008,293000,56,12,43,28400,7998,2.816197e-01,0.000000e+00,958599.2,22512412.0,698428.6,15.08,13.71
CSV,1470008,294000,56,12,43,28600,7998,2.796504e-01,0.000000e+00,933235.8,26076376.0,693529.8,15.75,14.46
BER: END_SEQ #56 [LOCK] seq_err=0 BER_seq=0.0000e+00 | lock=13 slip=43 BER_cond=0.0000e+00 BER_cum=2.7949e-01
BER: SYNC #57 (gated)
CSV,1475008,295000,57,13,43,28722,7998,2.784625e-01,0.000000e+00,934382.8,25357822.0,719984.9,15.47,14.34
CSV,1480008,296000,57,13,43,28922,7998,2.765369e-01,0.000000e+00,940006.1,23617488.0,702238.9,15.27,14.00
CSV,1485008,297000,57,13,43,29122,7998,2.746377e-01,0.000000e+00,959958.6,26709154.0,696428.7,15.84,14.44
BER: END_SEQ #57 [LOCK] seq_err=0 BER_seq=0.0000e+00 | lock=14 slip=43 BER_cond=0.0000e+00 BER_cum=2.7459e-01
BER: SYNC #58 (gated)
CSV,1490008,298000,58,14,43,29245,7998,2.734827e-01,0.000000e+00,959625.1,26772742.0,688665.7,15.90,14.46
CSV,1495008,299000,58,14,43,29445,7998,2.716251e-01,0.000000e+00,952802.6,23845788.0,635559.3,15.74,13.98
BER: END_SEQ #58 [LOCK] seq_err=0 BER_seq=0.0000e+00 | lock=15 slip=43 BER_cond=0.0000e+00 BER_cum=2.6986e-01
CSV,1500008,300000,58,15,43,29638,7998,2.698563e-01,0.000000e+00,1026693.5,27941784.0,706805.6,15.97,14.35
BER: SYNC #59 (gated)
CSV,1505008,301000,59,15,43,29768,7998,2.686778e-01,0.000000e+00,951526.8,25406402.0,737816.0,15.37,14.27
CSV,1510008,302000,59,15,43,29968,7998,2.668847e-01,0.000000e+00,996357.1,26352664.0,728719.8,15.58,14.22
BER: END_SEQ #59 [LOCK] seq_err=0 BER_seq=0.0000e+00 | lock=16 slip=43 BER_cond=0.0000e+00 BER_cum=2.6528e-01
CSV,1515008,303000,59,16,43,30149,7998,2.652824e-01,0.000000e+00,956330.2,28070026.0,681427.0,16.15,14.68
BER: SYNC #60 (gated)
CSV,1520008,304000,60,16,43,30291,7998,2.640388e-01,0.000000e+00,936008.5,25268508.0,692198.4,15.62,14.31
CSV,1525008,305000,60,16,43,30489,7999,2.623569e-01,0.000000e+00,874691.2,27747170.0,683290.4,16.09,15.01
BER: END_SEQ #60 [SLIP] seq_err=88 BER_seq=1.7221e-01 | lock=16 slip=44 BER_cond=0.0000e+00 BER_cum=2.6373e-01
CSV,1530008,306000,60,16,44,30660,8086,2.637312e-01,0.000000e+00,984040.4,29838484.0,689788.8,16.36,14.82
BER: SYNC #61 (gated)
CSV,1535008,307000,61,16,44,30813,8086,2.624217e-01,0.000000e+00,1000541.0,26535016.0,727148.1,15.62,14.24
CSV,1540008,308000,61,16,44,31013,8086,2.607294e-01,0.000000e+00,991375.1,28030640.0,729473.1,15.85,14.51
BER: END_SEQ #61 [LOCK] seq_err=0 BER_seq=0.0000e+00 | lock=17 slip=44 BER_cond=0.0000e+00 BER_cum=2.5941e-01
CSV,1545008,309000,61,17,44,31171,8086,2.594078e-01,0.000000e+00,1003942.2,29498214.0,689486.4,16.31,14.68
BER: SYNC #62 (gated)
CSV,1550008,310000,62,17,44,31336,8086,2.580419e-01,0.000000e+00,1015103.8,26288232.0,752646.9,15.43,14.13
CSV,1555008,311000,62,17,44,31535,8134,2.579356e-01,0.000000e+00,996396.6,29110110.0,700171.9,16.19,14.66
BER: END_SEQ #62 [SLIP] seq_err=121 BER_seq=2.3679e-01 | lock=17 slip=45 BER_cond=0.0000e+00 BER_cum=2.5904e-01
CSV,1560008,312000,62,17,45,31682,8207,2.590430e-01,0.000000e+00,949991.8,30062602.0,741429.8,16.08,15.00
BER: SYNC #63 (gated)
CSV,1565008,313000,63,17,45,31859,8207,2.576038e-01,0.000000e+00,1035974.9,28042732.0,747205.2,15.74,14.32
CSV,1570008,314000,63,17,45,32059,8207,2.559968e-01,0.000000e+00,967094.6,29744524.0,712892.9,16.20,14.88
BER: END_SEQ #63 [LOCK] seq_err=0 BER_seq=0.0000e+00 | lock=18 slip=45 BER_cond=0.0000e+00 BER_cum=2.5493e-01
CSV,1575008,315000,63,18,45,32193,8207,2.549312e-01,0.000000e+00,1044025.7,29774166.0,776891.9,15.83,14.55
BER: SYNC #64 (gated)
CSV,1580008,316000,64,18,45,32381,8207,2.534511e-01,0.000000e+00,1012923.6,27360936.0,747874.5,15.63,14.32
CSV,1585008,317000,64,18,45,32580,8217,2.522099e-01,0.000000e+00,1000883.8,30814666.0,750525.3,16.13,14.88
BER: END_SEQ #64 [SLIP] seq_err=69 BER_seq=1.3503e-01 | lock=18 slip=46 BER_cond=0.0000e+00 BER_cum=2.5306e-01
BER: SYNC #65 (gated)
CSV,1590008,318000,65,18,46,32704,8276,2.530577e-01,0.000000e+00,1026747.0,32096884.0,723293.1,16.47,14.95
CSV,1595008,319000,65,18,46,32904,8276,2.515196e-01,0.000000e+00,1107155.6,27413256.0,788161.1,15.41,13.94
CSV,1600008,320000,65,18,46,33104,8276,2.500000e-01,0.000000e+00,1011395.8,30971390.0,743664.7,16.20,14.86
BER: END_SEQ #65 [LOCK] seq_err=0 BER_seq=0.0000e+00 | lock=19 slip=46 BER_cond=0.0000e+00 BER_cum=2.4916e-01
BER: SYNC #66 (gated)
CSV,1605008,321000,66,19,46,33227,8276,2.490745e-01,0.000000e+00,1031567.8,32829800.0,747593.1,16.43,15.03
CSV,1610008,322000,66,19,46,33427,8276,2.475843e-01,0.000000e+00,1051568.8,27782144.0,777314.6,15.53,14.22
CSV,1615008,323000,66,19,46,33627,8276,2.461118e-01,0.000000e+00,987510.4,32066680.0,766700.7,16.21,15.12
BER: END_SEQ #66 [LOCK] seq_err=0 BER_seq=0.0000e+00 | lock=20 slip=46 BER_cond=0.0000e+00 BER_cum=2.4539e-01
BER: SYNC #67 (gated)
CSV,1620008,324000,67,20,46,33750,8276,2.452148e-01,0.000000e+00,1038016.7,32640460.0,729142.5,16.51,14.98
CSV,1625008,325000,67,20,46,33949,8276,2.437774e-01,0.000000e+00,1009991.6,27746328.0,775700.9,15.54,14.39
CSV,1630008,326000,67,20,46,34149,8276,2.423497e-01,0.000000e+00,1021897.6,31887408.0,815557.6,15.92,14.94
BER: END_SEQ #67 [LOCK] seq_err=0 BER_seq=0.0000e+00 | lock=21 slip=46 BER_cond=0.0000e+00 BER_cum=2.4173e-01
BER: SYNC #68 (gated)
CSV,1635008,327000,68,21,46,34272,8276,2.414799e-01,0.000000e+00,1069759.6,33124300.0,767760.2,16.35,14.91
CSV,1640008,328000,68,21,46,34472,8276,2.400789e-01,0.000000e+00,1052212.1,28554952.0,815300.6,15.44,14.34
CSV,1645008,329000,68,21,46,34672,8276,2.386940e-01,0.000000e+00,1131948.5,32939658.0,738285.6,16.49,14.64
BER: END_SEQ #68 [LOCK] seq_err=0 BER_seq=0.0000e+00 | lock=22 slip=46 BER_cond=0.0000e+00 BER_cum=2.3817e-01

=========================================
=== END OF TEST (duration=25 min) ===
=========================================
FINAL: syncs=68 lock=22 slip=46 slip_rate=0.6765
FINAL: bits_cum=34748 err_cum=8276 BER_cum=2.3817e-01
FINAL: bits_lock=11242 err_lock=0 BER_cond=0.0000e+00
=========================================
=== STOP LOGGING NOW ===
=========================================
