

=== RX BOOT - BER TEST MODE ===
BPS_MODE=40 (HALF_SAMPLES=1000, 5000 samples/bit @ 200000 Hz)
Expect: 64-bit preamble + Barker13 (1F35h, gated by 8 preamble bits = 0x55) + 511-bit PRBS-9
Noise floor band: 5000 Hz; lock threshold: BER<0.10
Auto-stop: test will halt 25 min after the first sync.
RX: edge-tracking sync, center-3 voting
Starting decoder...

BER: SYNC #1 (gated)
CSV,5007,1000,1,0,0,41,0,0.000000e+00,0.000000e+00,243507104.0,271916608.0,11008.6,43.93,0.48
CSV,10007,2000,1,0,0,241,0,0.000000e+00,0.000000e+00,298307872.0,273582560.0,13146.3,43.56,0.38
CSV,15007,3000,1,0,0,441,0,0.000000e+00,0.000000e+00,265865328.0,286740864.0,12936.5,43.46,0.33
BER: END_SEQ #1 [LOCK] seq_err=0 BER_seq=0.0000e+00 | lock=1 slip=0 BER_cond=0.0000e+00 BER_cum=0.0000e+00
BER: SYNC #2 (gated)
CSV,20007,4000,2,1,0,564,0,0.000000e+00,0.000000e+00,269315328.0,289811712.0,14843.6,42.91,0.32
CSV,25007,5000,2,1,0,764,0,0.000000e+00,0.000000e+00,287818976.0,260043104.0,13115.0,43.41,0.44
CSV,30007,6000,2,1,0,964,0,0.000000e+00,0.000000e+00,266771280.0,285317952.0,12654.9,43.53,0.29
BER: END_SEQ #2 [LOCK] seq_err=0 BER_seq=0.0000e+00 | lock=2 slip=0 BER_cond=0.0000e+00 BER_cum=0.0000e+00
BER: SYNC #3 (gated)
CSV,35007,7000,3,2,0,1087,0,0.000000e+00,0.000000e+00,250740464.0,297589472.0,15448.1,42.85,0.74
CSV,40007,8000,3,2,0,1287,0,0.000000e+00,0.000000e+00,300031744.0,244445648.0,14142.6,43.27,0.89
CSV,45007,9000,3,2,0,1487,0,0.000000e+00,0.000000e+00,264681824.0,288704736.0,14070.7,43.12,0.38
BER: END_SEQ #3 [LOCK] seq_err=0 BER_seq=0.0000e+00 | lock=3 slip=0 BER_cond=0.0000e+00 BER_cum=0.0000e+00
BER: SYNC #4 (gated)
CSV,50007,10000,4,3,0,1609,0,0.000000e+00,0.000000e+00,244227056.0,291086912.0,14289.7,43.09,0.76
CSV,55007,11000,4,3,0,1809,0,0.000000e+00,0.000000e+00,303826432.0,247233312.0,13978.0,43.37,0.90
CSV,60007,12000,4,3,0,2009,0,0.000000e+00,0.000000e+00,251937840.0,286394496.0,14236.0,43.04,0.56
BER: END_SEQ #4 [LOCK] seq_err=0 BER_seq=0.0000e+00 | lock=4 slip=0 BER_cond=0.0000e+00 BER_cum=0.0000e+00
BER: SYNC #5 (gated)
CSV,65007,13000,5,4,0,2132,0,0.000000e+00,0.000000e+00,252969520.0,292771904.0,14411.2,43.08,0.63
CSV,70007,14000,5,4,0,2332,0,0.000000e+00,0.000000e+00,292429280.0,250917632.0,12437.2,43.71,0.66
CSV,75007,15000,5,4,0,2532,0,0.000000e+00,0.000000e+00,260780912.0,278631296.0,12730.9,43.40,0.29
BER: END_SEQ #5 [LOCK] seq_err=0 BER_seq=0.0000e+00 | lock=5 slip=0 BER_cond=0.0000e+00 BER_cum=0.0000e+00
BER: SYNC #6 (gated)
CSV,80007,16000,6,5,0,2655,0,0.000000e+00,0.000000e+00,250562368.0,291649760.0,14316.0,43.09,0.66
CSV,85007,17000,6,5,0,2855,0,0.000000e+00,0.000000e+00,292230176.0,241980432.0,12736.9,43.61,0.82
CSV,90007,18000,6,5,0,3055,0,0.000000e+00,0.000000e+00,255999280.0,290224992.0,13223.1,43.41,0.54
BER: END_SEQ #6 [LOCK] seq_err=0 BER_seq=0.0000e+00 | lock=6 slip=0 BER_cond=0.0000e+00 BER_cum=0.0000e+00
BER: SYNC #7 (gated)
CSV,95007,19000,7,6,0,3177,0,0.000000e+00,0.000000e+00,247056496.0,280726016.0,14910.5,42.75,0.55
CSV,100007,20000,7,6,0,3377,0,0.000000e+00,0.000000e+00,293043456.0,250426384.0,13529.3,43.36,0.68
BER: END_SEQ #7 [LOCK] seq_err=0 BER_seq=0.0000e+00 | lock=7 slip=0 BER_cond=0.0000e+00 BER_cum=0.0000e+00
CSV,105007,21000,7,7,0,3577,0,0.000000e+00,0.000000e+00,246177616.0,291958784.0,13213.0,43.44,0.74
BER: SYNC #8 (gated)
CSV,110007,22000,8,7,0,3700,0,0.000000e+00,0.000000e+00,266729968.0,268277072.0,14856.8,42.57,0.03
CSV,115007,23000,8,7,0,3900,0,0.000000e+00,0.000000e+00,282803904.0,258550960.0,13635.0,43.17,0.39
BER: END_SEQ #8 [LOCK] seq_err=0 BER_seq=0.0000e+00 | lock=8 slip=0 BER_cond=0.0000e+00 BER_cum=0.0000e+00
CSV,120007,24000,8,8,0,4088,0,0.000000e+00,0.000000e+00,242972304.0,286750240.0,13550.4,43.26,0.72
BER: SYNC #9 (gated)
CSV,125007,25000,9,8,0,4223,0,0.000000e+00,0.000000e+00,278965440.0,258209216.0,14330.5,42.89,0.34
CSV,130007,26000,9,8,0,4423,0,0.000000e+00,0.000000e+00,258266560.0,270473952.0,12807.7,43.25,0.20
BER: END_SEQ #9 [LOCK] seq_err=0 BER_seq=0.0000e+00 | lock=9 slip=0 BER_cond=0.0000e+00 BER_cum=0.0000e+00
CSV,135007,27000,9,9,0,4599,0,0.000000e+00,0.000000e+00,254989472.0,283197312.0,13215.7,43.31,0.46
BER: SYNC #10 (gated)
CSV,140007,28000,10,9,0,4745,0,0.000000e+00,0.000000e+00,283033568.0,244777344.0,13393.0,43.25,0.63
CSV,145007,29000,10,9,0,4945,0,0.000000e+00,0.000000e+00,255995888.0,277823264.0,13299.1,43.20,0.36
BER: END_SEQ #10 [LOCK] seq_err=0 BER_seq=0.0000e+00 | lock=10 slip=0 BER_cond=0.0000e+00 BER_cum=0.0000e+00
CSV,150007,30000,10,10,0,5110,0,0.000000e+00,0.000000e+00,251730544.0,282374528.0,14609.1,42.86,0.50
BER: SYNC #11 (gated)
CSV,155007,31000,11,10,0,5268,0,0.000000e+00,0.000000e+00,279609920.0,245955904.0,13218.6,43.25,0.56
CSV,160007,32000,11,10,0,5468,0,0.000000e+00,0.000000e+00,255295072.0,280063104.0,13059.1,43.31,0.40
BER: END_SEQ #11 [LOCK] seq_err=0 BER_seq=0.0000e+00 | lock=11 slip=0 BER_cond=0.0000e+00 BER_cum=0.0000e+00
CSV,165007,33000,11,11,0,5621,0,0.000000e+00,0.000000e+00,247758624.0,270739584.0,14303.3,42.77,0.39
BER: SYNC #12 (gated)
CSV,170007,34000,12,11,0,5791,0,0.000000e+00,0.000000e+00,280472992.0,252238480.0,13801.6,43.08,0.46
CSV,175007,35000,12,11,0,5991,0,0.000000e+00,0.000000e+00,250967504.0,271892416.0,13483.2,43.05,0.35
BER: END_SEQ #12 [LOCK] seq_err=0 BER_seq=0.0000e+00 | lock=12 slip=0 BER_cond=0.0000e+00 BER_cum=0.0000e+00
CSV,180007,36000,12,12,0,6132,0,0.000000e+00,0.000000e+00,250393392.0,271434464.0,15006.9,42.57,0.35
BER: SYNC #13 (gated)
CSV,185007,37000,13,12,0,6313,0,0.000000e+00,0.000000e+00,275419296.0,253020592.0,13532.7,43.09,0.37
CSV,190007,38000,13,12,0,6513,0,0.000000e+00,0.000000e+00,249450880.0,270568992.0,13519.6,43.01,0.35
BER: END_SEQ #13 [LOCK] seq_err=0 BER_seq=0.0000e+00 | lock=13 slip=0 BER_cond=0.0000e+00 BER_cum=0.0000e+00
CSV,195007,39000,13,13,0,6643,0,0.000000e+00,0.000000e+00,250681392.0,277223872.0,14837.5,42.71,0.44
BER: SYNC #14 (gated)
CSV,200007,40000,14,13,0,6836,0,0.000000e+00,0.000000e+00,284097120.0,234979008.0,13010.4,43.39,0.82
CSV,205007,41000,14,13,0,7036,0,0.000000e+00,0.000000e+00,253470592.0,275168480.0,13856.6,42.98,0.36
BER: END_SEQ #14 [LOCK] seq_err=0 BER_seq=0.0000e+00 | lock=14 slip=0 BER_cond=0.0000e+00 BER_cum=0.0000e+00
BER: SYNC #15 (gated)
CSV,210007,42000,15,14,0,7159,0,0.000000e+00,0.000000e+00,240874256.0,274988640.0,14372.8,42.82,0.58
CSV,215007,43000,15,14,0,7359,0,0.000000e+00,0.000000e+00,281808192.0,243823008.0,13311.7,43.26,0.63
CSV,220007,44000,15,14,0,7559,0,0.000000e+00,0.000000e+00,248638496.0,275924256.0,13283.2,43.17,0.45
BER: END_SEQ #15 [LOCK] seq_err=0 BER_seq=0.0000e+00 | lock=15 slip=0 BER_cond=0.0000e+00 BER_cum=0.0000e+00
BER: SYNC #16 (gated)
CSV,225007,45000,16,15,0,7681,0,0.000000e+00,0.000000e+00,235280960.0,279013536.0,13021.0,43.31,0.74
CSV,230007,46000,16,15,0,7881,0,0.000000e+00,0.000000e+00,284854752.0,241602800.0,12223.1,43.67,0.72
CSV,235007,47000,16,15,0,8081,0,0.000000e+00,0.000000e+00,252066176.0,262644096.0,12467.9,43.24,0.18
BER: END_SEQ #16 [LOCK] seq_err=0 BER_seq=0.0000e+00 | lock=16 slip=0 BER_cond=0.0000e+00 BER_cum=0.0000e+00
BER: SYNC #17 (gated)
CSV,240007,48000,17,16,0,8204,0,0.000000e+00,0.000000e+00,237633456.0,286139488.0,15349.9,42.70,0.81
CSV,245007,49000,17,16,0,8404,0,0.000000e+00,0.000000e+00,277541824.0,236674448.0,13685.8,43.07,0.69
CSV,250007,50000,17,16,0,8604,0,0.000000e+00,0.000000e+00,254006224.0,267609792.0,13755.5,42.89,0.23
BER: END_SEQ #17 [LOCK] seq_err=0 BER_seq=0.0000e+00 | lock=17 slip=0 BER_cond=0.0000e+00 BER_cum=0.0000e+00
BER: SYNC #18 (gated)
CSV,255007,51000,18,17,0,8727,0,0.000000e+00,0.000000e+00,242752464.0,270859520.0,14583.2,42.69,0.48
CSV,260007,52000,18,17,0,8927,0,0.000000e+00,0.000000e+00,268012864.0,246416704.0,14276.2,42.74,0.36
CSV,265007,53000,18,17,0,9127,0,0.000000e+00,0.000000e+00,252530400.0,268106080.0,13743.5,42.90,0.26
BER: END_SEQ #18 [LOCK] seq_err=0 BER_seq=0.0000e+00 | lock=18 slip=0 BER_cond=0.0000e+00 BER_cum=0.0000e+00
BER: SYNC #19 (gated)
CSV,270007,54000,19,18,0,9249,0,0.000000e+00,0.000000e+00,238115856.0,265393824.0,13359.2,42.98,0.47
CSV,275007,55000,19,18,0,9449,0,0.000000e+00,0.000000e+00,272693024.0,246222480.0,13819.8,42.95,0.44
CSV,280007,56000,19,18,0,9649,0,0.000000e+00,0.000000e+00,248039872.0,258779968.0,12565.6,43.14,0.18
BER: END_SEQ #19 [LOCK] seq_err=0 BER_seq=0.0000e+00 | lock=19 slip=0 BER_cond=0.0000e+00 BER_cum=0.0000e+00
BER: SYNC #20 (gated)
CSV,285007,57000,20,19,0,9772,0,0.000000e+00,0.000000e+00,236781952.0,276969248.0,14122.8,42.93,0.68
CSV,290007,58000,20,19,0,9972,0,0.000000e+00,0.000000e+00,281131040.0,227894672.0,12921.4,43.38,0.91
CSV,295007,59000,20,19,0,10172,0,0.000000e+00,0.000000e+00,241429648.0,267701168.0,12936.7,43.16,0.45
BER: END_SEQ #20 [LOCK] seq_err=0 BER_seq=0.0000e+00 | lock=20 slip=0 BER_cond=0.0000e+00 BER_cum=0.0000e+00
BER: SYNC #21 (gated)
CSV,300007,60000,21,20,0,10295,0,0.000000e+00,0.000000e+00,233420096.0,275565632.0,14455.1,42.80,0.72
CSV,305007,61000,21,20,0,10495,0,0.000000e+00,0.000000e+00,277812192.0,224902032.0,13084.1,43.27,0.92
CSV,310007,62000,21,20,0,10695,0,0.000000e+00,0.000000e+00,243124960.0,269937696.0,13270.9,43.08,0.45
BER: END_SEQ #21 [LOCK] seq_err=0 BER_seq=0.0000e+00 | lock=21 slip=0 BER_cond=0.0000e+00 BER_cum=0.0000e+00
BER: SYNC #22 (gated)
CSV,315007,63000,22,21,0,10817,0,0.000000e+00,0.000000e+00,229160288.0,265782352.0,14234.3,42.71,0.64
CSV,320007,64000,22,21,0,11017,0,0.000000e+00,0.000000e+00,273337440.0,236218352.0,12423.0,43.42,0.63
CSV,325007,65000,22,21,0,11217,0,0.000000e+00,0.000000e+00,238772640.0,261450400.0,13480.9,42.88,0.39
BER: END_SEQ #22 [LOCK] seq_err=0 BER_seq=0.0000e+00 | lock=22 slip=0 BER_cond=0.0000e+00 BER_cum=0.0000e+00
BER: SYNC #23 (gated)
CSV,330007,66000,23,22,0,11340,0,0.000000e+00,0.000000e+00,233399376.0,267595424.0,13405.6,43.00,0.59
CSV,335007,67000,23,22,0,11540,0,0.000000e+00,0.000000e+00,274089664.0,230235104.0,12692.4,43.34,0.76
CSV,340007,68000,23,22,0,11740,0,0.000000e+00,0.000000e+00,232236944.0,263661200.0,13083.6,43.04,0.55
BER: END_SEQ #23 [LOCK] seq_err=0 BER_seq=0.0000e+00 | lock=23 slip=0 BER_cond=0.0000e+00 BER_cum=0.0000e+00
BER: SYNC #24 (gated)
CSV,345007,69000,24,23,0,11863,0,0.000000e+00,0.000000e+00,237177104.0,263248144.0,14304.6,42.65,0.45
CSV,350007,70000,24,23,0,12063,0,0.000000e+00,0.000000e+00,266502576.0,225791568.0,12468.2,43.30,0.72
CSV,355007,71000,24,23,0,12263,0,0.000000e+00,0.000000e+00,231345968.0,272085440.0,12647.3,43.33,0.70
BER: END_SEQ #24 [LOCK] seq_err=0 BER_seq=0.0000e+00 | lock=24 slip=0 BER_cond=0.0000e+00 BER_cum=0.0000e+00
BER: SYNC #25 (gated)
CSV,360007,72000,25,24,0,12385,0,0.000000e+00,0.000000e+00,239940096.0,245825952.0,14256.9,42.37,0.11
CSV,365007,73000,25,24,0,12585,0,0.000000e+00,0.000000e+00,261273376.0,235818656.0,12803.1,43.10,0.45
BER: END_SEQ #25 [LOCK] seq_err=0 BER_seq=0.0000e+00 | lock=25 slip=0 BER_cond=0.0000e+00 BER_cum=0.0000e+00
CSV,370007,74000,25,25,0,12775,0,0.000000e+00,0.000000e+00,229739552.0,265681056.0,13944.3,42.80,0.63
BER: SYNC #26 (gated)
CSV,375007,75000,26,25,0,12908,0,0.000000e+00,0.000000e+00,254440592.0,234169968.0,13587.8,42.72,0.36
CSV,380007,76000,26,25,0,13108,0,0.000000e+00,0.000000e+00,242523616.0,255091120.0,12133.4,43.23,0.22
BER: END_SEQ #26 [LOCK] seq_err=0 BER_seq=0.0000e+00 | lock=26 slip=0 BER_cond=0.0000e+00 BER_cum=0.0000e+00
CSV,385007,77000,26,26,0,13286,0,0.000000e+00,0.000000e+00,230325680.0,254747472.0,12694.7,43.02,0.44
BER: SYNC #27 (gated)
CSV,390007,78000,27,26,0,13431,0,0.000000e+00,0.000000e+00,262078192.0,232435728.0,13898.3,42.75,0.52
CSV,395007,79000,27,26,0,13631,0,0.000000e+00,0.000000e+00,234653056.0,250793056.0,12212.8,43.13,0.29
BER: END_SEQ #27 [LOCK] seq_err=0 BER_seq=0.0000e+00 | lock=27 slip=0 BER_cond=0.0000e+00 BER_cum=0.0000e+00
CSV,400007,80000,27,27,0,13797,0,0.000000e+00,0.000000e+00,229492784.0,259963424.0,13832.9,42.74,0.54
BER: SYNC #28 (gated)
CSV,405007,81000,28,27,0,13953,0,0.000000e+00,0.000000e+00,258066080.0,227576528.0,13208.7,42.91,0.55
CSV,410007,82000,28,27,0,14153,0,0.000000e+00,0.000000e+00,228835568.0,255565632.0,13738.1,42.70,0.48
BER: END_SEQ #28 [LOCK] seq_err=0 BER_seq=0.0000e+00 | lock=28 slip=0 BER_cond=0.0000e+00 BER_cum=0.0000e+00
CSV,415007,83000,28,28,0,14308,0,0.000000e+00,0.000000e+00,234802432.0,253359088.0,13469.8,42.74,0.33
BER: SYNC #29 (gated)
CSV,420007,84000,29,28,0,14476,0,0.000000e+00,0.000000e+00,255013312.0,224816208.0,12837.9,42.98,0.55
CSV,425007,85000,29,28,0,14676,0,0.000000e+00,0.000000e+00,234697600.0,254712624.0,12715.7,43.02,0.36
BER: END_SEQ #29 [LOCK] seq_err=0 BER_seq=0.0000e+00 | lock=29 slip=0 BER_cond=0.0000e+00 BER_cum=0.0000e+00
CSV,430007,86000,29,29,0,14819,0,0.000000e+00,0.000000e+00,225140512.0,250052304.0,13069.2,42.82,0.46
BER: SYNC #30 (gated)
CSV,435007,87000,30,29,0,14999,0,0.000000e+00,0.000000e+00,253384960.0,233230976.0,12690.3,43.00,0.36
CSV,440007,88000,30,29,0,15199,0,0.000000e+00,0.000000e+00,230366224.0,250468816.0,13172.4,42.79,0.36
BER: END_SEQ #30 [LOCK] seq_err=0 BER_seq=0.0000e+00 | lock=30 slip=0 BER_cond=0.0000e+00 BER_cum=0.0000e+00
CSV,445007,89000,30,30,0,15330,0,0.000000e+00,0.000000e+00,222459648.0,252230688.0,14036.5,42.55,0.55
BER: SYNC #31 (gated)
CSV,450007,90000,31,30,0,15521,0,0.000000e+00,0.000000e+00,263960256.0,220300832.0,12424.8,43.27,0.79
CSV,455007,91000,31,30,0,15721,0,0.000000e+00,0.000000e+00,229150016.0,244808608.0,12938.4,42.77,0.29
BER: END_SEQ #31 [LOCK] seq_err=0 BER_seq=0.0000e+00 | lock=31 slip=0 BER_cond=0.0000e+00 BER_cum=0.0000e+00
BER: SYNC #32 (gated)
CSV,460007,92000,32,31,0,15844,0,0.000000e+00,0.000000e+00,222746352.0,258021264.0,14365.0,42.54,0.64
CSV,465007,93000,32,31,0,16044,0,0.000000e+00,0.000000e+00,255812016.0,216873200.0,13078.6,42.91,0.72
CSV,470007,94000,32,31,0,16244,0,0.000000e+00,0.000000e+00,227308160.0,252592016.0,14531.3,42.40,0.46
BER: END_SEQ #32 [LOCK] seq_err=0 BER_seq=0.0000e+00 | lock=32 slip=0 BER_cond=0.0000e+00 BER_cum=0.0000e+00
BER: SYNC #33 (gated)
CSV,475007,95000,33,32,0,16367,0,0.000000e+00,0.000000e+00,213046256.0,258021920.0,12936.8,43.00,0.83
CSV,480007,96000,33,32,0,16567,0,0.000000e+00,0.000000e+00,259040928.0,215531328.0,13145.6,42.95,0.80
CSV,485007,97000,33,32,0,16767,0,0.000000e+00,0.000000e+00,231048496.0,246106672.0,12538.3,42.93,0.27
BER: END_SEQ #33 [LOCK] seq_err=0 BER_seq=0.0000e+00 | lock=33 slip=0 BER_cond=0.0000e+00 BER_cum=0.0000e+00
BER: SYNC #34 (gated)
CSV,490007,98000,34,33,0,16889,0,0.000000e+00,0.000000e+00,209986304.0,254124496.0,14102.7,42.56,0.83
CSV,495007,99000,34,33,0,17089,0,0.000000e+00,0.000000e+00,260567520.0,216669904.0,13013.6,43.02,0.80
CSV,500007,100000,34,33,0,17289,0,0.000000e+00,0.000000e+00,223527456.0,243500656.0,13153.7,42.67,0.37
BER: END_SEQ #34 [LOCK] seq_err=0 BER_seq=0.0000e+00 | lock=34 slip=0 BER_cond=0.0000e+00 BER_cum=0.0000e+00
BER: SYNC #35 (gated)
CSV,505007,101000,35,34,0,17412,0,0.000000e+00,0.000000e+00,224488592.0,249179952.0,14036.7,42.49,0.45
CSV,510007,102000,35,34,0,17612,0,0.000000e+00,0.000000e+00,243422736.0,224353536.0,13510.0,42.56,0.35
CSV,515007,103000,35,34,0,17812,0,0.000000e+00,0.000000e+00,228703936.0,242313968.0,13119.7,42.66,0.25
BER: END_SEQ #35 [LOCK] seq_err=0 BER_seq=0.0000e+00 | lock=35 slip=0 BER_cond=0.0000e+00 BER_cum=0.0000e+00
BER: SYNC #36 (gated)
CSV,520007,104000,36,35,0,17935,0,0.000000e+00,0.000000e+00,221150464.0,247377856.0,13442.7,42.65,0.49
CSV,525007,105000,36,35,0,18135,0,0.000000e+00,0.000000e+00,244305776.0,220602448.0,13485.2,42.58,0.44
CSV,530007,106000,36,35,0,18335,0,0.000000e+00,0.000000e+00,229294672.0,244135040.0,11762.6,43.17,0.27
BER: END_SEQ #36 [LOCK] seq_err=0 BER_seq=0.0000e+00 | lock=36 slip=0 BER_cond=0.0000e+00 BER_cum=0.0000e+00
BER: SYNC #37 (gated)
CSV,535007,107000,37,36,0,18457,0,0.000000e+00,0.000000e+00,214025232.0,243471296.0,13075.3,42.70,0.56
CSV,540007,108000,37,36,0,18657,0,0.000000e+00,0.000000e+00,256711424.0,214955024.0,12332.6,43.18,0.77
CSV,545007,109000,37,36,0,18857,0,0.000000e+00,0.000000e+00,221509696.0,240001264.0,13455.6,42.51,0.35
BER: END_SEQ #37 [LOCK] seq_err=0 BER_seq=0.0000e+00 | lock=37 slip=0 BER_cond=0.0000e+00 BER_cum=0.0000e+00
BER: SYNC #38 (gated)
CSV,550007,110000,38,37,0,18980,0,0.000000e+00,0.000000e+00,209688544.0,255982432.0,12937.8,42.96,0.87
CSV,555007,111000,38,37,0,19180,0,0.000000e+00,0.000000e+00,259835168.0,205082576.0,13140.5,42.96,1.03
CSV,560007,112000,38,37,0,19380,0,0.000000e+00,0.000000e+00,215840752.0,245097488.0,12711.3,42.85,0.55
BER: END_SEQ #38 [LOCK] seq_err=0 BER_seq=0.0000e+00 | lock=38 slip=0 BER_cond=0.0000e+00 BER_cum=0.0000e+00
BER: SYNC #39 (gated)
CSV,565007,113000,39,38,0,19503,0,0.000000e+00,0.000000e+00,215361408.0,248438240.0,14023.6,42.48,0.62
CSV,570007,114000,39,38,0,19703,0,0.000000e+00,0.000000e+00,246859600.0,209810208.0,12145.3,43.08,0.71
CSV,575007,115000,39,38,0,19903,0,0.000000e+00,0.000000e+00,221076464.0,245632640.0,12659.8,42.88,0.46
BER: END_SEQ #39 [LOCK] seq_err=0 BER_seq=0.0000e+00 | lock=39 slip=0 BER_cond=0.0000e+00 BER_cum=0.0000e+00
BER: SYNC #40 (gated)
CSV,580007,116000,40,39,0,20025,0,0.000000e+00,0.000000e+00,208757264.0,242445504.0,12457.0,42.89,0.65
CSV,585007,117000,40,39,0,20225,0,0.000000e+00,0.000000e+00,249936864.0,212231728.0,11947.5,43.21,0.71
CSV,590007,118000,40,39,0,20425,0,0.000000e+00,0.000000e+00,216871600.0,241170656.0,12454.4,42.87,0.46
BER: END_SEQ #40 [LOCK] seq_err=0 BER_seq=0.0000e+00 | lock=40 slip=0 BER_cond=0.0000e+00 BER_cum=0.0000e+00
BER: SYNC #41 (gated)
CSV,595007,119000,41,40,0,20548,0,0.000000e+00,0.000000e+00,212298864.0,241122720.0,14092.9,42.33,0.55
CSV,600007,120000,41,40,0,20748,0,0.000000e+00,0.000000e+00,247833920.0,213313360.0,11793.3,43.23,0.65
CSV,605007,121000,41,40,0,20948,0,0.000000e+00,0.000000e+00,210880096.0,241228368.0,12121.0,42.99,0.58
BER: END_SEQ #41 [LOCK] seq_err=0 BER_seq=0.0000e+00 | lock=41 slip=0 BER_cond=0.0000e+00 BER_cum=0.0000e+00
BER: SYNC #42 (gated)
CSV,610007,122000,42,41,0,21071,0,0.000000e+00,0.000000e+00,223504112.0,233182144.0,12821.5,42.60,0.18
CSV,615007,123000,42,41,0,21271,0,0.000000e+00,0.000000e+00,234672512.0,215597744.0,12695.0,42.67,0.37
BER: END_SEQ #42 [LOCK] seq_err=0 BER_seq=0.0000e+00 | lock=42 slip=0 BER_cond=0.0000e+00 BER_cum=0.0000e+00
CSV,620007,124000,42,42,0,21462,0,0.000000e+00,0.000000e+00,215210416.0,244163072.0,12815.8,42.80,0.55
BER: SYNC #43 (gated)
CSV,625007,125000,43,42,0,21593,0,0.000000e+00,0.000000e+00,230591600.0,217109776.0,12774.2,42.57,0.26
CSV,630007,126000,43,42,0,21793,0,0.000000e+00,0.000000e+00,222629808.0,231112208.0,11906.9,42.88,0.16
BER: END_SEQ #43 [LOCK] seq_err=0 BER_seq=0.0000e+00 | lock=43 slip=0 BER_cond=0.0000e+00 BER_cum=0.0000e+00
CSV,635007,127000,43,43,0,21973,0,0.000000e+00,0.000000e+00,217008656.0,238274832.0,11583.2,43.13,0.41
BER: SYNC #44 (gated)
CSV,640007,128000,44,43,0,22116,0,0.000000e+00,0.000000e+00,237224752.0,210111888.0,12813.2,42.68,0.53
CSV,645007,129000,44,43,0,22316,0,0.000000e+00,0.000000e+00,220975296.0,236216768.0,12653.1,42.71,0.29
BER: END_SEQ #44 [LOCK] seq_err=0 BER_seq=0.0000e+00 | lock=44 slip=0 BER_cond=0.0000e+00 BER_cum=0.0000e+00
CSV,650007,130000,44,44,0,22484,0,0.000000e+00,0.000000e+00,207890064.0,237258464.0,13480.1,42.46,0.57
BER: SYNC #45 (gated)
CSV,655007,131000,45,44,0,22639,0,0.000000e+00,0.000000e+00,240788640.0,213990192.0,13378.3,42.55,0.51
CSV,660007,132000,45,44,0,22839,0,0.000000e+00,0.000000e+00,211930224.0,236315264.0,12270.3,42.85,0.47
BER: END_SEQ #45 [LOCK] seq_err=0 BER_seq=0.0000e+00 | lock=45 slip=0 BER_cond=0.0000e+00 BER_cum=0.0000e+00
CSV,665007,133000,45,45,0,22995,0,0.000000e+00,0.000000e+00,214400144.0,233657296.0,13255.7,42.46,0.37
BER: SYNC #46 (gated)
CSV,670007,134000,46,45,0,23161,0,0.000000e+00,0.000000e+00,240842128.0,209761392.0,12533.9,42.84,0.60
CSV,675007,135000,46,45,0,23361,0,0.000000e+00,0.000000e+00,211178608.0,234001440.0,11978.8,42.91,0.45
BER: END_SEQ #46 [LOCK] seq_err=0 BER_seq=0.0000e+00 | lock=46 slip=0 BER_cond=0.0000e+00 BER_cum=0.0000e+00
CSV,680007,136000,46,46,0,23506,0,0.000000e+00,0.000000e+00,213127152.0,236844352.0,12854.6,42.65,0.46
BER: SYNC #47 (gated)
CSV,685007,137000,47,46,0,23684,0,0.000000e+00,0.000000e+00,232806304.0,210206880.0,12369.0,42.75,0.44
CSV,690007,138000,47,46,0,23884,0,0.000000e+00,0.000000e+00,213748000.0,237467824.0,12962.3,42.63,0.46
BER: END_SEQ #47 [LOCK] seq_err=0 BER_seq=0.0000e+00 | lock=47 slip=0 BER_cond=0.0000e+00 BER_cum=0.0000e+00
CSV,695007,139000,47,47,0,24017,0,0.000000e+00,0.000000e+00,208483776.0,232047152.0,13709.8,42.29,0.47
BER: SYNC #48 (gated)
CSV,700007,140000,48,47,0,24207,0,0.000000e+00,0.000000e+00,240022032.0,207857424.0,11600.8,43.16,0.62
CSV,705007,141000,48,47,0,24407,0,0.000000e+00,0.000000e+00,215792416.0,230632672.0,12812.7,42.55,0.29
BER: END_SEQ #48 [LOCK] seq_err=0 BER_seq=0.0000e+00 | lock=48 slip=0 BER_cond=0.0000e+00 BER_cum=0.0000e+00
BER: SYNC #49 (gated)
CSV,710007,142000,49,48,0,24529,0,0.000000e+00,0.000000e+00,201344800.0,234951920.0,12978.5,42.58,0.67
CSV,715007,143000,49,48,0,24729,0,0.000000e+00,0.000000e+00,242477216.0,205871616.0,11401.7,43.28,0.71
CSV,720007,144000,49,48,0,24929,0,0.000000e+00,0.000000e+00,208627056.0,229184592.0,12072.7,42.78,0.41
BER: END_SEQ #49 [LOCK] seq_err=0 BER_seq=0.0000e+00 | lock=49 slip=0 BER_cond=0.0000e+00 BER_cum=0.0000e+00
BER: SYNC #50 (gated)
CSV,725007,145000,50,49,0,25052,0,0.000000e+00,0.000000e+00,202340704.0,242616720.0,13068.6,42.69,0.79
CSV,730007,146000,50,49,0,25252,0,0.000000e+00,0.000000e+00,235710704.0,202495856.0,12094.1,42.90,0.66
CSV,735007,147000,50,49,0,25452,0,0.000000e+00,0.000000e+00,214225712.0,229147616.0,12557.9,42.61,0.29
BER: END_SEQ #50 [LOCK] seq_err=0 BER_seq=0.0000e+00 | lock=50 slip=0 BER_cond=0.0000e+00 BER_cum=0.0000e+00
BER: SYNC #51 (gated)
CSV,740007,148000,51,50,0,25575,0,0.000000e+00,0.000000e+00,202200768.0,236459328.0,13515.3,42.43,0.68
CSV,745007,149000,51,50,0,25775,0,0.000000e+00,0.000000e+00,236871712.0,200569056.0,11394.0,43.18,0.72
CSV,750007,150000,51,50,0,25975,0,0.000000e+00,0.000000e+00,212484704.0,231471904.0,12857.3,42.55,0.37
BER: END_SEQ #51 [LOCK] seq_err=0 BER_seq=0.0000e+00 | lock=51 slip=0 BER_cond=0.0000e+00 BER_cum=0.0000e+00
BER: SYNC #52 (gated)
CSV,755007,151000,52,51,0,26097,0,0.000000e+00,0.000000e+00,202492224.0,226665680.0,12910.8,42.44,0.49
CSV,760007,152000,52,51,0,26297,0,0.000000e+00,0.000000e+00,232201856.0,210574048.0,11997.4,42.87,0.42
CSV,765007,153000,52,51,0,26497,0,0.000000e+00,0.000000e+00,208984624.0,223797232.0,12129.7,42.66,0.30
BER: END_SEQ #52 [LOCK] seq_err=0 BER_seq=0.0000e+00 | lock=52 slip=0 BER_cond=0.0000e+00 BER_cum=0.0000e+00
BER: SYNC #53 (gated)
CSV,770007,154000,53,52,0,26620,0,0.000000e+00,0.000000e+00,205821744.0,231670992.0,12196.1,42.79,0.51
CSV,775007,155000,53,52,0,26820,0,0.000000e+00,0.000000e+00,229839376.0,206150048.0,12887.5,42.51,0.47
CSV,780007,156000,53,52,0,27020,0,0.000000e+00,0.000000e+00,210061712.0,224864496.0,11329.5,42.98,0.30
BER: END_SEQ #53 [LOCK] seq_err=0 BER_seq=0.0000e+00 | lock=53 slip=0 BER_cond=0.0000e+00 BER_cum=0.0000e+00
BER: SYNC #54 (gated)
CSV,785007,157000,54,53,0,27143,0,0.000000e+00,0.000000e+00,206068528.0,230644400.0,12935.3,42.51,0.49
CSV,790007,158000,54,53,0,27343,0,0.000000e+00,0.000000e+00,230836160.0,199886096.0,11852.7,42.89,0.63
CSV,795007,159000,54,53,0,27543,0,0.000000e+00,0.000000e+00,212442576.0,227271088.0,13205.3,42.36,0.29
BER: END_SEQ #54 [LOCK] seq_err=0 BER_seq=0.0000e+00 | lock=54 slip=0 BER_cond=0.0000e+00 BER_cum=0.0000e+00
BER: SYNC #55 (gated)
CSV,800007,160000,55,54,0,27665,0,0.000000e+00,0.000000e+00,189913456.0,235536272.0,12940.6,42.60,0.94
CSV,805007,161000,55,54,0,27865,0,0.000000e+00,0.000000e+00,244354576.0,192629872.0,11547.0,43.26,1.03
CSV,810007,162000,55,54,0,28065,0,0.000000e+00,0.000000e+00,204325072.0,226470976.0,11855.6,42.81,0.45
BER: END_SEQ #55 [LOCK] seq_err=0 BER_seq=0.0000e+00 | lock=55 slip=0 BER_cond=0.0000e+00 BER_cum=0.0000e+00
BER: SYNC #56 (gated)
CSV,815007,163000,56,55,0,28188,0,0.000000e+00,0.000000e+00,195468640.0,234557472.0,13312.5,42.46,0.79
CSV,820007,164000,56,55,0,28388,0,0.000000e+00,0.000000e+00,238167152.0,196538384.0,12045.8,42.96,0.83
CSV,825007,165000,56,55,0,28588,0,0.000000e+00,0.000000e+00,199811024.0,227373680.0,11780.1,42.86,0.56
BER: END_SEQ #56 [LOCK] seq_err=0 BER_seq=0.0000e+00 | lock=56 slip=0 BER_cond=0.0000e+00 BER_cum=0.0000e+00
BER: SYNC #57 (gated)
CSV,830007,166000,57,56,0,28711,0,0.000000e+00,0.000000e+00,202704160.0,230088096.0,12823.4,42.54,0.55
CSV,835007,167000,57,56,0,28911,0,0.000000e+00,0.000000e+00,229854720.0,194972384.0,11795.0,42.90,0.71
CSV,840007,168000,57,56,0,29111,0,0.000000e+00,0.000000e+00,205495088.0,228616464.0,11580.4,42.95,0.46
BER: END_SEQ #57 [LOCK] seq_err=0 BER_seq=0.0000e+00 | lock=57 slip=0 BER_cond=0.0000e+00 BER_cum=0.0000e+00
BER: SYNC #58 (gated)
CSV,845007,169000,58,57,0,29233,0,0.000000e+00,0.000000e+00,194437536.0,227212144.0,12977.5,42.43,0.68
CSV,850007,170000,58,57,0,29433,0,0.000000e+00,0.000000e+00,232385088.0,196983552.0,12196.7,42.80,0.72
CSV,855007,171000,58,57,0,29633,0,0.000000e+00,0.000000e+00,201146400.0,228821040.0,12718.3,42.55,0.56
BER: END_SEQ #58 [LOCK] seq_err=0 BER_seq=0.0000e+00 | lock=58 slip=0 BER_cond=0.0000e+00 BER_cum=0.0000e+00
BER: SYNC #59 (gated)
CSV,860007,172000,59,58,0,29756,0,0.000000e+00,0.000000e+00,202081184.0,219030032.0,13346.4,42.15,0.35
CSV,865007,173000,59,58,0,29956,0,0.000000e+00,0.000000e+00,227366960.0,204348720.0,12348.1,42.65,0.46
BER: END_SEQ #59 [LOCK] seq_err=0 BER_seq=0.0000e+00 | lock=59 slip=0 BER_cond=0.0000e+00 BER_cum=0.0000e+00
CSV,870007,174000,59,59,0,30149,0,0.000000e+00,0.000000e+00,194574176.0,227131232.0,11537.5,42.94,0.67
BER: SYNC #60 (gated)
CSV,875007,175000,60,59,0,30279,0,0.000000e+00,0.000000e+00,217703408.0,210015520.0,12038.0,42.57,0.16
CSV,880007,176000,60,59,0,30479,0,0.000000e+00,0.000000e+00,209548336.0,211857120.0,12017.5,42.46,0.05
BER: END_SEQ #60 [LOCK] seq_err=0 BER_seq=0.0000e+00 | lock=60 slip=0 BER_cond=0.0000e+00 BER_cum=0.0000e+00
CSV,885007,177000,60,60,0,30660,0,0.000000e+00,0.000000e+00,200937264.0,225054944.0,11635.5,42.87,0.49
BER: SYNC #61 (gated)
CSV,890007,178000,61,60,0,30801,0,0.000000e+00,0.000000e+00,220233984.0,200713408.0,12758.2,42.37,0.40
CSV,895007,179000,61,60,0,31001,0,0.000000e+00,0.000000e+00,205035952.0,216308608.0,11930.9,42.58,0.23
BER: END_SEQ #61 [LOCK] seq_err=0 BER_seq=0.0000e+00 | lock=61 slip=0 BER_cond=0.0000e+00 BER_cum=0.0000e+00
CSV,900007,180000,61,61,0,31171,0,0.000000e+00,0.000000e+00,198226672.0,227052192.0,12406.8,42.62,0.59
BER: SYNC #62 (gated)
CSV,905007,181000,62,61,0,31324,0,0.000000e+00,0.000000e+00,220012480.0,196279920.0,12070.0,42.61,0.50
CSV,910007,182000,62,61,0,31524,0,0.000000e+00,0.000000e+00,200932368.0,225334544.0,12041.7,42.72,0.50
BER: END_SEQ #62 [LOCK] seq_err=0 BER_seq=0.0000e+00 | lock=62 slip=0 BER_cond=0.0000e+00 BER_cum=0.0000e+00
CSV,915007,183000,62,62,0,31682,0,0.000000e+00,0.000000e+00,197676640.0,217864336.0,11563.4,42.75,0.42
BER: SYNC #63 (gated)
CSV,920007,184000,63,62,0,31847,0,0.000000e+00,0.000000e+00,225424912.0,197931488.0,12186.0,42.67,0.56
CSV,925007,185000,63,62,0,32047,0,0.000000e+00,0.000000e+00,198146960.0,222106048.0,11562.1,42.84,0.50
BER: END_SEQ #63 [LOCK] seq_err=0 BER_seq=0.0000e+00 | lock=63 slip=0 BER_cond=0.0000e+00 BER_cum=0.0000e+00
CSV,930007,186000,63,63,0,32193,0,0.000000e+00,0.000000e+00,195350464.0,219154320.0,13474.8,42.11,0.50
BER: SYNC #64 (gated)
CSV,935007,187000,64,63,0,32369,0,0.000000e+00,0.000000e+00,221157392.0,201349792.0,11219.4,42.95,0.41
CSV,940007,188000,64,63,0,32569,0,0.000000e+00,0.000000e+00,195213456.0,218927360.0,11534.8,42.78,0.50
BER: END_SEQ #64 [LOCK] seq_err=0 BER_seq=0.0000e+00 | lock=64 slip=0 BER_cond=0.0000e+00 BER_cum=0.0000e+00
CSV,945007,189000,64,64,0,32704,0,0.000000e+00,0.000000e+00,200076464.0,219354864.0,12348.9,42.50,0.40
BER: SYNC #65 (gated)
CSV,950007,190000,65,64,0,32892,0,0.000000e+00,0.000000e+00,219966768.0,194006864.0,11712.9,42.74,0.55
CSV,955007,191000,65,64,0,33092,0,0.000000e+00,0.000000e+00,202418592.0,217813296.0,12550.5,42.39,0.32
BER: END_SEQ #65 [LOCK] seq_err=0 BER_seq=0.0000e+00 | lock=65 slip=0 BER_cond=0.0000e+00 BER_cum=0.0000e+00
BER: SYNC #66 (gated)
CSV,960007,192000,66,65,0,33215,0,0.000000e+00,0.000000e+00,188346592.0,225299296.0,12842.3,42.44,0.78
CSV,965007,193000,66,65,0,33415,0,0.000000e+00,0.000000e+00,226077328.0,189713664.0,11295.0,43.01,0.76
CSV,970007,194000,66,65,0,33615,0,0.000000e+00,0.000000e+00,197553040.0,221120592.0,12437.6,42.50,0.49
BER: END_SEQ #66 [LOCK] seq_err=0 BER_seq=0.0000e+00 | lock=66 slip=0 BER_cond=0.0000e+00 BER_cum=0.0000e+00
BER: SYNC #67 (gated)
CSV,975007,195000,67,66,0,33737,0,0.000000e+00,0.000000e+00,187484112.0,219449376.0,12369.4,42.49,0.68
CSV,980007,196000,67,66,0,33937,0,0.000000e+00,0.000000e+00,223712624.0,195481456.0,11704.9,42.81,0.59
CSV,985007,197000,67,66,0,34137,0,0.000000e+00,0.000000e+00,194162000.0,214585552.0,11135.5,42.85,0.43
BER: END_SEQ #67 [LOCK] seq_err=0 BER_seq=0.0000e+00 | lock=67 slip=0 BER_cond=0.0000e+00 BER_cum=0.0000e+00
BER: SYNC #68 (gated)
CSV,990007,198000,68,67,0,34260,0,0.000000e+00,0.000000e+00,191263280.0,223527040.0,12492.0,42.53,0.68
CSV,995007,199000,68,67,0,34460,0,0.000000e+00,0.000000e+00,224848192.0,185854864.0,10930.4,43.13,0.83
CSV,1000007,200000,68,67,0,34660,0,0.000000e+00,0.000000e+00,197299088.0,216034592.0,11477.4,42.75,0.39
BER: END_SEQ #68 [LOCK] seq_err=0 BER_seq=0.0000e+00 | lock=68 slip=0 BER_cond=0.0000e+00 BER_cum=0.0000e+00
BER: SYNC #69 (gated)
CSV,1005007,201000,69,68,0,34783,0,0.000000e+00,0.000000e+00,192418480.0,219698992.0,12506.1,42.45,0.58
CSV,1010007,202000,69,68,0,34983,0,0.000000e+00,0.000000e+00,211918864.0,195943552.0,12611.7,42.25,0.34
CSV,1015007,203000,69,68,0,35183,0,0.000000e+00,0.000000e+00,202806560.0,213271616.0,12279.0,42.40,0.22
BER: END_SEQ #69 [LOCK] seq_err=0 BER_seq=0.0000e+00 | lock=69 slip=0 BER_cond=0.0000e+00 BER_cum=0.0000e+00
BER: SYNC #70 (gated)
CSV,1020007,204000,70,69,0,35305,0,0.000000e+00,0.000000e+00,189112704.0,212407840.0,12349.9,42.36,0.50
CSV,1025007,205000,70,69,0,35505,0,0.000000e+00,0.000000e+00,215044176.0,198895680.0,11641.7,42.67,0.34
CSV,1030007,206000,70,69,0,35705,0,0.000000e+00,0.000000e+00,195474912.0,211240704.0,11005.8,42.83,0.34
BER: END_SEQ #70 [LOCK] seq_err=0 BER_seq=0.0000e+00 | lock=70 slip=0 BER_cond=0.0000e+00 BER_cum=0.0000e+00
BER: SYNC #71 (gated)
CSV,1035007,207000,71,70,0,35828,0,0.000000e+00,0.000000e+00,192587408.0,215937760.0,11914.7,42.58,0.50
CSV,1040007,208000,71,70,0,36028,0,0.000000e+00,0.000000e+00,222192864.0,187744176.0,12085.2,42.64,0.73
CSV,1045007,209000,71,70,0,36228,0,0.000000e+00,0.000000e+00,193296864.0,211836112.0,11449.7,42.67,0.40
BER: END_SEQ #71 [LOCK] seq_err=0 BER_seq=0.0000e+00 | lock=71 slip=0 BER_cond=0.0000e+00 BER_cum=0.0000e+00
BER: SYNC #72 (gated)
CSV,1050007,210000,72,71,0,36351,0,0.000000e+00,0.000000e+00,185448144.0,224920992.0,12585.3,42.52,0.84
CSV,1055007,211000,72,71,0,36551,0,0.000000e+00,0.000000e+00,221422432.0,180511072.0,12001.3,42.66,0.89
CSV,1060007,212000,72,71,0,36751,0,0.000000e+00,0.000000e+00,198406944.0,212896576.0,10981.1,42.88,0.31
BER: END_SEQ #72 [LOCK] seq_err=0 BER_seq=0.0000e+00 | lock=72 slip=0 BER_cond=0.0000e+00 BER_cum=0.0000e+00
BER: SYNC #73 (gated)
CSV,1065007,213000,73,72,0,36873,0,0.000000e+00,0.000000e+00,179254976.0,219206544.0,11741.2,42.71,0.87
CSV,1070007,214000,73,72,0,37073,0,0.000000e+00,0.000000e+00,224444432.0,183052256.0,11875.0,42.76,0.89
CSV,1075007,215000,73,72,0,37273,0,0.000000e+00,0.000000e+00,188667424.0,217099312.0,11842.2,42.63,0.61
BER: END_SEQ #73 [LOCK] seq_err=0 BER_seq=0.0000e+00 | lock=73 slip=0 BER_cond=0.0000e+00 BER_cum=0.0000e+00
BER: SYNC #74 (gated)
CSV,1080007,216000,74,73,0,37396,0,0.000000e+00,0.000000e+00,185803312.0,214898176.0,12289.1,42.43,0.63
CSV,1085007,217000,74,73,0,37596,0,0.000000e+00,0.000000e+00,219919344.0,187756352.0,10811.8,43.08,0.69
CSV,1090007,218000,74,73,0,37796,0,0.000000e+00,0.000000e+00,188944560.0,210231344.0,11307.0,42.69,0.46
BER: END_SEQ #74 [LOCK] seq_err=0 BER_seq=0.0000e+00 | lock=74 slip=0 BER_cond=0.0000e+00 BER_cum=0.0000e+00
BER: SYNC #75 (gated)
CSV,1095007,219000,75,74,0,37919,0,0.000000e+00,0.000000e+00,185308944.0,220654880.0,12847.5,42.35,0.76
CSV,1100007,220000,75,74,0,38119,0,0.000000e+00,0.000000e+00,217449232.0,181609936.0,11553.0,42.75,0.78
CSV,1105007,221000,75,74,0,38319,0,0.000000e+00,0.000000e+00,192187344.0,214229648.0,12992.8,42.17,0.47
BER: END_SEQ #75 [LOCK] seq_err=0 BER_seq=0.0000e+00 | lock=75 slip=0 BER_cond=0.0000e+00 BER_cum=0.0000e+00
BER: SYNC #76 (gated)
CSV,1110007,222000,76,75,0,38441,0,0.000000e+00,0.000000e+00,187203680.0,209496512.0,12800.2,42.14,0.49
CSV,1115007,223000,76,75,0,38641,0,0.000000e+00,0.000000e+00,214216688.0,186188880.0,11306.8,42.78,0.61
BER: END_SEQ #76 [LOCK] seq_err=0 BER_seq=0.0000e+00 | lock=76 slip=0 BER_cond=0.0000e+00 BER_cum=0.0000e+00
CSV,1120007,224000,76,76,0,38836,0,0.000000e+00,0.000000e+00,185049936.0,219526064.0,11487.8,42.81,0.74
BER: SYNC #77 (gated)
CSV,1125007,225000,77,76,0,38964,0,0.000000e+00,0.000000e+00,201316176.0,192394528.0,12335.0,42.13,0.20
CSV,1130007,226000,77,76,0,39164,0,0.000000e+00,0.000000e+00,201218576.0,203242784.0,12255.4,42.20,0.04
BER: END_SEQ #77 [LOCK] seq_err=0 BER_seq=0.0000e+00 | lock=77 slip=0 BER_cond=0.0000e+00 BER_cum=0.0000e+00
CSV,1135007,227000,77,77,0,39347,0,0.000000e+00,0.000000e+00,185238592.0,208904096.0,11642.9,42.54,0.52
BER: SYNC #78 (gated)
CSV,1140007,228000,78,77,0,39487,0,0.000000e+00,0.000000e+00,208260544.0,192802752.0,11904.5,42.43,0.33
CSV,1145007,229000,78,77,0,39687,0,0.000000e+00,0.000000e+00,194833824.0,201136064.0,10880.6,42.67,0.14
BER: END_SEQ #78 [LOCK] seq_err=0 BER_seq=0.0000e+00 | lock=78 slip=0 BER_cond=0.0000e+00 BER_cum=0.0000e+00
CSV,1150007,230000,78,78,0,39858,0,0.000000e+00,0.000000e+00,184840592.0,211637600.0,11783.4,42.54,0.59
BER: SYNC #79 (gated)
CSV,1155007,231000,79,78,0,40009,0,0.000000e+00,0.000000e+00,209788880.0,187377472.0,12444.1,42.27,0.49
CSV,1160007,232000,79,78,0,40209,0,0.000000e+00,0.000000e+00,185890768.0,207091616.0,11537.2,42.54,0.47
BER: END_SEQ #79 [LOCK] seq_err=0 BER_seq=0.0000e+00 | lock=79 slip=0 BER_cond=0.0000e+00 BER_cum=0.0000e+00
CSV,1165007,233000,79,79,0,40369,0,0.000000e+00,0.000000e+00,189339248.0,209049840.0,12517.9,42.23,0.43
BER: SYNC #80 (gated)
CSV,1170007,234000,80,79,0,40532,0,0.000000e+00,0.000000e+00,208661648.0,181953920.0,11981.2,42.41,0.59
CSV,1175007,235000,80,79,0,40732,0,0.000000e+00,0.000000e+00,189956176.0,209719856.0,11102.0,42.76,0.43
BER: END_SEQ #80 [LOCK] seq_err=0 BER_seq=0.0000e+00 | lock=80 slip=0 BER_cond=0.0000e+00 BER_cum=0.0000e+00
CSV,1180007,236000,80,80,0,40880,0,0.000000e+00,0.000000e+00,182746688.0,208189904.0,12193.6,42.32,0.57
BER: SYNC #81 (gated)
CSV,1185007,237000,81,80,0,41055,0,0.000000e+00,0.000000e+00,209036768.0,187184624.0,11783.4,42.49,0.48
CSV,1190007,238000,81,80,0,41255,0,0.000000e+00,0.000000e+00,184823856.0,211176000.0,11656.7,42.58,0.58
BER: END_SEQ #81 [LOCK] seq_err=0 BER_seq=0.0000e+00 | lock=81 slip=0 BER_cond=0.0000e+00 BER_cum=0.0000e+00
CSV,1195007,239000,81,81,0,41391,0,0.000000e+00,0.000000e+00,186061488.0,200230816.0,12496.3,42.05,0.32
BER: SYNC #82 (gated)
CSV,1200007,240000,82,81,0,41577,0,0.000000e+00,0.000000e+00,209905536.0,188141264.0,11053.4,42.79,0.48
CSV,1205007,241000,82,81,0,41777,0,0.000000e+00,0.000000e+00,186830864.0,201365408.0,11786.6,42.33,0.33
BER: END_SEQ #82 [LOCK] seq_err=0 BER_seq=0.0000e+00 | lock=82 slip=0 BER_cond=0.0000e+00 BER_cum=0.0000e+00
CSV,1210007,242000,82,82,0,41902,0,0.000000e+00,0.000000e+00,179023392.0,213966384.0,12715.8,42.26,0.77
BER: SYNC #83 (gated)
CSV,1215007,243000,83,82,0,42100,0,0.000000e+00,0.000000e+00,212753616.0,176325312.0,11710.1,42.59,0.82
CSV,1220007,244000,83,82,0,42300,0,0.000000e+00,0.000000e+00,185243360.0,207541488.0,12503.7,42.20,0.49
BER: END_SEQ #83 [LOCK] seq_err=0 BER_seq=0.0000e+00 | lock=83 slip=0 BER_cond=0.0000e+00 BER_cum=0.0000e+00
BER: SYNC #84 (gated)
CSV,1225007,245000,84,83,0,42423,0,0.000000e+00,0.000000e+00,179946816.0,210459728.0,12429.6,42.29,0.68
CSV,1230007,246000,84,83,0,42623,0,0.000000e+00,0.000000e+00,205375984.0,182833392.0,11658.5,42.46,0.50
CSV,1235007,247000,84,83,0,42823,0,0.000000e+00,0.000000e+00,187370880.0,205959248.0,11224.6,42.64,0.41
BER: END_SEQ #84 [LOCK] seq_err=0 BER_seq=0.0000e+00 | lock=84 slip=0 BER_cond=0.0000e+00 BER_cum=0.0000e+00
BER: SYNC #85 (gated)
CSV,1240007,248000,85,84,0,42945,0,0.000000e+00,0.000000e+00,175452896.0,205860112.0,12755.5,42.08,0.69
CSV,1245007,249000,85,84,0,43145,0,0.000000e+00,0.000000e+00,213413616.0,179489808.0,11265.7,42.77,0.75
CSV,1250007,250000,85,84,0,43345,0,0.000000e+00,0.000000e+00,184441312.0,200389824.0,11194.4,42.53,0.36
BER: END_SEQ #85 [LOCK] seq_err=0 BER_seq=0.0000e+00 | lock=85 slip=0 BER_cond=0.0000e+00 BER_cum=0.0000e+00
BER: SYNC #86 (gated)
CSV,1255007,251000,86,85,0,43468,0,0.000000e+00,0.000000e+00,178661952.0,209442656.0,11442.0,42.63,0.69
CSV,1260007,252000,86,85,0,43668,0,0.000000e+00,0.000000e+00,202169408.0,184928256.0,11254.4,42.54,0.39
CSV,1265007,253000,86,85,0,43868,0,0.000000e+00,0.000000e+00,188960288.0,196894544.0,11840.4,42.21,0.18
BER: END_SEQ #86 [LOCK] seq_err=0 BER_seq=0.0000e+00 | lock=86 slip=0 BER_cond=0.0000e+00 BER_cum=0.0000e+00
BER: SYNC #87 (gated)
CSV,1270007,254000,87,86,0,43991,0,0.000000e+00,0.000000e+00,181126720.0,207730192.0,11676.3,42.50,0.60
CSV,1275007,255000,87,86,0,44191,0,0.000000e+00,0.000000e+00,199626320.0,182224736.0,11453.5,42.41,0.40
CSV,1280007,256000,87,86,0,44391,0,0.000000e+00,0.000000e+00,185938848.0,204917392.0,11662.7,42.45,0.42
BER: END_SEQ #87 [LOCK] seq_err=0 BER_seq=0.0000e+00 | lock=87 slip=0 BER_cond=0.0000e+00 BER_cum=0.0000e+00
BER: SYNC #88 (gated)
CSV,1285007,257000,88,87,0,44513,0,0.000000e+00,0.000000e+00,177636480.0,199926960.0,11870.1,42.26,0.51
CSV,1290007,258000,88,87,0,44713,0,0.000000e+00,0.000000e+00,208286752.0,180037344.0,11625.7,42.53,0.63
CSV,1295007,259000,88,87,0,44913,0,0.000000e+00,0.000000e+00,184208496.0,199394528.0,10712.0,42.70,0.34
BER: END_SEQ #88 [LOCK] seq_err=0 BER_seq=0.0000e+00 | lock=88 slip=0 BER_cond=0.0000e+00 BER_cum=0.0000e+00
BER: SYNC #89 (gated)
CSV,1300007,260000,89,88,0,45036,0,0.000000e+00,0.000000e+00,170853680.0,211619472.0,12603.2,42.25,0.93
CSV,1305007,261000,89,88,0,45236,0,0.000000e+00,0.000000e+00,212581328.0,173925104.0,10766.0,42.95,0.87
CSV,1310007,262000,89,88,0,45436,0,0.000000e+00,0.000000e+00,181982912.0,198316656.0,10600.2,42.72,0.37
BER: END_SEQ #89 [LOCK] seq_err=0 BER_seq=0.0000e+00 | lock=89 slip=0 BER_cond=0.0000e+00 BER_cum=0.0000e+00
BER: SYNC #90 (gated)
CSV,1315007,263000,90,89,0,45559,0,0.000000e+00,0.000000e+00,172364128.0,214356496.0,11259.3,42.80,0.95
CSV,1320007,264000,90,89,0,45759,0,0.000000e+00,0.000000e+00,209474656.0,169110288.0,11118.5,42.75,0.93
CSV,1325007,265000,90,89,0,45959,0,0.000000e+00,0.000000e+00,178092528.0,209031552.0,11175.3,42.72,0.70
BER: END_SEQ #90 [LOCK] seq_err=0 BER_seq=0.0000e+00 | lock=90 slip=0 BER_cond=0.0000e+00 BER_cum=0.0000e+00
BER: SYNC #91 (gated)
CSV,1330007,266000,91,90,0,46081,0,0.000000e+00,0.000000e+00,176349712.0,200071952.0,11627.1,42.36,0.55
CSV,1335007,267000,91,90,0,46281,0,0.000000e+00,0.000000e+00,203449376.0,179009216.0,12091.9,42.26,0.56
CSV,1340007,268000,91,90,0,46481,0,0.000000e+00,0.000000e+00,182721632.0,200405184.0,10858.8,42.66,0.40
BER: END_SEQ #91 [LOCK] seq_err=0 BER_seq=0.0000e+00 | lock=91 slip=0 BER_cond=0.0000e+00 BER_cum=0.0000e+00
BER: SYNC #92 (gated)
CSV,1345007,269000,92,91,0,46604,0,0.000000e+00,0.000000e+00,170123472.0,204679008.0,12850.4,42.02,0.80
CSV,1350007,270000,92,91,0,46804,0,0.000000e+00,0.000000e+00,207131600.0,177328992.0,11213.8,42.66,0.67
CSV,1355007,271000,92,91,0,47004,0,0.000000e+00,0.000000e+00,177397088.0,197553216.0,12154.8,42.11,0.47
BER: END_SEQ #92 [LOCK] seq_err=0 BER_seq=0.0000e+00 | lock=92 slip=0 BER_cond=0.0000e+00 BER_cum=0.0000e+00
BER: SYNC #93 (gated)
CSV,1360007,272000,93,92,0,47127,0,0.000000e+00,0.000000e+00,177561328.0,203588304.0,12694.9,42.05,0.59
CSV,1365007,273000,93,92,0,47327,0,0.000000e+00,0.000000e+00,199487264.0,175622192.0,11230.2,42.50,0.55
BER: END_SEQ #93 [LOCK] seq_err=0 BER_seq=0.0000e+00 | lock=93 slip=0 BER_cond=0.0000e+00 BER_cum=0.0000e+00
CSV,1370007,274000,93,93,0,47523,0,0.000000e+00,0.000000e+00,173106256.0,207434448.0,11347.1,42.62,0.79
BER: SYNC #94 (gated)
CSV,1375007,275000,94,93,0,47649,0,0.000000e+00,0.000000e+00,188770704.0,184950976.0,12283.7,41.87,0.09
CSV,1380007,276000,94,93,0,47849,0,0.000000e+00,0.000000e+00,187925008.0,186303472.0,11085.3,42.29,0.04
BER: END_SEQ #94 [LOCK] seq_err=0 BER_seq=0.0000e+00 | lock=94 slip=0 BER_cond=0.0000e+00 BER_cum=0.0000e+00
CSV,1385007,277000,94,94,0,48034,0,0.000000e+00,0.000000e+00,176249376.0,202782400.0,10432.5,42.89,0.61
BER: SYNC #95 (gated)
CSV,1390007,278000,95,94,0,48172,0,0.000000e+00,0.000000e+00,192353008.0,176218272.0,11917.5,42.08,0.38
CSV,1395007,279000,95,94,0,48372,0,0.000000e+00,0.000000e+00,184752192.0,194330176.0,11228.5,42.38,0.22
BER: END_SEQ #95 [LOCK] seq_err=0 BER_seq=0.0000e+00 | lock=95 slip=0 BER_cond=0.0000e+00 BER_cum=0.0000e+00
CSV,1400007,280000,95,95,0,48545,0,0.000000e+00,0.000000e+00,170964640.0,198737264.0,11000.3,42.57,0.65
BER: SYNC #96 (gated)
CSV,1405007,281000,96,95,0,48695,0,0.000000e+00,0.000000e+00,196259312.0,179790944.0,12140.0,42.09,0.38
CSV,1410007,282000,96,95,0,48895,0,0.000000e+00,0.000000e+00,178778992.0,193835536.0,11023.9,42.45,0.35
BER: END_SEQ #96 [LOCK] seq_err=0 BER_seq=0.0000e+00 | lock=96 slip=0 BER_cond=0.0000e+00 BER_cum=0.0000e+00
CSV,1415007,283000,96,96,0,49056,0,0.000000e+00,0.000000e+00,173059680.0,195989040.0,11980.6,42.14,0.54
BER: SYNC #97 (gated)
CSV,1420007,284000,97,96,0,49217,0,0.000000e+00,0.000000e+00,196724864.0,177147904.0,11165.9,42.46,0.46
CSV,1425007,285000,97,96,0,49417,0,0.000000e+00,0.000000e+00,175189664.0,192869680.0,11055.7,42.42,0.42
BER: END_SEQ #97 [LOCK] seq_err=0 BER_seq=0.0000e+00 | lock=97 slip=0 BER_cond=0.0000e+00 BER_cum=0.0000e+00
CSV,1430007,286000,97,97,0,49567,0,0.000000e+00,0.000000e+00,174250048.0,198289456.0,12392.1,42.04,0.56
BER: SYNC #98 (gated)
CSV,1435007,287000,98,97,0,49740,0,0.000000e+00,0.000000e+00,191354960.0,175362960.0,10614.8,42.56,0.38
CSV,1440007,288000,98,97,0,49940,0,0.000000e+00,0.000000e+00,175536768.0,197934800.0,11001.3,42.55,0.52
BER: END_SEQ #98 [LOCK] seq_err=0 BER_seq=0.0000e+00 | lock=98 slip=0 BER_cond=0.0000e+00 BER_cum=0.0000e+00
CSV,1445007,289000,98,98,0,50078,0,0.000000e+00,0.000000e+00,176284784.0,190986960.0,11593.3,42.17,0.35
BER: SYNC #99 (gated)
CSV,1450007,290000,99,98,0,50263,0,0.000000e+00,0.000000e+00,192508176.0,176492912.0,10925.1,42.46,0.38
CSV,1455007,291000,99,98,0,50463,0,0.000000e+00,0.000000e+00,178161504.0,192878320.0,11906.6,42.09,0.34
BER: END_SEQ #99 [LOCK] seq_err=0 BER_seq=0.0000e+00 | lock=99 slip=0 BER_cond=0.0000e+00 BER_cum=0.0000e+00
CSV,1460007,292000,99,99,0,50589,0,0.000000e+00,0.000000e+00,165389280.0,195505440.0,11599.3,42.27,0.73
BER: SYNC #100 (gated)
CSV,1465007,293000,100,99,0,50785,0,0.000000e+00,0.000000e+00,201886256.0,169830496.0,11397.9,42.48,0.75
CSV,1470007,294000,100,99,0,50985,0,0.000000e+00,0.000000e+00,172475808.0,190638896.0,11149.0,42.33,0.43
BER: END_SEQ #100 [LOCK] seq_err=0 BER_seq=0.0000e+00 | lock=100 slip=0 BER_cond=0.0000e+00 BER_cum=0.0000e+00
BER: SYNC #101 (gated)
CSV,1475007,295000,101,100,0,51108,0,0.000000e+00,0.000000e+00,167399152.0,200608800.0,11005.3,42.61,0.79
CSV,1480007,296000,101,100,0,51308,0,0.000000e+00,0.000000e+00,194272848.0,170679952.0,11209.2,42.39,0.56
CSV,1485007,297000,101,100,0,51508,0,0.000000e+00,0.000000e+00,173972848.0,192310800.0,10145.4,42.78,0.44
BER: END_SEQ #101 [LOCK] seq_err=0 BER_seq=0.0000e+00 | lock=101 slip=0 BER_cond=0.0000e+00 BER_cum=0.0000e+00
BER: SYNC #102 (gated)
CSV,1490007,298000,102,101,0,51631,0,0.000000e+00,0.000000e+00,168869808.0,198467376.0,12107.8,42.15,0.70
CSV,1495007,299000,102,101,0,51831,0,0.000000e+00,0.000000e+00,194759728.0,167385040.0,10789.8,42.56,0.66
CSV,1500007,300000,102,101,0,52031,0,0.000000e+00,0.000000e+00,175274752.0,193859616.0,10733.5,42.57,0.44
BER: END_SEQ #102 [LOCK] seq_err=0 BER_seq=0.0000e+00 | lock=102 slip=0 BER_cond=0.0000e+00 BER_cum=0.0000e+00

=========================================
=== END OF TEST (duration=25 min) ===
=========================================
FINAL: syncs=102 lock=102 slip=0 slip_rate=0.0000
FINAL: bits_cum=52122 err_cum=0 BER_cum=0.0000e+00
FINAL: bits_lock=52122 err_lock=0 BER_cond=0.0000e+00
=========================================
=== STOP LOGGING NOW ===
=========================================
