

=== RX BOOT - BER TEST MODE ===
BPS_MODE=40 (HALF_SAMPLES=1000, 5000 samples/bit @ 200000 Hz)
Expect: 64-bit preamble + Barker13 (1F35h, gated by 8 preamble bits = 0x55) + 511-bit PRBS-9
Noise floor band: 5000 Hz; lock threshold: BER<0.10
Auto-stop: test will halt 25 min after the first sync.
RX: edge-tracking sync, center-3 voting
Starting decoder...

BER: SYNC #1 (gated)
CSV,5007,1000,1,0,0,41,0,0.000000e+00,0.000000e+00,44615397376.0,39079075840.0,964170.4,46.65,0.58
CSV,10007,2000,1,0,0,241,0,0.000000e+00,0.000000e+00,47961833472.0,37928374272.0,1186142.4,46.07,1.02
CSV,15007,3000,1,0,0,441,0,0.000000e+00,0.000000e+00,43334934528.0,40123584512.0,1201374.9,45.57,0.33
BER: END_SEQ #1 [LOCK] seq_err=0 BER_seq=0.0000e+00 | lock=1 slip=0 BER_cond=0.0000e+00 BER_cum=0.0000e+00
BER: SYNC #2 (gated)
CSV,20007,4000,2,1,0,564,0,0.000000e+00,0.000000e+00,43574607872.0,39422574592.0,1344177.4,45.11,0.43
CSV,25007,5000,2,1,0,764,0,0.000000e+00,0.000000e+00,46699122688.0,35544338432.0,1078634.0,46.36,1.19
CSV,30007,6000,2,1,0,964,0,0.000000e+00,0.000000e+00,43832967168.0,39454863360.0,1283450.2,45.33,0.46
BER: END_SEQ #2 [LOCK] seq_err=0 BER_seq=0.0000e+00 | lock=2 slip=0 BER_cond=0.0000e+00 BER_cum=0.0000e+00
BER: SYNC #3 (gated)
CSV,35007,7000,3,2,0,1087,0,0.000000e+00,0.000000e+00,40916901888.0,41352368128.0,1257837.9,45.17,0.05
CSV,40007,8000,3,2,0,1287,0,0.000000e+00,0.000000e+00,50347257856.0,34977292288.0,1113349.5,46.55,1.58
CSV,45007,9000,3,2,0,1487,0,0.000000e+00,0.000000e+00,43143802880.0,39981568000.0,1199782.5,45.56,0.33
BER: END_SEQ #3 [LOCK] seq_err=0 BER_seq=0.0000e+00 | lock=3 slip=0 BER_cond=0.0000e+00 BER_cum=0.0000e+00
BER: SYNC #4 (gated)
CSV,50007,10000,4,3,0,1610,0,0.000000e+00,0.000000e+00,41493970944.0,41813741568.0,1303954.0,45.06,0.03
CSV,55007,11000,4,3,0,1809,0,0.000000e+00,0.000000e+00,49932394496.0,34510184448.0,1139246.0,46.42,1.60
CSV,60007,12000,4,3,0,2009,0,0.000000e+00,0.000000e+00,42751254528.0,41198632960.0,1116423.2,45.83,0.16
BER: END_SEQ #4 [LOCK] seq_err=0 BER_seq=0.0000e+00 | lock=4 slip=0 BER_cond=0.0000e+00 BER_cum=0.0000e+00
BER: SYNC #5 (gated)
CSV,65007,13000,5,4,0,2132,0,0.000000e+00,0.000000e+00,41656913920.0,41005187072.0,1310724.8,45.02,0.07
CSV,70007,14000,5,4,0,2332,0,0.000000e+00,0.000000e+00,49043968000.0,35644645376.0,1150624.2,46.30,1.39
CSV,75007,15000,5,4,0,2532,0,0.000000e+00,0.000000e+00,43803377664.0,39718457344.0,1105341.8,45.98,0.43
BER: END_SEQ #5 [LOCK] seq_err=0 BER_seq=0.0000e+00 | lock=5 slip=0 BER_cond=0.0000e+00 BER_cum=0.0000e+00
BER: SYNC #6 (gated)
CSV,80007,16000,6,5,0,2655,0,0.000000e+00,0.000000e+00,41367736320.0,41148620800.0,1391095.8,44.73,0.02
CSV,85007,17000,6,5,0,2855,0,0.000000e+00,0.000000e+00,49691959296.0,35056472064.0,1038392.4,46.80,1.52
CSV,90007,18000,6,5,0,3055,0,0.000000e+00,0.000000e+00,42491985920.0,40707092480.0,1153374.6,45.66,0.19
BER: END_SEQ #6 [LOCK] seq_err=0 BER_seq=0.0000e+00 | lock=6 slip=0 BER_cond=0.0000e+00 BER_cum=0.0000e+00
BER: SYNC #7 (gated)
CSV,95007,19000,7,6,0,3178,0,0.000000e+00,0.000000e+00,42235478016.0,40697225216.0,1352412.8,44.95,0.16
CSV,100007,20000,7,6,0,3378,0,0.000000e+00,0.000000e+00,48894455808.0,35140296704.0,1046848.0,46.69,1.43
BER: END_SEQ #7 [LOCK] seq_err=0 BER_seq=0.0000e+00 | lock=7 slip=0 BER_cond=0.0000e+00 BER_cum=0.0000e+00
CSV,105007,21000,7,7,0,3577,0,0.000000e+00,0.000000e+00,41866670080.0,42009296896.0,953355.4,46.44,0.01
BER: SYNC #8 (gated)
CSV,110007,22000,8,7,0,3700,0,0.000000e+00,0.000000e+00,44471652352.0,37916168192.0,1374087.5,45.10,0.69
CSV,115007,23000,8,7,0,3900,0,0.000000e+00,0.000000e+00,47554134016.0,37048266752.0,1142026.5,46.20,1.08
BER: END_SEQ #8 [LOCK] seq_err=0 BER_seq=0.0000e+00 | lock=8 slip=0 BER_cond=0.0000e+00 BER_cum=0.0000e+00
CSV,120007,24000,8,8,0,4088,0,0.000000e+00,0.000000e+00,41185665024.0,40529784832.0,979681.8,46.24,0.07
BER: SYNC #9 (gated)
CSV,125007,25000,9,8,0,4223,0,0.000000e+00,0.000000e+00,47021858816.0,36574527488.0,1187015.8,45.98,1.09
CSV,130007,26000,9,8,0,4423,0,0.000000e+00,0.000000e+00,43686424576.0,38600470528.0,1134574.1,45.86,0.54
BER: END_SEQ #9 [LOCK] seq_err=0 BER_seq=0.0000e+00 | lock=9 slip=0 BER_cond=0.0000e+00 BER_cum=0.0000e+00
CSV,135007,27000,9,9,0,4599,0,0.000000e+00,0.000000e+00,42988863488.0,40427204608.0,1159797.5,45.69,0.27
BER: SYNC #10 (gated)
CSV,140007,28000,10,9,0,4746,0,0.000000e+00,0.000000e+00,47595814912.0,35048824832.0,1158985.1,46.13,1.33
CSV,145007,29000,10,9,0,4946,0,0.000000e+00,0.000000e+00,43413012480.0,39762321408.0,1153517.9,45.76,0.38
BER: END_SEQ #10 [LOCK] seq_err=0 BER_seq=0.0000e+00 | lock=10 slip=0 BER_cond=0.0000e+00 BER_cum=0.0000e+00
CSV,150007,30000,10,10,0,5110,0,0.000000e+00,0.000000e+00,41357824000.0,39479500800.0,1237744.6,45.24,0.20
BER: SYNC #11 (gated)
CSV,155007,31000,11,10,0,5269,0,0.000000e+00,0.000000e+00,47887175680.0,35616976896.0,1092016.8,46.42,1.29
CSV,160007,32000,11,10,0,5468,0,0.000000e+00,0.000000e+00,42258243584.0,38753075200.0,1032919.7,46.12,0.38
BER: END_SEQ #11 [LOCK] seq_err=0 BER_seq=0.0000e+00 | lock=11 slip=0 BER_cond=0.0000e+00 BER_cum=0.0000e+00
CSV,165007,33000,11,11,0,5621,0,0.000000e+00,0.000000e+00,42576617472.0,39536631808.0,1268967.4,45.26,0.32
BER: SYNC #12 (gated)
CSV,170007,34000,12,11,0,5791,0,0.000000e+00,0.000000e+00,46388199424.0,35096231936.0,1116402.4,46.19,1.21
CSV,175007,35000,12,11,0,5991,0,0.000000e+00,0.000000e+00,43329273856.0,39525945344.0,1159979.8,45.72,0.40
BER: END_SEQ #12 [LOCK] seq_err=0 BER_seq=0.0000e+00 | lock=12 slip=0 BER_cond=0.0000e+00 BER_cum=0.0000e+00
CSV,180007,36000,12,12,0,6132,0,0.000000e+00,0.000000e+00,41816399872.0,38245691392.0,1358003.2,44.88,0.39
BER: SYNC #13 (gated)
CSV,185007,37000,13,12,0,6314,0,0.000000e+00,0.000000e+00,47273553920.0,36373585920.0,1086812.2,46.38,1.14
CSV,190007,38000,13,12,0,6514,0,0.000000e+00,0.000000e+00,42068451328.0,38481068032.0,1247288.8,45.28,0.39
BER: END_SEQ #13 [LOCK] seq_err=0 BER_seq=0.0000e+00 | lock=13 slip=0 BER_cond=0.0000e+00 BER_cum=0.0000e+00
CSV,195007,39000,13,13,0,6643,0,0.000000e+00,0.000000e+00,42652286976.0,40110489600.0,1321722.2,45.09,0.27
BER: SYNC #14 (gated)
CSV,200007,40000,14,13,0,6837,0,0.000000e+00,0.000000e+00,48293834752.0,33627486208.0,1036801.6,46.68,1.57
CSV,205007,41000,14,13,0,7037,0,0.000000e+00,0.000000e+00,43286761472.0,39566868480.0,1232918.2,45.45,0.39
BER: END_SEQ #14 [LOCK] seq_err=0 BER_seq=0.0000e+00 | lock=14 slip=0 BER_cond=0.0000e+00 BER_cum=0.0000e+00
BER: SYNC #15 (gated)
CSV,210007,42000,15,14,0,7159,0,0.000000e+00,0.000000e+00,40357335040.0,39338004480.0,1347375.0,44.76,0.11
CSV,215007,43000,15,14,0,7359,0,0.000000e+00,0.000000e+00,48450252800.0,35257225216.0,1036492.2,46.70,1.38
CSV,220007,44000,15,14,0,7559,0,0.000000e+00,0.000000e+00,41667416064.0,38895345664.0,1113469.2,45.73,0.30
BER: END_SEQ #15 [LOCK] seq_err=0 BER_seq=0.0000e+00 | lock=15 slip=0 BER_cond=0.0000e+00 BER_cum=0.0000e+00
BER: SYNC #16 (gated)
CSV,225007,45000,16,15,0,7682,0,0.000000e+00,0.000000e+00,41673211904.0,40816902144.0,1289130.8,45.10,0.09
CSV,230007,46000,16,15,0,7882,0,0.000000e+00,0.000000e+00,47682469888.0,33881372672.0,1108798.0,46.34,1.48
CSV,235007,47000,16,15,0,8082,0,0.000000e+00,0.000000e+00,44237381632.0,39161495552.0,1108367.4,46.01,0.53
BER: END_SEQ #16 [LOCK] seq_err=0 BER_seq=0.0000e+00 | lock=16 slip=0 BER_cond=0.0000e+00 BER_cum=0.0000e+00
BER: SYNC #17 (gated)
CSV,240007,48000,17,16,0,8205,0,0.000000e+00,0.000000e+00,39468122112.0,40223379456.0,1281179.1,44.97,0.08
CSV,245007,49000,17,16,0,8405,0,0.000000e+00,0.000000e+00,48359452672.0,35195404288.0,1107579.6,46.40,1.38
CSV,250007,50000,17,16,0,8605,0,0.000000e+00,0.000000e+00,43038662656.0,37671030784.0,1074125.1,46.03,0.58
BER: END_SEQ #17 [LOCK] seq_err=0 BER_seq=0.0000e+00 | lock=17 slip=0 BER_cond=0.0000e+00 BER_cum=0.0000e+00
BER: SYNC #18 (gated)
CSV,255007,51000,18,17,0,8728,0,0.000000e+00,0.000000e+00,42339991552.0,40198283264.0,1311314.8,45.09,0.23
CSV,260007,52000,18,17,0,8927,0,0.000000e+00,0.000000e+00,45904326656.0,35445288960.0,1021533.2,46.53,1.12
CSV,265007,53000,18,17,0,9127,0,0.000000e+00,0.000000e+00,43711533056.0,39019151360.0,1069467.8,46.11,0.49
BER: END_SEQ #18 [LOCK] seq_err=0 BER_seq=0.0000e+00 | lock=18 slip=0 BER_cond=0.0000e+00 BER_cum=0.0000e+00
BER: SYNC #19 (gated)
CSV,270007,54000,19,18,0,9250,0,0.000000e+00,0.000000e+00,41584930816.0,38260224000.0,1316998.2,44.99,0.36
CSV,275007,55000,19,18,0,9450,0,0.000000e+00,0.000000e+00,47400644608.0,36066889728.0,1097602.5,46.35,1.19
CSV,280007,56000,19,18,0,9650,0,0.000000e+00,0.000000e+00,42954608640.0,38141923328.0,947236.9,46.57,0.52
BER: END_SEQ #19 [LOCK] seq_err=0 BER_seq=0.0000e+00 | lock=19 slip=0 BER_cond=0.0000e+00 BER_cum=0.0000e+00
BER: SYNC #20 (gated)
CSV,285007,57000,20,19,0,9773,0,0.000000e+00,0.000000e+00,41141571584.0,40794214400.0,1255469.9,45.15,0.04
CSV,290007,58000,20,19,0,9973,0,0.000000e+00,0.000000e+00,48780013568.0,33158457344.0,1097675.0,46.48,1.68
CSV,295007,59000,20,19,0,10173,0,0.000000e+00,0.000000e+00,42709807104.0,39584829440.0,1027715.4,46.19,0.33
BER: END_SEQ #20 [LOCK] seq_err=0 BER_seq=0.0000e+00 | lock=20 slip=0 BER_cond=0.0000e+00 BER_cum=0.0000e+00
BER: SYNC #21 (gated)
CSV,300007,60000,21,20,0,10296,0,0.000000e+00,0.000000e+00,40092475392.0,39918796800.0,1278996.5,44.96,0.02
CSV,305007,61000,21,20,0,10496,0,0.000000e+00,0.000000e+00,49931227136.0,33467230208.0,1107943.4,46.54,1.74
CSV,310007,62000,21,20,0,10695,0,0.000000e+00,0.000000e+00,41455620096.0,39402278912.0,1020183.7,46.09,0.22
BER: END_SEQ #21 [LOCK] seq_err=0 BER_seq=0.0000e+00 | lock=21 slip=0 BER_cond=0.0000e+00 BER_cum=0.0000e+00
BER: SYNC #22 (gated)
CSV,315007,63000,22,21,0,10818,0,0.000000e+00,0.000000e+00,41298563072.0,40120639488.0,1246174.5,45.20,0.13
CSV,320007,64000,22,21,0,11018,0,0.000000e+00,0.000000e+00,47625539584.0,34545143808.0,1087404.9,46.41,1.39
CSV,325007,65000,22,21,0,11218,0,0.000000e+00,0.000000e+00,43296059392.0,39095214080.0,1111608.8,45.90,0.44
BER: END_SEQ #22 [LOCK] seq_err=0 BER_seq=0.0000e+00 | lock=22 slip=0 BER_cond=0.0000e+00 BER_cum=0.0000e+00
BER: SYNC #23 (gated)
CSV,330007,66000,23,22,0,11341,0,0.000000e+00,0.000000e+00,40999923712.0,40017334272.0,1249989.5,45.16,0.11
CSV,335007,67000,23,22,0,11541,0,0.000000e+00,0.000000e+00,49371422720.0,34803290112.0,1094440.5,46.54,1.52
CSV,340007,68000,23,22,0,11741,0,0.000000e+00,0.000000e+00,41731698688.0,39795359744.0,1125632.9,45.69,0.21
BER: END_SEQ #23 [LOCK] seq_err=0 BER_seq=0.0000e+00 | lock=23 slip=0 BER_cond=0.0000e+00 BER_cum=0.0000e+00
BER: SYNC #24 (gated)
CSV,345007,69000,24,23,0,11864,0,0.000000e+00,0.000000e+00,42004983808.0,39555801088.0,1266261.5,45.21,0.26
CSV,350007,70000,24,23,0,12064,0,0.000000e+00,0.000000e+00,48541327360.0,35644485632.0,1190186.2,46.10,1.34
BER: END_SEQ #24 [LOCK] seq_err=0 BER_seq=0.0000e+00 | lock=24 slip=0 BER_cond=0.0000e+00 BER_cum=0.0000e+00
CSV,355008,71000,24,24,0,12264,0,0.000000e+00,0.000000e+00,41501831168.0,41844772864.0,1170060.8,45.53,0.04
BER: SYNC #25 (gated)
CSV,360012,72001,25,24,0,12387,0,0.000000e+00,0.000000e+00,45297025024.0,38592364544.0,1421762.4,45.03,0.70
CSV,365012,73001,25,24,0,12587,0,0.000000e+00,0.000000e+00,47409377280.0,36438450176.0,1086466.5,46.40,1.14
BER: END_SEQ #25 [LOCK] seq_err=0 BER_seq=0.0000e+00 | lock=25 slip=0 BER_cond=0.0000e+00 BER_cum=0.0000e+00
CSV,370012,74001,25,25,0,12775,0,0.000000e+00,0.000000e+00,41623822336.0,41731915776.0,1196067.9,45.43,0.01
BER: SYNC #26 (gated)
CSV,375012,75001,26,25,0,12909,0,0.000000e+00,0.000000e+00,46371708928.0,36213989376.0,1334967.2,45.41,1.07
CSV,380012,76001,26,25,0,13109,0,0.000000e+00,0.000000e+00,44380327936.0,39479365632.0,1082202.9,46.13,0.51
BER: END_SEQ #26 [LOCK] seq_err=0 BER_seq=0.0000e+00 | lock=26 slip=0 BER_cond=0.0000e+00 BER_cum=0.0000e+00
CSV,385012,77001,26,26,0,13286,0,0.000000e+00,0.000000e+00,42648178688.0,40035545088.0,1205413.1,45.49,0.27
BER: SYNC #27 (gated)
CSV,390012,78001,27,26,0,13432,0,0.000000e+00,0.000000e+00,48591572992.0,36101120000.0,1300358.6,45.72,1.29
CSV,395012,79001,27,26,0,13632,0,0.000000e+00,0.000000e+00,42870665216.0,39699427328.0,1111630.8,45.86,0.33
BER: END_SEQ #27 [LOCK] seq_err=0 BER_seq=0.0000e+00 | lock=27 slip=0 BER_cond=0.0000e+00 BER_cum=0.0000e+00
CSV,400012,80001,27,27,0,13797,0,0.000000e+00,0.000000e+00,42819731456.0,40746053632.0,1130239.5,45.78,0.22
BER: SYNC #28 (gated)
CSV,405012,81001,28,27,0,13955,0,0.000000e+00,0.000000e+00,47448952832.0,35596713984.0,1247859.9,45.80,1.25
CSV,410012,82001,28,27,0,14155,0,0.000000e+00,0.000000e+00,43373338624.0,40708448256.0,1140985.5,45.80,0.28
BER: END_SEQ #28 [LOCK] seq_err=0 BER_seq=0.0000e+00 | lock=28 slip=0 BER_cond=0.0000e+00 BER_cum=0.0000e+00
CSV,415012,83001,28,28,0,14308,0,0.000000e+00,0.000000e+00,42510446592.0,39365447680.0,1292964.1,45.17,0.33
BER: SYNC #29 (gated)
CSV,420012,84001,29,28,0,14478,0,0.000000e+00,0.000000e+00,47964200960.0,36784467968.0,1124581.4,46.30,1.15
CSV,425012,85001,29,28,0,14677,0,0.000000e+00,0.000000e+00,42761867264.0,39534583808.0,1122707.8,45.81,0.34
BER: END_SEQ #29 [LOCK] seq_err=0 BER_seq=0.0000e+00 | lock=29 slip=0 BER_cond=0.0000e+00 BER_cum=0.0000e+00
CSV,430012,86001,29,29,0,14819,0,0.000000e+00,0.000000e+00,43196821504.0,40109056000.0,1445391.5,44.75,0.32
BER: SYNC #30 (gated)
CSV,435012,87001,30,29,0,15000,0,0.000000e+00,0.000000e+00,46496137216.0,36360355840.0,993713.4,46.70,1.07
CSV,440012,88001,30,29,0,15200,0,0.000000e+00,0.000000e+00,43641683968.0,40271364096.0,1034518.2,46.25,0.35
BER: END_SEQ #30 [LOCK] seq_err=0 BER_seq=0.0000e+00 | lock=30 slip=0 BER_cond=0.0000e+00 BER_cum=0.0000e+00
CSV,445012,89001,30,30,0,15330,0,0.000000e+00,0.000000e+00,41795960832.0,39531974656.0,1266068.5,45.19,0.24
BER: SYNC #31 (gated)
CSV,450012,90001,31,30,0,15523,0,0.000000e+00,0.000000e+00,49475063808.0,34752978944.0,1138752.1,46.38,1.53
CSV,455012,91001,31,30,0,15723,0,0.000000e+00,0.000000e+00,42073661440.0,38523953152.0,1000280.9,46.24,0.38
BER: END_SEQ #31 [LOCK] seq_err=0 BER_seq=0.0000e+00 | lock=31 slip=0 BER_cond=0.0000e+00 BER_cum=0.0000e+00
BER: SYNC #32 (gated)
CSV,460012,92001,32,31,0,15846,0,0.000000e+00,0.000000e+00,42069594112.0,40274980864.0,1248784.1,45.27,0.19
CSV,465012,93001,32,31,0,16046,0,0.000000e+00,0.000000e+00,47420260352.0,34450280448.0,1112207.6,46.30,1.39
CSV,470012,94001,32,31,0,16246,0,0.000000e+00,0.000000e+00,42988109824.0,40147529728.0,1036684.2,46.18,0.30
BER: END_SEQ #32 [LOCK] seq_err=0 BER_seq=0.0000e+00 | lock=32 slip=0 BER_cond=0.0000e+00 BER_cum=0.0000e+00
BER: SYNC #33 (gated)
CSV,475012,95001,33,32,0,16368,0,0.000000e+00,0.000000e+00,40001024000.0,40106250240.0,1214350.1,45.19,0.01
CSV,480012,96001,33,32,0,16568,0,0.000000e+00,0.000000e+00,49000853504.0,35104256000.0,1105023.6,46.47,1.45
CSV,485012,97001,33,32,0,16768,0,0.000000e+00,0.000000e+00,43014492160.0,37762113536.0,1118542.1,45.85,0.57
BER: END_SEQ #33 [LOCK] seq_err=0 BER_seq=0.0000e+00 | lock=33 slip=0 BER_cond=0.0000e+00 BER_cum=0.0000e+00
BER: SYNC #34 (gated)
CSV,490012,98001,34,33,0,16891,0,0.000000e+00,0.000000e+00,40849129472.0,41344458752.0,1248174.6,45.20,0.05
CSV,495012,99001,34,33,0,17091,0,0.000000e+00,0.000000e+00,47369646080.0,33980033024.0,1083596.9,46.41,1.44
CSV,500012,100001,34,33,0,17291,0,0.000000e+00,0.000000e+00,43986333696.0,38955163648.0,1038439.0,46.27,0.53
BER: END_SEQ #34 [LOCK] seq_err=0 BER_seq=0.0000e+00 | lock=34 slip=0 BER_cond=0.0000e+00 BER_cum=0.0000e+00
BER: SYNC #35 (gated)
CSV,505012,101001,35,34,0,17414,0,0.000000e+00,0.000000e+00,41024565248.0,38603948032.0,1297819.4,45.00,0.26
CSV,510012,102001,35,34,0,17614,0,0.000000e+00,0.000000e+00,47011930112.0,36360134656.0,1150164.0,46.11,1.12
CSV,515012,103001,35,34,0,17814,0,0.000000e+00,0.000000e+00,42625953792.0,38169886720.0,1190611.1,45.54,0.48
BER: END_SEQ #35 [LOCK] seq_err=0 BER_seq=0.0000e+00 | lock=35 slip=0 BER_cond=0.0000e+00 BER_cum=0.0000e+00
BER: SYNC #36 (gated)
CSV,520012,104001,36,35,0,17937,0,0.000000e+00,0.000000e+00,43204947968.0,40634265600.0,1362633.6,45.01,0.27
CSV,525012,105001,36,35,0,18136,0,0.000000e+00,0.000000e+00,46991020032.0,36055224320.0,1095294.8,46.32,1.15
CSV,530012,106001,36,35,0,18336,0,0.000000e+00,0.000000e+00,44780822528.0,39713124352.0,1267689.9,45.48,0.52
BER: END_SEQ #36 [LOCK] seq_err=0 BER_seq=0.0000e+00 | lock=36 slip=0 BER_cond=0.0000e+00 BER_cum=0.0000e+00
BER: SYNC #37 (gated)
CSV,535012,107001,37,36,0,18459,0,0.000000e+00,0.000000e+00,40594333696.0,40663052288.0,1245569.9,45.14,0.01
CSV,540012,108001,37,36,0,18659,0,0.000000e+00,0.000000e+00,50329608192.0,34744111104.0,1091295.5,46.64,1.61
CSV,545012,109001,37,36,0,18859,0,0.000000e+00,0.000000e+00,42210979840.0,39734706176.0,1205934.4,45.44,0.26
BER: END_SEQ #37 [LOCK] seq_err=0 BER_seq=0.0000e+00 | lock=37 slip=0 BER_cond=0.0000e+00 BER_cum=0.0000e+00
BER: SYNC #38 (gated)
CSV,550012,110001,38,37,0,18982,0,0.000000e+00,0.000000e+00,41669156864.0,41728008192.0,1261095.5,45.20,0.01
CSV,555012,111001,38,37,0,19182,0,0.000000e+00,0.000000e+00,49513119744.0,33878589440.0,1099781.5,46.53,1.65
CSV,560012,112001,38,37,0,19382,0,0.000000e+00,0.000000e+00,43185221632.0,40922193920.0,1134229.8,45.81,0.23
BER: END_SEQ #38 [LOCK] seq_err=0 BER_seq=0.0000e+00 | lock=38 slip=0 BER_cond=0.0000e+00 BER_cum=0.0000e+00
BER: SYNC #39 (gated)
CSV,565012,113001,39,38,0,19505,0,0.000000e+00,0.000000e+00,41166385152.0,40590671872.0,1327620.9,44.91,0.06
CSV,570012,114001,39,38,0,19705,0,0.000000e+00,0.000000e+00,48910209024.0,35939962880.0,1140785.9,46.32,1.34
CSV,575012,115001,39,38,0,19904,0,0.000000e+00,0.000000e+00,42908585984.0,39761235968.0,1107528.4,45.88,0.33
BER: END_SEQ #39 [LOCK] seq_err=0 BER_seq=0.0000e+00 | lock=39 slip=0 BER_cond=0.0000e+00 BER_cum=0.0000e+00
BER: SYNC #40 (gated)
CSV,580012,116001,40,39,0,20027,0,0.000000e+00,0.000000e+00,41921884160.0,41083179008.0,1365623.4,44.87,0.09
CSV,585012,117001,40,39,0,20227,0,0.000000e+00,0.000000e+00,48967208960.0,34666319872.0,1027337.6,46.78,1.50
CSV,590012,118001,40,39,0,20427,0,0.000000e+00,0.000000e+00,42568093696.0,41049919488.0,1155940.5,45.66,0.16
BER: END_SEQ #40 [LOCK] seq_err=0 BER_seq=0.0000e+00 | lock=40 slip=0 BER_cond=0.0000e+00 BER_cum=0.0000e+00
BER: SYNC #41 (gated)
CSV,595012,119001,41,40,0,20550,0,0.000000e+00,0.000000e+00,42316804096.0,40036921344.0,1353354.9,44.95,0.24
CSV,600012,120001,41,40,0,20750,0,0.000000e+00,0.000000e+00,48986775552.0,35672940544.0,1052435.9,46.68,1.38
CSV,605012,121001,41,40,0,20950,0,0.000000e+00,0.000000e+00,41459875840.0,41640153088.0,901646.6,46.64,0.02
BER: END_SEQ #41 [LOCK] seq_err=0 BER_seq=0.0000e+00 | lock=41 slip=0 BER_cond=0.0000e+00 BER_cum=0.0000e+00
BER: SYNC #42 (gated)
CSV,610012,122001,42,41,0,21073,0,0.000000e+00,0.000000e+00,44390281216.0,38372986880.0,1397373.0,45.02,0.63
CSV,615012,123001,42,41,0,21273,0,0.000000e+00,0.000000e+00,47419748352.0,36363161600.0,1131296.1,46.22,1.15
BER: END_SEQ #42 [LOCK] seq_err=0 BER_seq=0.0000e+00 | lock=42 slip=0 BER_cond=0.0000e+00 BER_cum=0.0000e+00
CSV,620012,124001,42,42,0,21462,0,0.000000e+00,0.000000e+00,41830547456.0,41209028608.0,1023003.6,46.12,0.07
BER: SYNC #43 (gated)
CSV,625012,125001,43,42,0,21596,0,0.000000e+00,0.000000e+00,46959681536.0,36730400768.0,1198568.8,45.93,1.07
CSV,630012,126001,43,42,0,21795,0,0.000000e+00,0.000000e+00,43645882368.0,39311736832.0,1130168.2,45.87,0.45
BER: END_SEQ #43 [LOCK] seq_err=0 BER_seq=0.0000e+00 | lock=43 slip=0 BER_cond=0.0000e+00 BER_cum=0.0000e+00
CSV,635012,127001,43,43,0,21973,0,0.000000e+00,0.000000e+00,43051102208.0,39866728448.0,1241275.6,45.40,0.33
BER: SYNC #44 (gated)
CSV,640012,128001,44,43,0,22118,0,0.000000e+00,0.000000e+00,47294496768.0,35341115392.0,1147529.1,46.15,1.27
CSV,645012,129001,44,43,0,22318,0,0.000000e+00,0.000000e+00,43728273408.0,40010264576.0,1160700.9,45.76,0.39
BER: END_SEQ #44 [LOCK] seq_err=0 BER_seq=0.0000e+00 | lock=44 slip=0 BER_cond=0.0000e+00 BER_cum=0.0000e+00
CSV,650012,130001,44,44,0,22484,0,0.000000e+00,0.000000e+00,42100555776.0,40126582784.0,1256712.6,45.25,0.21
BER: SYNC #45 (gated)
CSV,655012,131001,45,44,0,22641,0,0.000000e+00,0.000000e+00,48202203136.0,36250996736.0,1149324.0,46.23,1.24
CSV,660012,132001,45,44,0,22841,0,0.000000e+00,0.000000e+00,42454319104.0,40093970432.0,1047702.8,46.08,0.25
BER: END_SEQ #45 [LOCK] seq_err=0 BER_seq=0.0000e+00 | lock=45 slip=0 BER_cond=0.0000e+00 BER_cum=0.0000e+00
CSV,665012,133001,45,45,0,22995,0,0.000000e+00,0.000000e+00,43191504896.0,39911219200.0,1324125.1,45.13,0.34
BER: SYNC #46 (gated)
CSV,670012,134001,46,45,0,23164,0,0.000000e+00,0.000000e+00,47544086528.0,35745873920.0,1160439.8,46.12,1.24
CSV,675012,135001,46,45,0,23364,0,0.000000e+00,0.000000e+00,43659538432.0,40259649536.0,1212837.4,45.56,0.35
BER: END_SEQ #46 [LOCK] seq_err=0 BER_seq=0.0000e+00 | lock=46 slip=0 BER_cond=0.0000e+00 BER_cum=0.0000e+00
CSV,680012,136001,46,46,0,23506,0,0.000000e+00,0.000000e+00,42085060608.0,39741059072.0,1330458.2,45.00,0.25
BER: SYNC #47 (gated)
CSV,685012,137001,47,46,0,23686,0,0.000000e+00,0.000000e+00,47366672384.0,36978196480.0,1146457.8,46.16,1.08
CSV,690012,138001,47,46,0,23886,0,0.000000e+00,0.000000e+00,42603323392.0,39237947392.0,1288935.2,45.19,0.36
BER: END_SEQ #47 [LOCK] seq_err=0 BER_seq=0.0000e+00 | lock=47 slip=0 BER_cond=0.0000e+00 BER_cum=0.0000e+00
CSV,695012,139001,47,47,0,24017,0,0.000000e+00,0.000000e+00,42070929408.0,39556902912.0,1346412.1,44.95,0.27
BER: SYNC #48 (gated)
CSV,700012,140001,48,47,0,24209,0,0.000000e+00,0.000000e+00,48220618752.0,33550360576.0,992500.3,46.87,1.58
CSV,705012,141001,48,47,0,24409,0,0.000000e+00,0.000000e+00,43457314816.0,39166676992.0,1193901.2,45.61,0.45
BER: END_SEQ #48 [LOCK] seq_err=0 BER_seq=0.0000e+00 | lock=48 slip=0 BER_cond=0.0000e+00 BER_cum=0.0000e+00
BER: SYNC #49 (gated)
CSV,710012,142001,49,48,0,24532,0,0.000000e+00,0.000000e+00,41167380480.0,40422494208.0,1362109.6,44.80,0.08
CSV,715012,143001,49,48,0,24732,0,0.000000e+00,0.000000e+00,49462509568.0,35914670080.0,1075064.1,46.63,1.39
CSV,720012,144001,49,48,0,24932,0,0.000000e+00,0.000000e+00,42360524800.0,40103661568.0,1118805.5,45.78,0.24
BER: END_SEQ #49 [LOCK] seq_err=0 BER_seq=0.0000e+00 | lock=49 slip=0 BER_cond=0.0000e+00 BER_cum=0.0000e+00
BER: SYNC #50 (gated)
CSV,725012,145001,50,49,0,25055,0,0.000000e+00,0.000000e+00,41444081664.0,42591645696.0,1300416.9,45.15,0.12
CSV,730012,146001,50,49,0,25254,0,0.000000e+00,0.000000e+00,48541204480.0,34915467264.0,1128874.4,46.33,1.43
CSV,735012,147001,50,49,0,25454,0,0.000000e+00,0.000000e+00,44736880640.0,39853498368.0,1119825.2,46.02,0.50
BER: END_SEQ #50 [LOCK] seq_err=0 BER_seq=0.0000e+00 | lock=50 slip=0 BER_cond=0.0000e+00 BER_cum=0.0000e+00
BER: SYNC #51 (gated)
CSV,740012,148001,51,50,0,25577,0,0.000000e+00,0.000000e+00,39369052160.0,40223653888.0,1290713.5,44.94,0.09
CSV,745012,149001,51,50,0,25777,0,0.000000e+00,0.000000e+00,49716441088.0,35659288576.0,1099764.6,46.55,1.44
CSV,750012,150001,51,50,0,25977,0,0.000000e+00,0.000000e+00,42916761600.0,39325949952.0,1117041.1,45.85,0.38
BER: END_SEQ #51 [LOCK] seq_err=0 BER_seq=0.0000e+00 | lock=51 slip=0 BER_cond=0.0000e+00 BER_cum=0.0000e+00
BER: SYNC #52 (gated)
CSV,755012,151001,52,51,0,26100,0,0.000000e+00,0.000000e+00,43068846080.0,40348958720.0,1367813.0,44.98,0.28
CSV,760012,152001,52,51,0,26300,0,0.000000e+00,0.000000e+00,46424608768.0,36390682624.0,1047936.3,46.46,1.06
CSV,765012,153001,52,51,0,26500,0,0.000000e+00,0.000000e+00,44739932160.0,39808397312.0,1054604.8,46.28,0.51
BER: END_SEQ #52 [LOCK] seq_err=0 BER_seq=0.0000e+00 | lock=52 slip=0 BER_cond=0.0000e+00 BER_cum=0.0000e+00
BER: SYNC #53 (gated)
CSV,770012,154001,53,52,0,26623,0,0.000000e+00,0.000000e+00,41296613376.0,39827521536.0,1312421.6,44.98,0.16
CSV,775012,155001,53,52,0,26823,0,0.000000e+00,0.000000e+00,48051613696.0,36877266944.0,1150362.9,46.21,1.15
CSV,780012,156001,53,52,0,27022,0,0.000000e+00,0.000000e+00,43498418176.0,38672932864.0,971593.7,46.51,0.51
BER: END_SEQ #53 [LOCK] seq_err=0 BER_seq=0.0000e+00 | lock=53 slip=0 BER_cond=0.0000e+00 BER_cum=0.0000e+00
BER: SYNC #54 (gated)
CSV,785012,157001,54,53,0,27145,0,0.000000e+00,0.000000e+00,42499665920.0,41578668032.0,1272485.6,45.24,0.10
CSV,790012,158001,54,53,0,27345,0,0.000000e+00,0.000000e+00,49092784128.0,34049067008.0,1069708.6,46.62,1.59
CSV,795012,159001,54,53,0,27545,0,0.000000e+00,0.000000e+00,43496787968.0,40663465984.0,1046000.2,46.19,0.29
BER: END_SEQ #54 [LOCK] seq_err=0 BER_seq=0.0000e+00 | lock=54 slip=0 BER_cond=0.0000e+00 BER_cum=0.0000e+00
BER: SYNC #55 (gated)
CSV,800012,160001,55,54,0,27668,0,0.000000e+00,0.000000e+00,40171999232.0,40914333696.0,1281581.1,45.04,0.08
CSV,805012,161001,55,54,0,27868,0,0.000000e+00,0.000000e+00,50640052224.0,34652381184.0,1175811.5,46.34,1.65
CSV,810012,162001,55,54,0,28068,0,0.000000e+00,0.000000e+00,41996025856.0,40311656448.0,1061359.6,45.97,0.18
BER: END_SEQ #55 [LOCK] seq_err=0 BER_seq=0.0000e+00 | lock=55 slip=0 BER_cond=0.0000e+00 BER_cum=0.0000e+00
BER: SYNC #56 (gated)
CSV,815012,163001,56,55,0,28191,0,0.000000e+00,0.000000e+00,42550153216.0,41260879872.0,1293784.6,45.17,0.13
CSV,820012,164001,56,55,0,28391,0,0.000000e+00,0.000000e+00,48076984320.0,35372101632.0,1060456.4,46.56,1.33
CSV,825012,165001,56,55,0,28591,0,0.000000e+00,0.000000e+00,43304763392.0,40797364224.0,1123276.9,45.86,0.26
BER: END_SEQ #56 [LOCK] seq_err=0 BER_seq=0.0000e+00 | lock=56 slip=0 BER_cond=0.0000e+00 BER_cum=0.0000e+00
BER: SYNC #57 (gated)
CSV,830012,166001,57,56,0,28713,0,0.000000e+00,0.000000e+00,41472188416.0,40115511296.0,1259430.5,45.18,0.14
CSV,835012,167001,57,56,0,28913,0,0.000000e+00,0.000000e+00,49223127040.0,35547148288.0,1188780.9,46.17,1.41
CSV,840012,168001,57,56,0,29113,0,0.000000e+00,0.000000e+00,42048425984.0,40303030272.0,1188361.0,45.49,0.18
BER: END_SEQ #57 [LOCK] seq_err=0 BER_seq=0.0000e+00 | lock=57 slip=0 BER_cond=0.0000e+00 BER_cum=0.0000e+00
BER: SYNC #58 (gated)
CSV,845012,169001,58,57,0,29236,0,0.000000e+00,0.000000e+00,42514874368.0,40423129088.0,1294146.8,45.17,0.22
CSV,850012,170001,58,57,0,29436,0,0.000000e+00,0.000000e+00,48500113408.0,34943258624.0,1144662.8,46.27,1.42
CSV,855012,171001,58,57,0,29636,0,0.000000e+00,0.000000e+00,41930006528.0,41609457664.0,1180663.1,45.50,0.03
BER: END_SEQ #58 [LOCK] seq_err=0 BER_seq=0.0000e+00 | lock=58 slip=0 BER_cond=0.0000e+00 BER_cum=0.0000e+00
BER: SYNC #59 (gated)
CSV,860012,172001,59,58,0,29759,0,0.000000e+00,0.000000e+00,43762876416.0,38529290240.0,1407836.0,44.93,0.55
CSV,865012,173001,59,58,0,29959,0,0.000000e+00,0.000000e+00,47726444544.0,36665073664.0,1067339.2,46.50,1.15
BER: END_SEQ #59 [LOCK] seq_err=0 BER_seq=0.0000e+00 | lock=59 slip=0 BER_cond=0.0000e+00 BER_cum=0.0000e+00
CSV,870012,174001,59,59,0,30149,0,0.000000e+00,0.000000e+00,41574105088.0,40962584576.0,1164187.6,45.53,0.06
BER: SYNC #60 (gated)
CSV,875012,175001,60,59,0,30282,0,0.000000e+00,0.000000e+00,46590230528.0,36453969920.0,1350196.2,45.38,1.07
CSV,880012,176001,60,59,0,30481,0,0.000000e+00,0.000000e+00,44051308544.0,39108673536.0,1057495.1,46.20,0.52
BER: END_SEQ #60 [LOCK] seq_err=0 BER_seq=0.0000e+00 | lock=60 slip=0 BER_cond=0.0000e+00 BER_cum=0.0000e+00
CSV,885012,177001,60,60,0,30660,0,0.000000e+00,0.000000e+00,42840244224.0,40284553216.0,1107382.2,45.88,0.27
BER: SYNC #61 (gated)
CSV,890012,178001,61,60,0,30804,0,0.000000e+00,0.000000e+00,47986307072.0,36032614400.0,1318645.1,45.61,1.24
CSV,895012,179001,61,60,0,31004,0,0.000000e+00,0.000000e+00,43545513984.0,39328735232.0,1154968.5,45.76,0.44
BER: END_SEQ #61 [LOCK] seq_err=0 BER_seq=0.0000e+00 | lock=61 slip=0 BER_cond=0.0000e+00 BER_cum=0.0000e+00
CSV,900012,180001,61,61,0,31171,0,0.000000e+00,0.000000e+00,42026242048.0,40348614656.0,1147935.2,45.64,0.18
BER: SYNC #62 (gated)
CSV,905012,181001,62,61,0,31327,0,0.000000e+00,0.000000e+00,47425298432.0,35476402176.0,1254382.9,45.78,1.26
CSV,910012,182001,62,61,0,31527,0,0.000000e+00,0.000000e+00,42450546688.0,40538812416.0,1116888.1,45.80,0.20
BER: END_SEQ #62 [LOCK] seq_err=0 BER_seq=0.0000e+00 | lock=62 slip=0 BER_cond=0.0000e+00 BER_cum=0.0000e+00
CSV,915012,183001,62,62,0,31682,0,0.000000e+00,0.000000e+00,43169218560.0,39249432576.0,1295977.1,45.23,0.41
BER: SYNC #63 (gated)
CSV,920012,184001,63,62,0,31850,0,0.000000e+00,0.000000e+00,48034598912.0,35976826880.0,1066579.9,46.54,1.26
CSV,925012,185001,63,62,0,32050,0,0.000000e+00,0.000000e+00,42886807552.0,39590326272.0,1091280.1,45.94,0.35
BER: END_SEQ #63 [LOCK] seq_err=0 BER_seq=0.0000e+00 | lock=63 slip=0 BER_cond=0.0000e+00 BER_cum=0.0000e+00
CSV,930012,186001,63,63,0,32193,0,0.000000e+00,0.000000e+00,42515894272.0,40146923520.0,1375551.2,44.90,0.25
BER: SYNC #64 (gated)
CSV,935012,187001,64,63,0,32372,0,0.000000e+00,0.000000e+00,46672793600.0,36379029504.0,1045385.5,46.50,1.08
CSV,940012,188001,64,63,0,32572,0,0.000000e+00,0.000000e+00,43350720512.0,40250433536.0,1018610.3,46.29,0.32
BER: END_SEQ #64 [LOCK] seq_err=0 BER_seq=0.0000e+00 | lock=64 slip=0 BER_cond=0.0000e+00 BER_cum=0.0000e+00
CSV,945012,189001,64,64,0,32704,0,0.000000e+00,0.000000e+00,41616392192.0,39769329664.0,1224523.0,45.31,0.20
BER: SYNC #65 (gated)
CSV,950012,190001,65,64,0,32895,0,0.000000e+00,0.000000e+00,48911511552.0,34508546048.0,1124388.4,46.38,1.51
CSV,955012,191001,65,64,0,33095,0,0.000000e+00,0.000000e+00,42644873216.0,38255230976.0,1002407.5,46.29,0.47
BER: END_SEQ #65 [LOCK] seq_err=0 BER_seq=0.0000e+00 | lock=65 slip=0 BER_cond=0.0000e+00 BER_cum=0.0000e+00
BER: SYNC #66 (gated)
CSV,960012,192001,66,65,0,33218,0,0.000000e+00,0.000000e+00,41308975104.0,40196259840.0,1274059.9,45.11,0.12
CSV,965012,193001,66,65,0,33418,0,0.000000e+00,0.000000e+00,47683948544.0,33942495232.0,1072944.1,46.48,1.48
CSV,970012,194001,66,65,0,33618,0,0.000000e+00,0.000000e+00,42502807552.0,39569178624.0,1071861.4,45.98,0.31
BER: END_SEQ #66 [LOCK] seq_err=0 BER_seq=0.0000e+00 | lock=66 slip=0 BER_cond=0.0000e+00 BER_cum=0.0000e+00
BER: SYNC #67 (gated)
CSV,975012,195001,67,66,0,33741,0,0.000000e+00,0.000000e+00,39386845184.0,40030060544.0,1186150.8,45.28,0.07
CSV,980012,196001,67,66,0,33941,0,0.000000e+00,0.000000e+00,49075429376.0,34286266368.0,1052352.5,46.69,1.56
CSV,985012,197001,67,66,0,34140,0,0.000000e+00,0.000000e+00,42437898240.0,37972492288.0,1138487.5,45.71,0.48
BER: END_SEQ #67 [LOCK] seq_err=0 BER_seq=0.0000e+00 | lock=67 slip=0 BER_cond=0.0000e+00 BER_cum=0.0000e+00
BER: SYNC #68 (gated)
CSV,990012,198001,68,67,0,34263,0,0.000000e+00,0.000000e+00,40655261696.0,40878972928.0,1238933.6,45.18,0.02
CSV,995012,199001,68,67,0,34463,0,0.000000e+00,0.000000e+00,48607932416.0,34141255680.0,1129089.9,46.34,1.53
CSV,1000012,200001,68,67,0,34663,0,0.000000e+00,0.000000e+00,43752345600.0,40301776896.0,1038908.1,46.24,0.36
BER: END_SEQ #68 [LOCK] seq_err=0 BER_seq=0.0000e+00 | lock=68 slip=0 BER_cond=0.0000e+00 BER_cum=0.0000e+00
BER: SYNC #69 (gated)
CSV,1005012,201001,69,68,0,34786,0,0.000000e+00,0.000000e+00,41587204096.0,39215992832.0,1318563.9,44.99,0.25
CSV,1010012,202001,69,68,0,34986,0,0.000000e+00,0.000000e+00,47424081920.0,37029765120.0,1161513.6,46.11,1.07
CSV,1015012,203001,69,68,0,35186,0,0.000000e+00,0.000000e+00,42747584512.0,38125957120.0,1197385.4,45.53,0.50
BER: END_SEQ #69 [LOCK] seq_err=0 BER_seq=0.0000e+00 | lock=69 slip=0 BER_cond=0.0000e+00 BER_cum=0.0000e+00
BER: SYNC #70 (gated)
CSV,1020012,204001,70,69,0,35309,0,0.000000e+00,0.000000e+00,42494414848.0,39661535232.0,1312609.2,45.10,0.30
CSV,1025012,205001,70,69,0,35509,0,0.000000e+00,0.000000e+00,46035566592.0,34712334336.0,1085312.2,46.28,1.23
CSV,1030012,206001,70,69,0,35709,0,0.000000e+00,0.000000e+00,43668164608.0,38979223552.0,1249587.9,45.43,0.49
BER: END_SEQ #70 [LOCK] seq_err=0 BER_seq=0.0000e+00 | lock=70 slip=0 BER_cond=0.0000e+00 BER_cum=0.0000e+00
BER: SYNC #71 (gated)
CSV,1035012,207001,71,70,0,35831,0,0.000000e+00,0.000000e+00,41121701888.0,39614947328.0,1248972.2,45.18,0.16
CSV,1040012,208001,71,70,0,36031,0,0.000000e+00,0.000000e+00,49040228352.0,34384277504.0,1064943.6,46.63,1.54
CSV,1045012,209001,71,70,0,36231,0,0.000000e+00,0.000000e+00,42133921792.0,38322139136.0,1207887.5,45.43,0.41
BER: END_SEQ #71 [LOCK] seq_err=0 BER_seq=0.0000e+00 | lock=71 slip=0 BER_cond=0.0000e+00 BER_cum=0.0000e+00
BER: SYNC #72 (gated)
CSV,1050012,210001,72,71,0,36354,0,0.000000e+00,0.000000e+00,41036439552.0,42210516992.0,1268859.2,45.22,0.12
CSV,1055012,211001,72,71,0,36554,0,0.000000e+00,0.000000e+00,49609080832.0,32996413440.0,1100426.4,46.54,1.77
CSV,1060012,212001,72,71,0,36754,0,0.000000e+00,0.000000e+00,42759999488.0,40951353344.0,1126138.9,45.79,0.19
BER: END_SEQ #72 [LOCK] seq_err=0 BER_seq=0.0000e+00 | lock=72 slip=0 BER_cond=0.0000e+00 BER_cum=0.0000e+00
BER: SYNC #73 (gated)
CSV,1065012,213001,73,72,0,36877,0,0.000000e+00,0.000000e+00,40792248320.0,39871438848.0,1316968.9,44.91,0.10
CSV,1070012,214001,73,72,0,37077,0,0.000000e+00,0.000000e+00,49124741120.0,35511304192.0,1142571.4,46.33,1.41
CSV,1075012,215001,73,72,0,37277,0,0.000000e+00,0.000000e+00,41996173312.0,39456645120.0,1086939.5,45.87,0.27
BER: END_SEQ #73 [LOCK] seq_err=0 BER_seq=0.0000e+00 | lock=73 slip=0 BER_cond=0.0000e+00 BER_cum=0.0000e+00
BER: SYNC #74 (gated)
CSV,1080012,216001,74,73,0,37400,0,0.000000e+00,0.000000e+00,41892433920.0,40953417728.0,1364972.0,44.87,0.10
CSV,1085012,217001,74,73,0,37599,0,0.000000e+00,0.000000e+00,48174739456.0,34472857600.0,1045301.8,46.64,1.45
CSV,1090012,218001,74,73,0,37799,0,0.000000e+00,0.000000e+00,43136520192.0,40520126464.0,1144601.1,45.76,0.27
BER: END_SEQ #74 [LOCK] seq_err=0 BER_seq=0.0000e+00 | lock=74 slip=0 BER_cond=0.0000e+00 BER_cum=0.0000e+00
BER: SYNC #75 (gated)
CSV,1095012,219001,75,74,0,37922,0,0.000000e+00,0.000000e+00,41280917504.0,39669837824.0,1322433.5,44.94,0.17
CSV,1100012,220001,75,74,0,38122,0,0.000000e+00,0.000000e+00,48914907136.0,35410087936.0,1069900.9,46.60,1.40
CSV,1105012,221001,75,74,0,38322,0,0.000000e+00,0.000000e+00,41546448896.0,40332066816.0,961185.1,46.36,0.13
BER: END_SEQ #75 [LOCK] seq_err=0 BER_seq=0.0000e+00 | lock=75 slip=0 BER_cond=0.0000e+00 BER_cum=0.0000e+00
BER: SYNC #76 (gated)
CSV,1110012,222001,76,75,0,38445,0,0.000000e+00,0.000000e+00,43856957440.0,38712500224.0,1380273.0,45.02,0.54
CSV,1115012,223001,76,75,0,38645,0,0.000000e+00,0.000000e+00,46498889728.0,35967889408.0,1107111.4,46.23,1.12
BER: END_SEQ #76 [LOCK] seq_err=0 BER_seq=0.0000e+00 | lock=76 slip=0 BER_cond=0.0000e+00 BER_cum=0.0000e+00
CSV,1120012,224001,76,76,0,38836,0,0.000000e+00,0.000000e+00,42216865792.0,40610918400.0,976292.9,46.36,0.17
BER: SYNC #77 (gated)
CSV,1125012,225001,77,76,0,38968,0,0.000000e+00,0.000000e+00,45755867136.0,36213305344.0,1177658.1,45.89,1.02
CSV,1130012,226001,77,76,0,39168,0,0.000000e+00,0.000000e+00,44137152512.0,39008989184.0,1133670.4,45.90,0.54
BER: END_SEQ #77 [LOCK] seq_err=0 BER_seq=0.0000e+00 | lock=77 slip=0 BER_cond=0.0000e+00 BER_cum=0.0000e+00
CSV,1135012,227001,77,77,0,39347,0,0.000000e+00,0.000000e+00,42715582464.0,39432065024.0,1174324.8,45.61,0.35
BER: SYNC #78 (gated)
CSV,1140012,228001,78,77,0,39490,0,0.000000e+00,0.000000e+00,47524679680.0,35645915136.0,1170242.2,46.09,1.25
CSV,1145012,229001,78,77,0,39690,0,0.000000e+00,0.000000e+00,43422101504.0,39250137088.0,1098424.9,45.97,0.44
BER: END_SEQ #78 [LOCK] seq_err=0 BER_seq=0.0000e+00 | lock=78 slip=0 BER_cond=0.0000e+00 BER_cum=0.0000e+00
CSV,1150012,230001,78,78,0,39858,0,0.000000e+00,0.000000e+00,42260787200.0,40700289024.0,1184039.0,45.53,0.16
BER: SYNC #79 (gated)
CSV,1155012,231001,79,78,0,40013,0,0.000000e+00,0.000000e+00,47740211200.0,35869880320.0,1153610.8,46.17,1.24
CSV,1160012,232001,79,78,0,40213,0,0.000000e+00,0.000000e+00,42160930816.0,39871414272.0,1096777.6,45.85,0.24
BER: END_SEQ #79 [LOCK] seq_err=0 BER_seq=0.0000e+00 | lock=79 slip=0 BER_cond=0.0000e+00 BER_cum=0.0000e+00
CSV,1165012,233001,79,79,0,40369,0,0.000000e+00,0.000000e+00,42325278720.0,38326394880.0,1224366.6,45.39,0.43
BER: SYNC #80 (gated)
CSV,1170012,234001,80,79,0,40536,0,0.000000e+00,0.000000e+00,47210606592.0,34389073920.0,1130098.4,46.21,1.38
CSV,1175012,235001,80,79,0,40736,0,0.000000e+00,0.000000e+00,42214699008.0,39166017536.0,1101158.9,45.84,0.33
BER: END_SEQ #80 [LOCK] seq_err=0 BER_seq=0.0000e+00 | lock=80 slip=0 BER_cond=0.0000e+00 BER_cum=0.0000e+00
CSV,1180012,236001,80,80,0,40880,0,0.000000e+00,0.000000e+00,41732534272.0,38912286720.0,1333518.0,44.95,0.30
BER: SYNC #81 (gated)
CSV,1185012,237001,81,80,0,41059,0,0.000000e+00,0.000000e+00,46885695488.0,35474735104.0,1080407.5,46.37,1.21
CSV,1190012,238001,81,80,0,41258,0,0.000000e+00,0.000000e+00,41825779712.0,38905290752.0,1218069.1,45.36,0.31
BER: END_SEQ #81 [LOCK] seq_err=0 BER_seq=0.0000e+00 | lock=81 slip=0 BER_cond=0.0000e+00 BER_cum=0.0000e+00
CSV,1195012,239001,81,81,0,41391,0,0.000000e+00,0.000000e+00,41783111680.0,38807871488.0,1335540.5,44.95,0.32
BER: SYNC #82 (gated)
CSV,1200012,240001,82,81,0,41581,0,0.000000e+00,0.000000e+00,47667789824.0,34128310272.0,1059432.8,46.53,1.45
CSV,1205012,241001,82,81,0,41781,0,0.000000e+00,0.000000e+00,43897225216.0,39793164288.0,1217062.1,45.57,0.43
BER: END_SEQ #82 [LOCK] seq_err=0 BER_seq=0.0000e+00 | lock=82 slip=0 BER_cond=0.0000e+00 BER_cum=0.0000e+00
BER: SYNC #83 (gated)
CSV,1210012,242001,83,82,0,41904,0,0.000000e+00,0.000000e+00,41144545280.0,40659419136.0,1396209.6,44.69,0.05
CSV,1215012,243001,83,82,0,42104,0,0.000000e+00,0.000000e+00,49137029120.0,35508154368.0,1051312.1,46.70,1.41
CSV,1220012,244001,83,82,0,42304,0,0.000000e+00,0.000000e+00,42659069952.0,39689646080.0,1132979.9,45.76,0.31
BER: END_SEQ #83 [LOCK] seq_err=0 BER_seq=0.0000e+00 | lock=83 slip=0 BER_cond=0.0000e+00 BER_cum=0.0000e+00
BER: SYNC #84 (gated)
CSV,1225012,245001,84,83,0,42427,0,0.000000e+00,0.000000e+00,41053392896.0,42006724608.0,1326308.8,45.01,0.10
CSV,1230012,246001,84,83,0,42627,0,0.000000e+00,0.000000e+00,48524906496.0,34837024768.0,1128213.5,46.34,1.44
CSV,1235012,247001,84,83,0,42827,0,0.000000e+00,0.000000e+00,44085256192.0,39818833920.0,1102049.9,46.02,0.44
BER: END_SEQ #84 [LOCK] seq_err=0 BER_seq=0.0000e+00 | lock=84 slip=0 BER_cond=0.0000e+00 BER_cum=0.0000e+00
BER: SYNC #85 (gated)
CSV,1240012,248001,85,84,0,42949,0,0.000000e+00,0.000000e+00,40447803392.0,40547438592.0,1261120.4,45.07,0.01
CSV,1245012,249001,85,84,0,43149,0,0.000000e+00,0.000000e+00,49315516416.0,34851848192.0,1139861.8,46.36,1.51
CSV,1250012,250001,85,84,0,43349,0,0.000000e+00,0.000000e+00,42655289344.0,39391404032.0,1107460.6,45.86,0.35
BER: END_SEQ #85 [LOCK] seq_err=0 BER_seq=0.0000e+00 | lock=85 slip=0 BER_cond=0.0000e+00 BER_cum=0.0000e+00
BER: SYNC #86 (gated)
CSV,1255012,251001,86,85,0,43472,0,0.000000e+00,0.000000e+00,43042865152.0,40549076992.0,1334694.4,45.09,0.26
CSV,1260012,252001,86,85,0,43672,0,0.000000e+00,0.000000e+00,46520610816.0,35858882560.0,1024661.9,46.57,1.13
CSV,1265012,253001,86,85,0,43872,0,0.000000e+00,0.000000e+00,44207210496.0,39814848512.0,1152774.2,45.84,0.45
BER: END_SEQ #86 [LOCK] seq_err=0 BER_seq=0.0000e+00 | lock=86 slip=0 BER_cond=0.0000e+00 BER_cum=0.0000e+00
BER: SYNC #87 (gated)
CSV,1270012,254001,87,86,0,43995,0,0.000000e+00,0.000000e+00,41412444160.0,39677943808.0,1359873.0,44.84,0.19
CSV,1275012,255001,87,86,0,44195,0,0.000000e+00,0.000000e+00,48412061696.0,36462710784.0,1089559.5,46.48,1.23
CSV,1280012,256001,87,86,0,44395,0,0.000000e+00,0.000000e+00,43204980736.0,39000223744.0,957576.1,46.54,0.44
BER: END_SEQ #87 [LOCK] seq_err=0 BER_seq=0.0000e+00 | lock=87 slip=0 BER_cond=0.0000e+00 BER_cum=0.0000e+00
BER: SYNC #88 (gated)
CSV,1285012,257001,88,87,0,44518,0,0.000000e+00,0.000000e+00,43130626048.0,41445613568.0,1306592.9,45.19,0.17
CSV,1290012,258001,88,87,0,44717,0,0.000000e+00,0.000000e+00,48378884096.0,34847006720.0,1123923.4,46.34,1.42
CSV,1295012,259001,88,87,0,44917,0,0.000000e+00,0.000000e+00,44473085952.0,40297840640.0,1022715.7,46.38,0.43
BER: END_SEQ #88 [LOCK] seq_err=0 BER_seq=0.0000e+00 | lock=88 slip=0 BER_cond=0.0000e+00 BER_cum=0.0000e+00
BER: SYNC #89 (gated)
CSV,1300012,260001,89,88,0,45040,0,0.000000e+00,0.000000e+00,39425265664.0,41463779328.0,1301043.0,45.03,0.22
CSV,1305012,261001,89,88,0,45240,0,0.000000e+00,0.000000e+00,51355574272.0,34105972736.0,1130176.6,46.57,1.78
CSV,1310012,262001,89,88,0,45440,0,0.000000e+00,0.000000e+00,41963200512.0,39968784384.0,998031.4,46.24,0.21
BER: END_SEQ #89 [LOCK] seq_err=0 BER_seq=0.0000e+00 | lock=89 slip=0 BER_cond=0.0000e+00 BER_cum=0.0000e+00
BER: SYNC #90 (gated)
CSV,1315012,263001,90,89,0,45563,0,0.000000e+00,0.000000e+00,42191167488.0,41982877696.0,1271295.5,45.21,0.02
CSV,1320012,264001,90,89,0,45763,0,0.000000e+00,0.000000e+00,48727449600.0,34487173120.0,1129501.0,46.35,1.50
CSV,1325012,265001,90,89,0,45963,0,0.000000e+00,0.000000e+00,43154194432.0,41315852288.0,1115555.9,45.88,0.19
BER: END_SEQ #90 [LOCK] seq_err=0 BER_seq=0.0000e+00 | lock=90 slip=0 BER_cond=0.0000e+00 BER_cum=0.0000e+00
BER: SYNC #91 (gated)
CSV,1330012,266001,91,90,0,46086,0,0.000000e+00,0.000000e+00,41374822400.0,40017018880.0,1239841.8,45.23,0.14
CSV,1335012,267001,91,90,0,46286,0,0.000000e+00,0.000000e+00,49560006656.0,35669114880.0,1075145.4,46.64,1.43
CSV,1340012,268001,91,90,0,46485,0,0.000000e+00,0.000000e+00,42375753728.0,39937409024.0,1135796.6,45.72,0.26
BER: END_SEQ #91 [LOCK] seq_err=0 BER_seq=0.0000e+00 | lock=91 slip=0 BER_cond=0.0000e+00 BER_cum=0.0000e+00
BER: SYNC #92 (gated)
CSV,1345012,269001,92,91,0,46608,0,0.000000e+00,0.000000e+00,42631122944.0,41221242880.0,1288445.9,45.20,0.15
CSV,1350012,270001,92,91,0,46808,0,0.000000e+00,0.000000e+00,48281440256.0,35255480320.0,1160434.8,46.19,1.37
CSV,1355012,271001,92,91,0,47008,0,0.000000e+00,0.000000e+00,43163492352.0,41521373184.0,1191674.4,45.59,0.17
BER: END_SEQ #92 [LOCK] seq_err=0 BER_seq=0.0000e+00 | lock=92 slip=0 BER_cond=0.0000e+00 BER_cum=0.0000e+00
BER: SYNC #93 (gated)
CSV,1360012,272001,93,92,0,47131,0,0.000000e+00,0.000000e+00,43312857088.0,38857216000.0,1393890.0,44.92,0.47
CSV,1365012,273001,93,92,0,47331,0,0.000000e+00,0.000000e+00,47876132864.0,37014065152.0,1116306.2,46.32,1.12
BER: END_SEQ #93 [LOCK] seq_err=0 BER_seq=0.0000e+00 | lock=93 slip=0 BER_cond=0.0000e+00 BER_cum=0.0000e+00
CSV,1370012,274001,93,93,0,47523,0,0.000000e+00,0.000000e+00,41653374976.0,40675758080.0,1178314.8,45.48,0.10
BER: SYNC #94 (gated)
CSV,1375012,275001,94,93,0,47654,0,0.000000e+00,0.000000e+00,46545739776.0,37162049536.0,1365178.5,45.33,0.98
CSV,1380012,276001,94,93,0,47854,0,0.000000e+00,0.000000e+00,44280266752.0,38470213632.0,1085084.5,46.11,0.61
BER: END_SEQ #94 [LOCK] seq_err=0 BER_seq=0.0000e+00 | lock=94 slip=0 BER_cond=0.0000e+00 BER_cum=0.0000e+00
CSV,1385012,277001,94,94,0,48034,0,0.000000e+00,0.000000e+00,43100893184.0,40513478656.0,1221697.2,45.48,0.27
BER: SYNC #95 (gated)
CSV,1390012,278001,95,94,0,48176,0,0.000000e+00,0.000000e+00,47609139200.0,35709718528.0,1298708.2,45.64,1.25
CSV,1395012,279001,95,94,0,48376,0,0.000000e+00,0.000000e+00,44115505152.0,39739924480.0,1102460.4,46.02,0.45
BER: END_SEQ #95 [LOCK] seq_err=0 BER_seq=0.0000e+00 | lock=95 slip=0 BER_cond=0.0000e+00 BER_cum=0.0000e+00
CSV,1400012,280001,95,95,0,48545,0,0.000000e+00,0.000000e+00,41958219776.0,40430223360.0,1162567.5,45.57,0.16
BER: SYNC #96 (gated)
CSV,1405012,281001,96,95,0,48699,0,0.000000e+00,0.000000e+00,48119861248.0,36133990400.0,1238691.8,45.89,1.24
CSV,1410012,282001,96,95,0,48899,0,0.000000e+00,0.000000e+00,42347978752.0,39628783616.0,1142946.2,45.69,0.29
BER: END_SEQ #96 [LOCK] seq_err=0 BER_seq=0.0000e+00 | lock=96 slip=0 BER_cond=0.0000e+00 BER_cum=0.0000e+00
CSV,1415012,283001,96,96,0,49056,0,0.000000e+00,0.000000e+00,42728472576.0,38843994112.0,1257766.9,45.31,0.41
BER: SYNC #97 (gated)
CSV,1420012,284001,97,96,0,49222,0,0.000000e+00,0.000000e+00,47256195072.0,34641846272.0,1151740.2,46.13,1.35
CSV,1425012,285001,97,96,0,49422,0,0.000000e+00,0.000000e+00,42439716864.0,38725120000.0,1060358.1,46.02,0.40
BER: END_SEQ #97 [LOCK] seq_err=0 BER_seq=0.0000e+00 | lock=97 slip=0 BER_cond=0.0000e+00 BER_cum=0.0000e+00
CSV,1430012,286001,97,97,0,49567,0,0.000000e+00,0.000000e+00,42144591872.0,39483527168.0,1384940.0,44.83,0.28
BER: SYNC #98 (gated)
CSV,1435012,287001,98,97,0,49745,0,0.000000e+00,0.000000e+00,47380451328.0,36119302144.0,1062967.5,46.49,1.18
CSV,1440012,288001,98,97,0,49945,0,0.000000e+00,0.000000e+00,42655981568.0,40068427776.0,1029355.8,46.17,0.27
BER: END_SEQ #98 [LOCK] seq_err=0 BER_seq=0.0000e+00 | lock=98 slip=0 BER_cond=0.0000e+00 BER_cum=0.0000e+00
CSV,1445012,289001,98,98,0,50078,0,0.000000e+00,0.000000e+00,42432540672.0,39725297664.0,1328527.4,45.04,0.29
BER: SYNC #99 (gated)
CSV,1450012,290001,99,98,0,50267,0,0.000000e+00,0.000000e+00,48538038272.0,35537776640.0,1126584.1,46.34,1.35
CSV,1455012,291001,99,98,0,50467,0,0.000000e+00,0.000000e+00,43169509376.0,38692806656.0,1024176.7,46.25,0.48
BER: END_SEQ #99 [LOCK] seq_err=0 BER_seq=0.0000e+00 | lock=99 slip=0 BER_cond=0.0000e+00 BER_cum=0.0000e+00
BER: SYNC #100 (gated)
CSV,1460012,292001,100,99,0,50590,0,0.000000e+00,0.000000e+00,40836100096.0,40031289344.0,1223986.0,45.23,0.09
CSV,1465012,293001,100,99,0,50790,0,0.000000e+00,0.000000e+00,48237572096.0,33839495168.0,1069608.1,46.54,1.54
CSV,1470012,294001,100,99,0,50990,0,0.000000e+00,0.000000e+00,42579406848.0,39271702528.0,1030243.0,46.16,0.35
BER: END_SEQ #100 [LOCK] seq_err=0 BER_seq=0.0000e+00 | lock=100 slip=0 BER_cond=0.0000e+00 BER_cum=0.0000e+00
BER: SYNC #101 (gated)
CSV,1475012,295001,101,100,0,51113,0,0.000000e+00,0.000000e+00,39978475520.0,39835484160.0,1252475.0,45.04,0.02
CSV,1480012,296001,101,100,0,51313,0,0.000000e+00,0.000000e+00,48028491776.0,34697072640.0,1083298.1,46.47,1.41
CSV,1485012,297001,101,100,0,51513,0,0.000000e+00,0.000000e+00,42629316608.0,38100393984.0,1099477.9,45.89,0.49
BER: END_SEQ #101 [LOCK] seq_err=0 BER_seq=0.0000e+00 | lock=101 slip=0 BER_cond=0.0000e+00 BER_cum=0.0000e+00
BER: SYNC #102 (gated)
CSV,1490012,298001,102,101,0,51636,0,0.000000e+00,0.000000e+00,41216700416.0,39902363648.0,1215068.1,45.30,0.14
CSV,1495012,299001,102,101,0,51835,0,0.000000e+00,0.000000e+00,47690903552.0,33648179200.0,1071065.6,46.49,1.51
CSV,1500012,300001,102,101,0,52035,0,0.000000e+00,0.000000e+00,43065192448.0,39091339264.0,1043537.8,46.16,0.42
BER: END_SEQ #102 [LOCK] seq_err=0 BER_seq=0.0000e+00 | lock=102 slip=0 BER_cond=0.0000e+00 BER_cum=0.0000e+00

=========================================
=== END OF TEST (duration=25 min) ===
=========================================
FINAL: syncs=102 lock=102 slip=0 slip_rate=0.0000
FINAL: bits_cum=52122 err_cum=0 BER_cum=0.0000e+00
FINAL: bits_lock=52122 err_lock=0 BER_cond=0.0000e+00
=========================================
=== STOP LOGGING NOW ===
=========================================
