

=== RX BOOT - BER TEST MODE ===
MOD=OOK (20 kHz carrier, adaptive threshold)
BPS_MODE=40 (HALF_SAMPLES=1000, 5000 samples/bit @ 200000 Hz)
Expect: 64-bit preamble + Barker13 (1F35h, gated by 8 preamble bits = 0x55) + 511-bit PRBS-9
Noise floor band: 5000 Hz; lock threshold: BER<0.10
Auto-stop: test will halt 25 min after the first sync.
RX: edge-tracking sync, center-3 voting
Starting decoder...

CSV,5008,1000,0,0,0,0,0,0.000000e+00,0.000000e+00,3702935.0,37210996.0,878008.6,16.27,10.02
BER: SYNC #1 (gated)
CSV,10008,2000,1,0,0,137,46,3.357664e-01,0.000000e+00,10997158.0,28756060.0,2558484.5,10.51,4.17
CSV,15008,3000,1,0,0,334,137,4.101796e-01,0.000000e+00,10137659.0,33171046.0,2249373.8,11.69,5.15
BER: END_SEQ #1 [SLIP] seq_err=229 BER_seq=4.4814e-01 | lock=0 slip=1 BER_cond=0.0000e+00 BER_cum=4.4814e-01
CSV,20008,4000,1,0,1,511,229,4.481409e-01,0.000000e+00,14937248.0,36160532.0,3427325.8,10.23,3.84
CSV,25008,5000,1,0,1,511,229,4.481409e-01,0.000000e+00,9168502.0,27411176.0,1985948.2,11.40,4.76
CSV,30008,6000,1,0,1,511,229,4.481409e-01,0.000000e+00,3212226.8,35069008.0,781463.1,16.52,10.38
CSV,35008,7000,1,0,1,511,229,4.481409e-01,0.000000e+00,3057887.0,34356432.0,766453.2,16.52,10.51
BER: SYNC #2 (gated)
CSV,40008,8000,2,0,1,676,229,3.387574e-01,0.000000e+00,2875705.2,31078604.0,723477.9,16.33,10.34
CSV,45008,9000,2,0,1,876,229,2.614155e-01,0.000000e+00,2923768.2,34449472.0,703366.9,16.90,10.71
BER: END_SEQ #2 [LOCK] seq_err=0 BER_seq=0.0000e+00 | lock=1 slip=1 BER_cond=0.0000e+00 BER_cum=2.2407e-01
CSV,50008,10000,2,1,1,1022,229,2.240704e-01,0.000000e+00,2881903.8,35311664.0,726737.8,16.87,10.88
BER: SYNC #3 (gated)
CSV,55008,11000,3,1,1,1198,229,1.911519e-01,0.000000e+00,2972209.0,31778356.0,785443.4,16.07,10.29
CSV,60008,12000,3,1,1,1398,229,1.638054e-01,0.000000e+00,2929245.5,35227936.0,782850.2,16.53,10.80
BER: END_SEQ #3 [LOCK] seq_err=0 BER_seq=0.0000e+00 | lock=2 slip=1 BER_cond=0.0000e+00 BER_cum=1.4938e-01
CSV,65008,13000,3,2,1,1533,229,1.493803e-01,0.000000e+00,2847580.0,34280936.0,747238.3,16.62,10.81
BER: SYNC #4 (gated)
CSV,70008,14000,4,2,1,1721,229,1.330622e-01,0.000000e+00,2967368.2,30715576.0,754860.9,16.09,10.15
CSV,75008,15000,4,2,1,1921,229,1.192087e-01,0.000000e+00,2951650.0,34102648.0,747518.6,16.59,10.63
BER: END_SEQ #4 [LOCK] seq_err=0 BER_seq=0.0000e+00 | lock=3 slip=1 BER_cond=0.0000e+00 BER_cum=1.1204e-01
BER: SYNC #5 (gated)
CSV,80008,16000,5,3,1,2044,229,1.120352e-01,0.000000e+00,2885955.2,35779720.0,728606.2,16.91,10.93
CSV,85008,17000,5,3,1,2244,229,1.020499e-01,0.000000e+00,2917819.0,30381868.0,742937.7,16.12,10.18
CSV,90008,18000,5,3,1,2444,229,9.369885e-02,0.000000e+00,2760834.2,35505368.0,758611.5,16.70,11.09
BER: END_SEQ #5 [LOCK] seq_err=0 BER_seq=0.0000e+00 | lock=4 slip=1 BER_cond=0.0000e+00 BER_cum=8.9628e-02
BER: SYNC #6 (gated)
CSV,95008,19000,6,4,1,2567,229,8.920919e-02,0.000000e+00,2580176.2,36091572.0,752536.8,16.81,11.46
CSV,100008,20000,6,4,1,2767,229,8.276112e-02,0.000000e+00,2610853.8,31548760.0,736333.8,16.32,10.82
CSV,105008,21000,6,4,1,2966,229,7.720836e-02,0.000000e+00,2675177.2,34994164.0,753791.8,16.67,11.17
BER: END_SEQ #6 [LOCK] seq_err=0 BER_seq=0.0000e+00 | lock=5 slip=1 BER_cond=0.0000e+00 BER_cum=7.4690e-02
BER: SYNC #7 (gated)
CSV,110008,22000,7,5,1,3089,229,7.413402e-02,0.000000e+00,2620861.8,34793680.0,673401.4,17.13,11.23
CSV,115008,23000,7,5,1,3289,229,6.962603e-02,0.000000e+00,2619770.0,29874620.0,725571.1,16.15,10.57
CSV,120008,24000,7,5,1,3489,229,6.563485e-02,0.000000e+00,2674546.2,34499964.0,698627.3,16.94,11.11
BER: END_SEQ #7 [LOCK] seq_err=0 BER_seq=0.0000e+00 | lock=6 slip=1 BER_cond=0.0000e+00 BER_cum=6.4020e-02
BER: SYNC #8 (gated)
CSV,125008,25000,8,6,1,3612,229,6.339978e-02,0.000000e+00,2632986.5,35600652.0,728314.7,16.89,11.31
CSV,130008,26000,8,6,1,3812,229,6.007345e-02,0.000000e+00,2477303.2,32064148.0,708376.5,16.56,11.12
CSV,135008,27000,8,6,1,4012,229,5.707876e-02,0.000000e+00,2359774.8,34963432.0,698671.4,16.99,11.71
BER: END_SEQ #8 [LOCK] seq_err=0 BER_seq=0.0000e+00 | lock=7 slip=1 BER_cond=0.0000e+00 BER_cum=5.6018e-02
BER: SYNC #9 (gated)
CSV,140008,28000,9,7,1,4135,229,5.538090e-02,0.000000e+00,2367089.5,34627392.0,708561.7,16.89,11.65
CSV,145008,29000,9,7,1,4335,229,5.282583e-02,0.000000e+00,2307265.0,32049652.0,670302.9,16.80,11.43
CSV,150008,30000,9,7,1,4535,229,5.049614e-02,0.000000e+00,2903586.2,34934964.0,635080.6,17.40,10.80
BER: END_SEQ #9 [LOCK] seq_err=0 BER_seq=0.0000e+00 | lock=8 slip=1 BER_cond=0.0000e+00 BER_cum=4.9793e-02
BER: SYNC #10 (gated)
CSV,155008,31000,10,8,1,4658,229,4.916273e-02,0.000000e+00,3001817.0,36578728.0,591524.4,17.91,10.86
CSV,160008,32000,10,8,1,4857,229,4.714844e-02,0.000000e+00,3113855.5,31503112.0,593574.1,17.25,10.05
CSV,165008,33000,10,8,1,5056,332,6.566456e-02,0.000000e+00,2973229.8,37078880.0,572253.3,18.12,10.96
BER: END_SEQ #10 [SLIP] seq_err=123 BER_seq=2.4070e-01 | lock=8 slip=2 BER_cond=0.0000e+00 BER_cum=6.8885e-02
BER: SYNC #11 (gated)
CSV,170008,34000,11,8,2,5180,352,6.795367e-02,0.000000e+00,3028949.5,36381256.0,612060.1,17.74,10.80
CSV,175008,35000,11,8,2,5379,358,6.655512e-02,0.000000e+00,3235409.2,31997956.0,605201.4,17.23,9.95
CSV,180008,36000,11,8,2,5579,463,8.298978e-02,0.000000e+00,3166129.0,35035280.0,625842.9,17.48,10.44
BER: END_SEQ #11 [SLIP] seq_err=127 BER_seq=2.4853e-01 | lock=8 slip=3 BER_cond=0.0000e+00 BER_cum=8.5216e-02
BER: SYNC #12 (gated)
CSV,185008,37000,12,8,3,5703,479,8.399088e-02,0.000000e+00,3290614.0,38262264.0,646811.2,17.72,10.65
CSV,190008,38000,12,8,3,5903,479,8.114518e-02,0.000000e+00,3312022.0,30120094.0,635484.9,16.76,9.59
CSV,195008,39000,12,8,3,6103,479,7.848599e-02,0.000000e+00,3484649.8,37121328.0,652277.1,17.55,10.27
BER: END_SEQ #12 [LOCK] seq_err=0 BER_seq=0.0000e+00 | lock=9 slip=3 BER_cond=0.0000e+00 BER_cum=7.8115e-02
BER: SYNC #13 (gated)
CSV,200008,40000,13,9,3,6226,479,7.693543e-02,0.000000e+00,3616643.2,35613200.0,654630.0,17.36,9.93
CSV,205008,41000,13,9,3,6426,479,7.454093e-02,0.000000e+00,3836750.8,32212200.0,633527.8,17.06,9.24
CSV,210008,42000,13,9,3,6625,479,7.230189e-02,0.000000e+00,3747872.0,35128632.0,620368.1,17.53,9.72
BER: END_SEQ #13 [LOCK] seq_err=0 BER_seq=0.0000e+00 | lock=10 slip=3 BER_cond=0.0000e+00 BER_cum=7.2106e-02
BER: SYNC #14 (gated)
CSV,215008,43000,14,10,3,6748,479,7.098400e-02,0.000000e+00,3797026.8,36443596.0,596174.9,17.86,9.82
CSV,220008,44000,14,10,3,6948,479,6.894070e-02,0.000000e+00,3706337.8,30621576.0,632531.6,16.85,9.17
CSV,225008,45000,14,10,3,7148,479,6.701175e-02,0.000000e+00,3957143.5,36930156.0,708684.2,17.17,9.70
BER: END_SEQ #14 [LOCK] seq_err=0 BER_seq=0.0000e+00 | lock=11 slip=3 BER_cond=0.0000e+00 BER_cum=6.6956e-02
BER: SYNC #15 (gated)
CSV,230008,46000,15,11,3,7271,479,6.587815e-02,0.000000e+00,3734135.8,35094052.0,624791.6,17.49,9.73
CSV,235008,47000,15,11,3,7471,479,6.411458e-02,0.000000e+00,3748583.5,32476938.0,614076.9,17.23,9.38
BER: END_SEQ #15 [LOCK] seq_err=0 BER_seq=0.0000e+00 | lock=12 slip=3 BER_cond=0.0000e+00 BER_cum=6.2492e-02
CSV,240008,48000,15,12,3,7665,479,6.249185e-02,0.000000e+00,3779114.5,37368420.0,638379.5,17.67,9.95
BER: SYNC #16 (gated)
CSV,245008,49000,16,12,3,7794,479,6.145753e-02,0.000000e+00,3806676.0,33870512.0,658971.4,17.11,9.49
CSV,250008,50000,16,12,3,7994,479,5.991994e-02,0.000000e+00,3744762.2,33941976.0,647816.1,17.19,9.57
BER: END_SEQ #16 [LOCK] seq_err=0 BER_seq=0.0000e+00 | lock=13 slip=3 BER_cond=0.0000e+00 BER_cum=5.8586e-02
CSV,255008,51000,16,13,3,8176,479,5.858611e-02,0.000000e+00,3989263.8,36159564.0,636605.8,17.54,9.57
BER: SYNC #17 (gated)
CSV,260008,52000,17,13,3,8316,479,5.759981e-02,0.000000e+00,3967133.8,33551970.0,646142.3,17.15,9.27
CSV,265008,53000,17,13,3,8516,479,5.624706e-02,0.000000e+00,3806584.0,34359180.0,632736.9,17.35,9.56
BER: END_SEQ #17 [LOCK] seq_err=0 BER_seq=0.0000e+00 | lock=14 slip=3 BER_cond=0.0000e+00 BER_cum=5.5140e-02
CSV,270008,54000,17,14,3,8687,479,5.513987e-02,0.000000e+00,3913712.8,36329860.0,697623.2,17.17,9.68
BER: SYNC #18 (gated)
CSV,275008,55000,18,14,3,8839,479,5.419165e-02,0.000000e+00,4110705.2,32448866.0,706747.0,16.62,8.97
CSV,280008,56000,18,14,3,9039,479,5.299259e-02,0.000000e+00,3959855.5,35622760.0,723173.1,16.92,9.54
BER: END_SEQ #18 [LOCK] seq_err=0 BER_seq=0.0000e+00 | lock=15 slip=3 BER_cond=0.0000e+00 BER_cum=5.2077e-02
CSV,285008,57000,18,15,3,9198,479,5.207654e-02,0.000000e+00,3954440.8,35894848.0,728467.8,16.93,9.58
BER: SYNC #19 (gated)
CSV,290008,58000,19,15,3,9361,512,5.469501e-02,0.000000e+00,4063668.2,32817604.0,776002.1,16.26,9.07
CSV,295008,59000,19,15,3,9561,617,6.453300e-02,0.000000e+00,4129603.8,36004672.0,746322.1,16.83,9.40
BER: END_SEQ #19 [SLIP] seq_err=211 BER_seq=4.1292e-01 | lock=15 slip=4 BER_cond=0.0000e+00 BER_cum=7.1068e-02
CSV,300008,60000,19,15,4,9709,690,7.106808e-02,0.000000e+00,3891042.2,36055340.0,804014.8,16.52,9.67
BER: SYNC #20 (gated)
CSV,305008,61000,20,15,4,9885,690,6.980273e-02,0.000000e+00,4045624.5,32385000.0,746680.2,16.37,9.03
CSV,310008,62000,20,15,4,10085,690,6.841844e-02,0.000000e+00,3923199.0,36575836.0,724007.6,17.03,9.70
BER: END_SEQ #20 [LOCK] seq_err=0 BER_seq=0.0000e+00 | lock=16 slip=4 BER_cond=0.0000e+00 BER_cum=6.7515e-02
CSV,315008,63000,20,16,4,10220,690,6.751468e-02,0.000000e+00,3998739.0,34967660.0,724281.6,16.84,9.42
BER: SYNC #21 (gated)
CSV,320008,64000,21,16,4,10407,690,6.630152e-02,0.000000e+00,3959587.8,33187592.0,776501.6,16.31,9.23
CSV,325008,65000,21,16,4,10607,690,6.505138e-02,0.000000e+00,3999613.0,35768188.0,730358.1,16.90,9.51
BER: END_SEQ #21 [LOCK] seq_err=0 BER_seq=0.0000e+00 | lock=17 slip=4 BER_cond=0.0000e+00 BER_cum=6.4300e-02
CSV,330008,66000,21,17,4,10731,690,6.429970e-02,0.000000e+00,3916523.0,36983160.0,735216.8,17.02,9.75
BER: SYNC #22 (gated)
CSV,335008,67000,22,17,4,10930,690,6.312900e-02,0.000000e+00,4044812.8,30770644.0,727954.2,16.26,8.81
CSV,340008,68000,22,17,4,11130,690,6.199461e-02,0.000000e+00,3984165.5,36304516.0,682439.1,17.26,9.60
BER: END_SEQ #22 [LOCK] seq_err=0 BER_seq=0.0000e+00 | lock=18 slip=4 BER_cond=0.0000e+00 BER_cum=6.1377e-02
BER: SYNC #23 (gated)
CSV,345008,69000,23,18,4,11253,690,6.131698e-02,0.000000e+00,3948077.5,36115620.0,704011.4,17.10,9.61
CSV,350008,70000,23,18,4,11453,690,6.024623e-02,0.000000e+00,3798625.8,32561726.0,691938.2,16.73,9.33
CSV,355008,71000,23,18,4,11652,690,5.921730e-02,0.000000e+00,4004096.0,35401728.0,766804.8,16.64,9.47
BER: END_SEQ #23 [LOCK] seq_err=0 BER_seq=0.0000e+00 | lock=19 slip=4 BER_cond=0.0000e+00 BER_cum=5.8708e-02
BER: SYNC #24 (gated)
CSV,360008,72000,24,19,4,11775,690,5.859873e-02,0.000000e+00,4019155.5,36958852.0,702383.8,17.21,9.64
CSV,365008,73000,24,19,4,11975,690,5.762004e-02,0.000000e+00,3926234.5,30291650.0,732467.9,16.17,8.87
CSV,370008,74000,24,19,4,12175,690,5.667351e-02,0.000000e+00,3807798.0,36158600.0,674118.8,17.29,9.78
BER: END_SEQ #24 [LOCK] seq_err=0 BER_seq=0.0000e+00 | lock=20 slip=4 BER_cond=0.0000e+00 BER_cum=5.6262e-02
BER: SYNC #25 (gated)
CSV,375008,75000,25,20,4,12298,690,5.610668e-02,0.000000e+00,4004052.0,35643496.0,756467.9,16.73,9.49
CSV,380008,76000,25,20,4,12498,690,5.520883e-02,0.000000e+00,3880928.8,33176678.0,737421.3,16.53,9.32
CSV,385008,77000,25,20,4,12698,690,5.433927e-02,0.000000e+00,4008783.0,34825420.0,742296.2,16.71,9.39
BER: END_SEQ #25 [LOCK] seq_err=0 BER_seq=0.0000e+00 | lock=21 slip=4 BER_cond=0.0000e+00 BER_cum=5.4012e-02
BER: SYNC #26 (gated)
CSV,390008,78000,26,21,4,12820,709,5.530421e-02,0.000000e+00,4029388.5,37136904.0,704613.2,17.22,9.65
CSV,395008,79000,26,21,4,13020,815,6.259601e-02,0.000000e+00,3854772.8,31853898.0,698093.2,16.59,9.17
CSV,400008,80000,26,21,4,13220,919,6.951588e-02,0.000000e+00,3952718.0,35927384.0,721199.8,16.97,9.59
BER: END_SEQ #26 [SLIP] seq_err=263 BER_seq=5.1468e-01 | lock=21 slip=5 BER_cond=0.0000e+00 BER_cum=7.1730e-02
BER: SYNC #27 (gated)
CSV,405008,81000,27,21,5,13344,953,7.141787e-02,0.000000e+00,4112553.2,35659228.0,728296.7,16.90,9.38
CSV,410008,82000,27,21,5,13544,953,7.036326e-02,0.000000e+00,3905925.8,32085342.0,718779.9,16.50,9.15
CSV,415008,83000,27,21,5,13743,953,6.934439e-02,0.000000e+00,3833016.2,34456460.0,716738.3,16.82,9.54
BER: END_SEQ #27 [LOCK] seq_err=0 BER_seq=0.0000e+00 | lock=22 slip=5 BER_cond=0.0000e+00 BER_cum=6.9073e-02
BER: SYNC #28 (gated)
CSV,420008,84000,28,22,5,13866,953,6.872927e-02,0.000000e+00,3719634.5,37072540.0,712199.7,17.16,9.99
CSV,425008,85000,28,22,5,14066,953,6.775203e-02,0.000000e+00,3781953.2,30531358.0,694114.9,16.43,9.07
CSV,430008,86000,28,22,5,14266,953,6.680219e-02,0.000000e+00,3861307.2,35612540.0,686953.2,17.15,9.65
BER: END_SEQ #28 [LOCK] seq_err=0 BER_seq=0.0000e+00 | lock=23 slip=5 BER_cond=0.0000e+00 BER_cum=6.6606e-02
BER: SYNC #29 (gated)
CSV,435008,87000,29,23,5,14389,953,6.623115e-02,0.000000e+00,3944395.0,38322500.0,696312.4,17.41,9.87
CSV,440008,88000,29,23,5,14589,953,6.532319e-02,0.000000e+00,3820402.2,31418206.0,721035.1,16.39,9.15
CSV,445008,89000,29,23,5,14789,953,6.443979e-02,0.000000e+00,3892220.0,36197252.0,673383.0,17.30,9.68
BER: END_SEQ #29 [LOCK] seq_err=0 BER_seq=0.0000e+00 | lock=24 slip=5 BER_cond=0.0000e+00 BER_cum=6.4309e-02
BER: SYNC #30 (gated)
CSV,450008,90000,30,24,5,14912,953,6.390826e-02,0.000000e+00,3967695.2,36016884.0,709667.8,17.05,9.58
CSV,455008,91000,30,24,5,15111,953,6.306664e-02,0.000000e+00,3875092.8,31175740.0,742513.6,16.23,9.06
CSV,460008,92000,30,24,5,15312,953,6.223877e-02,0.000000e+00,3900164.8,37038304.0,722233.2,17.10,9.78
BER: END_SEQ #30 [LOCK] seq_err=0 BER_seq=0.0000e+00 | lock=25 slip=5 BER_cond=0.0000e+00 BER_cum=6.2166e-02
BER: SYNC #31 (gated)
CSV,465008,93000,31,25,5,15434,953,6.174679e-02,0.000000e+00,3995498.0,37126016.0,796105.6,16.69,9.68
CSV,470008,94000,31,25,5,15634,953,6.095689e-02,0.000000e+00,3883544.8,31716858.0,747194.9,16.28,9.12
CSV,475008,95000,31,25,5,15834,953,6.018694e-02,0.000000e+00,3897364.0,36739488.0,674897.8,17.36,9.74
BER: END_SEQ #31 [LOCK] seq_err=0 BER_seq=0.0000e+00 | lock=26 slip=5 BER_cond=0.0000e+00 BER_cum=6.0160e-02
BER: SYNC #32 (gated)
CSV,480008,96000,32,26,5,15956,981,6.148157e-02,0.000000e+00,4030400.0,35303716.0,712313.2,16.95,9.42
CSV,485008,97000,32,26,5,16156,1085,6.715772e-02,0.000000e+00,4059229.5,31938312.0,835864.8,15.82,8.96
BER: END_SEQ #32 [SLIP] seq_err=228 BER_seq=4.4618e-01 | lock=26 slip=6 BER_cond=0.0000e+00 BER_cum=7.2224e-02
CSV,490008,98000,32,26,6,16352,1181,7.222358e-02,0.000000e+00,3786863.0,36781620.0,712562.5,17.13,9.87
BER: SYNC #33 (gated)
CSV,495008,99000,33,26,6,16480,1181,7.166262e-02,0.000000e+00,3733847.2,33381330.0,737319.2,16.56,9.51
CSV,500008,100000,33,26,6,16680,1181,7.080336e-02,0.000000e+00,3925227.5,34802252.0,744027.2,16.70,9.48
BER: END_SEQ #33 [LOCK] seq_err=0 BER_seq=0.0000e+00 | lock=27 slip=6 BER_cond=0.0000e+00 BER_cum=7.0035e-02
CSV,505008,101000,33,27,6,16863,1181,7.003499e-02,0.000000e+00,3875362.8,36709812.0,692060.3,17.25,9.76
BER: SYNC #34 (gated)
CSV,510008,102000,34,27,6,17003,1181,6.945833e-02,0.000000e+00,3956283.2,32547198.0,744846.4,16.40,9.15
CSV,515008,103000,34,27,6,17203,1181,6.865082e-02,0.000000e+00,3809503.2,34806148.0,692480.8,17.01,9.61
BER: END_SEQ #34 [LOCK] seq_err=0 BER_seq=0.0000e+00 | lock=28 slip=6 BER_cond=0.0000e+00 BER_cum=6.7975e-02
CSV,520008,104000,34,28,6,17374,1181,6.797513e-02,0.000000e+00,3814753.5,36124000.0,707825.6,17.08,9.76
BER: SYNC #35 (gated)
CSV,525008,105000,35,28,6,17525,1181,6.738944e-02,0.000000e+00,3970593.8,33250314.0,763796.7,16.39,9.23
CSV,530008,106000,35,28,6,17725,1181,6.662905e-02,0.000000e+00,4045556.2,36013524.0,784911.5,16.62,9.49
BER: END_SEQ #35 [LOCK] seq_err=0 BER_seq=0.0000e+00 | lock=29 slip=6 BER_cond=0.0000e+00 BER_cum=6.6033e-02
CSV,535008,107000,35,29,6,17885,1181,6.603299e-02,0.000000e+00,4009691.2,36408600.0,702184.0,17.15,9.58
BER: SYNC #36 (gated)
CSV,540008,108000,36,29,6,18048,1181,6.543662e-02,0.000000e+00,3954743.2,31875194.0,752098.8,16.27,9.06
CSV,545008,109000,36,29,6,18248,1181,6.471942e-02,0.000000e+00,4073666.8,37406576.0,733639.3,17.07,9.63
BER: END_SEQ #36 [LOCK] seq_err=0 BER_seq=0.0000e+00 | lock=30 slip=6 BER_cond=0.0000e+00 BER_cum=6.4199e-02
CSV,550008,110000,36,30,6,18396,1181,6.419874e-02,0.000000e+00,4010431.8,35317216.0,800347.9,16.45,9.45
BER: SYNC #37 (gated)
CSV,555008,111000,37,30,6,18571,1181,6.359378e-02,0.000000e+00,3876215.8,33192058.0,741666.8,16.51,9.33
CSV,560008,112000,37,30,6,18771,1181,6.291620e-02,0.000000e+00,4052423.5,36560520.0,718123.8,17.07,9.55
BER: END_SEQ #37 [LOCK] seq_err=0 BER_seq=0.0000e+00 | lock=31 slip=6 BER_cond=0.0000e+00 BER_cum=6.2464e-02
CSV,565008,113000,37,31,6,18907,1181,6.246364e-02,0.000000e+00,3944087.8,35511244.0,761990.8,16.68,9.54
BER: SYNC #38 (gated)
CSV,570008,114000,38,31,6,19093,1181,6.185513e-02,0.000000e+00,3901633.0,32733360.0,693106.6,16.74,9.24
CSV,575008,115000,38,31,6,19293,1181,6.121391e-02,0.000000e+00,4046133.2,36274820.0,715985.6,17.05,9.53
BER: END_SEQ #38 [LOCK] seq_err=0 BER_seq=0.0000e+00 | lock=32 slip=6 BER_cond=0.0000e+00 BER_cum=6.0820e-02
CSV,580008,116000,38,32,6,19418,1181,6.081986e-02,0.000000e+00,3914849.2,36906960.0,729921.1,17.04,9.74
BER: SYNC #39 (gated)
CSV,585008,117000,39,32,6,19616,1181,6.020596e-02,0.000000e+00,3820797.5,32233326.0,737162.9,16.41,9.26
CSV,590008,118000,39,32,6,19816,1181,5.959830e-02,0.000000e+00,3812751.8,35283732.0,721757.7,16.89,9.66
BER: END_SEQ #39 [LOCK] seq_err=0 BER_seq=0.0000e+00 | lock=33 slip=6 BER_cond=0.0000e+00 BER_cum=5.9260e-02
BER: SYNC #40 (gated)
CSV,595008,119000,40,33,6,19939,1181,5.923065e-02,0.000000e+00,3912443.2,37893240.0,746543.8,17.06,9.86
CSV,600008,120000,40,33,6,20139,1181,5.864244e-02,0.000000e+00,4061994.8,32336052.0,730930.0,16.46,9.01
CSV,605008,121000,40,33,6,20339,1181,5.806578e-02,0.000000e+00,3968761.5,36244188.0,738374.6,16.91,9.61
BER: END_SEQ #40 [LOCK] seq_err=0 BER_seq=0.0000e+00 | lock=34 slip=6 BER_cond=0.0000e+00 BER_cum=5.7779e-02
BER: SYNC #41 (gated)
CSV,610008,122000,41,34,6,20462,1181,5.771674e-02,0.000000e+00,3892792.5,36480700.0,725615.6,17.01,9.72
CSV,615008,123000,41,34,6,20662,1181,5.715807e-02,0.000000e+00,3958966.2,31892356.0,726163.2,16.43,9.06
CSV,620008,124000,41,34,6,20861,1181,5.661282e-02,0.000000e+00,3914830.8,35255296.0,756547.1,16.68,9.55
BER: END_SEQ #41 [LOCK] seq_err=0 BER_seq=0.0000e+00 | lock=35 slip=6 BER_cond=0.0000e+00 BER_cum=5.6370e-02
BER: SYNC #42 (gated)
CSV,625008,125000,42,35,6,20984,1181,5.628097e-02,0.000000e+00,3888139.8,36432752.0,726563.1,17.00,9.72
CSV,630008,126000,42,35,6,21184,1181,5.574962e-02,0.000000e+00,3908041.0,32997238.0,719577.9,16.61,9.27
CSV,635008,127000,42,35,6,21384,1181,5.522821e-02,0.000000e+00,3932669.5,35075704.0,730095.7,16.82,9.50
BER: END_SEQ #42 [LOCK] seq_err=0 BER_seq=0.0000e+00 | lock=36 slip=6 BER_cond=0.0000e+00 BER_cum=5.5027e-02
BER: SYNC #43 (gated)
CSV,640008,128000,43,36,6,21507,1181,5.491235e-02,0.000000e+00,3964009.8,36827796.0,730535.7,17.03,9.68
CSV,645008,129000,43,36,6,21707,1181,5.440641e-02,0.000000e+00,3912239.2,33739632.0,722806.1,16.69,9.36
CSV,650008,130000,43,36,6,21907,1181,5.390971e-02,0.000000e+00,4132640.8,36358124.0,754893.8,16.83,9.44
BER: END_SEQ #43 [LOCK] seq_err=0 BER_seq=0.0000e+00 | lock=37 slip=6 BER_cond=0.0000e+00 BER_cum=5.3748e-02
BER: SYNC #44 (gated)
CSV,655008,131000,44,37,6,22030,1181,5.360872e-02,0.000000e+00,4003484.2,35908248.0,701313.2,17.09,9.53
CSV,660008,132000,44,37,6,22230,1181,5.312641e-02,0.000000e+00,3999052.0,32501544.0,749654.2,16.37,9.10
CSV,665008,133000,44,37,6,22430,1181,5.265270e-02,0.000000e+00,4057310.0,35181040.0,748059.9,16.72,9.38
BER: END_SEQ #44 [LOCK] seq_err=0 BER_seq=0.0000e+00 | lock=38 slip=6 BER_cond=0.0000e+00 BER_cum=5.2526e-02
BER: SYNC #45 (gated)
CSV,670008,134000,45,38,6,22553,1181,5.236554e-02,0.000000e+00,4027255.8,37935624.0,781515.3,16.86,9.74
CSV,675008,135000,45,38,6,22752,1181,5.190752e-02,0.000000e+00,4147627.8,30746870.0,763989.1,16.05,8.70
CSV,680008,136000,45,38,6,22952,1181,5.145521e-02,0.000000e+00,4123317.0,36213272.0,762081.9,16.77,9.44
BER: END_SEQ #45 [LOCK] seq_err=0 BER_seq=0.0000e+00 | lock=39 slip=6 BER_cond=0.0000e+00 BER_cum=5.1359e-02
BER: SYNC #46 (gated)
CSV,685008,137000,46,39,6,23075,1181,5.118093e-02,0.000000e+00,4081784.0,36908244.0,823597.7,16.51,9.56
CSV,690008,138000,46,39,6,23275,1181,5.074114e-02,0.000000e+00,4178468.0,31101424.0,816513.5,15.81,8.72
CSV,695008,139000,46,39,6,23475,1181,5.030884e-02,0.000000e+00,4206408.0,37031876.0,828913.0,16.50,9.45
BER: END_SEQ #46 [LOCK] seq_err=0 BER_seq=0.0000e+00 | lock=40 slip=6 BER_cond=0.0000e+00 BER_cum=5.0242e-02
BER: SYNC #47 (gated)
CSV,700008,140000,47,40,6,23598,1181,5.004662e-02,0.000000e+00,3976802.0,36215120.0,823929.9,16.43,9.59
CSV,705008,141000,47,40,6,23798,1181,4.962602e-02,0.000000e+00,4143385.2,32141668.0,857116.6,15.74,8.90
CSV,710008,142000,47,40,6,23998,1181,4.921243e-02,0.000000e+00,4148959.0,35542000.0,789273.8,16.54,9.33
BER: END_SEQ #47 [LOCK] seq_err=0 BER_seq=0.0000e+00 | lock=41 slip=6 BER_cond=0.0000e+00 BER_cum=4.9174e-02
BER: SYNC #48 (gated)
CSV,715008,143000,48,41,6,24121,1181,4.896149e-02,0.000000e+00,4217282.0,37171976.0,803144.5,16.65,9.45
CSV,720008,144000,48,41,6,24321,1181,4.855886e-02,0.000000e+00,4220118.0,31578652.0,800015.6,15.96,8.74
CSV,725008,145000,48,41,6,24520,1181,4.816476e-02,0.000000e+00,4190111.5,36112176.0,759476.5,16.77,9.35
BER: END_SEQ #48 [LOCK] seq_err=0 BER_seq=0.0000e+00 | lock=42 slip=6 BER_cond=0.0000e+00 BER_cum=4.8149e-02
BER: SYNC #49 (gated)
CSV,730008,146000,49,42,6,24643,1181,4.792436e-02,0.000000e+00,4023262.8,36710344.0,768688.4,16.79,9.60
CSV,735008,147000,49,42,6,24843,1181,4.753854e-02,0.000000e+00,4152390.2,32639396.0,777942.6,16.23,8.95
BER: END_SEQ #49 [LOCK] seq_err=0 BER_seq=0.0000e+00 | lock=43 slip=6 BER_cond=0.0000e+00 BER_cum=4.7166e-02
CSV,740008,148000,49,43,6,25039,1181,4.716642e-02,0.000000e+00,4117406.0,37599308.0,764540.9,16.92,9.61
BER: SYNC #50 (gated)
CSV,745008,149000,50,43,6,25166,1181,4.692839e-02,0.000000e+00,4283990.5,33272260.0,836884.2,15.99,8.90
CSV,750008,150000,50,43,6,25366,1181,4.655838e-02,0.000000e+00,4216862.5,34918000.0,804416.8,16.38,9.18
BER: END_SEQ #50 [LOCK] seq_err=0 BER_seq=0.0000e+00 | lock=44 slip=6 BER_cond=0.0000e+00 BER_cum=4.6223e-02
CSV,755008,151000,50,44,6,25550,1181,4.622309e-02,0.000000e+00,4204055.0,35858068.0,809049.6,16.47,9.31
BER: SYNC #51 (gated)
CSV,760008,152000,51,44,6,25689,1181,4.597298e-02,0.000000e+00,4148568.5,33083232.0,842411.1,15.94,9.02
CSV,765008,153000,51,44,6,25889,1181,4.561783e-02,0.000000e+00,4218185.5,34484388.0,870307.6,15.98,9.12
BER: END_SEQ #51 [LOCK] seq_err=0 BER_seq=0.0000e+00 | lock=45 slip=6 BER_cond=0.0000e+00 BER_cum=4.5317e-02
CSV,770008,154000,51,45,6,26061,1181,4.531676e-02,0.000000e+00,4393014.5,37414904.0,850613.9,16.43,9.30
BER: SYNC #52 (gated)
CSV,775008,155000,52,45,6,26210,1190,4.540252e-02,0.000000e+00,4118599.0,32598878.0,768383.8,16.28,8.98
CSV,780008,156000,52,45,6,26410,1297,4.911019e-02,0.000000e+00,4117526.5,36118592.0,779858.8,16.66,9.43
BER: END_SEQ #52 [SLIP] seq_err=196 BER_seq=3.8356e-01 | lock=45 slip=7 BER_cond=0.0000e+00 BER_cum=5.1821e-02
CSV,785008,157000,52,45,7,26572,1377,5.182147e-02,0.000000e+00,4107251.0,35493824.0,744952.0,16.78,9.37
BER: SYNC #53 (gated)
CSV,790008,158000,53,45,7,26734,1377,5.150744e-02,0.000000e+00,4052207.2,32903684.0,770376.4,16.31,9.10
CSV,795008,159000,53,45,7,26934,1377,5.112497e-02,0.000000e+00,4155771.0,35792692.0,744181.4,16.82,9.35
BER: END_SEQ #53 [LOCK] seq_err=0 BER_seq=0.0000e+00 | lock=46 slip=7 BER_cond=0.0000e+00 BER_cum=5.0844e-02
CSV,800008,160000,53,46,7,27083,1377,5.084370e-02,0.000000e+00,4120366.5,36672724.0,699337.7,17.20,9.49
BER: SYNC #54 (gated)
CSV,805008,161000,54,46,7,27257,1377,5.051913e-02,0.000000e+00,4150157.5,33363784.0,745845.3,16.51,9.05
CSV,810008,162000,54,46,7,27457,1377,5.015115e-02,0.000000e+00,4139436.2,36061996.0,757855.8,16.77,9.40
BER: END_SEQ #54 [LOCK] seq_err=0 BER_seq=0.0000e+00 | lock=47 slip=7 BER_cond=0.0000e+00 BER_cum=4.9902e-02
CSV,815008,163000,54,47,7,27594,1377,4.990215e-02,0.000000e+00,3998197.2,34964464.0,702801.2,16.97,9.42
BER: SYNC #55 (gated)
CSV,820008,164000,55,47,7,27780,1377,4.956803e-02,0.000000e+00,4183121.5,32803116.0,735196.9,16.50,8.94
CSV,825008,165000,55,47,7,27979,1377,4.921548e-02,0.000000e+00,4100857.8,36435756.0,711704.6,17.09,9.49
BER: END_SEQ #55 [LOCK] seq_err=0 BER_seq=0.0000e+00 | lock=48 slip=7 BER_cond=0.0000e+00 BER_cum=4.8995e-02
CSV,830008,166000,55,48,7,28105,1377,4.899484e-02,0.000000e+00,4086813.8,37496216.0,702091.9,17.28,9.63
BER: SYNC #56 (gated)
CSV,835008,167000,56,48,7,28302,1377,4.865380e-02,0.000000e+00,4065293.8,31151384.0,663943.6,16.71,8.84
CSV,840008,168000,56,48,7,28502,1377,4.831240e-02,0.000000e+00,4216687.0,35963544.0,677995.1,17.25,9.31
BER: END_SEQ #56 [LOCK] seq_err=0 BER_seq=0.0000e+00 | lock=49 slip=7 BER_cond=0.0000e+00 BER_cum=4.8120e-02
BER: SYNC #57 (gated)
CSV,845008,169000,57,49,7,28625,1377,4.810480e-02,0.000000e+00,4154916.2,37693804.0,689309.8,17.38,9.58
CSV,850008,170000,57,49,7,28825,1377,4.777103e-02,0.000000e+00,4016454.2,31697056.0,640902.4,16.94,8.97
CSV,855008,171000,57,49,7,29025,1377,4.744186e-02,0.000000e+00,4145768.8,36410096.0,704216.4,17.14,9.44
BER: END_SEQ #57 [LOCK] seq_err=0 BER_seq=0.0000e+00 | lock=50 slip=7 BER_cond=0.0000e+00 BER_cum=4.7276e-02
BER: SYNC #58 (gated)
CSV,860008,172000,58,50,7,29148,1377,4.724166e-02,0.000000e+00,3974378.5,36637580.0,677962.5,17.33,9.65
CSV,865008,173000,58,50,7,29348,1377,4.691972e-02,0.000000e+00,4081246.0,32016692.0,705102.5,16.57,8.95
CSV,870008,174000,58,50,7,29548,1377,4.660214e-02,0.000000e+00,4061685.0,35565952.0,700623.4,17.06,9.42
BER: END_SEQ #58 [LOCK] seq_err=0 BER_seq=0.0000e+00 | lock=51 slip=7 BER_cond=0.0000e+00 BER_cum=4.6461e-02
BER: SYNC #59 (gated)
CSV,875008,175000,59,51,7,29670,1377,4.641052e-02,0.000000e+00,4180004.5,37222512.0,731045.2,17.07,9.50
CSV,880008,176000,59,51,7,29870,1377,4.609977e-02,0.000000e+00,4066982.5,32626402.0,698167.0,16.70,9.04
CSV,885008,177000,59,51,7,30070,1377,4.579315e-02,0.000000e+00,4207287.0,35215596.0,718136.3,16.91,9.23
BER: END_SEQ #59 [LOCK] seq_err=0 BER_seq=0.0000e+00 | lock=52 slip=7 BER_cond=0.0000e+00 BER_cum=4.5673e-02
BER: SYNC #60 (gated)
CSV,890008,178000,60,52,7,30193,1377,4.560660e-02,0.000000e+00,4076200.2,35491736.0,667091.9,17.26,9.40
CSV,895008,179000,60,52,7,30393,1377,4.530649e-02,0.000000e+00,4132886.2,33306312.0,693181.1,16.82,9.06
CSV,900008,180000,60,52,7,30592,1436,4.694038e-02,0.000000e+00,4070575.2,35886976.0,680731.3,17.22,9.45
BER: END_SEQ #60 [SLIP] seq_err=88 BER_seq=1.7221e-01 | lock=52 slip=8 BER_cond=0.0000e+00 BER_cum=4.7782e-02
BER: SYNC #61 (gated)
CSV,905008,181000,61,52,8,30716,1465,4.769501e-02,0.000000e+00,4122154.8,36123068.0,652894.2,17.43,9.43
CSV,910008,182000,61,52,8,30916,1465,4.738647e-02,0.000000e+00,4100953.8,32061250.0,680867.4,16.73,8.93
CSV,915008,183000,61,52,8,31116,1465,4.708189e-02,0.000000e+00,4097196.8,35751128.0,614984.9,17.64,9.41
BER: END_SEQ #61 [LOCK] seq_err=0 BER_seq=0.0000e+00 | lock=53 slip=8 BER_cond=0.0000e+00 BER_cum=4.6999e-02
BER: SYNC #62 (gated)
CSV,920008,184000,62,53,8,31239,1465,4.689651e-02,0.000000e+00,4093219.2,36740104.0,677849.1,17.34,9.53
CSV,925008,185000,62,53,8,31439,1465,4.659817e-02,0.000000e+00,4102948.0,31287790.0,615955.6,17.06,8.82
CSV,930008,186000,62,53,8,31638,1465,4.630508e-02,0.000000e+00,4083794.5,34004836.0,664924.9,17.09,9.20
BER: END_SEQ #62 [LOCK] seq_err=0 BER_seq=0.0000e+00 | lock=54 slip=8 BER_cond=0.0000e+00 BER_cum=4.6241e-02
BER: SYNC #63 (gated)
CSV,935008,187000,63,54,8,31761,1465,4.612575e-02,0.000000e+00,3981799.0,37744072.0,640537.9,17.70,9.77
CSV,940008,188000,63,54,8,31961,1465,4.583712e-02,0.000000e+00,4220363.0,31075458.0,683640.9,16.58,8.67
CSV,945008,189000,63,54,8,32161,1465,4.555207e-02,0.000000e+00,3964585.2,36823348.0,661244.2,17.46,9.68
BER: END_SEQ #63 [LOCK] seq_err=0 BER_seq=0.0000e+00 | lock=55 slip=8 BER_cond=0.0000e+00 BER_cum=4.5507e-02
BER: SYNC #64 (gated)
CSV,950008,190000,64,55,8,32284,1465,4.537852e-02,0.000000e+00,4049358.8,36278228.0,678373.8,17.28,9.52
CSV,955008,191000,64,55,8,32484,1465,4.509912e-02,0.000000e+00,4073607.0,32514920.0,722289.8,16.53,9.02
CSV,960008,192000,64,55,8,32684,1465,4.482315e-02,0.000000e+00,4171469.5,35453572.0,756967.1,16.71,9.29
BER: END_SEQ #64 [LOCK] seq_err=0 BER_seq=0.0000e+00 | lock=56 slip=8 BER_cond=0.0000e+00 BER_cum=4.4796e-02
BER: SYNC #65 (gated)
CSV,965008,193000,65,56,8,32807,1465,4.465510e-02,0.000000e+00,4083811.8,37720448.0,641751.2,17.69,9.66
CSV,970008,194000,65,56,8,33007,1465,4.438452e-02,0.000000e+00,4067050.8,31680662.0,654743.7,16.85,8.92
CSV,975008,195000,65,56,8,33207,1465,4.411720e-02,0.000000e+00,4125156.5,35970420.0,652583.8,17.41,9.41
BER: END_SEQ #65 [LOCK] seq_err=0 BER_seq=0.0000e+00 | lock=57 slip=8 BER_cond=0.0000e+00 BER_cum=4.4107e-02
BER: SYNC #66 (gated)
CSV,980008,196000,66,57,8,33329,1465,4.395571e-02,0.000000e+00,4090891.5,36673700.0,673587.4,17.36,9.53
CSV,985008,197000,66,57,8,33529,1465,4.369352e-02,0.000000e+00,4099604.8,32373318.0,658452.8,16.92,8.97
BER: END_SEQ #66 [LOCK] seq_err=0 BER_seq=0.0000e+00 | lock=58 slip=8 BER_cond=0.0000e+00 BER_cum=4.3438e-02
CSV,990008,198000,66,58,8,33726,1465,4.343830e-02,0.000000e+00,4121190.8,36777032.0,665412.9,17.42,9.51
BER: SYNC #67 (gated)
CSV,995008,199000,67,58,8,33852,1465,4.327662e-02,0.000000e+00,4160192.2,33089110.0,702040.6,16.73,9.01
CSV,1000008,200000,67,58,8,34052,1465,4.302244e-02,0.000000e+00,4181036.2,34181416.0,641135.4,17.27,9.13
BER: END_SEQ #67 [LOCK] seq_err=0 BER_seq=0.0000e+00 | lock=59 slip=8 BER_cond=0.0000e+00 BER_cum=4.2790e-02
CSV,1005008,201000,67,59,8,34237,1465,4.278997e-02,0.000000e+00,4147975.0,36250760.0,650522.2,17.46,9.41
BER: SYNC #68 (gated)
CSV,1010008,202000,68,59,8,34375,1465,4.261818e-02,0.000000e+00,3968612.2,32712940.0,645770.7,17.05,9.16
CSV,1015008,203000,68,59,8,34575,1465,4.237166e-02,0.000000e+00,4012797.8,35471424.0,661577.6,17.29,9.46
BER: END_SEQ #68 [LOCK] seq_err=0 BER_seq=0.0000e+00 | lock=60 slip=8 BER_cond=0.0000e+00 BER_cum=4.2161e-02
CSV,1020008,204000,68,60,8,34748,1465,4.216070e-02,0.000000e+00,3985136.2,36948596.0,659175.7,17.49,9.67
BER: SYNC #69 (gated)
CSV,1025008,205000,69,60,8,34898,1465,4.197948e-02,0.000000e+00,3934009.5,32949900.0,663496.7,16.96,9.23
CSV,1030008,206000,69,60,8,35097,1465,4.174146e-02,0.000000e+00,4047036.8,36508452.0,635121.5,17.60,9.55
BER: END_SEQ #69 [LOCK] seq_err=0 BER_seq=0.0000e+00 | lock=61 slip=8 BER_cond=0.0000e+00 BER_cum=4.1550e-02
CSV,1035008,207000,69,61,8,35259,1465,4.154968e-02,0.000000e+00,3960335.2,36247212.0,634540.7,17.57,9.62
BER: SYNC #70 (gated)
CSV,1040008,208000,70,61,8,35420,1465,4.136081e-02,0.000000e+00,3892599.2,32299184.0,634282.3,17.07,9.19
CSV,1045008,209000,70,61,8,35620,1465,4.112858e-02,0.000000e+00,4121185.8,36427028.0,669732.2,17.36,9.46
BER: END_SEQ #70 [LOCK] seq_err=0 BER_seq=0.0000e+00 | lock=62 slip=8 BER_cond=0.0000e+00 BER_cum=4.0956e-02
CSV,1050008,210000,70,62,8,35770,1465,4.095611e-02,0.000000e+00,3986722.2,36251572.0,635442.4,17.56,9.59
BER: SYNC #71 (gated)
CSV,1055008,211000,71,62,8,35943,1465,4.075898e-02,0.000000e+00,4030323.0,32667044.0,615055.9,17.25,9.09
CSV,1060008,212000,71,62,8,36143,1465,4.053344e-02,0.000000e+00,4028662.8,37396488.0,654925.8,17.57,9.68
BER: END_SEQ #71 [LOCK] seq_err=0 BER_seq=0.0000e+00 | lock=63 slip=8 BER_cond=0.0000e+00 BER_cum=4.0379e-02
CSV,1065008,213000,71,63,8,36281,1465,4.037926e-02,0.000000e+00,4057161.5,35380392.0,678061.4,17.17,9.41
BER: SYNC #72 (gated)
CSV,1070008,214000,72,63,8,36466,1465,4.017441e-02,0.000000e+00,4096060.5,33731860.0,660920.4,17.08,9.16
CSV,1075008,215000,72,63,8,36666,1465,3.995527e-02,0.000000e+00,4104664.0,35251288.0,717192.2,16.92,9.34
BER: END_SEQ #72 [LOCK] seq_err=0 BER_seq=0.0000e+00 | lock=64 slip=8 BER_cond=0.0000e+00 BER_cum=3.9818e-02
CSV,1080008,216000,72,64,8,36792,1465,3.981844e-02,0.000000e+00,4031952.2,37010364.0,678494.6,17.37,9.63
BER: SYNC #73 (gated)
CSV,1085008,217000,73,64,8,36988,1465,3.960744e-02,0.000000e+00,4097623.8,30770624.0,677792.0,16.57,8.76
CSV,1090008,218000,73,64,8,37188,1465,3.939443e-02,0.000000e+00,3742226.0,36000740.0,644538.0,17.47,9.83
BER: END_SEQ #73 [LOCK] seq_err=0 BER_seq=0.0000e+00 | lock=65 slip=8 BER_cond=0.0000e+00 BER_cum=3.9273e-02
BER: SYNC #74 (gated)
CSV,1095008,219000,74,65,8,37311,1465,3.926456e-02,0.000000e+00,3777970.2,37114252.0,677864.6,17.38,9.92
CSV,1100008,220000,74,65,8,37511,1465,3.905521e-02,0.000000e+00,3710400.2,33688928.0,670758.4,17.01,9.58
CSV,1105008,221000,74,65,8,37711,1465,3.884808e-02,0.000000e+00,3771483.2,36651128.0,667061.1,17.40,9.88
BER: END_SEQ #74 [LOCK] seq_err=0 BER_seq=0.0000e+00 | lock=66 slip=8 BER_cond=0.0000e+00 BER_cum=3.8742e-02
BER: SYNC #75 (gated)
CSV,1110008,222000,75,66,8,37834,1465,3.872178e-02,0.000000e+00,3658651.5,37814336.0,600137.9,17.99,10.14
CSV,1115008,223000,75,66,8,38034,1465,3.851817e-02,0.000000e+00,3774661.5,31767106.0,629913.4,17.03,9.25
CSV,1120008,224000,75,66,8,38234,1465,3.831668e-02,0.000000e+00,3825223.2,37120760.0,644537.0,17.60,9.87
BER: END_SEQ #75 [LOCK] seq_err=0 BER_seq=0.0000e+00 | lock=67 slip=8 BER_cond=0.0000e+00 BER_cum=3.8226e-02
BER: SYNC #76 (gated)
CSV,1125008,225000,76,67,8,38357,1465,3.819381e-02,0.000000e+00,3847412.8,37797192.0,669321.4,17.52,9.92
CSV,1130008,226000,76,67,8,38557,1465,3.799570e-02,0.000000e+00,3480834.0,34663580.0,660264.9,17.20,9.98
CSV,1135008,227000,76,67,8,38755,1531,3.950458e-02,0.000000e+00,3456727.5,35344140.0,659332.4,17.29,10.10
BER: END_SEQ #76 [SLIP] seq_err=102 BER_seq=1.9961e-01 | lock=67 slip=9 BER_cond=0.0000e+00 BER_cum=4.0349e-02
BER: SYNC #77 (gated)
CSV,1140008,228000,77,67,9,38879,1567,4.030453e-02,0.000000e+00,3494291.8,36992336.0,628707.6,17.70,10.25
CSV,1145008,229000,77,67,9,39079,1567,4.009826e-02,0.000000e+00,3270299.2,33642304.0,627294.8,17.29,10.12
CSV,1150008,230000,77,67,9,39279,1567,3.989409e-02,0.000000e+00,3178870.0,36405840.0,587047.4,17.92,10.59
BER: END_SEQ #77 [LOCK] seq_err=0 BER_seq=0.0000e+00 | lock=68 slip=9 BER_cond=0.0000e+00 BER_cum=3.9825e-02
BER: SYNC #78 (gated)
CSV,1155008,231000,78,68,9,39402,1567,3.976956e-02,0.000000e+00,3246167.0,35993416.0,598588.5,17.79,10.45
CSV,1160008,232000,78,68,9,39602,1567,3.956871e-02,0.000000e+00,3199322.5,32684884.0,557781.4,17.68,10.09
CSV,1165008,233000,78,68,9,39802,1567,3.936988e-02,0.000000e+00,3165129.5,36558276.0,604782.9,17.81,10.63
BER: END_SEQ #78 [LOCK] seq_err=0 BER_seq=0.0000e+00 | lock=69 slip=9 BER_cond=0.0000e+00 BER_cum=3.9315e-02
BER: SYNC #79 (gated)
CSV,1170008,234000,79,69,9,39925,1567,3.924859e-02,0.000000e+00,3183939.8,37038716.0,587525.1,18.00,10.66
CSV,1175008,235000,79,69,9,40124,1567,3.905393e-02,0.000000e+00,3029589.8,32431278.0,558059.8,17.64,10.30
CSV,1180008,236000,79,69,9,40324,1673,4.148894e-02,0.000000e+00,3022306.8,37217764.0,566319.4,18.18,10.90
BER: END_SEQ #79 [SLIP] seq_err=124 BER_seq=2.4266e-01 | lock=69 slip=10 BER_cond=0.0000e+00 BER_cum=4.1889e-02
BER: SYNC #80 (gated)
CSV,1185008,237000,80,69,10,40447,1691,4.180780e-02,0.000000e+00,3032399.0,39355188.0,560001.8,18.47,11.13
CSV,1190008,238000,80,69,10,40647,1691,4.160209e-02,0.000000e+00,3063727.2,32410574.0,588053.4,17.41,10.24
CSV,1195008,239000,80,69,10,40847,1691,4.139839e-02,0.000000e+00,3038025.0,38313784.0,585108.9,18.16,11.01
BER: END_SEQ #80 [LOCK] seq_err=0 BER_seq=0.0000e+00 | lock=70 slip=10 BER_cond=0.0000e+00 BER_cum=4.1365e-02
BER: SYNC #81 (gated)
CSV,1200008,240000,81,70,10,40970,1691,4.127410e-02,0.000000e+00,2957752.0,37480120.0,597905.4,17.97,11.03
CSV,1205008,241000,81,70,10,41170,1691,4.107360e-02,0.000000e+00,2984952.8,33658492.0,623623.8,17.32,10.52
CSV,1210008,242000,81,70,10,41370,1691,4.087503e-02,0.000000e+00,2990764.5,35949028.0,608864.7,17.71,10.80
BER: END_SEQ #81 [LOCK] seq_err=0 BER_seq=0.0000e+00 | lock=71 slip=10 BER_cond=0.0000e+00 BER_cum=4.0854e-02
BER: SYNC #82 (gated)
CSV,1215008,243000,82,71,10,41493,1691,4.075386e-02,0.000000e+00,3106566.5,38503176.0,636312.3,17.82,10.93
CSV,1220008,244000,82,71,10,41693,1691,4.055837e-02,0.000000e+00,3084741.0,32847728.0,636569.2,17.13,10.27
CSV,1225008,245000,82,71,10,41893,1691,4.036474e-02,0.000000e+00,3159070.2,37121956.0,637479.0,17.65,10.70
BER: END_SEQ #82 [LOCK] seq_err=0 BER_seq=0.0000e+00 | lock=72 slip=10 BER_cond=0.0000e+00 BER_cum=4.0356e-02
BER: SYNC #83 (gated)
CSV,1230008,246000,83,72,10,42016,1691,4.024657e-02,0.000000e+00,3424478.2,37381128.0,673159.4,17.45,10.38
CSV,1235008,247000,83,72,10,42214,1787,4.233193e-02,0.000000e+00,3436486.8,33306952.0,649872.8,17.10,9.86
BER: END_SEQ #83 [SLIP] seq_err=187 BER_seq=3.6595e-01 | lock=72 slip=11 BER_cond=0.0000e+00 BER_cum=4.4279e-02
CSV,1240008,248000,83,72,11,42413,1878,4.427887e-02,0.000000e+00,3335015.2,37696472.0,705499.1,17.28,10.53
BER: SYNC #84 (gated)
CSV,1245008,249000,84,72,11,42538,1878,4.414876e-02,0.000000e+00,3361189.8,35752052.0,657084.4,17.36,10.27
CSV,1250008,250000,84,72,11,42738,1878,4.394216e-02,0.000000e+00,3396222.0,34454992.0,674768.9,17.08,10.06
BER: END_SEQ #84 [LOCK] seq_err=0 BER_seq=0.0000e+00 | lock=73 slip=11 BER_cond=0.0000e+00 BER_cum=4.3752e-02
CSV,1255008,251000,84,73,11,42924,1878,4.375175e-02,0.000000e+00,3522706.8,37524920.0,653661.6,17.59,10.27
BER: SYNC #85 (gated)
CSV,1260008,252000,85,73,11,43061,1878,4.361255e-02,0.000000e+00,3801232.5,33100846.0,639181.8,17.14,9.40
CSV,1265008,253000,85,73,11,43261,1878,4.341092e-02,0.000000e+00,3820580.0,36352552.0,639952.7,17.54,9.78
BER: END_SEQ #85 [LOCK] seq_err=0 BER_seq=0.0000e+00 | lock=74 slip=11 BER_cond=0.0000e+00 BER_cum=4.3237e-02
CSV,1270008,254000,85,74,11,43435,1878,4.323702e-02,0.000000e+00,3834735.8,36614624.0,697599.8,17.20,9.80
BER: SYNC #86 (gated)
CSV,1275008,255000,86,74,11,43584,1878,4.308921e-02,0.000000e+00,3767808.0,33749692.0,660961.4,17.08,9.52
CSV,1280008,256000,86,74,11,43784,1878,4.289238e-02,0.000000e+00,3904952.8,36274232.0,694464.0,17.18,9.68
BER: END_SEQ #86 [LOCK] seq_err=0 BER_seq=0.0000e+00 | lock=75 slip=11 BER_cond=0.0000e+00 BER_cum=4.2734e-02
CSV,1285008,257000,86,75,11,43946,1878,4.273427e-02,0.000000e+00,3853601.5,37617152.0,636156.9,17.72,9.90
BER: SYNC #87 (gated)
CSV,1290008,258000,87,75,11,44106,1878,4.257924e-02,0.000000e+00,3837406.8,33689840.0,662254.4,17.06,9.43
CSV,1295008,259000,87,75,11,44306,1878,4.238703e-02,0.000000e+00,3870817.8,36842640.0,621625.0,17.73,9.79
BER: END_SEQ #87 [LOCK] seq_err=0 BER_seq=0.0000e+00 | lock=76 slip=11 BER_cond=0.0000e+00 BER_cum=4.2243e-02
CSV,1300008,260000,87,76,11,44457,1878,4.224307e-02,0.000000e+00,4135762.0,36533900.0,741913.8,16.92,9.46
BER: SYNC #88 (gated)
CSV,1305008,261000,88,76,11,44629,1878,4.208026e-02,0.000000e+00,4281421.0,33380372.0,723198.2,16.64,8.92
CSV,1310008,262000,88,76,11,44829,1878,4.189252e-02,0.000000e+00,4150268.5,36363616.0,682323.8,17.27,9.43
BER: END_SEQ #88 [LOCK] seq_err=0 BER_seq=0.0000e+00 | lock=77 slip=11 BER_cond=0.0000e+00 BER_cum=4.1763e-02
CSV,1315008,263000,88,77,11,44968,1878,4.176303e-02,0.000000e+00,4203331.5,36067856.0,675498.0,17.27,9.34
BER: SYNC #89 (gated)
CSV,1320008,264000,89,77,11,45152,1878,4.159284e-02,0.000000e+00,4047585.8,32979692.0,630024.3,17.19,9.11
CSV,1325008,265000,89,77,11,45352,1878,4.140942e-02,0.000000e+00,4170998.8,35590848.0,737446.6,16.84,9.31
BER: END_SEQ #89 [LOCK] seq_err=0 BER_seq=0.0000e+00 | lock=78 slip=11 BER_cond=0.0000e+00 BER_cum=4.1294e-02
CSV,1330008,266000,89,78,11,45479,1878,4.129378e-02,0.000000e+00,4193182.2,36546528.0,735440.6,16.96,9.40
BER: SYNC #90 (gated)
CSV,1335008,267000,90,78,11,45675,1878,4.111658e-02,0.000000e+00,4001753.2,31466356.0,694309.6,16.56,8.96
CSV,1340008,268000,90,78,11,45874,1878,4.093822e-02,0.000000e+00,4156202.5,36108796.0,767249.4,16.73,9.39
BER: END_SEQ #90 [LOCK] seq_err=0 BER_seq=0.0000e+00 | lock=79 slip=11 BER_cond=0.0000e+00 BER_cum=4.0835e-02
BER: SYNC #91 (gated)
CSV,1345008,269000,91,79,11,45997,1878,4.082875e-02,0.000000e+00,4149072.5,37205388.0,741576.4,17.00,9.53
CSV,1350008,270000,91,79,11,46197,1878,4.065199e-02,0.000000e+00,3969235.0,32720848.0,778148.9,16.24,9.16
CSV,1355008,271000,91,79,11,46397,1878,4.047675e-02,0.000000e+00,4226899.0,36730992.0,844541.6,16.38,9.39
BER: END_SEQ #91 [LOCK] seq_err=0 BER_seq=0.0000e+00 | lock=80 slip=11 BER_cond=0.0000e+00 BER_cum=4.0386e-02
BER: SYNC #92 (gated)
CSV,1360008,272000,92,80,11,46520,1878,4.036973e-02,0.000000e+00,4025521.8,37486552.0,813620.3,16.63,9.69
CSV,1365008,273000,92,80,11,46720,1878,4.019692e-02,0.000000e+00,4090122.2,32405680.0,753190.9,16.34,8.99
CSV,1370008,274000,92,80,11,46920,1878,4.002558e-02,0.000000e+00,3977049.0,36991924.0,816004.2,16.56,9.69
BER: END_SEQ #92 [LOCK] seq_err=0 BER_seq=0.0000e+00 | lock=81 slip=11 BER_cond=0.0000e+00 BER_cum=3.9947e-02
BER: SYNC #93 (gated)
CSV,1375008,275000,93,81,11,47043,1878,3.992092e-02,0.000000e+00,3769912.2,37080484.0,728257.7,17.07,9.93
CSV,1380008,276000,93,81,11,47243,1878,3.975192e-02,0.000000e+00,3795758.5,32877988.0,727079.1,16.55,9.38
CSV,1385008,277000,93,81,11,47442,1908,4.021753e-02,0.000000e+00,3919378.8,34944044.0,708489.1,16.93,9.50
BER: END_SEQ #93 [SLIP] seq_err=66 BER_seq=1.2916e-01 | lock=81 slip=12 BER_cond=0.0000e+00 BER_cum=4.0907e-02
BER: SYNC #94 (gated)
CSV,1390008,278000,94,81,12,47566,1944,4.086953e-02,0.000000e+00,3777927.2,36838544.0,714162.1,17.13,9.89
CSV,1395008,279000,94,81,12,47765,1944,4.069926e-02,0.000000e+00,3831750.2,34272108.0,728374.0,16.73,9.52
CSV,1400008,280000,94,81,12,47965,1944,4.052955e-02,0.000000e+00,3798283.0,35867560.0,707633.9,17.05,9.75
BER: END_SEQ #94 [LOCK] seq_err=0 BER_seq=0.0000e+00 | lock=82 slip=12 BER_cond=0.0000e+00 BER_cum=4.0471e-02
BER: SYNC #95 (gated)
CSV,1405008,281000,95,82,12,48088,1944,4.042589e-02,0.000000e+00,3858936.5,36140276.0,682453.9,17.24,9.72
CSV,1410008,282000,95,82,12,48287,2012,4.166753e-02,0.000000e+00,3944291.0,33425222.0,692586.4,16.84,9.28
CSV,1415008,283000,95,82,12,48487,2118,4.368181e-02,0.000000e+00,4003857.0,35317900.0,672964.2,17.20,9.46
BER: END_SEQ #95 [SLIP] seq_err=196 BER_seq=3.8356e-01 | lock=82 slip=13 BER_cond=0.0000e+00 BER_cum=4.4083e-02
BER: SYNC #96 (gated)
CSV,1420008,284000,96,82,13,48611,2140,4.402296e-02,0.000000e+00,3933268.2,38508452.0,660806.2,17.65,9.91
CSV,1425008,285000,96,82,13,48811,2140,4.384258e-02,0.000000e+00,4141203.0,31199178.0,738774.2,16.26,8.77
CSV,1430008,286000,96,82,13,49011,2140,4.366367e-02,0.000000e+00,3991646.2,37028132.0,767469.0,16.83,9.67
BER: END_SEQ #96 [LOCK] seq_err=0 BER_seq=0.0000e+00 | lock=83 slip=13 BER_cond=0.0000e+00 BER_cum=4.3624e-02
BER: SYNC #97 (gated)
CSV,1435008,287000,97,83,13,49134,2140,4.355436e-02,0.000000e+00,4187072.0,37448556.0,795432.9,16.73,9.52
CSV,1440008,288000,97,83,13,49334,2140,4.337779e-02,0.000000e+00,4092479.0,32101722.0,789680.1,16.09,8.95
CSV,1445008,289000,97,83,13,49533,2140,4.320352e-02,0.000000e+00,3932577.0,36558636.0,782411.6,16.70,9.68
BER: END_SEQ #97 [LOCK] seq_err=0 BER_seq=0.0000e+00 | lock=84 slip=13 BER_cond=0.0000e+00 BER_cum=4.3174e-02
BER: SYNC #98 (gated)
CSV,1450008,290000,98,84,13,49656,2140,4.309651e-02,0.000000e+00,3814787.2,37869948.0,791436.8,16.80,9.97
CSV,1455008,291000,98,84,13,49856,2140,4.292362e-02,0.000000e+00,3638097.8,32200774.0,749103.9,16.33,9.47
CSV,1460008,292000,98,84,13,50056,2140,4.275212e-02,0.000000e+00,3823460.0,36652664.0,724176.9,17.04,9.82
BER: END_SEQ #98 [LOCK] seq_err=0 BER_seq=0.0000e+00 | lock=85 slip=13 BER_cond=0.0000e+00 BER_cum=4.2733e-02
BER: SYNC #99 (gated)
CSV,1465008,293000,99,85,13,50179,2140,4.264732e-02,0.000000e+00,3685615.2,37874540.0,691003.4,17.39,10.12
CSV,1470008,294000,99,85,13,50378,2141,4.249871e-02,0.000000e+00,3550845.0,33134948.0,674987.2,16.91,9.70
CSV,1475008,295000,99,85,13,50578,2244,4.436712e-02,0.000000e+00,3601955.8,36384468.0,671082.5,17.34,10.04
BER: END_SEQ #99 [SLIP] seq_err=106 BER_seq=2.0744e-01 | lock=85 slip=14 BER_cond=0.0000e+00 BER_cum=4.4397e-02
BER: SYNC #100 (gated)
CSV,1480008,296000,100,85,14,50702,2246,4.429806e-02,0.000000e+00,3758575.0,37991872.0,675766.0,17.50,10.05
CSV,1485008,297000,100,85,14,50902,2246,4.412400e-02,0.000000e+00,3628401.5,31943342.0,656666.6,16.87,9.45
BER: END_SEQ #100 [LOCK] seq_err=0 BER_seq=0.0000e+00 | lock=86 slip=14 BER_cond=0.0000e+00 BER_cum=4.3953e-02
CSV,1490008,298000,100,86,14,51100,2246,4.395304e-02,0.000000e+00,3724031.0,37562276.0,691968.8,17.35,10.04
BER: SYNC #101 (gated)
CSV,1495008,299000,101,86,14,51224,2246,4.384663e-02,0.000000e+00,3819471.5,34658332.0,708615.5,16.89,9.58
CSV,1500008,300000,101,86,14,51424,2246,4.367610e-02,0.000000e+00,3860363.2,34499616.0,744771.1,16.66,9.51
BER: END_SEQ #101 [LOCK] seq_err=0 BER_seq=0.0000e+00 | lock=87 slip=14 BER_cond=0.0000e+00 BER_cum=4.3518e-02
CSV,1505008,301000,101,87,14,51611,2246,4.351785e-02,0.000000e+00,3999619.8,37442800.0,750856.1,16.98,9.71

=========================================
=== END OF TEST (duration=25 min) ===
=========================================
FINAL: syncs=101 lock=87 slip=14 slip_rate=0.1386
FINAL: bits_cum=51611 err_cum=2246 BER_cum=4.3518e-02
FINAL: bits_lock=44457 err_lock=0 BER_cond=0.0000e+00
=========================================
=== STOP LOGGING NOW ===
=========================================
