

=== RX BOOT - BER TEST MODE ===
BPS_MODE=40 (HALF_SAMPLES=1000, 5000 samples/bit @ 200000 Hz)
Expect: 64-bit preamble + Barker13 (1F35h, gated by 8 preamble bits = 0x55) + 511-bit PRBS-9
Noise floor band: 5000 Hz; lock threshold: BER<0.10
Auto-stop: test will halt 25 min after the first sync.
RX: edge-tracking sync, center-3 voting
Starting decoder...

BER: SYNC #1 (gated)
CSV,5007,1000,1,0,0,41,0,0.000000e+00,0.000000e+00,87144.5,167056.3,9660.9,12.38,2.83
CSV,10007,2000,1,0,0,241,0,0.000000e+00,0.000000e+00,90396.3,153286.5,9895.2,11.90,2.29
CSV,15007,3000,1,0,0,441,0,0.000000e+00,0.000000e+00,87438.4,172952.5,9431.6,12.63,2.96
BER: END_SEQ #1 [LOCK] seq_err=0 BER_seq=0.0000e+00 | lock=1 slip=0 BER_cond=0.0000e+00 BER_cum=0.0000e+00
BER: SYNC #2 (gated)
CSV,20007,4000,2,1,0,564,0,0.000000e+00,0.000000e+00,82738.2,169939.5,9273.4,12.63,3.13
CSV,25007,5000,2,1,0,764,0,0.000000e+00,0.000000e+00,92800.8,155144.7,9503.0,12.13,2.23
CSV,30007,6000,2,1,0,963,0,0.000000e+00,0.000000e+00,81068.8,163399.4,9520.0,12.35,3.04
BER: END_SEQ #2 [LOCK] seq_err=0 BER_seq=0.0000e+00 | lock=2 slip=0 BER_cond=0.0000e+00 BER_cum=0.0000e+00
BER: SYNC #3 (gated)
CSV,35007,7000,3,2,0,1086,0,0.000000e+00,0.000000e+00,80326.1,178795.5,9360.6,12.81,3.48
CSV,40007,8000,3,2,0,1286,0,0.000000e+00,0.000000e+00,97845.5,153877.1,8886.3,12.38,1.97
CSV,45007,9000,3,2,0,1486,0,0.000000e+00,0.000000e+00,91662.6,177174.0,9091.3,12.90,2.86
BER: END_SEQ #3 [LOCK] seq_err=0 BER_seq=0.0000e+00 | lock=3 slip=0 BER_cond=0.0000e+00 BER_cum=0.0000e+00
BER: SYNC #4 (gated)
CSV,50007,10000,4,3,0,1609,0,0.000000e+00,0.000000e+00,80786.6,177526.4,9462.4,12.73,3.42
CSV,55007,11000,4,3,0,1809,0,0.000000e+00,0.000000e+00,86627.0,141342.6,9982.4,11.51,2.13
CSV,60007,12000,4,3,0,2008,93,4.631474e-02,0.000000e+00,76790.6,164283.8,9596.7,12.33,3.30
BER: END_SEQ #4 [SLIP] seq_err=106 BER_seq=2.0744e-01 | lock=3 slip=1 BER_cond=0.0000e+00 BER_cum=5.1859e-02
BER: SYNC #5 (gated)
CSV,65007,13000,5,3,1,2132,106,4.971857e-02,0.000000e+00,90153.8,224713.2,7366.9,14.84,3.97
CSV,70007,14000,5,3,1,2332,106,4.545455e-02,0.000000e+00,104173.1,199854.7,6717.9,14.73,2.83
CSV,75007,15000,5,3,1,2532,106,4.186414e-02,0.000000e+00,86214.6,194295.8,8839.9,13.42,3.53
BER: END_SEQ #5 [LOCK] seq_err=0 BER_seq=0.0000e+00 | lock=4 slip=1 BER_cond=0.0000e+00 BER_cum=4.1487e-02
BER: SYNC #6 (gated)
CSV,80007,16000,6,4,1,2654,106,3.993971e-02,0.000000e+00,85567.2,208740.4,8010.1,14.16,3.87
CSV,85007,17000,6,4,1,2854,106,3.714085e-02,0.000000e+00,98192.2,163700.8,10036.9,12.12,2.22
CSV,90007,18000,6,4,1,3054,106,3.470858e-02,0.000000e+00,80609.2,169550.5,10752.2,11.98,3.23
BER: END_SEQ #6 [LOCK] seq_err=0 BER_seq=0.0000e+00 | lock=5 slip=1 BER_cond=0.0000e+00 BER_cum=3.4573e-02
BER: SYNC #7 (gated)
CSV,95007,19000,7,5,1,3177,106,3.336481e-02,0.000000e+00,79804.2,169682.2,9410.9,12.56,3.28
CSV,100007,20000,7,5,1,3376,134,3.969194e-02,0.000000e+00,93472.8,146192.1,9802.5,11.74,1.94
CSV,105007,21000,7,5,1,3576,232,6.487696e-02,0.000000e+00,79428.6,174555.9,9533.3,12.63,3.42
BER: END_SEQ #7 [SLIP] seq_err=127 BER_seq=2.4853e-01 | lock=5 slip=2 BER_cond=0.0000e+00 BER_cum=6.5138e-02
BER: SYNC #8 (gated)
CSV,110007,22000,8,5,2,3700,233,6.297297e-02,0.000000e+00,85997.6,157491.8,9466.3,12.21,2.63
CSV,115007,23000,8,5,2,3900,233,5.974359e-02,0.000000e+00,88424.5,157126.8,10234.1,11.86,2.50
BER: END_SEQ #8 [LOCK] seq_err=0 BER_seq=0.0000e+00 | lock=6 slip=2 BER_cond=0.0000e+00 BER_cum=5.6996e-02
CSV,120007,24000,8,6,2,4088,233,5.699608e-02,0.000000e+00,78033.6,172626.7,9540.2,12.58,3.45
BER: SYNC #9 (gated)
CSV,125007,25000,9,6,2,4222,275,6.513501e-02,0.000000e+00,88289.1,151177.4,9729.5,11.91,2.34
CSV,130007,26000,9,6,2,4421,379,8.572721e-02,0.000000e+00,84825.4,162364.1,9996.7,12.11,2.82
BER: END_SEQ #9 [SLIP] seq_err=235 BER_seq=4.5988e-01 | lock=6 slip=3 BER_cond=0.0000e+00 BER_cum=1.0176e-01
CSV,135007,27000,9,6,3,4599,468,1.017613e-01,0.000000e+00,80657.7,161381.5,9444.8,12.33,3.01
BER: SYNC #10 (gated)
CSV,140007,28000,10,6,3,4745,468,9.863014e-02,0.000000e+00,91931.6,146997.6,9164.1,12.05,2.04
CSV,145007,29000,10,6,3,4945,468,9.464105e-02,0.000000e+00,81633.0,163524.4,8847.7,12.67,3.02
BER: END_SEQ #10 [LOCK] seq_err=0 BER_seq=0.0000e+00 | lock=7 slip=3 BER_cond=0.0000e+00 BER_cum=9.1585e-02
CSV,150007,30000,10,7,3,5110,468,9.158513e-02,0.000000e+00,81347.4,167094.7,10151.0,12.16,3.13
BER: SYNC #11 (gated)
CSV,155007,31000,11,7,3,5268,468,8.883827e-02,0.000000e+00,88837.0,147312.0,9545.5,11.88,2.20
CSV,160007,32000,11,7,3,5467,571,1.044449e-01,0.000000e+00,79635.6,165134.0,9994.1,12.18,3.17
BER: END_SEQ #11 [SLIP] seq_err=179 BER_seq=3.5029e-01 | lock=7 slip=4 BER_cond=0.0000e+00 BER_cum=1.1510e-01
CSV,165007,33000,11,7,4,5621,647,1.151041e-01,0.000000e+00,81502.2,161573.1,9686.5,12.22,2.97
BER: SYNC #12 (gated)
CSV,170007,34000,12,7,4,5791,647,1.117251e-01,0.000000e+00,88310.2,152664.5,9245.2,12.18,2.38
CSV,175007,35000,12,7,4,5990,678,1.131886e-01,0.000000e+00,78586.8,164547.0,9425.9,12.42,3.21
BER: END_SEQ #12 [SLIP] seq_err=100 BER_seq=1.9569e-01 | lock=7 slip=5 BER_cond=0.0000e+00 BER_cum=1.2182e-01
CSV,180007,36000,12,7,5,6132,747,1.218200e-01,0.000000e+00,81297.6,160377.6,9458.3,12.29,2.95
BER: SYNC #13 (gated)
CSV,185007,37000,13,7,5,6313,747,1.183273e-01,0.000000e+00,84957.2,151231.0,9658.7,11.95,2.50
CSV,190007,38000,13,7,5,6513,747,1.146937e-01,0.000000e+00,81868.1,161648.0,9918.2,12.12,2.95
BER: END_SEQ #13 [LOCK] seq_err=31 BER_seq=6.0665e-02 | lock=8 slip=5 BER_cond=7.5832e-03 BER_cum=1.1712e-01
CSV,195007,39000,13,8,5,6643,778,1.171158e-01,7.583170e-03,78025.3,161525.1,9310.8,12.39,3.16
BER: SYNC #14 (gated)
CSV,200007,40000,14,8,5,6836,778,1.138092e-01,7.583170e-03,91061.4,146372.2,9447.6,11.90,2.06
CSV,205007,41000,14,8,5,7036,778,1.105742e-01,7.583170e-03,79336.5,159983.2,8937.2,12.53,3.05
BER: END_SEQ #14 [LOCK] seq_err=0 BER_seq=0.0000e+00 | lock=9 slip=5 BER_cond=6.7406e-03 BER_cum=1.0875e-01
BER: SYNC #15 (gated)
CSV,210007,42000,15,9,5,7159,778,1.086744e-01,6.740596e-03,78328.1,168559.5,9620.9,12.44,3.33
CSV,215007,43000,15,9,5,7359,778,1.057209e-01,6.740596e-03,89212.9,142885.9,9965.5,11.56,2.05
CSV,220007,44000,15,9,5,7559,778,1.029237e-01,6.740596e-03,79012.3,163811.3,9407.5,12.41,3.17
BER: END_SEQ #15 [LOCK] seq_err=0 BER_seq=0.0000e+00 | lock=10 slip=5 BER_cond=6.0665e-03 BER_cum=1.0150e-01
BER: SYNC #16 (gated)
CSV,225007,45000,16,10,5,7682,778,1.012757e-01,6.066536e-03,74780.6,169778.4,10537.9,12.07,3.56
CSV,230007,46000,16,10,5,7882,778,9.870591e-02,6.066536e-03,90414.5,140464.8,9656.1,11.63,1.91
CSV,235007,47000,16,10,5,8081,778,9.627521e-02,6.066536e-03,80083.2,159855.1,10019.0,12.03,3.00
BER: END_SEQ #16 [LOCK] seq_err=0 BER_seq=0.0000e+00 | lock=11 slip=5 BER_cond=5.5150e-03 BER_cum=9.5157e-02
BER: SYNC #17 (gated)
CSV,240007,48000,17,11,5,8204,778,9.483179e-02,5.515033e-03,76085.7,172380.4,9818.1,12.44,3.55
CSV,245007,49000,17,11,5,8404,778,9.257496e-02,5.515033e-03,89155.7,142598.5,10178.6,11.46,2.04
CSV,250007,50000,17,11,5,8604,778,9.042306e-02,5.515033e-03,80956.4,160366.5,9562.7,12.25,2.97
BER: END_SEQ #17 [LOCK] seq_err=0 BER_seq=0.0000e+00 | lock=12 slip=5 BER_cond=5.0554e-03 BER_cum=8.9559e-02
BER: SYNC #18 (gated)
CSV,255007,51000,18,12,5,8727,778,8.914862e-02,5.055447e-03,76571.4,165719.2,9717.8,12.32,3.35
CSV,260007,52000,18,12,5,8927,778,8.715134e-02,5.055447e-03,85280.1,155093.4,9005.8,12.36,2.60
CSV,265007,53000,18,12,5,9127,778,8.524159e-02,5.055447e-03,79970.9,157872.4,9466.5,12.22,2.95
BER: END_SEQ #18 [LOCK] seq_err=31 BER_seq=6.0665e-02 | lock=13 slip=5 BER_cond=9.3331e-03 BER_cum=8.7954e-02
BER: SYNC #19 (gated)
CSV,270007,54000,19,13,5,9250,809,8.745946e-02,9.333133e-03,80610.4,163167.6,10290.0,12.00,3.06
CSV,275007,55000,19,13,5,9450,809,8.560847e-02,9.333133e-03,85563.2,151709.3,9177.3,12.18,2.49
CSV,280007,56000,19,13,5,9650,809,8.383419e-02,9.333133e-03,80981.1,160270.6,10086.1,12.01,2.96
BER: END_SEQ #19 [LOCK] seq_err=0 BER_seq=0.0000e+00 | lock=14 slip=5 BER_cond=8.6665e-03 BER_cum=8.3325e-02
BER: SYNC #20 (gated)
CSV,285007,57000,20,14,5,9773,809,8.277909e-02,8.666480e-03,75164.7,167215.5,9686.6,12.37,3.47
CSV,290007,58000,20,14,5,9972,809,8.112716e-02,8.666480e-03,90251.1,143070.5,9853.4,11.62,2.00
CSV,295007,59000,20,14,5,10172,809,7.953205e-02,8.666480e-03,79727.8,164862.1,10343.2,12.02,3.16
BER: END_SEQ #20 [LOCK] seq_err=0 BER_seq=0.0000e+00 | lock=15 slip=5 BER_cond=8.0887e-03 BER_cum=7.9159e-02
BER: SYNC #21 (gated)
CSV,300007,60000,21,15,5,10295,809,7.858183e-02,8.088715e-03,76030.4,169576.0,9283.7,12.62,3.48
CSV,305007,61000,21,15,5,10495,809,7.708433e-02,8.088715e-03,90062.5,139707.5,9287.6,11.77,1.91
CSV,310007,62000,21,15,5,10695,809,7.564282e-02,8.088715e-03,77309.7,168496.4,9153.1,12.65,3.38
BER: END_SEQ #21 [LOCK] seq_err=0 BER_seq=0.0000e+00 | lock=16 slip=5 BER_cond=7.5832e-03 BER_cum=7.5389e-02
BER: SYNC #22 (gated)
CSV,315007,63000,22,16,5,10818,809,7.478277e-02,7.583170e-03,75098.7,165999.9,9804.3,12.29,3.44
CSV,320007,64000,22,16,5,11018,809,7.342530e-02,7.583170e-03,89606.3,142396.9,9728.4,11.65,2.01
CSV,325007,65000,22,16,5,11218,809,7.211624e-02,7.583170e-03,79242.2,161358.5,9853.1,12.14,3.09
BER: END_SEQ #22 [LOCK] seq_err=0 BER_seq=0.0000e+00 | lock=17 slip=5 BER_cond=7.1371e-03 BER_cum=7.1962e-02
BER: SYNC #23 (gated)
CSV,330007,66000,23,17,5,11341,809,7.133409e-02,7.137102e-03,77724.3,168556.9,10217.7,12.17,3.36
CSV,335007,67000,23,17,5,11540,809,7.010399e-02,7.137102e-03,89196.1,140896.8,9660.4,11.64,1.99
CSV,340007,68000,23,17,5,11740,809,6.890971e-02,7.137102e-03,78022.3,162381.6,9381.4,12.38,3.18
BER: END_SEQ #23 [LOCK] seq_err=0 BER_seq=0.0000e+00 | lock=18 slip=5 BER_cond=6.7406e-03 BER_cum=6.8833e-02
BER: SYNC #24 (gated)
CSV,345007,69000,24,18,5,11863,809,6.819523e-02,6.740596e-03,77067.2,165153.2,9996.7,12.18,3.31
CSV,350007,70000,24,18,5,12062,905,7.502902e-02,6.740596e-03,87348.7,151284.5,9988.0,11.80,2.39
CSV,355007,71000,24,18,5,12261,1007,8.213034e-02,6.740596e-03,76762.1,168569.5,9310.2,12.58,3.42
BER: END_SEQ #24 [SLIP] seq_err=199 BER_seq=3.8943e-01 | lock=18 slip=6 BER_cond=6.7406e-03 BER_cum=8.2192e-02
BER: SYNC #25 (gated)
CSV,360007,72000,25,18,6,12386,1008,8.138221e-02,6.740596e-03,81242.2,158085.7,9178.5,12.36,2.89
CSV,365007,73000,25,18,6,12586,1008,8.008899e-02,6.740596e-03,84083.3,152558.5,9584.0,12.02,2.59
BER: END_SEQ #25 [LOCK] seq_err=0 BER_seq=0.0000e+00 | lock=19 slip=6 BER_cond=6.3858e-03 BER_cum=7.8904e-02
CSV,370007,74000,25,19,6,12775,1008,7.890411e-02,6.385827e-03,77197.2,166706.7,9725.6,12.34,3.34
BER: SYNC #26 (gated)
CSV,375007,75000,26,19,6,12909,1008,7.808506e-02,6.385827e-03,86620.8,149984.6,10025.4,11.75,2.38
CSV,380007,76000,26,19,6,13109,1008,7.689374e-02,6.385827e-03,81701.1,160136.5,9937.8,12.07,2.92
BER: END_SEQ #26 [LOCK] seq_err=0 BER_seq=0.0000e+00 | lock=20 slip=6 BER_cond=6.0665e-03 BER_cum=7.5869e-02
CSV,385007,77000,26,20,6,13286,1008,7.586934e-02,6.066536e-03,78730.2,163935.1,9140.3,12.54,3.19
BER: SYNC #27 (gated)
CSV,390007,78000,27,20,6,13431,1008,7.505026e-02,6.066536e-03,87321.4,147055.8,9915.9,11.71,2.26
CSV,395007,79000,27,20,6,13631,1008,7.394908e-02,6.066536e-03,79920.1,160839.7,10020.4,12.06,3.04
BER: END_SEQ #27 [LOCK] seq_err=0 BER_seq=0.0000e+00 | lock=21 slip=6 BER_cond=5.7777e-03 BER_cum=7.3059e-02
CSV,400007,80000,27,21,6,13797,1008,7.305936e-02,5.777653e-03,76819.1,168012.2,8940.8,12.74,3.40
BER: SYNC #28 (gated)
CSV,405007,81000,28,21,6,13954,1008,7.223735e-02,5.777653e-03,86921.1,148761.2,9412.2,11.99,2.33
CSV,410007,82000,28,21,6,14154,1008,7.121662e-02,5.777653e-03,77965.3,163131.4,9426.4,12.38,3.21
BER: END_SEQ #28 [LOCK] seq_err=20 BER_seq=3.9139e-02 | lock=22 slip=6 BER_cond=7.2941e-03 BER_cum=7.1848e-02
CSV,415007,83000,28,22,6,14308,1028,7.184792e-02,7.294076e-03,80790.3,162934.3,10088.7,12.08,3.05
BER: SYNC #29 (gated)
CSV,420007,84000,29,22,6,14477,1028,7.100919e-02,7.294076e-03,85956.3,150126.5,9948.6,11.79,2.42
CSV,425007,85000,29,22,6,14677,1028,7.004156e-02,7.294076e-03,77327.7,168051.3,10340.7,12.11,3.37
BER: END_SEQ #29 [LOCK] seq_err=0 BER_seq=0.0000e+00 | lock=23 slip=6 BER_cond=6.9769e-03 BER_cum=6.9370e-02
CSV,430007,86000,29,23,6,14819,1028,6.937040e-02,6.976942e-03,77140.4,164519.8,9380.2,12.44,3.29
BER: SYNC #30 (gated)
CSV,435007,87000,30,23,6,15000,1028,6.853333e-02,6.976942e-03,84960.8,151930.5,9549.8,12.02,2.52
CSV,440007,88000,30,23,6,15199,1028,6.763603e-02,6.976942e-03,79104.5,161158.8,9411.8,12.34,3.09
BER: END_SEQ #30 [LOCK] seq_err=0 BER_seq=0.0000e+00 | lock=24 slip=6 BER_cond=6.6862e-03 BER_cum=6.7058e-02
CSV,445007,89000,30,24,6,15330,1028,6.705806e-02,6.686236e-03,77762.2,169831.7,10060.0,12.27,3.39
BER: SYNC #31 (gated)
CSV,450007,90000,31,24,6,15522,1028,6.622858e-02,6.686236e-03,91767.2,140283.9,8580.6,12.13,1.84
CSV,455007,91000,31,24,6,15722,1028,6.538609e-02,6.686236e-03,82310.3,161498.6,9690.4,12.22,2.93
BER: END_SEQ #31 [LOCK] seq_err=0 BER_seq=0.0000e+00 | lock=25 slip=6 BER_cond=6.4188e-03 BER_cum=6.4895e-02
BER: SYNC #32 (gated)
CSV,460007,92000,32,25,6,15845,1028,6.487851e-02,6.418786e-03,76602.9,166295.6,9565.1,12.40,3.37
CSV,465007,93000,32,25,6,16045,1028,6.406980e-02,6.418786e-03,88298.4,148367.0,9957.6,11.73,2.25
CSV,470007,94000,32,25,6,16245,1028,6.328101e-02,6.418786e-03,78930.3,161339.0,9933.0,12.11,3.10
BER: END_SEQ #32 [LOCK] seq_err=0 BER_seq=0.0000e+00 | lock=26 slip=6 BER_cond=6.1719e-03 BER_cum=6.2867e-02
BER: SYNC #33 (gated)
CSV,475007,95000,33,26,6,16367,1032,6.305370e-02,6.171910e-03,76189.8,169717.8,9724.3,12.42,3.48
CSV,480007,96000,33,26,6,16567,1135,6.850969e-02,6.171910e-03,87049.7,144095.7,10410.9,11.41,2.19
CSV,485007,97000,33,26,6,16767,1240,7.395479e-02,6.171910e-03,82327.5,160489.3,9665.3,12.20,2.90
BER: END_SEQ #33 [SLIP] seq_err=256 BER_seq=5.0098e-01 | lock=26 slip=7 BER_cond=6.1719e-03 BER_cum=7.6143e-02
BER: SYNC #34 (gated)
CSV,490007,98000,34,26,7,16890,1284,7.602131e-02,6.171910e-03,74234.6,168722.3,10172.8,12.20,3.57
CSV,495007,99000,34,26,7,17090,1284,7.513165e-02,6.171910e-03,91356.6,140985.2,9202.7,11.85,1.88
CSV,500007,100000,34,26,7,17290,1284,7.426258e-02,6.171910e-03,79551.8,157878.5,9071.8,12.41,2.98
BER: END_SEQ #34 [LOCK] seq_err=0 BER_seq=0.0000e+00 | lock=27 slip=7 BER_cond=5.9433e-03 BER_cum=7.3904e-02
BER: SYNC #35 (gated)
CSV,505007,101000,35,27,7,17413,1284,7.373801e-02,5.943321e-03,80163.4,162356.6,10382.4,11.94,3.06
CSV,510007,102000,35,27,7,17613,1284,7.290070e-02,5.943321e-03,86105.9,151248.6,9852.1,11.86,2.45
CSV,515007,103000,35,27,7,17813,1284,7.208218e-02,5.943321e-03,81015.4,159778.0,9589.9,12.22,2.95
BER: END_SEQ #35 [LOCK] seq_err=0 BER_seq=0.0000e+00 | lock=28 slip=7 BER_cond=5.7311e-03 BER_cum=7.1792e-02
BER: SYNC #36 (gated)
CSV,520007,104000,36,28,7,17936,1284,7.158787e-02,5.731060e-03,75141.2,164320.8,10155.9,12.09,3.40
CSV,525007,105000,36,28,7,18136,1284,7.079841e-02,5.731060e-03,86644.5,152867.2,9913.9,11.88,2.47
CSV,530007,106000,36,28,7,18336,1284,7.002618e-02,5.731060e-03,80917.0,158662.7,8721.3,12.60,2.92
BER: END_SEQ #36 [LOCK] seq_err=0 BER_seq=0.0000e+00 | lock=29 slip=7 BER_cond=5.5334e-03 BER_cum=6.9798e-02
BER: SYNC #37 (gated)
CSV,535007,107000,37,29,7,18459,1284,6.955957e-02,5.533437e-03,74486.9,171327.9,9902.7,12.38,3.62
CSV,540007,108000,37,29,7,18658,1284,6.881767e-02,5.533437e-03,90159.2,140211.1,9588.5,11.65,1.92
CSV,545007,109000,37,29,7,18857,1333,7.068993e-02,5.533437e-03,80675.5,165511.2,9392.5,12.46,3.12
BER: END_SEQ #37 [SLIP] seq_err=68 BER_seq=1.3307e-01 | lock=29 slip=8 BER_cond=5.5334e-03 BER_cum=7.1508e-02
BER: SYNC #38 (gated)
CSV,550007,110000,38,29,8,18981,1352,7.122912e-02,5.533437e-03,73628.2,166300.3,9639.7,12.37,3.54
CSV,555007,111000,38,29,8,19181,1352,7.048642e-02,5.533437e-03,89712.9,144760.9,9238.9,11.95,2.08
CSV,560007,112000,38,29,8,19380,1397,7.208462e-02,5.533437e-03,77300.7,163600.5,9611.0,12.31,3.26
BER: END_SEQ #38 [SLIP] seq_err=60 BER_seq=1.1742e-01 | lock=29 slip=9 BER_cond=5.5334e-03 BER_cum=7.2716e-02
BER: SYNC #39 (gated)
CSV,565007,113000,39,29,9,19504,1412,7.239541e-02,5.533437e-03,77574.7,164878.4,9359.5,12.46,3.27
CSV,570007,114000,39,29,9,19704,1412,7.166058e-02,5.533437e-03,87738.6,142050.9,10164.6,11.45,2.09
CSV,575007,115000,39,29,9,19904,1412,7.094052e-02,5.533437e-03,79632.7,162273.3,8928.8,12.59,3.09
BER: END_SEQ #39 [LOCK] seq_err=0 BER_seq=0.0000e+00 | lock=30 slip=9 BER_cond=5.3490e-03 BER_cum=7.0852e-02
BER: SYNC #40 (gated)
CSV,580007,116000,40,30,9,20027,1412,7.050482e-02,5.348989e-03,77632.0,165602.9,9424.9,12.45,3.29
CSV,585007,117000,40,30,9,20227,1412,6.980769e-02,5.348989e-03,88614.3,145772.3,9487.7,11.87,2.16
CSV,590007,118000,40,30,9,20427,1412,6.912420e-02,5.348989e-03,76715.6,165516.1,9148.1,12.58,3.34
BER: END_SEQ #40 [LOCK] seq_err=0 BER_seq=0.0000e+00 | lock=31 slip=9 BER_cond=5.1764e-03 BER_cum=6.9080e-02
BER: SYNC #41 (gated)
CSV,595007,119000,41,31,9,20549,1412,6.871381e-02,5.176441e-03,78471.7,164456.0,10195.9,12.08,3.21
CSV,600007,120000,41,31,9,20748,1474,7.104299e-02,5.176441e-03,87542.6,145647.0,10205.4,11.54,2.21
CSV,605007,121000,41,31,9,20948,1573,7.509070e-02,5.176441e-03,79716.4,167435.8,10199.3,12.15,3.22
BER: END_SEQ #41 [SLIP] seq_err=162 BER_seq=3.1703e-01 | lock=31 slip=10 BER_cond=5.1764e-03 BER_cum=7.5128e-02
BER: SYNC #42 (gated)
CSV,610007,122000,42,31,10,21072,1574,7.469628e-02,5.176441e-03,80567.8,159889.2,9438.6,12.29,2.98
CSV,615007,123000,42,31,10,21271,1670,7.851065e-02,5.176441e-03,85862.9,152536.7,9621.9,12.00,2.50
BER: END_SEQ #42 [SLIP] seq_err=190 BER_seq=3.7182e-01 | lock=31 slip=11 BER_cond=5.1764e-03 BER_cum=8.2192e-02
CSV,620007,124000,42,31,11,21462,1764,8.219178e-02,5.176441e-03,75600.4,169854.7,9744.9,12.41,3.52
BER: SYNC #43 (gated)
CSV,625007,125000,43,31,11,21595,1764,8.168557e-02,5.176441e-03,84657.4,150996.2,9822.7,11.87,2.51
CSV,630007,126000,43,31,11,21794,1822,8.360099e-02,5.176441e-03,80102.4,165470.3,10254.9,12.08,3.15
BER: END_SEQ #43 [SLIP] seq_err=148 BER_seq=2.8963e-01 | lock=31 slip=12 BER_cond=5.1764e-03 BER_cum=8.7016e-02
CSV,635007,127000,43,31,12,21973,1912,8.701588e-02,5.176441e-03,79453.4,165338.4,9605.4,12.36,3.18
BER: SYNC #44 (gated)
CSV,640007,128000,44,31,12,22117,1912,8.644934e-02,5.176441e-03,85930.6,147888.6,9744.4,11.81,2.36
CSV,645007,129000,44,31,12,22317,1912,8.567460e-02,5.176441e-03,80557.0,161145.1,9064.1,12.50,3.01
BER: END_SEQ #44 [LOCK] seq_err=0 BER_seq=0.0000e+00 | lock=32 slip=12 BER_cond=5.0147e-03 BER_cum=8.5038e-02
CSV,650007,130000,44,32,12,22484,1912,8.503825e-02,5.014677e-03,76764.0,167981.1,9811.0,12.34,3.40
BER: SYNC #45 (gated)
CSV,655007,131000,45,32,12,22640,1912,8.445229e-02,5.014677e-03,87499.2,146042.5,9262.6,11.98,2.22
CSV,660007,132000,45,32,12,22840,1912,8.371279e-02,5.014677e-03,78739.7,163802.9,10217.1,12.05,3.18
BER: END_SEQ #45 [LOCK] seq_err=0 BER_seq=0.0000e+00 | lock=33 slip=12 BER_cond=4.8627e-03 BER_cum=8.3149e-02
CSV,665007,133000,45,33,12,22995,1912,8.314851e-02,4.862717e-03,77249.3,164681.7,9441.0,12.42,3.29
BER: SYNC #46 (gated)
CSV,670007,134000,46,33,12,23163,1912,8.254544e-02,4.862717e-03,85793.5,149617.9,9607.9,11.92,2.42
CSV,675007,135000,46,33,12,23363,1912,8.183880e-02,4.862717e-03,78666.8,161867.4,9748.6,12.20,3.13
BER: END_SEQ #46 [LOCK] seq_err=0 BER_seq=0.0000e+00 | lock=34 slip=12 BER_cond=4.7197e-03 BER_cum=8.1341e-02
CSV,680007,136000,46,34,12,23506,1912,8.134093e-02,4.719696e-03,78576.0,161899.5,9628.2,12.26,3.14
BER: SYNC #47 (gated)
CSV,685007,137000,47,34,12,23686,1912,8.072279e-02,4.719696e-03,83276.1,150402.4,9425.3,12.03,2.57
CSV,690007,138000,47,34,12,23885,2019,8.453004e-02,4.719696e-03,79239.3,164345.3,10353.3,12.01,3.17
BER: END_SEQ #47 [SLIP] seq_err=169 BER_seq=3.3072e-01 | lock=34 slip=13 BER_cond=4.7197e-03 BER_cum=8.6647e-02
CSV,695007,139000,47,34,13,24017,2081,8.664696e-02,4.719696e-03,76371.1,164663.7,9781.6,12.26,3.34
BER: SYNC #48 (gated)
CSV,700007,140000,48,34,13,24208,2081,8.596332e-02,4.719696e-03,90681.5,140231.7,9690.1,11.61,1.89
CSV,705007,141000,48,34,13,24408,2081,8.525893e-02,4.719696e-03,79491.4,160114.9,9717.4,12.17,3.04
BER: END_SEQ #48 [LOCK] seq_err=0 BER_seq=0.0000e+00 | lock=35 slip=13 BER_cond=4.5848e-03 BER_cum=8.4842e-02
BER: SYNC #49 (gated)
CSV,710007,142000,49,35,13,24531,2081,8.483144e-02,4.584847e-03,76511.5,169199.7,9951.1,12.31,3.45
CSV,715007,143000,49,35,13,24731,2081,8.414540e-02,4.584847e-03,85330.6,146317.7,10048.2,11.63,2.34
CSV,720007,144000,49,35,13,24931,2081,8.347038e-02,4.584847e-03,77302.5,164308.8,10537.3,11.93,3.27
BER: END_SEQ #49 [LOCK] seq_err=0 BER_seq=0.0000e+00 | lock=36 slip=13 BER_cond=4.4575e-03 BER_cum=8.3110e-02
BER: SYNC #50 (gated)
CSV,725007,145000,50,36,13,25054,2081,8.306059e-02,4.457491e-03,74390.1,171663.5,9231.8,12.69,3.63
CSV,730007,146000,50,36,13,25253,2109,8.351483e-02,4.457491e-03,90495.0,139752.1,9593.6,11.63,1.89
CSV,735007,147000,50,36,13,25453,2215,8.702314e-02,4.457491e-03,79076.4,159400.8,9632.2,12.19,3.04
BER: END_SEQ #50 [SLIP] seq_err=178 BER_seq=3.4834e-01 | lock=36 slip=14 BER_cond=4.4575e-03 BER_cum=8.8415e-02
BER: SYNC #51 (gated)
CSV,740007,148000,51,36,14,25577,2259,8.832154e-02,4.457491e-03,76535.4,169955.8,9638.8,12.46,3.46
CSV,745007,149000,51,36,14,25776,2259,8.763967e-02,4.457491e-03,88086.9,143179.2,8762.0,12.13,2.11
CSV,750007,150000,51,36,14,25976,2259,8.696489e-02,4.457491e-03,79545.7,163965.3,10029.4,12.13,3.14
BER: END_SEQ #51 [LOCK] seq_err=0 BER_seq=0.0000e+00 | lock=37 slip=14 BER_cond=4.3370e-03 BER_cum=8.6681e-02
BER: SYNC #52 (gated)
CSV,755007,151000,52,37,14,26099,2259,8.655504e-02,4.337018e-03,76229.4,169026.4,10111.9,12.23,3.46
CSV,760007,152000,52,37,14,26299,2259,8.589680e-02,4.337018e-03,87041.4,146507.4,9417.1,11.92,2.26
CSV,765007,153000,52,37,14,26498,2295,8.661031e-02,4.337018e-03,78871.2,159481.1,10452.3,11.83,3.06
BER: END_SEQ #52 [SLIP] seq_err=69 BER_seq=1.3503e-01 | lock=37 slip=15 BER_cond=4.3370e-03 BER_cum=8.7611e-02
BER: SYNC #53 (gated)
CSV,770007,154000,53,37,15,26622,2328,8.744647e-02,4.337018e-03,77630.7,166494.8,10108.0,12.17,3.31
CSV,775007,155000,53,37,15,26821,2365,8.817717e-02,4.337018e-03,85336.0,150234.4,9912.3,11.81,2.46
CSV,780007,156000,53,37,15,27019,2459,9.101003e-02,4.337018e-03,78778.9,165776.4,9743.1,12.31,3.23
BER: END_SEQ #53 [SLIP] seq_err=161 BER_seq=3.1507e-01 | lock=37 slip=16 BER_cond=4.3370e-03 BER_cum=9.1903e-02
BER: SYNC #54 (gated)
CSV,785007,157000,54,37,16,27145,2489,9.169276e-02,4.337018e-03,75650.4,166321.3,9794.1,12.30,3.42
CSV,790007,158000,54,37,16,27344,2549,9.321972e-02,4.337018e-03,91255.6,143234.0,10093.3,11.52,1.96
CSV,795007,159000,54,37,16,27543,2655,9.639473e-02,4.337018e-03,77528.7,163386.4,9378.6,12.41,3.24
BER: END_SEQ #54 [SLIP] seq_err=186 BER_seq=3.6399e-01 | lock=37 slip=17 BER_cond=4.3370e-03 BER_cum=9.6941e-02
BER: SYNC #55 (gated)
CSV,800007,160000,55,37,17,27667,2675,9.668558e-02,4.337018e-03,76273.8,171185.5,10057.9,12.31,3.51
CSV,805007,161000,55,37,17,27867,2675,9.599167e-02,4.337018e-03,90395.6,141927.8,10123.9,11.47,1.96
CSV,810007,162000,55,37,17,28067,2675,9.530766e-02,4.337018e-03,79590.5,165636.5,10462.8,12.00,3.18
BER: END_SEQ #55 [LOCK] seq_err=0 BER_seq=0.0000e+00 | lock=38 slip=17 BER_cond=4.2229e-03 BER_cum=9.5179e-02
BER: SYNC #56 (gated)
CSV,815007,163000,56,38,17,28190,2675,9.489181e-02,4.222886e-03,76796.9,163920.7,9382.0,12.42,3.29
CSV,820007,164000,56,38,17,28390,2675,9.422332e-02,4.222886e-03,89164.5,145298.7,9754.9,11.73,2.12
CSV,825007,165000,56,38,17,28590,2675,9.356418e-02,4.222886e-03,77987.3,161629.7,9306.6,12.40,3.16
BER: END_SEQ #56 [LOCK] seq_err=0 BER_seq=0.0000e+00 | lock=39 slip=17 BER_cond=4.1146e-03 BER_cum=9.3479e-02
BER: SYNC #57 (gated)
CSV,830007,166000,57,39,17,28713,2675,9.316338e-02,4.114607e-03,77285.5,166211.9,9528.2,12.42,3.33
CSV,835007,167000,57,39,17,28913,2675,9.251893e-02,4.114607e-03,86559.4,147461.0,9678.2,11.83,2.31
CSV,840007,168000,57,39,17,29113,2675,9.188335e-02,4.114607e-03,79179.6,165109.1,10071.8,12.15,3.19
BER: END_SEQ #57 [LOCK] seq_err=0 BER_seq=0.0000e+00 | lock=40 slip=17 BER_cond=4.0117e-03 BER_cum=9.1839e-02
BER: SYNC #58 (gated)
CSV,845007,169000,58,40,17,29236,2675,9.149679e-02,4.011742e-03,76280.1,163032.5,9169.9,12.50,3.30
CSV,850007,170000,58,40,17,29435,2675,9.087820e-02,4.011742e-03,86669.9,146343.1,9763.9,11.76,2.28
CSV,855007,171000,58,40,17,29635,2675,9.026489e-02,4.011742e-03,74090.8,171282.0,10068.1,12.31,3.64
BER: END_SEQ #58 [LOCK] seq_err=0 BER_seq=0.0000e+00 | lock=41 slip=17 BER_cond=3.9139e-03 BER_cum=9.0256e-02
BER: SYNC #59 (gated)
CSV,860007,172000,59,41,17,29758,2675,8.989179e-02,3.913894e-03,80147.6,155714.4,9299.1,12.24,2.88
CSV,865007,173000,59,41,17,29957,2771,9.249925e-02,3.913894e-03,85601.4,154422.0,9618.5,12.06,2.56
BER: END_SEQ #59 [SLIP] seq_err=191 BER_seq=3.7378e-01 | lock=41 slip=18 BER_cond=3.9139e-03 BER_cum=9.5061e-02
CSV,870007,174000,59,41,18,30149,2866,9.506120e-02,3.913894e-03,76572.4,168494.9,9916.3,12.30,3.43
BER: SYNC #60 (gated)
CSV,875007,175000,60,41,18,30281,2866,9.464681e-02,3.913894e-03,84901.9,149355.5,9504.4,11.96,2.45
CSV,880007,176000,60,41,18,30481,2866,9.402578e-02,3.913894e-03,81168.7,157803.6,9940.0,12.01,2.89
BER: END_SEQ #60 [LOCK] seq_err=0 BER_seq=0.0000e+00 | lock=42 slip=18 BER_cond=3.8207e-03 BER_cum=9.3477e-02
CSV,885007,177000,60,42,18,30660,2866,9.347684e-02,3.820706e-03,78374.4,160388.9,9777.4,12.15,3.11
BER: SYNC #61 (gated)
CSV,890007,178000,61,42,18,30804,2866,9.303986e-02,3.820706e-03,88120.2,147474.9,10072.5,11.66,2.24
CSV,895007,179000,61,42,18,31004,2866,9.243969e-02,3.820706e-03,78428.9,161068.3,9854.7,12.13,3.13
BER: END_SEQ #61 [LOCK] seq_err=0 BER_seq=0.0000e+00 | lock=43 slip=18 BER_cond=3.7319e-03 BER_cum=9.1944e-02
CSV,900007,180000,61,43,18,31171,2866,9.194443e-02,3.731853e-03,75698.3,166357.2,9403.9,12.48,3.42
BER: SYNC #62 (gated)
CSV,905007,181000,62,43,18,31326,2866,9.148949e-02,3.731853e-03,87357.8,149396.6,9616.4,11.91,2.33
CSV,910007,182000,62,43,18,31526,2866,9.090909e-02,3.731853e-03,76232.1,164393.9,9193.9,12.52,3.34
BER: END_SEQ #62 [LOCK] seq_err=0 BER_seq=0.0000e+00 | lock=44 slip=18 BER_cond=3.6470e-03 BER_cum=9.0461e-02
CSV,915007,183000,62,44,18,31682,2866,9.046146e-02,3.647038e-03,78316.9,159861.7,9558.1,12.23,3.10
BER: SYNC #63 (gated)
CSV,920007,184000,63,44,18,31848,2897,9.096333e-02,3.647038e-03,87544.2,142345.8,9639.4,11.69,2.11
CSV,925007,185000,63,44,18,32047,3001,9.364371e-02,3.647038e-03,76375.3,165947.8,10578.1,11.96,3.37
BER: END_SEQ #63 [SLIP] seq_err=199 BER_seq=3.8943e-01 | lock=44 slip=19 BER_cond=3.6470e-03 BER_cum=9.5207e-02
CSV,930007,186000,63,44,19,32193,3065,9.520704e-02,3.647038e-03,76133.1,163521.1,9821.4,12.21,3.32
BER: SYNC #64 (gated)
CSV,935007,187000,64,44,19,32372,3065,9.468058e-02,3.647038e-03,85572.4,146402.7,9344.5,11.95,2.33
CSV,940007,188000,64,44,19,32569,3148,9.665633e-02,3.647038e-03,76556.2,164916.2,9723.3,12.29,3.33
BER: END_SEQ #64 [SLIP] seq_err=154 BER_seq=3.0137e-01 | lock=44 slip=20 BER_cond=3.6470e-03 BER_cum=9.8428e-02
CSV,945007,189000,64,44,20,32704,3219,9.842832e-02,3.647038e-03,75821.6,165974.4,9742.4,12.31,3.40
BER: SYNC #65 (gated)
CSV,950007,190000,65,44,20,32894,3219,9.785979e-02,3.647038e-03,86732.5,143868.6,9528.7,11.79,2.20
CSV,955007,191000,65,44,20,33094,3219,9.726839e-02,3.647038e-03,79515.0,158747.8,9224.5,12.36,3.00
BER: END_SEQ #65 [LOCK] seq_err=47 BER_seq=9.1977e-02 | lock=45 slip=20 BER_cond=5.6099e-03 BER_cum=9.8329e-02
BER: SYNC #66 (gated)
CSV,960007,192000,66,45,20,33217,3266,9.832315e-02,5.609915e-03,74418.0,167519.3,10467.8,12.04,3.52
CSV,965007,193000,66,45,20,33417,3266,9.773468e-02,5.609915e-03,87763.8,148240.8,9480.2,11.94,2.28
CSV,970007,194000,66,45,20,33617,3266,9.715322e-02,5.609915e-03,78015.8,162272.0,10089.5,12.06,3.18
BER: END_SEQ #66 [LOCK] seq_err=0 BER_seq=0.0000e+00 | lock=46 slip=20 BER_cond=5.4880e-03 BER_cum=9.6839e-02
BER: SYNC #67 (gated)
CSV,975007,195000,67,46,20,33740,3266,9.679905e-02,5.487960e-03,74306.7,170873.2,10329.4,12.19,3.62
CSV,980007,196000,67,46,20,33940,3266,9.622864e-02,5.487960e-03,90306.5,139003.4,9916.0,11.47,1.87
CSV,985007,197000,67,46,20,34140,3266,9.566491e-02,5.487960e-03,80299.9,159608.9,10137.5,11.97,2.98
BER: END_SEQ #67 [LOCK] seq_err=0 BER_seq=0.0000e+00 | lock=47 slip=20 BER_cond=5.3712e-03 BER_cum=9.5394e-02
BER: SYNC #68 (gated)
CSV,990007,198000,68,47,20,34263,3266,9.532148e-02,5.371195e-03,75032.8,164938.6,9899.0,12.22,3.42
CSV,995007,199000,68,47,20,34462,3266,9.477105e-02,5.371195e-03,89497.9,145245.1,9631.8,11.78,2.10
CSV,1000007,200000,68,47,20,34662,3266,9.422422e-02,5.371195e-03,77659.5,163759.0,10290.2,12.02,3.24
BER: END_SEQ #68 [LOCK] seq_err=0 BER_seq=0.0000e+00 | lock=48 slip=20 BER_cond=5.2593e-03 BER_cum=9.3991e-02
BER: SYNC #69 (gated)
CSV,1005007,201000,69,48,20,34785,3266,9.389105e-02,5.259295e-03,76828.4,165085.6,10407.5,12.00,3.32
CSV,1010007,202000,69,48,20,34985,3266,9.335429e-02,5.259295e-03,83144.5,147774.0,9558.7,11.89,2.50
CSV,1015007,203000,69,48,20,35185,3266,9.282365e-02,5.259295e-03,79621.1,163071.5,10063.7,12.10,3.11
BER: END_SEQ #69 [LOCK] seq_err=0 BER_seq=0.0000e+00 | lock=49 slip=20 BER_cond=5.1520e-03 BER_cum=9.2629e-02
BER: SYNC #70 (gated)
CSV,1020007,204000,70,49,20,35308,3266,9.250028e-02,5.151963e-03,75944.0,160853.7,9014.1,12.52,3.26
CSV,1025007,205000,70,49,20,35508,3266,9.197927e-02,5.151963e-03,86143.2,145889.2,9686.5,11.78,2.29
CSV,1030007,206000,70,49,20,35707,3368,9.432324e-02,5.151963e-03,78856.0,159583.3,9652.8,12.18,3.06
BER: END_SEQ #70 [SLIP] seq_err=128 BER_seq=2.5049e-01 | lock=49 slip=21 BER_cond=5.1520e-03 BER_cum=9.4884e-02
BER: SYNC #71 (gated)
CSV,1035007,207000,71,49,21,35831,3394,9.472245e-02,5.151963e-03,77284.5,166572.1,9633.1,12.38,3.34
CSV,1040007,208000,71,49,21,36031,3394,9.419666e-02,5.151963e-03,89492.3,140945.8,10123.4,11.44,1.97
CSV,1045007,209000,71,49,21,36231,3394,9.367669e-02,5.151963e-03,79481.7,163492.7,9808.9,12.22,3.13
BER: END_SEQ #71 [LOCK] seq_err=0 BER_seq=0.0000e+00 | lock=50 slip=21 BER_cond=5.0489e-03 BER_cum=9.3548e-02
BER: SYNC #72 (gated)
CSV,1050007,210000,72,50,21,36353,3394,9.336231e-02,5.048924e-03,70012.4,173538.6,10490.8,12.19,3.94
CSV,1055007,211000,72,50,21,36553,3394,9.285147e-02,5.048924e-03,90989.8,136846.3,9556.3,11.56,1.77
CSV,1060007,212000,72,50,21,36752,3414,9.289290e-02,5.048924e-03,75158.7,165955.5,10207.9,12.11,3.44
BER: END_SEQ #72 [LOCK] seq_err=35 BER_seq=6.8493e-02 | lock=51 slip=21 BER_cond=6.2929e-03 BER_cum=9.3200e-02
BER: SYNC #73 (gated)
CSV,1065007,213000,73,51,21,36876,3429,9.298731e-02,6.292928e-03,76847.5,166583.1,10239.5,12.11,3.36
CSV,1070007,214000,73,51,21,37076,3429,9.248570e-02,6.292928e-03,89282.4,138348.5,10005.1,11.41,1.90
CSV,1075007,215000,73,51,21,37276,3429,9.198949e-02,6.292928e-03,77980.5,163962.3,9407.1,12.41,3.23
BER: END_SEQ #73 [LOCK] seq_err=0 BER_seq=0.0000e+00 | lock=52 slip=21 BER_cond=6.1719e-03 BER_cum=9.1923e-02
BER: SYNC #74 (gated)
CSV,1080007,216000,74,52,21,37399,3429,9.168694e-02,6.171910e-03,75858.9,163791.2,9240.6,12.49,3.34
CSV,1085007,217000,74,52,21,37599,3429,9.119923e-02,6.171910e-03,88862.0,146925.6,10044.5,11.65,2.18
CSV,1090007,218000,74,52,21,37799,3429,9.071668e-02,6.171910e-03,76072.3,164242.6,10228.6,12.06,3.34
BER: END_SEQ #74 [LOCK] seq_err=0 BER_seq=0.0000e+00 | lock=53 slip=21 BER_cond=6.0555e-03 BER_cum=9.0681e-02
BER: SYNC #75 (gated)
CSV,1095007,219000,75,53,21,37922,3429,9.042244e-02,6.055459e-03,77004.6,164564.1,8993.3,12.62,3.30
CSV,1100007,220000,75,53,21,38122,3429,8.994806e-02,6.055459e-03,86378.2,143004.5,9839.3,11.62,2.19
CSV,1105007,221000,75,53,21,38321,3429,8.948097e-02,6.055459e-03,79291.4,163803.5,9554.0,12.34,3.15
BER: END_SEQ #75 [LOCK] seq_err=0 BER_seq=0.0000e+00 | lock=54 slip=21 BER_cond=5.9433e-03 BER_cum=8.9472e-02
BER: SYNC #76 (gated)
CSV,1110007,222000,76,54,21,38444,3429,8.919467e-02,5.943321e-03,77387.3,159126.7,9790.6,12.11,3.13
CSV,1115007,223000,76,54,21,38644,3429,8.873305e-02,5.943321e-03,87154.0,151051.4,9871.0,11.85,2.39
BER: END_SEQ #76 [LOCK] seq_err=0 BER_seq=0.0000e+00 | lock=55 slip=21 BER_cond=5.8353e-03 BER_cum=8.8294e-02
CSV,1120007,224000,76,55,21,38836,3429,8.829436e-02,5.835261e-03,75743.0,167208.3,9804.1,12.32,3.44
BER: SYNC #77 (gated)
CSV,1125007,225000,77,55,21,38966,3434,8.812811e-02,5.835261e-03,83243.3,150217.1,9402.4,12.03,2.56
CSV,1130007,226000,77,55,21,39166,3537,9.030792e-02,5.835261e-03,80678.6,160642.0,10784.1,11.73,2.99
BER: END_SEQ #77 [SLIP] seq_err=199 BER_seq=3.8943e-01 | lock=55 slip=22 BER_cond=5.8353e-03 BER_cum=9.2205e-02
CSV,1135007,227000,77,55,22,39347,3628,9.220525e-02,5.835261e-03,79018.9,158724.6,9397.3,12.28,3.03
BER: SYNC #78 (gated)
CSV,1140007,228000,78,55,22,39489,3694,9.354503e-02,5.835261e-03,85343.3,145671.1,9426.3,11.89,2.32
CSV,1145007,229000,78,55,22,39689,3799,9.571922e-02,5.835261e-03,79093.9,158210.5,10450.1,11.80,3.01
BER: END_SEQ #78 [SLIP] seq_err=256 BER_seq=5.0098e-01 | lock=55 slip=23 BER_cond=5.8353e-03 BER_cum=9.7446e-02
CSV,1150007,230000,78,55,23,39858,3884,9.744594e-02,5.835261e-03,75256.9,164688.2,8976.7,12.64,3.40
BER: SYNC #79 (gated)
CSV,1155007,231000,79,55,23,40012,3884,9.707088e-02,5.835261e-03,85887.1,147139.8,9978.1,11.69,2.34
CSV,1160007,232000,79,55,23,40211,3917,9.741116e-02,5.835261e-03,78190.5,158237.6,10515.7,11.77,3.06
BER: END_SEQ #79 [SLIP] seq_err=111 BER_seq=2.1722e-01 | lock=55 slip=24 BER_cond=5.8353e-03 BER_cum=9.8962e-02
CSV,1165007,233000,79,55,24,40369,3995,9.896208e-02,5.835261e-03,78575.1,158638.8,9325.0,12.31,3.05
BER: SYNC #80 (gated)
CSV,1170007,234000,80,55,24,40534,4048,9.986678e-02,5.835261e-03,86276.1,146842.1,9584.4,11.85,2.31
CSV,1175007,235000,80,55,24,40734,4153,1.019541e-01,5.835261e-03,77214.2,160323.0,10393.2,11.88,3.17
BER: END_SEQ #80 [SLIP] seq_err=230 BER_seq=4.5010e-01 | lock=55 slip=25 BER_cond=5.8353e-03 BER_cum=1.0335e-01
CSV,1180007,236000,80,55,25,40880,4225,1.033513e-01,5.835261e-03,77970.9,159476.1,10130.3,11.97,3.11
BER: SYNC #81 (gated)
CSV,1185007,237000,81,55,25,41058,4225,1.029032e-01,5.835261e-03,84318.7,146752.0,9726.8,11.79,2.41
CSV,1190007,238000,81,55,25,41257,4271,1.035218e-01,5.835261e-03,77769.3,161972.3,10314.8,11.96,3.19
BER: END_SEQ #81 [SLIP] seq_err=110 BER_seq=2.1526e-01 | lock=55 slip=26 BER_cond=5.8353e-03 BER_cum=1.0473e-01
CSV,1195007,239000,81,55,26,41391,4335,1.047329e-01,5.835261e-03,77073.2,163201.1,9226.5,12.48,3.26
BER: SYNC #82 (gated)
CSV,1200007,240000,82,55,26,41581,4335,1.042544e-01,5.835261e-03,86245.6,145091.2,9728.1,11.74,2.26
CSV,1205007,241000,82,55,26,41780,4335,1.037578e-01,5.835261e-03,76543.1,160721.9,10280.4,11.94,3.22
BER: END_SEQ #82 [LOCK] seq_err=38 BER_seq=7.4364e-02 | lock=56 slip=26 BER_cond=7.0590e-03 BER_cum=1.0436e-01
BER: SYNC #83 (gated)
CSV,1210007,242000,83,56,26,41903,4373,1.043601e-01,7.058988e-03,76174.9,167420.7,10051.9,12.22,3.42
CSV,1215007,243000,83,56,26,42103,4373,1.038643e-01,7.058988e-03,87590.0,147898.6,9924.4,11.73,2.28
CSV,1220007,244000,83,56,26,42303,4373,1.033733e-01,7.058988e-03,77074.1,161311.1,9669.8,12.22,3.21
BER: END_SEQ #83 [LOCK] seq_err=0 BER_seq=0.0000e+00 | lock=57 slip=26 BER_cond=6.9351e-03 BER_cum=1.0311e-01
BER: SYNC #84 (gated)
CSV,1225007,245000,84,57,26,42426,4373,1.030736e-01,6.935146e-03,72232.3,169795.8,10282.0,12.18,3.71
CSV,1230007,246000,84,57,26,42626,4373,1.025900e-01,6.935146e-03,88623.5,138729.4,9939.4,11.45,1.95
CSV,1235007,247000,84,57,26,42825,4470,1.043783e-01,6.935146e-03,76938.7,159654.3,10661.6,11.75,3.17
BER: END_SEQ #84 [SLIP] seq_err=141 BER_seq=2.7593e-01 | lock=57 slip=27 BER_cond=6.9351e-03 BER_cum=1.0516e-01
BER: SYNC #85 (gated)
CSV,1240007,248000,85,57,27,42949,4514,1.051014e-01,6.935146e-03,75409.3,171874.2,9263.0,12.68,3.58
CSV,1245007,249000,85,57,27,43149,4514,1.046142e-01,6.935146e-03,86802.2,141390.5,10019.0,11.50,2.12
CSV,1250007,250000,85,57,27,43349,4514,1.041316e-01,6.935146e-03,78176.2,161323.4,9872.3,12.13,3.15
BER: END_SEQ #85 [LOCK] seq_err=0 BER_seq=0.0000e+00 | lock=58 slip=27 BER_cond=6.8156e-03 BER_cum=1.0393e-01
BER: SYNC #86 (gated)
CSV,1255007,251000,86,58,27,43471,4514,1.038393e-01,6.815575e-03,75523.0,160834.1,9931.8,12.09,3.28
CSV,1260007,252000,86,58,27,43671,4514,1.033638e-01,6.815575e-03,84573.3,150378.8,9954.8,11.79,2.50
CSV,1265007,253000,86,58,27,43870,4524,1.031229e-01,6.815575e-03,75512.5,161262.0,9788.2,12.17,3.30
BER: END_SEQ #86 [LOCK] seq_err=45 BER_seq=8.8063e-02 | lock=59 slip=27 BER_cond=8.1926e-03 BER_cum=1.0374e-01
BER: SYNC #87 (gated)
CSV,1270007,254000,87,59,27,43994,4559,1.036278e-01,8.192644e-03,77462.5,165296.0,9739.2,12.30,3.29
CSV,1275007,255000,87,59,27,44194,4559,1.031588e-01,8.192644e-03,86306.0,143782.9,9803.4,11.66,2.22
CSV,1280007,256000,87,59,27,44394,4559,1.026941e-01,8.192644e-03,80084.5,161962.3,10495.2,11.88,3.06
BER: END_SEQ #87 [LOCK] seq_err=0 BER_seq=0.0000e+00 | lock=60 slip=27 BER_cond=8.0561e-03 BER_cum=1.0255e-01
BER: SYNC #88 (gated)
CSV,1285007,257000,88,60,27,44517,4559,1.024103e-01,8.056100e-03,76296.5,161278.8,9307.1,12.39,3.25
CSV,1290007,258000,88,60,27,44716,4610,1.030951e-01,8.056100e-03,85837.4,147089.4,9848.8,11.74,2.34
CSV,1295007,259000,88,60,27,44916,4717,1.050183e-01,8.056100e-03,78161.1,157882.7,9054.7,12.41,3.05
BER: END_SEQ #88 [SLIP] seq_err=178 BER_seq=3.4834e-01 | lock=60 slip=28 BER_cond=8.0561e-03 BER_cum=1.0534e-01
BER: SYNC #89 (gated)
CSV,1300007,260000,89,60,28,45040,4737,1.051732e-01,8.056100e-03,74204.4,171579.9,10504.3,12.13,3.64
CSV,1305007,261000,89,60,28,45239,4737,1.047105e-01,8.056100e-03,88741.7,138020.1,9786.9,11.49,1.92
CSV,1310007,262000,89,60,28,45439,4737,1.042497e-01,8.056100e-03,78606.3,165116.4,9214.9,12.53,3.22
BER: END_SEQ #89 [LOCK] seq_err=0 BER_seq=0.0000e+00 | lock=61 slip=28 BER_cond=7.9240e-03 BER_cum=1.0416e-01
BER: SYNC #90 (gated)
CSV,1315007,263000,90,61,28,45562,4737,1.039682e-01,7.924032e-03,74997.5,166024.9,9791.7,12.29,3.45
CSV,1320007,264000,90,61,28,45762,4737,1.035138e-01,7.924032e-03,88677.8,142466.6,9848.2,11.60,2.06
CSV,1325007,265000,90,61,28,45962,4737,1.030634e-01,7.924032e-03,76678.9,164632.4,10709.0,11.87,3.32
BER: END_SEQ #90 [LOCK] seq_err=0 BER_seq=0.0000e+00 | lock=62 slip=28 BER_cond=7.7962e-03 BER_cum=1.0300e-01
BER: SYNC #91 (gated)
CSV,1330007,266000,91,62,28,46085,4737,1.027883e-01,7.796225e-03,78132.8,166422.4,9779.1,12.31,3.28
CSV,1335007,267000,91,62,28,46285,4737,1.023442e-01,7.796225e-03,87544.6,143273.5,9926.0,11.59,2.14
CSV,1340007,268000,91,62,28,46485,4737,1.019038e-01,7.796225e-03,76697.8,168552.6,10584.6,12.02,3.42
BER: END_SEQ #91 [LOCK] seq_err=0 BER_seq=0.0000e+00 | lock=63 slip=28 BER_cond=7.6725e-03 BER_cum=1.0187e-01
BER: SYNC #92 (gated)
CSV,1345007,269000,92,63,28,46608,4737,1.016349e-01,7.672475e-03,74631.0,167585.3,10256.4,12.13,3.51
CSV,1350007,270000,92,63,28,46808,4737,1.012006e-01,7.672475e-03,89329.7,141695.0,9755.1,11.62,2.00
CSV,1355007,271000,92,63,28,47008,4737,1.007701e-01,7.672475e-03,77476.6,157914.9,9748.7,12.09,3.09
BER: END_SEQ #92 [LOCK] seq_err=0 BER_seq=0.0000e+00 | lock=64 slip=28 BER_cond=7.5526e-03 BER_cum=1.0076e-01
BER: SYNC #93 (gated)
CSV,1360007,272000,93,64,28,47130,4737,1.005092e-01,7.552593e-03,79317.3,159090.6,9638.1,12.18,3.02
CSV,1365007,273000,93,64,28,47330,4737,1.000845e-01,7.552593e-03,84678.9,144579.7,9370.0,11.88,2.32
BER: END_SEQ #93 [LOCK] seq_err=0 BER_seq=0.0000e+00 | lock=65 slip=28 BER_cond=7.4364e-03 BER_cum=9.9678e-02
CSV,1370007,274000,93,65,28,47523,4737,9.967805e-02,7.436399e-03,77633.6,165164.3,10172.2,12.11,3.28
BER: SYNC #94 (gated)
CSV,1375007,275000,94,65,28,47652,4780,1.003106e-01,7.436399e-03,80458.0,151613.6,9152.9,12.19,2.75
CSV,1380007,276000,94,65,28,47852,4884,1.020647e-01,7.436399e-03,82597.1,151521.6,9505.6,12.02,2.64
BER: END_SEQ #94 [SLIP] seq_err=238 BER_seq=4.6575e-01 | lock=65 slip=29 BER_cond=7.4364e-03 BER_cum=1.0357e-01
CSV,1385007,277000,94,65,29,48034,4975,1.035725e-01,7.436399e-03,78681.9,161336.8,10458.6,11.88,3.12
BER: SYNC #95 (gated)
CSV,1390007,278000,95,65,29,48176,4975,1.032672e-01,7.436399e-03,84954.0,147903.2,10231.7,11.60,2.41
CSV,1395007,279000,95,65,29,48376,4975,1.028403e-01,7.436399e-03,81412.6,158645.1,9991.9,12.01,2.90
BER: END_SEQ #95 [LOCK] seq_err=0 BER_seq=0.0000e+00 | lock=66 slip=29 BER_cond=7.3237e-03 BER_cum=1.0248e-01
CSV,1400007,280000,95,66,29,48545,4975,1.024822e-01,7.323727e-03,76950.9,164832.1,9129.6,12.57,3.31
BER: SYNC #96 (gated)
CSV,1405007,281000,96,66,29,48698,4975,1.021603e-01,7.323727e-03,85088.3,145483.5,9485.5,11.86,2.33
CSV,1410007,282000,96,66,29,48898,4975,1.017424e-01,7.323727e-03,75966.4,170323.6,9377.1,12.59,3.51
BER: END_SEQ #96 [LOCK] seq_err=0 BER_seq=0.0000e+00 | lock=67 slip=29 BER_cond=7.2144e-03 BER_cum=1.0141e-01
CSV,1415007,283000,96,67,29,49056,4975,1.014147e-01,7.214417e-03,78526.1,156704.8,10122.0,11.90,3.00
BER: SYNC #97 (gated)
CSV,1420007,284000,97,67,29,49221,4975,1.010747e-01,7.214417e-03,87010.8,144831.7,9463.8,11.85,2.21
CSV,1425007,285000,97,67,29,49421,4975,1.006657e-01,7.214417e-03,78552.4,160531.1,9843.1,12.12,3.10
BER: END_SEQ #97 [LOCK] seq_err=0 BER_seq=0.0000e+00 | lock=68 slip=29 BER_cond=7.1083e-03 BER_cum=1.0037e-01
CSV,1430007,286000,97,68,29,49567,4975,1.003692e-01,7.108323e-03,77557.9,163298.5,10263.6,12.02,3.23
BER: SYNC #98 (gated)
CSV,1435007,287000,98,68,29,49744,4975,1.000121e-01,7.108323e-03,87618.4,149456.4,9787.4,11.84,2.32
CSV,1440007,288000,98,68,29,49944,4975,9.961157e-02,7.108323e-03,77020.0,160447.2,10078.4,12.02,3.19
BER: END_SEQ #98 [LOCK] seq_err=0 BER_seq=0.0000e+00 | lock=69 slip=29 BER_cond=7.0053e-03 BER_cum=9.9345e-02
CSV,1445007,289000,98,69,29,50078,4975,9.934502e-02,7.005304e-03,77476.3,161058.4,9935.6,12.10,3.18
BER: SYNC #99 (gated)
CSV,1450007,290000,99,69,29,50267,4975,9.897149e-02,7.005304e-03,88143.2,144264.8,10045.4,11.57,2.14
CSV,1455007,291000,99,69,29,50465,5018,9.943525e-02,7.005304e-03,80587.1,160690.5,9610.3,12.23,3.00
BER: END_SEQ #99 [SLIP] seq_err=102 BER_seq=1.9961e-01 | lock=69 slip=30 BER_cond=7.0053e-03 BER_cum=1.0036e-01
BER: SYNC #100 (gated)
CSV,1460007,292000,100,69,30,50589,5077,1.003578e-01,7.005304e-03,75826.4,164388.6,10177.5,12.08,3.36
CSV,1465007,293000,100,69,30,50789,5077,9.996259e-02,7.005304e-03,89572.3,143428.2,9642.9,11.72,2.04
CSV,1470007,294000,100,69,30,50989,5077,9.957050e-02,7.005304e-03,78076.8,161840.1,9520.1,12.30,3.17
BER: END_SEQ #100 [LOCK] seq_err=0 BER_seq=0.0000e+00 | lock=70 slip=30 BER_cond=6.9052e-03 BER_cum=9.9354e-02
BER: SYNC #101 (gated)
CSV,1475007,295000,101,70,30,51112,5077,9.933088e-02,6.905228e-03,75659.2,169978.7,9537.0,12.51,3.52
CSV,1480007,296000,101,70,30,51312,5077,9.894372e-02,6.905228e-03,88003.6,142663.0,10304.6,11.41,2.10
CSV,1485007,297000,101,70,30,51512,5077,9.855956e-02,6.905228e-03,81692.7,158611.4,10400.8,11.83,2.88
BER: END_SEQ #101 [LOCK] seq_err=0 BER_seq=0.0000e+00 | lock=71 slip=30 BER_cond=6.8080e-03 BER_cum=9.8370e-02
BER: SYNC #102 (gated)
CSV,1490007,298000,102,71,30,51635,5077,9.832478e-02,6.807971e-03,76674.9,163888.7,9895.7,12.19,3.30
CSV,1495007,299000,102,71,30,51835,5077,9.794541e-02,6.807971e-03,88174.8,148613.9,8691.5,12.33,2.27
CSV,1500007,300000,102,71,30,52035,5077,9.756894e-02,6.807971e-03,78205.0,162831.6,8878.2,12.63,3.19
BER: END_SEQ #102 [LOCK] seq_err=0 BER_seq=0.0000e+00 | lock=72 slip=30 BER_cond=6.7134e-03 BER_cum=9.7406e-02

=========================================
=== END OF TEST (duration=25 min) ===
=========================================
FINAL: syncs=102 lock=72 slip=30 slip_rate=0.2941
FINAL: bits_cum=52122 err_cum=5077 BER_cum=9.7406e-02
FINAL: bits_lock=36792 err_lock=247 BER_cond=6.7134e-03
=========================================
=== STOP LOGGING NOW ===
=========================================
