

=== RX BOOT - BER TEST MODE ===
MOD=OOK (20 kHz carrier, adaptive threshold)
BPS_MODE=20 (HALF_SAMPLES=2000, 10000 samples/bit @ 200000 Hz)
Expect: 64-bit preamble + Barker13 (1F35h, gated by 8 preamble bits = 0x55) + 511-bit PRBS-9
Noise floor band: 5000 Hz; lock threshold: BER<0.10
Auto-stop: test will halt 25 min after the first sync.
RX: edge-tracking sync, center-3 voting
Starting decoder...

CSV,5011,500,0,0,0,0,0,0.000000e+00,0.000000e+00,434447.0,123439210496.0,424950.3,54.63,54.54
BER: SYNC #1 (gated)
CSV,10011,1000,1,0,0,81,0,0.000000e+00,0.000000e+00,318560.3,123863400448.0,245839.5,57.02,55.90
CSV,15011,1500,1,0,0,181,0,0.000000e+00,0.000000e+00,329692.0,97960935424.0,213999.5,56.61,54.73
CSV,20011,2000,1,0,0,281,0,0.000000e+00,0.000000e+00,369703.9,106304036864.0,248756.9,56.31,54.59
CSV,25011,2500,1,0,0,381,0,0.000000e+00,0.000000e+00,351787.5,137592406016.0,246977.6,57.46,55.92
CSV,30011,3000,1,0,0,481,0,0.000000e+00,0.000000e+00,349545.4,115962183680.0,214404.8,57.33,55.21
BER: END_SEQ #1 [LOCK] seq_err=0 BER_seq=0.0000e+00 | lock=1 slip=0 BER_cond=0.0000e+00 BER_cum=0.0000e+00
CSV,35011,3500,1,1,0,511,0,0.000000e+00,0.000000e+00,445262.8,127652192256.0,278109.0,56.62,54.57
BER: SYNC #2 (gated)
CSV,40011,4000,2,1,0,604,0,0.000000e+00,0.000000e+00,346729.4,117589819392.0,215148.1,57.38,55.30
CSV,45011,4500,2,1,0,704,0,0.000000e+00,0.000000e+00,332269.6,97616125952.0,213363.8,56.60,54.68
CSV,50011,5000,2,1,0,804,0,0.000000e+00,0.000000e+00,336092.8,122430586880.0,223338.9,57.39,55.61
CSV,55011,5500,2,1,0,904,0,0.000000e+00,0.000000e+00,358644.8,123357896704.0,239781.2,57.11,55.37
CSV,60011,6000,2,1,0,1004,0,0.000000e+00,0.000000e+00,374283.0,122491109376.0,237483.4,57.12,55.15
BER: END_SEQ #2 [LOCK] seq_err=0 BER_seq=0.0000e+00 | lock=2 slip=0 BER_cond=0.0000e+00 BER_cum=0.0000e+00
BER: SYNC #3 (gated)
CSV,65011,6500,3,2,0,1027,0,0.000000e+00,0.000000e+00,448995.7,129709096960.0,286574.6,56.56,54.61
CSV,70011,7000,3,2,0,1127,0,0.000000e+00,0.000000e+00,371954.8,130296520704.0,215873.4,57.81,55.44
CSV,75011,7500,3,2,0,1227,0,0.000000e+00,0.000000e+00,326359.9,90693451776.0,218627.6,56.18,54.44
CSV,80011,8000,3,2,0,1327,0,0.000000e+00,0.000000e+00,341342.5,123548712960.0,224921.2,57.40,55.59
CSV,85011,8500,3,2,0,1426,0,0.000000e+00,0.000000e+00,364450.5,129533468672.0,226330.2,57.58,55.51
CSV,90011,9000,3,2,0,1526,0,0.000000e+00,0.000000e+00,309993.5,127961382912.0,211239.1,57.82,56.16
BER: END_SEQ #3 [LOCK] seq_err=0 BER_seq=0.0000e+00 | lock=3 slip=0 BER_cond=0.0000e+00 BER_cum=0.0000e+00
BER: SYNC #4 (gated)
CSV,95011,9500,4,3,0,1549,0,0.000000e+00,0.000000e+00,469791.2,133236310016.0,316204.1,56.25,54.53
CSV,100011,10000,4,3,0,1649,0,0.000000e+00,0.000000e+00,364835.7,115529629696.0,250925.2,56.63,55.01
CSV,105011,10500,4,3,0,1749,0,0.000000e+00,0.000000e+00,323352.2,105700401152.0,212358.5,56.97,55.14
CSV,110011,11000,4,3,0,1849,0,0.000000e+00,0.000000e+00,340213.2,121280700416.0,246506.9,56.92,55.52
CSV,115011,11500,4,3,0,1949,0,0.000000e+00,0.000000e+00,357811.8,125414694912.0,219513.2,57.57,55.45
BER: END_SEQ #4 [LOCK] seq_err=0 BER_seq=0.0000e+00 | lock=4 slip=0 BER_cond=0.0000e+00 BER_cum=0.0000e+00
CSV,120011,12000,4,4,0,2044,0,0.000000e+00,0.000000e+00,326262.9,132754964480.0,214118.8,57.92,56.09
BER: SYNC #5 (gated)
CSV,125011,12500,5,4,0,2072,0,0.000000e+00,0.000000e+00,441995.2,128473718784.0,276424.6,56.67,54.63
CSV,130011,13000,5,4,0,2172,0,0.000000e+00,0.000000e+00,303885.6,108091596800.0,229757.5,56.73,55.51
CSV,135011,13500,5,4,0,2272,0,0.000000e+00,0.000000e+00,358877.6,115052208128.0,226765.7,57.05,55.06
CSV,140011,14000,5,4,0,2372,0,0.000000e+00,0.000000e+00,347540.2,124145541120.0,227567.2,57.37,55.53
CSV,145011,14500,5,4,0,2472,0,0.000000e+00,0.000000e+00,369214.1,125105602560.0,235102.8,57.26,55.30
BER: END_SEQ #5 [LOCK] seq_err=0 BER_seq=0.0000e+00 | lock=5 slip=0 BER_cond=0.0000e+00 BER_cum=0.0000e+00
CSV,150011,15000,5,5,0,2555,0,0.000000e+00,0.000000e+00,362237.8,133874122752.0,231194.8,57.63,55.68
BER: SYNC #6 (gated)
CSV,155011,15500,6,5,0,2595,0,0.000000e+00,0.000000e+00,396855.5,121088516096.0,253355.6,56.79,54.84
CSV,160011,16000,6,5,0,2695,0,0.000000e+00,0.000000e+00,315605.9,107057274880.0,201743.3,57.25,55.30
CSV,165011,16500,6,5,0,2795,0,0.000000e+00,0.000000e+00,369150.2,125395574784.0,227457.2,57.41,55.31
CSV,170011,17000,6,5,0,2895,0,0.000000e+00,0.000000e+00,343255.2,124893298688.0,213150.5,57.68,55.61
CSV,175011,17500,6,5,0,2995,0,0.000000e+00,0.000000e+00,379464.8,129149714432.0,249173.0,57.15,55.32
BER: END_SEQ #6 [LOCK] seq_err=0 BER_seq=0.0000e+00 | lock=6 slip=0 BER_cond=0.0000e+00 BER_cum=0.0000e+00
CSV,180011,18000,6,6,0,3066,0,0.000000e+00,0.000000e+00,429269.8,127890898944.0,266516.3,56.81,54.74
BER: SYNC #7 (gated)
CSV,185011,18500,7,6,0,3117,0,0.000000e+00,0.000000e+00,421071.8,127375867904.0,272761.7,56.69,54.81
CSV,190011,19000,7,6,0,3217,0,0.000000e+00,0.000000e+00,325418.8,105811509248.0,194388.3,57.36,55.12
CSV,195011,19500,7,6,0,3317,0,0.000000e+00,0.000000e+00,395697.4,129006534656.0,227849.6,57.53,55.13
CSV,200011,20000,7,6,0,3417,0,0.000000e+00,0.000000e+00,334872.0,125982793728.0,224863.5,57.48,55.75
CSV,205011,20500,7,6,0,3517,0,0.000000e+00,0.000000e+00,389641.0,124083003392.0,239267.9,57.15,55.03
BER: END_SEQ #7 [LOCK] seq_err=0 BER_seq=0.0000e+00 | lock=7 slip=0 BER_cond=0.0000e+00 BER_cum=0.0000e+00
CSV,210011,21000,7,7,0,3577,0,0.000000e+00,0.000000e+00,445362.5,135784652800.0,292479.5,56.67,54.84
BER: SYNC #8 (gated)
CSV,215011,21500,8,7,0,3640,0,0.000000e+00,0.000000e+00,404087.9,131266297856.0,237345.9,57.43,55.12
CSV,220011,22000,8,7,0,3740,0,0.000000e+00,0.000000e+00,341446.5,94515486720.0,215357.4,56.42,54.42
CSV,225011,22500,8,7,0,3840,0,0.000000e+00,0.000000e+00,381283.7,124289376256.0,248801.4,56.99,55.13
CSV,230011,23000,8,7,0,3940,0,0.000000e+00,0.000000e+00,344668.2,136201265152.0,238316.4,57.57,55.97
CSV,235011,23500,8,7,0,4040,0,0.000000e+00,0.000000e+00,355659.5,124940632064.0,234224.1,57.27,55.46
BER: END_SEQ #8 [LOCK] seq_err=0 BER_seq=0.0000e+00 | lock=8 slip=0 BER_cond=0.0000e+00 BER_cum=0.0000e+00
CSV,240011,24000,8,8,0,4088,0,0.000000e+00,0.000000e+00,441351.1,131233374208.0,286863.6,56.60,54.73
BER: SYNC #9 (gated)
CSV,245011,24500,9,8,0,4163,0,0.000000e+00,0.000000e+00,368070.2,131801833472.0,245719.7,57.29,55.54
CSV,250011,25000,9,8,0,4263,0,0.000000e+00,0.000000e+00,339204.5,103323721728.0,240570.5,56.33,54.84
CSV,255011,25500,9,8,0,4363,0,0.000000e+00,0.000000e+00,346979.2,120159936512.0,262715.0,56.60,55.39
CSV,260011,26000,9,8,0,4463,0,0.000000e+00,0.000000e+00,375219.4,140074369024.0,236554.6,57.72,55.72
CSV,265011,26500,9,8,0,4563,0,0.000000e+00,0.000000e+00,351666.8,118730358784.0,232617.9,57.08,55.28
BER: END_SEQ #9 [LOCK] seq_err=0 BER_seq=0.0000e+00 | lock=9 slip=0 BER_cond=0.0000e+00 BER_cum=0.0000e+00
CSV,270011,27000,9,9,0,4599,0,0.000000e+00,0.000000e+00,439064.3,139721621504.0,290981.6,56.81,55.03
BER: SYNC #10 (gated)
CSV,275011,27500,10,9,0,4686,0,0.000000e+00,0.000000e+00,361677.1,129326620672.0,226734.7,57.56,55.53
CSV,280011,28000,10,9,0,4785,0,0.000000e+00,0.000000e+00,316567.0,102226911232.0,212867.4,56.81,55.09
CSV,285011,28500,10,9,0,4886,0,0.000000e+00,0.000000e+00,346242.5,125959782400.0,215022.5,57.68,55.61
CSV,290011,29000,10,9,0,4985,0,0.000000e+00,0.000000e+00,370412.5,133010014208.0,232609.3,57.57,55.55
CSV,295011,29500,10,9,0,5085,0,0.000000e+00,0.000000e+00,368043.8,128973389824.0,249574.2,57.13,55.45
BER: END_SEQ #10 [LOCK] seq_err=0 BER_seq=0.0000e+00 | lock=10 slip=0 BER_cond=0.0000e+00 BER_cum=0.0000e+00
CSV,300011,30000,10,10,0,5110,0,0.000000e+00,0.000000e+00,462537.8,134963224576.0,303910.1,56.47,54.65
BER: SYNC #11 (gated)
CSV,305011,30500,11,10,0,5208,0,0.000000e+00,0.000000e+00,328824.3,125872865280.0,200600.9,57.98,55.83
CSV,310011,31000,11,10,0,5308,0,0.000000e+00,0.000000e+00,311647.6,101457133568.0,222682.2,56.59,55.13
CSV,315011,31500,11,10,0,5408,0,0.000000e+00,0.000000e+00,364315.7,128152297472.0,208888.6,57.88,55.46
CSV,320011,32000,11,10,0,5508,0,0.000000e+00,0.000000e+00,406947.7,131325632512.0,255453.1,57.11,55.09
CSV,325011,32500,11,10,0,5608,0,0.000000e+00,0.000000e+00,372348.1,130733760512.0,229535.9,57.56,55.45
BER: END_SEQ #11 [LOCK] seq_err=0 BER_seq=0.0000e+00 | lock=11 slip=0 BER_cond=0.0000e+00 BER_cum=0.0000e+00
BER: SYNC #12 (gated)
CSV,330011,33000,12,11,0,5631,0,0.000000e+00,0.000000e+00,479837.1,137338568704.0,313611.6,56.41,54.57
CSV,335011,33500,12,11,0,5731,0,0.000000e+00,0.000000e+00,339927.9,125755449344.0,202902.9,57.92,55.68
CSV,340011,34000,12,11,0,5831,0,0.000000e+00,0.000000e+00,339198.7,104126734336.0,208087.8,56.99,54.87
CSV,345011,34500,12,11,0,5931,0,0.000000e+00,0.000000e+00,383042.5,121136701440.0,224708.9,57.32,55.00
CSV,350011,35000,12,11,0,6031,0,0.000000e+00,0.000000e+00,399082.2,139829477376.0,256750.2,57.36,55.45
CSV,355011,35500,12,11,0,6131,0,0.000000e+00,0.000000e+00,358876.0,133101404160.0,212599.2,57.97,55.69
BER: END_SEQ #12 [LOCK] seq_err=0 BER_seq=0.0000e+00 | lock=12 slip=0 BER_cond=0.0000e+00 BER_cum=0.0000e+00
BER: SYNC #13 (gated)
CSV,360011,36000,13,12,0,6154,0,0.000000e+00,0.000000e+00,489490.9,129747378176.0,313034.2,56.18,54.23
CSV,365011,36500,13,12,0,6254,0,0.000000e+00,0.000000e+00,408216.3,115584811008.0,246966.0,56.70,54.52
CSV,370011,37000,13,12,0,6354,0,0.000000e+00,0.000000e+00,345877.9,112188899328.0,228149.5,56.92,55.11
CSV,375011,37500,13,12,0,6453,0,0.000000e+00,0.000000e+00,350739.2,128662732800.0,233292.8,57.42,55.64
CSV,380011,38000,13,12,0,6553,0,0.000000e+00,0.000000e+00,361609.9,128653746176.0,232957.3,57.42,55.51
BER: END_SEQ #13 [LOCK] seq_err=0 BER_seq=0.0000e+00 | lock=13 slip=0 BER_cond=0.0000e+00 BER_cum=0.0000e+00
CSV,385011,38500,13,13,0,6643,0,0.000000e+00,0.000000e+00,381042.2,137093554176.0,249029.1,57.41,55.56
BER: SYNC #14 (gated)
CSV,390011,39000,14,13,0,6676,0,0.000000e+00,0.000000e+00,454883.5,131398508544.0,300501.1,56.41,54.61
CSV,395011,39500,14,13,0,6776,0,0.000000e+00,0.000000e+00,318776.1,110683914240.0,239210.5,56.65,55.41
CSV,400011,40000,14,13,0,6876,0,0.000000e+00,0.000000e+00,380389.8,125737934848.0,252387.0,56.97,55.19
CSV,405011,40500,14,13,0,6976,0,0.000000e+00,0.000000e+00,354633.2,129113448448.0,241566.9,57.28,55.61
CSV,410011,41000,14,13,0,7076,0,0.000000e+00,0.000000e+00,400029.8,127903268864.0,229107.4,57.47,55.05
BER: END_SEQ #14 [LOCK] seq_err=0 BER_seq=0.0000e+00 | lock=14 slip=0 BER_cond=0.0000e+00 BER_cum=0.0000e+00
CSV,415011,41500,14,14,0,7154,0,0.000000e+00,0.000000e+00,388602.7,137617473536.0,264439.5,57.16,55.49
BER: SYNC #15 (gated)
CSV,420011,42000,15,14,0,7199,0,0.000000e+00,0.000000e+00,412051.9,125975773184.0,279710.0,56.54,54.85
CSV,425011,42500,15,14,0,7299,0,0.000000e+00,0.000000e+00,317923.6,105138610176.0,215987.9,56.87,55.19
CSV,430011,43000,15,14,0,7399,0,0.000000e+00,0.000000e+00,387457.0,133623275520.0,254869.2,57.20,55.38
CSV,435011,43500,15,14,0,7499,0,0.000000e+00,0.000000e+00,365159.3,129247010816.0,223130.8,57.63,55.49
CSV,440011,44000,15,14,0,7599,0,0.000000e+00,0.000000e+00,399157.5,130949210112.0,265352.5,56.93,55.16
BER: END_SEQ #15 [LOCK] seq_err=0 BER_seq=0.0000e+00 | lock=15 slip=0 BER_cond=0.0000e+00 BER_cum=0.0000e+00
CSV,445011,44500,15,15,0,7665,0,0.000000e+00,0.000000e+00,397692.7,131135807488.0,245875.2,57.27,55.18
BER: SYNC #16 (gated)
CSV,450011,45000,16,15,0,7722,0,0.000000e+00,0.000000e+00,379998.1,132412817408.0,253065.5,57.19,55.42
CSV,455011,45500,16,15,0,7822,0,0.000000e+00,0.000000e+00,361661.3,105900720128.0,227938.1,56.67,54.67
CSV,460011,46000,16,15,0,7922,0,0.000000e+00,0.000000e+00,379103.7,123839782912.0,246176.4,57.02,55.14
CSV,465011,46500,16,15,0,8022,0,0.000000e+00,0.000000e+00,387328.0,137035431936.0,264263.8,57.15,55.49
CSV,470011,47000,16,15,0,8122,0,0.000000e+00,0.000000e+00,363504.5,122471800832.0,246145.8,56.97,55.28
BER: END_SEQ #16 [LOCK] seq_err=0 BER_seq=0.0000e+00 | lock=16 slip=0 BER_cond=0.0000e+00 BER_cum=0.0000e+00
CSV,475011,47500,16,16,0,8176,0,0.000000e+00,0.000000e+00,461029.0,141473775616.0,279640.6,57.04,54.87
BER: SYNC #17 (gated)
CSV,480011,48000,17,16,0,8245,0,0.000000e+00,0.000000e+00,381452.5,135137271808.0,231984.4,57.65,55.49
CSV,485011,48500,17,16,0,8345,0,0.000000e+00,0.000000e+00,368455.1,98611748864.0,241819.0,56.10,54.28
CSV,490011,49000,17,16,0,8444,0,0.000000e+00,0.000000e+00,386531.3,125500841984.0,228278.0,57.40,55.11
CSV,495011,49500,17,16,0,8544,0,0.000000e+00,0.000000e+00,371158.8,140267962368.0,247257.8,57.54,55.77
CSV,500011,50000,17,16,0,8644,0,0.000000e+00,0.000000e+00,361852.4,122147307520.0,258942.2,56.74,55.28
BER: END_SEQ #17 [LOCK] seq_err=0 BER_seq=0.0000e+00 | lock=17 slip=0 BER_cond=0.0000e+00 BER_cum=0.0000e+00
CSV,505011,50500,17,17,0,8687,0,0.000000e+00,0.000000e+00,464517.4,137729458176.0,310992.7,56.46,54.72
BER: SYNC #18 (gated)
CSV,510011,51000,18,17,0,8767,0,0.000000e+00,0.000000e+00,399438.6,136537276416.0,240205.8,57.55,55.34
CSV,515011,51500,18,17,0,8867,0,0.000000e+00,0.000000e+00,340917.5,108994363392.0,224668.6,56.86,55.05
CSV,520011,52000,18,17,0,8967,0,0.000000e+00,0.000000e+00,356207.8,114777079808.0,245599.2,56.70,55.08
CSV,525011,52500,18,17,0,9067,0,0.000000e+00,0.000000e+00,386020.5,144045031424.0,257746.4,57.47,55.72
CSV,530011,53000,18,17,0,9167,0,0.000000e+00,0.000000e+00,352702.0,126452604928.0,250418.9,57.03,55.55
BER: END_SEQ #18 [LOCK] seq_err=0 BER_seq=0.0000e+00 | lock=18 slip=0 BER_cond=0.0000e+00 BER_cum=0.0000e+00
CSV,535011,53500,18,18,0,9198,0,0.000000e+00,0.000000e+00,446452.8,142867988480.0,320943.9,56.49,55.05
BER: SYNC #19 (gated)
CSV,540011,54000,19,18,0,9290,0,0.000000e+00,0.000000e+00,365642.0,123176574976.0,251527.8,56.90,55.27
CSV,545011,54500,19,18,0,9390,0,0.000000e+00,0.000000e+00,333462.1,103156654080.0,228030.1,56.56,54.90
CSV,550011,55000,19,18,0,9490,0,0.000000e+00,0.000000e+00,354598.4,130515828736.0,252444.7,57.13,55.66
CSV,555011,55500,19,18,0,9590,0,0.000000e+00,0.000000e+00,394405.8,134428925952.0,268970.2,56.99,55.33
CSV,560011,56000,19,18,0,9690,0,0.000000e+00,0.000000e+00,356944.4,130348326912.0,248319.3,57.20,55.63
BER: END_SEQ #19 [LOCK] seq_err=0 BER_seq=0.0000e+00 | lock=19 slip=0 BER_cond=0.0000e+00 BER_cum=0.0000e+00
BER: SYNC #20 (gated)
CSV,565011,56500,20,19,0,9713,0,0.000000e+00,0.000000e+00,471539.8,134215409664.0,322471.9,56.19,54.54
CSV,570011,57000,20,19,0,9813,0,0.000000e+00,0.000000e+00,343904.4,135426531328.0,260226.9,57.16,55.95
CSV,575011,57500,20,19,0,9912,0,0.000000e+00,0.000000e+00,311102.6,100517535744.0,228163.3,56.44,55.09
CSV,580011,58000,20,19,0,10012,0,0.000000e+00,0.000000e+00,363353.2,131117588480.0,252729.5,57.15,55.57
CSV,585011,58500,20,19,0,10112,0,0.000000e+00,0.000000e+00,395251.5,131878903808.0,264847.2,56.97,55.23
CSV,590011,59000,20,19,0,10213,0,0.000000e+00,0.000000e+00,388633.0,131760029696.0,242423.9,57.35,55.30
BER: END_SEQ #20 [LOCK] seq_err=0 BER_seq=0.0000e+00 | lock=20 slip=0 BER_cond=0.0000e+00 BER_cum=0.0000e+00
BER: SYNC #21 (gated)
CSV,595011,59500,21,20,0,10235,0,0.000000e+00,0.000000e+00,462691.4,147743850496.0,312331.7,56.75,55.04
CSV,600011,60000,21,20,0,10335,0,0.000000e+00,0.000000e+00,379857.3,120176254976.0,266318.5,56.54,55.00
CSV,605011,60500,21,20,0,10435,0,0.000000e+00,0.000000e+00,345429.5,107980455936.0,227502.5,56.76,54.95
CSV,610011,61000,21,20,0,10535,0,0.000000e+00,0.000000e+00,388055.7,124967124992.0,267192.4,56.70,55.08
CSV,615011,61500,21,20,0,10635,0,0.000000e+00,0.000000e+00,383324.2,137335308288.0,243035.2,57.52,55.54
BER: END_SEQ #21 [LOCK] seq_err=0 BER_seq=0.0000e+00 | lock=21 slip=0 BER_cond=0.0000e+00 BER_cum=0.0000e+00
CSV,620011,62000,21,21,0,10731,0,0.000000e+00,0.000000e+00,371040.3,139593007104.0,241700.6,57.62,55.75
BER: SYNC #22 (gated)
CSV,625011,62500,22,21,0,10758,0,0.000000e+00,0.000000e+00,475117.1,131800399872.0,312678.8,56.25,54.43
CSV,630011,63000,22,21,0,10858,0,0.000000e+00,0.000000e+00,358359.9,111134810112.0,250913.4,56.46,54.92
CSV,635011,63500,22,21,0,10958,0,0.000000e+00,0.000000e+00,389288.8,122907090944.0,259340.5,56.76,54.99
CSV,640011,64000,22,21,0,11058,0,0.000000e+00,0.000000e+00,344299.7,131845070848.0,240612.3,57.39,55.83
CSV,645011,64500,22,21,0,11158,0,0.000000e+00,0.000000e+00,410578.3,128534609920.0,252491.1,57.07,54.96
BER: END_SEQ #22 [LOCK] seq_err=0 BER_seq=0.0000e+00 | lock=22 slip=0 BER_cond=0.0000e+00 BER_cum=0.0000e+00
CSV,650011,65000,22,22,0,11242,0,0.000000e+00,0.000000e+00,335787.8,137276055552.0,250658.1,57.39,56.12
BER: SYNC #23 (gated)
CSV,655011,65500,23,22,0,11281,0,0.000000e+00,0.000000e+00,454230.2,131520503808.0,287849.8,56.60,54.62
CSV,660011,66000,23,22,0,11381,0,0.000000e+00,0.000000e+00,330986.7,111319359488.0,240753.1,56.65,55.27
CSV,665011,66500,23,22,0,11481,0,0.000000e+00,0.000000e+00,377851.2,129192017920.0,248399.8,57.16,55.34
CSV,670011,67000,23,22,0,11581,0,0.000000e+00,0.000000e+00,366064.1,123724562432.0,238935.9,57.14,55.29
CSV,675011,67500,23,22,0,11680,0,0.000000e+00,0.000000e+00,380195.9,137374531584.0,263788.9,57.17,55.58
BER: END_SEQ #23 [LOCK] seq_err=0 BER_seq=0.0000e+00 | lock=23 slip=0 BER_cond=0.0000e+00 BER_cum=0.0000e+00
CSV,680011,68000,23,23,0,11753,0,0.000000e+00,0.000000e+00,384644.3,135210016768.0,246000.8,57.40,55.46
BER: SYNC #24 (gated)
CSV,685011,68500,24,23,0,11804,0,0.000000e+00,0.000000e+00,416638.4,128043433984.0,273029.5,56.71,54.88
CSV,690011,69000,24,23,0,11903,0,0.000000e+00,0.000000e+00,317452.7,105901891584.0,207442.4,57.08,55.23
CSV,695011,69500,24,23,0,12003,0,0.000000e+00,0.000000e+00,386939.4,137083904000.0,248985.7,57.41,55.49
CSV,700011,70000,24,23,0,12103,0,0.000000e+00,0.000000e+00,367752.6,129869643776.0,245086.1,57.24,55.48
CSV,705011,70500,24,23,0,12203,0,0.000000e+00,0.000000e+00,383683.7,127792701440.0,259011.2,56.93,55.23
BER: END_SEQ #24 [LOCK] seq_err=0 BER_seq=0.0000e+00 | lock=24 slip=0 BER_cond=0.0000e+00 BER_cum=0.0000e+00
CSV,710011,71000,24,24,0,12264,0,0.000000e+00,0.000000e+00,427538.7,135490347008.0,249965.1,57.34,55.01
BER: SYNC #25 (gated)
CSV,715011,71500,25,24,0,12326,0,0.000000e+00,0.000000e+00,398603.8,137584558080.0,265777.5,57.14,55.38
CSV,720011,72000,25,24,0,12426,0,0.000000e+00,0.000000e+00,369033.8,101886984192.0,232121.7,56.42,54.41
CSV,725011,72500,25,24,0,12526,0,0.000000e+00,0.000000e+00,379001.1,125112852480.0,230104.0,57.35,55.19
CSV,730011,73000,25,24,0,12626,0,0.000000e+00,0.000000e+00,364514.4,136395227136.0,248380.6,57.40,55.73
CSV,735011,73500,25,24,0,12726,0,0.000000e+00,0.000000e+00,384546.5,130385256448.0,253270.4,57.12,55.30
BER: END_SEQ #25 [LOCK] seq_err=0 BER_seq=0.0000e+00 | lock=25 slip=0 BER_cond=0.0000e+00 BER_cum=0.0000e+00
CSV,740011,74000,25,25,0,12775,0,0.000000e+00,0.000000e+00,455712.0,137415032832.0,278498.6,56.93,54.79
BER: SYNC #26 (gated)
CSV,745011,74500,26,25,0,12849,0,0.000000e+00,0.000000e+00,388134.1,134489980928.0,244821.1,57.40,55.40
CSV,750011,75000,26,25,0,12949,0,0.000000e+00,0.000000e+00,369621.8,102030843904.0,240169.7,56.28,54.41
CSV,755011,75500,26,25,0,13049,0,0.000000e+00,0.000000e+00,367192.4,124778283008.0,245355.8,57.06,55.31
CSV,760011,76000,26,25,0,13149,0,0.000000e+00,0.000000e+00,393910.5,145497407488.0,256559.9,57.54,55.67
CSV,765011,76500,26,25,0,13249,0,0.000000e+00,0.000000e+00,346029.9,121652412416.0,247753.4,56.91,55.46
BER: END_SEQ #26 [LOCK] seq_err=0 BER_seq=0.0000e+00 | lock=26 slip=0 BER_cond=0.0000e+00 BER_cum=0.0000e+00
CSV,770011,77000,26,26,0,13286,0,0.000000e+00,0.000000e+00,459237.6,133355159552.0,313886.4,56.28,54.63
BER: SYNC #27 (gated)
CSV,775011,77500,27,26,0,13372,0,0.000000e+00,0.000000e+00,365848.1,134130073600.0,240140.5,57.47,55.64
CSV,780011,78000,27,26,0,13471,0,0.000000e+00,0.000000e+00,343768.0,108197912576.0,232000.6,56.69,54.98
CSV,785011,78500,27,26,0,13572,0,0.000000e+00,0.000000e+00,360992.1,123582226432.0,245634.2,57.02,55.34
CSV,790011,79000,27,26,0,13671,0,0.000000e+00,0.000000e+00,376086.0,132776919040.0,253869.8,57.19,55.48
CSV,795011,79500,27,26,0,13771,0,0.000000e+00,0.000000e+00,353045.6,132684849152.0,249110.7,57.26,55.75
BER: END_SEQ #27 [LOCK] seq_err=0 BER_seq=0.0000e+00 | lock=27 slip=0 BER_cond=0.0000e+00 BER_cum=0.0000e+00
CSV,800011,80000,27,27,0,13797,0,0.000000e+00,0.000000e+00,470126.8,140077760512.0,307083.4,56.59,54.74
BER: SYNC #28 (gated)
CSV,805011,80500,28,27,0,13894,0,0.000000e+00,0.000000e+00,346517.1,125037756416.0,260162.8,56.82,55.57
CSV,810011,81000,28,27,0,13994,0,0.000000e+00,0.000000e+00,358970.5,98233376768.0,241169.1,56.10,54.37
CSV,815011,81500,28,27,0,14094,0,0.000000e+00,0.000000e+00,369275.5,133245435904.0,258107.6,57.13,55.57
CSV,820011,82000,28,27,0,14194,0,0.000000e+00,0.000000e+00,376879.2,132703559680.0,251432.2,57.22,55.47
CSV,825011,82500,28,27,0,14294,0,0.000000e+00,0.000000e+00,370916.2,131868655616.0,242227.2,57.36,55.51
BER: END_SEQ #28 [LOCK] seq_err=0 BER_seq=0.0000e+00 | lock=28 slip=0 BER_cond=0.0000e+00 BER_cum=0.0000e+00
BER: SYNC #29 (gated)
CSV,830011,83000,29,28,0,14317,0,0.000000e+00,0.000000e+00,470301.9,133112135680.0,316309.3,56.24,54.52
CSV,835011,83500,29,28,0,14417,0,0.000000e+00,0.000000e+00,392163.1,130125250560.0,262326.3,56.96,55.21
CSV,840011,84000,29,28,0,14517,0,0.000000e+00,0.000000e+00,350470.4,106760380416.0,223211.8,56.80,54.84
CSV,845011,84500,29,28,0,14617,0,0.000000e+00,0.000000e+00,347682.8,123016036352.0,249997.9,56.92,55.49
CSV,850011,85000,29,28,0,14717,0,0.000000e+00,0.000000e+00,383979.0,134871261184.0,244146.4,57.42,55.46
CSV,855011,85500,29,28,0,14817,0,0.000000e+00,0.000000e+00,332923.3,135101685760.0,213544.7,58.01,56.08
BER: END_SEQ #29 [LOCK] seq_err=0 BER_seq=0.0000e+00 | lock=29 slip=0 BER_cond=0.0000e+00 BER_cum=0.0000e+00
BER: SYNC #30 (gated)
CSV,860011,86000,30,29,0,14840,0,0.000000e+00,0.000000e+00,483766.9,136509497344.0,320177.8,56.30,54.51
CSV,865011,86500,30,29,0,14940,0,0.000000e+00,0.000000e+00,358394.0,118238298112.0,252997.7,56.70,55.18
CSV,870011,87000,30,29,0,15040,0,0.000000e+00,0.000000e+00,351879.6,105965920256.0,256593.4,56.16,54.79
CSV,875011,87500,30,29,0,15140,0,0.000000e+00,0.000000e+00,363244.7,132436606976.0,252840.4,57.19,55.62
CSV,880011,88000,30,29,0,15239,0,0.000000e+00,0.000000e+00,371246.9,132641316864.0,257505.1,57.12,55.53
BER: END_SEQ #30 [LOCK] seq_err=0 BER_seq=0.0000e+00 | lock=30 slip=0 BER_cond=0.0000e+00 BER_cum=0.0000e+00
CSV,885011,88500,30,30,0,15330,0,0.000000e+00,0.000000e+00,348179.8,137221308416.0,260713.0,57.21,55.96
BER: SYNC #31 (gated)
CSV,890011,89000,31,30,0,15362,0,0.000000e+00,0.000000e+00,460681.6,126767603712.0,327012.0,55.88,54.40
CSV,895011,89500,31,30,0,15462,0,0.000000e+00,0.000000e+00,310200.0,111809863680.0,250031.4,56.50,55.57
CSV,900011,90000,31,30,0,15562,0,0.000000e+00,0.000000e+00,372796.5,130483085312.0,279885.9,56.69,55.44
CSV,905011,90500,31,30,0,15662,0,0.000000e+00,0.000000e+00,388966.5,126886592512.0,255624.4,56.96,55.14
CSV,910011,91000,31,30,0,15762,0,0.000000e+00,0.000000e+00,364293.6,122202365952.0,235500.4,57.15,55.26
BER: END_SEQ #31 [LOCK] seq_err=0 BER_seq=0.0000e+00 | lock=31 slip=0 BER_cond=0.0000e+00 BER_cum=0.0000e+00
CSV,915011,91500,31,31,0,15841,0,0.000000e+00,0.000000e+00,406021.1,139705679872.0,258864.9,57.32,55.37
BER: SYNC #32 (gated)
CSV,920011,92000,32,31,0,15885,0,0.000000e+00,0.000000e+00,431020.6,129756463104.0,305708.8,56.28,54.79
CSV,925011,92500,32,31,0,15985,0,0.000000e+00,0.000000e+00,331683.1,106376331264.0,236900.9,56.52,55.06
CSV,930011,93000,32,31,0,16085,0,0.000000e+00,0.000000e+00,407109.7,129099358208.0,281124.7,56.62,55.01
CSV,935011,93500,32,31,0,16185,0,0.000000e+00,0.000000e+00,347163.0,127781642240.0,230031.4,57.45,55.66
CSV,940011,94000,32,31,0,16285,0,0.000000e+00,0.000000e+00,373737.5,136456093696.0,240705.0,57.54,55.62
BER: END_SEQ #32 [LOCK] seq_err=0 BER_seq=0.0000e+00 | lock=32 slip=0 BER_cond=0.0000e+00 BER_cum=0.0000e+00
CSV,945011,94500,32,32,0,16352,0,0.000000e+00,0.000000e+00,395099.2,128494911488.0,255137.7,57.02,55.12
BER: SYNC #33 (gated)
CSV,950011,95000,33,32,0,16408,0,0.000000e+00,0.000000e+00,417941.3,127208259584.0,269335.7,56.74,54.83
CSV,955011,95500,33,32,0,16508,0,0.000000e+00,0.000000e+00,354214.3,105446129664.0,229567.4,56.62,54.74
CSV,960011,96000,33,32,0,16608,0,0.000000e+00,0.000000e+00,375939.8,129790394368.0,262625.7,56.94,55.38
CSV,965011,96500,33,32,0,16708,0,0.000000e+00,0.000000e+00,378515.8,137308102656.0,226824.9,57.82,55.60
CSV,970011,97000,33,32,0,16808,0,0.000000e+00,0.000000e+00,352044.8,118927630336.0,238201.7,56.98,55.29
BER: END_SEQ #33 [LOCK] seq_err=0 BER_seq=0.0000e+00 | lock=33 slip=0 BER_cond=0.0000e+00 BER_cum=0.0000e+00
CSV,975011,97500,33,33,0,16863,0,0.000000e+00,0.000000e+00,403589.4,138978459648.0,256040.2,57.35,55.37
BER: SYNC #34 (gated)
CSV,980011,98000,34,33,0,16931,0,0.000000e+00,0.000000e+00,393203.8,139228430336.0,268389.4,57.15,55.49
CSV,985011,98500,34,33,0,17031,0,0.000000e+00,0.000000e+00,327517.4,98588450816.0,238661.4,56.16,54.79
CSV,990011,99000,34,33,0,17131,0,0.000000e+00,0.000000e+00,364997.2,124076539904.0,254111.0,56.89,55.31
CSV,995011,99500,34,33,0,17230,0,0.000000e+00,0.000000e+00,400673.2,136962834432.0,246012.9,57.46,55.34
CSV,1000011,100000,34,33,0,17330,0,0.000000e+00,0.000000e+00,367823.2,126411317248.0,241953.9,57.18,55.36
BER: END_SEQ #34 [LOCK] seq_err=0 BER_seq=0.0000e+00 | lock=34 slip=0 BER_cond=0.0000e+00 BER_cum=0.0000e+00
CSV,1005011,100500,34,34,0,17374,0,0.000000e+00,0.000000e+00,462296.1,138208919552.0,303638.8,56.58,54.76
BER: SYNC #35 (gated)
CSV,1010011,101000,35,34,0,17453,0,0.000000e+00,0.000000e+00,359209.0,133464989696.0,235168.1,57.54,55.70
CSV,1015011,101500,35,34,0,17553,0,0.000000e+00,0.000000e+00,361897.1,105673375744.0,230818.2,56.61,54.65
CSV,1020011,102000,35,34,0,17653,0,0.000000e+00,0.000000e+00,378114.0,120903172096.0,276776.9,56.40,55.05
CSV,1025011,102500,35,34,0,17753,0,0.000000e+00,0.000000e+00,370862.9,144854843392.0,268550.8,57.32,55.92
CSV,1030011,103000,35,34,0,17853,0,0.000000e+00,0.000000e+00,384736.5,122916429824.0,248840.7,56.94,55.04
BER: END_SEQ #35 [LOCK] seq_err=0 BER_seq=0.0000e+00 | lock=35 slip=0 BER_cond=0.0000e+00 BER_cum=0.0000e+00
CSV,1035011,103500,35,35,0,17885,0,0.000000e+00,0.000000e+00,486425.0,139776638976.0,303738.0,56.63,54.58
BER: SYNC #36 (gated)
CSV,1040011,104000,36,35,0,17976,0,0.000000e+00,0.000000e+00,385033.2,128026361856.0,253474.4,57.03,55.22
CSV,1045011,104500,36,35,0,18076,0,0.000000e+00,0.000000e+00,344472.8,104233558016.0,224642.2,56.67,54.81
CSV,1050011,105000,36,35,0,18176,0,0.000000e+00,0.000000e+00,365510.8,126484840448.0,260041.5,56.87,55.39
CSV,1055011,105500,36,35,0,18276,0,0.000000e+00,0.000000e+00,374255.8,131015966720.0,278030.6,56.73,55.44
CSV,1060011,106000,36,35,0,18376,0,0.000000e+00,0.000000e+00,343695.4,132085653504.0,229705.1,57.60,55.85
BER: END_SEQ #36 [LOCK] seq_err=0 BER_seq=0.0000e+00 | lock=36 slip=0 BER_cond=0.0000e+00 BER_cum=0.0000e+00
BER: SYNC #37 (gated)
CSV,1065011,106500,37,36,0,18399,0,0.000000e+00,0.000000e+00,471676.3,138305568768.0,315654.1,56.42,54.67
CSV,1070011,107000,37,36,0,18499,0,0.000000e+00,0.000000e+00,371076.5,129394155520.0,241236.7,57.29,55.42
CSV,1075011,107500,37,36,0,18599,0,0.000000e+00,0.000000e+00,314699.5,99861561344.0,213895.2,56.69,55.02
CSV,1080011,108000,37,36,0,18699,0,0.000000e+00,0.000000e+00,359329.3,134098460672.0,214657.2,57.96,55.72
CSV,1085011,108500,37,36,0,18799,0,0.000000e+00,0.000000e+00,394521.1,132623581184.0,272745.3,56.87,55.27
CSV,1090011,109000,37,36,0,18899,0,0.000000e+00,0.000000e+00,325132.2,126554660864.0,228836.8,57.43,55.90
BER: END_SEQ #37 [LOCK] seq_err=0 BER_seq=0.0000e+00 | lock=37 slip=0 BER_cond=0.0000e+00 BER_cum=0.0000e+00
BER: SYNC #38 (gated)
CSV,1095011,109500,38,37,0,18922,0,0.000000e+00,0.000000e+00,472108.8,143709339648.0,304850.2,56.73,54.83
CSV,1100011,110000,38,37,0,19021,0,0.000000e+00,0.000000e+00,343245.3,123833180160.0,239145.0,57.14,55.57
CSV,1105011,110500,38,37,0,19121,0,0.000000e+00,0.000000e+00,316409.1,107204706304.0,209489.6,57.09,55.30
CSV,1110011,111000,38,37,0,19221,0,0.000000e+00,0.000000e+00,374578.1,123681628160.0,260700.0,56.76,55.19
CSV,1115011,111500,38,37,0,19321,0,0.000000e+00,0.000000e+00,370251.1,133313003520.0,252329.2,57.23,55.56
BER: END_SEQ #38 [LOCK] seq_err=0 BER_seq=0.0000e+00 | lock=38 slip=0 BER_cond=0.0000e+00 BER_cum=0.0000e+00
CSV,1120011,112000,38,38,0,19418,0,0.000000e+00,0.000000e+00,391379.1,140717735936.0,235306.6,57.77,55.56
BER: SYNC #39 (gated)
CSV,1125011,112500,39,38,0,19444,0,0.000000e+00,0.000000e+00,473982.9,134707101696.0,304547.5,56.46,54.54
CSV,1130011,113000,39,38,0,19544,0,0.000000e+00,0.000000e+00,378789.1,109897924608.0,227281.3,56.84,54.63
CSV,1135011,113500,39,38,0,19644,0,0.000000e+00,0.000000e+00,364820.0,116064739328.0,235024.3,56.94,55.03
CSV,1140011,114000,39,38,0,19744,0,0.000000e+00,0.000000e+00,361649.8,134737100800.0,248326.0,57.34,55.71
CSV,1145011,114500,39,38,0,19844,0,0.000000e+00,0.000000e+00,370348.2,131470712832.0,262683.5,56.99,55.50
BER: END_SEQ #39 [LOCK] seq_err=0 BER_seq=0.0000e+00 | lock=39 slip=0 BER_cond=0.0000e+00 BER_cum=0.0000e+00
CSV,1150011,115000,39,39,0,19929,0,0.000000e+00,0.000000e+00,378382.7,134514753536.0,259739.5,57.14,55.51
BER: SYNC #40 (gated)
CSV,1155011,115500,40,39,0,19967,0,0.000000e+00,0.000000e+00,464044.1,125417611264.0,310528.8,56.06,54.32
CSV,1160011,116000,40,39,0,20067,0,0.000000e+00,0.000000e+00,324768.9,113260085248.0,221968.0,57.08,55.43
CSV,1165011,116500,40,39,0,20167,0,0.000000e+00,0.000000e+00,379725.8,131415244800.0,241627.0,57.36,55.39
CSV,1170011,117000,40,39,0,20267,0,0.000000e+00,0.000000e+00,359431.2,124232122368.0,232046.4,57.29,55.39
CSV,1175011,117500,40,39,0,20367,0,0.000000e+00,0.000000e+00,377049.0,132237590528.0,263274.3,57.01,55.45
BER: END_SEQ #40 [LOCK] seq_err=0 BER_seq=0.0000e+00 | lock=40 slip=0 BER_cond=0.0000e+00 BER_cum=0.0000e+00
CSV,1180011,118000,40,40,0,20440,0,0.000000e+00,0.000000e+00,360706.2,136602058752.0,242483.2,57.51,55.78
BER: SYNC #41 (gated)
CSV,1185011,118500,41,40,0,20489,0,0.000000e+00,0.000000e+00,412404.0,131132194816.0,273123.0,56.81,55.02
CSV,1190011,119000,41,40,0,20590,0,0.000000e+00,0.000000e+00,320638.6,105943326720.0,210337.3,57.02,55.19
CSV,1195011,119500,41,40,0,20690,0,0.000000e+00,0.000000e+00,400183.3,129234542592.0,249052.8,57.15,55.09
CSV,1200011,120000,41,40,0,20789,0,0.000000e+00,0.000000e+00,376451.1,131451027456.0,257836.2,57.07,55.43
CSV,1205011,120500,41,40,0,20889,0,0.000000e+00,0.000000e+00,376785.8,130344747008.0,263756.5,56.94,55.39
BER: END_SEQ #41 [LOCK] seq_err=0 BER_seq=0.0000e+00 | lock=41 slip=0 BER_cond=0.0000e+00 BER_cum=0.0000e+00
CSV,1210011,121000,41,41,0,20951,0,0.000000e+00,0.000000e+00,437050.5,130478604288.0,269230.2,56.85,54.75
BER: SYNC #42 (gated)
CSV,1215011,121500,42,41,0,21012,0,0.000000e+00,0.000000e+00,388993.8,130631565312.0,244429.0,57.28,55.26
CSV,1220011,122000,42,41,0,21112,0,0.000000e+00,0.000000e+00,355158.4,105232498688.0,220177.1,56.79,54.72
CSV,1225011,122500,42,41,0,21212,0,0.000000e+00,0.000000e+00,362768.7,126271471616.0,248410.1,57.06,55.42
CSV,1230011,123000,42,41,0,21312,0,0.000000e+00,0.000000e+00,353366.0,132973789184.0,269637.8,56.93,55.76
CSV,1235011,123500,42,41,0,21412,0,0.000000e+00,0.000000e+00,396144.5,123207352320.0,287129.0,56.33,54.93
BER: END_SEQ #42 [LOCK] seq_err=0 BER_seq=0.0000e+00 | lock=42 slip=0 BER_cond=0.0000e+00 BER_cum=0.0000e+00
CSV,1240011,124000,42,42,0,21462,0,0.000000e+00,0.000000e+00,475798.1,141732085760.0,319232.2,56.47,54.74
BER: SYNC #43 (gated)
CSV,1245011,124500,43,42,0,21535,0,0.000000e+00,0.000000e+00,394434.3,136906391552.0,256228.1,57.28,55.40
CSV,1250011,125000,43,42,0,21635,0,0.000000e+00,0.000000e+00,301268.8,100517552128.0,214448.6,56.71,55.23
CSV,1255011,125500,43,42,0,21735,0,0.000000e+00,0.000000e+00,347684.5,116512317440.0,218747.6,57.26,55.25
CSV,1260011,126000,43,42,0,21835,0,0.000000e+00,0.000000e+00,393009.0,148137787392.0,245488.3,57.81,55.76
CSV,1265011,126500,43,42,0,21935,0,0.000000e+00,0.000000e+00,341140.6,122325983232.0,244600.7,56.99,55.55
BER: END_SEQ #43 [LOCK] seq_err=0 BER_seq=0.0000e+00 | lock=43 slip=0 BER_cond=0.0000e+00 BER_cum=0.0000e+00
CSV,1270011,127000,43,43,0,21973,0,0.000000e+00,0.000000e+00,474572.5,133826158592.0,311828.2,56.33,54.50
BER: SYNC #44 (gated)
CSV,1275011,127500,44,43,0,22058,0,0.000000e+00,0.000000e+00,329806.9,129952153600.0,221301.2,57.69,55.96
CSV,1280011,128000,44,43,0,22158,0,0.000000e+00,0.000000e+00,329003.6,109501038592.0,225445.6,56.86,55.22
CSV,1285011,128500,44,43,0,22258,0,0.000000e+00,0.000000e+00,376070.4,124792430592.0,235974.7,57.23,55.21
CSV,1290011,129000,44,43,0,22357,0,0.000000e+00,0.000000e+00,378059.1,134672474112.0,246891.4,57.37,55.52
CSV,1295011,129500,44,43,0,22457,0,0.000000e+00,0.000000e+00,371602.6,126698741760.0,245269.5,57.13,55.33
BER: END_SEQ #44 [LOCK] seq_err=0 BER_seq=0.0000e+00 | lock=44 slip=0 BER_cond=0.0000e+00 BER_cum=0.0000e+00
CSV,1300011,130000,44,44,0,22484,0,0.000000e+00,0.000000e+00,484148.0,141976354816.0,308224.1,56.63,54.67
BER: SYNC #45 (gated)
CSV,1305011,130500,45,44,0,22580,0,0.000000e+00,0.000000e+00,381032.3,129482817536.0,239649.4,57.33,55.31
CSV,1310011,131000,45,44,0,22680,0,0.000000e+00,0.000000e+00,343830.9,97848696832.0,226191.1,56.36,54.54
CSV,1315011,131500,45,44,0,22780,0,0.000000e+00,0.000000e+00,389230.1,129595736064.0,251903.6,57.11,55.22
CSV,1320011,132000,45,44,0,22880,0,0.000000e+00,0.000000e+00,386698.5,132509884416.0,273272.1,56.86,55.35
CSV,1325011,132500,45,44,0,22980,0,0.000000e+00,0.000000e+00,342119.3,135444176896.0,241003.6,57.50,55.98
BER: END_SEQ #45 [LOCK] seq_err=0 BER_seq=0.0000e+00 | lock=45 slip=0 BER_cond=0.0000e+00 BER_cum=0.0000e+00
BER: SYNC #46 (gated)
CSV,1330011,133000,46,45,0,23003,0,0.000000e+00,0.000000e+00,464553.4,134200434688.0,300725.0,56.50,54.61
CSV,1335011,133500,46,45,0,23103,0,0.000000e+00,0.000000e+00,372019.2,126356897792.0,242840.9,57.16,55.31
CSV,1340011,134000,46,45,0,23203,0,0.000000e+00,0.000000e+00,323293.1,106330923008.0,210335.1,57.04,55.17
CSV,1345011,134500,46,45,0,23303,0,0.000000e+00,0.000000e+00,369075.0,129406091264.0,236469.9,57.38,55.45
CSV,1350011,135000,46,45,0,23403,0,0.000000e+00,0.000000e+00,381646.1,132447002624.0,244773.5,57.33,55.40
CSV,1355011,135500,46,45,0,23503,0,0.000000e+00,0.000000e+00,332380.8,132253425664.0,216310.5,57.86,56.00
BER: END_SEQ #46 [LOCK] seq_err=0 BER_seq=0.0000e+00 | lock=46 slip=0 BER_cond=0.0000e+00 BER_cum=0.0000e+00
BER: SYNC #47 (gated)
CSV,1360011,136000,47,46,0,23526,0,0.000000e+00,0.000000e+00,485948.4,134254510080.0,306610.6,56.41,54.41
CSV,1365011,136500,47,46,0,23626,0,0.000000e+00,0.000000e+00,377265.5,121738936320.0,256746.6,56.76,55.09
CSV,1370011,137000,47,46,0,23726,0,0.000000e+00,0.000000e+00,337182.8,107967094784.0,236493.3,56.59,55.05
CSV,1375011,137500,47,46,0,23826,0,0.000000e+00,0.000000e+00,377713.7,128345448448.0,257921.1,56.97,55.31
CSV,1380011,138000,47,46,0,23926,0,0.000000e+00,0.000000e+00,379968.6,131553722368.0,247006.2,57.26,55.39
BER: END_SEQ #47 [LOCK] seq_err=0 BER_seq=0.0000e+00 | lock=47 slip=0 BER_cond=0.0000e+00 BER_cum=0.0000e+00
CSV,1385011,138500,47,47,0,24017,0,0.000000e+00,0.000000e+00,371040.5,138062479360.0,238938.0,57.62,55.71
BER: SYNC #48 (gated)
CSV,1390011,139000,48,47,0,24048,0,0.000000e+00,0.000000e+00,475520.4,129996554240.0,302168.0,56.34,54.37
CSV,1395011,139500,48,47,0,24148,0,0.000000e+00,0.000000e+00,354108.5,108563210240.0,237212.6,56.61,54.87
CSV,1400011,140000,48,47,0,24249,0,0.000000e+00,0.000000e+00,376481.6,128324313088.0,243631.3,57.22,55.33
CSV,1405011,140500,48,47,0,24348,0,0.000000e+00,0.000000e+00,356438.8,130835595264.0,242908.1,57.31,55.65
CSV,1410011,141000,48,47,0,24448,0,0.000000e+00,0.000000e+00,388434.9,122314031104.0,243700.1,57.01,54.98
BER: END_SEQ #48 [LOCK] seq_err=0 BER_seq=0.0000e+00 | lock=48 slip=0 BER_cond=0.0000e+00 BER_cum=0.0000e+00
CSV,1415011,141500,48,48,0,24528,0,0.000000e+00,0.000000e+00,367686.1,136609693696.0,250696.8,57.36,55.70
BER: SYNC #49 (gated)
CSV,1420011,142000,49,48,0,24571,0,0.000000e+00,0.000000e+00,416142.4,125895761920.0,273461.9,56.63,54.81
CSV,1425011,142500,49,48,0,24671,0,0.000000e+00,0.000000e+00,321528.1,111326257152.0,223971.2,56.96,55.39
CSV,1430011,143000,49,48,0,24771,0,0.000000e+00,0.000000e+00,386448.2,131622920192.0,273441.4,56.82,55.32
CSV,1435011,143500,49,48,0,24871,0,0.000000e+00,0.000000e+00,372393.8,124152561664.0,234343.1,57.24,55.23
CSV,1440011,144000,49,48,0,24971,0,0.000000e+00,0.000000e+00,408045.9,134543491072.0,254337.8,57.23,55.18
BER: END_SEQ #49 [LOCK] seq_err=0 BER_seq=0.0000e+00 | lock=49 slip=0 BER_cond=0.0000e+00 BER_cum=0.0000e+00
CSV,1445011,144500,49,49,0,25039,0,0.000000e+00,0.000000e+00,436738.3,134202638336.0,271294.5,56.94,54.88
BER: SYNC #50 (gated)
CSV,1450011,145000,50,49,0,25094,0,0.000000e+00,0.000000e+00,412470.3,126670815232.0,312272.1,56.08,54.87
CSV,1455011,145500,50,49,0,25194,0,0.000000e+00,0.000000e+00,348363.8,103920410624.0,221713.6,56.71,54.75
CSV,1460011,146000,50,49,0,25294,0,0.000000e+00,0.000000e+00,384765.9,127125921792.0,275088.2,56.65,55.19
CSV,1465011,146500,50,49,0,25394,0,0.000000e+00,0.000000e+00,364573.5,138387161088.0,237930.5,57.65,55.79
CSV,1470011,147000,50,49,0,25494,0,0.000000e+00,0.000000e+00,362939.5,121127387136.0,229322.0,57.23,55.23
BER: END_SEQ #50 [LOCK] seq_err=0 BER_seq=0.0000e+00 | lock=50 slip=0 BER_cond=0.0000e+00 BER_cum=0.0000e+00
CSV,1475011,147500,50,50,0,25550,0,0.000000e+00,0.000000e+00,434018.3,134145196032.0,274537.1,56.89,54.90
BER: SYNC #51 (gated)
CSV,1480011,148000,51,50,0,25617,0,0.000000e+00,0.000000e+00,386984.4,132475461632.0,258439.7,57.10,55.34
CSV,1485011,148500,51,50,0,25716,0,0.000000e+00,0.000000e+00,318525.3,101773197312.0,236184.4,56.34,55.04
CSV,1490011,149000,51,50,0,25816,0,0.000000e+00,0.000000e+00,345457.9,124645171200.0,255555.3,56.88,55.57
CSV,1495011,149500,51,50,0,25917,0,0.000000e+00,0.000000e+00,422391.0,135822426112.0,267108.6,57.06,55.07
CSV,1500011,150000,51,50,0,26016,0,0.000000e+00,0.000000e+00,342740.3,122577166336.0,237017.9,57.14,55.53
BER: END_SEQ #51 [LOCK] seq_err=0 BER_seq=0.0000e+00 | lock=51 slip=0 BER_cond=0.0000e+00 BER_cum=0.0000e+00
CSV,1505011,150500,51,51,0,26061,0,0.000000e+00,0.000000e+00,447974.5,142104788992.0,311852.6,56.59,55.01

=========================================
=== END OF TEST (duration=25 min) ===
=========================================
FINAL: syncs=51 lock=51 slip=0 slip_rate=0.0000
FINAL: bits_cum=26061 err_cum=0 BER_cum=0.0000e+00
FINAL: bits_lock=26061 err_lock=0 BER_cond=0.0000e+00
=========================================
=== STOP LOGGING NOW ===
=========================================
