

=== RX BOOT - BER TEST MODE ===
MOD=OOK (20 kHz carrier, adaptive threshold)
BPS_MODE=40 (HALF_SAMPLES=1000, 5000 samples/bit @ 200000 Hz)
Expect: 64-bit preamble + Barker13 (1F35h, gated by 8 preamble bits = 0x55) + 511-bit PRBS-9
Noise floor band: 5000 Hz; lock threshold: BER<0.10
Auto-stop: test will halt 25 min after the first sync.
RX: edge-tracking sync, center-3 voting
Starting decoder...

BER: SYNC #1 (gated)
CSV,5008,1000,1,0,0,156,0,0.000000e+00,0.000000e+00,15480.4,26966280.0,38903.3,28.41,32.41
CSV,10008,2000,1,0,0,356,0,0.000000e+00,0.000000e+00,15523.2,30524560.0,37187.8,29.14,32.94
BER: END_SEQ #1 [LOCK] seq_err=0 BER_seq=0.0000e+00 | lock=1 slip=0 BER_cond=0.0000e+00 BER_cum=0.0000e+00
CSV,15008,3000,1,1,0,511,0,0.000000e+00,0.000000e+00,15227.6,30091616.0,38365.4,28.95,32.96
BER: SYNC #2 (gated)
CSV,20008,4000,2,1,0,679,0,0.000000e+00,0.000000e+00,16412.9,27281658.0,42486.9,28.08,32.21
CSV,25008,5000,2,1,0,879,0,0.000000e+00,0.000000e+00,15183.6,30243218.0,36905.7,29.14,32.99
BER: END_SEQ #2 [LOCK] seq_err=0 BER_seq=0.0000e+00 | lock=2 slip=0 BER_cond=0.0000e+00 BER_cum=0.0000e+00
CSV,30008,6000,2,2,0,1022,0,0.000000e+00,0.000000e+00,15985.5,30395248.0,39385.4,28.87,32.79
BER: SYNC #3 (gated)
CSV,35008,7000,3,2,0,1202,0,0.000000e+00,0.000000e+00,14880.1,28306664.0,35954.5,28.96,32.79
CSV,40008,8000,3,2,0,1402,0,0.000000e+00,0.000000e+00,14375.2,30550532.0,37784.7,29.08,33.27
BER: END_SEQ #3 [LOCK] seq_err=0 BER_seq=0.0000e+00 | lock=3 slip=0 BER_cond=0.0000e+00 BER_cum=0.0000e+00
CSV,45008,9000,3,3,0,1533,0,0.000000e+00,0.000000e+00,16287.0,30552760.0,41456.7,28.67,32.73
BER: SYNC #4 (gated)
CSV,50008,10000,4,3,0,1724,0,0.000000e+00,0.000000e+00,14119.2,26547932.0,37166.2,28.54,32.74
CSV,55008,11000,4,3,0,1924,0,0.000000e+00,0.000000e+00,15789.7,29733186.0,39350.7,28.78,32.75
BER: END_SEQ #4 [LOCK] seq_err=0 BER_seq=0.0000e+00 | lock=4 slip=0 BER_cond=0.0000e+00 BER_cum=0.0000e+00
BER: SYNC #5 (gated)
CSV,60008,12000,5,4,0,2047,0,0.000000e+00,0.000000e+00,15977.7,31231824.0,38398.1,29.10,32.91
CSV,65008,13000,5,4,0,2247,0,0.000000e+00,0.000000e+00,15478.0,26245562.0,37359.3,28.47,32.29
CSV,70008,14000,5,4,0,2447,0,0.000000e+00,0.000000e+00,15532.7,30684164.0,37233.9,29.16,32.96
BER: END_SEQ #5 [LOCK] seq_err=0 BER_seq=0.0000e+00 | lock=5 slip=0 BER_cond=0.0000e+00 BER_cum=0.0000e+00
BER: SYNC #6 (gated)
CSV,75008,15000,6,5,0,2570,0,0.000000e+00,0.000000e+00,15821.5,31027036.0,35413.9,29.43,32.92
CSV,80008,16000,6,5,0,2770,0,0.000000e+00,0.000000e+00,15718.6,26522854.0,38478.9,28.38,32.27
CSV,85008,17000,6,5,0,2970,0,0.000000e+00,0.000000e+00,14727.1,29016012.0,39189.5,28.69,32.95
BER: END_SEQ #6 [LOCK] seq_err=0 BER_seq=0.0000e+00 | lock=6 slip=0 BER_cond=0.0000e+00 BER_cum=0.0000e+00
BER: SYNC #7 (gated)
CSV,90008,18000,7,6,0,3093,0,0.000000e+00,0.000000e+00,15832.8,31678772.0,40242.7,28.96,33.01
CSV,95008,19000,7,6,0,3293,0,0.000000e+00,0.000000e+00,15257.1,25510806.0,38308.7,28.23,32.23
CSV,100008,20000,7,6,0,3493,0,0.000000e+00,0.000000e+00,16391.9,29897634.0,41064.5,28.62,32.61
BER: END_SEQ #7 [LOCK] seq_err=0 BER_seq=0.0000e+00 | lock=7 slip=0 BER_cond=0.0000e+00 BER_cum=0.0000e+00
BER: SYNC #8 (gated)
CSV,105008,21000,8,7,0,3616,0,0.000000e+00,0.000000e+00,15787.0,29285588.0,36248.2,29.07,32.68
CSV,110008,22000,8,7,0,3815,0,0.000000e+00,0.000000e+00,16103.5,27475918.0,36686.1,28.74,32.32
CSV,115008,23000,8,7,0,4015,0,0.000000e+00,0.000000e+00,15758.8,28554502.0,39997.9,28.54,32.58
BER: END_SEQ #8 [LOCK] seq_err=0 BER_seq=0.0000e+00 | lock=8 slip=0 BER_cond=0.0000e+00 BER_cum=0.0000e+00
BER: SYNC #9 (gated)
CSV,120008,24000,9,8,0,4138,0,0.000000e+00,0.000000e+00,16028.8,30327568.0,35639.6,29.30,32.77
CSV,125008,25000,9,8,0,4338,0,0.000000e+00,0.000000e+00,15621.5,26395054.0,36845.2,28.55,32.28
CSV,130008,26000,9,8,0,4538,0,0.000000e+00,0.000000e+00,14753.2,29418844.0,36602.8,29.05,33.00
BER: END_SEQ #9 [LOCK] seq_err=0 BER_seq=0.0000e+00 | lock=9 slip=0 BER_cond=0.0000e+00 BER_cum=0.0000e+00
BER: SYNC #10 (gated)
CSV,135008,27000,10,9,0,4661,0,0.000000e+00,0.000000e+00,15162.5,29564124.0,39575.9,28.73,32.90
CSV,140008,28000,10,9,0,4861,0,0.000000e+00,0.000000e+00,15088.5,25937926.0,38303.2,28.31,32.35
CSV,145008,29000,10,9,0,5061,0,0.000000e+00,0.000000e+00,15767.6,29294684.0,40978.6,28.54,32.69
BER: END_SEQ #10 [LOCK] seq_err=0 BER_seq=0.0000e+00 | lock=10 slip=0 BER_cond=0.0000e+00 BER_cum=0.0000e+00
BER: SYNC #11 (gated)
CSV,150008,30000,11,10,0,5184,0,0.000000e+00,0.000000e+00,14733.8,30831068.0,36156.6,29.31,33.21
CSV,155008,31000,11,10,0,5384,0,0.000000e+00,0.000000e+00,16158.6,24771198.0,37125.1,28.24,31.86
CSV,160008,32000,11,10,0,5583,0,0.000000e+00,0.000000e+00,14325.0,30147396.0,37622.4,29.04,33.23
BER: END_SEQ #11 [LOCK] seq_err=0 BER_seq=0.0000e+00 | lock=11 slip=0 BER_cond=0.0000e+00 BER_cum=0.0000e+00
BER: SYNC #12 (gated)
CSV,165008,33000,12,11,0,5706,0,0.000000e+00,0.000000e+00,15417.2,29659850.0,36885.2,29.05,32.84
CSV,170008,34000,12,11,0,5906,0,0.000000e+00,0.000000e+00,15171.5,26161056.0,36349.4,28.57,32.37
CSV,175008,35000,12,11,0,6106,0,0.000000e+00,0.000000e+00,15504.0,29701000.0,37869.2,28.94,32.82
BER: END_SEQ #12 [LOCK] seq_err=0 BER_seq=0.0000e+00 | lock=12 slip=0 BER_cond=0.0000e+00 BER_cum=0.0000e+00
BER: SYNC #13 (gated)
CSV,180008,36000,13,12,0,6229,0,0.000000e+00,0.000000e+00,14671.0,30061272.0,36342.4,29.18,33.12
CSV,185008,37000,13,12,0,6429,0,0.000000e+00,0.000000e+00,15908.8,26038114.0,38932.8,28.25,32.14
CSV,190008,38000,13,12,0,6629,0,0.000000e+00,0.000000e+00,16120.1,29535604.0,36906.7,29.03,32.63
BER: END_SEQ #13 [LOCK] seq_err=0 BER_seq=0.0000e+00 | lock=13 slip=0 BER_cond=0.0000e+00 BER_cum=0.0000e+00
BER: SYNC #14 (gated)
CSV,195008,39000,14,13,0,6752,0,0.000000e+00,0.000000e+00,15824.4,29878592.0,40106.0,28.72,32.76
CSV,200008,40000,14,13,0,6952,0,0.000000e+00,0.000000e+00,14490.0,25673718.0,39075.7,28.18,32.48
CSV,205008,41000,14,13,0,7152,0,0.000000e+00,0.000000e+00,15872.6,30487930.0,36512.2,29.22,32.83
BER: END_SEQ #14 [LOCK] seq_err=0 BER_seq=0.0000e+00 | lock=14 slip=0 BER_cond=0.0000e+00 BER_cum=0.0000e+00
BER: SYNC #15 (gated)
CSV,210008,42000,15,14,0,7274,0,0.000000e+00,0.000000e+00,15418.2,28252004.0,38059.6,28.71,32.63
CSV,215008,43000,15,14,0,7474,0,0.000000e+00,0.000000e+00,15541.4,27207598.0,35259.4,28.87,32.43
BER: END_SEQ #15 [LOCK] seq_err=0 BER_seq=0.0000e+00 | lock=15 slip=0 BER_cond=0.0000e+00 BER_cum=0.0000e+00
CSV,220008,44000,15,15,0,7665,0,0.000000e+00,0.000000e+00,16281.8,29868264.0,37853.8,28.97,32.64
BER: SYNC #16 (gated)
CSV,225008,45000,16,15,0,7797,0,0.000000e+00,0.000000e+00,15272.8,27422162.0,38566.4,28.52,32.54
CSV,230008,46000,16,15,0,7997,0,0.000000e+00,0.000000e+00,15494.5,28625752.0,36070.8,29.00,32.67
BER: END_SEQ #16 [LOCK] seq_err=0 BER_seq=0.0000e+00 | lock=16 slip=0 BER_cond=0.0000e+00 BER_cum=0.0000e+00
CSV,235008,47000,16,16,0,8176,0,0.000000e+00,0.000000e+00,15749.0,29842378.0,35613.1,29.23,32.78
BER: SYNC #17 (gated)
CSV,240008,48000,17,16,0,8320,0,0.000000e+00,0.000000e+00,15438.4,25838732.0,38094.6,28.31,32.24
CSV,245008,49000,17,16,0,8520,0,0.000000e+00,0.000000e+00,15069.7,29409622.0,37173.2,28.98,32.90
BER: END_SEQ #17 [LOCK] seq_err=0 BER_seq=0.0000e+00 | lock=17 slip=0 BER_cond=0.0000e+00 BER_cum=0.0000e+00
CSV,250008,50000,17,17,0,8687,0,0.000000e+00,0.000000e+00,15036.4,29651272.0,36977.1,29.04,32.95
BER: SYNC #18 (gated)
CSV,255008,51000,18,17,0,8842,0,0.000000e+00,0.000000e+00,14991.1,26778270.0,35240.3,28.81,32.52
CSV,260008,52000,18,17,0,9043,0,0.000000e+00,0.000000e+00,15158.0,29599472.0,35994.3,29.15,32.91
BER: END_SEQ #18 [LOCK] seq_err=0 BER_seq=0.0000e+00 | lock=18 slip=0 BER_cond=0.0000e+00 BER_cum=0.0000e+00
CSV,265008,53000,18,18,0,9198,0,0.000000e+00,0.000000e+00,14313.7,29388688.0,36708.0,29.03,33.12
BER: SYNC #19 (gated)
CSV,270008,54000,19,18,0,9365,0,0.000000e+00,0.000000e+00,15718.5,25928530.0,37459.5,28.40,32.17
CSV,275008,55000,19,18,0,9565,0,0.000000e+00,0.000000e+00,15036.8,29874882.0,39453.7,28.79,32.98
BER: END_SEQ #19 [LOCK] seq_err=0 BER_seq=0.0000e+00 | lock=19 slip=0 BER_cond=0.0000e+00 BER_cum=0.0000e+00
CSV,280008,56000,19,19,0,9709,0,0.000000e+00,0.000000e+00,15158.7,29228446.0,35820.4,29.12,32.85
BER: SYNC #20 (gated)
CSV,285008,57000,20,19,0,9888,0,0.000000e+00,0.000000e+00,14948.8,27206198.0,37374.0,28.62,32.60
CSV,290008,58000,20,19,0,10088,0,0.000000e+00,0.000000e+00,14906.7,29262146.0,38096.7,28.85,32.93
BER: END_SEQ #20 [LOCK] seq_err=0 BER_seq=0.0000e+00 | lock=20 slip=0 BER_cond=0.0000e+00 BER_cum=0.0000e+00
CSV,295008,59000,20,20,0,10220,0,0.000000e+00,0.000000e+00,14930.5,30105772.0,38500.5,28.93,33.05
BER: SYNC #21 (gated)
CSV,300008,60000,21,20,0,10411,0,0.000000e+00,0.000000e+00,15012.2,25718308.0,38586.7,28.24,32.34
CSV,305008,61000,21,20,0,10611,0,0.000000e+00,0.000000e+00,14912.3,29616562.0,36840.2,29.05,32.98
BER: END_SEQ #21 [LOCK] seq_err=0 BER_seq=0.0000e+00 | lock=21 slip=0 BER_cond=0.0000e+00 BER_cum=0.0000e+00
BER: SYNC #22 (gated)
CSV,310008,62000,22,21,0,10733,0,0.000000e+00,0.000000e+00,16194.1,29838492.0,35220.3,29.28,32.65
CSV,315008,63000,22,21,0,10933,0,0.000000e+00,0.000000e+00,14280.9,26103540.0,34094.9,28.84,32.62
CSV,320008,64000,22,21,0,11133,0,0.000000e+00,0.000000e+00,14851.1,29709090.0,37136.2,29.03,33.01
BER: END_SEQ #22 [LOCK] seq_err=0 BER_seq=0.0000e+00 | lock=22 slip=0 BER_cond=0.0000e+00 BER_cum=0.0000e+00
BER: SYNC #23 (gated)
CSV,325008,65000,23,22,0,11256,0,0.000000e+00,0.000000e+00,15951.4,30814680.0,36082.7,29.31,32.86
CSV,330008,66000,23,22,0,11456,0,0.000000e+00,0.000000e+00,15135.1,25800442.0,36380.9,28.51,32.32
CSV,335008,67000,23,22,0,11656,0,0.000000e+00,0.000000e+00,15177.0,29335492.0,36808.8,29.01,32.86
BER: END_SEQ #23 [LOCK] seq_err=0 BER_seq=0.0000e+00 | lock=23 slip=0 BER_cond=0.0000e+00 BER_cum=0.0000e+00
BER: SYNC #24 (gated)
CSV,340008,68000,24,23,0,11779,0,0.000000e+00,0.000000e+00,14832.2,30615838.0,37908.6,29.07,33.15
CSV,345008,69000,24,23,0,11979,0,0.000000e+00,0.000000e+00,15880.3,25555704.0,38563.3,28.21,32.07
CSV,350008,70000,24,23,0,12179,0,0.000000e+00,0.000000e+00,14796.3,29640726.0,35006.1,29.28,33.02
BER: END_SEQ #24 [LOCK] seq_err=0 BER_seq=0.0000e+00 | lock=24 slip=0 BER_cond=0.0000e+00 BER_cum=0.0000e+00
BER: SYNC #25 (gated)
CSV,355008,71000,25,24,0,12302,0,0.000000e+00,0.000000e+00,14989.2,29553138.0,36190.2,29.12,32.95
CSV,360008,72000,25,24,0,12502,0,0.000000e+00,0.000000e+00,14017.0,27497204.0,35392.5,28.90,32.93
CSV,365008,73000,25,24,0,12701,0,0.000000e+00,0.000000e+00,14264.5,29000942.0,35618.0,29.11,33.08
BER: END_SEQ #25 [LOCK] seq_err=0 BER_seq=0.0000e+00 | lock=25 slip=0 BER_cond=0.0000e+00 BER_cum=0.0000e+00
BER: SYNC #26 (gated)
CSV,370008,74000,26,25,0,12824,0,0.000000e+00,0.000000e+00,15617.2,30027724.0,38943.9,28.87,32.84
CSV,375008,75000,26,25,0,13024,0,0.000000e+00,0.000000e+00,15122.3,26485496.0,36547.1,28.60,32.43
CSV,380008,76000,26,25,0,13224,0,0.000000e+00,0.000000e+00,14827.7,29505644.0,36305.4,29.10,32.99
BER: END_SEQ #26 [LOCK] seq_err=0 BER_seq=0.0000e+00 | lock=26 slip=0 BER_cond=0.0000e+00 BER_cum=0.0000e+00
BER: SYNC #27 (gated)
CSV,385008,77000,27,26,0,13347,0,0.000000e+00,0.000000e+00,15900.6,29370170.0,35925.3,29.13,32.66
CSV,390008,78000,27,26,0,13547,0,0.000000e+00,0.000000e+00,14945.8,26208610.0,38207.9,28.36,32.44
CSV,395008,79000,27,26,0,13747,0,0.000000e+00,0.000000e+00,15916.2,29026482.0,38364.2,28.79,32.61
BER: END_SEQ #27 [LOCK] seq_err=0 BER_seq=0.0000e+00 | lock=27 slip=0 BER_cond=0.0000e+00 BER_cum=0.0000e+00
BER: SYNC #28 (gated)
CSV,400008,80000,28,27,0,13870,0,0.000000e+00,0.000000e+00,15016.6,31512948.0,34736.7,29.58,33.22
CSV,405008,81000,28,27,0,14070,0,0.000000e+00,0.000000e+00,15290.9,24395850.0,35365.1,28.39,32.03
CSV,410008,82000,28,27,0,14270,0,0.000000e+00,0.000000e+00,14417.3,30419714.0,37700.3,29.07,33.24
BER: END_SEQ #28 [LOCK] seq_err=0 BER_seq=0.0000e+00 | lock=28 slip=0 BER_cond=0.0000e+00 BER_cum=0.0000e+00
BER: SYNC #29 (gated)
CSV,415008,83000,29,28,0,14392,0,0.000000e+00,0.000000e+00,14446.3,29866974.0,37089.2,29.06,33.15
CSV,420008,84000,29,28,0,14592,0,0.000000e+00,0.000000e+00,15333.7,26277684.0,34907.1,28.77,32.34
CSV,425008,85000,29,28,0,14792,0,0.000000e+00,0.000000e+00,15386.1,29655784.0,36782.0,29.06,32.85
BER: END_SEQ #29 [LOCK] seq_err=0 BER_seq=0.0000e+00 | lock=29 slip=0 BER_cond=0.0000e+00 BER_cum=0.0000e+00
BER: SYNC #30 (gated)
CSV,430008,86000,30,29,0,14915,0,0.000000e+00,0.000000e+00,15375.5,30305162.0,38356.8,28.98,32.95
CSV,435008,87000,30,29,0,15115,0,0.000000e+00,0.000000e+00,14830.1,25623634.0,36989.0,28.41,32.37
CSV,440008,88000,30,29,0,15315,0,0.000000e+00,0.000000e+00,15134.0,30201248.0,38843.6,28.91,33.00
BER: END_SEQ #30 [LOCK] seq_err=0 BER_seq=0.0000e+00 | lock=30 slip=0 BER_cond=0.0000e+00 BER_cum=0.0000e+00
BER: SYNC #31 (gated)
CSV,445008,89000,31,30,0,15438,0,0.000000e+00,0.000000e+00,15662.2,29631670.0,37398.6,28.99,32.77
CSV,450008,90000,31,30,0,15638,0,0.000000e+00,0.000000e+00,14643.4,26599094.0,34953.9,28.81,32.59
CSV,455008,91000,31,30,0,15838,0,0.000000e+00,0.000000e+00,14421.7,29852328.0,36949.7,29.07,33.16
BER: END_SEQ #31 [LOCK] seq_err=0 BER_seq=0.0000e+00 | lock=31 slip=0 BER_cond=0.0000e+00 BER_cum=0.0000e+00
BER: SYNC #32 (gated)
CSV,460008,92000,32,31,0,15961,0,0.000000e+00,0.000000e+00,15222.8,29017418.0,35867.8,29.08,32.80
CSV,465008,93000,32,31,0,16161,0,0.000000e+00,0.000000e+00,15638.9,26990248.0,37652.3,28.55,32.37
BER: END_SEQ #32 [LOCK] seq_err=0 BER_seq=0.0000e+00 | lock=32 slip=0 BER_cond=0.0000e+00 BER_cum=0.0000e+00
CSV,470008,94000,32,32,0,16352,0,0.000000e+00,0.000000e+00,15581.0,30345974.0,38069.1,29.02,32.90
BER: SYNC #33 (gated)
CSV,475008,95000,33,32,0,16483,0,0.000000e+00,0.000000e+00,14985.8,27225930.0,36158.6,28.77,32.59
CSV,480008,96000,33,32,0,16683,0,0.000000e+00,0.000000e+00,14741.2,28805356.0,35901.3,29.04,32.91
BER: END_SEQ #33 [LOCK] seq_err=0 BER_seq=0.0000e+00 | lock=33 slip=0 BER_cond=0.0000e+00 BER_cum=0.0000e+00
CSV,485008,97000,33,33,0,16863,0,0.000000e+00,0.000000e+00,15724.7,29544266.0,36185.7,29.12,32.74
BER: SYNC #34 (gated)
CSV,490008,98000,34,33,0,17006,0,0.000000e+00,0.000000e+00,15561.0,26389066.0,37726.4,28.45,32.29
CSV,495008,99000,34,33,0,17206,0,0.000000e+00,0.000000e+00,16198.7,29404296.0,36453.5,29.07,32.59
BER: END_SEQ #34 [LOCK] seq_err=0 BER_seq=0.0000e+00 | lock=34 slip=0 BER_cond=0.0000e+00 BER_cum=0.0000e+00
CSV,500008,100000,34,34,0,17374,0,0.000000e+00,0.000000e+00,14449.8,29986586.0,36571.2,29.14,33.17
BER: SYNC #35 (gated)
CSV,505008,101000,35,34,0,17529,0,0.000000e+00,0.000000e+00,15965.8,26723764.0,35999.5,28.71,32.24
CSV,510008,102000,35,34,0,17729,0,0.000000e+00,0.000000e+00,14383.7,29846100.0,37996.8,28.95,33.17
BER: END_SEQ #35 [LOCK] seq_err=0 BER_seq=0.0000e+00 | lock=35 slip=0 BER_cond=0.0000e+00 BER_cum=0.0000e+00
CSV,515008,103000,35,35,0,17885,0,0.000000e+00,0.000000e+00,16080.7,29528808.0,38037.0,28.90,32.64
BER: SYNC #36 (gated)
CSV,520008,104000,36,35,0,18051,0,0.000000e+00,0.000000e+00,14891.8,26059436.0,38648.9,28.29,32.43
CSV,525008,105000,36,35,0,18251,0,0.000000e+00,0.000000e+00,15464.5,30070130.0,37176.6,29.08,32.89
BER: END_SEQ #36 [LOCK] seq_err=0 BER_seq=0.0000e+00 | lock=36 slip=0 BER_cond=0.0000e+00 BER_cum=0.0000e+00
CSV,530008,106000,36,36,0,18396,0,0.000000e+00,0.000000e+00,16412.0,29556458.0,38975.7,28.80,32.55
BER: SYNC #37 (gated)
CSV,535008,107000,37,36,0,18574,0,0.000000e+00,0.000000e+00,15964.6,27087380.0,38058.7,28.52,32.30
CSV,540008,108000,37,36,0,18774,0,0.000000e+00,0.000000e+00,15394.2,29448920.0,36308.2,29.09,32.82
BER: END_SEQ #37 [LOCK] seq_err=0 BER_seq=0.0000e+00 | lock=37 slip=0 BER_cond=0.0000e+00 BER_cum=0.0000e+00
CSV,545008,109000,37,37,0,18907,0,0.000000e+00,0.000000e+00,16374.5,30022946.0,38299.7,28.94,32.63
BER: SYNC #38 (gated)
CSV,550008,110000,38,37,0,19097,0,0.000000e+00,0.000000e+00,16265.6,25938760.0,38782.1,28.25,32.03
CSV,555008,111000,38,37,0,19297,0,0.000000e+00,0.000000e+00,15821.4,29755450.0,35858.0,29.19,32.74
BER: END_SEQ #38 [LOCK] seq_err=0 BER_seq=0.0000e+00 | lock=38 slip=0 BER_cond=0.0000e+00 BER_cum=0.0000e+00
BER: SYNC #39 (gated)
CSV,560008,112000,39,38,0,19420,0,0.000000e+00,0.000000e+00,16048.7,29986968.0,35044.6,29.32,32.71
CSV,565008,113000,39,38,0,19620,0,0.000000e+00,0.000000e+00,15202.5,26567734.0,35419.4,28.75,32.42
CSV,570008,114000,39,38,0,19819,0,0.000000e+00,0.000000e+00,14740.3,29213876.0,38346.5,28.82,32.97
BER: END_SEQ #39 [LOCK] seq_err=0 BER_seq=0.0000e+00 | lock=39 slip=0 BER_cond=0.0000e+00 BER_cum=0.0000e+00
BER: SYNC #40 (gated)
CSV,575008,115000,40,39,0,19942,0,0.000000e+00,0.000000e+00,14850.5,31322970.0,35397.5,29.47,33.24
CSV,580008,116000,40,39,0,20142,0,0.000000e+00,0.000000e+00,15463.9,25840254.0,39249.8,28.18,32.23
CSV,585008,117000,40,39,0,20342,0,0.000000e+00,0.000000e+00,15105.7,29641136.0,35080.2,29.27,32.93
BER: END_SEQ #40 [LOCK] seq_err=0 BER_seq=0.0000e+00 | lock=40 slip=0 BER_cond=0.0000e+00 BER_cum=0.0000e+00
BER: SYNC #41 (gated)
CSV,590008,118000,41,40,0,20465,0,0.000000e+00,0.000000e+00,15604.8,29948890.0,38225.7,28.94,32.83
CSV,595008,119000,41,40,0,20665,0,0.000000e+00,0.000000e+00,15026.9,26350534.0,36139.2,28.63,32.44
CSV,600008,120000,41,40,0,20865,0,0.000000e+00,0.000000e+00,15487.2,29334760.0,38189.1,28.85,32.77
BER: END_SEQ #41 [LOCK] seq_err=0 BER_seq=0.0000e+00 | lock=41 slip=0 BER_cond=0.0000e+00 BER_cum=0.0000e+00
BER: SYNC #42 (gated)
CSV,605008,121000,42,41,0,20988,0,0.000000e+00,0.000000e+00,15301.2,30125860.0,37648.1,29.03,32.94
CSV,610008,122000,42,41,0,21188,0,0.000000e+00,0.000000e+00,15833.1,26673892.0,36805.4,28.60,32.27
CSV,615008,123000,42,41,0,21388,0,0.000000e+00,0.000000e+00,15066.0,29775790.0,36434.5,29.12,32.96
BER: END_SEQ #42 [LOCK] seq_err=0 BER_seq=0.0000e+00 | lock=42 slip=0 BER_cond=0.0000e+00 BER_cum=0.0000e+00
BER: SYNC #43 (gated)
CSV,620008,124000,43,42,0,21511,0,0.000000e+00,0.000000e+00,16011.4,29734774.0,36730.1,29.08,32.69
CSV,625008,125000,43,42,0,21710,0,0.000000e+00,0.000000e+00,15634.6,26893556.0,38872.7,28.40,32.36
CSV,630008,126000,43,42,0,21910,0,0.000000e+00,0.000000e+00,15077.9,29095720.0,34331.6,29.28,32.85
BER: END_SEQ #43 [LOCK] seq_err=0 BER_seq=0.0000e+00 | lock=43 slip=0 BER_cond=0.0000e+00 BER_cum=0.0000e+00
BER: SYNC #44 (gated)
CSV,635008,127000,44,43,0,22033,0,0.000000e+00,0.000000e+00,15915.0,30082616.0,38633.5,28.91,32.77
CSV,640008,128000,44,43,0,22233,0,0.000000e+00,0.000000e+00,15143.0,26011592.0,37577.4,28.40,32.35
CSV,645008,129000,44,43,0,22433,0,0.000000e+00,0.000000e+00,16129.6,29472392.0,35281.7,29.22,32.62
BER: END_SEQ #44 [LOCK] seq_err=0 BER_seq=0.0000e+00 | lock=44 slip=0 BER_cond=0.0000e+00 BER_cum=0.0000e+00
BER: SYNC #45 (gated)
CSV,650008,130000,45,44,0,22556,0,0.000000e+00,0.000000e+00,14736.6,31136396.0,38922.9,29.03,33.25
CSV,655008,131000,45,44,0,22756,0,0.000000e+00,0.000000e+00,15118.9,24918216.0,37330.1,28.24,32.17
CSV,660008,132000,45,44,0,22956,0,0.000000e+00,0.000000e+00,15238.9,30044136.0,37054.0,29.09,32.95
BER: END_SEQ #45 [LOCK] seq_err=0 BER_seq=0.0000e+00 | lock=45 slip=0 BER_cond=0.0000e+00 BER_cum=0.0000e+00
BER: SYNC #46 (gated)
CSV,665008,133000,46,45,0,23079,0,0.000000e+00,0.000000e+00,14695.9,30576944.0,37948.6,29.06,33.18
CSV,670008,134000,46,45,0,23279,0,0.000000e+00,0.000000e+00,15866.9,25898672.0,36838.6,28.47,32.13
CSV,675008,135000,46,45,0,23478,0,0.000000e+00,0.000000e+00,15591.8,30126780.0,35821.7,29.25,32.86
BER: END_SEQ #46 [LOCK] seq_err=0 BER_seq=0.0000e+00 | lock=46 slip=0 BER_cond=0.0000e+00 BER_cum=0.0000e+00
BER: SYNC #47 (gated)
CSV,680008,136000,47,46,0,23601,0,0.000000e+00,0.000000e+00,15031.3,30284746.0,37197.8,29.11,33.04
CSV,685008,137000,47,46,0,23801,0,0.000000e+00,0.000000e+00,15680.5,25796922.0,37640.4,28.36,32.16
CSV,690008,138000,47,46,0,24001,0,0.000000e+00,0.000000e+00,15326.0,30357224.0,36010.5,29.26,32.97
BER: END_SEQ #47 [LOCK] seq_err=0 BER_seq=0.0000e+00 | lock=47 slip=0 BER_cond=0.0000e+00 BER_cum=0.0000e+00
BER: SYNC #48 (gated)
CSV,695008,139000,48,47,0,24124,0,0.000000e+00,0.000000e+00,15864.0,29935680.0,37073.3,29.07,32.76
CSV,700008,140000,48,47,0,24324,0,0.000000e+00,0.000000e+00,14509.5,26466456.0,38618.7,28.36,32.61
CSV,705008,141000,48,47,0,24524,0,0.000000e+00,0.000000e+00,14325.3,30078316.0,37640.3,29.03,33.22
BER: END_SEQ #48 [LOCK] seq_err=0 BER_seq=0.0000e+00 | lock=48 slip=0 BER_cond=0.0000e+00 BER_cum=0.0000e+00
BER: SYNC #49 (gated)
CSV,710008,142000,49,48,0,24647,0,0.000000e+00,0.000000e+00,15398.6,29666028.0,38537.7,28.86,32.85
CSV,715008,143000,49,48,0,24847,0,0.000000e+00,0.000000e+00,15221.6,26816660.0,36203.2,28.70,32.46
BER: END_SEQ #49 [LOCK] seq_err=0 BER_seq=0.0000e+00 | lock=49 slip=0 BER_cond=0.0000e+00 BER_cum=0.0000e+00
CSV,720008,144000,49,49,0,25039,0,0.000000e+00,0.000000e+00,15013.8,30937022.0,35300.0,29.43,33.14
BER: SYNC #50 (gated)
CSV,725008,145000,50,49,0,25169,0,0.000000e+00,0.000000e+00,15190.9,27029630.0,37047.2,28.63,32.50
CSV,730008,146000,50,49,0,25369,0,0.000000e+00,0.000000e+00,15548.7,29248608.0,38305.9,28.83,32.74
BER: END_SEQ #50 [LOCK] seq_err=0 BER_seq=0.0000e+00 | lock=50 slip=0 BER_cond=0.0000e+00 BER_cum=0.0000e+00
CSV,735008,147000,50,50,0,25550,0,0.000000e+00,0.000000e+00,16669.4,29526464.0,39334.7,28.75,32.48
BER: SYNC #51 (gated)
CSV,740008,148000,51,50,0,25692,0,0.000000e+00,0.000000e+00,15404.2,27084132.0,36691.4,28.68,32.45
CSV,745008,149000,51,50,0,25892,0,0.000000e+00,0.000000e+00,15623.1,28971934.0,35383.5,29.13,32.68
BER: END_SEQ #51 [LOCK] seq_err=0 BER_seq=0.0000e+00 | lock=51 slip=0 BER_cond=0.0000e+00 BER_cum=0.0000e+00
CSV,750008,150000,51,51,0,26061,0,0.000000e+00,0.000000e+00,15753.2,30520226.0,37426.3,29.11,32.87
BER: SYNC #52 (gated)
CSV,755008,151000,52,51,0,26215,0,0.000000e+00,0.000000e+00,14702.1,26269442.0,37749.1,28.43,32.52
CSV,760008,152000,52,51,0,26415,0,0.000000e+00,0.000000e+00,15251.9,30258958.0,37351.3,29.09,32.98
BER: END_SEQ #52 [LOCK] seq_err=0 BER_seq=0.0000e+00 | lock=52 slip=0 BER_cond=0.0000e+00 BER_cum=0.0000e+00
CSV,765008,153000,52,52,0,26572,0,0.000000e+00,0.000000e+00,15791.6,29148226.0,36306.7,29.05,32.66
BER: SYNC #53 (gated)
CSV,770008,154000,53,52,0,26738,0,0.000000e+00,0.000000e+00,15880.9,26961768.0,35618.1,28.79,32.30
CSV,775008,155000,53,52,0,26937,0,0.000000e+00,0.000000e+00,14664.7,29688866.0,38424.3,28.88,33.06
BER: END_SEQ #53 [LOCK] seq_err=0 BER_seq=0.0000e+00 | lock=53 slip=0 BER_cond=0.0000e+00 BER_cum=0.0000e+00
CSV,780008,156000,53,53,0,27083,0,0.000000e+00,0.000000e+00,15777.6,30276792.0,37240.4,29.10,32.83
BER: SYNC #54 (gated)
CSV,785008,157000,54,53,0,27260,0,0.000000e+00,0.000000e+00,14823.9,26965600.0,38506.5,28.45,32.60
CSV,790008,158000,54,53,0,27460,0,0.000000e+00,0.000000e+00,15852.3,30183062.0,37914.9,29.01,32.80
BER: END_SEQ #54 [LOCK] seq_err=0 BER_seq=0.0000e+00 | lock=54 slip=0 BER_cond=0.0000e+00 BER_cum=0.0000e+00
CSV,795008,159000,54,54,0,27594,0,0.000000e+00,0.000000e+00,16468.4,29450856.0,39083.2,28.77,32.52
BER: SYNC #55 (gated)
CSV,800008,160000,55,54,0,27783,0,0.000000e+00,0.000000e+00,15127.5,26572374.0,37114.2,28.55,32.45
CSV,805008,161000,55,54,0,27983,0,0.000000e+00,0.000000e+00,15689.5,29408796.0,35665.1,29.16,32.73
BER: END_SEQ #55 [LOCK] seq_err=0 BER_seq=0.0000e+00 | lock=55 slip=0 BER_cond=0.0000e+00 BER_cum=0.0000e+00
BER: SYNC #56 (gated)
CSV,810008,162000,56,55,0,28106,0,0.000000e+00,0.000000e+00,15467.3,30813212.0,37145.2,29.19,32.99
CSV,815008,163000,56,55,0,28306,0,0.000000e+00,0.000000e+00,16047.1,25925202.0,37729.2,28.37,32.08
CSV,820008,164000,56,55,0,28506,0,0.000000e+00,0.000000e+00,14355.4,30144728.0,37144.0,29.09,33.22
BER: END_SEQ #56 [LOCK] seq_err=0 BER_seq=0.0000e+00 | lock=56 slip=0 BER_cond=0.0000e+00 BER_cum=0.0000e+00
BER: SYNC #57 (gated)
CSV,825008,165000,57,56,0,28629,0,0.000000e+00,0.000000e+00,15270.7,30769668.0,35980.2,29.32,33.04
CSV,830008,166000,57,56,0,28828,0,0.000000e+00,0.000000e+00,15011.0,26330662.0,35767.6,28.67,32.44
CSV,835008,167000,57,56,0,29028,0,0.000000e+00,0.000000e+00,16531.0,29666316.0,38467.0,28.87,32.54
BER: END_SEQ #57 [LOCK] seq_err=0 BER_seq=0.0000e+00 | lock=57 slip=0 BER_cond=0.0000e+00 BER_cum=0.0000e+00
BER: SYNC #58 (gated)
CSV,840008,168000,58,57,0,29151,0,0.000000e+00,0.000000e+00,16090.1,30209528.0,38523.0,28.94,32.74
CSV,845008,169000,58,57,0,29351,0,0.000000e+00,0.000000e+00,14612.2,26381572.0,34614.5,28.82,32.57
CSV,850008,170000,58,57,0,29551,0,0.000000e+00,0.000000e+00,15595.4,29664712.0,37758.3,28.95,32.79
BER: END_SEQ #58 [LOCK] seq_err=0 BER_seq=0.0000e+00 | lock=58 slip=0 BER_cond=0.0000e+00 BER_cum=0.0000e+00
BER: SYNC #59 (gated)
CSV,855008,171000,59,58,0,29674,0,0.000000e+00,0.000000e+00,15331.1,30420550.0,37226.0,29.12,32.98
CSV,860008,172000,59,58,0,29874,0,0.000000e+00,0.000000e+00,14315.4,26719738.0,35445.3,28.77,32.71
CSV,865008,173000,59,58,0,30074,0,0.000000e+00,0.000000e+00,15719.4,29767684.0,39126.8,28.81,32.77
BER: END_SEQ #59 [LOCK] seq_err=0 BER_seq=0.0000e+00 | lock=59 slip=0 BER_cond=0.0000e+00 BER_cum=0.0000e+00
BER: SYNC #60 (gated)
CSV,870008,174000,60,59,0,30197,0,0.000000e+00,0.000000e+00,15319.7,29488298.0,36205.8,29.11,32.84
CSV,875008,175000,60,59,0,30396,0,0.000000e+00,0.000000e+00,15092.2,27448344.0,38052.7,28.58,32.60
CSV,880008,176000,60,59,0,30596,0,0.000000e+00,0.000000e+00,15029.9,29191938.0,38544.9,28.79,32.88
BER: END_SEQ #60 [LOCK] seq_err=0 BER_seq=0.0000e+00 | lock=60 slip=0 BER_cond=0.0000e+00 BER_cum=0.0000e+00
BER: SYNC #61 (gated)
CSV,885008,177000,61,60,0,30719,0,0.000000e+00,0.000000e+00,16083.2,30566924.0,37051.9,29.16,32.79
CSV,890008,178000,61,60,0,30919,0,0.000000e+00,0.000000e+00,15583.6,26067798.0,38905.5,28.26,32.23
CSV,895008,179000,61,60,0,31119,0,0.000000e+00,0.000000e+00,15163.5,30137240.0,42018.8,28.56,32.98
BER: END_SEQ #61 [LOCK] seq_err=0 BER_seq=0.0000e+00 | lock=61 slip=0 BER_cond=0.0000e+00 BER_cum=0.0000e+00
BER: SYNC #62 (gated)
CSV,900008,180000,62,61,0,31242,0,0.000000e+00,0.000000e+00,16962.9,30670154.0,37285.7,29.15,32.57
CSV,905008,181000,62,61,0,31442,0,0.000000e+00,0.000000e+00,16640.7,25659382.0,38346.7,28.26,31.88
CSV,910008,182000,62,61,0,31642,0,0.000000e+00,0.000000e+00,16238.1,29707874.0,39139.2,28.80,32.62
BER: END_SEQ #62 [LOCK] seq_err=0 BER_seq=0.0000e+00 | lock=62 slip=0 BER_cond=0.0000e+00 BER_cum=0.0000e+00
BER: SYNC #63 (gated)
CSV,915008,183000,63,62,0,31765,0,0.000000e+00,0.000000e+00,15475.0,31628916.0,35193.6,29.54,33.10
CSV,920008,184000,63,62,0,31965,0,0.000000e+00,0.000000e+00,16225.4,25487862.0,39936.2,28.05,31.96
CSV,925008,185000,63,62,0,32165,0,0.000000e+00,0.000000e+00,16189.0,30767524.0,39277.7,28.94,32.79
BER: END_SEQ #63 [LOCK] seq_err=0 BER_seq=0.0000e+00 | lock=63 slip=0 BER_cond=0.0000e+00 BER_cum=0.0000e+00
BER: SYNC #64 (gated)
CSV,930008,186000,64,63,0,32287,0,0.000000e+00,0.000000e+00,15326.4,29883994.0,37963.5,28.96,32.90
CSV,935008,187000,64,63,0,32487,0,0.000000e+00,0.000000e+00,15760.7,26567002.0,35430.0,28.75,32.27
CSV,940008,188000,64,63,0,32687,0,0.000000e+00,0.000000e+00,15812.4,29830776.0,39553.1,28.77,32.76
BER: END_SEQ #64 [LOCK] seq_err=0 BER_seq=0.0000e+00 | lock=64 slip=0 BER_cond=0.0000e+00 BER_cum=0.0000e+00
BER: SYNC #65 (gated)
CSV,945008,189000,65,64,0,32810,0,0.000000e+00,0.000000e+00,15656.8,30711534.0,36042.2,29.30,32.93
CSV,950008,190000,65,64,0,33010,0,0.000000e+00,0.000000e+00,15360.0,25964914.0,37481.9,28.41,32.28
CSV,955008,191000,65,64,0,33210,0,0.000000e+00,0.000000e+00,15872.3,30638732.0,38193.1,29.04,32.86
BER: END_SEQ #65 [LOCK] seq_err=0 BER_seq=0.0000e+00 | lock=65 slip=0 BER_cond=0.0000e+00 BER_cum=0.0000e+00
BER: SYNC #66 (gated)
CSV,960008,192000,66,65,0,33333,0,0.000000e+00,0.000000e+00,15351.4,29397612.0,36324.3,29.08,32.82
CSV,965008,193000,66,65,0,33533,0,0.000000e+00,0.000000e+00,14963.4,27091848.0,39337.4,28.38,32.58
BER: END_SEQ #66 [LOCK] seq_err=0 BER_seq=0.0000e+00 | lock=66 slip=0 BER_cond=0.0000e+00 BER_cum=0.0000e+00
CSV,970008,194000,66,66,0,33726,0,0.000000e+00,0.000000e+00,15640.0,30762488.0,36526.5,29.25,32.94
BER: SYNC #67 (gated)
CSV,975008,195000,67,66,0,33856,0,0.000000e+00,0.000000e+00,15416.0,27796452.0,38628.3,28.57,32.56
CSV,980008,196000,67,66,0,34056,0,0.000000e+00,0.000000e+00,15765.4,28767226.0,38479.3,28.74,32.61
BER: END_SEQ #67 [LOCK] seq_err=0 BER_seq=0.0000e+00 | lock=67 slip=0 BER_cond=0.0000e+00 BER_cum=0.0000e+00
CSV,985008,197000,67,67,0,34237,0,0.000000e+00,0.000000e+00,15449.2,30096806.0,38350.3,28.95,32.90
BER: SYNC #68 (gated)
CSV,990008,198000,68,67,0,34378,0,0.000000e+00,0.000000e+00,15671.2,27378210.0,38337.9,28.54,32.42
CSV,995008,199000,68,67,0,34578,0,0.000000e+00,0.000000e+00,15830.8,29038606.0,34934.6,29.20,32.63
BER: END_SEQ #68 [LOCK] seq_err=0 BER_seq=0.0000e+00 | lock=68 slip=0 BER_cond=0.0000e+00 BER_cum=0.0000e+00
CSV,1000008,200000,68,68,0,34748,0,0.000000e+00,0.000000e+00,16252.2,30561448.0,35757.0,29.32,32.74
BER: SYNC #69 (gated)
CSV,1005008,201000,69,68,0,34901,0,0.000000e+00,0.000000e+00,15720.8,26578144.0,38384.6,28.40,32.28
CSV,1010008,202000,69,68,0,35101,0,0.000000e+00,0.000000e+00,15891.6,30424592.0,37020.4,29.15,32.82
BER: END_SEQ #69 [LOCK] seq_err=0 BER_seq=0.0000e+00 | lock=69 slip=0 BER_cond=0.0000e+00 BER_cum=0.0000e+00
CSV,1015008,203000,69,69,0,35259,0,0.000000e+00,0.000000e+00,16359.0,29607900.0,38633.2,28.84,32.58
BER: SYNC #70 (gated)
CSV,1020008,204000,70,69,0,35424,0,0.000000e+00,0.000000e+00,14159.5,26984906.0,36559.4,28.68,32.80
CSV,1025008,205000,70,69,0,35624,0,0.000000e+00,0.000000e+00,15074.9,29498766.0,38853.3,28.80,32.92
BER: END_SEQ #70 [LOCK] seq_err=0 BER_seq=0.0000e+00 | lock=70 slip=0 BER_cond=0.0000e+00 BER_cum=0.0000e+00
CSV,1030008,206000,70,70,0,35770,0,0.000000e+00,0.000000e+00,16381.2,30215928.0,36777.6,29.15,32.66
BER: SYNC #71 (gated)
CSV,1035008,207000,71,70,0,35947,0,0.000000e+00,0.000000e+00,16112.1,27032414.0,36704.3,28.67,32.25
CSV,1040008,208000,71,70,0,36146,0,0.000000e+00,0.000000e+00,15850.2,30598286.0,39530.2,28.89,32.86
BER: END_SEQ #71 [LOCK] seq_err=0 BER_seq=0.0000e+00 | lock=71 slip=0 BER_cond=0.0000e+00 BER_cum=0.0000e+00
CSV,1045008,209000,71,71,0,36281,0,0.000000e+00,0.000000e+00,16352.9,29201956.0,37548.3,28.91,32.52
BER: SYNC #72 (gated)
CSV,1050008,210000,72,71,0,36469,0,0.000000e+00,0.000000e+00,15313.2,27114926.0,36769.7,28.68,32.48
CSV,1055008,211000,72,71,0,36669,0,0.000000e+00,0.000000e+00,15702.9,29001544.0,38385.0,28.78,32.66
BER: END_SEQ #72 [LOCK] seq_err=0 BER_seq=0.0000e+00 | lock=72 slip=0 BER_cond=0.0000e+00 BER_cum=0.0000e+00
BER: SYNC #73 (gated)
CSV,1060008,212000,73,72,0,36792,0,0.000000e+00,0.000000e+00,16305.9,31193716.0,38073.5,29.13,32.82
CSV,1065008,213000,73,72,0,36992,0,0.000000e+00,0.000000e+00,15646.4,25522806.0,39027.6,28.16,32.13
CSV,1070008,214000,73,72,0,37192,0,0.000000e+00,0.000000e+00,15269.9,30486506.0,37190.1,29.14,33.00
BER: END_SEQ #73 [LOCK] seq_err=0 BER_seq=0.0000e+00 | lock=73 slip=0 BER_cond=0.0000e+00 BER_cum=0.0000e+00
BER: SYNC #74 (gated)
CSV,1075008,215000,74,73,0,37315,0,0.000000e+00,0.000000e+00,15573.8,30175562.0,39008.2,28.89,32.87
CSV,1080008,216000,74,73,0,37515,0,0.000000e+00,0.000000e+00,16171.4,27029148.0,37999.7,28.52,32.23
CSV,1085008,217000,74,73,0,37714,0,0.000000e+00,0.000000e+00,15927.2,29469574.0,34852.7,29.27,32.67
BER: END_SEQ #74 [LOCK] seq_err=0 BER_seq=0.0000e+00 | lock=74 slip=0 BER_cond=0.0000e+00 BER_cum=0.0000e+00
BER: SYNC #75 (gated)
CSV,1090008,218000,75,74,0,37837,0,0.000000e+00,0.000000e+00,15443.7,31013184.0,36551.5,29.29,33.03
CSV,1095008,219000,75,74,0,38037,0,0.000000e+00,0.000000e+00,15513.4,25683192.0,35099.8,28.64,32.19
CSV,1100008,220000,75,74,0,38237,0,0.000000e+00,0.000000e+00,15330.8,30218724.0,39084.3,28.88,32.95
BER: END_SEQ #75 [LOCK] seq_err=0 BER_seq=0.0000e+00 | lock=75 slip=0 BER_cond=0.0000e+00 BER_cum=0.0000e+00
BER: SYNC #76 (gated)
CSV,1105008,221000,76,75,0,38360,0,0.000000e+00,0.000000e+00,16115.0,29877146.0,37536.9,29.01,32.68
CSV,1110008,222000,76,75,0,38560,0,0.000000e+00,0.000000e+00,15514.0,27584884.0,37447.6,28.67,32.50
CSV,1115008,223000,76,75,0,38760,0,0.000000e+00,0.000000e+00,16627.5,29322442.0,34304.0,29.32,32.46
BER: END_SEQ #76 [LOCK] seq_err=0 BER_seq=0.0000e+00 | lock=76 slip=0 BER_cond=0.0000e+00 BER_cum=0.0000e+00
BER: SYNC #77 (gated)
CSV,1120008,224000,77,76,0,38883,0,0.000000e+00,0.000000e+00,15364.9,30009700.0,37189.5,29.07,32.91
CSV,1125008,225000,77,76,0,39083,0,0.000000e+00,0.000000e+00,15156.6,27333170.0,36267.8,28.77,32.56
CSV,1130008,226000,77,76,0,39283,0,0.000000e+00,0.000000e+00,15215.8,29648238.0,35270.6,29.25,32.90
BER: END_SEQ #77 [LOCK] seq_err=0 BER_seq=0.0000e+00 | lock=77 slip=0 BER_cond=0.0000e+00 BER_cum=0.0000e+00
BER: SYNC #78 (gated)
CSV,1135008,227000,78,77,0,39405,0,0.000000e+00,0.000000e+00,16421.8,30019590.0,36362.9,29.17,32.62
CSV,1140008,228000,78,77,0,39605,0,0.000000e+00,0.000000e+00,15516.3,26174182.0,36321.8,28.58,32.27
CSV,1145008,229000,78,77,0,39805,0,0.000000e+00,0.000000e+00,15770.4,29967690.0,36953.9,29.09,32.79
BER: END_SEQ #78 [LOCK] seq_err=0 BER_seq=0.0000e+00 | lock=78 slip=0 BER_cond=0.0000e+00 BER_cum=0.0000e+00
BER: SYNC #79 (gated)
CSV,1150008,230000,79,78,0,39928,0,0.000000e+00,0.000000e+00,14985.9,31009302.0,37327.7,29.19,33.16
CSV,1155008,231000,79,78,0,40128,0,0.000000e+00,0.000000e+00,15917.1,25682428.0,37917.6,28.31,32.08
CSV,1160008,232000,79,78,0,40328,0,0.000000e+00,0.000000e+00,15827.7,29554002.0,35964.4,29.15,32.71
BER: END_SEQ #79 [LOCK] seq_err=0 BER_seq=0.0000e+00 | lock=79 slip=0 BER_cond=0.0000e+00 BER_cum=0.0000e+00
BER: SYNC #80 (gated)
CSV,1165008,233000,80,79,0,40451,0,0.000000e+00,0.000000e+00,15212.6,31488904.0,37955.4,29.19,33.16
CSV,1170008,234000,80,79,0,40651,0,0.000000e+00,0.000000e+00,16199.6,25472804.0,41085.0,27.92,31.97
CSV,1175008,235000,80,79,0,40851,0,0.000000e+00,0.000000e+00,15784.2,30788344.0,38778.7,29.00,32.90
BER: END_SEQ #80 [LOCK] seq_err=0 BER_seq=0.0000e+00 | lock=80 slip=0 BER_cond=0.0000e+00 BER_cum=0.0000e+00
BER: SYNC #81 (gated)
CSV,1180008,236000,81,80,0,40974,0,0.000000e+00,0.000000e+00,15933.2,30090904.0,35701.9,29.26,32.76
CSV,1185008,237000,81,80,0,41174,0,0.000000e+00,0.000000e+00,15341.1,26676876.0,38885.0,28.36,32.40
CSV,1190008,238000,81,80,0,41373,0,0.000000e+00,0.000000e+00,15589.3,29510440.0,34941.8,29.27,32.77
BER: END_SEQ #81 [LOCK] seq_err=0 BER_seq=0.0000e+00 | lock=81 slip=0 BER_cond=0.0000e+00 BER_cum=0.0000e+00
BER: SYNC #82 (gated)
CSV,1195008,239000,82,81,0,41496,0,0.000000e+00,0.000000e+00,16038.4,31428998.0,36554.4,29.34,32.92
CSV,1200008,240000,82,81,0,41696,0,0.000000e+00,0.000000e+00,15086.7,25866668.0,39872.6,28.12,32.34
CSV,1205008,241000,82,81,0,41896,0,0.000000e+00,0.000000e+00,15489.6,30825548.0,35222.3,29.42,32.99
BER: END_SEQ #82 [LOCK] seq_err=0 BER_seq=0.0000e+00 | lock=82 slip=0 BER_cond=0.0000e+00 BER_cum=0.0000e+00
BER: SYNC #83 (gated)
CSV,1210008,242000,83,82,0,42019,0,0.000000e+00,0.000000e+00,15488.7,29479758.0,35010.7,29.25,32.80
CSV,1215008,243000,83,82,0,42219,0,0.000000e+00,0.000000e+00,14971.8,27125598.0,35801.1,28.79,32.58
BER: END_SEQ #83 [LOCK] seq_err=0 BER_seq=0.0000e+00 | lock=83 slip=0 BER_cond=0.0000e+00 BER_cum=0.0000e+00
CSV,1220008,244000,83,83,0,42413,0,0.000000e+00,0.000000e+00,14958.6,30754484.0,34866.7,29.45,33.13
BER: SYNC #84 (gated)
CSV,1225008,245000,84,83,0,42542,0,0.000000e+00,0.000000e+00,15052.6,28017080.0,38294.8,28.64,32.70
CSV,1230008,246000,84,83,0,42742,0,0.000000e+00,0.000000e+00,15267.0,28497350.0,37735.9,28.78,32.71
BER: END_SEQ #84 [LOCK] seq_err=0 BER_seq=0.0000e+00 | lock=84 slip=0 BER_cond=0.0000e+00 BER_cum=0.0000e+00
CSV,1235008,247000,84,84,0,42924,0,0.000000e+00,0.000000e+00,16474.9,30924264.0,37133.1,29.21,32.73
BER: SYNC #85 (gated)
CSV,1240008,248000,85,84,0,43064,0,0.000000e+00,0.000000e+00,15137.4,26822688.0,36487.3,28.66,32.48
CSV,1245008,249000,85,84,0,43264,0,0.000000e+00,0.000000e+00,15210.7,29577078.0,37520.7,28.97,32.89
BER: END_SEQ #85 [LOCK] seq_err=0 BER_seq=0.0000e+00 | lock=85 slip=0 BER_cond=0.0000e+00 BER_cum=0.0000e+00
CSV,1250008,250000,85,85,0,43435,0,0.000000e+00,0.000000e+00,15242.8,29998418.0,41015.9,28.64,32.94
BER: SYNC #86 (gated)
CSV,1255008,251000,86,85,0,43587,0,0.000000e+00,0.000000e+00,15151.7,27177816.0,39020.2,28.43,32.54
CSV,1260008,252000,86,85,0,43787,0,0.000000e+00,0.000000e+00,14312.7,29853632.0,36712.0,29.10,33.19
BER: END_SEQ #86 [LOCK] seq_err=0 BER_seq=0.0000e+00 | lock=86 slip=0 BER_cond=0.0000e+00 BER_cum=0.0000e+00
CSV,1265008,253000,86,86,0,43946,0,0.000000e+00,0.000000e+00,15360.7,29972876.0,38130.0,28.95,32.90
BER: SYNC #87 (gated)
CSV,1270008,254000,87,86,0,44110,0,0.000000e+00,0.000000e+00,15804.2,26402002.0,37127.4,28.52,32.23
CSV,1275008,255000,87,86,0,44310,0,0.000000e+00,0.000000e+00,14990.3,30417842.0,37648.6,29.07,33.07
BER: END_SEQ #87 [LOCK] seq_err=0 BER_seq=0.0000e+00 | lock=87 slip=0 BER_cond=0.0000e+00 BER_cum=0.0000e+00
CSV,1280008,256000,87,87,0,44457,0,0.000000e+00,0.000000e+00,15401.4,29787536.0,38459.2,28.89,32.86
BER: SYNC #88 (gated)
CSV,1285008,257000,88,87,0,44633,0,0.000000e+00,0.000000e+00,15281.6,27513420.0,37218.9,28.69,32.55
CSV,1290008,258000,88,87,0,44832,0,0.000000e+00,0.000000e+00,16021.0,30174152.0,37208.3,29.09,32.75
BER: END_SEQ #88 [LOCK] seq_err=0 BER_seq=0.0000e+00 | lock=88 slip=0 BER_cond=0.0000e+00 BER_cum=0.0000e+00
CSV,1295008,259000,88,88,0,44968,0,0.000000e+00,0.000000e+00,17104.3,29867360.0,38199.1,28.93,32.42
BER: SYNC #89 (gated)
CSV,1300008,260000,89,88,0,45155,0,0.000000e+00,0.000000e+00,14964.8,27083034.0,36661.5,28.68,32.58
CSV,1305008,261000,89,88,0,45355,0,0.000000e+00,0.000000e+00,16359.8,29649340.0,39377.8,28.77,32.58
BER: END_SEQ #89 [LOCK] seq_err=0 BER_seq=0.0000e+00 | lock=89 slip=0 BER_cond=0.0000e+00 BER_cum=0.0000e+00
CSV,1310008,262000,89,89,0,45479,0,0.000000e+00,0.000000e+00,14497.6,31039686.0,36920.6,29.25,33.31
BER: SYNC #90 (gated)
CSV,1315008,263000,90,89,0,45678,0,0.000000e+00,0.000000e+00,15470.0,25846532.0,37905.1,28.34,32.23
CSV,1320008,264000,90,89,0,45878,0,0.000000e+00,0.000000e+00,16770.6,30423468.0,37974.2,29.04,32.59
BER: END_SEQ #90 [LOCK] seq_err=0 BER_seq=0.0000e+00 | lock=90 slip=0 BER_cond=0.0000e+00 BER_cum=0.0000e+00
BER: SYNC #91 (gated)
CSV,1325008,265000,91,90,0,46001,0,0.000000e+00,0.000000e+00,15423.1,30502176.0,37038.1,29.16,32.96
CSV,1330008,266000,91,90,0,46201,0,0.000000e+00,0.000000e+00,15993.7,27082488.0,38599.2,28.46,32.29
CSV,1335008,267000,91,90,0,46401,0,0.000000e+00,0.000000e+00,15956.7,30070414.0,38348.4,28.94,32.75
BER: END_SEQ #91 [LOCK] seq_err=0 BER_seq=0.0000e+00 | lock=91 slip=0 BER_cond=0.0000e+00 BER_cum=0.0000e+00
BER: SYNC #92 (gated)
CSV,1340008,268000,92,91,0,46524,0,0.000000e+00,0.000000e+00,15457.7,31052878.0,37460.0,29.19,33.03
CSV,1345008,269000,92,91,0,46723,0,0.000000e+00,0.000000e+00,14489.8,25656698.0,37069.7,28.40,32.48
CSV,1350008,270000,92,91,0,46923,0,0.000000e+00,0.000000e+00,15215.3,30478236.0,40328.4,28.78,33.02
BER: END_SEQ #92 [LOCK] seq_err=0 BER_seq=0.0000e+00 | lock=92 slip=0 BER_cond=0.0000e+00 BER_cum=0.0000e+00
BER: SYNC #93 (gated)
CSV,1355008,271000,93,92,0,47046,0,0.000000e+00,0.000000e+00,15467.3,30113538.0,38843.2,28.89,32.89
CSV,1360008,272000,93,92,0,47246,0,0.000000e+00,0.000000e+00,14479.5,27910568.0,35798.7,28.92,32.85
CSV,1365008,273000,93,92,0,47446,0,0.000000e+00,0.000000e+00,14683.1,28953136.0,35612.9,29.10,32.95
BER: END_SEQ #93 [LOCK] seq_err=0 BER_seq=0.0000e+00 | lock=93 slip=0 BER_cond=0.0000e+00 BER_cum=0.0000e+00
BER: SYNC #94 (gated)
CSV,1370008,274000,94,93,0,47569,0,0.000000e+00,0.000000e+00,15311.8,30770932.0,38699.9,29.00,33.03
CSV,1375008,275000,94,93,0,47769,0,0.000000e+00,0.000000e+00,15199.7,27041680.0,36089.1,28.75,32.50
CSV,1380008,276000,94,93,0,47969,0,0.000000e+00,0.000000e+00,15664.3,30358300.0,37603.7,29.07,32.87
BER: END_SEQ #94 [LOCK] seq_err=0 BER_seq=0.0000e+00 | lock=94 slip=0 BER_cond=0.0000e+00 BER_cum=0.0000e+00
BER: SYNC #95 (gated)
CSV,1385008,277000,95,94,0,48092,0,0.000000e+00,0.000000e+00,15515.9,29770932.0,35107.0,29.28,32.83
CSV,1390008,278000,95,94,0,48292,0,0.000000e+00,0.000000e+00,14471.5,26605898.0,35740.9,28.72,32.64
CSV,1395008,279000,95,94,0,48492,0,0.000000e+00,0.000000e+00,15876.7,29711464.0,38919.9,28.83,32.72
BER: END_SEQ #95 [LOCK] seq_err=0 BER_seq=0.0000e+00 | lock=95 slip=0 BER_cond=0.0000e+00 BER_cum=0.0000e+00
BER: SYNC #96 (gated)
CSV,1400008,280000,96,95,0,48614,0,0.000000e+00,0.000000e+00,15356.2,31807184.0,36447.3,29.41,33.16
CSV,1405008,281000,96,95,0,48814,0,0.000000e+00,0.000000e+00,13921.4,25929388.0,33181.0,28.93,32.70
CSV,1410008,282000,96,95,0,49014,0,0.000000e+00,0.000000e+00,12902.5,30976442.0,28032.1,30.43,33.80
BER: END_SEQ #96 [LOCK] seq_err=0 BER_seq=0.0000e+00 | lock=96 slip=0 BER_cond=0.0000e+00 BER_cum=0.0000e+00
BER: SYNC #97 (gated)
CSV,1415008,283000,97,96,0,49137,0,0.000000e+00,0.000000e+00,16129.0,31691180.0,66795.9,26.76,32.93
CSV,1420008,284000,97,96,0,49337,0,0.000000e+00,0.000000e+00,15553.7,26031398.0,36876.3,28.49,32.24
CSV,1425008,285000,97,96,0,49537,0,0.000000e+00,0.000000e+00,15062.7,30858560.0,38459.7,29.04,33.11
BER: END_SEQ #97 [LOCK] seq_err=0 BER_seq=0.0000e+00 | lock=97 slip=0 BER_cond=0.0000e+00 BER_cum=0.0000e+00
BER: SYNC #98 (gated)
CSV,1430008,286000,98,97,0,49660,0,0.000000e+00,0.000000e+00,14895.8,30787188.0,35786.2,29.35,33.15
CSV,1435008,287000,98,97,0,49860,0,0.000000e+00,0.000000e+00,19700.1,28268946.0,58173.1,26.87,31.57
CSV,1440008,288000,98,97,0,50060,0,0.000000e+00,0.000000e+00,7418.7,34802564.0,17445.9,33.00,36.71
BER: END_SEQ #98 [LOCK] seq_err=0 BER_seq=0.0000e+00 | lock=98 slip=0 BER_cond=0.0000e+00 BER_cum=0.0000e+00
BER: SYNC #99 (gated)
CSV,1445008,289000,99,98,0,50183,0,0.000000e+00,0.000000e+00,9561.9,33839264.0,23747.4,31.54,35.49
CSV,1450008,290000,99,98,0,50382,0,0.000000e+00,0.000000e+00,13463.8,25890364.0,36465.9,28.51,32.84
CSV,1455008,291000,99,98,0,50582,0,0.000000e+00,0.000000e+00,16193.9,29678062.0,45972.6,28.10,32.63
BER: END_SEQ #99 [LOCK] seq_err=0 BER_seq=0.0000e+00 | lock=99 slip=0 BER_cond=0.0000e+00 BER_cum=0.0000e+00
BER: SYNC #100 (gated)
CSV,1460008,292000,100,99,0,50705,0,0.000000e+00,0.000000e+00,9650.9,29661252.0,23206.6,31.07,34.88
CSV,1465008,293000,100,99,0,50905,0,0.000000e+00,0.000000e+00,9779.6,26558332.0,23919.0,30.45,34.34
BER: END_SEQ #100 [LOCK] seq_err=0 BER_seq=0.0000e+00 | lock=100 slip=0 BER_cond=0.0000e+00 BER_cum=0.0000e+00
CSV,1470008,294000,100,100,0,51100,0,0.000000e+00,0.000000e+00,6397.4,32511468.0,13013.2,33.98,37.06
BER: SYNC #101 (gated)
CSV,1475008,295000,101,100,0,51228,0,0.000000e+00,0.000000e+00,5457.4,29918552.0,10057.0,34.73,37.39
CSV,1480008,296000,101,100,0,51428,0,0.000000e+00,0.000000e+00,6021.2,29810456.0,12252.1,33.86,36.95
BER: END_SEQ #101 [LOCK] seq_err=0 BER_seq=0.0000e+00 | lock=101 slip=0 BER_cond=0.0000e+00 BER_cum=0.0000e+00
CSV,1485008,297000,101,101,0,51611,0,0.000000e+00,0.000000e+00,5993.2,31620950.0,10951.9,34.60,37.22
BER: SYNC #102 (gated)
CSV,1490008,298000,102,101,0,51751,0,0.000000e+00,0.000000e+00,5878.5,27860866.0,10811.2,34.11,36.76
CSV,1495008,299000,102,101,0,51951,0,0.000000e+00,0.000000e+00,5705.6,30647596.0,10721.1,34.56,37.30
BER: END_SEQ #102 [LOCK] seq_err=0 BER_seq=0.0000e+00 | lock=102 slip=0 BER_cond=0.0000e+00 BER_cum=0.0000e+00
CSV,1500008,300000,102,102,0,52122,0,0.000000e+00,0.000000e+00,5464.1,31224436.0,11048.8,34.51,37.57

=========================================
=== END OF TEST (duration=25 min) ===
=========================================
FINAL: syncs=102 lock=102 slip=0 slip_rate=0.0000
FINAL: bits_cum=52122 err_cum=0 BER_cum=0.0000e+00
FINAL: bits_lock=52122 err_lock=0 BER_cond=0.0000e+00
=========================================
=== STOP LOGGING NOW ===
=========================================
