

=== RX BOOT - BER TEST MODE ===
BPS_MODE=40 (HALF_SAMPLES=1000, 5000 samples/bit @ 200000 Hz)
Expect: 64-bit preamble + Barker13 (1F35h, gated by 8 preamble bits = 0x55) + 511-bit PRBS-9
Noise floor band: 5000 Hz; lock threshold: BER<0.10
Auto-stop: test will halt 25 min after the first sync.
RX: edge-tracking sync, center-3 voting
Starting decoder...

BER: SYNC #1 (gated)
CSV,5007,1000,1,0,0,42,0,0.000000e+00,0.000000e+00,55850385408.0,53090193408.0,1205830.9,46.66,0.22
CSV,10007,2000,1,0,0,242,0,0.000000e+00,0.000000e+00,56398209024.0,48649097216.0,1321496.8,46.30,0.64
CSV,15007,3000,1,0,0,442,0,0.000000e+00,0.000000e+00,53915504640.0,53803376640.0,1314286.4,46.13,0.01
BER: END_SEQ #1 [LOCK] seq_err=0 BER_seq=0.0000e+00 | lock=1 slip=0 BER_cond=0.0000e+00 BER_cum=0.0000e+00
BER: SYNC #2 (gated)
CSV,20007,4000,2,1,0,565,0,0.000000e+00,0.000000e+00,51963551744.0,51690635264.0,1578215.6,45.18,0.02
CSV,25007,5000,2,1,0,765,0,0.000000e+00,0.000000e+00,58893389824.0,49099939840.0,1392704.8,46.26,0.79
CSV,30007,6000,2,1,0,965,0,0.000000e+00,0.000000e+00,52693667840.0,52067028992.0,1391140.6,45.78,0.05
BER: END_SEQ #2 [LOCK] seq_err=0 BER_seq=0.0000e+00 | lock=2 slip=0 BER_cond=0.0000e+00 BER_cum=0.0000e+00
BER: SYNC #3 (gated)
CSV,35007,7000,3,2,0,1088,0,0.000000e+00,0.000000e+00,51251957760.0,56060780544.0,1513877.2,45.69,0.39
CSV,40007,8000,3,2,0,1287,0,0.000000e+00,0.000000e+00,60277886976.0,45315170304.0,1440052.1,46.22,1.24
CSV,45007,9000,3,2,0,1487,0,0.000000e+00,0.000000e+00,53582573568.0,54000406528.0,1552347.9,45.41,0.03
BER: END_SEQ #3 [LOCK] seq_err=0 BER_seq=0.0000e+00 | lock=3 slip=0 BER_cond=0.0000e+00 BER_cum=0.0000e+00
BER: SYNC #4 (gated)
CSV,50007,10000,4,3,0,1610,0,0.000000e+00,0.000000e+00,49101332480.0,54847598592.0,1532052.6,45.54,0.48
CSV,55007,11000,4,3,0,1810,0,0.000000e+00,0.000000e+00,61921976320.0,46181605376.0,1360723.6,46.58,1.27
CSV,60007,12000,4,3,0,2010,0,0.000000e+00,0.000000e+00,51147735040.0,53876871168.0,1571118.1,45.35,0.23
BER: END_SEQ #4 [LOCK] seq_err=0 BER_seq=0.0000e+00 | lock=4 slip=0 BER_cond=0.0000e+00 BER_cum=0.0000e+00
BER: SYNC #5 (gated)
CSV,65007,13000,5,4,0,2133,0,0.000000e+00,0.000000e+00,51383074816.0,55124586496.0,1546405.8,45.52,0.31
CSV,70007,14000,5,4,0,2333,0,0.000000e+00,0.000000e+00,59097698304.0,46688296960.0,1277235.5,46.65,1.02
CSV,75007,15000,5,4,0,2533,0,0.000000e+00,0.000000e+00,54159896576.0,53129519104.0,1430463.2,45.78,0.08
BER: END_SEQ #5 [LOCK] seq_err=0 BER_seq=0.0000e+00 | lock=5 slip=0 BER_cond=0.0000e+00 BER_cum=0.0000e+00
BER: SYNC #6 (gated)
CSV,80007,16000,6,5,0,2656,0,0.000000e+00,0.000000e+00,49698803712.0,54626562048.0,1653857.8,45.19,0.41
CSV,85007,17000,6,5,0,2856,0,0.000000e+00,0.000000e+00,60885495808.0,46937427968.0,1325032.4,46.62,1.13
CSV,90007,18000,6,5,0,3055,0,0.000000e+00,0.000000e+00,51974537216.0,53532901376.0,1264072.5,46.27,0.13
BER: END_SEQ #6 [LOCK] seq_err=0 BER_seq=0.0000e+00 | lock=6 slip=0 BER_cond=0.0000e+00 BER_cum=0.0000e+00
BER: SYNC #7 (gated)
CSV,95007,19000,7,6,0,3178,0,0.000000e+00,0.000000e+00,51104575488.0,54660116480.0,1682598.6,45.12,0.29
CSV,100007,20000,7,6,0,3378,0,0.000000e+00,0.000000e+00,59467767808.0,46565859328.0,1387145.0,46.32,1.06
BER: END_SEQ #7 [LOCK] seq_err=0 BER_seq=0.0000e+00 | lock=7 slip=0 BER_cond=0.0000e+00 BER_cum=0.0000e+00
CSV,105007,21000,7,7,0,3577,0,0.000000e+00,0.000000e+00,50975854592.0,55667302400.0,1208144.2,46.63,0.38
BER: SYNC #8 (gated)
CSV,110007,22000,8,7,0,3701,0,0.000000e+00,0.000000e+00,55041875968.0,50465902592.0,1741311.5,45.00,0.38
CSV,115007,23000,8,7,0,3901,0,0.000000e+00,0.000000e+00,57420419072.0,49442979840.0,1323066.6,46.37,0.65
BER: END_SEQ #8 [LOCK] seq_err=0 BER_seq=0.0000e+00 | lock=8 slip=0 BER_cond=0.0000e+00 BER_cum=0.0000e+00
CSV,120007,24000,8,8,0,4088,0,0.000000e+00,0.000000e+00,51048845312.0,54661038080.0,1424739.8,45.84,0.30
BER: SYNC #9 (gated)
CSV,125007,25000,9,8,0,4224,0,0.000000e+00,0.000000e+00,57166536704.0,48491724800.0,1474720.0,45.88,0.71
CSV,130007,26000,9,8,0,4424,0,0.000000e+00,0.000000e+00,54034948096.0,52216041472.0,1302930.1,46.18,0.15
BER: END_SEQ #9 [LOCK] seq_err=0 BER_seq=0.0000e+00 | lock=9 slip=0 BER_cond=0.0000e+00 BER_cum=0.0000e+00
CSV,135007,27000,9,9,0,4599,0,0.000000e+00,0.000000e+00,52161941504.0,53723111424.0,1433329.0,45.74,0.13
BER: SYNC #10 (gated)
CSV,140007,28000,10,9,0,4746,0,0.000000e+00,0.000000e+00,58796130304.0,48044597248.0,1413069.2,46.19,0.88
CSV,145007,29000,10,9,0,4946,0,0.000000e+00,0.000000e+00,52730540032.0,53081161728.0,1334705.1,46.00,0.03
BER: END_SEQ #10 [LOCK] seq_err=0 BER_seq=0.0000e+00 | lock=10 slip=0 BER_cond=0.0000e+00 BER_cum=0.0000e+00
CSV,150007,30000,10,10,0,5110,0,0.000000e+00,0.000000e+00,51829174272.0,53360603136.0,1377097.9,45.88,0.13
BER: SYNC #11 (gated)
CSV,155007,31000,11,10,0,5269,0,0.000000e+00,0.000000e+00,57639432192.0,47563710464.0,1409769.1,46.12,0.83
CSV,160007,32000,11,10,0,5469,0,0.000000e+00,0.000000e+00,53604392960.0,53304680448.0,1307198.8,46.13,0.02
BER: END_SEQ #11 [LOCK] seq_err=0 BER_seq=0.0000e+00 | lock=11 slip=0 BER_cond=0.0000e+00 BER_cum=0.0000e+00
CSV,165007,33000,11,11,0,5621,0,0.000000e+00,0.000000e+00,51752165376.0,53385080832.0,1561831.6,45.34,0.13
BER: SYNC #12 (gated)
CSV,170007,34000,12,11,0,5792,0,0.000000e+00,0.000000e+00,58324496384.0,48714727424.0,1370163.4,46.29,0.78
CSV,175007,35000,12,11,0,5992,0,0.000000e+00,0.000000e+00,52348506112.0,53055840256.0,1395773.5,45.80,0.06
BER: END_SEQ #12 [LOCK] seq_err=0 BER_seq=0.0000e+00 | lock=12 slip=0 BER_cond=0.0000e+00 BER_cum=0.0000e+00
CSV,180007,36000,12,12,0,6132,0,0.000000e+00,0.000000e+00,52707692544.0,52801802240.0,1544646.0,45.34,0.01
BER: SYNC #13 (gated)
CSV,185007,37000,13,12,0,6315,0,0.000000e+00,0.000000e+00,57393434624.0,47771930624.0,1192374.8,46.82,0.80
CSV,190007,38000,13,12,0,6515,0,0.000000e+00,0.000000e+00,53125394432.0,53266481152.0,1470488.2,45.59,0.01
BER: END_SEQ #13 [LOCK] seq_err=0 BER_seq=0.0000e+00 | lock=13 slip=0 BER_cond=0.0000e+00 BER_cum=0.0000e+00
CSV,195007,39000,13,13,0,6643,0,0.000000e+00,0.000000e+00,50685362176.0,53006954496.0,1506786.5,45.46,0.19
BER: SYNC #14 (gated)
CSV,200007,40000,14,13,0,6837,0,0.000000e+00,0.000000e+00,60687228928.0,46452686848.0,1303370.0,46.68,1.16
CSV,205007,41000,14,13,0,7037,0,0.000000e+00,0.000000e+00,51982360576.0,52060647424.0,1380140.2,45.77,0.01
BER: END_SEQ #14 [LOCK] seq_err=0 BER_seq=0.0000e+00 | lock=14 slip=0 BER_cond=0.0000e+00 BER_cum=0.0000e+00
BER: SYNC #15 (gated)
CSV,210007,42000,15,14,0,7160,0,0.000000e+00,0.000000e+00,51098775552.0,54336856064.0,1542709.1,45.47,0.27
CSV,215007,43000,15,14,0,7360,0,0.000000e+00,0.000000e+00,58312314880.0,46376861696.0,1398634.5,46.20,0.99
CSV,220007,44000,15,14,0,7560,0,0.000000e+00,0.000000e+00,52763054080.0,53998350336.0,1485683.0,45.60,0.10
BER: END_SEQ #15 [LOCK] seq_err=0 BER_seq=0.0000e+00 | lock=15 slip=0 BER_cond=0.0000e+00 BER_cum=0.0000e+00
BER: SYNC #16 (gated)
CSV,225007,45000,16,15,0,7683,0,0.000000e+00,0.000000e+00,50053296128.0,53776216064.0,1541889.2,45.43,0.31
CSV,230007,46000,16,15,0,7883,0,0.000000e+00,0.000000e+00,60386861056.0,47380549632.0,1394963.5,46.36,1.05
CSV,235007,47000,16,15,0,8083,0,0.000000e+00,0.000000e+00,52715769856.0,51907809280.0,1442808.6,45.63,0.07
BER: END_SEQ #16 [LOCK] seq_err=0 BER_seq=0.0000e+00 | lock=16 slip=0 BER_cond=0.0000e+00 BER_cum=0.0000e+00
BER: SYNC #17 (gated)
CSV,240007,48000,17,16,0,8206,0,0.000000e+00,0.000000e+00,50523299840.0,56203821056.0,1603191.2,45.45,0.46
CSV,245007,49000,17,16,0,8405,0,0.000000e+00,0.000000e+00,58461577216.0,46693171200.0,1327754.1,46.44,0.98
CSV,250007,50000,17,16,0,8605,0,0.000000e+00,0.000000e+00,54780047360.0,52779143168.0,1455768.2,45.76,0.16
BER: END_SEQ #17 [LOCK] seq_err=0 BER_seq=0.0000e+00 | lock=17 slip=0 BER_cond=0.0000e+00 BER_cum=0.0000e+00
BER: SYNC #18 (gated)
CSV,255007,51000,18,17,0,8728,0,0.000000e+00,0.000000e+00,50800959488.0,52680843264.0,1569373.0,45.26,0.16
CSV,260007,52000,18,17,0,8928,0,0.000000e+00,0.000000e+00,58163458048.0,49682468864.0,1339678.5,46.38,0.68
CSV,265007,53000,18,17,0,9128,0,0.000000e+00,0.000000e+00,52441387008.0,52321153024.0,1381204.8,45.79,0.01
BER: END_SEQ #18 [LOCK] seq_err=0 BER_seq=0.0000e+00 | lock=18 slip=0 BER_cond=0.0000e+00 BER_cum=0.0000e+00
BER: SYNC #19 (gated)
CSV,270007,54000,19,18,0,9251,0,0.000000e+00,0.000000e+00,53814390784.0,53676490752.0,1561850.2,45.37,0.01
CSV,275007,55000,19,18,0,9451,0,0.000000e+00,0.000000e+00,57120911360.0,47639592960.0,1411220.6,46.07,0.79
CSV,280007,56000,19,18,0,9651,0,0.000000e+00,0.000000e+00,54091558912.0,53296099328.0,1382296.1,45.93,0.06
BER: END_SEQ #19 [LOCK] seq_err=0 BER_seq=0.0000e+00 | lock=19 slip=0 BER_cond=0.0000e+00 BER_cum=0.0000e+00
BER: SYNC #20 (gated)
CSV,285007,57000,20,19,0,9774,0,0.000000e+00,0.000000e+00,49279307776.0,54153121792.0,1563322.9,45.40,0.41
CSV,290007,58000,20,19,0,9974,0,0.000000e+00,0.000000e+00,61479862272.0,46297354240.0,1322994.4,46.67,1.23
CSV,295007,59000,20,19,0,10173,0,0.000000e+00,0.000000e+00,51873734656.0,52226572288.0,1357115.2,45.85,0.03
BER: END_SEQ #20 [LOCK] seq_err=0 BER_seq=0.0000e+00 | lock=20 slip=0 BER_cond=0.0000e+00 BER_cum=0.0000e+00
BER: SYNC #21 (gated)
CSV,300007,60000,21,20,0,10296,0,0.000000e+00,0.000000e+00,50952978432.0,55605338112.0,1595370.5,45.42,0.38
CSV,305007,61000,21,20,0,10496,0,0.000000e+00,0.000000e+00,60334493696.0,44996100096.0,1291866.5,46.69,1.27
CSV,310007,62000,21,20,0,10696,0,0.000000e+00,0.000000e+00,52463034368.0,54935162880.0,1295395.9,46.27,0.20
BER: END_SEQ #21 [LOCK] seq_err=0 BER_seq=0.0000e+00 | lock=21 slip=0 BER_cond=0.0000e+00 BER_cum=0.0000e+00
BER: SYNC #22 (gated)
CSV,315007,63000,22,21,0,10819,0,0.000000e+00,0.000000e+00,50027200512.0,53708763136.0,1636413.0,45.16,0.31
CSV,320007,64000,22,21,0,11019,0,0.000000e+00,0.000000e+00,60055625728.0,47852998656.0,1306828.8,46.62,0.99
CSV,325007,65000,22,21,0,11219,0,0.000000e+00,0.000000e+00,52747034624.0,52114219008.0,1179932.6,46.50,0.05
BER: END_SEQ #22 [LOCK] seq_err=0 BER_seq=0.0000e+00 | lock=22 slip=0 BER_cond=0.0000e+00 BER_cum=0.0000e+00
BER: SYNC #23 (gated)
CSV,330007,66000,23,22,0,11342,0,0.000000e+00,0.000000e+00,51155533824.0,54994407424.0,1526397.2,45.57,0.31
CSV,335007,67000,23,22,0,11542,0,0.000000e+00,0.000000e+00,59727339520.0,45743464448.0,1359413.1,46.43,1.16
CSV,340007,68000,23,22,0,11742,0,0.000000e+00,0.000000e+00,52214038528.0,54675922944.0,1270656.2,46.34,0.20
BER: END_SEQ #23 [LOCK] seq_err=0 BER_seq=0.0000e+00 | lock=23 slip=0 BER_cond=0.0000e+00 BER_cum=0.0000e+00
BER: SYNC #24 (gated)
CSV,345007,69000,24,23,0,11864,0,0.000000e+00,0.000000e+00,50802556928.0,53346250752.0,1589673.9,45.26,0.21
CSV,350007,70000,24,23,0,12064,0,0.000000e+00,0.000000e+00,60116758528.0,47391944704.0,1326939.9,46.56,1.03
BER: END_SEQ #24 [LOCK] seq_err=0 BER_seq=0.0000e+00 | lock=24 slip=0 BER_cond=0.0000e+00 BER_cum=0.0000e+00
CSV,355007,71000,24,24,0,12264,0,0.000000e+00,0.000000e+00,50286379008.0,55062085632.0,1273654.5,46.36,0.39
BER: SYNC #25 (gated)
CSV,360007,72000,25,24,0,12387,0,0.000000e+00,0.000000e+00,54788538368.0,50816405504.0,1604212.5,45.33,0.33
CSV,365007,73000,25,24,0,12587,0,0.000000e+00,0.000000e+00,57307340800.0,48363454464.0,1317632.6,46.38,0.74
BER: END_SEQ #25 [LOCK] seq_err=0 BER_seq=0.0000e+00 | lock=25 slip=0 BER_cond=0.0000e+00 BER_cum=0.0000e+00
CSV,370007,74000,25,25,0,12775,0,0.000000e+00,0.000000e+00,51008188416.0,55194963968.0,1339326.9,46.15,0.34
BER: SYNC #26 (gated)
CSV,375007,75000,26,25,0,12910,0,0.000000e+00,0.000000e+00,56894025728.0,48464175104.0,1603834.4,45.50,0.70
CSV,380007,76000,26,25,0,13110,0,0.000000e+00,0.000000e+00,54059552768.0,52225912832.0,1308423.5,46.16,0.15
BER: END_SEQ #26 [LOCK] seq_err=0 BER_seq=0.0000e+00 | lock=26 slip=0 BER_cond=0.0000e+00 BER_cum=0.0000e+00
CSV,385007,77000,26,26,0,13286,0,0.000000e+00,0.000000e+00,51777224704.0,53213159424.0,1520881.2,45.44,0.12
BER: SYNC #27 (gated)
CSV,390007,78000,27,26,0,13433,0,0.000000e+00,0.000000e+00,58711650304.0,46996905984.0,1474666.5,46.00,0.97
CSV,395007,79000,27,26,0,13632,0,0.000000e+00,0.000000e+00,52680278016.0,52968566784.0,1465186.4,45.58,0.02
BER: END_SEQ #27 [LOCK] seq_err=0 BER_seq=0.0000e+00 | lock=27 slip=0 BER_cond=0.0000e+00 BER_cum=0.0000e+00
CSV,400007,80000,27,27,0,13797,0,0.000000e+00,0.000000e+00,51574317056.0,53922729984.0,1588797.2,45.31,0.19
BER: SYNC #28 (gated)
CSV,405007,81000,28,27,0,13955,0,0.000000e+00,0.000000e+00,58551296000.0,47766175744.0,1452973.2,46.05,0.88
CSV,410007,82000,28,27,0,14155,0,0.000000e+00,0.000000e+00,52446253056.0,53152157696.0,1394670.1,45.81,0.06
BER: END_SEQ #28 [LOCK] seq_err=0 BER_seq=0.0000e+00 | lock=28 slip=0 BER_cond=0.0000e+00 BER_cum=0.0000e+00
CSV,415007,83000,28,28,0,14308,0,0.000000e+00,0.000000e+00,52149764096.0,53107093504.0,1704350.0,44.94,0.08
BER: SYNC #29 (gated)
CSV,420007,84000,29,28,0,14478,0,0.000000e+00,0.000000e+00,57702088704.0,48078180352.0,1323815.9,46.39,0.79
CSV,425007,85000,29,28,0,14678,0,0.000000e+00,0.000000e+00,53099429888.0,53318438912.0,1322864.0,46.05,0.02
BER: END_SEQ #29 [LOCK] seq_err=0 BER_seq=0.0000e+00 | lock=29 slip=0 BER_cond=0.0000e+00 BER_cum=0.0000e+00
CSV,430007,86000,29,29,0,14819,0,0.000000e+00,0.000000e+00,52245655552.0,52617818112.0,1679234.2,44.96,0.03
BER: SYNC #30 (gated)
CSV,435007,87000,30,29,0,15001,0,0.000000e+00,0.000000e+00,57885839360.0,49186828288.0,1380454.4,46.23,0.71
CSV,440007,88000,30,29,0,15201,0,0.000000e+00,0.000000e+00,52371718144.0,52794867712.0,1383164.1,45.82,0.03
BER: END_SEQ #30 [LOCK] seq_err=0 BER_seq=0.0000e+00 | lock=30 slip=0 BER_cond=0.0000e+00 BER_cum=0.0000e+00
CSV,445007,89000,30,30,0,15330,0,0.000000e+00,0.000000e+00,52117393408.0,53585743872.0,1536994.5,45.42,0.12
BER: SYNC #31 (gated)
CSV,450007,90000,31,30,0,15523,0,0.000000e+00,0.000000e+00,59872382976.0,46026788864.0,1362419.8,46.43,1.14
CSV,455007,91000,31,30,0,15723,0,0.000000e+00,0.000000e+00,53206802432.0,53568217088.0,1428124.0,45.74,0.03
BER: END_SEQ #31 [LOCK] seq_err=0 BER_seq=0.0000e+00 | lock=31 slip=0 BER_cond=0.0000e+00 BER_cum=0.0000e+00
BER: SYNC #32 (gated)
CSV,460007,92000,32,31,0,15846,0,0.000000e+00,0.000000e+00,50386673664.0,53776687104.0,1602539.5,45.26,0.28
CSV,465007,93000,32,31,0,16046,0,0.000000e+00,0.000000e+00,59685564416.0,47878266880.0,1279118.8,46.69,0.96
CSV,470007,94000,32,31,0,16246,0,0.000000e+00,0.000000e+00,51707260928.0,53152780288.0,1364008.2,45.91,0.12
BER: END_SEQ #32 [LOCK] seq_err=0 BER_seq=0.0000e+00 | lock=32 slip=0 BER_cond=0.0000e+00 BER_cum=0.0000e+00
BER: SYNC #33 (gated)
CSV,475007,95000,33,32,0,16369,0,0.000000e+00,0.000000e+00,51034361856.0,55368974336.0,1646505.0,45.27,0.35
CSV,480007,96000,33,32,0,16569,0,0.000000e+00,0.000000e+00,59009703936.0,46298796032.0,1198095.2,46.92,1.05
CSV,485007,97000,33,32,0,16769,0,0.000000e+00,0.000000e+00,54440206336.0,52719718400.0,1327308.2,46.13,0.14
BER: END_SEQ #33 [LOCK] seq_err=0 BER_seq=0.0000e+00 | lock=33 slip=0 BER_cond=0.0000e+00 BER_cum=0.0000e+00
BER: SYNC #34 (gated)
CSV,490007,98000,34,33,0,16892,0,0.000000e+00,0.000000e+00,48794591232.0,54671548416.0,1625854.2,45.27,0.49
CSV,495007,99000,34,33,0,17092,0,0.000000e+00,0.000000e+00,59788165120.0,47931310080.0,1384159.6,46.35,0.96
CSV,500007,100000,34,33,0,17291,0,0.000000e+00,0.000000e+00,53220012032.0,51546046464.0,1145810.5,46.67,0.14
BER: END_SEQ #34 [LOCK] seq_err=0 BER_seq=0.0000e+00 | lock=34 slip=0 BER_cond=0.0000e+00 BER_cum=0.0000e+00
BER: SYNC #35 (gated)
CSV,505007,101000,35,34,0,17414,0,0.000000e+00,0.000000e+00,52339453952.0,54590169088.0,1562741.9,45.43,0.18
CSV,510007,102000,35,34,0,17614,0,0.000000e+00,0.000000e+00,56707694592.0,48244428800.0,1404822.6,46.06,0.70
CSV,515007,103000,35,34,0,17814,0,0.000000e+00,0.000000e+00,54120636416.0,53265129472.0,1200875.0,46.54,0.07
BER: END_SEQ #35 [LOCK] seq_err=0 BER_seq=0.0000e+00 | lock=35 slip=0 BER_cond=0.0000e+00 BER_cum=0.0000e+00
BER: SYNC #36 (gated)
CSV,520007,104000,36,35,0,17937,0,0.000000e+00,0.000000e+00,51170902016.0,52162973696.0,1622120.1,45.07,0.08
CSV,525007,105000,36,35,0,18137,0,0.000000e+00,0.000000e+00,58672975872.0,49072967680.0,1337321.1,46.42,0.78
CSV,530007,106000,36,35,0,18337,0,0.000000e+00,0.000000e+00,53015113728.0,51559333888.0,1286053.6,46.15,0.12
BER: END_SEQ #36 [LOCK] seq_err=0 BER_seq=0.0000e+00 | lock=36 slip=0 BER_cond=0.0000e+00 BER_cum=0.0000e+00
BER: SYNC #37 (gated)
CSV,535007,107000,37,36,0,18460,0,0.000000e+00,0.000000e+00,51370643456.0,56032718848.0,1496811.5,45.73,0.38
CSV,540007,108000,37,36,0,18660,0,0.000000e+00,0.000000e+00,60062740480.0,45025607680.0,1316582.8,46.59,1.25
CSV,545007,109000,37,36,0,18860,0,0.000000e+00,0.000000e+00,53021360128.0,54344146944.0,1382287.8,45.95,0.11
BER: END_SEQ #37 [LOCK] seq_err=0 BER_seq=0.0000e+00 | lock=37 slip=0 BER_cond=0.0000e+00 BER_cum=0.0000e+00
BER: SYNC #38 (gated)
CSV,550007,110000,38,37,0,18982,0,0.000000e+00,0.000000e+00,49292390400.0,54087000064.0,1547819.0,45.43,0.40
CSV,555007,111000,38,37,0,19182,0,0.000000e+00,0.000000e+00,61950488576.0,45979545600.0,1319813.9,46.72,1.29
CSV,560007,112000,38,37,0,19382,0,0.000000e+00,0.000000e+00,51052527616.0,53325524992.0,1340178.9,46.00,0.19
BER: END_SEQ #38 [LOCK] seq_err=0 BER_seq=0.0000e+00 | lock=38 slip=0 BER_cond=0.0000e+00 BER_cum=0.0000e+00
BER: SYNC #39 (gated)
CSV,565007,113000,39,38,0,19505,0,0.000000e+00,0.000000e+00,51544051712.0,55073992704.0,1561139.0,45.48,0.29
CSV,570007,114000,39,38,0,19705,0,0.000000e+00,0.000000e+00,58457223168.0,46706700288.0,1461288.8,46.02,0.97
CSV,575007,115000,39,38,0,19905,0,0.000000e+00,0.000000e+00,53680119808.0,53549113344.0,1469147.2,45.63,0.01
BER: END_SEQ #39 [LOCK] seq_err=0 BER_seq=0.0000e+00 | lock=39 slip=0 BER_cond=0.0000e+00 BER_cum=0.0000e+00
BER: SYNC #40 (gated)
CSV,580007,116000,40,39,0,20028,0,0.000000e+00,0.000000e+00,49934790656.0,53739683840.0,1567846.4,45.35,0.32
CSV,585007,117000,40,39,0,20228,0,0.000000e+00,0.000000e+00,60931084288.0,46997716992.0,1409975.9,46.36,1.13
CSV,590007,118000,40,39,0,20428,0,0.000000e+00,0.000000e+00,51023187968.0,53668548608.0,1493434.6,45.56,0.22
BER: END_SEQ #40 [LOCK] seq_err=0 BER_seq=0.0000e+00 | lock=40 slip=0 BER_cond=0.0000e+00 BER_cum=0.0000e+00
BER: SYNC #41 (gated)
CSV,595007,119000,41,40,0,20551,0,0.000000e+00,0.000000e+00,52343066624.0,53862658048.0,1620337.4,45.22,0.12
CSV,600007,120000,41,40,0,20750,0,0.000000e+00,0.000000e+00,58587254784.0,46837407744.0,1292263.8,46.56,0.97
CSV,605007,121000,41,40,0,20950,0,0.000000e+00,0.000000e+00,51172315136.0,55833026560.0,1401814.2,46.00,0.38
BER: END_SEQ #41 [LOCK] seq_err=0 BER_seq=0.0000e+00 | lock=41 slip=0 BER_cond=0.0000e+00 BER_cum=0.0000e+00
BER: SYNC #42 (gated)
CSV,610007,122000,42,41,0,21073,0,0.000000e+00,0.000000e+00,53981356032.0,50301214720.0,1671801.2,45.09,0.31
CSV,615007,123000,42,41,0,21273,0,0.000000e+00,0.000000e+00,58398208000.0,48931446784.0,1306238.5,46.50,0.77
BER: END_SEQ #42 [LOCK] seq_err=0 BER_seq=0.0000e+00 | lock=42 slip=0 BER_cond=0.0000e+00 BER_cum=0.0000e+00
CSV,620007,124000,42,42,0,21462,0,0.000000e+00,0.000000e+00,50300076032.0,54557765632.0,1280988.2,46.29,0.35
BER: SYNC #43 (gated)
CSV,625007,125000,43,42,0,21596,0,0.000000e+00,0.000000e+00,57255534592.0,48757604352.0,1591061.2,45.56,0.70
CSV,630007,126000,43,42,0,21796,0,0.000000e+00,0.000000e+00,53183377408.0,52050264064.0,1383550.4,45.85,0.09
BER: END_SEQ #43 [LOCK] seq_err=0 BER_seq=0.0000e+00 | lock=43 slip=0 BER_cond=0.0000e+00 BER_cum=0.0000e+00
CSV,635007,127000,43,43,0,21973,0,0.000000e+00,0.000000e+00,52941504512.0,53509292032.0,1360368.6,45.95,0.05
BER: SYNC #44 (gated)
CSV,640007,128000,44,43,0,22119,0,0.000000e+00,0.000000e+00,58232819712.0,47447597056.0,1597542.5,45.62,0.89
CSV,645007,129000,44,43,0,22319,0,0.000000e+00,0.000000e+00,52838072320.0,53171748864.0,1358073.0,45.93,0.03
BER: END_SEQ #44 [LOCK] seq_err=0 BER_seq=0.0000e+00 | lock=44 slip=0 BER_cond=0.0000e+00 BER_cum=0.0000e+00
CSV,650007,130000,44,44,0,22484,0,0.000000e+00,0.000000e+00,51561598976.0,53009928192.0,1500487.6,45.48,0.12
BER: SYNC #45 (gated)
CSV,655007,131000,45,44,0,22641,0,0.000000e+00,0.000000e+00,58220605440.0,47569772544.0,1404114.2,46.18,0.88
CSV,660007,132000,45,44,0,22841,0,0.000000e+00,0.000000e+00,52031676416.0,53409378304.0,1346213.1,45.99,0.11
BER: END_SEQ #45 [LOCK] seq_err=0 BER_seq=0.0000e+00 | lock=45 slip=0 BER_cond=0.0000e+00 BER_cum=0.0000e+00
CSV,665007,133000,45,45,0,22995,0,0.000000e+00,0.000000e+00,52599939072.0,52904943616.0,1610551.4,45.17,0.03
BER: SYNC #46 (gated)
CSV,670007,134000,46,45,0,23164,0,0.000000e+00,0.000000e+00,58220429312.0,48116781056.0,1335959.2,46.39,0.83
CSV,675007,135000,46,45,0,23364,0,0.000000e+00,0.000000e+00,52673613824.0,52926742528.0,1303271.5,46.09,0.02
BER: END_SEQ #46 [LOCK] seq_err=0 BER_seq=0.0000e+00 | lock=46 slip=0 BER_cond=0.0000e+00 BER_cum=0.0000e+00
CSV,680007,136000,46,46,0,23506,0,0.000000e+00,0.000000e+00,51908907008.0,52953006080.0,1505562.4,45.46,0.09
BER: SYNC #47 (gated)
CSV,685007,137000,47,46,0,23687,0,0.000000e+00,0.000000e+00,57218093056.0,48849027072.0,1287220.8,46.48,0.69
CSV,690007,138000,47,46,0,23887,0,0.000000e+00,0.000000e+00,52903079936.0,53328277504.0,1315271.6,46.08,0.03
BER: END_SEQ #47 [LOCK] seq_err=0 BER_seq=0.0000e+00 | lock=47 slip=0 BER_cond=0.0000e+00 BER_cum=0.0000e+00
CSV,695007,139000,47,47,0,24017,0,0.000000e+00,0.000000e+00,51698024448.0,53240094720.0,1524728.4,45.43,0.13
BER: SYNC #48 (gated)
CSV,700007,140000,48,47,0,24210,0,0.000000e+00,0.000000e+00,60503285760.0,46582673408.0,1309147.8,46.65,1.14
CSV,705007,141000,48,47,0,24409,0,0.000000e+00,0.000000e+00,52463878144.0,52607258624.0,1239977.5,46.28,0.01
BER: END_SEQ #48 [LOCK] seq_err=0 BER_seq=0.0000e+00 | lock=48 slip=0 BER_cond=0.0000e+00 BER_cum=0.0000e+00
BER: SYNC #49 (gated)
CSV,710007,142000,49,48,0,24532,0,0.000000e+00,0.000000e+00,51342925824.0,54171860992.0,1551090.5,45.43,0.23
CSV,715007,143000,49,48,0,24732,0,0.000000e+00,0.000000e+00,58837938176.0,46706491392.0,1324085.2,46.48,1.00
CSV,720007,144000,49,48,0,24932,0,0.000000e+00,0.000000e+00,52583964672.0,53896650752.0,1395769.1,45.87,0.11
BER: END_SEQ #49 [LOCK] seq_err=0 BER_seq=0.0000e+00 | lock=49 slip=0 BER_cond=0.0000e+00 BER_cum=0.0000e+00
BER: SYNC #50 (gated)
CSV,725007,145000,50,49,0,25055,0,0.000000e+00,0.000000e+00,49282301952.0,54650826752.0,1453340.2,45.75,0.45
CSV,730007,146000,50,49,0,25255,0,0.000000e+00,0.000000e+00,60065529856.0,47164784640.0,1319737.2,46.58,1.05
CSV,735007,147000,50,49,0,25455,0,0.000000e+00,0.000000e+00,53263605760.0,51483783168.0,1302794.5,46.12,0.15
BER: END_SEQ #50 [LOCK] seq_err=0 BER_seq=0.0000e+00 | lock=50 slip=0 BER_cond=0.0000e+00 BER_cum=0.0000e+00
BER: SYNC #51 (gated)
CSV,740007,148000,51,50,0,25578,0,0.000000e+00,0.000000e+00,50063179776.0,55920308224.0,1535331.5,45.61,0.48
CSV,745007,149000,51,50,0,25778,0,0.000000e+00,0.000000e+00,58847956992.0,46090592256.0,1408266.4,46.21,1.06
CSV,750007,150000,51,50,0,25978,0,0.000000e+00,0.000000e+00,53889130496.0,52991688704.0,1352906.5,46.00,0.07
BER: END_SEQ #51 [LOCK] seq_err=0 BER_seq=0.0000e+00 | lock=51 slip=0 BER_cond=0.0000e+00 BER_cum=0.0000e+00
BER: SYNC #52 (gated)
CSV,755007,151000,52,51,0,26100,0,0.000000e+00,0.000000e+00,50914816000.0,52433235968.0,1579053.0,45.21,0.13
CSV,760007,152000,52,51,0,26300,0,0.000000e+00,0.000000e+00,57853087744.0,49301979136.0,1363252.1,46.28,0.69
CSV,765007,153000,52,51,0,26500,0,0.000000e+00,0.000000e+00,52719493120.0,51591790592.0,1521401.8,45.40,0.09
BER: END_SEQ #52 [LOCK] seq_err=0 BER_seq=0.0000e+00 | lock=52 slip=0 BER_cond=0.0000e+00 BER_cum=0.0000e+00
BER: SYNC #53 (gated)
CSV,770007,154000,53,52,0,26623,0,0.000000e+00,0.000000e+00,52434493440.0,54200291328.0,1633285.8,45.21,0.14
CSV,775007,155000,53,52,0,26823,0,0.000000e+00,0.000000e+00,57067655168.0,47514783744.0,1302559.1,46.42,0.80
CSV,780007,156000,53,52,0,27023,0,0.000000e+00,0.000000e+00,54543556608.0,52617371648.0,1533004.6,45.51,0.16
BER: END_SEQ #53 [LOCK] seq_err=0 BER_seq=0.0000e+00 | lock=53 slip=0 BER_cond=0.0000e+00 BER_cum=0.0000e+00
BER: SYNC #54 (gated)
CSV,785007,157000,54,53,0,27146,0,0.000000e+00,0.000000e+00,49572274176.0,53558792192.0,1518635.1,45.47,0.34
CSV,790007,158000,54,53,0,27346,0,0.000000e+00,0.000000e+00,61460643840.0,46178013184.0,1307819.5,46.72,1.24
CSV,795007,159000,54,53,0,27546,0,0.000000e+00,0.000000e+00,51336110080.0,52727386112.0,1464536.8,45.56,0.12
BER: END_SEQ #54 [LOCK] seq_err=0 BER_seq=0.0000e+00 | lock=54 slip=0 BER_cond=0.0000e+00 BER_cum=0.0000e+00
BER: SYNC #55 (gated)
CSV,800007,160000,55,54,0,27669,0,0.000000e+00,0.000000e+00,51143430144.0,55740997632.0,1543552.6,45.58,0.37
CSV,805007,161000,55,54,0,27868,0,0.000000e+00,0.000000e+00,59930996736.0,44753883136.0,1298509.6,46.64,1.27
CSV,810007,162000,55,54,0,28068,0,0.000000e+00,0.000000e+00,52789628928.0,54306136064.0,1398095.5,45.89,0.12
BER: END_SEQ #55 [LOCK] seq_err=0 BER_seq=0.0000e+00 | lock=55 slip=0 BER_cond=0.0000e+00 BER_cum=0.0000e+00
BER: SYNC #56 (gated)
CSV,815007,163000,56,55,0,28191,0,0.000000e+00,0.000000e+00,49803563008.0,53119533056.0,1582349.0,45.26,0.28
CSV,820007,164000,56,55,0,28391,0,0.000000e+00,0.000000e+00,59771289600.0,47835455488.0,1402219.1,46.30,0.97
CSV,825007,165000,56,55,0,28591,0,0.000000e+00,0.000000e+00,51577004032.0,52425830400.0,1312259.8,46.02,0.07
BER: END_SEQ #56 [LOCK] seq_err=0 BER_seq=0.0000e+00 | lock=56 slip=0 BER_cond=0.0000e+00 BER_cum=0.0000e+00
BER: SYNC #57 (gated)
CSV,830007,166000,57,56,0,28714,0,0.000000e+00,0.000000e+00,51709947904.0,54565060608.0,1649534.1,45.20,0.23
CSV,835007,167000,57,56,0,28914,0,0.000000e+00,0.000000e+00,59002908672.0,45856034816.0,1282716.8,46.63,1.09
CSV,840007,168000,57,56,0,29114,0,0.000000e+00,0.000000e+00,52177031168.0,54664175616.0,1360992.0,46.04,0.20
BER: END_SEQ #57 [LOCK] seq_err=0 BER_seq=0.0000e+00 | lock=57 slip=0 BER_cond=0.0000e+00 BER_cum=0.0000e+00
BER: SYNC #58 (gated)
CSV,845007,169000,58,57,0,29237,0,0.000000e+00,0.000000e+00,50886279168.0,52375240704.0,1655754.0,45.00,0.13
CSV,850007,170000,58,57,0,29437,0,0.000000e+00,0.000000e+00,60177371136.0,47247753216.0,1284842.1,46.71,1.05
CSV,855007,171000,58,57,0,29636,0,0.000000e+00,0.000000e+00,49939963904.0,54547288064.0,1315764.6,46.18,0.38
BER: END_SEQ #58 [LOCK] seq_err=0 BER_seq=0.0000e+00 | lock=58 slip=0 BER_cond=0.0000e+00 BER_cum=0.0000e+00
BER: SYNC #59 (gated)
CSV,860007,172000,59,58,0,29759,0,0.000000e+00,0.000000e+00,54289526784.0,51483447296.0,1656857.4,45.15,0.23
CSV,865007,173000,59,58,0,29959,0,0.000000e+00,0.000000e+00,57260130304.0,47749357568.0,1258691.1,46.58,0.79
BER: END_SEQ #59 [LOCK] seq_err=0 BER_seq=0.0000e+00 | lock=59 slip=0 BER_cond=0.0000e+00 BER_cum=0.0000e+00
CSV,870007,174000,59,59,0,30149,0,0.000000e+00,0.000000e+00,51510108160.0,55100276736.0,1236304.1,46.49,0.29
BER: SYNC #60 (gated)
CSV,875007,175000,60,59,0,30282,0,0.000000e+00,0.000000e+00,56503517184.0,48124223488.0,1534986.0,45.66,0.70
CSV,880007,176000,60,59,0,30482,0,0.000000e+00,0.000000e+00,54044921856.0,52676448256.0,1383710.1,45.92,0.11
BER: END_SEQ #60 [LOCK] seq_err=0 BER_seq=0.0000e+00 | lock=60 slip=0 BER_cond=0.0000e+00 BER_cum=0.0000e+00
CSV,885007,177000,60,60,0,30660,0,0.000000e+00,0.000000e+00,51743965184.0,52799000576.0,1320017.1,46.02,0.09
BER: SYNC #61 (gated)
CSV,890007,178000,61,60,0,30805,0,0.000000e+00,0.000000e+00,58402385920.0,47780974592.0,1395084.9,46.22,0.87
CSV,895007,179000,61,60,0,31005,0,0.000000e+00,0.000000e+00,52864774144.0,52228141056.0,1337335.8,45.97,0.05
BER: END_SEQ #61 [LOCK] seq_err=0 BER_seq=0.0000e+00 | lock=61 slip=0 BER_cond=0.0000e+00 BER_cum=0.0000e+00
CSV,900007,180000,61,61,0,31171,0,0.000000e+00,0.000000e+00,51873918976.0,54352195584.0,1469286.5,45.68,0.20
BER: SYNC #62 (gated)
CSV,905007,181000,62,61,0,31327,0,0.000000e+00,0.000000e+00,58100887552.0,47353741312.0,1455553.2,46.01,0.89
CSV,910007,182000,62,61,0,31527,0,0.000000e+00,0.000000e+00,52156215296.0,53711859712.0,1337526.6,46.04,0.13
BER: END_SEQ #62 [LOCK] seq_err=0 BER_seq=0.0000e+00 | lock=62 slip=0 BER_cond=0.0000e+00 BER_cum=0.0000e+00
CSV,915007,183000,62,62,0,31682,0,0.000000e+00,0.000000e+00,52172226560.0,52128378880.0,1476294.0,45.48,0.00
BER: SYNC #63 (gated)
CSV,920007,184000,63,62,0,31850,0,0.000000e+00,0.000000e+00,58426265600.0,47706152960.0,1304424.9,46.51,0.88
CSV,925007,185000,63,62,0,32050,0,0.000000e+00,0.000000e+00,52576550912.0,52871856128.0,1447845.4,45.63,0.02
BER: END_SEQ #63 [LOCK] seq_err=0 BER_seq=0.0000e+00 | lock=63 slip=0 BER_cond=0.0000e+00 BER_cum=0.0000e+00
CSV,930007,186000,63,63,0,32193,0,0.000000e+00,0.000000e+00,52050034688.0,53432700928.0,1553987.2,45.36,0.11
BER: SYNC #64 (gated)
CSV,935007,187000,64,63,0,32373,0,0.000000e+00,0.000000e+00,57360343040.0,48794865664.0,1232957.0,46.68,0.70
CSV,940007,188000,64,63,0,32573,0,0.000000e+00,0.000000e+00,52577579008.0,52845268992.0,1412308.9,45.73,0.02
BER: END_SEQ #64 [LOCK] seq_err=0 BER_seq=0.0000e+00 | lock=64 slip=0 BER_cond=0.0000e+00 BER_cum=0.0000e+00
CSV,945007,189000,64,64,0,32704,0,0.000000e+00,0.000000e+00,51157614592.0,53508083712.0,1561928.8,45.35,0.20
BER: SYNC #65 (gated)
CSV,950007,190000,65,64,0,32896,0,0.000000e+00,0.000000e+00,60006514688.0,46067687424.0,1343170.4,46.50,1.15
CSV,955007,191000,65,64,0,33096,0,0.000000e+00,0.000000e+00,53429362688.0,52662743040.0,1481259.2,45.57,0.06
BER: END_SEQ #65 [LOCK] seq_err=0 BER_seq=0.0000e+00 | lock=65 slip=0 BER_cond=0.0000e+00 BER_cum=0.0000e+00
BER: SYNC #66 (gated)
CSV,960007,192000,66,65,0,33218,0,0.000000e+00,0.000000e+00,50332622848.0,54004297728.0,1603996.2,45.27,0.31
CSV,965007,193000,66,65,0,33418,0,0.000000e+00,0.000000e+00,59752202240.0,46905360384.0,1405730.8,46.28,1.05
CSV,970007,194000,66,65,0,33618,0,0.000000e+00,0.000000e+00,51704115200.0,53136498688.0,1484274.9,45.54,0.12
BER: END_SEQ #66 [LOCK] seq_err=0 BER_seq=0.0000e+00 | lock=66 slip=0 BER_cond=0.0000e+00 BER_cum=0.0000e+00
BER: SYNC #67 (gated)
CSV,975007,195000,67,66,0,33741,0,0.000000e+00,0.000000e+00,49696157696.0,55526559744.0,1557896.8,45.52,0.48
CSV,980007,196000,67,66,0,33941,0,0.000000e+00,0.000000e+00,59379277824.0,45940121600.0,1377430.0,46.35,1.11
CSV,985007,197000,67,66,0,34141,0,0.000000e+00,0.000000e+00,53849382912.0,52507013120.0,1422961.4,45.78,0.11
BER: END_SEQ #67 [LOCK] seq_err=0 BER_seq=0.0000e+00 | lock=67 slip=0 BER_cond=0.0000e+00 BER_cum=0.0000e+00
BER: SYNC #68 (gated)
CSV,990007,198000,68,67,0,34264,0,0.000000e+00,0.000000e+00,48810184704.0,54677274624.0,1589986.9,45.36,0.49
CSV,995007,199000,68,67,0,34464,0,0.000000e+00,0.000000e+00,60449878016.0,46581321728.0,1315272.1,46.62,1.13
CSV,1000007,200000,68,67,0,34664,0,0.000000e+00,0.000000e+00,52155199488.0,52367589376.0,1416120.9,45.68,0.02
BER: END_SEQ #68 [LOCK] seq_err=0 BER_seq=0.0000e+00 | lock=68 slip=0 BER_cond=0.0000e+00 BER_cum=0.0000e+00
BER: SYNC #69 (gated)
CSV,1005007,201000,69,68,0,34787,0,0.000000e+00,0.000000e+00,52451672064.0,53701767168.0,1541528.8,45.42,0.10
CSV,1010007,202000,69,68,0,34986,0,0.000000e+00,0.000000e+00,56688541696.0,48207253504.0,1330026.1,46.30,0.70
CSV,1015007,203000,69,68,0,35186,0,0.000000e+00,0.000000e+00,54316961792.0,52579590144.0,1384322.8,45.94,0.14
BER: END_SEQ #69 [LOCK] seq_err=0 BER_seq=0.0000e+00 | lock=69 slip=0 BER_cond=0.0000e+00 BER_cum=0.0000e+00
BER: SYNC #70 (gated)
CSV,1020007,204000,70,69,0,35309,0,0.000000e+00,0.000000e+00,50531577856.0,52806082560.0,1581627.2,45.24,0.19
CSV,1025007,205000,70,69,0,35509,0,0.000000e+00,0.000000e+00,58531647488.0,48795435008.0,1381087.6,46.27,0.79
CSV,1030007,206000,70,69,0,35709,0,0.000000e+00,0.000000e+00,52854091776.0,51621847040.0,1364554.0,45.88,0.10
BER: END_SEQ #70 [LOCK] seq_err=0 BER_seq=0.0000e+00 | lock=70 slip=0 BER_cond=0.0000e+00 BER_cum=0.0000e+00
BER: SYNC #71 (gated)
CSV,1035007,207000,71,70,0,35832,0,0.000000e+00,0.000000e+00,52005728256.0,54807609344.0,1560418.5,45.46,0.23
CSV,1040007,208000,71,70,0,36032,0,0.000000e+00,0.000000e+00,59609280512.0,45422108672.0,1335816.8,46.50,1.18
CSV,1045007,209000,71,70,0,36232,0,0.000000e+00,0.000000e+00,53321285632.0,53833609216.0,1349641.8,46.01,0.04
BER: END_SEQ #71 [LOCK] seq_err=0 BER_seq=0.0000e+00 | lock=71 slip=0 BER_cond=0.0000e+00 BER_cum=0.0000e+00
BER: SYNC #72 (gated)
CSV,1050007,210000,72,71,0,36355,0,0.000000e+00,0.000000e+00,48582770688.0,54296363008.0,1590369.0,45.33,0.48
CSV,1055007,211000,72,71,0,36555,0,0.000000e+00,0.000000e+00,61889564672.0,45641592832.0,1317610.9,46.72,1.32
CSV,1060007,212000,72,71,0,36754,0,0.000000e+00,0.000000e+00,50755252224.0,53147811840.0,1379142.1,45.86,0.20
BER: END_SEQ #72 [LOCK] seq_err=0 BER_seq=0.0000e+00 | lock=72 slip=0 BER_cond=0.0000e+00 BER_cum=0.0000e+00
BER: SYNC #73 (gated)
CSV,1065007,213000,73,72,0,36877,0,0.000000e+00,0.000000e+00,51960229888.0,54517587968.0,1622975.9,45.26,0.21
CSV,1070007,214000,73,72,0,37077,0,0.000000e+00,0.000000e+00,58298703872.0,46202146816.0,1213752.5,46.82,1.01
CSV,1075007,215000,73,72,0,37277,0,0.000000e+00,0.000000e+00,52556509184.0,53461512192.0,1239503.6,46.35,0.07
BER: END_SEQ #73 [LOCK] seq_err=0 BER_seq=0.0000e+00 | lock=73 slip=0 BER_cond=0.0000e+00 BER_cum=0.0000e+00
BER: SYNC #74 (gated)
CSV,1080007,216000,74,73,0,37400,0,0.000000e+00,0.000000e+00,49656418304.0,52346388480.0,1555283.9,45.27,0.23
CSV,1085007,217000,74,73,0,37600,0,0.000000e+00,0.000000e+00,60051914752.0,47033044992.0,1389590.9,46.36,1.06
CSV,1090007,218000,74,73,0,37800,0,0.000000e+00,0.000000e+00,51116294144.0,52805844992.0,1227879.9,46.34,0.14
BER: END_SEQ #74 [LOCK] seq_err=0 BER_seq=0.0000e+00 | lock=74 slip=0 BER_cond=0.0000e+00 BER_cum=0.0000e+00
BER: SYNC #75 (gated)
CSV,1095007,219000,75,74,0,37923,0,0.000000e+00,0.000000e+00,51889635328.0,54012108800.0,1651141.9,45.15,0.17
CSV,1100007,220000,75,74,0,38123,0,0.000000e+00,0.000000e+00,58746470400.0,45928058880.0,1394903.0,46.24,1.07
CSV,1105007,221000,75,74,0,38323,0,0.000000e+00,0.000000e+00,51722629120.0,55201157120.0,1240610.0,46.48,0.28
BER: END_SEQ #75 [LOCK] seq_err=0 BER_seq=0.0000e+00 | lock=75 slip=0 BER_cond=0.0000e+00 BER_cum=0.0000e+00
BER: SYNC #76 (gated)
CSV,1110007,222000,76,75,0,38445,0,0.000000e+00,0.000000e+00,52661452800.0,50789343232.0,1588526.6,45.20,0.16
CSV,1115007,223000,76,75,0,38645,0,0.000000e+00,0.000000e+00,58396434432.0,49077981184.0,1306716.8,46.50,0.75
BER: END_SEQ #76 [LOCK] seq_err=0 BER_seq=0.0000e+00 | lock=76 slip=0 BER_cond=0.0000e+00 BER_cum=0.0000e+00
CSV,1120007,224000,76,76,0,38836,0,0.000000e+00,0.000000e+00,50577694720.0,53964374016.0,1349413.8,46.02,0.28
BER: SYNC #77 (gated)
CSV,1125007,225000,77,76,0,38968,0,0.000000e+00,0.000000e+00,57144201216.0,49085956096.0,1471975.4,45.89,0.66
CSV,1130007,226000,77,76,0,39168,0,0.000000e+00,0.000000e+00,53235081216.0,51423498240.0,1379050.6,45.87,0.15
BER: END_SEQ #77 [LOCK] seq_err=0 BER_seq=0.0000e+00 | lock=77 slip=0 BER_cond=0.0000e+00 BER_cum=0.0000e+00
CSV,1135007,227000,77,77,0,39347,0,0.000000e+00,0.000000e+00,52680581120.0,53235843072.0,1546526.2,45.37,0.05
BER: SYNC #78 (gated)
CSV,1140007,228000,78,77,0,39491,0,0.000000e+00,0.000000e+00,57677856768.0,46925926400.0,1539091.6,45.74,0.90
CSV,1145007,229000,78,77,0,39691,0,0.000000e+00,0.000000e+00,53603618816.0,52559687680.0,1453873.4,45.67,0.09
BER: END_SEQ #78 [LOCK] seq_err=0 BER_seq=0.0000e+00 | lock=78 slip=0 BER_cond=0.0000e+00 BER_cum=0.0000e+00
CSV,1150007,230000,78,78,0,39858,0,0.000000e+00,0.000000e+00,50763010048.0,53112340480.0,1596732.8,45.22,0.20
BER: SYNC #79 (gated)
CSV,1155007,231000,79,78,0,40014,0,0.000000e+00,0.000000e+00,58486169600.0,47735103488.0,1481621.4,45.96,0.88
CSV,1160007,232000,79,78,0,40213,0,0.000000e+00,0.000000e+00,51162767360.0,53473075200.0,1431527.1,45.72,0.19
BER: END_SEQ #79 [LOCK] seq_err=0 BER_seq=0.0000e+00 | lock=79 slip=0 BER_cond=0.0000e+00 BER_cum=0.0000e+00
CSV,1165007,233000,79,79,0,40369,0,0.000000e+00,0.000000e+00,53184249856.0,52272447488.0,1582549.8,45.26,0.08
BER: SYNC #80 (gated)
CSV,1170007,234000,80,79,0,40536,0,0.000000e+00,0.000000e+00,57898012672.0,46676389888.0,1451536.9,46.01,0.94
CSV,1175007,235000,80,79,0,40736,0,0.000000e+00,0.000000e+00,52356513792.0,52648435712.0,1406564.0,45.73,0.02
BER: END_SEQ #80 [LOCK] seq_err=0 BER_seq=0.0000e+00 | lock=80 slip=0 BER_cond=0.0000e+00 BER_cum=0.0000e+00
CSV,1180007,236000,80,80,0,40880,0,0.000000e+00,0.000000e+00,51256074240.0,52730232832.0,1625262.1,45.11,0.12
BER: SYNC #81 (gated)
CSV,1185007,237000,81,80,0,41059,0,0.000000e+00,0.000000e+00,57700569088.0,48614383616.0,1363873.6,46.26,0.74
CSV,1190007,238000,81,80,0,41259,0,0.000000e+00,0.000000e+00,52172120064.0,53252075520.0,1489420.9,45.53,0.09
BER: END_SEQ #81 [LOCK] seq_err=0 BER_seq=0.0000e+00 | lock=81 slip=0 BER_cond=0.0000e+00 BER_cum=0.0000e+00
CSV,1195007,239000,81,81,0,41391,0,0.000000e+00,0.000000e+00,51861061632.0,53535047680.0,1652271.2,45.11,0.14
BER: SYNC #82 (gated)
CSV,1200007,240000,82,81,0,41582,0,0.000000e+00,0.000000e+00,59656482816.0,46583341056.0,1298030.1,46.62,1.07
CSV,1205007,241000,82,81,0,41782,0,0.000000e+00,0.000000e+00,53139456000.0,52333019136.0,1527785.2,45.41,0.07
BER: END_SEQ #82 [LOCK] seq_err=0 BER_seq=0.0000e+00 | lock=82 slip=0 BER_cond=0.0000e+00 BER_cum=0.0000e+00
BER: SYNC #83 (gated)
CSV,1210007,242000,83,82,0,41905,0,0.000000e+00,0.000000e+00,50518261760.0,54257893376.0,1692003.5,45.06,0.31
CSV,1215007,243000,83,82,0,42104,0,0.000000e+00,0.000000e+00,59402571776.0,46591008768.0,1305321.9,46.58,1.06
CSV,1220007,244000,83,82,0,42304,0,0.000000e+00,0.000000e+00,52239949824.0,53141729280.0,1345026.9,45.97,0.07
BER: END_SEQ #83 [LOCK] seq_err=0 BER_seq=0.0000e+00 | lock=83 slip=0 BER_cond=0.0000e+00 BER_cum=0.0000e+00
BER: SYNC #84 (gated)
CSV,1225007,245000,84,83,0,42427,0,0.000000e+00,0.000000e+00,49119379456.0,54641532928.0,1553459.1,45.46,0.46
CSV,1230007,246000,84,83,0,42627,0,0.000000e+00,0.000000e+00,60188114944.0,46696718336.0,1391037.2,46.36,1.10
CSV,1235007,247000,84,83,0,42827,0,0.000000e+00,0.000000e+00,52696842240.0,51805376512.0,1409411.0,45.73,0.07
BER: END_SEQ #84 [LOCK] seq_err=0 BER_seq=0.0000e+00 | lock=84 slip=0 BER_cond=0.0000e+00 BER_cum=0.0000e+00
BER: SYNC #85 (gated)
CSV,1240007,248000,85,84,0,42950,0,0.000000e+00,0.000000e+00,50037940224.0,54811000832.0,1547486.6,45.49,0.40
CSV,1245007,249000,85,84,0,43150,0,0.000000e+00,0.000000e+00,59516444672.0,45476593664.0,1444038.9,46.15,1.17
CSV,1250007,250000,85,84,0,43350,0,0.000000e+00,0.000000e+00,53073895424.0,53142831104.0,1352488.1,45.94,0.01
BER: END_SEQ #85 [LOCK] seq_err=0 BER_seq=0.0000e+00 | lock=85 slip=0 BER_cond=0.0000e+00 BER_cum=0.0000e+00
BER: SYNC #86 (gated)
CSV,1255007,251000,86,85,0,43473,0,0.000000e+00,0.000000e+00,50884927488.0,52030763008.0,1621860.9,45.06,0.10
CSV,1260007,252000,86,85,0,43673,0,0.000000e+00,0.000000e+00,57502380032.0,48663404544.0,1259558.2,46.59,0.72
CSV,1265007,253000,86,85,0,43872,0,0.000000e+00,0.000000e+00,52419047424.0,51306115072.0,1393127.9,45.75,0.09
BER: END_SEQ #86 [LOCK] seq_err=0 BER_seq=0.0000e+00 | lock=86 slip=0 BER_cond=0.0000e+00 BER_cum=0.0000e+00
BER: SYNC #87 (gated)
CSV,1270007,254000,87,86,0,43995,0,0.000000e+00,0.000000e+00,52076044288.0,53386768384.0,1612897.6,45.20,0.11
CSV,1275007,255000,87,86,0,44195,0,0.000000e+00,0.000000e+00,57123467264.0,47054721024.0,1271365.9,46.53,0.84
CSV,1280007,256000,87,86,0,44395,0,0.000000e+00,0.000000e+00,53695688704.0,52539011072.0,1228265.1,46.41,0.09
BER: END_SEQ #87 [LOCK] seq_err=0 BER_seq=0.0000e+00 | lock=87 slip=0 BER_cond=0.0000e+00 BER_cum=0.0000e+00
BER: SYNC #88 (gated)
CSV,1285007,257000,88,87,0,44518,0,0.000000e+00,0.000000e+00,50277371904.0,52643643392.0,1643425.4,45.06,0.20
CSV,1290007,258000,88,87,0,44718,0,0.000000e+00,0.000000e+00,60347916288.0,46893678592.0,1393664.2,46.37,1.10
CSV,1295007,259000,88,87,0,44918,0,0.000000e+00,0.000000e+00,52137897984.0,51480739840.0,1189465.0,46.42,0.06
BER: END_SEQ #88 [LOCK] seq_err=0 BER_seq=0.0000e+00 | lock=88 slip=0 BER_cond=0.0000e+00 BER_cum=0.0000e+00
BER: SYNC #89 (gated)
CSV,1300007,260000,89,88,0,45041,0,0.000000e+00,0.000000e+00,50013249536.0,56337039360.0,1539267.2,45.63,0.52
CSV,1305007,261000,89,88,0,45241,0,0.000000e+00,0.000000e+00,60793352192.0,43575054336.0,1420948.4,46.31,1.45
CSV,1310007,262000,89,88,0,45441,0,0.000000e+00,0.000000e+00,52216119296.0,54388768768.0,1189818.8,46.60,0.18
BER: END_SEQ #89 [LOCK] seq_err=0 BER_seq=0.0000e+00 | lock=89 slip=0 BER_cond=0.0000e+00 BER_cum=0.0000e+00
BER: SYNC #90 (gated)
CSV,1315007,263000,90,89,0,45563,0,0.000000e+00,0.000000e+00,49563463680.0,53290676224.0,1634609.6,45.13,0.31
CSV,1320007,264000,90,89,0,45763,0,0.000000e+00,0.000000e+00,60305129472.0,46983602176.0,1328028.6,46.57,1.08
CSV,1325007,265000,90,89,0,45963,0,0.000000e+00,0.000000e+00,51195965440.0,53006913536.0,1296057.2,46.12,0.15
BER: END_SEQ #90 [LOCK] seq_err=0 BER_seq=0.0000e+00 | lock=90 slip=0 BER_cond=0.0000e+00 BER_cum=0.0000e+00
BER: SYNC #91 (gated)
CSV,1330007,266000,91,90,0,46086,0,0.000000e+00,0.000000e+00,51847954432.0,54982660096.0,1518752.5,45.59,0.25
CSV,1335007,267000,91,90,0,46286,0,0.000000e+00,0.000000e+00,58812678144.0,45932425216.0,1380009.5,46.30,1.07
CSV,1340007,268000,91,90,0,46486,0,0.000000e+00,0.000000e+00,52801933312.0,53893414912.0,1379105.5,45.92,0.09
BER: END_SEQ #91 [LOCK] seq_err=0 BER_seq=0.0000e+00 | lock=91 slip=0 BER_cond=0.0000e+00 BER_cum=0.0000e+00
BER: SYNC #92 (gated)
CSV,1345007,269000,92,91,0,46609,0,0.000000e+00,0.000000e+00,50197512192.0,52646678528.0,1608861.6,45.15,0.21
CSV,1350007,270000,92,91,0,46809,0,0.000000e+00,0.000000e+00,59843702784.0,47754555392.0,1281042.2,46.69,0.98
CSV,1355007,271000,92,91,0,47009,0,0.000000e+00,0.000000e+00,50960564224.0,53688406016.0,1294816.6,46.18,0.23
BER: END_SEQ #92 [LOCK] seq_err=0 BER_seq=0.0000e+00 | lock=92 slip=0 BER_cond=0.0000e+00 BER_cum=0.0000e+00
BER: SYNC #93 (gated)
CSV,1360007,272000,93,92,0,47132,0,0.000000e+00,0.000000e+00,54110035968.0,52238008320.0,1622103.5,45.23,0.15
CSV,1365007,273000,93,92,0,47331,0,0.000000e+00,0.000000e+00,56669757440.0,48125362176.0,1352097.9,46.22,0.71
BER: END_SEQ #93 [LOCK] seq_err=0 BER_seq=0.0000e+00 | lock=93 slip=0 BER_cond=0.0000e+00 BER_cum=0.0000e+00
CSV,1370007,274000,93,93,0,47523,0,0.000000e+00,0.000000e+00,52149157888.0,54858477568.0,1363744.4,46.05,0.22
BER: SYNC #94 (gated)
CSV,1375007,275000,94,93,0,47654,0,0.000000e+00,0.000000e+00,55646863360.0,48385703936.0,1575252.6,45.48,0.61
CSV,1380007,276000,94,93,0,47854,0,0.000000e+00,0.000000e+00,54711185408.0,52336889856.0,1446701.5,45.78,0.19
BER: END_SEQ #94 [LOCK] seq_err=0 BER_seq=0.0000e+00 | lock=94 slip=0 BER_cond=0.0000e+00 BER_cum=0.0000e+00
CSV,1385007,277000,94,94,0,48034,0,0.000000e+00,0.000000e+00,51640721408.0,52516089856.0,1534211.6,45.34,0.07
BER: SYNC #95 (gated)
CSV,1390007,278000,95,94,0,48177,0,0.000000e+00,0.000000e+00,58526449664.0,47869440000.0,1536323.4,45.81,0.87
CSV,1395007,279000,95,94,0,48377,0,0.000000e+00,0.000000e+00,52599238656.0,51802857472.0,1381872.4,45.81,0.07
BER: END_SEQ #95 [LOCK] seq_err=0 BER_seq=0.0000e+00 | lock=95 slip=0 BER_cond=0.0000e+00 BER_cum=0.0000e+00
CSV,1400007,280000,95,95,0,48545,0,0.000000e+00,0.000000e+00,51788677120.0,54300672000.0,1580393.0,45.36,0.21
BER: SYNC #96 (gated)
CSV,1405007,281000,96,95,0,48700,0,0.000000e+00,0.000000e+00,57694445568.0,47069691904.0,1433815.1,46.05,0.88
CSV,1410007,282000,96,95,0,48900,0,0.000000e+00,0.000000e+00,52181831680.0,53178703872.0,1330933.6,46.02,0.08
BER: END_SEQ #96 [LOCK] seq_err=0 BER_seq=0.0000e+00 | lock=96 slip=0 BER_cond=0.0000e+00 BER_cum=0.0000e+00
CSV,1415007,283000,96,96,0,49056,0,0.000000e+00,0.000000e+00,51514130432.0,51427368960.0,1538678.6,45.25,0.01
BER: SYNC #97 (gated)
CSV,1420007,284000,97,96,0,49222,0,0.000000e+00,0.000000e+00,58678620160.0,46791880704.0,1404298.5,46.21,0.98
CSV,1425007,285000,97,96,0,49422,0,0.000000e+00,0.000000e+00,51522981888.0,52178853888.0,1288091.8,46.08,0.05
BER: END_SEQ #97 [LOCK] seq_err=0 BER_seq=0.0000e+00 | lock=97 slip=0 BER_cond=0.0000e+00 BER_cum=0.0000e+00
CSV,1430007,286000,97,97,0,49567,0,0.000000e+00,0.000000e+00,51971985408.0,52930363392.0,1521637.5,45.41,0.08
BER: SYNC #98 (gated)
CSV,1435007,287000,98,97,0,49745,0,0.000000e+00,0.000000e+00,57209438208.0,47259619328.0,1404033.1,46.10,0.83
CSV,1440007,288000,98,97,0,49945,0,0.000000e+00,0.000000e+00,51966124032.0,52859482112.0,1365445.4,45.88,0.07
BER: END_SEQ #98 [LOCK] seq_err=0 BER_seq=0.0000e+00 | lock=98 slip=0 BER_cond=0.0000e+00 BER_cum=0.0000e+00
CSV,1445007,289000,98,98,0,50078,0,0.000000e+00,0.000000e+00,50962460672.0,51974402048.0,1553656.6,45.24,0.09
BER: SYNC #99 (gated)
CSV,1450007,290000,99,98,0,50268,0,0.000000e+00,0.000000e+00,58892189696.0,46580670464.0,1371026.8,46.33,1.02
CSV,1455007,291000,99,98,0,50468,0,0.000000e+00,0.000000e+00,52752551936.0,51605209088.0,1347391.2,45.93,0.10
BER: END_SEQ #99 [LOCK] seq_err=0 BER_seq=0.0000e+00 | lock=99 slip=0 BER_cond=0.0000e+00 BER_cum=0.0000e+00
BER: SYNC #100 (gated)
CSV,1460007,292000,100,99,0,50591,0,0.000000e+00,0.000000e+00,50412752896.0,53628067840.0,1600896.9,45.25,0.27
CSV,1465007,293000,100,99,0,50790,0,0.000000e+00,0.000000e+00,59213230080.0,46133190656.0,1264256.0,46.71,1.08
CSV,1470007,294000,100,99,0,50990,0,0.000000e+00,0.000000e+00,52208300032.0,52356964352.0,1314132.4,46.00,0.01
BER: END_SEQ #100 [LOCK] seq_err=0 BER_seq=0.0000e+00 | lock=100 slip=0 BER_cond=0.0000e+00 BER_cum=0.0000e+00
BER: SYNC #101 (gated)
CSV,1475007,295000,101,100,0,51113,0,0.000000e+00,0.000000e+00,49337659392.0,54474784768.0,1673359.0,45.13,0.43
CSV,1480007,296000,101,100,0,51313,0,0.000000e+00,0.000000e+00,58835492864.0,46114123776.0,1171053.0,47.01,1.06
CSV,1485007,297000,101,100,0,51513,0,0.000000e+00,0.000000e+00,53134823424.0,52048654336.0,1311942.0,46.07,0.09
BER: END_SEQ #101 [LOCK] seq_err=0 BER_seq=0.0000e+00 | lock=101 slip=0 BER_cond=0.0000e+00 BER_cum=0.0000e+00
BER: SYNC #102 (gated)
CSV,1490007,298000,102,101,0,51636,0,0.000000e+00,0.000000e+00,49788231680.0,53576015872.0,1607445.4,45.23,0.32
CSV,1495007,299000,102,101,0,51836,0,0.000000e+00,0.000000e+00,59882160128.0,46501928960.0,1352649.6,46.46,1.10
CSV,1500007,300000,102,101,0,52036,0,0.000000e+00,0.000000e+00,52296523776.0,52687409152.0,1167104.4,46.55,0.03
BER: END_SEQ #102 [LOCK] seq_err=0 BER_seq=0.0000e+00 | lock=102 slip=0 BER_cond=0.0000e+00 BER_cum=0.0000e+00

=========================================
=== END OF TEST (duration=25 min) ===
=========================================
FINAL: syncs=102 lock=102 slip=0 slip_rate=0.0000
FINAL: bits_cum=52122 err_cum=0 BER_cum=0.0000e+00
FINAL: bits_lock=52122 err_lock=0 BER_cond=0.0000e+00
=========================================
=== STOP LOGGING NOW ===
=========================================
