

=== RX BOOT - BER TEST MODE ===
BPS_MODE=20 (HALF_SAMPLES=2000, 10000 samples/bit @ 200000 Hz)
Expect: 64-bit preamble + Barker13 (1F35h, gated by 8 preamble bits = 0x55) + 511-bit PRBS-9
Noise floor band: 5000 Hz; lock threshold: BER<0.10
Auto-stop: test will halt 25 min after the first sync.
RX: edge-tracking sync, center-3 voting
Starting decoder...

CSV,5010,500,0,0,0,0,0,0.000000e+00,0.000000e+00,190913036288.0,165187715072.0,1587986.0,50.80,0.63
BER: SYNC #1 (gated)
CSV,10010,1000,1,0,0,81,0,0.000000e+00,0.000000e+00,177847959552.0,174707228672.0,1090757.4,52.12,0.08
CSV,15010,1500,1,0,0,181,0,0.000000e+00,0.000000e+00,218915454976.0,141306593280.0,1019327.4,53.32,1.90
CSV,20010,2000,1,0,0,281,0,0.000000e+00,0.000000e+00,208689774592.0,158848450560.0,1251981.2,52.22,1.19
CSV,25010,2500,1,0,0,381,0,0.000000e+00,0.000000e+00,164188717056.0,192437256192.0,1071822.4,52.54,0.69
CSV,30010,3000,1,0,0,481,0,0.000000e+00,0.000000e+00,193755758592.0,160407601152.0,1137334.0,52.31,0.82
BER: END_SEQ #1 [LOCK] seq_err=0 BER_seq=0.0000e+00 | lock=1 slip=0 BER_cond=0.0000e+00 BER_cum=0.0000e+00
CSV,35010,3500,1,1,0,511,0,0.000000e+00,0.000000e+00,162594029568.0,181623324672.0,1734287.5,50.20,0.48
BER: SYNC #2 (gated)
CSV,40010,4000,2,1,0,604,0,0.000000e+00,0.000000e+00,193644347392.0,171506057216.0,1158843.8,52.23,0.53
CSV,45010,4500,2,1,0,704,0,0.000000e+00,0.000000e+00,232482471936.0,134650953728.0,1066285.5,53.39,2.37
CSV,50010,5000,2,1,0,804,0,0.000000e+00,0.000000e+00,183342039040.0,169431236608.0,1076607.0,52.31,0.34
CSV,55010,5500,2,1,0,904,0,0.000000e+00,0.000000e+00,179460767744.0,172588204032.0,1187867.1,51.79,0.17
CSV,60010,6000,2,1,0,1004,0,0.000000e+00,0.000000e+00,187406876672.0,176218128384.0,1271998.0,51.68,0.27
BER: END_SEQ #2 [LOCK] seq_err=0 BER_seq=0.0000e+00 | lock=2 slip=0 BER_cond=0.0000e+00 BER_cum=0.0000e+00
BER: SYNC #3 (gated)
CSV,65010,6500,3,2,0,1027,0,0.000000e+00,0.000000e+00,174829486080.0,181788770304.0,1728222.6,50.22,0.17
CSV,70010,7000,3,2,0,1127,0,0.000000e+00,0.000000e+00,175249014784.0,176919232512.0,1112793.0,52.01,0.04
CSV,75010,7500,3,2,0,1227,0,0.000000e+00,0.000000e+00,233013362688.0,127672827904.0,1112836.5,53.21,2.61
CSV,80010,8000,3,2,0,1327,0,0.000000e+00,0.000000e+00,188103770112.0,174345977856.0,1091097.2,52.37,0.33
CSV,85010,8500,3,2,0,1427,0,0.000000e+00,0.000000e+00,182099525632.0,178939527168.0,1113981.2,52.13,0.08
CSV,90010,9000,3,2,0,1527,0,0.000000e+00,0.000000e+00,183217913856.0,171651874816.0,928666.5,52.95,0.28
BER: END_SEQ #3 [LOCK] seq_err=0 BER_seq=0.0000e+00 | lock=3 slip=0 BER_cond=0.0000e+00 BER_cum=0.0000e+00
BER: SYNC #4 (gated)
CSV,95010,9500,4,3,0,1550,0,0.000000e+00,0.000000e+00,161447264256.0,180637335552.0,1782007.2,50.06,0.49
CSV,100010,10000,4,3,0,1650,0,0.000000e+00,0.000000e+00,198095405056.0,164518215680.0,1210938.2,52.14,0.81
CSV,105010,10500,4,3,0,1750,0,0.000000e+00,0.000000e+00,223298158592.0,145007181824.0,1141084.4,52.92,1.87
CSV,110010,11000,4,3,0,1849,0,0.000000e+00,0.000000e+00,190332043264.0,163496853504.0,1043037.9,52.61,0.66
CSV,115010,11500,4,3,0,1949,0,0.000000e+00,0.000000e+00,181044363264.0,171561353216.0,980323.7,52.66,0.23
BER: END_SEQ #4 [LOCK] seq_err=0 BER_seq=0.0000e+00 | lock=4 slip=0 BER_cond=0.0000e+00 BER_cum=0.0000e+00
CSV,120010,12000,4,4,0,2044,0,0.000000e+00,0.000000e+00,170415587328.0,188120301568.0,1049169.0,52.54,0.43
BER: SYNC #5 (gated)
CSV,125010,12500,5,4,0,2072,0,0.000000e+00,0.000000e+00,182813573120.0,179884900352.0,1829825.6,50.00,0.07
CSV,130010,13000,5,4,0,2172,0,0.000000e+00,0.000000e+00,214580969472.0,144163323904.0,973657.7,53.43,1.73
CSV,135010,13500,5,4,0,2272,0,0.000000e+00,0.000000e+00,193979842560.0,158609522688.0,1141597.1,52.30,0.87
CSV,140010,14000,5,4,0,2372,0,0.000000e+00,0.000000e+00,188058632192.0,171852660736.0,932650.6,53.05,0.39
CSV,145010,14500,5,4,0,2472,0,0.000000e+00,0.000000e+00,192600489984.0,172810305536.0,1084850.0,52.49,0.47
BER: END_SEQ #5 [LOCK] seq_err=0 BER_seq=0.0000e+00 | lock=5 slip=0 BER_cond=0.0000e+00 BER_cum=0.0000e+00
CSV,150010,15000,5,5,0,2555,0,0.000000e+00,0.000000e+00,171960336384.0,180522303488.0,1160406.6,51.92,0.21
BER: SYNC #6 (gated)
CSV,155010,15500,6,5,0,2595,0,0.000000e+00,0.000000e+00,181937192960.0,163936845824.0,1736727.5,50.20,0.45
CSV,160010,16000,6,5,0,2695,0,0.000000e+00,0.000000e+00,214815408128.0,148196851712.0,1033098.6,53.18,1.61
CSV,165010,16500,6,5,0,2795,0,0.000000e+00,0.000000e+00,190967857152.0,174849196032.0,1181539.5,52.09,0.38
CSV,170010,17000,6,5,0,2895,0,0.000000e+00,0.000000e+00,191620055040.0,166148767744.0,1109925.6,52.37,0.62
CSV,175010,17500,6,5,0,2995,0,0.000000e+00,0.000000e+00,176555720704.0,173665779712.0,1239930.8,51.53,0.07
BER: END_SEQ #6 [LOCK] seq_err=0 BER_seq=0.0000e+00 | lock=6 slip=0 BER_cond=0.0000e+00 BER_cum=0.0000e+00
CSV,180010,18000,6,6,0,3066,0,0.000000e+00,0.000000e+00,179847528448.0,177051418624.0,1353596.5,51.23,0.07
BER: SYNC #7 (gated)
CSV,185010,18500,7,6,0,3118,0,0.000000e+00,0.000000e+00,188992667648.0,175651209216.0,1453559.8,51.14,0.32
CSV,190010,19000,7,6,0,3218,0,0.000000e+00,0.000000e+00,223472615424.0,138736173056.0,1078635.6,53.16,2.07
CSV,195010,19500,7,6,0,3318,0,0.000000e+00,0.000000e+00,176684941312.0,173613285376.0,1175178.5,51.77,0.08
CSV,200010,20000,7,6,0,3418,0,0.000000e+00,0.000000e+00,184196104192.0,173687062528.0,1047764.8,52.45,0.26
CSV,205010,20500,7,6,0,3518,0,0.000000e+00,0.000000e+00,196373643264.0,168784052224.0,1227581.1,52.04,0.66
BER: END_SEQ #7 [LOCK] seq_err=0 BER_seq=0.0000e+00 | lock=7 slip=0 BER_cond=0.0000e+00 BER_cum=0.0000e+00
CSV,210010,21000,7,7,0,3577,0,0.000000e+00,0.000000e+00,172726255616.0,177054924800.0,1600566.9,50.44,0.11
BER: SYNC #8 (gated)
CSV,215010,21500,8,7,0,3640,0,0.000000e+00,0.000000e+00,172077350912.0,174980775936.0,1268640.5,51.40,0.07
CSV,220010,22000,8,7,0,3740,0,0.000000e+00,0.000000e+00,234024452096.0,127588401152.0,1114042.4,53.22,2.63
CSV,225010,22500,8,7,0,3840,0,0.000000e+00,0.000000e+00,193206157312.0,171941838848.0,1038765.0,52.70,0.51
CSV,230010,23000,8,7,0,3940,0,0.000000e+00,0.000000e+00,176133799936.0,179028410368.0,1083222.5,52.18,0.07
CSV,235010,23500,8,7,0,4040,0,0.000000e+00,0.000000e+00,185528745984.0,167793704960.0,1061048.5,52.43,0.44
BER: END_SEQ #8 [LOCK] seq_err=0 BER_seq=0.0000e+00 | lock=8 slip=0 BER_cond=0.0000e+00 BER_cum=0.0000e+00
CSV,240010,24000,8,8,0,4088,0,0.000000e+00,0.000000e+00,172175343616.0,179754254336.0,1557479.4,50.62,0.19
BER: SYNC #9 (gated)
CSV,245010,24500,9,8,0,4163,0,0.000000e+00,0.000000e+00,183256875008.0,182884417536.0,1236201.2,51.71,0.01
CSV,250010,25000,9,8,0,4263,0,0.000000e+00,0.000000e+00,231576666112.0,137110503424.0,1143214.8,53.07,2.28
CSV,255010,25500,9,8,0,4363,0,0.000000e+00,0.000000e+00,197979488256.0,161153155072.0,1150504.5,52.36,0.89
CSV,260010,26000,9,8,0,4463,0,0.000000e+00,0.000000e+00,165263835136.0,193023590400.0,1042503.1,52.68,0.67
CSV,265010,26500,9,8,0,4563,0,0.000000e+00,0.000000e+00,205743046656.0,166882557952.0,1091598.9,52.75,0.91
BER: END_SEQ #9 [LOCK] seq_err=0 BER_seq=0.0000e+00 | lock=9 slip=0 BER_cond=0.0000e+00 BER_cum=0.0000e+00
CSV,270010,27000,9,9,0,4599,0,0.000000e+00,0.000000e+00,171774394368.0,184049811456.0,1843172.9,49.99,0.30
BER: SYNC #10 (gated)
CSV,275010,27500,10,9,0,4686,0,0.000000e+00,0.000000e+00,185417416704.0,175181283328.0,991940.8,52.72,0.25
CSV,280010,28000,10,9,0,4786,0,0.000000e+00,0.000000e+00,227098066944.0,140253413376.0,1150560.8,52.95,2.09
CSV,285010,28500,10,9,0,4886,0,0.000000e+00,0.000000e+00,195656335360.0,177442258944.0,1083417.5,52.57,0.42
CSV,290010,29000,10,9,0,4986,0,0.000000e+00,0.000000e+00,188515401728.0,178104008704.0,1055823.9,52.52,0.25
CSV,295010,29500,10,9,0,5086,0,0.000000e+00,0.000000e+00,185057345536.0,174217183232.0,1111122.1,52.22,0.26
BER: END_SEQ #10 [LOCK] seq_err=0 BER_seq=0.0000e+00 | lock=10 slip=0 BER_cond=0.0000e+00 BER_cum=0.0000e+00
CSV,300010,30000,10,10,0,5110,0,0.000000e+00,0.000000e+00,165661392896.0,186851229696.0,1844383.5,50.06,0.52
BER: SYNC #11 (gated)
CSV,305010,30500,11,10,0,5209,0,0.000000e+00,0.000000e+00,196527521792.0,178305646592.0,1016083.3,52.86,0.42
CSV,310010,31000,11,10,0,5309,0,0.000000e+00,0.000000e+00,238038040576.0,136350490624.0,1098073.0,53.36,2.42
CSV,315010,31500,11,10,0,5408,0,0.000000e+00,0.000000e+00,188952526848.0,171178885120.0,1125261.1,52.25,0.43
CSV,320010,32000,11,10,0,5508,0,0.000000e+00,0.000000e+00,177718706176.0,182080356352.0,1082642.2,52.26,0.11
CSV,325010,32500,11,10,0,5608,0,0.000000e+00,0.000000e+00,190809702400.0,180809334784.0,1140388.5,52.24,0.23
BER: END_SEQ #11 [LOCK] seq_err=0 BER_seq=0.0000e+00 | lock=11 slip=0 BER_cond=0.0000e+00 BER_cum=0.0000e+00
BER: SYNC #12 (gated)
CSV,330010,33000,12,11,0,5631,0,0.000000e+00,0.000000e+00,176544448512.0,186656243712.0,1869351.1,49.99,0.24
CSV,335010,33500,12,11,0,5731,0,0.000000e+00,0.000000e+00,192261275648.0,169288286208.0,1097661.6,52.43,0.55
CSV,340010,34000,12,11,0,5831,0,0.000000e+00,0.000000e+00,222246191104.0,144221683712.0,1027515.5,53.35,1.88
CSV,345010,34500,12,11,0,5931,0,0.000000e+00,0.000000e+00,200489304064.0,171175149568.0,1215143.5,52.17,0.69
CSV,350010,35000,12,11,0,6031,0,0.000000e+00,0.000000e+00,178034393088.0,189234200576.0,1184312.9,52.04,0.26
CSV,355010,35500,12,11,0,6131,0,0.000000e+00,0.000000e+00,182758260736.0,180120780800.0,1055903.0,52.38,0.06
BER: END_SEQ #12 [LOCK] seq_err=0 BER_seq=0.0000e+00 | lock=12 slip=0 BER_cond=0.0000e+00 BER_cum=0.0000e+00
BER: SYNC #13 (gated)
CSV,360010,36000,13,12,0,6154,0,0.000000e+00,0.000000e+00,172058050560.0,177313955840.0,1987690.4,49.50,0.13
CSV,365010,36500,13,12,0,6254,0,0.000000e+00,0.000000e+00,212245544960.0,160448659456.0,1260058.2,52.26,1.22
CSV,370010,37000,13,12,0,6354,0,0.000000e+00,0.000000e+00,223127945216.0,151657709568.0,1123824.9,52.98,1.68
CSV,375010,37500,13,12,0,6454,0,0.000000e+00,0.000000e+00,189749215232.0,172651593728.0,1078874.5,52.45,0.41
CSV,380010,38000,13,12,0,6554,0,0.000000e+00,0.000000e+00,183586177024.0,176140730368.0,1108750.2,52.19,0.18
BER: END_SEQ #13 [LOCK] seq_err=0 BER_seq=0.0000e+00 | lock=13 slip=0 BER_cond=0.0000e+00 BER_cum=0.0000e+00
CSV,385010,38500,13,13,0,6643,0,0.000000e+00,0.000000e+00,177582358528.0,190163091456.0,1077596.4,52.47,0.30
BER: SYNC #14 (gated)
CSV,390010,39000,14,13,0,6677,0,0.000000e+00,0.000000e+00,192068829184.0,179958071296.0,1831569.4,50.21,0.28
CSV,395010,39500,14,13,0,6777,0,0.000000e+00,0.000000e+00,218063585280.0,148213792768.0,1002167.9,53.38,1.68
CSV,400010,40000,14,13,0,6877,0,0.000000e+00,0.000000e+00,188614443008.0,171231969280.0,1168189.0,52.08,0.42
CSV,405010,40500,14,13,0,6977,0,0.000000e+00,0.000000e+00,189286580224.0,178692702208.0,1075211.6,52.46,0.25
CSV,410010,41000,14,13,0,7077,0,0.000000e+00,0.000000e+00,199938310144.0,174355529728.0,1061880.6,52.75,0.59
BER: END_SEQ #14 [LOCK] seq_err=0 BER_seq=0.0000e+00 | lock=14 slip=0 BER_cond=0.0000e+00 BER_cum=0.0000e+00
CSV,415010,41500,14,14,0,7154,0,0.000000e+00,0.000000e+00,176785178624.0,181467955200.0,1184130.1,51.85,0.11
BER: SYNC #15 (gated)
CSV,420010,42000,15,14,0,7199,0,0.000000e+00,0.000000e+00,182138896384.0,172264882176.0,1594463.1,50.58,0.24
CSV,425010,42500,15,14,0,7299,0,0.000000e+00,0.000000e+00,228763549696.0,143597158400.0,1151041.1,52.98,2.02
CSV,430010,43000,15,14,0,7399,0,0.000000e+00,0.000000e+00,188659122176.0,183710695424.0,1194198.1,51.99,0.12
CSV,435010,43500,15,14,0,7499,0,0.000000e+00,0.000000e+00,191268405248.0,172712558592.0,1105322.1,52.38,0.44
CSV,440010,44000,15,14,0,7599,0,0.000000e+00,0.000000e+00,180173111296.0,178205605888.0,1265869.5,51.53,0.05
BER: END_SEQ #15 [LOCK] seq_err=0 BER_seq=0.0000e+00 | lock=15 slip=0 BER_cond=0.0000e+00 BER_cum=0.0000e+00
CSV,445010,44500,15,15,0,7665,0,0.000000e+00,0.000000e+00,186349928448.0,179209928704.0,1456374.8,51.07,0.17
BER: SYNC #16 (gated)
CSV,450010,45000,16,15,0,7722,0,0.000000e+00,0.000000e+00,189300555776.0,182626861056.0,1479057.0,51.07,0.16
CSV,455010,45500,16,15,0,7822,0,0.000000e+00,0.000000e+00,229438799872.0,138961895424.0,1081808.9,53.27,2.18
CSV,460010,46000,16,15,0,7922,0,0.000000e+00,0.000000e+00,192488210432.0,168119222272.0,1096204.6,52.45,0.59
CSV,465010,46500,16,15,0,8022,0,0.000000e+00,0.000000e+00,175292481536.0,188455731200.0,1082367.9,52.41,0.31
CSV,470010,47000,16,15,0,8122,0,0.000000e+00,0.000000e+00,206990917632.0,168513421312.0,1230833.4,52.26,0.89
BER: END_SEQ #16 [LOCK] seq_err=0 BER_seq=0.0000e+00 | lock=16 slip=0 BER_cond=0.0000e+00 BER_cum=0.0000e+00
CSV,475010,47500,16,16,0,8176,0,0.000000e+00,0.000000e+00,169057239040.0,187631796224.0,1663906.0,50.52,0.45
BER: SYNC #17 (gated)
CSV,480010,48000,17,16,0,8245,0,0.000000e+00,0.000000e+00,176008118272.0,181670969344.0,1276772.1,51.53,0.14
CSV,485010,48500,17,16,0,8345,0,0.000000e+00,0.000000e+00,235492179968.0,135503314944.0,1086030.9,53.36,2.40
CSV,490010,49000,17,16,0,8445,0,0.000000e+00,0.000000e+00,204754206720.0,171009228800.0,1059253.5,52.86,0.78
CSV,495010,49500,17,16,0,8545,0,0.000000e+00,0.000000e+00,174971977728.0,188011724800.0,1132351.6,52.20,0.31
CSV,500010,50000,17,16,0,8645,0,0.000000e+00,0.000000e+00,197039849472.0,163545038848.0,1139060.0,52.38,0.81
BER: END_SEQ #17 [LOCK] seq_err=0 BER_seq=0.0000e+00 | lock=17 slip=0 BER_cond=0.0000e+00 BER_cum=0.0000e+00
CSV,505010,50500,17,17,0,8687,0,0.000000e+00,0.000000e+00,167946289152.0,188494692352.0,1720683.4,50.40,0.50
BER: SYNC #18 (gated)
CSV,510010,51000,18,17,0,8768,0,0.000000e+00,0.000000e+00,188232728576.0,185533235200.0,1195667.8,51.97,0.06
CSV,515010,51500,18,17,0,8868,0,0.000000e+00,0.000000e+00,223908069376.0,144957227008.0,1169185.5,52.82,1.89
CSV,520010,52000,18,17,0,8967,0,0.000000e+00,0.000000e+00,207383412736.0,152030347264.0,1165896.2,52.50,1.35
CSV,525010,52500,18,17,0,9067,0,0.000000e+00,0.000000e+00,162330607616.0,195136946176.0,1069521.5,52.61,0.80
CSV,530010,53000,18,17,0,9167,0,0.000000e+00,0.000000e+00,203016028160.0,170095116288.0,957708.4,53.26,0.77
BER: END_SEQ #18 [LOCK] seq_err=0 BER_seq=0.0000e+00 | lock=18 slip=0 BER_cond=0.0000e+00 BER_cum=0.0000e+00
CSV,535010,53500,18,18,0,9198,0,0.000000e+00,0.000000e+00,167694991360.0,186791854080.0,1912610.8,49.90,0.47
BER: SYNC #19 (gated)
CSV,540010,54000,19,18,0,9290,0,0.000000e+00,0.000000e+00,193546715136.0,165439291392.0,1008643.1,52.83,0.68
CSV,545010,54500,19,18,0,9390,0,0.000000e+00,0.000000e+00,228368072704.0,137444818944.0,1037063.8,53.43,2.21
CSV,550010,55000,19,18,0,9490,0,0.000000e+00,0.000000e+00,194982723584.0,175472607232.0,1032003.2,52.76,0.46
CSV,555010,55500,19,18,0,9590,0,0.000000e+00,0.000000e+00,184841617408.0,177406459904.0,1129973.4,52.14,0.18
CSV,560010,56000,19,18,0,9690,0,0.000000e+00,0.000000e+00,184405934080.0,172669255680.0,892646.8,53.15,0.29
BER: END_SEQ #19 [LOCK] seq_err=0 BER_seq=0.0000e+00 | lock=19 slip=0 BER_cond=0.0000e+00 BER_cum=0.0000e+00
BER: SYNC #20 (gated)
CSV,565010,56500,20,19,0,9713,0,0.000000e+00,0.000000e+00,170770890752.0,179531988992.0,1874328.6,49.81,0.22
CSV,570010,57000,20,19,0,9813,0,0.000000e+00,0.000000e+00,185273499648.0,183941840896.0,1076982.5,52.36,0.03
CSV,575010,57500,20,19,0,9913,0,0.000000e+00,0.000000e+00,240030220288.0,130832957440.0,1087341.9,53.44,2.64
CSV,580010,58000,20,19,0,10013,0,0.000000e+00,0.000000e+00,184223088640.0,172475416576.0,1146477.8,52.06,0.29
CSV,585010,58500,20,19,0,10113,0,0.000000e+00,0.000000e+00,179990102016.0,176494854144.0,1288716.5,51.45,0.09
CSV,590010,59000,20,19,0,10213,0,0.000000e+00,0.000000e+00,190766006272.0,178788024320.0,1045460.8,52.61,0.28
BER: END_SEQ #20 [LOCK] seq_err=0 BER_seq=0.0000e+00 | lock=20 slip=0 BER_cond=0.0000e+00 BER_cum=0.0000e+00
BER: SYNC #21 (gated)
CSV,595010,59500,21,20,0,10236,0,0.000000e+00,0.000000e+00,166859210752.0,192308117504.0,1835235.1,50.20,0.62
CSV,600010,60000,21,20,0,10336,0,0.000000e+00,0.000000e+00,199305609216.0,159590875136.0,1161527.5,52.34,0.97
CSV,605010,60500,21,20,0,10436,0,0.000000e+00,0.000000e+00,217298731008.0,145926668288.0,1029561.6,53.24,1.73
CSV,610010,61000,21,20,0,10536,0,0.000000e+00,0.000000e+00,202167402496.0,167562395648.0,1146175.2,52.46,0.82
CSV,615010,61500,21,20,0,10636,0,0.000000e+00,0.000000e+00,184834342912.0,180367966208.0,1100024.9,52.25,0.11
BER: END_SEQ #21 [LOCK] seq_err=0 BER_seq=0.0000e+00 | lock=21 slip=0 BER_cond=0.0000e+00 BER_cum=0.0000e+00
CSV,620010,62000,21,21,0,10731,0,0.000000e+00,0.000000e+00,172597624832.0,184538021888.0,1156894.2,52.03,0.29
BER: SYNC #22 (gated)
CSV,625010,62500,22,21,0,10758,0,0.000000e+00,0.000000e+00,171187175424.0,176327442432.0,1798870.0,49.91,0.13
CSV,630010,63000,22,21,0,10858,0,0.000000e+00,0.000000e+00,221504258048.0,150111649792.0,1129408.1,52.93,1.69
CSV,635010,63500,22,21,0,10958,0,0.000000e+00,0.000000e+00,206089928704.0,162911617024.0,1107881.8,52.70,1.02
CSV,640010,64000,22,21,0,11058,0,0.000000e+00,0.000000e+00,184966742016.0,174526709760.0,1035573.1,52.52,0.25
CSV,645010,64500,22,21,0,11158,0,0.000000e+00,0.000000e+00,186258128896.0,169914875904.0,1137041.1,52.14,0.40
BER: END_SEQ #22 [LOCK] seq_err=0 BER_seq=0.0000e+00 | lock=22 slip=0 BER_cond=0.0000e+00 BER_cum=0.0000e+00
CSV,650010,65000,22,22,0,11242,0,0.000000e+00,0.000000e+00,181284700160.0,185073483776.0,1134860.6,52.12,0.09
BER: SYNC #23 (gated)
CSV,655010,65500,23,22,0,11281,0,0.000000e+00,0.000000e+00,193751236608.0,174571257856.0,1595916.0,50.84,0.45
CSV,660010,66000,23,22,0,11381,0,0.000000e+00,0.000000e+00,215237689344.0,147947618304.0,1034038.4,53.18,1.63
CSV,665010,66500,23,22,0,11481,0,0.000000e+00,0.000000e+00,185203015680.0,170674864128.0,1247555.1,51.72,0.35
CSV,670010,67000,23,22,0,11581,0,0.000000e+00,0.000000e+00,198936051712.0,168010399744.0,985646.6,53.05,0.73
CSV,675010,67500,23,22,0,11681,0,0.000000e+00,0.000000e+00,186593492992.0,181705342976.0,1192692.1,51.94,0.12
BER: END_SEQ #23 [LOCK] seq_err=0 BER_seq=0.0000e+00 | lock=23 slip=0 BER_cond=0.0000e+00 BER_cum=0.0000e+00
CSV,680010,68000,23,23,0,11753,0,0.000000e+00,0.000000e+00,176650289152.0,179143786496.0,1355260.6,51.21,0.06
BER: SYNC #24 (gated)
CSV,685010,68500,24,23,0,11804,0,0.000000e+00,0.000000e+00,181253750784.0,171048386560.0,1539810.5,50.71,0.25
CSV,690010,69000,24,23,0,11904,0,0.000000e+00,0.000000e+00,229069176832.0,142517714944.0,977511.3,53.70,2.06
CSV,695010,69500,24,23,0,12004,0,0.000000e+00,0.000000e+00,186565967872.0,182629548032.0,1147966.6,52.11,0.09
CSV,700010,70000,24,23,0,12104,0,0.000000e+00,0.000000e+00,189182984192.0,171411554304.0,1035427.6,52.62,0.43
CSV,705010,70500,24,23,0,12204,0,0.000000e+00,0.000000e+00,187623768064.0,168766865408.0,1020415.6,52.65,0.46
BER: END_SEQ #24 [LOCK] seq_err=0 BER_seq=0.0000e+00 | lock=24 slip=0 BER_cond=0.0000e+00 BER_cum=0.0000e+00
CSV,710010,71000,24,24,0,12264,0,0.000000e+00,0.000000e+00,178763087872.0,182867034112.0,1505089.0,50.85,0.10
BER: SYNC #25 (gated)
CSV,715010,71500,25,24,0,12327,0,0.000000e+00,0.000000e+00,187513094144.0,183229186048.0,1326591.9,51.50,0.10
CSV,720010,72000,25,24,0,12427,0,0.000000e+00,0.000000e+00,234258071552.0,133213937664.0,1094960.5,53.30,2.45
CSV,725010,72500,25,24,0,12526,0,0.000000e+00,0.000000e+00,191914164224.0,166865272832.0,1142992.8,52.25,0.61
CSV,730010,73000,25,24,0,12626,0,0.000000e+00,0.000000e+00,178748473344.0,183425253376.0,1063463.8,52.37,0.11
CSV,735010,73500,25,24,0,12726,0,0.000000e+00,0.000000e+00,196117233664.0,175179890688.0,1211049.5,52.09,0.49
BER: END_SEQ #25 [LOCK] seq_err=0 BER_seq=0.0000e+00 | lock=25 slip=0 BER_cond=0.0000e+00 BER_cum=0.0000e+00
CSV,740010,74000,25,25,0,12775,0,0.000000e+00,0.000000e+00,170661396480.0,183375986688.0,1781613.1,50.13,0.31
BER: SYNC #26 (gated)
CSV,745010,74500,26,25,0,12849,0,0.000000e+00,0.000000e+00,179396984832.0,179413549056.0,1091392.0,52.16,0.00
CSV,750010,75000,26,25,0,12949,0,0.000000e+00,0.000000e+00,231886307328.0,137945808896.0,1162675.0,53.00,2.26
CSV,755010,75500,26,25,0,13049,0,0.000000e+00,0.000000e+00,206004207616.0,169287106560.0,1166745.2,52.47,0.85
CSV,760010,76000,26,25,0,13149,0,0.000000e+00,0.000000e+00,166511902720.0,194085715968.0,1116454.4,52.40,0.67
CSV,765010,76500,26,25,0,13249,0,0.000000e+00,0.000000e+00,198228967424.0,162515255296.0,1266091.1,51.95,0.86
BER: END_SEQ #26 [LOCK] seq_err=0 BER_seq=0.0000e+00 | lock=26 slip=0 BER_cond=0.0000e+00 BER_cum=0.0000e+00
CSV,770010,77000,26,26,0,13286,0,0.000000e+00,0.000000e+00,173837959168.0,182807232512.0,1909149.8,49.81,0.22
BER: SYNC #27 (gated)
CSV,775010,77500,27,26,0,13372,0,0.000000e+00,0.000000e+00,192604946432.0,180688470016.0,1183058.8,52.12,0.28
CSV,780010,78000,27,26,0,13472,0,0.000000e+00,0.000000e+00,225096679424.0,143102066688.0,1083770.0,53.17,1.97
CSV,785010,78500,27,26,0,13572,0,0.000000e+00,0.000000e+00,190183342080.0,167469170688.0,1113785.1,52.32,0.55
CSV,790010,79000,27,26,0,13672,0,0.000000e+00,0.000000e+00,183293722624.0,178612895744.0,1178692.2,51.92,0.11
CSV,795010,79500,27,26,0,13772,0,0.000000e+00,0.000000e+00,191802654720.0,180661010432.0,1072560.9,52.52,0.26
BER: END_SEQ #27 [LOCK] seq_err=0 BER_seq=0.0000e+00 | lock=27 slip=0 BER_cond=0.0000e+00 BER_cum=0.0000e+00
CSV,800010,80000,27,27,0,13797,0,0.000000e+00,0.000000e+00,167675478016.0,188675080192.0,1774035.2,50.27,0.51
BER: SYNC #28 (gated)
CSV,805010,80500,28,27,0,13895,0,0.000000e+00,0.000000e+00,192948174848.0,168596471808.0,1087184.9,52.49,0.59
CSV,810010,81000,28,27,0,13995,0,0.000000e+00,0.000000e+00,235024056320.0,133963128832.0,1172226.0,53.02,2.44
CSV,815010,81500,28,27,0,14095,0,0.000000e+00,0.000000e+00,191850348544.0,179833634816.0,1072236.1,52.53,0.28
CSV,820010,82000,28,27,0,14195,0,0.000000e+00,0.000000e+00,183130112000.0,179209256960.0,1121917.2,52.13,0.09
CSV,825010,82500,28,27,0,14294,0,0.000000e+00,0.000000e+00,180782448640.0,177134977024.0,991547.7,52.61,0.09
BER: END_SEQ #28 [LOCK] seq_err=0 BER_seq=0.0000e+00 | lock=28 slip=0 BER_cond=0.0000e+00 BER_cum=0.0000e+00
BER: SYNC #29 (gated)
CSV,830010,83000,29,28,0,14317,0,0.000000e+00,0.000000e+00,172639404032.0,179005014016.0,1905559.5,49.73,0.16
CSV,835010,83500,29,28,0,14417,0,0.000000e+00,0.000000e+00,195438116864.0,175984001024.0,1037342.2,52.75,0.46
CSV,840010,84000,29,28,0,14517,0,0.000000e+00,0.000000e+00,225204109312.0,144074817536.0,1085035.1,53.17,1.94
CSV,845010,84500,29,28,0,14617,0,0.000000e+00,0.000000e+00,194545745920.0,163274194944.0,1127382.4,52.37,0.76
CSV,850010,85000,29,28,0,14717,0,0.000000e+00,0.000000e+00,173900529664.0,183048142848.0,1088095.0,52.26,0.22
CSV,855010,85500,29,28,0,14817,0,0.000000e+00,0.000000e+00,187330215936.0,182324232192.0,888586.0,53.24,0.12
BER: END_SEQ #29 [LOCK] seq_err=0 BER_seq=0.0000e+00 | lock=29 slip=0 BER_cond=0.0000e+00 BER_cum=0.0000e+00
BER: SYNC #30 (gated)
CSV,860010,86000,30,29,0,14840,0,0.000000e+00,0.000000e+00,178203017216.0,182116515840.0,1842423.8,49.95,0.09
CSV,865010,86500,30,29,0,14940,0,0.000000e+00,0.000000e+00,202105061376.0,157517152256.0,1106836.4,52.61,1.08
CSV,870010,87000,30,29,0,15040,0,0.000000e+00,0.000000e+00,219930329088.0,144426762240.0,1057058.4,53.18,1.83
CSV,875010,87500,30,29,0,15140,0,0.000000e+00,0.000000e+00,192905822208.0,178982191104.0,1137807.4,52.29,0.33
CSV,880010,88000,30,29,0,15240,0,0.000000e+00,0.000000e+00,189231185920.0,178744721408.0,1049731.1,52.56,0.25
BER: END_SEQ #30 [LOCK] seq_err=0 BER_seq=0.0000e+00 | lock=30 slip=0 BER_cond=0.0000e+00 BER_cum=0.0000e+00
CSV,885010,88500,30,30,0,15330,0,0.000000e+00,0.000000e+00,172432654336.0,184932335616.0,1260940.4,51.66,0.30
BER: SYNC #31 (gated)
CSV,890010,89000,31,30,0,15363,0,0.000000e+00,0.000000e+00,181346942976.0,171185733632.0,1725431.0,50.22,0.25
CSV,895010,89500,31,30,0,15463,0,0.000000e+00,0.000000e+00,223670140928.0,151839784960.0,1062708.0,53.23,1.68
CSV,900010,90000,31,30,0,15563,0,0.000000e+00,0.000000e+00,194455224320.0,175991963648.0,1162908.4,52.23,0.43
CSV,905010,90500,31,30,0,15663,0,0.000000e+00,0.000000e+00,188915433472.0,172093997056.0,1176848.1,52.06,0.41
CSV,910010,91000,31,30,0,15763,0,0.000000e+00,0.000000e+00,192797065216.0,166261637120.0,1136519.8,52.30,0.64
BER: END_SEQ #31 [LOCK] seq_err=0 BER_seq=0.0000e+00 | lock=31 slip=0 BER_cond=0.0000e+00 BER_cum=0.0000e+00
CSV,915010,91500,31,31,0,15841,0,0.000000e+00,0.000000e+00,177965187072.0,189612457984.0,1381788.0,51.37,0.28
BER: SYNC #32 (gated)
CSV,920010,92000,32,31,0,15886,0,0.000000e+00,0.000000e+00,194544173056.0,175143747584.0,1738236.2,50.49,0.46
CSV,925010,92500,32,31,0,15985,0,0.000000e+00,0.000000e+00,222293753856.0,143317221376.0,1101204.1,53.05,1.91
CSV,930010,93000,32,31,0,16085,0,0.000000e+00,0.000000e+00,183170056192.0,173545897984.0,1157084.9,51.99,0.23
CSV,935010,93500,32,31,0,16185,0,0.000000e+00,0.000000e+00,194341994496.0,173562298368.0,1112055.0,52.42,0.49
CSV,940010,94000,32,31,0,16285,0,0.000000e+00,0.000000e+00,185624526848.0,182671933440.0,1106343.0,52.25,0.07
BER: END_SEQ #32 [LOCK] seq_err=0 BER_seq=0.0000e+00 | lock=32 slip=0 BER_cond=0.0000e+00 BER_cum=0.0000e+00
CSV,945010,94500,32,32,0,16352,0,0.000000e+00,0.000000e+00,180390625280.0,174707769344.0,1389212.2,51.13,0.14
BER: SYNC #33 (gated)
CSV,950010,95000,33,32,0,16408,0,0.000000e+00,0.000000e+00,182221553664.0,171826888704.0,1418802.2,51.09,0.26
CSV,955010,95500,33,32,0,16508,0,0.000000e+00,0.000000e+00,229101813760.0,141990166528.0,1083283.5,53.25,2.08
CSV,960010,96000,33,32,0,16608,0,0.000000e+00,0.000000e+00,197376262144.0,173296926720.0,1223950.5,52.08,0.57
CSV,965010,96500,33,32,0,16708,0,0.000000e+00,0.000000e+00,172916473856.0,184811192320.0,1025703.1,52.56,0.29
CSV,970010,97000,33,32,0,16808,0,0.000000e+00,0.000000e+00,199850147840.0,159525928960.0,1144451.1,52.42,0.98
BER: END_SEQ #33 [LOCK] seq_err=0 BER_seq=0.0000e+00 | lock=33 slip=0 BER_cond=0.0000e+00 BER_cum=0.0000e+00
CSV,975010,97500,33,33,0,16863,0,0.000000e+00,0.000000e+00,173407387648.0,187937046528.0,1583579.1,50.74,0.35
BER: SYNC #34 (gated)
CSV,980010,98000,34,33,0,16931,0,0.000000e+00,0.000000e+00,183572725760.0,186776977408.0,1204650.0,51.90,0.08
CSV,985010,98500,34,33,0,17031,0,0.000000e+00,0.000000e+00,234733355008.0,132844797952.0,1180489.9,52.99,2.47
CSV,990010,99000,34,33,0,17131,0,0.000000e+00,0.000000e+00,193292222464.0,165402591232.0,1148652.2,52.26,0.68
CSV,995010,99500,34,33,0,17231,0,0.000000e+00,0.000000e+00,178802966528.0,185240453120.0,1015212.2,52.61,0.15
CSV,1000010,100000,34,33,0,17331,0,0.000000e+00,0.000000e+00,204187713536.0,169393717248.0,1038440.7,52.94,0.81
BER: END_SEQ #34 [LOCK] seq_err=0 BER_seq=0.0000e+00 | lock=34 slip=0 BER_cond=0.0000e+00 BER_cum=0.0000e+00
CSV,1005010,100500,34,34,0,17374,0,0.000000e+00,0.000000e+00,165817417728.0,185301811200.0,1778725.6,50.18,0.48
BER: SYNC #35 (gated)
CSV,1010010,101000,35,34,0,17454,0,0.000000e+00,0.000000e+00,176530866176.0,180115537920.0,1098487.0,52.15,0.09
CSV,1015010,101500,35,34,0,17554,0,0.000000e+00,0.000000e+00,227969089536.0,141413220352.0,1083773.9,53.23,2.07
CSV,1020010,102000,35,34,0,17654,0,0.000000e+00,0.000000e+00,212080001024.0,162004631552.0,1078262.4,52.94,1.17
CSV,1025010,102500,35,34,0,17754,0,0.000000e+00,0.000000e+00,166224150528.0,194397192192.0,1012021.6,52.84,0.68
CSV,1030010,103000,35,34,0,17853,0,0.000000e+00,0.000000e+00,193058832384.0,166930087936.0,1185104.0,52.12,0.63
BER: END_SEQ #35 [LOCK] seq_err=0 BER_seq=0.0000e+00 | lock=35 slip=0 BER_cond=0.0000e+00 BER_cum=0.0000e+00
CSV,1035010,103500,35,35,0,17885,0,0.000000e+00,0.000000e+00,167860142080.0,187645050880.0,1842705.9,50.08,0.48
BER: SYNC #36 (gated)
CSV,1040010,104000,36,35,0,17976,0,0.000000e+00,0.000000e+00,203254579200.0,170667556864.0,1055846.1,52.84,0.76
CSV,1045010,104500,36,35,0,18076,0,0.000000e+00,0.000000e+00,227123838976.0,140106530816.0,1123845.9,53.06,2.10
CSV,1050010,105000,36,35,0,18176,0,0.000000e+00,0.000000e+00,187976302592.0,170658906112.0,1115642.9,52.27,0.42
CSV,1055010,105500,36,35,0,18276,0,0.000000e+00,0.000000e+00,186869415936.0,177050730496.0,1157609.8,52.08,0.23
CSV,1060010,106000,36,35,0,18376,0,0.000000e+00,0.000000e+00,194703572992.0,180738768896.0,1207859.8,52.07,0.32
BER: END_SEQ #36 [LOCK] seq_err=0 BER_seq=0.0000e+00 | lock=36 slip=0 BER_cond=0.0000e+00 BER_cum=0.0000e+00
BER: SYNC #37 (gated)
CSV,1065010,106500,37,36,0,18399,0,0.000000e+00,0.000000e+00,170471227392.0,186903150592.0,1927143.1,49.87,0.40
CSV,1070010,107000,37,36,0,18499,0,0.000000e+00,0.000000e+00,183129063424.0,176690036736.0,1238047.4,51.70,0.16
CSV,1075010,107500,37,36,0,18599,0,0.000000e+00,0.000000e+00,238410285056.0,133048434688.0,1146924.4,53.18,2.53
CSV,1080010,108000,37,36,0,18699,0,0.000000e+00,0.000000e+00,192945094656.0,182493003776.0,1071393.9,52.55,0.24
CSV,1085010,108500,37,36,0,18799,0,0.000000e+00,0.000000e+00,183971758080.0,181497184256.0,1189236.4,51.89,0.06
CSV,1090010,109000,37,36,0,18899,0,0.000000e+00,0.000000e+00,189510795264.0,174365442048.0,990192.6,52.82,0.36
BER: END_SEQ #37 [LOCK] seq_err=0 BER_seq=0.0000e+00 | lock=37 slip=0 BER_cond=0.0000e+00 BER_cum=0.0000e+00
BER: SYNC #38 (gated)
CSV,1095010,109500,38,37,0,18922,0,0.000000e+00,0.000000e+00,160132497408.0,194509160448.0,1876183.9,50.16,0.84
CSV,1100010,110000,38,37,0,19022,0,0.000000e+00,0.000000e+00,210218991616.0,168519483392.0,1044568.1,53.04,0.96
CSV,1105010,110500,38,37,0,19122,0,0.000000e+00,0.000000e+00,226267742208.0,147724943360.0,1158299.9,52.91,1.85
CSV,1110010,111000,38,37,0,19222,0,0.000000e+00,0.000000e+00,195012083712.0,169434546176.0,1091995.0,52.52,0.61
CSV,1115010,111500,38,37,0,19322,0,0.000000e+00,0.000000e+00,183783915520.0,181384593408.0,1098818.8,52.23,0.06
BER: END_SEQ #38 [LOCK] seq_err=0 BER_seq=0.0000e+00 | lock=38 slip=0 BER_cond=0.0000e+00 BER_cum=0.0000e+00
CSV,1120010,112000,38,38,0,19418,0,0.000000e+00,0.000000e+00,181440806912.0,194023882752.0,978537.2,52.97,0.29
BER: SYNC #39 (gated)
CSV,1125010,112500,39,38,0,19445,0,0.000000e+00,0.000000e+00,180931362816.0,185675956224.0,1865327.9,49.98,0.11
CSV,1130010,113000,39,38,0,19544,0,0.000000e+00,0.000000e+00,218936803328.0,148421607424.0,1133627.1,52.86,1.69
CSV,1135010,113500,39,38,0,19644,0,0.000000e+00,0.000000e+00,207800680448.0,158815928320.0,1194214.6,52.41,1.17
CSV,1140010,114000,39,38,0,19744,0,0.000000e+00,0.000000e+00,193570668544.0,182846062592.0,1089445.2,52.50,0.25
CSV,1145010,114500,39,38,0,19844,0,0.000000e+00,0.000000e+00,191050088448.0,179690602496.0,1141541.0,52.24,0.27
BER: END_SEQ #39 [LOCK] seq_err=0 BER_seq=0.0000e+00 | lock=39 slip=0 BER_cond=0.0000e+00 BER_cum=0.0000e+00
CSV,1150010,115000,39,39,0,19929,0,0.000000e+00,0.000000e+00,178195087360.0,182671179776.0,1231870.2,51.71,0.11
BER: SYNC #40 (gated)
CSV,1155010,115500,40,39,0,19967,0,0.000000e+00,0.000000e+00,187573272576.0,170584768512.0,1752670.0,50.29,0.41
CSV,1160010,116000,40,39,0,20067,0,0.000000e+00,0.000000e+00,225496530944.0,153533087744.0,1061875.6,53.27,1.67
CSV,1165010,116500,40,39,0,20167,0,0.000000e+00,0.000000e+00,191467274240.0,181207220224.0,1090135.0,52.45,0.24
CSV,1170010,117000,40,39,0,20267,0,0.000000e+00,0.000000e+00,197663195136.0,168668577792.0,1060471.0,52.70,0.69
CSV,1175010,117500,40,39,0,20367,0,0.000000e+00,0.000000e+00,181826977792.0,180103315456.0,1196386.4,51.82,0.04
BER: END_SEQ #40 [LOCK] seq_err=0 BER_seq=0.0000e+00 | lock=40 slip=0 BER_cond=0.0000e+00 BER_cum=0.0000e+00
CSV,1180010,118000,40,40,0,20440,0,0.000000e+00,0.000000e+00,185948127232.0,186228064256.0,1526710.9,50.86,0.01
BER: SYNC #41 (gated)
CSV,1185010,118500,41,40,0,20490,0,0.000000e+00,0.000000e+00,190982176768.0,179362021376.0,1500367.6,51.05,0.27
CSV,1190010,119000,41,40,0,20590,0,0.000000e+00,0.000000e+00,224890224640.0,142986330112.0,1038331.4,53.36,1.97
CSV,1195010,119500,41,40,0,20690,0,0.000000e+00,0.000000e+00,183619174400.0,175320317952.0,1163167.6,51.98,0.20
CSV,1200010,120000,41,40,0,20790,0,0.000000e+00,0.000000e+00,195262611456.0,175800352768.0,1105135.5,52.47,0.46
CSV,1205010,120500,41,40,0,20890,0,0.000000e+00,0.000000e+00,192100909056.0,179101171712.0,1218775.1,51.98,0.30
BER: END_SEQ #41 [LOCK] seq_err=0 BER_seq=0.0000e+00 | lock=41 slip=0 BER_cond=0.0000e+00 BER_cum=0.0000e+00
CSV,1210010,121000,41,41,0,20951,0,0.000000e+00,0.000000e+00,179209863168.0,177688461312.0,1551180.4,50.63,0.04
BER: SYNC #42 (gated)
CSV,1215010,121500,42,41,0,21013,0,0.000000e+00,0.000000e+00,180283588608.0,177088806912.0,1515873.0,50.75,0.08
CSV,1220010,122000,42,41,0,21113,0,0.000000e+00,0.000000e+00,234838343680.0,139332927488.0,1118814.9,53.22,2.27
CSV,1225010,122500,42,41,0,21213,0,0.000000e+00,0.000000e+00,200011563008.0,173291274240.0,1096603.5,52.61,0.62
CSV,1230010,123000,42,41,0,21313,0,0.000000e+00,0.000000e+00,178288721920.0,182403842048.0,1141576.8,52.04,0.10
CSV,1235010,123500,42,41,0,21412,0,0.000000e+00,0.000000e+00,192832110592.0,166841942016.0,1144441.9,52.27,0.63
BER: END_SEQ #42 [LOCK] seq_err=0 BER_seq=0.0000e+00 | lock=42 slip=0 BER_cond=0.0000e+00 BER_cum=0.0000e+00
CSV,1240010,124000,42,42,0,21462,0,0.000000e+00,0.000000e+00,175653093376.0,188885696512.0,1564982.9,50.82,0.32
BER: SYNC #43 (gated)
CSV,1245010,124500,43,42,0,21535,0,0.000000e+00,0.000000e+00,184320376832.0,187421671424.0,1199635.2,51.94,0.07
CSV,1250010,125000,43,42,0,21635,0,0.000000e+00,0.000000e+00,231205322752.0,136848547840.0,1056124.2,53.40,2.28
CSV,1255010,125500,43,42,0,21735,0,0.000000e+00,0.000000e+00,202517446656.0,159072845824.0,1178414.0,52.35,1.05
CSV,1260010,126000,43,42,0,21835,0,0.000000e+00,0.000000e+00,167079034880.0,197126324224.0,1013400.2,52.89,0.72
CSV,1265010,126500,43,42,0,21935,0,0.000000e+00,0.000000e+00,206483718144.0,168651800576.0,1011437.2,53.10,0.88
BER: END_SEQ #43 [LOCK] seq_err=0 BER_seq=0.0000e+00 | lock=43 slip=0 BER_cond=0.0000e+00 BER_cum=0.0000e+00
CSV,1270010,127000,43,43,0,21973,0,0.000000e+00,0.000000e+00,171967561728.0,180577091584.0,1786022.9,50.05,0.21
BER: SYNC #44 (gated)
CSV,1275010,127500,44,43,0,22058,0,0.000000e+00,0.000000e+00,185693339648.0,174709735424.0,1017087.6,52.61,0.26
CSV,1280010,128000,44,43,0,22158,0,0.000000e+00,0.000000e+00,225164673024.0,145931354112.0,1175418.0,52.82,1.88
CSV,1285010,128500,44,43,0,22258,0,0.000000e+00,0.000000e+00,203194236928.0,171158487040.0,1245894.8,52.12,0.75
CSV,1290010,129000,44,43,0,22358,0,0.000000e+00,0.000000e+00,179878182912.0,180970979328.0,1118770.8,52.09,0.03
CSV,1295010,129500,44,43,0,22458,0,0.000000e+00,0.000000e+00,187254423552.0,171353702400.0,1097541.8,52.32,0.39
BER: END_SEQ #44 [LOCK] seq_err=0 BER_seq=0.0000e+00 | lock=44 slip=0 BER_cond=0.0000e+00 BER_cum=0.0000e+00
CSV,1300010,130000,44,44,0,22484,0,0.000000e+00,0.000000e+00,168612265984.0,188010561536.0,1800962.2,50.19,0.47
BER: SYNC #45 (gated)
CSV,1305010,130500,45,44,0,22581,0,0.000000e+00,0.000000e+00,197464227840.0,176146464768.0,1121799.5,52.46,0.50
CSV,1310010,131000,45,44,0,22681,0,0.000000e+00,0.000000e+00,235553308672.0,133913133056.0,1076424.5,53.40,2.45
CSV,1315010,131500,45,44,0,22781,0,0.000000e+00,0.000000e+00,184464424960.0,174332526592.0,1075838.2,52.34,0.25
CSV,1320010,132000,45,44,0,22881,0,0.000000e+00,0.000000e+00,186830389248.0,175927820288.0,1140477.6,52.14,0.26
CSV,1325010,132500,45,44,0,22981,0,0.000000e+00,0.000000e+00,188825927680.0,183644831744.0,1192839.1,51.99,0.12
BER: END_SEQ #45 [LOCK] seq_err=0 BER_seq=0.0000e+00 | lock=45 slip=0 BER_cond=0.0000e+00 BER_cum=0.0000e+00
BER: SYNC #46 (gated)
CSV,1330010,133000,46,45,0,23004,0,0.000000e+00,0.000000e+00,172244795392.0,183629938688.0,1776871.8,50.14,0.28
CSV,1335010,133500,46,45,0,23103,0,0.000000e+00,0.000000e+00,188399796224.0,169454239744.0,1108553.4,52.30,0.46
CSV,1340010,134000,46,45,0,23203,0,0.000000e+00,0.000000e+00,227344154624.0,140408881152.0,1036871.6,53.41,2.09
CSV,1345010,134500,46,45,0,23303,0,0.000000e+00,0.000000e+00,199268204544.0,172814417920.0,1129784.2,52.46,0.62
CSV,1350010,135000,46,45,0,23403,0,0.000000e+00,0.000000e+00,179842121728.0,181183741952.0,1145235.1,51.99,0.03
CSV,1355010,135500,46,45,0,23503,0,0.000000e+00,0.000000e+00,182150561792.0,178049531904.0,972655.4,52.72,0.10
BER: END_SEQ #46 [LOCK] seq_err=0 BER_seq=0.0000e+00 | lock=46 slip=0 BER_cond=0.0000e+00 BER_cum=0.0000e+00
BER: SYNC #47 (gated)
CSV,1360010,136000,47,46,0,23526,0,0.000000e+00,0.000000e+00,173637140480.0,178239062016.0,1947284.2,49.62,0.11
CSV,1365010,136500,47,46,0,23626,0,0.000000e+00,0.000000e+00,208560848896.0,166316195840.0,1224395.2,52.31,0.98
CSV,1370010,137000,47,46,0,23726,0,0.000000e+00,0.000000e+00,222782242816.0,146589958144.0,1094453.6,53.09,1.82
CSV,1375010,137500,47,46,0,23826,0,0.000000e+00,0.000000e+00,184819892224.0,173480968192.0,1061804.9,52.41,0.27
CSV,1380010,138000,47,46,0,23926,0,0.000000e+00,0.000000e+00,185894141952.0,175412510720.0,1044183.9,52.50,0.25
BER: END_SEQ #47 [LOCK] seq_err=0 BER_seq=0.0000e+00 | lock=47 slip=0 BER_cond=0.0000e+00 BER_cum=0.0000e+00
CSV,1385010,138500,47,47,0,24017,0,0.000000e+00,0.000000e+00,181775351808.0,188346253312.0,1018771.9,52.67,0.15
BER: SYNC #48 (gated)
CSV,1390010,139000,48,47,0,24049,0,0.000000e+00,0.000000e+00,184059953152.0,177573494784.0,1841332.0,50.00,0.16
CSV,1395010,139500,48,47,0,24149,0,0.000000e+00,0.000000e+00,217415467008.0,146021072896.0,978734.3,53.47,1.73
CSV,1400010,140000,48,47,0,24249,0,0.000000e+00,0.000000e+00,189506879488.0,170792681472.0,1127152.0,52.26,0.45
CSV,1405010,140500,48,47,0,24349,0,0.000000e+00,0.000000e+00,195582885888.0,176746561536.0,1007711.3,52.88,0.44
CSV,1410010,141000,48,47,0,24449,0,0.000000e+00,0.000000e+00,200463859712.0,168226947072.0,1109359.6,52.57,0.76
BER: END_SEQ #48 [LOCK] seq_err=0 BER_seq=0.0000e+00 | lock=48 slip=0 BER_cond=0.0000e+00 BER_cum=0.0000e+00
CSV,1415010,141500,48,48,0,24528,0,0.000000e+00,0.000000e+00,171922636800.0,182880714752.0,1188956.4,51.87,0.27
BER: SYNC #49 (gated)
CSV,1420010,142000,49,48,0,24572,0,0.000000e+00,0.000000e+00,186334609408.0,168223047680.0,1634186.9,50.57,0.44
CSV,1425010,142500,49,48,0,24672,0,0.000000e+00,0.000000e+00,227997908992.0,147479543808.0,1082784.5,53.23,1.89
CSV,1430010,143000,49,48,0,24772,0,0.000000e+00,0.000000e+00,184589025280.0,180356857856.0,1248520.1,51.70,0.10
CSV,1435010,143500,49,48,0,24871,0,0.000000e+00,0.000000e+00,193470562304.0,166919225344.0,1121065.8,52.37,0.64
CSV,1440010,144000,49,48,0,24971,0,0.000000e+00,0.000000e+00,176972185600.0,180609302528.0,1252936.1,51.59,0.09
BER: END_SEQ #49 [LOCK] seq_err=0 BER_seq=0.0000e+00 | lock=49 slip=0 BER_cond=0.0000e+00 BER_cum=0.0000e+00
CSV,1445010,144500,49,49,0,25039,0,0.000000e+00,0.000000e+00,189819092992.0,180223229952.0,1445987.5,51.18,0.23
BER: SYNC #50 (gated)
CSV,1450010,145000,50,49,0,25094,0,0.000000e+00,0.000000e+00,190538678272.0,176973742080.0,1527514.2,50.96,0.32
CSV,1455010,145500,50,49,0,25194,0,0.000000e+00,0.000000e+00,224778289152.0,140109365248.0,1034760.8,53.37,2.05
CSV,1460010,146000,50,49,0,25294,0,0.000000e+00,0.000000e+00,188303654912.0,169858727936.0,1139527.9,52.18,0.45
CSV,1465010,146500,50,49,0,25394,0,0.000000e+00,0.000000e+00,179202359296.0,187270201344.0,1050565.4,52.51,0.19
CSV,1470010,147000,50,49,0,25494,0,0.000000e+00,0.000000e+00,204566102016.0,165535612928.0,1270923.1,52.07,0.92
BER: END_SEQ #50 [LOCK] seq_err=0 BER_seq=0.0000e+00 | lock=50 slip=0 BER_cond=0.0000e+00 BER_cum=0.0000e+00
CSV,1475010,147500,50,50,0,25550,0,0.000000e+00,0.000000e+00,169680109568.0,181981478912.0,1583827.4,50.60,0.30
BER: SYNC #51 (gated)
CSV,1480010,148000,51,50,0,25617,0,0.000000e+00,0.000000e+00,177955471360.0,177983209472.0,1240475.9,51.57,0.00
CSV,1485010,148500,51,50,0,25717,0,0.000000e+00,0.000000e+00,238060486656.0,135582179328.0,1101419.8,53.35,2.44
CSV,1490010,149000,51,50,0,25817,0,0.000000e+00,0.000000e+00,199420166144.0,172283625472.0,1015559.2,52.93,0.64
CSV,1495010,149500,51,50,0,25917,0,0.000000e+00,0.000000e+00,174844919808.0,184772591616.0,1119121.5,52.18,0.24
CSV,1500010,150000,51,50,0,26017,0,0.000000e+00,0.000000e+00,198115196928.0,164886102016.0,1103159.0,52.54,0.80
BER: END_SEQ #51 [LOCK] seq_err=0 BER_seq=0.0000e+00 | lock=51 slip=0 BER_cond=0.0000e+00 BER_cum=0.0000e+00
CSV,1505010,150500,51,51,0,26061,0,0.000000e+00,0.000000e+00,172141330432.0,191609946112.0,1723127.1,50.46,0.47

=========================================
=== END OF TEST (duration=25 min) ===
=========================================
FINAL: syncs=51 lock=51 slip=0 slip_rate=0.0000
FINAL: bits_cum=26061 err_cum=0 BER_cum=0.0000e+00
FINAL: bits_lock=26061 err_lock=0 BER_cond=0.0000e+00
=========================================
=== STOP LOGGING NOW ===
=========================================
