

=== RX BOOT - BER TEST MODE ===
BPS_MODE=20 (HALF_SAMPLES=2000, 10000 samples/bit @ 200000 Hz)
Expect: 64-bit preamble + Barker13 (1F35h, gated by 8 preamble bits = 0x55) + 511-bit PRBS-9
Noise floor band: 5000 Hz; lock threshold: BER<0.10
Auto-stop: test will halt 25 min after the first sync.
RX: edge-tracking sync, center-3 voting
Starting decoder...

CSV,5010,500,0,0,0,0,0,0.000000e+00,0.000000e+00,12822694.0,20865622.0,9849.4,33.26,2.11
BER: SYNC #1 (gated)
CSV,10010,1000,1,0,0,92,0,0.000000e+00,0.000000e+00,19997378.0,20259744.0,8685.4,33.68,0.06
CSV,15010,1500,1,0,0,192,0,0.000000e+00,0.000000e+00,28290304.0,19702788.0,9585.1,34.70,1.57
CSV,20010,2000,1,0,0,292,0,0.000000e+00,0.000000e+00,25802592.0,25798780.0,8096.2,35.03,0.00
CSV,25010,2500,1,0,0,392,0,0.000000e+00,0.000000e+00,24052292.0,26062798.0,9322.8,34.46,0.35
CSV,30010,3000,1,0,0,492,0,0.000000e+00,0.000000e+00,24416004.0,26055602.0,9129.8,34.55,0.28
BER: END_SEQ #1 [LOCK] seq_err=0 BER_seq=0.0000e+00 | lock=1 slip=0 BER_cond=0.0000e+00 BER_cum=0.0000e+00
BER: SYNC #2 (gated)
CSV,35010,3500,2,1,0,515,0,0.000000e+00,0.000000e+00,23603968.0,28257770.0,10556.7,34.28,0.78
CSV,40010,4000,2,1,0,615,0,0.000000e+00,0.000000e+00,24465128.0,26956952.0,11891.4,33.55,0.42
CSV,45010,4500,2,1,0,715,0,0.000000e+00,0.000000e+00,32658878.0,19553096.0,9806.4,35.22,2.23
CSV,50010,5000,2,1,0,815,0,0.000000e+00,0.000000e+00,25573906.0,26727098.0,10100.0,34.23,0.19
CSV,55010,5500,2,1,0,915,0,0.000000e+00,0.000000e+00,24286692.0,26846318.0,9879.2,34.34,0.44
CSV,60010,6000,2,1,0,1014,0,0.000000e+00,0.000000e+00,24297738.0,25864640.0,11925.5,33.36,0.27
BER: END_SEQ #2 [LOCK] seq_err=0 BER_seq=0.0000e+00 | lock=2 slip=0 BER_cond=0.0000e+00 BER_cum=0.0000e+00
BER: SYNC #3 (gated)
CSV,65010,6500,3,2,0,1037,0,0.000000e+00,0.000000e+00,21404474.0,28359452.0,11984.7,33.74,1.22
CSV,70010,7000,3,2,0,1137,0,0.000000e+00,0.000000e+00,28503028.0,25102876.0,11178.9,34.06,0.55
CSV,75010,7500,3,2,0,1237,0,0.000000e+00,0.000000e+00,30042024.0,22167930.0,10792.2,34.45,1.32
CSV,80010,8000,3,2,0,1337,0,0.000000e+00,0.000000e+00,25969312.0,24667848.0,10353.6,33.99,0.22
CSV,85010,8500,3,2,0,1437,0,0.000000e+00,0.000000e+00,24314996.0,27070522.0,13269.0,33.10,0.47
BER: END_SEQ #3 [LOCK] seq_err=0 BER_seq=0.0000e+00 | lock=3 slip=0 BER_cond=0.0000e+00 BER_cum=0.0000e+00
CSV,90010,9000,3,3,0,1533,0,0.000000e+00,0.000000e+00,23505208.0,28284372.0,12688.4,33.48,0.80
BER: SYNC #4 (gated)
CSV,95010,9500,4,3,0,1560,0,0.000000e+00,0.000000e+00,22601498.0,26542620.0,11880.4,33.49,0.70
CSV,100010,10000,4,3,0,1660,0,0.000000e+00,0.000000e+00,28642700.0,21930140.0,10656.1,34.29,1.16
CSV,105010,10500,4,3,0,1760,0,0.000000e+00,0.000000e+00,27931330.0,24621550.0,11635.6,33.80,0.55
CSV,110010,11000,4,3,0,1860,0,0.000000e+00,0.000000e+00,25289298.0,26734322.0,10759.7,33.95,0.24
CSV,115010,11500,4,3,0,1960,0,0.000000e+00,0.000000e+00,25199656.0,26022330.0,11823.4,33.43,0.14
BER: END_SEQ #4 [LOCK] seq_err=0 BER_seq=0.0000e+00 | lock=4 slip=0 BER_cond=0.0000e+00 BER_cum=0.0000e+00
CSV,120010,12000,4,4,0,2044,0,0.000000e+00,0.000000e+00,24720952.0,27964436.0,11897.6,33.71,0.54
BER: SYNC #5 (gated)
CSV,125010,12500,5,4,0,2083,0,0.000000e+00,0.000000e+00,26794688.0,26695328.0,9500.4,34.50,0.02
CSV,130010,13000,5,4,0,2183,0,0.000000e+00,0.000000e+00,30021014.0,22303262.0,9882.3,34.83,1.29
CSV,135010,13500,5,4,0,2283,0,0.000000e+00,0.000000e+00,25583162.0,26400562.0,9868.6,34.27,0.14
CSV,140010,14000,5,4,0,2383,0,0.000000e+00,0.000000e+00,28026506.0,25822608.0,10852.0,34.12,0.36
CSV,145010,14500,5,4,0,2483,0,0.000000e+00,0.000000e+00,24977704.0,27272500.0,11650.8,33.69,0.38
BER: END_SEQ #5 [LOCK] seq_err=0 BER_seq=0.0000e+00 | lock=5 slip=0 BER_cond=0.0000e+00 BER_cum=0.0000e+00
CSV,150010,15000,5,5,0,2555,0,0.000000e+00,0.000000e+00,23693444.0,27144810.0,11662.1,33.67,0.59
BER: SYNC #6 (gated)
CSV,155010,15500,6,5,0,2605,0,0.000000e+00,0.000000e+00,24958346.0,26554826.0,11005.0,33.83,0.27
CSV,160010,16000,6,5,0,2705,0,0.000000e+00,0.000000e+00,31121528.0,22101428.0,12611.5,33.92,1.49
CSV,165010,16500,6,5,0,2805,0,0.000000e+00,0.000000e+00,24348742.0,26733886.0,11440.9,33.69,0.41
CSV,170010,17000,6,5,0,2905,0,0.000000e+00,0.000000e+00,25406542.0,25759848.0,11486.4,33.51,0.06
CSV,175010,17500,6,5,0,3005,0,0.000000e+00,0.000000e+00,26123238.0,26835526.0,11845.7,33.55,0.12
BER: END_SEQ #6 [LOCK] seq_err=0 BER_seq=0.0000e+00 | lock=6 slip=0 BER_cond=0.0000e+00 BER_cum=0.0000e+00
CSV,180010,18000,6,6,0,3066,0,0.000000e+00,0.000000e+00,24430430.0,27317446.0,12683.4,33.33,0.49
BER: SYNC #7 (gated)
CSV,185010,18500,7,6,0,3128,0,0.000000e+00,0.000000e+00,24369606.0,26668594.0,10827.7,33.91,0.39
CSV,190010,19000,7,6,0,3228,0,0.000000e+00,0.000000e+00,31620292.0,20646404.0,11432.0,34.42,1.85
CSV,195010,19500,7,6,0,3328,0,0.000000e+00,0.000000e+00,26861734.0,26102042.0,11778.1,33.58,0.12
CSV,200010,20000,7,6,0,3428,0,0.000000e+00,0.000000e+00,23830842.0,27645340.0,10663.3,34.14,0.64
CSV,205010,20500,7,6,0,3528,0,0.000000e+00,0.000000e+00,25730652.0,25421320.0,10917.4,33.72,0.05
BER: END_SEQ #7 [LOCK] seq_err=0 BER_seq=0.0000e+00 | lock=7 slip=0 BER_cond=0.0000e+00 BER_cum=0.0000e+00
CSV,210010,21000,7,7,0,3577,0,0.000000e+00,0.000000e+00,23912534.0,28561972.0,12990.4,33.42,0.77
BER: SYNC #8 (gated)
CSV,215010,21500,8,7,0,3651,0,0.000000e+00,0.000000e+00,24127054.0,27635286.0,13028.4,33.27,0.59
CSV,220010,22000,8,7,0,3751,0,0.000000e+00,0.000000e+00,30145992.0,20170566.0,12146.1,33.95,1.75
CSV,225010,22500,8,7,0,3851,0,0.000000e+00,0.000000e+00,26556580.0,23959080.0,9809.7,34.33,0.45
CSV,230010,23000,8,7,0,3951,0,0.000000e+00,0.000000e+00,22376114.0,29257622.0,10279.6,34.54,1.16
CSV,235010,23500,8,7,0,4051,0,0.000000e+00,0.000000e+00,25973266.0,24423118.0,12199.7,33.28,0.27
BER: END_SEQ #8 [LOCK] seq_err=0 BER_seq=0.0000e+00 | lock=8 slip=0 BER_cond=0.0000e+00 BER_cum=0.0000e+00
CSV,240010,24000,8,8,0,4088,0,0.000000e+00,0.000000e+00,22485698.0,26394510.0,13475.3,32.92,0.70
BER: SYNC #9 (gated)
CSV,245010,24500,9,8,0,4173,0,0.000000e+00,0.000000e+00,25039502.0,26774986.0,12235.3,33.40,0.29
CSV,250010,25000,9,8,0,4273,0,0.000000e+00,0.000000e+00,29847356.0,21901172.0,12246.8,33.87,1.34
CSV,255010,25500,9,8,0,4373,0,0.000000e+00,0.000000e+00,26006322.0,24670012.0,13626.9,32.81,0.23
CSV,260010,26000,9,8,0,4473,0,0.000000e+00,0.000000e+00,24705908.0,27141286.0,13526.0,33.02,0.41
CSV,265010,26500,9,8,0,4573,0,0.000000e+00,0.000000e+00,26601128.0,26973432.0,12356.2,33.39,0.06
BER: END_SEQ #9 [LOCK] seq_err=0 BER_seq=0.0000e+00 | lock=9 slip=0 BER_cond=0.0000e+00 BER_cum=0.0000e+00
CSV,270010,27000,9,9,0,4599,0,0.000000e+00,0.000000e+00,22818024.0,28148896.0,12694.4,33.46,0.91
BER: SYNC #10 (gated)
CSV,275010,27500,10,9,0,4696,0,0.000000e+00,0.000000e+00,25824684.0,25588736.0,13013.1,32.98,0.04
CSV,280010,28000,10,9,0,4796,0,0.000000e+00,0.000000e+00,31704008.0,20446138.0,12765.2,33.95,1.91
CSV,285010,28500,10,9,0,4896,0,0.000000e+00,0.000000e+00,24971046.0,26583998.0,10668.7,33.97,0.27
CSV,290010,29000,10,9,0,4996,0,0.000000e+00,0.000000e+00,24076116.0,25868172.0,12522.8,33.15,0.31
CSV,295010,29500,10,9,0,5096,0,0.000000e+00,0.000000e+00,24024716.0,26780512.0,12149.7,33.43,0.47
BER: END_SEQ #10 [LOCK] seq_err=0 BER_seq=0.0000e+00 | lock=10 slip=0 BER_cond=0.0000e+00 BER_cum=0.0000e+00
BER: SYNC #11 (gated)
CSV,300010,30000,11,10,0,5119,0,0.000000e+00,0.000000e+00,23694528.0,28223170.0,11401.7,33.94,0.76
CSV,305010,30500,11,10,0,5219,0,0.000000e+00,0.000000e+00,25023278.0,25574566.0,11849.0,33.34,0.09
CSV,310010,31000,11,10,0,5319,0,0.000000e+00,0.000000e+00,29656552.0,20890572.0,11941.2,33.95,1.52
CSV,315010,31500,11,10,0,5419,0,0.000000e+00,0.000000e+00,26002746.0,25210460.0,12002.0,33.36,0.13
CSV,320010,32000,11,10,0,5519,0,0.000000e+00,0.000000e+00,23919052.0,27518902.0,13783.1,33.00,0.61
CSV,325010,32500,11,10,0,5618,0,0.000000e+00,0.000000e+00,24008798.0,26671350.0,12552.1,33.27,0.46
BER: END_SEQ #11 [LOCK] seq_err=0 BER_seq=0.0000e+00 | lock=11 slip=0 BER_cond=0.0000e+00 BER_cum=0.0000e+00
BER: SYNC #12 (gated)
CSV,330010,33000,12,11,0,5641,0,0.000000e+00,0.000000e+00,22898486.0,26623324.0,13215.3,33.04,0.65
CSV,335010,33500,12,11,0,5741,0,0.000000e+00,0.000000e+00,27609516.0,24759078.0,11806.8,33.69,0.47
CSV,340010,34000,12,11,0,5841,0,0.000000e+00,0.000000e+00,29392138.0,21645292.0,12112.9,33.85,1.33
CSV,345010,34500,12,11,0,5941,0,0.000000e+00,0.000000e+00,24349440.0,25925926.0,10864.7,33.78,0.27
CSV,350010,35000,12,11,0,6041,0,0.000000e+00,0.000000e+00,24877284.0,26447034.0,11291.2,33.70,0.27
BER: END_SEQ #12 [LOCK] seq_err=0 BER_seq=0.0000e+00 | lock=12 slip=0 BER_cond=0.0000e+00 BER_cum=0.0000e+00
CSV,355010,35500,12,12,0,6132,0,0.000000e+00,0.000000e+00,23841344.0,28011274.0,13517.5,33.16,0.70
BER: SYNC #13 (gated)
CSV,360010,36000,13,12,0,6164,0,0.000000e+00,0.000000e+00,23744136.0,25739120.0,14012.8,32.64,0.35
CSV,365010,36500,13,12,0,6264,0,0.000000e+00,0.000000e+00,28780124.0,21952390.0,12354.4,33.67,1.18
CSV,370010,37000,13,12,0,6364,0,0.000000e+00,0.000000e+00,25847554.0,26406046.0,12862.4,33.12,0.09
CSV,375010,37500,13,12,0,6464,0,0.000000e+00,0.000000e+00,25302722.0,25947526.0,11546.8,33.52,0.11
CSV,380010,38000,13,12,0,6564,0,0.000000e+00,0.000000e+00,25869706.0,24728918.0,15146.4,32.32,0.20
BER: END_SEQ #13 [LOCK] seq_err=0 BER_seq=0.0000e+00 | lock=13 slip=0 BER_cond=0.0000e+00 BER_cum=0.0000e+00
CSV,385010,38500,13,13,0,6643,0,0.000000e+00,0.000000e+00,23474276.0,28279000.0,13920.5,33.08,0.81
BER: SYNC #14 (gated)
CSV,390010,39000,14,13,0,6687,0,0.000000e+00,0.000000e+00,26184192.0,26390404.0,12748.2,33.16,0.03
CSV,395010,39500,14,13,0,6787,0,0.000000e+00,0.000000e+00,30083034.0,21736470.0,13441.3,33.50,1.41
CSV,400010,40000,14,13,0,6887,0,0.000000e+00,0.000000e+00,24569538.0,26752598.0,10529.8,34.05,0.37
CSV,405010,40500,14,13,0,6987,0,0.000000e+00,0.000000e+00,27389838.0,26304178.0,11876.1,33.63,0.18
CSV,410010,41000,14,13,0,7087,0,0.000000e+00,0.000000e+00,24734262.0,27757578.0,11260.2,33.92,0.50
BER: END_SEQ #14 [LOCK] seq_err=0 BER_seq=0.0000e+00 | lock=14 slip=0 BER_cond=0.0000e+00 BER_cum=0.0000e+00
CSV,415010,41500,14,14,0,7154,0,0.000000e+00,0.000000e+00,24995432.0,26169208.0,13808.0,32.78,0.20
BER: SYNC #15 (gated)
CSV,420010,42000,15,14,0,7209,0,0.000000e+00,0.000000e+00,25467930.0,26380612.0,11984.9,33.43,0.15
CSV,425010,42500,15,14,0,7309,0,0.000000e+00,0.000000e+00,31869210.0,22073706.0,9364.5,35.32,1.59
CSV,430010,43000,15,14,0,7409,0,0.000000e+00,0.000000e+00,26072678.0,25973990.0,10256.5,34.05,0.02
CSV,435010,43500,15,14,0,7509,0,0.000000e+00,0.000000e+00,24159624.0,27918240.0,11026.0,34.03,0.63
CSV,440010,44000,15,14,0,7609,0,0.000000e+00,0.000000e+00,28263390.0,25128076.0,14200.9,32.99,0.51
BER: END_SEQ #15 [LOCK] seq_err=0 BER_seq=0.0000e+00 | lock=15 slip=0 BER_cond=0.0000e+00 BER_cum=0.0000e+00
CSV,445010,44500,15,15,0,7665,0,0.000000e+00,0.000000e+00,23729354.0,28129902.0,12964.6,33.36,0.74
BER: SYNC #16 (gated)
CSV,450010,45000,16,15,0,7732,0,0.000000e+00,0.000000e+00,24258430.0,27090576.0,13217.8,33.12,0.48
CSV,455010,45500,16,15,0,7832,0,0.000000e+00,0.000000e+00,32264392.0,20206674.0,12152.7,34.24,2.03
CSV,460010,46000,16,15,0,7932,0,0.000000e+00,0.000000e+00,27527500.0,26292304.0,11970.0,33.62,0.20
CSV,465010,46500,16,15,0,8032,0,0.000000e+00,0.000000e+00,24273716.0,28027622.0,13987.9,33.02,0.62
CSV,470010,47000,16,15,0,8132,0,0.000000e+00,0.000000e+00,27381914.0,24968106.0,12684.3,33.34,0.40
BER: END_SEQ #16 [LOCK] seq_err=0 BER_seq=0.0000e+00 | lock=16 slip=0 BER_cond=0.0000e+00 BER_cum=0.0000e+00
CSV,475010,47500,16,16,0,8176,0,0.000000e+00,0.000000e+00,24036324.0,29455200.0,11481.5,34.09,0.88
BER: SYNC #17 (gated)
CSV,480010,48000,17,16,0,8255,0,0.000000e+00,0.000000e+00,25619374.0,27940050.0,10580.4,34.22,0.38
CSV,485010,48500,17,16,0,8355,0,0.000000e+00,0.000000e+00,31378896.0,21260930.0,11318.8,34.43,1.69
CSV,490010,49000,17,16,0,8455,0,0.000000e+00,0.000000e+00,28891772.0,24154682.0,12487.8,33.64,0.78
CSV,495010,49500,17,16,0,8555,0,0.000000e+00,0.000000e+00,23418322.0,30639702.0,12701.7,33.82,1.17
CSV,500010,50000,17,16,0,8655,0,0.000000e+00,0.000000e+00,27814490.0,25296410.0,11655.1,33.78,0.41
BER: END_SEQ #17 [LOCK] seq_err=0 BER_seq=0.0000e+00 | lock=17 slip=0 BER_cond=0.0000e+00 BER_cum=0.0000e+00
CSV,505010,50500,17,17,0,8687,0,0.000000e+00,0.000000e+00,23015610.0,28256036.0,12282.7,33.62,0.89
BER: SYNC #18 (gated)
CSV,510010,51000,18,17,0,8777,0,0.000000e+00,0.000000e+00,27638020.0,26334538.0,12733.6,33.37,0.21
CSV,515010,51500,18,17,0,8877,0,0.000000e+00,0.000000e+00,32094512.0,21871856.0,12621.2,34.05,1.67
CSV,520010,52000,18,17,0,8977,0,0.000000e+00,0.000000e+00,26301064.0,25984812.0,10790.3,33.87,0.05
CSV,525010,52500,18,17,0,9077,0,0.000000e+00,0.000000e+00,25892196.0,26691746.0,12425.5,33.32,0.13
CSV,530010,53000,18,17,0,9177,0,0.000000e+00,0.000000e+00,27475884.0,26700048.0,11296.7,33.86,0.12
BER: END_SEQ #18 [LOCK] seq_err=0 BER_seq=0.0000e+00 | lock=18 slip=0 BER_cond=0.0000e+00 BER_cum=0.0000e+00
BER: SYNC #19 (gated)
CSV,535010,53500,19,18,0,9200,0,0.000000e+00,0.000000e+00,22866400.0,28634912.0,12996.3,33.43,0.98
CSV,540010,54000,19,18,0,9300,0,0.000000e+00,0.000000e+00,25868924.0,26207648.0,12100.2,33.36,0.06
CSV,545010,54500,19,18,0,9400,0,0.000000e+00,0.000000e+00,32556060.0,20967406.0,12567.8,34.13,1.91
CSV,550010,55000,19,18,0,9500,0,0.000000e+00,0.000000e+00,26532366.0,26783350.0,11203.3,33.79,0.04
CSV,555010,55500,19,18,0,9600,0,0.000000e+00,0.000000e+00,24609642.0,26881486.0,13944.6,32.85,0.38
CSV,560010,56000,19,18,0,9700,0,0.000000e+00,0.000000e+00,25922832.0,26111238.0,10761.6,33.85,0.03
BER: END_SEQ #19 [LOCK] seq_err=0 BER_seq=0.0000e+00 | lock=19 slip=0 BER_cond=0.0000e+00 BER_cum=0.0000e+00
BER: SYNC #20 (gated)
CSV,565010,56500,20,19,0,9723,0,0.000000e+00,0.000000e+00,22355302.0,30071742.0,14628.2,33.13,1.29
CSV,570010,57000,20,19,0,9823,0,0.000000e+00,0.000000e+00,26637100.0,24715678.0,10920.8,33.87,0.33
CSV,575010,57500,20,19,0,9923,0,0.000000e+00,0.000000e+00,29268540.0,21256026.0,12404.4,33.73,1.39
CSV,580010,58000,20,19,0,10023,0,0.000000e+00,0.000000e+00,25881924.0,25156436.0,12188.0,33.27,0.12
CSV,585010,58500,20,19,0,10123,0,0.000000e+00,0.000000e+00,24398864.0,26967220.0,11386.9,33.74,0.43
BER: END_SEQ #20 [LOCK] seq_err=0 BER_seq=0.0000e+00 | lock=20 slip=0 BER_cond=0.0000e+00 BER_cum=0.0000e+00
CSV,590010,59000,20,20,0,10220,0,0.000000e+00,0.000000e+00,23340516.0,26908726.0,14499.2,32.69,0.62
BER: SYNC #21 (gated)
CSV,595010,59500,21,20,0,10245,0,0.000000e+00,0.000000e+00,22674258.0,26158452.0,12138.8,33.33,0.62
CSV,600010,60000,21,20,0,10345,0,0.000000e+00,0.000000e+00,28593424.0,22919388.0,10895.7,34.19,0.96
CSV,605010,60500,21,20,0,10445,0,0.000000e+00,0.000000e+00,27472402.0,22745090.0,11268.9,33.87,0.82
CSV,610010,61000,21,20,0,10545,0,0.000000e+00,0.000000e+00,24263486.0,25631802.0,12199.9,33.22,0.24
CSV,615010,61500,21,20,0,10645,0,0.000000e+00,0.000000e+00,24306204.0,26272386.0,11889.9,33.44,0.34
BER: END_SEQ #21 [LOCK] seq_err=0 BER_seq=0.0000e+00 | lock=21 slip=0 BER_cond=0.0000e+00 BER_cum=0.0000e+00
CSV,620010,62000,21,21,0,10731,0,0.000000e+00,0.000000e+00,24031074.0,27646058.0,14727.9,32.73,0.61
BER: SYNC #22 (gated)
CSV,625010,62500,22,21,0,10768,0,0.000000e+00,0.000000e+00,24876972.0,25108336.0,12690.5,32.96,0.04
CSV,630010,63000,22,21,0,10868,0,0.000000e+00,0.000000e+00,29627624.0,21998620.0,12440.6,33.77,1.29
CSV,635010,63500,22,21,0,10968,0,0.000000e+00,0.000000e+00,26647900.0,26757460.0,11590.5,33.63,0.02
CSV,640010,64000,22,21,0,11068,0,0.000000e+00,0.000000e+00,26732064.0,26007842.0,10644.8,34.00,0.12
CSV,645010,64500,22,21,0,11168,0,0.000000e+00,0.000000e+00,24963732.0,26341184.0,11065.3,33.77,0.23
BER: END_SEQ #22 [LOCK] seq_err=0 BER_seq=0.0000e+00 | lock=22 slip=0 BER_cond=0.0000e+00 BER_cum=0.0000e+00
CSV,650010,65000,22,22,0,11242,0,0.000000e+00,0.000000e+00,24329882.0,27541728.0,11358.2,33.85,0.54
BER: SYNC #23 (gated)
CSV,655010,65500,23,22,0,11291,0,0.000000e+00,0.000000e+00,25549200.0,26919302.0,13316.1,33.06,0.23
CSV,660010,66000,23,22,0,11391,0,0.000000e+00,0.000000e+00,29979042.0,21024460.0,12421.6,33.83,1.54
CSV,665010,66500,23,22,0,11491,0,0.000000e+00,0.000000e+00,24319938.0,25752722.0,10275.0,33.99,0.25
CSV,670010,67000,23,22,0,11591,0,0.000000e+00,0.000000e+00,25391872.0,26710754.0,11386.5,33.70,0.22
CSV,675010,67500,23,22,0,11691,0,0.000000e+00,0.000000e+00,25654088.0,26138776.0,10757.0,33.86,0.08
BER: END_SEQ #23 [LOCK] seq_err=0 BER_seq=0.0000e+00 | lock=23 slip=0 BER_cond=0.0000e+00 BER_cum=0.0000e+00
CSV,680010,68000,23,23,0,11753,0,0.000000e+00,0.000000e+00,23580528.0,27133062.0,13022.9,33.19,0.61
BER: SYNC #24 (gated)
CSV,685010,68500,24,23,0,11813,0,0.000000e+00,0.000000e+00,25783344.0,26669274.0,12214.0,33.39,0.15
CSV,690010,69000,24,23,0,11913,0,0.000000e+00,0.000000e+00,32585880.0,22402660.0,13634.5,33.78,1.63
CSV,695010,69500,24,23,0,12013,0,0.000000e+00,0.000000e+00,27242440.0,25820290.0,11310.1,33.82,0.23
CSV,700010,70000,24,23,0,12113,0,0.000000e+00,0.000000e+00,25215620.0,27301888.0,11437.5,33.78,0.35
CSV,705010,70500,24,23,0,12213,0,0.000000e+00,0.000000e+00,27432488.0,26131990.0,13257.7,33.16,0.21
BER: END_SEQ #24 [LOCK] seq_err=0 BER_seq=0.0000e+00 | lock=24 slip=0 BER_cond=0.0000e+00 BER_cum=0.0000e+00
CSV,710010,71000,24,24,0,12264,0,0.000000e+00,0.000000e+00,23656058.0,28682480.0,12276.7,33.69,0.84
BER: SYNC #25 (gated)
CSV,715010,71500,25,24,0,12336,0,0.000000e+00,0.000000e+00,23779960.0,27788278.0,10972.5,34.04,0.68
CSV,720010,72000,25,24,0,12436,0,0.000000e+00,0.000000e+00,31670286.0,20483372.0,11394.5,34.44,1.89
CSV,725010,72500,25,24,0,12536,0,0.000000e+00,0.000000e+00,28227866.0,24799060.0,12654.2,33.48,0.56
CSV,730010,73000,25,24,0,12636,0,0.000000e+00,0.000000e+00,22031300.0,29168340.0,12633.8,33.63,1.22
CSV,735010,73500,25,24,0,12736,0,0.000000e+00,0.000000e+00,26775158.0,23972988.0,11509.6,33.67,0.48
BER: END_SEQ #25 [LOCK] seq_err=0 BER_seq=0.0000e+00 | lock=25 slip=0 BER_cond=0.0000e+00 BER_cum=0.0000e+00
CSV,740010,74000,25,25,0,12775,0,0.000000e+00,0.000000e+00,23622314.0,28256290.0,13904.0,33.08,0.78
BER: SYNC #26 (gated)
CSV,745010,74500,26,25,0,12859,0,0.000000e+00,0.000000e+00,24824314.0,27110418.0,10559.0,34.10,0.38
CSV,750010,75000,26,25,0,12959,0,0.000000e+00,0.000000e+00,29424104.0,21363574.0,10435.7,34.50,1.39
CSV,755010,75500,26,25,0,13059,0,0.000000e+00,0.000000e+00,26746160.0,24056818.0,11769.5,33.57,0.46
CSV,760010,76000,26,25,0,13159,0,0.000000e+00,0.000000e+00,23792262.0,28450148.0,13372.7,33.28,0.78
CSV,765010,76500,26,25,0,13259,0,0.000000e+00,0.000000e+00,25340720.0,25711828.0,13180.7,32.90,0.06
BER: END_SEQ #26 [LOCK] seq_err=0 BER_seq=0.0000e+00 | lock=26 slip=0 BER_cond=0.0000e+00 BER_cum=0.0000e+00
CSV,770010,77000,26,26,0,13286,0,0.000000e+00,0.000000e+00,21838746.0,27623660.0,14013.5,32.95,1.02
BER: SYNC #27 (gated)
CSV,775010,77500,27,26,0,13381,0,0.000000e+00,0.000000e+00,26462312.0,25705516.0,13620.3,32.88,0.13
CSV,780010,78000,27,26,0,13481,0,0.000000e+00,0.000000e+00,32170866.0,20644032.0,11603.4,34.43,1.93
CSV,785010,78500,27,26,0,13581,0,0.000000e+00,0.000000e+00,25508420.0,26128380.0,13344.7,32.92,0.10
CSV,790010,79000,27,26,0,13681,0,0.000000e+00,0.000000e+00,25636336.0,26620036.0,12247.7,33.37,0.16
CSV,795010,79500,27,26,0,13781,0,0.000000e+00,0.000000e+00,26423242.0,27778970.0,13239.1,33.22,0.22
BER: END_SEQ #27 [LOCK] seq_err=0 BER_seq=0.0000e+00 | lock=27 slip=0 BER_cond=0.0000e+00 BER_cum=0.0000e+00
BER: SYNC #28 (gated)
CSV,800010,80000,28,27,0,13804,0,0.000000e+00,0.000000e+00,23823850.0,27817442.0,13465.6,33.15,0.67
CSV,805010,80500,28,27,0,13904,0,0.000000e+00,0.000000e+00,25648624.0,26130538.0,12208.7,33.30,0.08
CSV,810010,81000,28,27,0,14004,0,0.000000e+00,0.000000e+00,31453922.0,21190370.0,12034.8,34.17,1.72
CSV,815010,81500,28,27,0,14104,0,0.000000e+00,0.000000e+00,26188086.0,26378234.0,12451.5,33.26,0.03
CSV,820010,82000,28,27,0,14204,0,0.000000e+00,0.000000e+00,23721510.0,26863206.0,14196.9,32.77,0.54
CSV,825010,82500,28,27,0,14304,0,0.000000e+00,0.000000e+00,24655502.0,26378996.0,12198.1,33.35,0.29
BER: END_SEQ #28 [LOCK] seq_err=0 BER_seq=0.0000e+00 | lock=28 slip=0 BER_cond=0.0000e+00 BER_cum=0.0000e+00
BER: SYNC #29 (gated)
CSV,830010,83000,29,28,0,14327,0,0.000000e+00,0.000000e+00,23693920.0,27991736.0,14229.7,32.94,0.72
CSV,835010,83500,29,28,0,14427,0,0.000000e+00,0.000000e+00,26875374.0,23997586.0,11364.0,33.74,0.49
CSV,840010,84000,29,28,0,14527,0,0.000000e+00,0.000000e+00,28692846.0,21729192.0,17683.3,32.10,1.21
CSV,845010,84500,29,28,0,14627,0,0.000000e+00,0.000000e+00,25918116.0,26213366.0,12550.0,33.20,0.05
CSV,850010,85000,29,28,0,14727,0,0.000000e+00,0.000000e+00,26341776.0,27128730.0,13453.8,33.05,0.13
BER: END_SEQ #29 [LOCK] seq_err=0 BER_seq=0.0000e+00 | lock=29 slip=0 BER_cond=0.0000e+00 BER_cum=0.0000e+00
CSV,855010,85500,29,29,0,14819,0,0.000000e+00,0.000000e+00,23987914.0,27963252.0,10506.2,34.25,0.67
BER: SYNC #30 (gated)
CSV,860010,86000,30,29,0,14849,0,0.000000e+00,0.000000e+00,24238350.0,26348034.0,12447.8,33.26,0.36
CSV,865010,86500,30,29,0,14949,0,0.000000e+00,0.000000e+00,30483990.0,22808722.0,11546.7,34.22,1.26
CSV,870010,87000,30,29,0,15049,0,0.000000e+00,0.000000e+00,26861700.0,26306816.0,11928.0,33.53,0.09
CSV,875010,87500,30,29,0,15149,0,0.000000e+00,0.000000e+00,25752214.0,26642100.0,10924.3,33.87,0.15
CSV,880010,88000,30,29,0,15249,0,0.000000e+00,0.000000e+00,26445186.0,26996740.0,9528.3,34.52,0.09
BER: END_SEQ #30 [LOCK] seq_err=0 BER_seq=0.0000e+00 | lock=30 slip=0 BER_cond=0.0000e+00 BER_cum=0.0000e+00
CSV,885010,88500,30,30,0,15330,0,0.000000e+00,0.000000e+00,24795992.0,30054652.0,12369.4,33.86,0.84
BER: SYNC #31 (gated)
CSV,890010,89000,31,30,0,15372,0,0.000000e+00,0.000000e+00,25444068.0,25216192.0,11361.9,33.50,0.04
CSV,895010,89500,31,30,0,15472,0,0.000000e+00,0.000000e+00,29487080.0,21886816.0,9966.5,34.71,1.29
CSV,900010,90000,31,30,0,15572,0,0.000000e+00,0.000000e+00,25737632.0,26980908.0,12095.6,33.48,0.20
CSV,905010,90500,31,30,0,15672,0,0.000000e+00,0.000000e+00,26863680.0,25526254.0,9462.1,34.53,0.22
CSV,910010,91000,31,30,0,15772,0,0.000000e+00,0.000000e+00,24177756.0,26905126.0,11383.8,33.74,0.46
BER: END_SEQ #31 [LOCK] seq_err=0 BER_seq=0.0000e+00 | lock=31 slip=0 BER_cond=0.0000e+00 BER_cum=0.0000e+00
CSV,915010,91500,31,31,0,15841,0,0.000000e+00,0.000000e+00,25186770.0,26421544.0,10379.6,34.06,0.21
BER: SYNC #32 (gated)
CSV,920010,92000,32,31,0,15895,0,0.000000e+00,0.000000e+00,26292038.0,26206688.0,11889.2,33.45,0.01
CSV,925010,92500,32,31,0,15995,0,0.000000e+00,0.000000e+00,29917822.0,21410322.0,12751.5,33.70,1.45
CSV,930010,93000,32,31,0,16095,0,0.000000e+00,0.000000e+00,24908426.0,25852056.0,11783.4,33.41,0.16
CSV,935010,93500,32,31,0,16195,0,0.000000e+00,0.000000e+00,25225042.0,27405116.0,11418.5,33.80,0.36
CSV,940010,94000,32,31,0,16295,0,0.000000e+00,0.000000e+00,25918030.0,25002894.0,8814.4,34.68,0.16
BER: END_SEQ #32 [LOCK] seq_err=0 BER_seq=0.0000e+00 | lock=32 slip=0 BER_cond=0.0000e+00 BER_cum=0.0000e+00
CSV,945010,94500,32,32,0,16352,0,0.000000e+00,0.000000e+00,22698050.0,26207174.0,11786.6,33.47,0.62
BER: SYNC #33 (gated)
CSV,950010,95000,33,32,0,16417,0,0.000000e+00,0.000000e+00,22837358.0,26537050.0,12094.0,33.41,0.65
CSV,955010,95500,33,32,0,16517,0,0.000000e+00,0.000000e+00,30986856.0,19850930.0,10478.3,34.71,1.93
CSV,960010,96000,33,32,0,16617,0,0.000000e+00,0.000000e+00,24667084.0,24345818.0,10733.7,33.61,0.06
CSV,965010,96500,33,32,0,16717,0,0.000000e+00,0.000000e+00,22484996.0,26117786.0,10135.6,34.11,0.65
CSV,970010,97000,33,32,0,16817,0,0.000000e+00,0.000000e+00,25153766.0,24657510.0,9748.2,34.12,0.09
BER: END_SEQ #33 [LOCK] seq_err=0 BER_seq=0.0000e+00 | lock=33 slip=0 BER_cond=0.0000e+00 BER_cum=0.0000e+00
CSV,975010,97500,33,33,0,16863,0,0.000000e+00,0.000000e+00,22073446.0,26704684.0,12622.9,33.25,0.83
BER: SYNC #34 (gated)
CSV,980010,98000,34,33,0,16940,0,0.000000e+00,0.000000e+00,22712572.0,25684366.0,11124.3,33.63,0.53
CSV,985010,98500,34,33,0,17040,0,0.000000e+00,0.000000e+00,29114196.0,19887350.0,9524.7,34.85,1.66
CSV,990010,99000,34,33,0,17140,0,0.000000e+00,0.000000e+00,26376240.0,23883140.0,10030.0,34.20,0.43
CSV,995010,99500,34,33,0,17240,0,0.000000e+00,0.000000e+00,21070690.0,27633010.0,10682.4,34.13,1.18
CSV,1000010,100000,34,33,0,17340,0,0.000000e+00,0.000000e+00,25098708.0,23536636.0,9102.8,34.40,0.28
BER: END_SEQ #34 [LOCK] seq_err=0 BER_seq=0.0000e+00 | lock=34 slip=0 BER_cond=0.0000e+00 BER_cum=0.0000e+00
CSV,1005010,100500,34,34,0,17374,0,0.000000e+00,0.000000e+00,22321972.0,27167816.0,13780.7,32.95,0.85
BER: SYNC #35 (gated)
CSV,1010010,101000,35,34,0,17463,0,0.000000e+00,0.000000e+00,24276472.0,25585140.0,9925.4,34.11,0.23
CSV,1015010,101500,35,34,0,17563,0,0.000000e+00,0.000000e+00,29111176.0,19501726.0,11296.0,34.11,1.74
CSV,1020010,102000,35,34,0,17663,0,0.000000e+00,0.000000e+00,24203746.0,24696614.0,10861.8,33.57,0.09
CSV,1025010,102500,35,34,0,17763,0,0.000000e+00,0.000000e+00,24333908.0,25788880.0,11871.3,33.37,0.25
CSV,1030010,103000,35,34,0,17863,0,0.000000e+00,0.000000e+00,24265130.0,24785570.0,10046.6,33.92,0.09
BER: END_SEQ #35 [LOCK] seq_err=0 BER_seq=0.0000e+00 | lock=35 slip=0 BER_cond=0.0000e+00 BER_cum=0.0000e+00
BER: SYNC #36 (gated)
CSV,1035010,103500,36,35,0,17885,0,0.000000e+00,0.000000e+00,20363256.0,27125556.0,12178.7,33.48,1.25
CSV,1040010,104000,36,35,0,17985,0,0.000000e+00,0.000000e+00,24759344.0,25177350.0,11048.4,33.58,0.07
CSV,1045010,104500,36,35,0,18085,0,0.000000e+00,0.000000e+00,30450720.0,19901068.0,10093.0,34.80,1.85
CSV,1050010,105000,36,35,0,18185,0,0.000000e+00,0.000000e+00,24585504.0,24799160.0,10501.6,33.73,0.04
CSV,1055010,105500,36,35,0,18285,0,0.000000e+00,0.000000e+00,23110818.0,26843894.0,10183.1,34.21,0.65
CSV,1060010,106000,36,35,0,18385,0,0.000000e+00,0.000000e+00,26131102.0,25836090.0,12378.4,33.24,0.05
BER: END_SEQ #36 [LOCK] seq_err=0 BER_seq=0.0000e+00 | lock=36 slip=0 BER_cond=0.0000e+00 BER_cum=0.0000e+00
BER: SYNC #37 (gated)
CSV,1065010,106500,37,36,0,18408,0,0.000000e+00,0.000000e+00,22167394.0,27844128.0,12767.1,33.39,0.99
CSV,1070010,107000,37,36,0,18508,0,0.000000e+00,0.000000e+00,25973038.0,24620956.0,11764.0,33.44,0.23
CSV,1075010,107500,37,36,0,18608,0,0.000000e+00,0.000000e+00,30489004.0,21584872.0,9663.1,34.99,1.50
CSV,1080010,108000,37,36,0,18708,0,0.000000e+00,0.000000e+00,27610702.0,25445208.0,17419.8,32.00,0.35
CSV,1085010,108500,37,36,0,18808,0,0.000000e+00,0.000000e+00,23820546.0,28317100.0,12536.7,33.54,0.75
BER: END_SEQ #37 [LOCK] seq_err=0 BER_seq=0.0000e+00 | lock=37 slip=0 BER_cond=0.0000e+00 BER_cum=0.0000e+00
CSV,1090010,109000,37,37,0,18907,0,0.000000e+00,0.000000e+00,24833108.0,27980476.0,12756.0,33.41,0.52
BER: SYNC #38 (gated)
CSV,1095010,109500,38,37,0,18931,0,0.000000e+00,0.000000e+00,24875672.0,28675056.0,11848.1,33.84,0.62
CSV,1100010,110000,38,37,0,19031,0,0.000000e+00,0.000000e+00,29058764.0,24262836.0,7614.9,35.82,0.78
CSV,1105010,110500,38,37,0,19131,0,0.000000e+00,0.000000e+00,28798992.0,23469596.0,7365.5,35.92,0.89
CSV,1110010,111000,38,37,0,19231,0,0.000000e+00,0.000000e+00,25941284.0,27279228.0,7813.6,35.43,0.22
CSV,1115010,111500,38,37,0,19331,0,0.000000e+00,0.000000e+00,25955796.0,28931394.0,7365.5,35.94,0.47
BER: END_SEQ #38 [LOCK] seq_err=0 BER_seq=0.0000e+00 | lock=38 slip=0 BER_cond=0.0000e+00 BER_cum=0.0000e+00
CSV,1120010,112000,38,38,0,19418,0,0.000000e+00,0.000000e+00,24104690.0,28915190.0,8246.8,35.45,0.79
BER: SYNC #39 (gated)
CSV,1125010,112500,39,38,0,19453,0,0.000000e+00,0.000000e+00,24759308.0,27545208.0,7351.1,35.74,0.46
CSV,1130010,113000,39,38,0,19553,0,0.000000e+00,0.000000e+00,30280388.0,24319272.0,9582.3,35.00,0.95
CSV,1135010,113500,39,38,0,19653,0,0.000000e+00,0.000000e+00,25941900.0,27632636.0,8465.7,35.14,0.27
CSV,1140010,114000,39,38,0,19753,0,0.000000e+00,0.000000e+00,25053176.0,25652720.0,10330.4,33.95,0.10
CSV,1145010,114500,39,38,0,19853,0,0.000000e+00,0.000000e+00,24985210.0,26059822.0,13738.6,32.78,0.18
BER: END_SEQ #39 [LOCK] seq_err=0 BER_seq=0.0000e+00 | lock=39 slip=0 BER_cond=0.0000e+00 BER_cum=0.0000e+00
CSV,1150010,115000,39,39,0,19929,0,0.000000e+00,0.000000e+00,24595304.0,27411442.0,12411.5,33.44,0.47
BER: SYNC #40 (gated)
CSV,1155010,115500,40,39,0,19976,0,0.000000e+00,0.000000e+00,24704582.0,25573780.0,13358.8,32.82,0.15
CSV,1160010,116000,40,39,0,20076,0,0.000000e+00,0.000000e+00,30271528.0,20924940.0,10265.9,34.70,1.60
CSV,1165010,116500,40,39,0,20176,0,0.000000e+00,0.000000e+00,24813378.0,27601320.0,11819.3,33.68,0.46
CSV,1170010,117000,40,39,0,20276,0,0.000000e+00,0.000000e+00,26491406.0,25575796.0,10334.7,34.09,0.15
CSV,1175010,117500,40,39,0,20376,0,0.000000e+00,0.000000e+00,24335376.0,25902564.0,10133.6,34.08,0.27
BER: END_SEQ #40 [LOCK] seq_err=0 BER_seq=0.0000e+00 | lock=40 slip=0 BER_cond=0.0000e+00 BER_cum=0.0000e+00
CSV,1180010,118000,40,40,0,20440,0,0.000000e+00,0.000000e+00,24209534.0,26346176.0,11684.3,33.53,0.37
BER: SYNC #41 (gated)
CSV,1185010,118500,41,40,0,20499,0,0.000000e+00,0.000000e+00,25092446.0,26263162.0,10683.9,33.91,0.20
CSV,1190010,119000,41,40,0,20599,0,0.000000e+00,0.000000e+00,29355610.0,20525308.0,12597.3,33.67,1.55
CSV,1195010,119500,41,40,0,20699,0,0.000000e+00,0.000000e+00,24699144.0,24286656.0,10165.8,33.86,0.07
CSV,1200010,120000,41,40,0,20799,0,0.000000e+00,0.000000e+00,23205106.0,26841962.0,10387.5,34.12,0.63
CSV,1205010,120500,41,40,0,20899,0,0.000000e+00,0.000000e+00,24946862.0,24531040.0,13406.2,32.70,0.07
BER: END_SEQ #41 [LOCK] seq_err=0 BER_seq=0.0000e+00 | lock=41 slip=0 BER_cond=0.0000e+00 BER_cum=0.0000e+00
CSV,1210010,121000,41,41,0,20951,0,0.000000e+00,0.000000e+00,21484412.0,26275720.0,11144.6,33.72,0.87
BER: SYNC #42 (gated)
CSV,1215010,121500,42,41,0,21021,0,0.000000e+00,0.000000e+00,22636526.0,26375316.0,10126.1,34.16,0.66
CSV,1220010,122000,42,41,0,21121,0,0.000000e+00,0.000000e+00,30134040.0,20537490.0,9809.4,34.87,1.67
CSV,1225010,122500,42,41,0,21221,0,0.000000e+00,0.000000e+00,25564372.0,23387312.0,9461.6,34.32,0.39
CSV,1230010,123000,42,41,0,21321,0,0.000000e+00,0.000000e+00,21501180.0,26913984.0,10416.8,34.12,0.98
CSV,1235010,123500,42,41,0,21421,0,0.000000e+00,0.000000e+00,25975854.0,23585312.0,11977.1,33.36,0.42
BER: END_SEQ #42 [LOCK] seq_err=0 BER_seq=0.0000e+00 | lock=42 slip=0 BER_cond=0.0000e+00 BER_cum=0.0000e+00
CSV,1240010,124000,42,42,0,21462,0,0.000000e+00,0.000000e+00,21532788.0,27125198.0,12944.1,33.21,1.00
BER: SYNC #43 (gated)
CSV,1245010,124500,43,42,0,21544,0,0.000000e+00,0.000000e+00,23162350.0,25781954.0,9098.3,34.52,0.47
CSV,1250010,125000,43,42,0,21644,0,0.000000e+00,0.000000e+00,29564380.0,21251260.0,9537.6,34.91,1.43
CSV,1255010,125500,43,42,0,21744,0,0.000000e+00,0.000000e+00,27988158.0,23964206.0,12889.8,33.37,0.67
CSV,1260010,126000,43,42,0,21844,0,0.000000e+00,0.000000e+00,22288420.0,27993252.0,10763.6,34.15,0.99
CSV,1265010,126500,43,42,0,21944,0,0.000000e+00,0.000000e+00,26094684.0,24032910.0,11679.2,33.49,0.36
BER: END_SEQ #43 [LOCK] seq_err=0 BER_seq=0.0000e+00 | lock=43 slip=0 BER_cond=0.0000e+00 BER_cum=0.0000e+00
CSV,1270010,127000,43,43,0,21973,0,0.000000e+00,0.000000e+00,22896606.0,27908334.0,10394.1,34.29,0.86
BER: SYNC #44 (gated)
CSV,1275010,127500,44,43,0,22067,0,0.000000e+00,0.000000e+00,25881750.0,25541538.0,12035.4,33.33,0.06
CSV,1280010,128000,44,43,0,22167,0,0.000000e+00,0.000000e+00,30865668.0,19382542.0,12526.3,33.92,2.02
CSV,1285010,128500,44,43,0,22267,0,0.000000e+00,0.000000e+00,24616106.0,25590996.0,11562.1,33.45,0.17
CSV,1290010,129000,44,43,0,22367,0,0.000000e+00,0.000000e+00,25276256.0,26262134.0,10241.2,34.09,0.17
CSV,1295010,129500,44,43,0,22467,0,0.000000e+00,0.000000e+00,24668948.0,25739438.0,9089.8,34.52,0.18
BER: END_SEQ #44 [LOCK] seq_err=0 BER_seq=0.0000e+00 | lock=44 slip=0 BER_cond=0.0000e+00 BER_cum=0.0000e+00
BER: SYNC #45 (gated)
CSV,1300010,130000,45,44,0,22489,0,0.000000e+00,0.000000e+00,22327112.0,26448016.0,12220.4,33.35,0.74
CSV,1305010,130500,45,44,0,22589,0,0.000000e+00,0.000000e+00,24638590.0,26685968.0,9323.9,34.57,0.35
CSV,1310010,131000,45,44,0,22689,0,0.000000e+00,0.000000e+00,31954656.0,20060854.0,11822.0,34.32,2.02
CSV,1315010,131500,45,44,0,22789,0,0.000000e+00,0.000000e+00,25137736.0,25334806.0,11516.8,33.42,0.03
CSV,1320010,132000,45,44,0,22889,0,0.000000e+00,0.000000e+00,23850812.0,26455280.0,10054.1,34.20,0.45
CSV,1325010,132500,45,44,0,22989,0,0.000000e+00,0.000000e+00,25599802.0,26423626.0,10250.3,34.11,0.14
BER: END_SEQ #45 [LOCK] seq_err=0 BER_seq=0.0000e+00 | lock=45 slip=0 BER_cond=0.0000e+00 BER_cum=0.0000e+00
BER: SYNC #46 (gated)
CSV,1330010,133000,46,45,0,23012,0,0.000000e+00,0.000000e+00,22733744.0,27162296.0,11150.7,33.87,0.77
CSV,1335010,133500,46,45,0,23112,0,0.000000e+00,0.000000e+00,26199036.0,23982256.0,11646.1,33.52,0.38
CSV,1340010,134000,46,45,0,23212,0,0.000000e+00,0.000000e+00,30038282.0,21423074.0,10362.6,34.62,1.47
CSV,1345010,134500,46,45,0,23312,0,0.000000e+00,0.000000e+00,26293164.0,25376994.0,9115.5,34.60,0.15
CSV,1350010,135000,46,45,0,23412,0,0.000000e+00,0.000000e+00,24631280.0,25470618.0,8830.2,34.60,0.15
BER: END_SEQ #46 [LOCK] seq_err=0 BER_seq=0.0000e+00 | lock=46 slip=0 BER_cond=0.0000e+00 BER_cum=0.0000e+00
CSV,1355010,135500,46,46,0,23506,0,0.000000e+00,0.000000e+00,22703960.0,27547968.0,10668.0,34.12,0.84
BER: SYNC #47 (gated)
CSV,1360010,136000,47,46,0,23535,0,0.000000e+00,0.000000e+00,24646706.0,26727256.0,10561.7,34.03,0.35
CSV,1365010,136500,47,46,0,23635,0,0.000000e+00,0.000000e+00,29469870.0,21740856.0,9788.3,34.79,1.32
CSV,1370010,137000,47,46,0,23735,0,0.000000e+00,0.000000e+00,26260456.0,23882994.0,9375.4,34.47,0.41
CSV,1375010,137500,47,46,0,23835,0,0.000000e+00,0.000000e+00,25728630.0,25438842.0,9091.2,34.52,0.05
CSV,1380010,138000,47,46,0,23935,0,0.000000e+00,0.000000e+00,26173982.0,25900680.0,10582.0,33.93,0.05
BER: END_SEQ #47 [LOCK] seq_err=0 BER_seq=0.0000e+00 | lock=47 slip=0 BER_cond=0.0000e+00 BER_cum=0.0000e+00
CSV,1385010,138500,47,47,0,24017,0,0.000000e+00,0.000000e+00,23195168.0,27627782.0,11515.8,33.80,0.76
BER: SYNC #48 (gated)
CSV,1390010,139000,48,47,0,24057,0,0.000000e+00,0.000000e+00,24804524.0,24682776.0,9142.8,34.33,0.02
CSV,1395010,139500,48,47,0,24157,0,0.000000e+00,0.000000e+00,29799086.0,22263948.0,9358.6,35.03,1.27
CSV,1400010,140000,48,47,0,24257,0,0.000000e+00,0.000000e+00,25102376.0,25722940.0,8474.4,34.82,0.11
CSV,1405010,140500,48,47,0,24357,0,0.000000e+00,0.000000e+00,25532330.0,24384920.0,9490.9,34.30,0.20
CSV,1410010,141000,48,47,0,24457,0,0.000000e+00,0.000000e+00,23822228.0,26033424.0,10510.0,33.94,0.39
BER: END_SEQ #48 [LOCK] seq_err=0 BER_seq=0.0000e+00 | lock=48 slip=0 BER_cond=0.0000e+00 BER_cum=0.0000e+00
CSV,1415010,141500,48,48,0,24528,0,0.000000e+00,0.000000e+00,24057032.0,26493204.0,11546.2,33.61,0.42
BER: SYNC #49 (gated)
CSV,1420010,142000,49,48,0,24580,0,0.000000e+00,0.000000e+00,23753428.0,24886188.0,10345.3,33.81,0.20
CSV,1425010,142500,49,48,0,24680,0,0.000000e+00,0.000000e+00,28572062.0,20416650.0,9488.2,34.79,1.46
CSV,1430010,143000,49,48,0,24780,0,0.000000e+00,0.000000e+00,23907744.0,26073208.0,9960.2,34.18,0.38
CSV,1435010,143500,49,48,0,24880,0,0.000000e+00,0.000000e+00,23752646.0,25651884.0,10313.2,33.96,0.33
CSV,1440010,144000,49,48,0,24980,0,0.000000e+00,0.000000e+00,24351840.0,23879410.0,10044.1,33.85,0.09
BER: END_SEQ #49 [LOCK] seq_err=0 BER_seq=0.0000e+00 | lock=49 slip=0 BER_cond=0.0000e+00 BER_cum=0.0000e+00
CSV,1445010,144500,49,49,0,25039,0,0.000000e+00,0.000000e+00,22614020.0,26426230.0,11965.8,33.44,0.68
BER: SYNC #50 (gated)
CSV,1450010,145000,50,49,0,25103,0,0.000000e+00,0.000000e+00,23399698.0,27017970.0,10393.5,34.15,0.62
CSV,1455010,145500,50,49,0,25203,0,0.000000e+00,0.000000e+00,30483446.0,18833754.0,10078.9,34.81,2.09
CSV,1460010,146000,50,49,0,25303,0,0.000000e+00,0.000000e+00,24181270.0,24792080.0,11441.8,33.36,0.11
CSV,1465010,146500,50,49,0,25403,0,0.000000e+00,0.000000e+00,23396852.0,27111604.0,10523.0,34.11,0.64
CSV,1470010,147000,50,49,0,25503,0,0.000000e+00,0.000000e+00,24918096.0,25460742.0,10234.1,33.96,0.09
BER: END_SEQ #50 [LOCK] seq_err=0 BER_seq=0.0000e+00 | lock=50 slip=0 BER_cond=0.0000e+00 BER_cum=0.0000e+00
CSV,1475010,147500,50,50,0,25550,0,0.000000e+00,0.000000e+00,22500804.0,26034060.0,15295.0,32.31,0.63
BER: SYNC #51 (gated)
CSV,1480010,148000,51,50,0,25625,0,0.000000e+00,0.000000e+00,23418824.0,26753392.0,14452.7,32.67,0.58
CSV,1485010,148500,51,50,0,25725,0,0.000000e+00,0.000000e+00,31066572.0,20724910.0,12505.7,33.95,1.76
CSV,1490010,149000,51,50,0,25825,0,0.000000e+00,0.000000e+00,26739608.0,23837144.0,9765.8,34.37,0.50
CSV,1495010,149500,51,50,0,25925,0,0.000000e+00,0.000000e+00,21840390.0,28363376.0,11761.4,33.82,1.13
CSV,1500010,150000,51,50,0,26025,0,0.000000e+00,0.000000e+00,27353586.0,24710654.0,10827.6,34.02,0.44
BER: END_SEQ #51 [LOCK] seq_err=0 BER_seq=0.0000e+00 | lock=51 slip=0 BER_cond=0.0000e+00 BER_cum=0.0000e+00
CSV,1505010,150500,51,51,0,26061,0,0.000000e+00,0.000000e+00,23688256.0,27841000.0,11928.7,33.68,0.70

=========================================
=== END OF TEST (duration=25 min) ===
=========================================
FINAL: syncs=51 lock=51 slip=0 slip_rate=0.0000
FINAL: bits_cum=26061 err_cum=0 BER_cum=0.0000e+00
FINAL: bits_lock=26061 err_lock=0 BER_cond=0.0000e+00
=========================================
=== STOP LOGGING NOW ===
=========================================
