

=== RX BOOT - BER TEST MODE ===
MOD=OOK (20 kHz carrier, adaptive threshold)
BPS_MODE=40 (HALF_SAMPLES=1000, 5000 samples/bit @ 200000 Hz)
Expect: 64-bit preamble + Barker13 (1F35h, gated by 8 preamble bits = 0x55) + 511-bit PRBS-9
Noise floor band: 5000 Hz; lock threshold: BER<0.10
Auto-stop: test will halt 25 min after the first sync.
RX: edge-tracking sync, center-3 voting
Starting decoder...

BER: SYNC #1 (gated)
CSV,5008,1000,1,0,0,21,0,0.000000e+00,0.000000e+00,2760.6,123300.8,4859.1,14.04,16.50
CSV,10008,2000,1,0,0,215,96,4.465116e-01,0.000000e+00,2794.6,88094.1,5114.8,12.36,14.99
CSV,15008,3000,1,0,0,408,190,4.656863e-01,0.000000e+00,2809.7,94603.3,5162.9,12.63,15.27
BER: END_SEQ #1 [SLIP] seq_err=237 BER_seq=4.6380e-01 | lock=0 slip=1 BER_cond=0.0000e+00 BER_cum=4.6380e-01
CSV,20008,4000,1,0,1,511,237,4.637965e-01,0.000000e+00,2990.3,36704.9,4646.2,8.98,10.89
CSV,25008,5000,1,0,1,511,237,4.637965e-01,0.000000e+00,2922.2,57945.7,4456.8,11.14,12.97
CSV,30008,6000,1,0,1,511,237,4.637965e-01,0.000000e+00,2450.8,49243.2,3984.1,10.92,13.03
BER: SYNC #2 (gated)
CSV,35008,7000,2,0,1,555,238,4.288288e-01,0.000000e+00,2579.7,34280.0,4296.3,9.02,11.23
CSV,40008,8000,2,0,1,748,320,4.278075e-01,0.000000e+00,2586.4,33341.4,4426.9,8.77,11.10
CSV,45008,9000,2,0,1,942,429,4.554140e-01,0.000000e+00,2603.4,34625.8,4352.8,9.01,11.24
BER: END_SEQ #2 [SLIP] seq_err=234 BER_seq=4.5793e-01 | lock=0 slip=2 BER_cond=0.0000e+00 BER_cum=4.6086e-01
BER: SYNC #3 (gated)
CSV,50008,10000,3,0,2,1078,483,4.480520e-01,0.000000e+00,2844.0,38476.0,3987.4,9.84,11.31
CSV,55008,11000,3,0,2,1271,551,4.335169e-01,0.000000e+00,2504.1,35090.0,4244.2,9.17,11.47
CSV,60008,12000,3,0,2,1464,658,4.494536e-01,0.000000e+00,2451.7,35458.5,4272.6,9.19,11.60
BER: END_SEQ #3 [SLIP] seq_err=222 BER_seq=4.3444e-01 | lock=0 slip=3 BER_cond=0.0000e+00 BER_cum=4.5205e-01
CSV,65008,13000,3,0,3,1533,693,4.520548e-01,0.000000e+00,2621.5,37857.7,4051.4,9.71,11.60
CSV,70008,14000,3,0,3,1533,693,4.520548e-01,0.000000e+00,2453.7,31877.1,4078.6,8.93,11.14
CSV,75008,15000,3,0,3,1533,693,4.520548e-01,0.000000e+00,2247.4,37771.5,3974.2,9.78,12.25
CSV,80008,16000,3,0,3,1533,693,4.520548e-01,0.000000e+00,2431.8,38100.0,4367.0,9.41,11.95
CSV,85008,17000,3,0,3,1533,693,4.520548e-01,0.000000e+00,2326.1,34289.8,4064.3,9.26,11.69
CSV,90008,18000,3,0,3,1533,693,4.520548e-01,0.000000e+00,2378.2,39931.6,4056.1,9.93,12.25
BER: SYNC #4 (gated)
CSV,95008,19000,4,0,3,1620,735,4.537037e-01,0.000000e+00,2574.8,39181.7,4119.0,9.78,11.82
CSV,100008,20000,4,0,3,1814,826,4.553473e-01,0.000000e+00,2537.4,35116.1,4062.4,9.37,11.41
CSV,105008,21000,4,0,3,2010,920,4.577114e-01,0.000000e+00,2443.4,43158.6,4532.3,9.79,12.47
BER: END_SEQ #4 [SLIP] seq_err=242 BER_seq=4.7358e-01 | lock=0 slip=4 BER_cond=0.0000e+00 BER_cum=4.5744e-01
CSV,110008,22000,4,0,4,2044,935,4.574364e-01,0.000000e+00,2650.0,45118.5,4564.5,9.95,12.31
CSV,115008,23000,4,0,4,2044,935,4.574364e-01,0.000000e+00,2494.2,39631.0,4138.0,9.81,12.01
CSV,120008,24000,4,0,4,2044,935,4.574364e-01,0.000000e+00,2518.2,42519.1,4252.9,10.00,12.27
CSV,125008,25000,4,0,4,2044,935,4.574364e-01,0.000000e+00,2754.6,53726.6,4210.0,11.06,12.90
CSV,130008,26000,4,0,4,2044,935,4.574364e-01,0.000000e+00,3140.2,64149.3,4733.1,11.32,13.10
CSV,135008,27000,4,0,4,2044,935,4.574364e-01,0.000000e+00,3421.7,71504.2,4502.4,12.01,13.20
BER: SYNC #5 (gated)
CSV,140008,28000,5,0,4,2166,989,4.566020e-01,0.000000e+00,2806.4,54455.1,4469.6,10.86,12.88
CSV,145008,29000,5,0,4,2359,1086,4.603646e-01,0.000000e+00,2564.3,45207.3,4388.4,10.13,12.46
CSV,150008,30000,5,0,4,2553,1184,4.637681e-01,0.000000e+00,2595.4,48210.6,4414.6,10.38,12.69
BER: END_SEQ #5 [SLIP] seq_err=249 BER_seq=4.8728e-01 | lock=0 slip=5 BER_cond=0.0000e+00 BER_cum=4.6341e-01
CSV,155008,31000,5,0,5,2555,1184,4.634051e-01,0.000000e+00,2860.1,42251.1,4342.8,9.88,11.69
CSV,160008,32000,5,0,5,2555,1184,4.634051e-01,0.000000e+00,2556.9,43321.0,4468.8,9.87,12.29
CSV,165008,33000,5,0,5,2555,1184,4.634051e-01,0.000000e+00,2544.4,47229.5,4083.0,10.63,12.69
CSV,170008,34000,5,0,5,2555,1184,4.634051e-01,0.000000e+00,2627.0,42538.2,4735.3,9.53,12.09
CSV,175008,35000,5,0,5,2555,1184,4.634051e-01,0.000000e+00,2540.2,46438.3,4085.3,10.56,12.62
CSV,180008,36000,5,0,5,2555,1184,4.634051e-01,0.000000e+00,2272.1,89133.1,3326.9,14.28,15.94
CSV,185008,37000,5,0,5,2555,1184,4.634051e-01,0.000000e+00,2227.2,77193.6,3698.1,13.20,15.40
CSV,190008,38000,5,0,5,2555,1184,4.634051e-01,0.000000e+00,2209.0,82332.3,3404.1,13.84,15.71
CSV,195008,39000,5,0,5,2555,1184,4.634051e-01,0.000000e+00,2275.8,83693.5,3074.6,14.35,15.66
BER: SYNC #6 (gated)
CSV,200008,40000,6,0,5,2725,1222,4.484404e-01,0.000000e+00,2402.4,80786.9,3777.0,13.30,15.27
CSV,205008,41000,6,0,5,2918,1325,4.540781e-01,0.000000e+00,2236.0,88449.1,3371.3,14.19,15.97
BER: END_SEQ #6 [SLIP] seq_err=210 BER_seq=4.1096e-01 | lock=0 slip=6 BER_cond=0.0000e+00 BER_cum=4.5466e-01
CSV,210008,42000,6,0,6,3066,1394,4.546641e-01,0.000000e+00,2536.5,84046.8,3198.3,14.20,15.20
CSV,215008,43000,6,0,6,3066,1394,4.546641e-01,0.000000e+00,2276.7,75733.9,3261.6,13.66,15.22
CSV,220008,44000,6,0,6,3066,1394,4.546641e-01,0.000000e+00,2392.8,88687.7,3401.3,14.16,15.69
CSV,225008,45000,6,0,6,3066,1394,4.546641e-01,0.000000e+00,2360.8,88970.7,3402.3,14.17,15.76
CSV,230008,46000,6,0,6,3066,1394,4.546641e-01,0.000000e+00,2281.7,80012.6,3553.3,13.53,15.45
CSV,235008,47000,6,0,6,3066,1394,4.546641e-01,0.000000e+00,2447.0,95408.4,3094.2,14.89,15.91
CSV,240008,48000,6,0,6,3066,1394,4.546641e-01,0.000000e+00,2404.6,97857.8,3317.8,14.70,16.10
CSV,245008,49000,6,0,6,3066,1394,4.546641e-01,0.000000e+00,2364.9,84338.2,3236.5,14.16,15.52
CSV,250008,50000,6,0,6,3066,1394,4.546641e-01,0.000000e+00,2214.6,88416.8,3236.9,14.36,16.01
BER: SYNC #7 (gated)
CSV,255008,51000,7,0,6,3085,1396,4.525121e-01,0.000000e+00,2324.0,93457.9,3492.0,14.28,16.04
CSV,260008,52000,7,0,6,3281,1485,4.526059e-01,0.000000e+00,2397.0,77927.0,3483.2,13.50,15.12
CSV,265008,53000,7,0,6,3480,1572,4.517241e-01,0.000000e+00,2381.6,91732.1,3184.7,14.59,15.86
BER: END_SEQ #7 [SLIP] seq_err=225 BER_seq=4.4031e-01 | lock=0 slip=7 BER_cond=0.0000e+00 BER_cum=4.5261e-01
BER: SYNC #8 (gated)
CSV,270008,54000,8,0,7,3607,1631,4.521763e-01,0.000000e+00,2658.6,91129.4,3644.5,13.98,15.35
CSV,275008,55000,8,0,7,3800,1727,4.544737e-01,0.000000e+00,2180.0,84487.1,3439.2,13.90,15.88
CSV,280008,56000,8,0,7,3993,1836,4.598047e-01,0.000000e+00,2125.8,90184.4,3455.3,14.17,16.28
BER: END_SEQ #8 [SLIP] seq_err=267 BER_seq=5.2250e-01 | lock=0 slip=8 BER_cond=0.0000e+00 BER_cum=4.6135e-01
BER: SYNC #9 (gated)
CSV,285008,57000,9,0,8,4130,1893,4.583535e-01,0.000000e+00,2653.5,93191.5,3728.2,13.98,15.46
CSV,290008,58000,9,0,8,4326,1999,4.620897e-01,0.000000e+00,2336.7,87109.2,3295.0,14.22,15.71
CSV,295008,59000,9,0,8,4523,2095,4.631881e-01,0.000000e+00,2332.9,92634.3,3284.1,14.50,15.99
BER: END_SEQ #9 [SLIP] seq_err=247 BER_seq=4.8337e-01 | lock=0 slip=9 BER_cond=0.0000e+00 BER_cum=4.6380e-01
CSV,300008,60000,9,0,9,4599,2133,4.637965e-01,0.000000e+00,2290.0,93603.1,3417.7,14.38,16.11
CSV,305008,61000,9,0,9,4599,2133,4.637965e-01,0.000000e+00,2175.0,83397.2,3503.5,13.77,15.84
CSV,310008,62000,9,0,9,4599,2133,4.637965e-01,0.000000e+00,2211.5,87938.1,3683.9,13.78,15.99
BER: SYNC #10 (gated)
CSV,315008,63000,10,0,9,4662,2165,4.643930e-01,0.000000e+00,2415.7,92199.0,3576.4,14.11,15.82
CSV,320008,64000,10,0,9,4855,2260,4.654995e-01,0.000000e+00,2223.8,73254.5,3324.0,13.43,15.18
CSV,325008,65000,10,0,9,5050,2370,4.693069e-01,0.000000e+00,2533.9,88382.5,3905.4,13.55,15.43
BER: END_SEQ #10 [SLIP] seq_err=266 BER_seq=5.2055e-01 | lock=0 slip=10 BER_cond=0.0000e+00 BER_cum=4.6947e-01
CSV,330008,66000,10,0,10,5110,2399,4.694716e-01,0.000000e+00,2616.6,87217.6,3720.5,13.70,15.23
CSV,335008,67000,10,0,10,5110,2399,4.694716e-01,0.000000e+00,2649.6,73265.4,3384.6,13.35,14.42
CSV,340008,68000,10,0,10,5110,2399,4.694716e-01,0.000000e+00,2640.2,86810.2,3862.5,13.52,15.17
CSV,345008,69000,10,0,10,5110,2399,4.694716e-01,0.000000e+00,2350.6,89501.0,3418.8,14.18,15.81
CSV,350008,70000,10,0,10,5110,2399,4.694716e-01,0.000000e+00,2259.9,75712.2,3226.4,13.70,15.25
CSV,355008,71000,10,0,10,5110,2399,4.694716e-01,0.000000e+00,2199.6,82268.8,3637.6,13.54,15.73
BER: SYNC #11 (gated)
CSV,360008,72000,11,0,10,5211,2422,4.647860e-01,0.000000e+00,2201.0,85568.8,3518.6,13.86,15.90
CSV,365008,73000,11,0,10,5406,2516,4.654088e-01,0.000000e+00,2534.0,77937.6,3422.5,13.57,14.88
CSV,370008,74000,11,0,10,5598,2610,4.662379e-01,0.000000e+00,2370.4,87891.2,3362.3,14.17,15.69
BER: END_SEQ #11 [SLIP] seq_err=221 BER_seq=4.3249e-01 | lock=0 slip=11 BER_cond=0.0000e+00 BER_cum=4.6611e-01
BER: SYNC #12 (gated)
CSV,375008,75000,12,0,11,5727,2673,4.667365e-01,0.000000e+00,2779.8,88605.1,4007.5,13.45,15.03
CSV,380008,76000,12,0,11,5921,2754,4.651241e-01,0.000000e+00,2615.4,81709.9,3588.5,13.57,14.95
CSV,385008,77000,12,0,11,6117,2855,4.667321e-01,0.000000e+00,2419.7,91042.6,3515.9,14.13,15.75
BER: END_SEQ #12 [SLIP] seq_err=243 BER_seq=4.7554e-01 | lock=0 slip=12 BER_cond=0.0000e+00 BER_cum=4.6689e-01
BER: SYNC #13 (gated)
CSV,390008,78000,13,0,12,6253,2893,4.626579e-01,0.000000e+00,2606.0,82424.3,4020.3,13.12,15.00
CSV,395008,79000,13,0,12,6449,2995,4.644131e-01,0.000000e+00,2351.9,83417.3,3924.9,13.27,15.50
BER: END_SEQ #13 [SLIP] seq_err=234 BER_seq=4.5793e-01 | lock=0 slip=13 BER_cond=0.0000e+00 BER_cum=4.6621e-01
CSV,400008,80000,13,0,13,6643,3097,4.662050e-01,0.000000e+00,2655.6,84075.7,3852.3,13.39,15.01
BER: SYNC #14 (gated)
CSV,405008,81000,14,0,13,6775,3149,4.647970e-01,0.000000e+00,2539.7,80672.7,3480.2,13.65,15.02
CSV,410008,82000,14,0,13,6970,3246,4.657102e-01,0.000000e+00,2490.4,85258.8,3729.3,13.59,15.34
BER: END_SEQ #14 [SLIP] seq_err=238 BER_seq=4.6575e-01 | lock=0 slip=14 BER_cond=0.0000e+00 BER_cum=4.6617e-01
CSV,415008,83000,14,0,14,7154,3335,4.661728e-01,0.000000e+00,2439.9,92085.1,3661.8,14.00,15.77
CSV,420008,84000,14,0,14,7154,3335,4.661728e-01,0.000000e+00,2131.0,73628.9,3327.3,13.45,15.38
CSV,425008,85000,14,0,14,7154,3335,4.661728e-01,0.000000e+00,2509.8,90835.2,3350.5,14.33,15.59
CSV,430008,86000,14,0,14,7154,3335,4.661728e-01,0.000000e+00,2667.1,88712.3,3756.2,13.73,15.22
CSV,435008,87000,14,0,14,7154,3335,4.661728e-01,0.000000e+00,2173.8,79836.5,3388.3,13.72,15.65
CSV,440008,88000,14,0,14,7154,3335,4.661728e-01,0.000000e+00,2327.7,85743.4,3676.5,13.68,15.66
CSV,445008,89000,14,0,14,7154,3335,4.661728e-01,0.000000e+00,2329.7,83719.7,3954.8,13.26,15.56
BER: SYNC #15 (gated)
CSV,450008,90000,15,0,14,7323,3419,4.668851e-01,0.000000e+00,2735.7,78864.3,4180.2,12.76,14.60
CSV,455008,91000,15,0,14,7516,3510,4.670037e-01,0.000000e+00,2262.7,88103.4,3350.8,14.20,15.90
BER: END_SEQ #15 [SLIP] seq_err=245 BER_seq=4.7945e-01 | lock=0 slip=15 BER_cond=0.0000e+00 BER_cum=4.6706e-01
CSV,460008,92000,15,0,15,7665,3580,4.670581e-01,0.000000e+00,2673.2,81748.8,3772.8,13.36,14.85
CSV,465008,93000,15,0,15,7665,3580,4.670581e-01,0.000000e+00,2618.5,79337.2,3737.1,13.27,14.81
CSV,470008,94000,15,0,15,7665,3580,4.670581e-01,0.000000e+00,2601.4,79115.9,3797.7,13.19,14.83
CSV,475008,95000,15,0,15,7665,3580,4.670581e-01,0.000000e+00,2362.4,85971.8,3202.2,14.29,15.61
CSV,480008,96000,15,0,15,7665,3580,4.670581e-01,0.000000e+00,2202.3,76255.5,3292.0,13.65,15.39
CSV,485008,97000,15,0,15,7665,3580,4.670581e-01,0.000000e+00,2196.0,83451.4,3522.1,13.75,15.80
CSV,490008,98000,15,0,15,7665,3580,4.670581e-01,0.000000e+00,2321.0,89408.0,3470.4,14.11,15.86
CSV,495008,99000,15,0,15,7665,3580,4.670581e-01,0.000000e+00,2279.0,78088.3,3376.0,13.64,15.35
CSV,500008,100000,15,0,15,7665,3580,4.670581e-01,0.000000e+00,2295.6,83745.6,3590.0,13.68,15.62
CSV,505008,101000,15,0,15,7665,3580,4.670581e-01,0.000000e+00,2297.3,91248.4,3272.7,14.45,15.99
CSV,510008,102000,15,0,15,7665,3580,4.670581e-01,0.000000e+00,2334.5,75505.8,3323.5,13.56,15.10
CSV,515008,103000,15,0,15,7665,3580,4.670581e-01,0.000000e+00,2303.4,86635.6,3321.5,14.16,15.75
BER: SYNC #16 (gated)
CSV,520008,104000,16,0,15,7696,3580,4.651767e-01,0.000000e+00,2327.6,88155.6,3505.7,14.00,15.78
CSV,525008,105000,16,0,15,7889,3667,4.648244e-01,0.000000e+00,2273.4,77096.7,3115.5,13.94,15.30
CSV,530008,106000,16,0,15,8084,3768,4.661059e-01,0.000000e+00,2142.0,86183.0,3485.7,13.93,16.05
BER: END_SEQ #16 [SLIP] seq_err=223 BER_seq=4.3640e-01 | lock=0 slip=16 BER_cond=0.0000e+00 BER_cum=4.6514e-01
CSV,535008,107000,16,0,16,8176,3803,4.651419e-01,0.000000e+00,2390.6,93189.4,3681.3,14.03,15.91
CSV,540008,108000,16,0,16,8176,3803,4.651419e-01,0.000000e+00,2293.9,80860.7,3709.2,13.38,15.47
CSV,545008,109000,16,0,16,8176,3803,4.651419e-01,0.000000e+00,2351.6,88665.8,3046.6,14.64,15.76
BER: SYNC #17 (gated)
CSV,550008,110000,17,0,16,8229,3816,4.637258e-01,0.000000e+00,2305.4,87567.9,3801.6,13.62,15.80
CSV,555008,111000,17,0,16,8428,3873,4.595396e-01,0.000000e+00,2365.4,80837.4,3282.3,13.91,15.34
CSV,560008,112000,17,0,16,8617,3968,4.604851e-01,0.000000e+00,2249.0,85931.0,3527.8,13.87,15.82
BER: END_SEQ #17 [SLIP] seq_err=199 BER_seq=3.8943e-01 | lock=0 slip=17 BER_cond=0.0000e+00 BER_cum=4.6069e-01
CSV,565008,113000,17,0,17,8687,4002,4.606884e-01,0.000000e+00,2530.1,92540.6,3546.5,14.17,15.63
CSV,570008,114000,17,0,17,8687,4002,4.606884e-01,0.000000e+00,2337.1,77212.5,3216.5,13.80,15.19
CSV,575008,115000,17,0,17,8687,4002,4.606884e-01,0.000000e+00,2374.3,88430.6,3209.8,14.40,15.71
BER: SYNC #18 (gated)
CSV,580008,116000,18,0,17,8762,4036,4.606254e-01,0.000000e+00,2206.0,93271.2,3399.1,14.38,16.26
CSV,585008,117000,18,0,17,8958,4134,4.614869e-01,0.000000e+00,2234.7,78532.6,3407.0,13.63,15.46
CSV,590008,118000,18,0,17,9155,4234,4.624795e-01,0.000000e+00,2423.4,90411.9,3432.2,14.21,15.72
BER: END_SEQ #18 [SLIP] seq_err=254 BER_seq=4.9706e-01 | lock=0 slip=18 BER_cond=0.0000e+00 BER_cum=4.6271e-01
CSV,595008,119000,18,0,18,9198,4256,4.627093e-01,0.000000e+00,2706.4,93005.1,3570.4,14.16,15.36
CSV,600008,120000,18,0,18,9198,4256,4.627093e-01,0.000000e+00,2220.1,78144.2,3438.8,13.56,15.47
CSV,605008,121000,18,0,18,9198,4256,4.627093e-01,0.000000e+00,2186.0,89415.5,3309.8,14.32,16.12
CSV,610008,122000,18,0,18,9198,4256,4.627093e-01,0.000000e+00,2167.6,93716.9,3549.9,14.22,16.36
CSV,615008,123000,18,0,18,9198,4256,4.627093e-01,0.000000e+00,2256.0,80697.3,3426.7,13.72,15.54
CSV,620008,124000,18,0,18,9198,4256,4.627093e-01,0.000000e+00,2255.0,91969.9,3313.2,14.43,16.11
BER: SYNC #19 (gated)
CSV,625008,125000,19,0,18,9310,4308,4.627283e-01,0.000000e+00,2454.1,91046.7,3495.5,14.16,15.69
CSV,630008,126000,19,0,18,9504,4406,4.635943e-01,0.000000e+00,2160.8,78188.3,3079.8,14.05,15.59
CSV,635008,127000,19,0,18,9702,4506,4.644403e-01,0.000000e+00,2121.7,92878.2,3444.9,14.31,16.41
BER: END_SEQ #19 [SLIP] seq_err=253 BER_seq=4.9511e-01 | lock=0 slip=19 BER_cond=0.0000e+00 BER_cum=4.6441e-01
BER: SYNC #20 (gated)
CSV,640008,128000,20,0,19,9832,4558,4.635883e-01,0.000000e+00,2414.8,83899.2,3609.2,13.66,15.41
CSV,645008,129000,20,0,19,10026,4649,4.636944e-01,0.000000e+00,2137.2,82921.3,3568.7,13.66,15.89
BER: END_SEQ #20 [SLIP] seq_err=235 BER_seq=4.5988e-01 | lock=0 slip=20 BER_cond=0.0000e+00 BER_cum=4.6419e-01
CSV,650008,130000,20,0,20,10220,4744,4.641879e-01,0.000000e+00,2381.4,91911.3,3658.7,14.00,15.87
BER: SYNC #21 (gated)
CSV,655008,131000,21,0,20,10355,4807,4.642202e-01,0.000000e+00,2607.5,85433.8,3921.0,13.38,15.15
CSV,660008,132000,21,0,20,10553,4906,4.648915e-01,0.000000e+00,2167.1,88111.1,3278.9,14.29,16.09
BER: END_SEQ #21 [SLIP] seq_err=246 BER_seq=4.8141e-01 | lock=0 slip=21 BER_cond=0.0000e+00 BER_cum=4.6501e-01
CSV,665008,133000,21,0,21,10731,4990,4.650079e-01,0.000000e+00,2255.2,89699.1,3385.8,14.23,16.00
CSV,670008,134000,21,0,21,10731,4990,4.650079e-01,0.000000e+00,2231.2,79811.1,3176.7,14.00,15.54
CSV,675008,135000,21,0,21,10731,4990,4.650079e-01,0.000000e+00,2411.7,94051.5,3514.4,14.28,15.91
CSV,680008,136000,21,0,21,10731,4990,4.650079e-01,0.000000e+00,2294.1,95943.4,3403.9,14.50,16.21
BER: SYNC #22 (gated)
CSV,685008,137000,22,0,21,10888,5019,4.609662e-01,0.000000e+00,2190.5,89014.4,3704.3,13.81,16.09
CSV,690008,138000,22,0,21,11083,5103,4.604349e-01,0.000000e+00,2109.3,90682.3,3253.0,14.45,16.33
BER: END_SEQ #22 [SLIP] seq_err=194 BER_seq=3.7965e-01 | lock=0 slip=22 BER_cond=0.0000e+00 BER_cum=4.6113e-01
CSV,695008,139000,22,0,22,11242,5184,4.611279e-01,0.000000e+00,2466.4,94964.9,3693.1,14.10,15.86
CSV,700008,140000,22,0,22,11242,5184,4.611279e-01,0.000000e+00,2465.2,86957.6,3679.4,13.74,15.47
CSV,705008,141000,22,0,22,11242,5184,4.611279e-01,0.000000e+00,2137.0,93633.8,3276.4,14.56,16.42
CSV,710008,142000,22,0,22,11242,5184,4.611279e-01,0.000000e+00,2298.1,93456.1,3689.3,14.04,16.09
BER: SYNC #23 (gated)
CSV,715008,143000,23,0,22,11422,5272,4.615654e-01,0.000000e+00,2268.8,87603.1,3527.3,13.95,15.87
CSV,720008,144000,23,0,22,11617,5364,4.617371e-01,0.000000e+00,2263.3,93011.1,3039.9,14.86,16.14
BER: END_SEQ #23 [SLIP] seq_err=254 BER_seq=4.9706e-01 | lock=0 slip=23 BER_cond=0.0000e+00 BER_cum=4.6269e-01
CSV,725008,145000,23,0,23,11753,5438,4.626904e-01,0.000000e+00,2344.6,92689.3,3644.5,14.05,15.97
BER: SYNC #24 (gated)
CSV,730008,146000,24,0,23,11937,5530,4.632655e-01,0.000000e+00,2243.1,85021.6,3513.3,13.84,15.79
CSV,735008,147000,24,0,23,12131,5630,4.641002e-01,0.000000e+00,2320.2,95680.8,3450.7,14.43,16.15
BER: END_SEQ #24 [SLIP] seq_err=259 BER_seq=5.0685e-01 | lock=0 slip=24 BER_cond=0.0000e+00 BER_cum=4.6453e-01
BER: SYNC #25 (gated)
CSV,740008,148000,25,0,24,12270,5697,4.643032e-01,0.000000e+00,2562.2,96012.0,3529.4,14.35,15.74
CSV,745008,149000,25,0,24,12467,5763,4.622604e-01,0.000000e+00,2240.9,88448.6,3585.2,13.92,15.96
CSV,750008,150000,25,0,24,12664,5860,4.627290e-01,0.000000e+00,2205.3,90371.7,3365.4,14.29,16.13
BER: END_SEQ #25 [SLIP] seq_err=224 BER_seq=4.3836e-01 | lock=0 slip=25 BER_cond=0.0000e+00 BER_cum=4.6348e-01
BER: SYNC #26 (gated)
CSV,755008,151000,26,0,25,12793,5921,4.628312e-01,0.000000e+00,2253.0,97302.2,3287.2,14.71,16.35
CSV,760008,152000,26,0,25,12988,6017,4.632738e-01,0.000000e+00,2328.4,78275.1,3363.0,13.67,15.27
CSV,765008,153000,26,0,25,13188,6125,4.644374e-01,0.000000e+00,2143.7,85343.1,3134.7,14.35,16.00
BER: END_SEQ #26 [SLIP] seq_err=252 BER_seq=4.9315e-01 | lock=0 slip=26 BER_cond=0.0000e+00 BER_cum=4.6462e-01
BER: SYNC #27 (gated)
CSV,770008,154000,27,0,26,13315,6175,4.637627e-01,0.000000e+00,2653.8,100845.9,3880.9,14.15,15.80
CSV,775008,155000,27,0,26,13507,6272,4.643518e-01,0.000000e+00,2391.3,84486.8,3445.4,13.90,15.48
CSV,780008,156000,27,0,26,13700,6371,4.650365e-01,0.000000e+00,2538.8,94366.6,3541.6,14.26,15.70
BER: END_SEQ #27 [SLIP] seq_err=247 BER_seq=4.8337e-01 | lock=0 slip=27 BER_cond=0.0000e+00 BER_cum=4.6532e-01
CSV,785008,157000,27,0,27,13797,6420,4.653186e-01,0.000000e+00,2485.8,92851.9,3454.3,14.29,15.72
CSV,790008,158000,27,0,27,13797,6420,4.653186e-01,0.000000e+00,2346.5,83401.1,3441.1,13.84,15.51
CSV,795008,159000,27,0,27,13797,6420,4.653186e-01,0.000000e+00,2329.7,87163.6,3381.5,14.11,15.73
BER: SYNC #28 (gated)
CSV,800008,160000,28,0,27,13848,6441,4.651213e-01,0.000000e+00,2303.5,89657.9,3209.2,14.46,15.90
CSV,805008,161000,28,0,27,14045,6535,4.652901e-01,0.000000e+00,2270.1,84442.3,3299.3,14.08,15.71
CSV,810008,162000,28,0,27,14240,6633,4.658006e-01,0.000000e+00,2135.9,90325.9,3221.1,14.48,16.26
BER: END_SEQ #28 [SLIP] seq_err=240 BER_seq=4.6967e-01 | lock=0 slip=28 BER_cond=0.0000e+00 BER_cum=4.6547e-01
CSV,815008,163000,28,0,28,14308,6660,4.654739e-01,0.000000e+00,2350.8,95301.1,3647.1,14.17,16.08
CSV,820008,164000,28,0,28,14308,6660,4.654739e-01,0.000000e+00,2426.6,77438.7,3422.5,13.55,15.04
CSV,825008,165000,28,0,28,14308,6660,4.654739e-01,0.000000e+00,2259.0,84640.7,3211.6,14.21,15.74
CSV,830008,166000,28,0,28,14308,6660,4.654739e-01,0.000000e+00,2130.2,89197.4,3329.9,14.28,16.22
CSV,835008,167000,28,0,28,14308,6660,4.654739e-01,0.000000e+00,2392.5,72612.7,3169.2,13.60,14.82
CSV,840008,168000,28,0,28,14308,6660,4.654739e-01,0.000000e+00,2188.5,86743.5,3582.8,13.84,15.98
BER: SYNC #29 (gated)
CSV,845008,169000,29,0,28,14394,6692,4.649159e-01,0.000000e+00,2468.3,88889.8,3257.5,14.36,15.56
CSV,850008,170000,29,0,28,14591,6790,4.653554e-01,0.000000e+00,2219.5,77335.5,3200.3,13.83,15.42
CSV,855008,171000,29,0,28,14787,6887,4.657469e-01,0.000000e+00,2248.8,87738.3,3318.7,14.22,15.91
BER: END_SEQ #29 [SLIP] seq_err=244 BER_seq=4.7750e-01 | lock=0 slip=29 BER_cond=0.0000e+00 BER_cum=4.6589e-01
BER: SYNC #30 (gated)
CSV,860008,172000,30,0,29,14919,6905,4.628326e-01,0.000000e+00,2454.0,93878.3,3333.6,14.50,15.83
CSV,865008,173000,30,0,29,15114,7001,4.632129e-01,0.000000e+00,2219.4,82837.4,3526.0,13.71,15.72
CSV,870008,174000,30,0,29,15312,7105,4.640152e-01,0.000000e+00,2341.5,91005.1,3007.6,14.81,15.90
BER: END_SEQ #30 [SLIP] seq_err=210 BER_seq=4.1096e-01 | lock=0 slip=30 BER_cond=0.0000e+00 BER_cum=4.6406e-01
CSV,875008,175000,30,0,30,15330,7114,4.640574e-01,0.000000e+00,2520.1,93802.1,3640.6,14.11,15.71
CSV,880008,176000,30,0,30,15330,7114,4.640574e-01,0.000000e+00,2211.7,85791.0,3320.2,14.12,15.89
CSV,885008,177000,30,0,30,15330,7114,4.640574e-01,0.000000e+00,2243.9,95386.9,3397.3,14.48,16.28
BER: SYNC #31 (gated)
CSV,890008,178000,31,0,30,15450,7171,4.641424e-01,0.000000e+00,2344.5,85985.2,3725.6,13.63,15.64
CSV,895008,179000,31,0,30,15647,7258,4.638589e-01,0.000000e+00,2182.6,85421.6,3729.1,13.60,15.93
BER: END_SEQ #31 [SLIP] seq_err=239 BER_seq=4.6771e-01 | lock=0 slip=31 BER_cond=0.0000e+00 BER_cum=4.6418e-01
CSV,900008,180000,31,0,31,15841,7353,4.641753e-01,0.000000e+00,2463.1,93921.9,3389.0,14.43,15.81
BER: SYNC #32 (gated)
CSV,905008,181000,32,0,31,15972,7391,4.627473e-01,0.000000e+00,2496.7,85900.1,3503.7,13.89,15.37
CSV,910008,182000,32,0,31,16167,7490,4.632894e-01,0.000000e+00,2197.7,91901.2,3421.1,14.29,16.21
BER: END_SEQ #32 [SLIP] seq_err=230 BER_seq=4.5010e-01 | lock=0 slip=32 BER_cond=0.0000e+00 BER_cum=4.6374e-01
CSV,915008,183000,32,0,32,16352,7583,4.637353e-01,0.000000e+00,2557.5,96237.7,3674.3,14.18,15.76
CSV,920008,184000,32,0,32,16352,7583,4.637353e-01,0.000000e+00,2461.4,86313.5,3169.0,14.35,15.45
CSV,925008,185000,32,0,32,16352,7583,4.637353e-01,0.000000e+00,2442.2,97059.6,3480.2,14.45,15.99
CSV,930008,186000,32,0,32,16352,7583,4.637353e-01,0.000000e+00,2342.1,96444.5,3053.5,14.99,16.15
CSV,935008,187000,32,0,32,16352,7583,4.637353e-01,0.000000e+00,2408.7,89155.2,3434.4,14.14,15.68
CSV,940008,188000,32,0,32,16352,7583,4.637353e-01,0.000000e+00,2562.1,100468.1,3342.3,14.78,15.93
CSV,945008,189000,32,0,32,16352,7583,4.637353e-01,0.000000e+00,2490.2,98931.5,3262.5,14.82,15.99
CSV,950008,190000,32,0,32,16352,7583,4.637353e-01,0.000000e+00,2461.3,89376.8,3264.6,14.37,15.60
CSV,955008,191000,32,0,32,16352,7583,4.637353e-01,0.000000e+00,2310.2,95192.3,3300.0,14.60,16.15
CSV,960008,192000,32,0,32,16352,7583,4.637353e-01,0.000000e+00,2358.0,97446.9,3466.8,14.49,16.16
CSV,965008,193000,32,0,32,16352,7583,4.637353e-01,0.000000e+00,2172.2,91038.5,3476.8,14.18,16.22
CSV,970008,194000,32,0,32,16352,7583,4.637353e-01,0.000000e+00,2369.0,97110.0,3088.7,14.97,16.13
CSV,975008,195000,32,0,32,16352,7583,4.637353e-01,0.000000e+00,2445.8,91918.3,3370.2,14.36,15.75
BER: SYNC #33 (gated)
CSV,980008,196000,33,0,32,16541,7661,4.631522e-01,0.000000e+00,2325.1,83844.0,3292.3,14.06,15.57
CSV,985008,197000,33,0,32,16739,7749,4.629309e-01,0.000000e+00,2305.6,96630.6,3574.2,14.32,16.22
BER: END_SEQ #33 [SLIP] seq_err=238 BER_seq=4.6575e-01 | lock=0 slip=33 BER_cond=0.0000e+00 BER_cum=4.6380e-01
CSV,990008,198000,33,0,33,16863,7821,4.637965e-01,0.000000e+00,2383.1,98487.3,3325.9,14.71,16.16
CSV,995008,199000,33,0,33,16863,7821,4.637965e-01,0.000000e+00,2403.6,81600.8,3410.1,13.79,15.31
CSV,1000008,200000,33,0,33,16863,7821,4.637965e-01,0.000000e+00,2301.4,99768.5,3280.9,14.83,16.37
CSV,1005008,201000,33,0,33,16863,7821,4.637965e-01,0.000000e+00,2254.8,97321.9,3164.1,14.88,16.35
CSV,1010008,202000,33,0,33,16863,7821,4.637965e-01,0.000000e+00,2368.4,85656.4,3119.5,14.39,15.58
CSV,1015008,203000,33,0,33,16863,7821,4.637965e-01,0.000000e+00,2355.9,94940.7,3369.4,14.50,16.05
CSV,1020008,204000,33,0,33,16863,7821,4.637965e-01,0.000000e+00,2333.0,99130.9,3310.8,14.76,16.28
CSV,1025008,205000,33,0,33,16863,7821,4.637965e-01,0.000000e+00,2308.0,88096.5,3422.8,14.11,15.82
CSV,1030008,206000,33,0,33,16863,7821,4.637965e-01,0.000000e+00,2126.6,97130.2,3248.3,14.76,16.60
BER: SYNC #34 (gated)
CSV,1035008,207000,34,0,33,16902,7833,4.634363e-01,0.000000e+00,2457.5,93296.3,3394.7,14.39,15.79
CSV,1040008,208000,34,0,33,17093,7928,4.638156e-01,0.000000e+00,2377.6,83312.5,3592.3,13.65,15.45
CSV,1045008,209000,34,0,33,17289,8038,4.649199e-01,0.000000e+00,2452.3,95910.2,3392.5,14.51,15.92
BER: END_SEQ #34 [SLIP] seq_err=263 BER_seq=5.1468e-01 | lock=0 slip=34 BER_cond=0.0000e+00 BER_cum=4.6529e-01
BER: SYNC #35 (gated)
CSV,1050008,210000,35,0,34,17424,8102,4.649908e-01,0.000000e+00,2496.5,98687.3,3607.5,14.37,15.97
CSV,1055008,211000,35,0,34,17619,8194,4.650661e-01,0.000000e+00,2276.6,88753.9,3509.6,14.03,15.91
CSV,1060008,212000,35,0,34,17815,8301,4.659556e-01,0.000000e+00,2558.2,97703.4,3699.9,14.22,15.82
BER: END_SEQ #35 [SLIP] seq_err=247 BER_seq=4.8337e-01 | lock=0 slip=35 BER_cond=0.0000e+00 BER_cum=4.6581e-01
BER: SYNC #36 (gated)
CSV,1065008,213000,36,0,35,17947,8360,4.658160e-01,0.000000e+00,2375.2,96569.7,3231.0,14.76,16.09
CSV,1070008,214000,36,0,35,18144,8457,4.661045e-01,0.000000e+00,2301.2,86149.3,3340.9,14.11,15.73
CSV,1075008,215000,36,0,35,18341,8551,4.662232e-01,0.000000e+00,2397.7,97124.2,3611.8,14.30,16.08
BER: END_SEQ #36 [SLIP] seq_err=246 BER_seq=4.8141e-01 | lock=0 slip=36 BER_cond=0.0000e+00 BER_cum=4.6624e-01
CSV,1080008,216000,36,0,36,18396,8577,4.662427e-01,0.000000e+00,2517.6,102260.9,3628.2,14.50,16.09
CSV,1085008,217000,36,0,36,18396,8577,4.662427e-01,0.000000e+00,2506.3,64090.3,3740.8,12.34,14.08
CSV,1090008,218000,36,0,36,18396,8577,4.662427e-01,0.000000e+00,2684.1,56902.2,4589.0,10.93,13.26
CSV,1095008,219000,36,0,36,18396,8577,4.662427e-01,0.000000e+00,2788.4,56933.7,4439.2,11.08,13.10
CSV,1100008,220000,36,0,36,18396,8577,4.662427e-01,0.000000e+00,2606.1,48798.4,4338.1,10.51,12.72
CSV,1105008,221000,36,0,36,18396,8577,4.662427e-01,0.000000e+00,2674.5,54453.2,4221.3,11.11,13.09
BER: SYNC #37 (gated)
CSV,1110008,222000,37,0,36,18491,8629,4.666595e-01,0.000000e+00,2824.5,58463.5,4474.4,11.16,13.16
CSV,1115008,223000,37,0,36,18686,8725,4.669271e-01,0.000000e+00,2713.6,47651.9,4536.6,10.21,12.45
CSV,1120008,224000,37,0,36,18880,8829,4.676377e-01,0.000000e+00,2591.6,56186.1,4290.6,11.17,13.36
BER: END_SEQ #37 [SLIP] seq_err=266 BER_seq=5.2055e-01 | lock=0 slip=37 BER_cond=0.0000e+00 BER_cum=4.6771e-01
CSV,1125008,225000,37,0,37,18907,8843,4.677104e-01,0.000000e+00,2942.4,63811.3,4897.8,11.15,13.36
CSV,1130008,226000,37,0,37,18907,8843,4.677104e-01,0.000000e+00,2910.9,76829.2,4252.7,12.57,14.21
CSV,1135008,227000,37,0,37,18907,8843,4.677104e-01,0.000000e+00,2690.5,57636.0,4559.7,11.02,13.31
CSV,1140008,228000,37,0,37,18907,8843,4.677104e-01,0.000000e+00,2711.7,51742.9,4291.7,10.81,12.81
CSV,1145008,229000,37,0,37,18907,8843,4.677104e-01,0.000000e+00,2665.3,48955.0,4306.5,10.56,12.64
CSV,1150008,230000,37,0,37,18907,8843,4.677104e-01,0.000000e+00,2786.4,58652.8,4176.2,11.48,13.23
CSV,1155008,231000,37,0,37,18907,8843,4.677104e-01,0.000000e+00,2623.9,51359.9,4472.3,10.60,12.92
CSV,1160008,232000,37,0,37,18907,8843,4.677104e-01,0.000000e+00,2661.3,54370.3,4311.0,11.01,13.10
CSV,1165008,233000,37,0,37,18907,8843,4.677104e-01,0.000000e+00,2657.6,59190.1,4320.1,11.37,13.48
BER: SYNC #38 (gated)
CSV,1170008,234000,38,0,37,19047,8910,4.677902e-01,0.000000e+00,2833.2,53078.2,4611.2,10.61,12.73
CSV,1175008,235000,38,0,37,19244,9021,4.687695e-01,0.000000e+00,2699.7,59322.8,4481.2,11.22,13.42
BER: END_SEQ #38 [SLIP] seq_err=262 BER_seq=5.1272e-01 | lock=0 slip=38 BER_cond=0.0000e+00 BER_cum=4.6889e-01
CSV,1180008,236000,38,0,38,19418,9105,4.688948e-01,0.000000e+00,2929.3,59205.1,4674.7,11.03,13.06
CSV,1185008,237000,38,0,38,19418,9105,4.688948e-01,0.000000e+00,2609.4,51297.8,4330.2,10.74,12.94
CSV,1190008,238000,38,0,38,19418,9105,4.688948e-01,0.000000e+00,2706.1,60024.7,4535.4,11.22,13.46
CSV,1195008,239000,38,0,38,19418,9105,4.688948e-01,0.000000e+00,2661.6,57020.4,4300.7,11.22,13.31
CSV,1200008,240000,38,0,38,19418,9105,4.688948e-01,0.000000e+00,2758.5,52613.4,4276.0,10.90,12.80
CSV,1205008,241000,38,0,38,19418,9105,4.688948e-01,0.000000e+00,2682.7,60098.2,4771.5,11.00,13.50
CSV,1210008,242000,38,0,38,19418,9105,4.688948e-01,0.000000e+00,2832.0,56488.2,4567.3,10.92,13.00
CSV,1215008,243000,38,0,38,19418,9105,4.688948e-01,0.000000e+00,2928.3,52293.6,4663.2,10.50,12.52
CSV,1220008,244000,38,0,38,19418,9105,4.688948e-01,0.000000e+00,2817.8,55845.4,4531.7,10.91,12.97
CSV,1225008,245000,38,0,38,19418,9105,4.688948e-01,0.000000e+00,2733.3,56255.0,4450.7,11.02,13.13
CSV,1230008,246000,38,0,38,19418,9105,4.688948e-01,0.000000e+00,2671.9,50913.4,4586.3,10.45,12.80
CSV,1235008,247000,38,0,38,19418,9105,4.688948e-01,0.000000e+00,2692.0,54594.0,4379.0,10.96,13.07
CSV,1240008,248000,38,0,38,19418,9105,4.688948e-01,0.000000e+00,2797.5,55253.8,4656.3,10.74,12.96
CSV,1245008,249000,38,0,38,19418,9105,4.688948e-01,0.000000e+00,2768.1,53218.1,5002.3,10.27,12.84
CSV,1250008,250000,38,0,38,19418,9105,4.688948e-01,0.000000e+00,3073.1,72123.2,4613.4,11.94,13.70
BER: SYNC #39 (gated)
CSV,1255008,251000,39,0,38,19434,9105,4.685088e-01,0.000000e+00,2696.7,83551.9,3876.5,13.34,14.91
CSV,1260008,252000,39,0,38,19626,9188,4.681545e-01,0.000000e+00,2330.5,77426.6,3749.1,13.15,15.21
CSV,1265008,253000,39,0,38,19821,9291,4.687453e-01,0.000000e+00,2617.0,81082.8,3409.8,13.76,14.91
BER: END_SEQ #39 [SLIP] seq_err=236 BER_seq=4.6184e-01 | lock=0 slip=39 BER_cond=0.0000e+00 BER_cum=4.6871e-01
CSV,1270008,254000,39,0,39,19929,9341,4.687139e-01,0.000000e+00,3165.2,78766.8,4136.4,12.80,13.96
CSV,1275008,255000,39,0,39,19929,9341,4.687139e-01,0.000000e+00,2900.1,67124.0,4567.2,11.67,13.64
CSV,1280008,256000,39,0,39,19929,9341,4.687139e-01,0.000000e+00,2621.0,81439.5,4082.5,13.00,14.92
CSV,1285008,257000,39,0,39,19929,9341,4.687139e-01,0.000000e+00,2628.2,83024.7,3714.3,13.49,15.00
CSV,1290008,258000,39,0,39,19929,9341,4.687139e-01,0.000000e+00,3266.2,62966.9,4658.5,11.31,12.85
CSV,1295008,259000,39,0,39,19929,9341,4.687139e-01,0.000000e+00,3407.5,81644.0,6657.0,10.89,13.79
CSV,1300008,260000,39,0,39,19929,9341,4.687139e-01,0.000000e+00,2607.2,31078.9,4503.5,8.39,10.76
CSV,1305008,261000,39,0,39,19929,9341,4.687139e-01,0.000000e+00,2769.1,28476.4,4509.6,8.00,10.12
CSV,1310008,262000,39,0,39,19929,9341,4.687139e-01,0.000000e+00,2874.6,29717.6,4822.0,7.90,10.14
CSV,1315008,263000,39,0,39,19929,9341,4.687139e-01,0.000000e+00,2785.0,27769.2,4628.7,7.78,9.99
CSV,1320008,264000,39,0,39,19929,9341,4.687139e-01,0.000000e+00,2751.3,26389.0,5153.8,7.09,9.82
CSV,1325008,265000,39,0,39,19929,9341,4.687139e-01,0.000000e+00,2678.1,26957.1,4752.2,7.54,10.03
BER: SYNC #40 (gated)
CSV,1330008,266000,40,0,39,19998,9368,4.684469e-01,0.000000e+00,2723.0,27077.7,4637.0,7.66,9.98
CSV,1335008,267000,40,0,39,20189,9458,4.684729e-01,0.000000e+00,2609.9,24733.4,4327.1,7.57,9.77
CSV,1340008,268000,40,0,39,20380,9556,4.688911e-01,0.000000e+00,2496.9,32341.2,4509.1,8.56,11.12
BER: END_SEQ #40 [SLIP] seq_err=247 BER_seq=4.8337e-01 | lock=0 slip=40 BER_cond=0.0000e+00 BER_cum=4.6908e-01
CSV,1345008,269000,40,0,40,20440,9588,4.690802e-01,0.000000e+00,2674.8,21854.3,4475.6,6.89,9.12
CSV,1350008,270000,40,0,40,20440,9588,4.690802e-01,0.000000e+00,2643.6,19549.0,4722.2,6.17,8.69
CSV,1355008,271000,40,0,40,20440,9588,4.690802e-01,0.000000e+00,2864.2,24362.4,5452.4,6.50,9.30
CSV,1360008,272000,40,0,40,20440,9588,4.690802e-01,0.000000e+00,2723.0,26572.8,4565.3,7.65,9.89
CSV,1365008,273000,40,0,40,20440,9588,4.690802e-01,0.000000e+00,2207.3,27889.0,4134.1,8.29,11.02
CSV,1370008,274000,40,0,40,20440,9588,4.690802e-01,0.000000e+00,2569.9,34650.8,4747.2,8.63,11.30
CSV,1375008,275000,40,0,40,20440,9588,4.690802e-01,0.000000e+00,2758.7,37798.1,5061.9,8.73,11.37
CSV,1380008,276000,40,0,40,20440,9588,4.690802e-01,0.000000e+00,3095.8,30627.9,5223.3,7.68,9.95
CSV,1385008,277000,40,0,40,20440,9588,4.690802e-01,0.000000e+00,2756.6,43283.7,4760.7,9.59,11.96
CSV,1390008,278000,40,0,40,20440,9588,4.690802e-01,0.000000e+00,2818.8,47150.2,4638.7,10.07,12.23
CSV,1395008,279000,40,0,40,20440,9588,4.690802e-01,0.000000e+00,2769.6,45652.3,5366.0,9.30,12.17
CSV,1400008,280000,40,0,40,20440,9588,4.690802e-01,0.000000e+00,2619.7,52451.9,4879.5,10.31,13.02
CSV,1405008,281000,40,0,40,20440,9588,4.690802e-01,0.000000e+00,2830.6,41048.3,4994.2,9.15,11.61
CSV,1410008,282000,40,0,40,20440,9588,4.690802e-01,0.000000e+00,2639.6,43549.7,4644.7,9.72,12.17
CSV,1415008,283000,40,0,40,20440,9588,4.690802e-01,0.000000e+00,2726.2,42655.9,4513.4,9.75,11.94
BER: SYNC #41 (gated)
CSV,1420008,284000,41,0,40,20579,9657,4.692648e-01,0.000000e+00,2688.4,43426.8,4962.8,9.42,12.08
CSV,1425008,285000,41,0,40,20766,9758,4.699027e-01,0.000000e+00,2721.8,44608.6,4464.6,10.00,12.15
BER: END_SEQ #41 [SLIP] seq_err=258 BER_seq=5.0489e-01 | lock=0 slip=41 BER_cond=0.0000e+00 BER_cum=4.6995e-01
CSV,1430008,286000,41,0,41,20951,9846,4.699537e-01,0.000000e+00,2772.1,47006.9,5100.4,9.65,12.29
CSV,1435008,287000,41,0,41,20951,9846,4.699537e-01,0.000000e+00,2831.2,43379.7,4849.0,9.52,11.85
CSV,1440008,288000,41,0,41,20951,9846,4.699537e-01,0.000000e+00,2718.5,46280.1,4850.2,9.80,12.31
CSV,1445008,289000,41,0,41,20951,9846,4.699537e-01,0.000000e+00,2561.0,42168.0,4677.7,9.55,12.17
BER: SYNC #42 (gated)
CSV,1450008,290000,42,0,41,21114,9930,4.703041e-01,0.000000e+00,2694.3,43064.3,4770.0,9.56,12.04
CSV,1455008,291000,42,0,41,21309,10041,4.712093e-01,0.000000e+00,2799.1,46022.1,4647.2,9.96,12.16
BER: END_SEQ #42 [SLIP] seq_err=267 BER_seq=5.2250e-01 | lock=0 slip=42 BER_cond=0.0000e+00 BER_cum=4.7120e-01
CSV,1460008,292000,42,0,42,21462,10113,4.712049e-01,0.000000e+00,3232.2,60667.4,5172.6,10.69,12.73
CSV,1465008,293000,42,0,42,21462,10113,4.712049e-01,0.000000e+00,2673.2,77631.1,3977.6,12.90,14.63
CSV,1470008,294000,42,0,42,21462,10113,4.712049e-01,0.000000e+00,2221.1,106088.6,3122.9,15.31,16.79
CSV,1475008,295000,42,0,42,21462,10113,4.712049e-01,0.000000e+00,2438.5,105500.2,3277.5,15.08,16.36
BER: SYNC #43 (gated)
CSV,1480008,296000,43,0,42,21642,10179,4.703355e-01,0.000000e+00,2691.4,95920.5,3926.0,13.88,15.52
CSV,1485008,297000,43,0,42,21836,10274,4.705074e-01,0.000000e+00,2768.8,88081.2,5130.0,12.35,15.03
BER: END_SEQ #43 [SLIP] seq_err=230 BER_seq=4.5010e-01 | lock=0 slip=43 BER_cond=0.0000e+00 BER_cum=4.7071e-01
CSV,1490008,298000,43,0,43,21973,10343,4.707141e-01,0.000000e+00,3063.2,43385.7,4824.2,9.54,11.51
CSV,1495008,299000,43,0,43,21973,10343,4.707141e-01,0.000000e+00,2848.2,64622.1,5197.4,10.95,13.56
CSV,1500008,300000,43,0,43,21973,10343,4.707141e-01,0.000000e+00,3115.3,51653.6,5127.5,10.03,12.20

=========================================
=== END OF TEST (duration=25 min) ===
=========================================
FINAL: syncs=43 lock=0 slip=43 slip_rate=1.0000
FINAL: bits_cum=21973 err_cum=10343 BER_cum=4.7071e-01
FINAL: bits_lock=0 err_lock=0 BER_cond=0.0000e+00
=========================================
=== STOP LOGGING NOW ===
=========================================
