

=== RX BOOT - BER TEST MODE ===
BPS_MODE=20 (HALF_SAMPLES=2000, 10000 samples/bit @ 200000 Hz)
Expect: 64-bit preamble + Barker13 (1F35h, gated by 8 preamble bits = 0x55) + 511-bit PRBS-9
Noise floor band: 5000 Hz; lock threshold: BER<0.10
Auto-stop: test will halt 25 min after the first sync.
RX: edge-tracking sync, center-3 voting
Starting decoder...

BER: SYNC #1 (gated)
CSV,5010,500,1,0,0,0,0,0.000000e+00,0.000000e+00,1529734.6,3388162.8,25335.7,21.26,3.45
CSV,10010,1000,1,0,0,100,0,0.000000e+00,0.000000e+00,2095969.9,2568326.8,20066.3,21.07,0.88
CSV,15010,1500,1,0,0,200,0,0.000000e+00,0.000000e+00,2589596.2,2160210.0,18993.2,21.35,0.79
CSV,20010,2000,1,0,0,300,0,0.000000e+00,0.000000e+00,2236187.5,2835741.8,20350.6,21.44,1.03
CSV,25010,2500,1,0,0,400,0,0.000000e+00,0.000000e+00,2016085.0,2991505.8,20865.6,21.56,1.71
CSV,30010,3000,1,0,0,500,0,0.000000e+00,0.000000e+00,2158923.5,2870259.2,19442.2,21.69,1.24
BER: END_SEQ #1 [LOCK] seq_err=0 BER_seq=0.0000e+00 | lock=1 slip=0 BER_cond=0.0000e+00 BER_cum=0.0000e+00
BER: SYNC #2 (gated)
CSV,35010,3500,2,1,0,523,0,0.000000e+00,0.000000e+00,1906503.5,2991655.5,18708.4,22.04,1.96
CSV,40010,4000,2,1,0,623,0,0.000000e+00,0.000000e+00,2310620.8,2882355.5,18399.0,21.95,0.96
CSV,45010,4500,2,1,0,723,0,0.000000e+00,0.000000e+00,2704460.0,2411215.8,17957.3,21.78,0.50
CSV,50010,5000,2,1,0,822,0,0.000000e+00,0.000000e+00,2377855.5,2812036.2,18781.5,21.75,0.73
CSV,55010,5500,2,1,0,922,0,0.000000e+00,0.000000e+00,2141251.2,3158313.0,18914.6,22.23,1.69
BER: END_SEQ #2 [LOCK] seq_err=0 BER_seq=0.0000e+00 | lock=2 slip=0 BER_cond=0.0000e+00 BER_cum=0.0000e+00
CSV,60010,6000,2,2,0,1022,0,0.000000e+00,0.000000e+00,2377683.8,3169535.2,19996.6,22.00,1.25
BER: SYNC #3 (gated)
CSV,65010,6500,3,2,0,1045,0,0.000000e+00,0.000000e+00,2304514.2,3264214.2,20802.3,21.96,1.51
CSV,70010,7000,3,2,0,1145,0,0.000000e+00,0.000000e+00,2707923.8,2716022.2,17722.8,21.85,0.01
CSV,75010,7500,3,2,0,1245,0,0.000000e+00,0.000000e+00,2804669.0,2683823.0,19873.4,21.50,0.19
CSV,80010,8000,3,2,0,1345,0,0.000000e+00,0.000000e+00,2533173.0,3086314.0,14092.5,23.40,0.86
CSV,85010,8500,3,2,0,1445,0,0.000000e+00,0.000000e+00,2418593.2,3166094.2,18330.8,22.37,1.17
BER: END_SEQ #3 [LOCK] seq_err=0 BER_seq=0.0000e+00 | lock=3 slip=0 BER_cond=0.0000e+00 BER_cum=0.0000e+00
CSV,90010,9000,3,3,0,1533,0,0.000000e+00,0.000000e+00,2255777.5,3206220.2,18246.6,22.45,1.53
BER: SYNC #4 (gated)
CSV,95010,9500,4,3,0,1568,0,0.000000e+00,0.000000e+00,2367187.8,2963709.2,19102.5,21.91,0.98
CSV,100010,10000,4,3,0,1668,0,0.000000e+00,0.000000e+00,2791403.0,2692863.0,18484.5,21.79,0.16
CSV,105010,10500,4,3,0,1768,0,0.000000e+00,0.000000e+00,2475445.5,3009982.5,18050.4,22.22,0.85
CSV,110010,11000,4,3,0,1868,0,0.000000e+00,0.000000e+00,2405218.0,3041942.2,19858.3,21.85,1.02
CSV,115010,11500,4,3,0,1968,0,0.000000e+00,0.000000e+00,2400865.5,3045545.0,18818.2,22.09,1.03
BER: END_SEQ #4 [LOCK] seq_err=0 BER_seq=0.0000e+00 | lock=4 slip=0 BER_cond=0.0000e+00 BER_cum=0.0000e+00
CSV,120010,12000,4,4,0,2044,0,0.000000e+00,0.000000e+00,2336826.2,3258844.0,19834.8,22.16,1.44
BER: SYNC #5 (gated)
CSV,125010,12500,5,4,0,2091,0,0.000000e+00,0.000000e+00,2493097.5,3167351.5,19652.3,22.07,1.04
CSV,130010,13000,5,4,0,2191,0,0.000000e+00,0.000000e+00,2873843.0,2478779.5,19981.9,21.58,0.64
CSV,135010,13500,5,4,0,2291,0,0.000000e+00,0.000000e+00,2219133.5,3185881.0,22557.0,21.50,1.57
CSV,140010,14000,5,4,0,2391,0,0.000000e+00,0.000000e+00,2608561.2,3072905.5,21424.8,21.57,0.71
CSV,145010,14500,5,4,0,2491,0,0.000000e+00,0.000000e+00,2510522.0,3286066.2,19644.9,22.23,1.17
BER: END_SEQ #5 [LOCK] seq_err=0 BER_seq=0.0000e+00 | lock=5 slip=0 BER_cond=0.0000e+00 BER_cum=0.0000e+00
CSV,150010,15000,5,5,0,2555,0,0.000000e+00,0.000000e+00,2399365.5,3124739.0,17478.3,22.52,1.15
BER: SYNC #6 (gated)
CSV,155010,15500,6,5,0,2613,0,0.000000e+00,0.000000e+00,2430905.5,3129037.0,19441.0,22.07,1.10
CSV,160010,16000,6,5,0,2713,0,0.000000e+00,0.000000e+00,3092940.5,2547722.8,19710.5,21.96,0.84
CSV,165010,16500,6,5,0,2813,0,0.000000e+00,0.000000e+00,2680280.8,3072763.2,19564.8,21.96,0.59
CSV,170010,17000,6,5,0,2913,0,0.000000e+00,0.000000e+00,2369956.5,3306969.5,19919.4,22.20,1.45
CSV,175010,17500,6,5,0,3013,0,0.000000e+00,0.000000e+00,2595779.5,3028648.8,16457.4,22.65,0.67
BER: END_SEQ #6 [LOCK] seq_err=0 BER_seq=0.0000e+00 | lock=6 slip=0 BER_cond=0.0000e+00 BER_cum=0.0000e+00
CSV,180010,18000,6,6,0,3066,0,0.000000e+00,0.000000e+00,2360477.5,3379750.0,18319.0,22.66,1.56
BER: SYNC #7 (gated)
CSV,185010,18500,7,6,0,3136,0,0.000000e+00,0.000000e+00,2450961.8,3429078.0,18950.5,22.58,1.46
CSV,190010,19000,7,6,0,3236,0,0.000000e+00,0.000000e+00,3114347.5,2498558.5,19576.8,22.02,0.96
CSV,195010,19500,7,6,0,3336,0,0.000000e+00,0.000000e+00,2680547.0,2958643.5,20296.6,21.64,0.43
CSV,200010,20000,7,6,0,3436,0,0.000000e+00,0.000000e+00,2361220.5,3412639.8,19509.8,22.43,1.60
CSV,205010,20500,7,6,0,3536,0,0.000000e+00,0.000000e+00,2843586.0,2963265.5,19612.3,21.79,0.18
BER: END_SEQ #7 [LOCK] seq_err=0 BER_seq=0.0000e+00 | lock=7 slip=0 BER_cond=0.0000e+00 BER_cum=0.0000e+00
CSV,210010,21000,7,7,0,3577,0,0.000000e+00,0.000000e+00,2237417.5,3421235.8,19007.7,22.55,1.84
BER: SYNC #8 (gated)
CSV,215010,21500,8,7,0,3659,0,0.000000e+00,0.000000e+00,2446539.0,3219977.0,18048.2,22.51,1.19
CSV,220010,22000,8,7,0,3759,0,0.000000e+00,0.000000e+00,3049243.0,2563289.8,19727.8,21.89,0.75
CSV,225010,22500,8,7,0,3859,0,0.000000e+00,0.000000e+00,2837046.2,2942474.2,19902.7,21.70,0.16
CSV,230010,23000,8,7,0,3959,0,0.000000e+00,0.000000e+00,2227011.0,3471625.5,18980.9,22.62,1.93
CSV,235010,23500,8,7,0,4059,0,0.000000e+00,0.000000e+00,2604590.0,3035976.0,17955.4,22.28,0.67
BER: END_SEQ #8 [LOCK] seq_err=0 BER_seq=0.0000e+00 | lock=8 slip=0 BER_cond=0.0000e+00 BER_cum=0.0000e+00
CSV,240010,24000,8,8,0,4088,0,0.000000e+00,0.000000e+00,2260334.0,3365682.2,19890.0,22.28,1.73
BER: SYNC #9 (gated)
CSV,245010,24500,9,8,0,4182,0,0.000000e+00,0.000000e+00,2609714.2,3215972.0,19875.4,22.09,0.91
CSV,250010,25000,9,8,0,4282,0,0.000000e+00,0.000000e+00,3139593.2,2375970.2,20105.3,21.94,1.21
CSV,255010,25500,9,8,0,4381,0,0.000000e+00,0.000000e+00,2464854.2,3164742.5,19001.6,22.22,1.09
CSV,260010,26000,9,8,0,4481,0,0.000000e+00,0.000000e+00,2486458.5,3167673.2,18601.0,22.31,1.05
CSV,265010,26500,9,8,0,4581,0,0.000000e+00,0.000000e+00,2559453.5,3221272.2,19882.4,22.10,1.00
BER: END_SEQ #9 [LOCK] seq_err=0 BER_seq=0.0000e+00 | lock=9 slip=0 BER_cond=0.0000e+00 BER_cum=0.0000e+00
BER: SYNC #10 (gated)
CSV,270010,27000,10,9,0,4604,0,0.000000e+00,0.000000e+00,2291875.5,3273885.5,20839.4,21.96,1.55
CSV,275010,27500,10,9,0,4704,0,0.000000e+00,0.000000e+00,2392919.5,3147723.5,16537.8,22.80,1.19
CSV,280010,28000,10,9,0,4804,0,0.000000e+00,0.000000e+00,3123835.0,2376006.5,17872.2,22.43,1.19
CSV,285010,28500,10,9,0,4904,0,0.000000e+00,0.000000e+00,2560500.2,3155916.2,17691.4,22.51,0.91
CSV,290010,29000,10,9,0,5004,0,0.000000e+00,0.000000e+00,2371980.8,3246303.0,21004.8,21.89,1.36
CSV,295010,29500,10,9,0,5104,0,0.000000e+00,0.000000e+00,2454626.8,3133131.8,17666.7,22.49,1.06
BER: END_SEQ #10 [LOCK] seq_err=0 BER_seq=0.0000e+00 | lock=10 slip=0 BER_cond=0.0000e+00 BER_cum=0.0000e+00
BER: SYNC #11 (gated)
CSV,300010,30000,11,10,0,5127,0,0.000000e+00,0.000000e+00,2223112.0,3279100.2,18182.1,22.56,1.69
CSV,305010,30500,11,10,0,5227,0,0.000000e+00,0.000000e+00,2694430.5,3038192.2,17194.4,22.47,0.52
CSV,310010,31000,11,10,0,5327,0,0.000000e+00,0.000000e+00,2955400.8,2639264.8,19555.6,21.79,0.49
CSV,315010,31500,11,10,0,5427,0,0.000000e+00,0.000000e+00,2536857.0,2972176.2,19452.5,21.84,0.69
CSV,320010,32000,11,10,0,5527,0,0.000000e+00,0.000000e+00,2476420.5,3086322.8,19411.5,22.01,0.96
BER: END_SEQ #11 [LOCK] seq_err=0 BER_seq=0.0000e+00 | lock=11 slip=0 BER_cond=0.0000e+00 BER_cum=0.0000e+00
CSV,325010,32500,11,11,0,5621,0,0.000000e+00,0.000000e+00,2314257.5,3498902.8,17461.8,23.02,1.80
BER: SYNC #12 (gated)
CSV,330010,33000,12,11,0,5650,0,0.000000e+00,0.000000e+00,2407754.8,3155945.0,19066.3,22.19,1.18
CSV,335010,33500,12,11,0,5750,0,0.000000e+00,0.000000e+00,2558308.0,2362412.0,21959.1,20.66,0.35
CSV,340010,34000,12,11,0,5850,0,0.000000e+00,0.000000e+00,2248783.5,2479906.5,17363.3,21.55,0.42
CSV,345010,34500,12,11,0,5950,0,0.000000e+00,0.000000e+00,2214129.0,2643429.0,17850.7,21.71,0.77
CSV,350010,35000,12,11,0,6050,0,0.000000e+00,0.000000e+00,2175193.5,2566765.8,18718.1,21.37,0.72
BER: END_SEQ #12 [LOCK] seq_err=0 BER_seq=0.0000e+00 | lock=12 slip=0 BER_cond=0.0000e+00 BER_cum=0.0000e+00
CSV,355010,35500,12,12,0,6132,0,0.000000e+00,0.000000e+00,1961395.2,2785980.8,18744.6,21.72,1.52
BER: SYNC #13 (gated)
CSV,360010,36000,13,12,0,6172,0,0.000000e+00,0.000000e+00,2036833.5,2464333.5,17543.1,21.48,0.83
CSV,365010,36500,13,12,0,6272,0,0.000000e+00,0.000000e+00,2375116.2,2221722.0,18657.5,21.05,0.29
CSV,370010,37000,13,12,0,6372,0,0.000000e+00,0.000000e+00,2036742.0,2570343.8,19210.1,21.26,1.01
CSV,375010,37500,13,12,0,6472,0,0.000000e+00,0.000000e+00,2140475.5,2398747.8,19205.7,20.97,0.49
CSV,380010,38000,13,12,0,6572,0,0.000000e+00,0.000000e+00,1973681.0,2616404.2,17465.8,21.76,1.22
BER: END_SEQ #13 [LOCK] seq_err=0 BER_seq=0.0000e+00 | lock=13 slip=0 BER_cond=0.0000e+00 BER_cum=0.0000e+00
CSV,385010,38500,13,13,0,6643,0,0.000000e+00,0.000000e+00,2020935.6,2563087.2,19199.6,21.25,1.03
BER: SYNC #14 (gated)
CSV,390010,39000,14,13,0,6695,0,0.000000e+00,0.000000e+00,1956112.8,2420183.5,20860.1,20.65,0.92
CSV,395010,39500,14,13,0,6795,0,0.000000e+00,0.000000e+00,2092542.4,1767076.8,18733.4,20.48,0.73
CSV,400010,40000,14,13,0,6895,0,0.000000e+00,0.000000e+00,1689638.1,2152573.2,18315.0,20.70,1.05
CSV,405010,40500,14,13,0,6995,0,0.000000e+00,0.000000e+00,1603213.9,2017966.2,18441.0,20.39,1.00
CSV,410010,41000,14,13,0,7095,0,0.000000e+00,0.000000e+00,1481983.5,1707337.5,19496.2,19.42,0.61
BER: END_SEQ #14 [LOCK] seq_err=0 BER_seq=0.0000e+00 | lock=14 slip=0 BER_cond=0.0000e+00 BER_cum=0.0000e+00
CSV,415010,41500,14,14,0,7154,0,0.000000e+00,0.000000e+00,1190280.9,1683425.8,18520.8,19.59,1.51
BER: SYNC #15 (gated)
CSV,420010,42000,15,14,0,7218,0,0.000000e+00,0.000000e+00,1127906.8,1531041.8,18304.0,19.22,1.33
CSV,425010,42500,15,14,0,7318,0,0.000000e+00,0.000000e+00,1424714.8,1058412.8,17921.1,19.00,1.29
CSV,430010,43000,15,14,0,7418,0,0.000000e+00,0.000000e+00,1063408.6,1294489.1,17095.4,18.79,0.85
CSV,435010,43500,15,14,0,7518,0,0.000000e+00,0.000000e+00,980337.4,1327015.8,18544.6,18.55,1.32
CSV,440010,44000,15,14,0,7618,0,0.000000e+00,0.000000e+00,933799.6,1143761.9,19703.2,17.64,0.88
BER: END_SEQ #15 [LOCK] seq_err=0 BER_seq=0.0000e+00 | lock=15 slip=0 BER_cond=0.0000e+00 BER_cum=0.0000e+00
CSV,445010,44500,15,15,0,7665,0,0.000000e+00,0.000000e+00,852592.9,1170281.4,18045.3,18.12,1.38
BER: SYNC #16 (gated)
CSV,450010,45000,16,15,0,7741,0,0.000000e+00,0.000000e+00,792588.9,1083985.4,19242.5,17.51,1.36
CSV,455010,45500,16,15,0,7840,0,0.000000e+00,0.000000e+00,942983.0,770083.5,20736.2,16.58,0.88
CSV,460010,46000,16,15,0,7940,0,0.000000e+00,0.000000e+00,791669.7,846614.5,18658.9,16.57,0.29
CSV,465010,46500,16,15,0,8040,0,0.000000e+00,0.000000e+00,639682.2,983263.6,18418.2,17.27,1.87
CSV,470010,47000,16,15,0,8140,0,0.000000e+00,0.000000e+00,773720.4,874526.8,19154.6,16.60,0.53
BER: END_SEQ #16 [LOCK] seq_err=0 BER_seq=0.0000e+00 | lock=16 slip=0 BER_cond=0.0000e+00 BER_cum=0.0000e+00
CSV,475010,47500,16,16,0,8176,0,0.000000e+00,0.000000e+00,598803.6,846367.9,20759.0,16.10,1.50
BER: SYNC #17 (gated)
CSV,480010,48000,17,16,0,8263,0,0.000000e+00,0.000000e+00,614767.1,772702.9,20150.3,15.84,0.99
CSV,485010,48500,17,16,0,8363,0,0.000000e+00,0.000000e+00,751049.9,646273.6,18462.5,16.09,0.65
CSV,490010,49000,17,16,0,8463,0,0.000000e+00,0.000000e+00,634435.4,754337.0,17963.5,16.23,0.75
CSV,495010,49500,17,16,0,8563,0,0.000000e+00,0.000000e+00,592928.2,735952.2,20212.6,15.61,0.94
CSV,500010,50000,17,16,0,8663,0,0.000000e+00,0.000000e+00,592707.2,738377.0,17658.8,16.21,0.95
BER: END_SEQ #17 [LOCK] seq_err=0 BER_seq=0.0000e+00 | lock=17 slip=0 BER_cond=0.0000e+00 BER_cum=0.0000e+00
CSV,505010,50500,17,17,0,8687,0,0.000000e+00,0.000000e+00,529597.1,820110.5,17523.2,16.70,1.90
BER: SYNC #18 (gated)
CSV,510010,51000,18,17,0,8786,0,0.000000e+00,0.000000e+00,620072.2,738609.0,17363.2,16.29,0.76
CSV,515010,51500,18,17,0,8886,0,0.000000e+00,0.000000e+00,725606.9,537095.4,18509.7,15.93,1.31
CSV,520010,52000,18,17,0,8986,0,0.000000e+00,0.000000e+00,572679.9,709293.4,17298.8,16.13,0.93
CSV,525010,52500,18,17,0,9086,0,0.000000e+00,0.000000e+00,538793.8,757468.4,18251.7,16.18,1.48
CSV,530010,53000,18,17,0,9186,0,0.000000e+00,0.000000e+00,581621.2,722242.6,18237.8,15.98,0.94
BER: END_SEQ #18 [LOCK] seq_err=0 BER_seq=0.0000e+00 | lock=18 slip=0 BER_cond=0.0000e+00 BER_cum=0.0000e+00
BER: SYNC #19 (gated)
CSV,535010,53500,19,18,0,9209,0,0.000000e+00,0.000000e+00,518585.6,745402.3,19608.6,15.80,1.58
CSV,540010,54000,19,18,0,9309,0,0.000000e+00,0.000000e+00,577556.9,681578.8,20095.5,15.30,0.72
CSV,545010,54500,19,18,0,9409,0,0.000000e+00,0.000000e+00,658965.1,578352.9,19396.8,15.31,0.57
CSV,550010,55000,19,18,0,9509,0,0.000000e+00,0.000000e+00,589270.2,686176.1,17330.0,15.98,0.66
CSV,555010,55500,19,18,0,9609,0,0.000000e+00,0.000000e+00,537836.1,780051.9,19273.1,16.07,1.61
CSV,560010,56000,19,18,0,9708,0,0.000000e+00,0.000000e+00,543680.6,729264.8,20598.4,15.49,1.28
BER: END_SEQ #19 [LOCK] seq_err=0 BER_seq=0.0000e+00 | lock=19 slip=0 BER_cond=0.0000e+00 BER_cum=0.0000e+00
BER: SYNC #20 (gated)
CSV,565010,56500,20,19,0,9731,0,0.000000e+00,0.000000e+00,515945.0,727265.7,19330.8,15.75,1.49
CSV,570010,57000,20,19,0,9831,0,0.000000e+00,0.000000e+00,634534.4,629861.2,19560.8,15.11,0.03
CSV,575010,57500,20,19,0,9931,0,0.000000e+00,0.000000e+00,646362.3,585304.9,19600.2,15.18,0.43
CSV,580010,58000,20,19,0,10031,0,0.000000e+00,0.000000e+00,553815.4,672301.7,18751.6,15.55,0.84
CSV,585010,58500,20,19,0,10131,0,0.000000e+00,0.000000e+00,535018.6,716965.7,17820.6,16.05,1.27
BER: END_SEQ #20 [LOCK] seq_err=0 BER_seq=0.0000e+00 | lock=20 slip=0 BER_cond=0.0000e+00 BER_cum=0.0000e+00
CSV,590010,59000,20,20,0,10220,0,0.000000e+00,0.000000e+00,529230.2,751709.0,19292.7,15.91,1.52
BER: SYNC #21 (gated)
CSV,595010,59500,21,20,0,10254,0,0.000000e+00,0.000000e+00,545364.3,675519.7,20929.4,15.09,0.93
CSV,600010,60000,21,20,0,10354,0,0.000000e+00,0.000000e+00,626201.4,592266.0,19852.3,14.99,0.24
CSV,605010,60500,21,20,0,10454,0,0.000000e+00,0.000000e+00,567414.9,672058.2,17508.3,15.84,0.74
CSV,610010,61000,21,20,0,10554,0,0.000000e+00,0.000000e+00,574187.7,706763.4,19777.7,15.53,0.90
CSV,615010,61500,21,20,0,10654,0,0.000000e+00,0.000000e+00,576315.6,686368.3,18375.0,15.72,0.76
BER: END_SEQ #21 [LOCK] seq_err=0 BER_seq=0.0000e+00 | lock=21 slip=0 BER_cond=0.0000e+00 BER_cum=0.0000e+00
CSV,620010,62000,21,21,0,10731,0,0.000000e+00,0.000000e+00,526456.1,701623.9,19183.4,15.63,1.25
BER: SYNC #22 (gated)
CSV,625010,62500,22,21,0,10777,0,0.000000e+00,0.000000e+00,550544.9,708293.6,17851.6,15.99,1.09
CSV,630010,63000,22,21,0,10877,0,0.000000e+00,0.000000e+00,682790.8,585890.9,18569.4,15.65,0.66
CSV,635010,63500,22,21,0,10977,0,0.000000e+00,0.000000e+00,550917.9,723103.9,19057.8,15.79,1.18
CSV,640010,64000,22,21,0,11077,0,0.000000e+00,0.000000e+00,561705.9,685999.8,19058.4,15.56,0.87
CSV,645010,64500,22,21,0,11177,0,0.000000e+00,0.000000e+00,545732.4,695962.6,20118.0,15.39,1.06
BER: END_SEQ #22 [LOCK] seq_err=0 BER_seq=0.0000e+00 | lock=22 slip=0 BER_cond=0.0000e+00 BER_cum=0.0000e+00
CSV,650010,65000,22,22,0,11242,0,0.000000e+00,0.000000e+00,583419.6,728360.4,18047.2,16.06,0.96
BER: SYNC #23 (gated)
CSV,655010,65500,23,22,0,11300,0,0.000000e+00,0.000000e+00,547121.4,720197.8,20066.9,15.55,1.19
CSV,660010,66000,23,22,0,11399,0,0.000000e+00,0.000000e+00,691502.2,535623.4,18479.3,15.73,1.11
CSV,665010,66500,23,22,0,11499,0,0.000000e+00,0.000000e+00,593558.4,665656.3,20955.6,15.02,0.50
CSV,670010,67000,23,22,0,11599,0,0.000000e+00,0.000000e+00,541798.4,756347.8,20861.1,15.59,1.45
CSV,675010,67500,23,22,0,11699,0,0.000000e+00,0.000000e+00,617531.8,664589.4,19429.1,15.34,0.32
BER: END_SEQ #23 [LOCK] seq_err=0 BER_seq=0.0000e+00 | lock=23 slip=0 BER_cond=0.0000e+00 BER_cum=0.0000e+00
CSV,680010,68000,23,23,0,11753,0,0.000000e+00,0.000000e+00,518112.5,738502.2,21222.7,15.42,1.54
BER: SYNC #24 (gated)
CSV,685010,68500,24,23,0,11822,0,0.000000e+00,0.000000e+00,536166.6,738210.6,19395.7,15.80,1.39
CSV,690010,69000,24,23,0,11922,0,0.000000e+00,0.000000e+00,716362.4,554949.6,30044.1,13.77,1.11
CSV,695010,69500,24,23,0,12022,0,0.000000e+00,0.000000e+00,585695.2,659663.0,29512.1,13.49,0.52
CSV,700010,70000,24,23,0,12122,0,0.000000e+00,0.000000e+00,525946.9,738712.9,21032.1,15.46,1.48
CSV,705010,70500,24,23,0,12222,0,0.000000e+00,0.000000e+00,604972.4,653218.9,19367.5,15.28,0.33
BER: END_SEQ #24 [LOCK] seq_err=0 BER_seq=0.0000e+00 | lock=24 slip=0 BER_cond=0.0000e+00 BER_cum=0.0000e+00
CSV,710010,71000,24,24,0,12264,0,0.000000e+00,0.000000e+00,525622.8,780844.8,19636.3,16.00,1.72
BER: SYNC #25 (gated)
CSV,715010,71500,25,24,0,12345,0,0.000000e+00,0.000000e+00,570167.1,725108.8,18828.6,15.86,1.04
CSV,720010,72000,25,24,0,12445,0,0.000000e+00,0.000000e+00,678329.8,576609.1,19719.2,15.37,0.71
CSV,725010,72500,25,24,0,12545,0,0.000000e+00,0.000000e+00,657459.9,653669.6,20685.8,15.02,0.03
CSV,730010,73000,25,24,0,12645,0,0.000000e+00,0.000000e+00,536325.9,810788.4,19295.3,16.23,1.79
CSV,735010,73500,25,24,0,12745,0,0.000000e+00,0.000000e+00,646819.3,704064.6,20285.5,15.40,0.37
BER: END_SEQ #25 [LOCK] seq_err=0 BER_seq=0.0000e+00 | lock=25 slip=0 BER_cond=0.0000e+00 BER_cum=0.0000e+00
CSV,740010,74000,25,25,0,12775,0,0.000000e+00,0.000000e+00,524343.1,777269.8,19748.2,15.95,1.71
BER: SYNC #26 (gated)
CSV,745010,74500,26,25,0,12868,0,0.000000e+00,0.000000e+00,610009.2,707409.2,21248.9,15.22,0.64
CSV,750010,75000,26,25,0,12968,0,0.000000e+00,0.000000e+00,734502.1,562949.5,20398.3,15.56,1.16
CSV,755010,75500,26,25,0,13068,0,0.000000e+00,0.000000e+00,612429.5,742197.3,18335.2,16.07,0.83
CSV,760010,76000,26,25,0,13168,0,0.000000e+00,0.000000e+00,576888.3,736732.8,18694.8,15.96,1.06
CSV,765010,76500,26,25,0,13267,0,0.000000e+00,0.000000e+00,599473.0,722553.5,20109.4,15.55,0.81
BER: END_SEQ #26 [LOCK] seq_err=0 BER_seq=0.0000e+00 | lock=26 slip=0 BER_cond=0.0000e+00 BER_cum=0.0000e+00
BER: SYNC #27 (gated)
CSV,770010,77000,27,26,0,13290,0,0.000000e+00,0.000000e+00,582329.0,781060.4,18783.3,16.19,1.28
CSV,775010,77500,27,26,0,13390,0,0.000000e+00,0.000000e+00,600966.1,787398.6,21499.4,15.64,1.17
CSV,780010,78000,27,26,0,13490,0,0.000000e+00,0.000000e+00,775922.2,564038.1,20988.9,15.68,1.39
CSV,785010,78500,27,26,0,13590,0,0.000000e+00,0.000000e+00,597375.8,748041.8,19116.4,15.93,0.98
CSV,790010,79000,27,26,0,13690,0,0.000000e+00,0.000000e+00,583806.6,780426.4,19445.3,16.04,1.26
CSV,795010,79500,27,26,0,13790,0,0.000000e+00,0.000000e+00,607415.2,781272.9,20215.8,15.87,1.09
BER: END_SEQ #27 [LOCK] seq_err=0 BER_seq=0.0000e+00 | lock=27 slip=0 BER_cond=0.0000e+00 BER_cum=0.0000e+00
BER: SYNC #28 (gated)
CSV,800010,80000,28,27,0,13813,0,0.000000e+00,0.000000e+00,524455.7,782238.2,18198.1,16.33,1.74
CSV,805010,80500,28,27,0,13913,0,0.000000e+00,0.000000e+00,614029.1,663343.3,19290.1,15.36,0.34
CSV,810010,81000,28,27,0,14013,0,0.000000e+00,0.000000e+00,675441.7,599961.9,19429.6,15.41,0.51
CSV,815010,81500,28,27,0,14113,0,0.000000e+00,0.000000e+00,605910.2,683141.4,19698.3,15.40,0.52
CSV,820010,82000,28,27,0,14213,0,0.000000e+00,0.000000e+00,571261.8,722974.1,19207.9,15.76,1.02
BER: END_SEQ #28 [LOCK] seq_err=0 BER_seq=0.0000e+00 | lock=28 slip=0 BER_cond=0.0000e+00 BER_cum=0.0000e+00
CSV,825010,82500,28,28,0,14308,0,0.000000e+00,0.000000e+00,522556.3,745665.8,20681.2,15.57,1.54
BER: SYNC #29 (gated)
CSV,830010,83000,29,28,0,14336,0,0.000000e+00,0.000000e+00,507953.2,700823.6,19741.7,15.50,1.40
CSV,835010,83500,29,28,0,14436,0,0.000000e+00,0.000000e+00,631945.1,590322.6,19567.5,15.09,0.30
CSV,840010,84000,29,28,0,14536,0,0.000000e+00,0.000000e+00,589956.2,635987.8,19702.3,15.09,0.33
CSV,845010,84500,29,28,0,14636,0,0.000000e+00,0.000000e+00,526027.3,715018.3,31745.5,13.53,1.33
CSV,850010,85000,29,28,0,14736,0,0.000000e+00,0.000000e+00,572652.2,843455.4,16566.1,17.07,1.68
BER: END_SEQ #29 [LOCK] seq_err=0 BER_seq=0.0000e+00 | lock=29 slip=0 BER_cond=0.0000e+00 BER_cum=0.0000e+00
CSV,855010,85500,29,29,0,14819,0,0.000000e+00,0.000000e+00,558943.6,935475.8,18005.6,17.16,2.24
BER: SYNC #30 (gated)
CSV,860010,86000,30,29,0,14859,0,0.000000e+00,0.000000e+00,564153.9,839752.3,8036.9,20.19,1.73
CSV,865010,86500,30,29,0,14958,0,0.000000e+00,0.000000e+00,634243.6,757442.8,6191.5,20.88,0.77
CSV,870010,87000,30,29,0,15058,0,0.000000e+00,0.000000e+00,531412.7,633811.2,21393.4,14.72,0.77
CSV,875010,87500,30,29,0,15158,0,0.000000e+00,0.000000e+00,549915.8,643064.9,21337.7,14.79,0.68
CSV,880010,88000,30,29,0,15258,0,0.000000e+00,0.000000e+00,492220.5,661996.5,21188.5,14.95,1.29
BER: END_SEQ #30 [LOCK] seq_err=0 BER_seq=0.0000e+00 | lock=30 slip=0 BER_cond=0.0000e+00 BER_cum=0.0000e+00
CSV,885010,88500,30,30,0,15330,0,0.000000e+00,0.000000e+00,473426.7,669874.4,18631.3,15.56,1.51
BER: SYNC #31 (gated)
CSV,890010,89000,31,30,0,15381,0,0.000000e+00,0.000000e+00,499172.3,632756.4,22379.7,14.51,1.03
CSV,895010,89500,31,30,0,15481,0,0.000000e+00,0.000000e+00,613487.1,525734.8,19878.3,14.89,0.67
CSV,900010,90000,31,30,0,15581,0,0.000000e+00,0.000000e+00,471986.4,637825.2,19903.0,15.06,1.31
CSV,905010,90500,31,30,0,15681,0,0.000000e+00,0.000000e+00,482016.8,604277.6,20098.6,14.78,0.98
CSV,910010,91000,31,30,0,15781,0,0.000000e+00,0.000000e+00,484806.1,597513.8,21734.5,14.39,0.91
BER: END_SEQ #31 [LOCK] seq_err=0 BER_seq=0.0000e+00 | lock=31 slip=0 BER_cond=0.0000e+00 BER_cum=0.0000e+00
CSV,915010,91500,31,31,0,15841,0,0.000000e+00,0.000000e+00,461441.6,659584.3,21793.1,14.81,1.55
BER: SYNC #32 (gated)
CSV,920010,92000,32,31,0,15904,0,0.000000e+00,0.000000e+00,458031.6,641021.6,21022.0,14.84,1.46
CSV,925010,92500,32,31,0,16004,0,0.000000e+00,0.000000e+00,579088.4,463457.9,20088.3,14.60,0.97
CSV,930010,93000,32,31,0,16104,0,0.000000e+00,0.000000e+00,479794.5,567646.1,18825.0,14.79,0.73
CSV,935010,93500,32,31,0,16204,0,0.000000e+00,0.000000e+00,453008.7,639241.2,18718.4,15.33,1.50
CSV,940010,94000,32,31,0,16304,0,0.000000e+00,0.000000e+00,480037.1,593280.8,20486.9,14.62,0.92
BER: END_SEQ #32 [LOCK] seq_err=0 BER_seq=0.0000e+00 | lock=32 slip=0 BER_cond=0.0000e+00 BER_cum=0.0000e+00
CSV,945010,94500,32,32,0,16352,0,0.000000e+00,0.000000e+00,413568.3,617781.8,18949.3,15.13,1.74
BER: SYNC #33 (gated)
CSV,950010,95000,33,32,0,16427,0,0.000000e+00,0.000000e+00,433337.1,587765.9,18378.1,15.05,1.32
CSV,955010,95500,33,32,0,16527,0,0.000000e+00,0.000000e+00,563760.8,469337.4,19801.5,14.54,0.80
CSV,960010,96000,33,32,0,16627,0,0.000000e+00,0.000000e+00,486006.6,573675.8,18072.3,15.02,0.72
CSV,965010,96500,33,32,0,16727,0,0.000000e+00,0.000000e+00,393787.1,638105.2,22207.8,14.58,2.10
CSV,970010,97000,33,32,0,16826,0,0.000000e+00,0.000000e+00,479452.1,528388.8,19648.0,14.30,0.42
BER: END_SEQ #33 [LOCK] seq_err=0 BER_seq=0.0000e+00 | lock=33 slip=0 BER_cond=0.0000e+00 BER_cum=0.0000e+00
CSV,975010,97500,33,33,0,16863,0,0.000000e+00,0.000000e+00,427177.3,616884.8,19210.1,15.07,1.60
BER: SYNC #34 (gated)
CSV,980010,98000,34,33,0,16949,0,0.000000e+00,0.000000e+00,451164.7,586742.1,21634.0,14.33,1.14
CSV,985010,98500,34,33,0,17049,0,0.000000e+00,0.000000e+00,524103.4,485661.0,18453.8,14.53,0.33
CSV,990010,99000,34,33,0,17149,0,0.000000e+00,0.000000e+00,541117.4,798514.8,11354.8,18.47,1.69
CSV,995010,99500,34,33,0,17249,0,0.000000e+00,0.000000e+00,528911.8,791526.3,14727.7,17.30,1.75
CSV,1000010,100000,34,33,0,17349,0,0.000000e+00,0.000000e+00,469291.6,598355.1,20202.7,14.72,1.06
BER: END_SEQ #34 [LOCK] seq_err=0 BER_seq=0.0000e+00 | lock=34 slip=0 BER_cond=0.0000e+00 BER_cum=0.0000e+00
CSV,1005010,100500,34,34,0,17374,0,0.000000e+00,0.000000e+00,400345.3,618485.9,19394.9,15.04,1.89
BER: SYNC #35 (gated)
CSV,1010010,101000,35,34,0,17472,0,0.000000e+00,0.000000e+00,453270.1,563244.2,17638.9,15.04,0.94
CSV,1015010,101500,35,34,0,17572,0,0.000000e+00,0.000000e+00,557155.0,449144.7,19142.7,14.64,0.94
CSV,1020010,102000,35,34,0,17672,0,0.000000e+00,0.000000e+00,482722.1,607682.0,19239.3,14.99,1.00
CSV,1025010,102500,35,34,0,17772,0,0.000000e+00,0.000000e+00,435539.1,609014.9,19409.3,14.97,1.46
CSV,1030010,103000,35,34,0,17872,0,0.000000e+00,0.000000e+00,443069.8,613015.0,21303.5,14.59,1.41
BER: END_SEQ #35 [LOCK] seq_err=0 BER_seq=0.0000e+00 | lock=35 slip=0 BER_cond=0.0000e+00 BER_cum=0.0000e+00
BER: SYNC #36 (gated)
CSV,1035010,103500,36,35,0,17895,0,0.000000e+00,0.000000e+00,426368.6,625870.1,20783.3,14.79,1.67
CSV,1040010,104000,36,35,0,17995,0,0.000000e+00,0.000000e+00,481778.0,596579.8,18170.3,15.16,0.93
CSV,1045010,104500,36,35,0,18095,0,0.000000e+00,0.000000e+00,527076.6,488131.0,19196.0,14.39,0.33
CSV,1050010,105000,36,35,0,18195,0,0.000000e+00,0.000000e+00,484898.1,559307.1,19803.7,14.51,0.62
CSV,1055010,105500,36,35,0,18295,0,0.000000e+00,0.000000e+00,428110.5,623870.3,19029.5,15.16,1.64
CSV,1060010,106000,36,35,0,18395,0,0.000000e+00,0.000000e+00,465179.8,608959.2,18330.6,15.21,1.17
BER: END_SEQ #36 [LOCK] seq_err=0 BER_seq=0.0000e+00 | lock=36 slip=0 BER_cond=0.0000e+00 BER_cum=0.0000e+00
BER: SYNC #37 (gated)
CSV,1065010,106500,37,36,0,18418,0,0.000000e+00,0.000000e+00,426484.2,589602.6,22504.5,14.18,1.41
CSV,1070010,107000,37,36,0,18517,0,0.000000e+00,0.000000e+00,501573.2,521819.4,19119.6,14.36,0.17
CSV,1075010,107500,37,36,0,18617,0,0.000000e+00,0.000000e+00,526574.1,495975.8,18363.4,14.58,0.26
CSV,1080010,108000,37,36,0,18717,0,0.000000e+00,0.000000e+00,477473.8,578188.7,19387.2,14.75,0.83
CSV,1085010,108500,37,36,0,18817,0,0.000000e+00,0.000000e+00,455549.9,588641.5,20445.4,14.59,1.11
BER: END_SEQ #37 [LOCK] seq_err=0 BER_seq=0.0000e+00 | lock=37 slip=0 BER_cond=0.0000e+00 BER_cum=0.0000e+00
CSV,1090010,109000,37,37,0,18907,0,0.000000e+00,0.000000e+00,422501.7,598660.2,19441.3,14.88,1.51
BER: SYNC #38 (gated)
CSV,1095010,109500,38,37,0,18940,0,0.000000e+00,0.000000e+00,443622.2,569644.5,18252.0,14.94,1.09
CSV,1100010,110000,38,37,0,19040,0,0.000000e+00,0.000000e+00,535118.0,509748.2,19272.8,14.44,0.21
CSV,1105010,110500,38,37,0,19140,0,0.000000e+00,0.000000e+00,468922.8,556750.6,20426.3,14.35,0.75
CSV,1110010,111000,38,37,0,19240,0,0.000000e+00,0.000000e+00,455706.4,571918.1,19200.9,14.74,0.99
CSV,1115010,111500,38,37,0,19340,0,0.000000e+00,0.000000e+00,480837.7,570092.1,19791.4,14.59,0.74
BER: END_SEQ #38 [LOCK] seq_err=0 BER_seq=0.0000e+00 | lock=38 slip=0 BER_cond=0.0000e+00 BER_cum=0.0000e+00
CSV,1120010,112000,38,38,0,19418,0,0.000000e+00,0.000000e+00,433331.2,625295.2,17816.5,15.45,1.59
BER: SYNC #39 (gated)
CSV,1125010,112500,39,38,0,19463,0,0.000000e+00,0.000000e+00,477197.7,576723.6,18047.3,15.05,0.82
CSV,1130010,113000,39,38,0,19563,0,0.000000e+00,0.000000e+00,586058.1,520947.2,19376.3,14.81,0.51
CSV,1135010,113500,39,38,0,19663,0,0.000000e+00,0.000000e+00,466516.8,609622.8,18627.9,15.15,1.16
CSV,1140010,114000,39,38,0,19763,0,0.000000e+00,0.000000e+00,492484.0,615387.3,20007.3,14.88,0.97
CSV,1145010,114500,39,38,0,19863,0,0.000000e+00,0.000000e+00,465656.4,622309.4,18667.6,15.23,1.26
BER: END_SEQ #39 [LOCK] seq_err=0 BER_seq=0.0000e+00 | lock=39 slip=0 BER_cond=0.0000e+00 BER_cum=0.0000e+00
CSV,1150010,115000,39,39,0,19929,0,0.000000e+00,0.000000e+00,466083.2,639624.1,24148.8,14.23,1.37
BER: SYNC #40 (gated)
CSV,1155010,115500,40,39,0,19986,0,0.000000e+00,0.000000e+00,527657.6,804635.7,9787.7,19.15,1.83
CSV,1160010,116000,40,39,0,20086,0,0.000000e+00,0.000000e+00,627469.8,612805.4,13230.0,16.76,0.10
CSV,1165010,116500,40,39,0,20186,0,0.000000e+00,0.000000e+00,491364.1,568379.1,18977.9,14.76,0.63
CSV,1170010,117000,40,39,0,20285,0,0.000000e+00,0.000000e+00,424739.5,631683.1,17851.5,15.49,1.72
CSV,1175010,117500,40,39,0,20385,0,0.000000e+00,0.000000e+00,506228.8,545263.3,18256.5,14.75,0.32
BER: END_SEQ #40 [LOCK] seq_err=0 BER_seq=0.0000e+00 | lock=40 slip=0 BER_cond=0.0000e+00 BER_cum=0.0000e+00
CSV,1180010,118000,40,40,0,20440,0,0.000000e+00,0.000000e+00,429464.3,658880.0,18362.6,15.55,1.86
BER: SYNC #41 (gated)
CSV,1185010,118500,41,40,0,20508,0,0.000000e+00,0.000000e+00,442748.5,616457.9,15974.9,15.86,1.44
CSV,1190010,119000,41,40,0,20608,0,0.000000e+00,0.000000e+00,584627.8,446334.9,17158.0,15.32,1.17
CSV,1195010,119500,41,40,0,20708,0,0.000000e+00,0.000000e+00,500566.8,566280.4,19573.3,14.61,0.54
CSV,1200010,120000,41,40,0,20808,0,0.000000e+00,0.000000e+00,456063.1,631904.6,18478.2,15.34,1.42
CSV,1205010,120500,41,40,0,20908,0,0.000000e+00,0.000000e+00,507337.6,575875.5,18454.6,14.94,0.55
BER: END_SEQ #41 [LOCK] seq_err=0 BER_seq=0.0000e+00 | lock=41 slip=0 BER_cond=0.0000e+00 BER_cum=0.0000e+00
CSV,1210010,121000,41,41,0,20951,0,0.000000e+00,0.000000e+00,415475.9,635452.1,20303.3,14.96,1.85
BER: SYNC #42 (gated)
CSV,1215010,121500,42,41,0,21031,0,0.000000e+00,0.000000e+00,458124.4,619903.4,21264.0,14.65,1.31
CSV,1220010,122000,42,41,0,21131,0,0.000000e+00,0.000000e+00,579728.9,502665.8,18064.7,15.06,0.62
CSV,1225010,122500,42,41,0,21231,0,0.000000e+00,0.000000e+00,532535.6,544684.4,19135.2,14.54,0.10
CSV,1230010,123000,42,41,0,21331,0,0.000000e+00,0.000000e+00,460156.2,853465.2,12505.6,18.34,2.68
CSV,1235010,123500,42,41,0,21431,0,0.000000e+00,0.000000e+00,557678.8,746714.4,8143.7,19.62,1.27
BER: END_SEQ #42 [LOCK] seq_err=0 BER_seq=0.0000e+00 | lock=42 slip=0 BER_cond=0.0000e+00 BER_cum=0.0000e+00
CSV,1240010,124000,42,42,0,21462,0,0.000000e+00,0.000000e+00,487863.0,804720.4,11878.7,18.31,2.17
BER: SYNC #43 (gated)
CSV,1245010,124500,43,42,0,21554,0,0.000000e+00,0.000000e+00,501842.0,576633.4,19650.1,14.68,0.60
CSV,1250010,125000,43,42,0,21654,0,0.000000e+00,0.000000e+00,551586.4,453821.5,20388.3,14.32,0.85
CSV,1255010,125500,43,42,0,21754,0,0.000000e+00,0.000000e+00,459006.6,565628.7,19123.0,14.71,0.91
CSV,1260010,126000,43,42,0,21854,0,0.000000e+00,0.000000e+00,509060.2,677042.2,74164.5,9.60,1.24
CSV,1265010,126500,43,42,0,21954,0,0.000000e+00,0.000000e+00,529754.2,740780.1,14235.7,17.16,1.46
BER: END_SEQ #43 [LOCK] seq_err=0 BER_seq=0.0000e+00 | lock=43 slip=0 BER_cond=0.0000e+00 BER_cum=0.0000e+00
BER: SYNC #44 (gated)
CSV,1270010,127000,44,43,0,21976,0,0.000000e+00,0.000000e+00,465127.8,776507.5,12005.4,18.11,2.23
CSV,1275010,127500,44,43,0,22076,0,0.000000e+00,0.000000e+00,490487.5,761880.5,9966.0,18.83,1.91
CSV,1280010,128000,44,43,0,22176,0,0.000000e+00,0.000000e+00,654838.4,584855.2,9904.7,18.20,0.49
CSV,1285010,128500,44,43,0,22276,0,0.000000e+00,0.000000e+00,515224.8,775209.0,10257.3,18.78,1.77
CSV,1290010,129000,44,43,0,22376,0,0.000000e+00,0.000000e+00,496071.6,754699.1,15310.9,16.93,1.82
CSV,1295010,129500,44,43,0,22476,0,0.000000e+00,0.000000e+00,493842.1,756739.4,11140.3,18.32,1.85
BER: END_SEQ #44 [LOCK] seq_err=0 BER_seq=0.0000e+00 | lock=44 slip=0 BER_cond=0.0000e+00 BER_cum=0.0000e+00
BER: SYNC #45 (gated)
CSV,1300010,130000,45,44,0,22499,0,0.000000e+00,0.000000e+00,449137.1,817792.2,13102.3,17.95,2.60
CSV,1305010,130500,45,44,0,22599,0,0.000000e+00,0.000000e+00,524058.7,593951.9,18345.2,15.10,0.54
CSV,1310010,131000,45,44,0,22699,0,0.000000e+00,0.000000e+00,529804.2,453916.1,19441.4,14.35,0.67
CSV,1315010,131500,45,44,0,22799,0,0.000000e+00,0.000000e+00,466081.9,517893.3,20180.9,14.09,0.46
CSV,1320010,132000,45,44,0,22899,0,0.000000e+00,0.000000e+00,440367.7,578226.9,20243.8,14.56,1.18
BER: END_SEQ #45 [LOCK] seq_err=0 BER_seq=0.0000e+00 | lock=45 slip=0 BER_cond=0.0000e+00 BER_cum=0.0000e+00
CSV,1325010,132500,45,45,0,22995,0,0.000000e+00,0.000000e+00,429939.0,595283.1,21252.2,14.47,1.41
BER: SYNC #46 (gated)
CSV,1330010,133000,46,45,0,23022,0,0.000000e+00,0.000000e+00,419504.9,568770.2,21002.0,14.33,1.32
CSV,1335010,133500,46,45,0,23122,0,0.000000e+00,0.000000e+00,523693.2,461091.8,19441.9,14.30,0.55
CSV,1340010,134000,46,45,0,23222,0,0.000000e+00,0.000000e+00,484940.1,498930.4,22027.1,13.55,0.12
CSV,1345010,134500,46,45,0,23322,0,0.000000e+00,0.000000e+00,457533.1,559234.0,19221.2,14.64,0.87
CSV,1350010,135000,46,45,0,23422,0,0.000000e+00,0.000000e+00,446159.5,556049.5,20728.5,14.29,0.96
BER: END_SEQ #46 [LOCK] seq_err=0 BER_seq=0.0000e+00 | lock=46 slip=0 BER_cond=0.0000e+00 BER_cum=0.0000e+00
CSV,1355010,135500,46,46,0,23506,0,0.000000e+00,0.000000e+00,421543.4,561295.4,19611.2,14.57,1.24
BER: SYNC #47 (gated)
CSV,1360010,136000,47,46,0,23545,0,0.000000e+00,0.000000e+00,451041.9,542506.8,35662.8,11.82,0.80
CSV,1365010,136500,47,46,0,23645,0,0.000000e+00,0.000000e+00,531952.4,493050.0,24683.3,13.33,0.33
CSV,1370010,137000,47,46,0,23744,0,0.000000e+00,0.000000e+00,431158.9,547230.1,20504.7,14.26,1.04
CSV,1375010,137500,47,46,0,23844,0,0.000000e+00,0.000000e+00,459989.2,506214.2,20662.6,13.89,0.42
CSV,1380010,138000,47,46,0,23944,0,0.000000e+00,0.000000e+00,413712.3,541006.9,20052.0,14.31,1.17
BER: END_SEQ #47 [LOCK] seq_err=0 BER_seq=0.0000e+00 | lock=47 slip=0 BER_cond=0.0000e+00 BER_cum=0.0000e+00
CSV,1385010,138500,47,47,0,24017,0,0.000000e+00,0.000000e+00,422745.5,564606.6,20373.2,14.43,1.26
BER: SYNC #48 (gated)
CSV,1390010,139000,48,47,0,24067,0,0.000000e+00,0.000000e+00,424126.2,539046.8,19300.8,14.46,1.04
CSV,1395010,139500,48,47,0,24167,0,0.000000e+00,0.000000e+00,516534.9,425715.4,21096.0,13.89,0.84
CSV,1400010,140000,48,47,0,24267,0,0.000000e+00,0.000000e+00,423834.7,528287.1,18154.0,14.64,0.96
CSV,1405010,140500,48,47,0,24367,0,0.000000e+00,0.000000e+00,447146.5,529043.9,20987.0,14.02,0.73
CSV,1410010,141000,48,47,0,24467,0,0.000000e+00,0.000000e+00,433850.8,522748.5,19977.3,14.18,0.81
BER: END_SEQ #48 [LOCK] seq_err=0 BER_seq=0.0000e+00 | lock=48 slip=0 BER_cond=0.0000e+00 BER_cum=0.0000e+00
CSV,1415010,141500,48,48,0,24528,0,0.000000e+00,0.000000e+00,401353.4,538707.6,19278.9,14.46,1.28
BER: SYNC #49 (gated)
CSV,1420010,142000,49,48,0,24590,0,0.000000e+00,0.000000e+00,405072.1,533527.4,17161.9,14.93,1.20
CSV,1425010,142500,49,48,0,24690,0,0.000000e+00,0.000000e+00,530623.4,417684.0,17978.5,14.70,1.04
CSV,1430010,143000,49,48,0,24790,0,0.000000e+00,0.000000e+00,431768.2,502642.3,20407.8,13.91,0.66
CSV,1435010,143500,49,48,0,24890,0,0.000000e+00,0.000000e+00,400048.0,536051.9,20237.7,14.23,1.27
CSV,1440010,144000,49,48,0,24990,0,0.000000e+00,0.000000e+00,417717.0,504282.9,17969.3,14.48,0.82
BER: END_SEQ #49 [LOCK] seq_err=0 BER_seq=0.0000e+00 | lock=49 slip=0 BER_cond=0.0000e+00 BER_cum=0.0000e+00
CSV,1445010,144500,49,49,0,25039,0,0.000000e+00,0.000000e+00,390801.2,560022.8,20639.2,14.34,1.56
BER: SYNC #50 (gated)
CSV,1450010,145000,50,49,0,25113,0,0.000000e+00,0.000000e+00,401219.9,537849.4,19378.9,14.43,1.27
CSV,1455010,145500,50,49,0,25213,0,0.000000e+00,0.000000e+00,498826.7,393167.4,18567.9,14.29,1.03
CSV,1460010,146000,50,49,0,25313,0,0.000000e+00,0.000000e+00,428857.9,466242.4,18474.5,14.02,0.36
CSV,1465010,146500,50,49,0,25413,0,0.000000e+00,0.000000e+00,366157.6,557148.3,19743.9,14.51,1.82
CSV,1470010,147000,50,49,0,25513,0,0.000000e+00,0.000000e+00,434597.1,485788.8,18528.3,14.19,0.48
BER: END_SEQ #50 [LOCK] seq_err=0 BER_seq=0.0000e+00 | lock=50 slip=0 BER_cond=0.0000e+00 BER_cum=0.0000e+00
CSV,1475010,147500,50,50,0,25550,0,0.000000e+00,0.000000e+00,373309.3,511882.3,18851.0,14.34,1.37
BER: SYNC #51 (gated)
CSV,1480010,148000,51,50,0,25635,0,0.000000e+00,0.000000e+00,395628.2,494283.1,20416.7,13.84,0.97
CSV,1485010,148500,51,50,0,25735,0,0.000000e+00,0.000000e+00,475486.0,423456.7,19163.1,13.95,0.50
CSV,1490010,149000,51,50,0,25835,0,0.000000e+00,0.000000e+00,424638.7,480443.2,21416.5,13.51,0.54
CSV,1495010,149500,51,50,0,25935,0,0.000000e+00,0.000000e+00,379077.0,503797.8,20415.4,13.92,1.24
CSV,1500010,150000,51,50,0,26035,0,0.000000e+00,0.000000e+00,399466.1,486189.8,19259.3,14.02,0.85
BER: END_SEQ #51 [LOCK] seq_err=0 BER_seq=0.0000e+00 | lock=51 slip=0 BER_cond=0.0000e+00 BER_cum=0.0000e+00

=========================================
=== END OF TEST (duration=25 min) ===
=========================================
FINAL: syncs=51 lock=51 slip=0 slip_rate=0.0000
FINAL: bits_cum=26061 err_cum=0 BER_cum=0.0000e+00
FINAL: bits_lock=26061 err_lock=0 BER_cond=0.0000e+00
=========================================
=== STOP LOGGING NOW ===
=========================================
