

=== RX BOOT - BER TEST MODE ===
MOD=OOK (20 kHz carrier, adaptive threshold)
BPS_MODE=20 (HALF_SAMPLES=2000, 10000 samples/bit @ 200000 Hz)
Expect: 64-bit preamble + Barker13 (1F35h, gated by 8 preamble bits = 0x55) + 511-bit PRBS-9
Noise floor band: 5000 Hz; lock threshold: BER<0.10
Auto-stop: test will halt 25 min after the first sync.
RX: edge-tracking sync, center-3 voting
Starting decoder...

CSV,5011,500,0,0,0,0,0,0.000000e+00,0.000000e+00,21180.9,6138037.0,59600.8,20.13,24.62
CSV,10011,1000,0,0,0,0,0,0.000000e+00,0.000000e+00,16993.3,9334054.0,43181.2,23.35,27.40
CSV,15011,1500,0,0,0,0,0,0.000000e+00,0.000000e+00,16170.4,11001706.0,48236.0,23.58,28.33
CSV,20011,2000,0,0,0,0,0,0.000000e+00,0.000000e+00,16476.1,11204714.0,50323.1,23.48,28.33
BER: SYNC #1 (gated)
CSV,25011,2500,1,0,0,11,0,0.000000e+00,0.000000e+00,15838.1,10498233.0,46349.1,23.55,28.21
CSV,30011,3000,1,0,0,111,0,0.000000e+00,0.000000e+00,16289.8,9748455.0,52881.1,22.66,27.77
CSV,35011,3500,1,0,0,211,0,0.000000e+00,0.000000e+00,16544.6,8397292.0,47952.5,22.43,27.05
CSV,40011,4000,1,0,0,311,0,0.000000e+00,0.000000e+00,15775.9,10539441.0,48988.1,23.33,28.25
CSV,45011,4500,1,0,0,411,0,0.000000e+00,0.000000e+00,14295.1,11074800.0,44903.9,23.92,28.89
BER: END_SEQ #1 [LOCK] seq_err=0 BER_seq=0.0000e+00 | lock=1 slip=0 BER_cond=0.0000e+00 BER_cum=0.0000e+00
CSV,50011,5000,1,1,0,511,0,0.000000e+00,0.000000e+00,12889.9,12471591.0,26112.6,26.79,29.86
BER: SYNC #2 (gated)
CSV,55011,5500,2,1,0,534,0,0.000000e+00,0.000000e+00,10831.6,12593487.0,25244.4,26.98,30.65
CSV,60011,6000,2,1,0,633,0,0.000000e+00,0.000000e+00,11010.4,10881798.0,24607.9,26.46,29.95
CSV,65011,6500,2,1,0,733,0,0.000000e+00,0.000000e+00,10722.6,10396378.0,23851.2,26.39,29.87
CSV,70011,7000,2,1,0,833,0,0.000000e+00,0.000000e+00,13143.5,10353702.0,35378.8,24.66,28.96
CSV,75011,7500,2,1,0,933,0,0.000000e+00,0.000000e+00,12123.0,10550614.0,34910.7,24.80,29.40
BER: END_SEQ #2 [LOCK] seq_err=0 BER_seq=0.0000e+00 | lock=2 slip=0 BER_cond=0.0000e+00 BER_cum=0.0000e+00
CSV,80011,8000,2,2,0,1022,0,0.000000e+00,0.000000e+00,12122.2,11454658.0,30763.9,25.71,29.75
BER: SYNC #3 (gated)
CSV,85011,8500,3,2,0,1056,0,0.000000e+00,0.000000e+00,10320.6,10397550.0,23395.3,26.48,30.03
CSV,90011,9000,3,2,0,1156,0,0.000000e+00,0.000000e+00,11122.1,9104918.0,26711.3,25.33,29.13
CSV,95011,9500,3,2,0,1256,0,0.000000e+00,0.000000e+00,11295.2,10168780.0,31102.5,25.14,29.54
CSV,100011,10000,3,2,0,1356,0,0.000000e+00,0.000000e+00,11365.8,10571620.0,26646.6,25.98,29.69
CSV,105011,10500,3,2,0,1456,0,0.000000e+00,0.000000e+00,11108.6,10163800.0,27296.6,25.71,29.61
BER: END_SEQ #3 [LOCK] seq_err=0 BER_seq=0.0000e+00 | lock=3 slip=0 BER_cond=0.0000e+00 BER_cum=0.0000e+00
CSV,110011,11000,3,3,0,1533,0,0.000000e+00,0.000000e+00,11768.0,10801025.0,25597.0,26.25,29.63
BER: SYNC #4 (gated)
CSV,115011,11500,4,3,0,1579,0,0.000000e+00,0.000000e+00,10183.6,10423011.0,23184.7,26.53,30.10
CSV,120011,12000,4,3,0,1679,0,0.000000e+00,0.000000e+00,11471.3,8824971.0,30397.2,24.63,28.86
CSV,125011,12500,4,3,0,1779,0,0.000000e+00,0.000000e+00,12775.6,10705679.0,29644.8,25.58,29.23
CSV,130011,13000,4,3,0,1879,0,0.000000e+00,0.000000e+00,12393.4,10149705.0,30792.5,25.18,29.13
CSV,135011,13500,4,3,0,1979,0,0.000000e+00,0.000000e+00,11368.4,10569093.0,30948.8,25.33,29.68
BER: END_SEQ #4 [LOCK] seq_err=0 BER_seq=0.0000e+00 | lock=4 slip=0 BER_cond=0.0000e+00 BER_cum=0.0000e+00
CSV,140011,14000,4,4,0,2044,0,0.000000e+00,0.000000e+00,12086.2,10587547.0,34058.4,24.93,29.43
BER: SYNC #5 (gated)
CSV,145011,14500,5,4,0,2102,0,0.000000e+00,0.000000e+00,12239.0,10594537.0,35537.9,24.74,29.37
CSV,150011,15000,5,4,0,2201,0,0.000000e+00,0.000000e+00,9958.8,8119893.5,27176.2,24.75,29.11
CSV,155011,15500,5,4,0,2301,0,0.000000e+00,0.000000e+00,12410.2,9950077.0,28849.6,25.38,29.04
CSV,160011,16000,5,4,0,2401,0,0.000000e+00,0.000000e+00,11748.0,11238602.0,32283.8,25.42,29.81
CSV,165011,16500,5,4,0,2501,0,0.000000e+00,0.000000e+00,13855.2,9815409.0,33454.3,24.67,28.50
BER: END_SEQ #5 [LOCK] seq_err=0 BER_seq=0.0000e+00 | lock=5 slip=0 BER_cond=0.0000e+00 BER_cum=0.0000e+00
CSV,170011,17000,5,5,0,2555,0,0.000000e+00,0.000000e+00,12896.5,10771270.0,31902.0,25.28,29.22
BER: SYNC #6 (gated)
CSV,175011,17500,6,5,0,2624,0,0.000000e+00,0.000000e+00,12261.5,10757448.0,30701.4,25.45,29.43
CSV,180011,18000,6,5,0,2724,0,0.000000e+00,0.000000e+00,21482.6,5814898.0,57699.2,20.03,24.32
CSV,185011,18500,6,5,0,2824,0,0.000000e+00,0.000000e+00,11585.9,9983429.0,30182.6,25.20,29.35
CSV,190011,19000,6,5,0,2924,0,0.000000e+00,0.000000e+00,10567.5,10887910.0,27964.2,25.90,30.13
CSV,195011,19500,6,5,0,3024,0,0.000000e+00,0.000000e+00,12460.5,9715256.0,26952.5,25.57,28.92
BER: END_SEQ #6 [LOCK] seq_err=0 BER_seq=0.0000e+00 | lock=6 slip=0 BER_cond=0.0000e+00 BER_cum=0.0000e+00
CSV,200011,20000,6,6,0,3066,0,0.000000e+00,0.000000e+00,10728.4,11301861.0,27656.3,26.11,30.23
BER: SYNC #7 (gated)
CSV,205011,20500,7,6,0,3147,0,0.000000e+00,0.000000e+00,13473.7,10094214.0,37294.5,24.32,28.75
CSV,210011,21000,7,6,0,3247,0,0.000000e+00,0.000000e+00,13334.9,8218004.0,35698.1,23.62,27.90
CSV,215011,21500,7,6,0,3347,0,0.000000e+00,0.000000e+00,12134.9,9092248.0,31466.0,24.61,28.75
CSV,220011,22000,7,6,0,3447,0,0.000000e+00,0.000000e+00,13209.5,11471743.0,34025.1,25.28,29.39
CSV,225011,22500,7,6,0,3547,0,0.000000e+00,0.000000e+00,10541.8,9915876.0,31267.4,25.01,29.73
BER: END_SEQ #7 [LOCK] seq_err=0 BER_seq=0.0000e+00 | lock=7 slip=0 BER_cond=0.0000e+00 BER_cum=0.0000e+00
CSV,230011,23000,7,7,0,3577,0,0.000000e+00,0.000000e+00,13167.1,11061643.0,32431.8,25.33,29.24
BER: SYNC #8 (gated)
CSV,235011,23500,8,7,0,3670,0,0.000000e+00,0.000000e+00,13588.0,9890071.0,31931.2,24.91,28.62
CSV,240011,24000,8,7,0,3770,0,0.000000e+00,0.000000e+00,12755.2,8110493.5,29396.5,24.41,28.03
CSV,245011,24500,8,7,0,3869,0,0.000000e+00,0.000000e+00,12915.0,10276687.0,30071.8,25.34,29.01
CSV,250011,25000,8,7,0,3970,0,0.000000e+00,0.000000e+00,16606.7,9906820.0,41722.1,23.76,27.76
CSV,255011,25500,8,7,0,4070,0,0.000000e+00,0.000000e+00,15485.7,9812659.0,40983.3,23.79,28.02
BER: END_SEQ #8 [LOCK] seq_err=0 BER_seq=0.0000e+00 | lock=8 slip=0 BER_cond=0.0000e+00 BER_cum=0.0000e+00
BER: SYNC #9 (gated)
CSV,260011,26000,9,8,0,4092,0,0.000000e+00,0.000000e+00,14626.3,10538945.0,45165.7,23.68,28.58
CSV,265011,26500,9,8,0,4192,0,0.000000e+00,0.000000e+00,13522.7,10876607.0,33397.8,25.13,29.05
CSV,270011,27000,9,8,0,4292,0,0.000000e+00,0.000000e+00,12618.4,7591241.0,37661.5,23.04,27.79
CSV,275011,27500,9,8,0,4392,0,0.000000e+00,0.000000e+00,15986.4,9857416.0,40378.7,23.88,27.90
CSV,280011,28000,9,8,0,4492,0,0.000000e+00,0.000000e+00,13717.6,10478328.0,34219.9,24.86,28.83
CSV,285011,28500,9,8,0,4592,0,0.000000e+00,0.000000e+00,13353.8,10269847.0,42373.8,23.84,28.86
BER: END_SEQ #9 [LOCK] seq_err=0 BER_seq=0.0000e+00 | lock=9 slip=0 BER_cond=0.0000e+00 BER_cum=0.0000e+00
BER: SYNC #10 (gated)
CSV,290011,29000,10,9,0,4615,0,0.000000e+00,0.000000e+00,14710.2,11174244.0,42599.5,24.19,28.81
CSV,295011,29500,10,9,0,4715,0,0.000000e+00,0.000000e+00,13278.4,9607364.0,37750.1,24.06,28.59
CSV,300011,30000,10,9,0,4815,0,0.000000e+00,0.000000e+00,11455.0,8713576.0,28185.0,24.90,28.81
CSV,305011,30500,10,9,0,4915,0,0.000000e+00,0.000000e+00,11285.4,10182572.0,25278.3,26.05,29.55
CSV,310011,31000,10,9,0,5015,0,0.000000e+00,0.000000e+00,11360.9,10789281.0,23844.4,26.56,29.78
BER: END_SEQ #10 [LOCK] seq_err=0 BER_seq=0.0000e+00 | lock=10 slip=0 BER_cond=0.0000e+00 BER_cum=0.0000e+00
CSV,315011,31500,10,10,0,5110,0,0.000000e+00,0.000000e+00,9982.8,11296739.0,23020.1,26.91,30.54
BER: SYNC #11 (gated)
CSV,320011,32000,11,10,0,5138,0,0.000000e+00,0.000000e+00,11123.3,10730253.0,23647.4,26.57,29.84
CSV,325011,32500,11,10,0,5238,0,0.000000e+00,0.000000e+00,10091.3,9044191.0,23185.7,25.91,29.52
CSV,330011,33000,11,10,0,5338,0,0.000000e+00,0.000000e+00,9908.5,9788372.0,24155.1,26.08,29.95
CSV,335011,33500,11,10,0,5438,0,0.000000e+00,0.000000e+00,16598.2,8551415.0,43430.7,22.94,27.12
CSV,340011,34000,11,10,0,5538,0,0.000000e+00,0.000000e+00,19187.8,8208518.0,51296.0,22.04,26.31
BER: END_SEQ #11 [LOCK] seq_err=0 BER_seq=0.0000e+00 | lock=11 slip=0 BER_cond=0.0000e+00 BER_cum=0.0000e+00
CSV,345011,34500,11,11,0,5621,0,0.000000e+00,0.000000e+00,14245.8,10592705.0,39981.1,24.23,28.71
BER: SYNC #12 (gated)
CSV,350011,35000,12,11,0,5661,0,0.000000e+00,0.000000e+00,15575.8,9954728.0,40471.7,23.91,28.06
CSV,355011,35500,12,11,0,5761,0,0.000000e+00,0.000000e+00,19010.9,6272365.5,46310.1,21.32,25.18
CSV,360011,36000,12,11,0,5860,0,0.000000e+00,0.000000e+00,10932.4,10128468.0,25993.2,25.91,29.67
CSV,365011,36500,12,11,0,5960,0,0.000000e+00,0.000000e+00,10436.5,10173194.0,24404.9,26.20,29.89
CSV,370011,37000,12,11,0,6060,0,0.000000e+00,0.000000e+00,14046.2,10860717.0,31933.9,25.32,28.88
BER: END_SEQ #12 [LOCK] seq_err=0 BER_seq=0.0000e+00 | lock=12 slip=0 BER_cond=0.0000e+00 BER_cum=0.0000e+00
CSV,375011,37500,12,12,0,6132,0,0.000000e+00,0.000000e+00,12862.0,10440324.0,32708.0,25.04,29.09
BER: SYNC #13 (gated)
CSV,380011,38000,13,12,0,6183,0,0.000000e+00,0.000000e+00,12826.3,10020299.0,27903.7,25.55,28.93
CSV,385011,38500,13,12,0,6283,0,0.000000e+00,0.000000e+00,11684.7,8543386.0,27397.8,24.94,28.64
CSV,390011,39000,13,12,0,6383,0,0.000000e+00,0.000000e+00,9811.3,11022147.0,22354.3,26.93,30.51
CSV,395011,39500,13,12,0,6483,0,0.000000e+00,0.000000e+00,18390.6,7709741.5,49471.3,21.93,26.22
CSV,400011,40000,13,12,0,6583,0,0.000000e+00,0.000000e+00,18273.6,8064533.5,51187.1,21.97,26.45
BER: END_SEQ #13 [LOCK] seq_err=0 BER_seq=0.0000e+00 | lock=13 slip=0 BER_cond=0.0000e+00 BER_cum=0.0000e+00
CSV,405011,40500,13,13,0,6643,0,0.000000e+00,0.000000e+00,11425.5,10862752.0,27605.6,25.95,29.78
BER: SYNC #14 (gated)
CSV,410011,41000,14,13,0,6706,0,0.000000e+00,0.000000e+00,10691.8,10795999.0,27050.9,26.01,30.04
CSV,415011,41500,14,13,0,6806,0,0.000000e+00,0.000000e+00,11131.9,7874104.5,32526.1,23.84,28.50
CSV,420011,42000,14,13,0,6906,0,0.000000e+00,0.000000e+00,10680.7,10081039.0,29469.6,25.34,29.75
CSV,425011,42500,14,13,0,7006,0,0.000000e+00,0.000000e+00,11910.7,10890384.0,31934.7,25.33,29.61
CSV,430011,43000,14,13,0,7106,0,0.000000e+00,0.000000e+00,11063.8,10259359.0,29509.3,25.41,29.67
BER: END_SEQ #14 [LOCK] seq_err=0 BER_seq=0.0000e+00 | lock=14 slip=0 BER_cond=0.0000e+00 BER_cum=0.0000e+00
CSV,435011,43500,14,14,0,7154,0,0.000000e+00,0.000000e+00,10753.8,10890368.0,30720.3,25.50,30.05
BER: SYNC #15 (gated)
CSV,440011,44000,15,14,0,7229,0,0.000000e+00,0.000000e+00,11091.3,10486778.0,31880.0,25.17,29.76
CSV,445011,44500,15,14,0,7329,0,0.000000e+00,0.000000e+00,11476.3,8037707.0,31629.7,24.05,28.45
CSV,450011,45000,15,14,0,7429,0,0.000000e+00,0.000000e+00,10864.1,9969655.0,28280.0,25.47,29.63
CSV,455011,45500,15,14,0,7529,0,0.000000e+00,0.000000e+00,10409.9,11557546.0,26314.8,26.43,30.45
CSV,460011,46000,15,14,0,7628,0,0.000000e+00,0.000000e+00,12801.9,9518937.0,33730.2,24.51,28.71
BER: END_SEQ #15 [LOCK] seq_err=0 BER_seq=0.0000e+00 | lock=15 slip=0 BER_cond=0.0000e+00 BER_cum=0.0000e+00
CSV,465011,46500,15,15,0,7665,0,0.000000e+00,0.000000e+00,13411.1,10742493.0,30583.4,25.46,29.04
BER: SYNC #16 (gated)
CSV,470011,47000,16,15,0,7751,0,0.000000e+00,0.000000e+00,11183.6,10526888.0,31357.0,25.26,29.74
CSV,475011,47500,16,15,0,7851,0,0.000000e+00,0.000000e+00,16255.0,8421753.0,33871.3,23.96,27.14
CSV,480011,48000,16,15,0,7951,0,0.000000e+00,0.000000e+00,13015.8,9932142.0,37144.0,24.27,28.83
CSV,485011,48500,16,15,0,8051,0,0.000000e+00,0.000000e+00,14080.2,9904678.0,39174.6,24.03,28.47
CSV,490011,49000,16,15,0,8151,0,0.000000e+00,0.000000e+00,16211.9,10054644.0,50476.5,22.99,27.93
BER: END_SEQ #16 [LOCK] seq_err=0 BER_seq=0.0000e+00 | lock=16 slip=0 BER_cond=0.0000e+00 BER_cum=0.0000e+00
CSV,495011,49500,16,16,0,8176,0,0.000000e+00,0.000000e+00,22256.8,9175570.0,95405.7,19.83,26.15
BER: SYNC #17 (gated)
CSV,500011,50000,17,16,0,8274,0,0.000000e+00,0.000000e+00,30130.3,7762869.0,125302.5,17.92,24.11
CSV,505011,50500,17,16,0,8374,0,0.000000e+00,0.000000e+00,28947.5,4061124.5,111693.3,15.61,21.47
CSV,510011,51000,17,16,0,8474,0,0.000000e+00,0.000000e+00,31590.7,5059085.0,86850.6,17.65,22.05
CSV,515011,51500,17,16,0,8574,0,0.000000e+00,0.000000e+00,22212.7,7473730.0,70019.7,20.28,25.27
CSV,520011,52000,17,16,0,8674,0,0.000000e+00,0.000000e+00,13922.5,10645635.0,32348.2,25.17,28.83
BER: END_SEQ #17 [LOCK] seq_err=0 BER_seq=0.0000e+00 | lock=17 slip=0 BER_cond=0.0000e+00 BER_cum=0.0000e+00
BER: SYNC #18 (gated)
CSV,525011,52500,18,17,0,8697,0,0.000000e+00,0.000000e+00,22327.5,6834013.5,67588.2,20.05,24.86
CSV,530011,53000,18,17,0,8797,0,0.000000e+00,0.000000e+00,25516.2,4879901.5,76623.9,18.04,22.82
CSV,535011,53500,18,17,0,8897,0,0.000000e+00,0.000000e+00,30559.8,4233073.5,80670.4,17.20,21.42
CSV,540011,54000,18,17,0,8996,16,1.778568e-03,0.000000e+00,27202.9,4662511.5,74100.0,17.99,22.34
CSV,545011,54500,18,17,0,9096,71,7.805629e-03,0.000000e+00,28449.4,5441807.0,83151.7,18.16,22.82
CSV,550011,55000,18,17,0,9196,115,1.250544e-02,0.000000e+00,29371.7,5066097.5,86484.3,17.68,22.37
BER: END_SEQ #18 [SLIP] seq_err=116 BER_seq=2.2701e-01 | lock=17 slip=1 BER_cond=0.0000e+00 BER_cum=1.2611e-02
BER: SYNC #19 (gated)
CSV,555011,55500,19,17,1,9220,116,1.258134e-02,0.000000e+00,24669.9,5058435.5,77881.0,18.13,23.12
CSV,560011,56000,19,17,1,9319,116,1.244769e-02,0.000000e+00,24081.5,4455785.0,76669.5,17.64,22.67
CSV,565011,56500,19,17,1,9419,116,1.231553e-02,0.000000e+00,27441.8,4098111.5,85049.3,16.83,21.74
CSV,570011,57000,19,17,1,9519,116,1.218615e-02,0.000000e+00,25197.8,4814059.0,80838.5,17.75,22.81
CSV,575011,57500,19,17,1,9619,116,1.205947e-02,0.000000e+00,22421.1,4933465.0,76244.0,18.11,23.42
BER: END_SEQ #19 [LOCK] seq_err=0 BER_seq=0.0000e+00 | lock=18 slip=1 BER_cond=0.0000e+00 BER_cum=1.1948e-02
CSV,580011,58000,19,18,1,9709,116,1.194768e-02,0.000000e+00,22608.2,5279855.5,72000.1,18.65,23.68
BER: SYNC #20 (gated)
CSV,585011,58500,20,18,1,9742,116,1.190721e-02,0.000000e+00,27547.7,4749481.5,77061.3,17.90,22.37
CSV,590011,59000,20,18,1,9842,116,1.178622e-02,0.000000e+00,24003.7,4123957.5,76030.1,17.34,22.35
CSV,595011,59500,20,18,1,9942,116,1.166767e-02,0.000000e+00,24429.3,4842102.5,81183.6,17.76,22.97
CSV,600011,60000,20,18,1,10042,116,1.155148e-02,0.000000e+00,24936.7,4799012.5,79374.8,17.81,22.84
CSV,605011,60500,20,18,1,10142,116,1.143759e-02,0.000000e+00,24570.0,4563855.5,79685.9,17.58,22.69
BER: END_SEQ #20 [LOCK] seq_err=0 BER_seq=0.0000e+00 | lock=19 slip=1 BER_cond=0.0000e+00 BER_cum=1.1350e-02
CSV,610011,61000,20,19,1,10220,116,1.135029e-02,0.000000e+00,26803.1,5146085.0,78802.3,18.15,22.83
BER: SYNC #21 (gated)
CSV,615011,61500,21,19,1,10265,116,1.130054e-02,0.000000e+00,30357.6,4887553.5,80121.5,17.85,22.07
CSV,620011,62000,21,19,1,10365,116,1.119151e-02,0.000000e+00,26679.6,4049654.0,71182.8,17.55,21.81
CSV,625011,62500,21,19,1,10465,116,1.108457e-02,0.000000e+00,24031.8,4816464.0,72236.3,18.24,23.02
CSV,630011,63000,21,19,1,10565,116,1.097965e-02,0.000000e+00,25854.1,4780332.5,71687.3,18.24,22.67
CSV,635011,63500,21,19,1,10665,116,1.087670e-02,0.000000e+00,27646.8,5039052.0,72252.1,18.43,22.61
BER: END_SEQ #21 [LOCK] seq_err=0 BER_seq=0.0000e+00 | lock=20 slip=1 BER_cond=0.0000e+00 BER_cum=1.0810e-02
CSV,640011,64000,21,20,1,10731,116,1.080980e-02,0.000000e+00,25647.1,4939245.5,73535.9,18.27,22.85
BER: SYNC #22 (gated)
CSV,645011,64500,22,20,1,10788,116,1.075269e-02,0.000000e+00,26609.6,4766837.0,78749.6,17.82,22.53
CSV,650011,65000,22,20,1,10888,116,1.065393e-02,0.000000e+00,25295.1,3869442.0,81669.5,16.76,21.85
CSV,655011,65500,22,20,1,10988,116,1.055697e-02,0.000000e+00,25814.1,4693711.0,77707.4,17.81,22.60
CSV,660011,66000,22,20,1,11087,116,1.046270e-02,0.000000e+00,25709.0,5204557.5,69572.3,18.74,23.06
CSV,665011,66500,22,20,1,11187,116,1.036918e-02,0.000000e+00,26085.5,4387918.0,83821.2,17.19,22.26
BER: END_SEQ #22 [LOCK] seq_err=0 BER_seq=0.0000e+00 | lock=21 slip=1 BER_cond=0.0000e+00 BER_cum=1.0318e-02
CSV,670011,67000,22,21,1,11242,116,1.031845e-02,0.000000e+00,25241.7,5223092.5,75274.3,18.41,23.16
BER: SYNC #23 (gated)
CSV,675011,67500,23,21,1,11310,116,1.025641e-02,0.000000e+00,26532.3,5047997.0,79915.3,18.00,22.79
CSV,680011,68000,23,21,1,11410,116,1.016652e-02,0.000000e+00,24786.7,3779500.0,81263.0,16.68,21.83
CSV,685011,68500,23,21,1,11510,116,1.007819e-02,0.000000e+00,23539.6,4540552.5,74963.8,17.82,22.85
CSV,690011,69000,23,21,1,11610,116,9.991387e-03,0.000000e+00,26216.5,5024999.0,85402.8,17.70,22.83
CSV,695011,69500,23,21,1,11710,116,9.906063e-03,0.000000e+00,25137.0,4592665.5,74761.6,17.88,22.62
BER: END_SEQ #23 [LOCK] seq_err=0 BER_seq=0.0000e+00 | lock=22 slip=1 BER_cond=0.0000e+00 BER_cum=9.8698e-03
CSV,700011,70000,23,22,1,11753,116,9.869820e-03,0.000000e+00,26014.7,5312467.0,74261.7,18.55,23.10
BER: SYNC #24 (gated)
CSV,705011,70500,24,22,1,11833,116,9.803093e-03,0.000000e+00,25024.4,4920960.5,75858.1,18.12,22.94
CSV,710011,71000,24,22,1,11933,116,9.720942e-03,0.000000e+00,26439.9,3893832.8,77840.1,16.99,21.68
CSV,715011,71500,24,22,1,12033,116,9.640156e-03,0.000000e+00,26116.3,4371497.0,76418.1,17.57,22.24
CSV,720011,72000,24,22,1,12133,116,9.560702e-03,0.000000e+00,23259.0,5391724.0,81060.8,18.23,23.65
CSV,725011,72500,24,22,1,12233,116,9.482548e-03,0.000000e+00,27388.9,4555170.0,74574.7,17.86,22.21
BER: END_SEQ #24 [LOCK] seq_err=0 BER_seq=0.0000e+00 | lock=23 slip=1 BER_cond=0.0000e+00 BER_cum=9.4586e-03
CSV,730011,73000,24,23,1,12264,116,9.458578e-03,0.000000e+00,24703.6,5017578.0,73507.1,18.34,23.08
BER: SYNC #25 (gated)
CSV,735011,73500,25,23,1,12356,116,9.388152e-03,0.000000e+00,25178.2,4672357.0,69579.6,18.27,22.69
CSV,740011,74000,25,23,1,12456,116,9.312781e-03,0.000000e+00,27346.9,3957112.8,77588.2,17.08,21.60
CSV,745011,74500,25,23,1,12556,116,9.238611e-03,0.000000e+00,24850.8,4857089.0,76463.1,18.03,22.91
CSV,750011,75000,25,23,1,12656,116,9.165613e-03,0.000000e+00,26233.8,4770753.0,81379.6,17.68,22.60
CSV,755011,75500,25,23,1,12756,116,9.093760e-03,0.000000e+00,27453.7,4763221.0,78778.8,17.81,22.39
BER: END_SEQ #25 [LOCK] seq_err=0 BER_seq=0.0000e+00 | lock=24 slip=1 BER_cond=0.0000e+00 BER_cum=9.0802e-03
BER: SYNC #26 (gated)
CSV,760011,76000,26,24,1,12779,116,9.077393e-03,0.000000e+00,27033.4,5220769.5,71421.7,18.64,22.86
CSV,765011,76500,26,24,1,12879,116,9.006910e-03,0.000000e+00,24329.8,4953748.5,73686.4,18.28,23.09
CSV,770011,77000,26,24,1,12978,116,8.938204e-03,0.000000e+00,27840.2,3594277.5,79213.8,16.57,21.11
CSV,775011,77500,26,24,1,13078,116,8.869858e-03,0.000000e+00,26711.7,4840413.0,82896.6,17.66,22.58
CSV,780011,78000,26,24,1,13178,116,8.802550e-03,0.000000e+00,25997.7,5079314.0,71455.3,18.52,22.91
CSV,785011,78500,26,24,1,13278,116,8.736256e-03,0.000000e+00,23609.6,5008225.0,76365.5,18.17,23.27
BER: END_SEQ #26 [LOCK] seq_err=0 BER_seq=0.0000e+00 | lock=25 slip=1 BER_cond=0.0000e+00 BER_cum=8.7310e-03
BER: SYNC #27 (gated)
CSV,790011,79000,27,25,1,13301,116,8.721149e-03,0.000000e+00,27422.0,5238983.0,78470.1,18.25,22.81
CSV,795011,79500,27,25,1,13401,116,8.656071e-03,0.000000e+00,25621.0,4378424.5,75170.5,17.65,22.33
CSV,800011,80000,27,25,1,13501,116,8.591956e-03,0.000000e+00,28907.8,4135211.0,81321.9,17.06,21.55
CSV,805011,80500,27,25,1,13601,116,8.528785e-03,0.000000e+00,29236.1,4685413.0,81060.9,17.62,22.05
CSV,810011,81000,27,25,1,13701,116,8.466535e-03,0.000000e+00,26236.4,4898752.0,80138.5,17.86,22.71
BER: END_SEQ #27 [LOCK] seq_err=0 BER_seq=0.0000e+00 | lock=26 slip=1 BER_cond=0.0000e+00 BER_cum=8.4076e-03
CSV,815011,81500,27,26,1,13797,116,8.407624e-03,0.000000e+00,34255.3,5579631.5,128489.6,16.38,22.12
BER: SYNC #28 (gated)
CSV,820011,82000,28,26,1,13824,116,8.391203e-03,0.000000e+00,60359.6,5998933.5,258026.6,13.66,19.97
CSV,825011,82500,28,26,1,13924,116,8.330939e-03,0.000000e+00,52678.6,4695139.0,175941.0,14.26,19.50
CSV,830011,83000,28,26,1,14024,116,8.271535e-03,0.000000e+00,27148.5,4407055.5,78006.7,17.52,22.10
CSV,835011,83500,28,26,1,14124,116,8.212971e-03,0.000000e+00,26102.1,4929681.0,78729.0,17.97,22.76
CSV,840011,84000,28,26,1,14224,116,8.155230e-03,0.000000e+00,28142.7,4954806.0,79830.7,17.93,22.46
BER: END_SEQ #28 [LOCK] seq_err=0 BER_seq=0.0000e+00 | lock=27 slip=1 BER_cond=0.0000e+00 BER_cum=8.1074e-03
CSV,845011,84500,28,27,1,14308,116,8.107352e-03,0.000000e+00,28002.0,5239296.0,86208.5,17.84,22.72
BER: SYNC #29 (gated)
CSV,850011,85000,29,27,1,14347,116,8.085314e-03,0.000000e+00,27997.5,4794863.5,79347.9,17.81,22.34
CSV,855011,85500,29,27,1,14447,116,8.029348e-03,0.000000e+00,26186.0,4029504.2,73187.9,17.41,21.87
CSV,860011,86000,29,27,1,14547,116,7.974152e-03,0.000000e+00,29850.1,4903673.0,81213.3,17.81,22.16
CSV,865011,86500,29,27,1,14646,116,7.920251e-03,0.000000e+00,25826.9,4765744.5,71972.4,18.21,22.66
CSV,870011,87000,29,27,1,14746,116,7.866540e-03,0.000000e+00,27389.6,5040365.5,73006.0,18.39,22.65
BER: END_SEQ #29 [LOCK] seq_err=0 BER_seq=0.0000e+00 | lock=28 slip=1 BER_cond=0.0000e+00 BER_cum=7.8278e-03
CSV,875011,87500,29,28,1,14819,116,7.827789e-03,0.000000e+00,25923.1,5136401.0,75495.6,18.33,22.97
BER: SYNC #30 (gated)
CSV,880011,88000,30,28,1,14869,116,7.801466e-03,0.000000e+00,26423.8,4833139.0,76578.1,18.00,22.62
CSV,885011,88500,30,28,1,14969,116,7.749349e-03,0.000000e+00,25445.8,4169841.5,73659.6,17.53,22.15
CSV,890011,89000,30,28,1,15069,116,7.697923e-03,0.000000e+00,29574.0,4957383.5,75031.1,18.20,22.24
CSV,895011,89500,30,28,1,15169,116,7.647175e-03,0.000000e+00,27800.6,4790615.5,76825.6,17.95,22.36
CSV,900011,90000,30,28,1,15269,116,7.597092e-03,0.000000e+00,27845.5,4832308.0,79604.7,17.83,22.39
BER: END_SEQ #30 [LOCK] seq_err=0 BER_seq=0.0000e+00 | lock=29 slip=1 BER_cond=0.0000e+00 BER_cum=7.5669e-03
CSV,905011,90500,30,29,1,15330,116,7.566862e-03,0.000000e+00,28894.8,4942484.0,73724.3,18.26,22.33
BER: SYNC #31 (gated)
CSV,910011,91000,31,29,1,15392,116,7.536382e-03,0.000000e+00,27531.0,4909239.0,76723.0,18.06,22.51
CSV,915011,91500,31,29,1,15492,116,7.487736e-03,0.000000e+00,28859.3,3736942.5,74260.0,17.02,21.12
CSV,920011,92000,31,29,1,15592,116,7.439713e-03,0.000000e+00,29469.1,4623084.5,77033.1,17.78,21.96
CSV,925011,92500,31,29,1,15692,116,7.392302e-03,0.000000e+00,22940.7,5068586.0,74267.5,18.34,23.44
CSV,930011,93000,31,29,1,15792,116,7.345492e-03,0.000000e+00,26816.3,4691815.0,76944.7,17.85,22.43
BER: END_SEQ #31 [LOCK] seq_err=0 BER_seq=0.0000e+00 | lock=30 slip=1 BER_cond=0.0000e+00 BER_cum=7.3228e-03
CSV,935011,93500,31,30,1,15841,116,7.322770e-03,0.000000e+00,26276.3,4902902.0,78037.6,17.98,22.71
BER: SYNC #32 (gated)
CSV,940011,94000,32,30,1,15915,116,7.288721e-03,0.000000e+00,22905.5,4989923.0,62447.2,19.03,23.38
CSV,945011,94500,32,30,1,16015,116,7.243210e-03,0.000000e+00,25617.6,3851296.8,88984.4,16.36,21.77
CSV,950011,95000,32,30,1,16115,116,7.198262e-03,0.000000e+00,27150.7,4461622.5,75762.2,17.70,22.16
CSV,955011,95500,32,30,1,16215,116,7.153870e-03,0.000000e+00,27082.1,5267230.0,80328.6,18.17,22.89
CSV,960011,96000,32,30,1,16315,116,7.110022e-03,0.000000e+00,26225.6,4529273.5,78170.8,17.63,22.37
BER: END_SEQ #32 [LOCK] seq_err=0 BER_seq=0.0000e+00 | lock=31 slip=1 BER_cond=0.0000e+00 BER_cum=7.0939e-03
CSV,965011,96500,32,31,1,16352,116,7.093933e-03,0.000000e+00,27921.9,5131478.5,79048.4,18.12,22.64
BER: SYNC #33 (gated)
CSV,970011,97000,33,31,1,16438,116,7.056820e-03,0.000000e+00,24069.2,4876743.0,68594.7,18.52,23.07
CSV,975011,97500,33,31,1,16537,116,7.014574e-03,0.000000e+00,11420.5,8420324.0,30589.6,24.40,28.68
CSV,980011,98000,33,31,1,16638,116,6.971992e-03,0.000000e+00,9280.5,10678747.0,25749.7,26.18,30.61
CSV,985011,98500,33,31,1,16737,116,6.930752e-03,0.000000e+00,8768.0,11627780.0,25974.0,26.51,31.23
CSV,990011,99000,33,31,1,16837,116,6.889588e-03,0.000000e+00,9182.4,11127633.0,21510.4,27.14,30.83
BER: END_SEQ #33 [LOCK] seq_err=0 BER_seq=0.0000e+00 | lock=32 slip=1 BER_cond=0.0000e+00 BER_cum=6.8790e-03
CSV,995011,99500,33,32,1,16863,116,6.878966e-03,0.000000e+00,9732.9,11945232.0,21324.2,27.48,30.89
BER: SYNC #34 (gated)
CSV,1000011,100000,34,32,1,16960,116,6.839623e-03,0.000000e+00,8699.1,10908942.0,21102.3,27.13,30.98
CSV,1005011,100500,34,32,1,17060,116,6.799531e-03,0.000000e+00,9115.6,8737074.0,23132.1,25.77,29.82
CSV,1010011,101000,34,32,1,17160,116,6.759907e-03,0.000000e+00,20993.9,6579149.5,72025.9,19.61,24.96
CSV,1015011,101500,34,32,1,17260,116,6.720742e-03,0.000000e+00,25110.9,4956316.0,71715.0,18.40,22.95
CSV,1020011,102000,34,32,1,17360,116,6.682028e-03,0.000000e+00,24089.4,5125102.5,73092.8,18.46,23.28
BER: END_SEQ #34 [LOCK] seq_err=0 BER_seq=0.0000e+00 | lock=33 slip=1 BER_cond=0.0000e+00 BER_cum=6.6766e-03
BER: SYNC #35 (gated)
CSV,1025011,102500,35,33,1,17383,116,6.673187e-03,0.000000e+00,27594.0,5235086.0,76443.8,18.36,22.78
CSV,1030011,103000,35,33,1,17483,116,6.635017e-03,0.000000e+00,26463.3,5040170.5,67789.3,18.71,22.80
CSV,1035011,103500,35,33,1,17583,116,6.597281e-03,0.000000e+00,24855.3,4036889.0,86177.9,16.71,22.11
CSV,1040011,104000,35,33,1,17683,116,6.559973e-03,0.000000e+00,24683.4,4840233.5,75887.9,18.05,22.92
CSV,1045011,104500,35,33,1,17783,116,6.523084e-03,0.000000e+00,24423.8,5132035.5,71393.6,18.57,23.22
CSV,1050011,105000,35,33,1,17883,116,6.486607e-03,0.000000e+00,24437.1,5155962.5,77911.2,18.21,23.24
BER: END_SEQ #35 [LOCK] seq_err=0 BER_seq=0.0000e+00 | lock=34 slip=1 BER_cond=0.0000e+00 BER_cum=6.4859e-03
BER: SYNC #36 (gated)
CSV,1055011,105500,36,34,1,17906,116,6.478276e-03,0.000000e+00,25931.8,5058015.0,77722.3,18.13,22.90
CSV,1060011,106000,36,34,1,18006,116,6.442297e-03,0.000000e+00,25479.5,4563026.0,72661.3,17.98,22.53
CSV,1065011,106500,36,34,1,18106,116,6.406716e-03,0.000000e+00,25713.3,4147791.8,68398.1,17.83,22.08
CSV,1070011,107000,36,34,1,18206,116,6.371526e-03,0.000000e+00,25200.6,5138169.0,70271.3,18.64,23.09
CSV,1075011,107500,36,34,1,18305,116,6.337066e-03,0.000000e+00,27058.4,4921677.0,76389.9,18.09,22.60
BER: END_SEQ #36 [LOCK] seq_err=0 BER_seq=0.0000e+00 | lock=35 slip=1 BER_cond=0.0000e+00 BER_cum=6.3057e-03
CSV,1080011,108000,36,35,1,18396,116,6.305719e-03,0.000000e+00,23800.4,5104482.5,78652.9,18.12,23.31
BER: SYNC #37 (gated)
CSV,1085011,108500,37,35,1,18428,116,6.294769e-03,0.000000e+00,27020.4,4991412.0,73401.5,18.33,22.67
CSV,1090011,109000,37,35,1,18528,116,6.260795e-03,0.000000e+00,26576.2,5219691.0,68976.7,18.79,22.93
CSV,1095011,109500,37,35,1,18628,116,6.227185e-03,0.000000e+00,26533.9,4986615.0,80320.0,17.93,22.74
CSV,1100011,110000,37,35,1,18728,116,6.193934e-03,0.000000e+00,24079.5,4909751.5,79097.5,17.93,23.09
CSV,1105011,110500,37,35,1,18828,116,6.161037e-03,0.000000e+00,28438.7,4639085.0,78408.7,17.72,22.13
BER: END_SEQ #37 [LOCK] seq_err=0 BER_seq=0.0000e+00 | lock=36 slip=1 BER_cond=0.0000e+00 BER_cum=6.1353e-03
CSV,1110011,111000,37,36,1,18907,116,6.135294e-03,0.000000e+00,24232.1,5508292.0,72817.7,18.79,23.57
BER: SYNC #38 (gated)
CSV,1115011,111500,38,36,1,18951,116,6.121049e-03,0.000000e+00,26355.6,5012779.5,73047.4,18.36,22.79
CSV,1120011,112000,38,36,1,19051,116,6.088919e-03,0.000000e+00,66481.9,4624814.0,171593.7,14.31,18.42
CSV,1125011,112500,38,36,1,19151,116,6.057125e-03,0.000000e+00,100994.1,6282349.5,421965.6,11.73,17.94
CSV,1130011,113000,38,36,1,19251,116,6.025661e-03,0.000000e+00,52718.4,5906157.0,266731.1,13.45,20.49
CSV,1135011,113500,38,36,1,19351,116,5.994522e-03,0.000000e+00,25776.1,5262093.5,76413.2,18.38,23.10
BER: END_SEQ #38 [LOCK] seq_err=0 BER_seq=0.0000e+00 | lock=37 slip=1 BER_cond=0.0000e+00 BER_cum=5.9738e-03
CSV,1140011,114000,38,37,1,19418,116,5.973839e-03,0.000000e+00,25578.1,4974869.0,72522.9,18.36,22.89
BER: SYNC #39 (gated)
CSV,1145011,114500,39,37,1,19474,116,5.956660e-03,0.000000e+00,25314.2,4945162.0,81277.0,17.84,22.91
CSV,1150011,115000,39,37,1,19574,116,5.926229e-03,0.000000e+00,27490.0,4035981.2,86028.0,16.71,21.67
CSV,1155011,115500,39,37,1,19674,116,5.896106e-03,0.000000e+00,26130.2,4924040.0,78110.2,18.00,22.75
CSV,1160011,116000,39,37,1,19774,116,5.866289e-03,0.000000e+00,26057.7,5231429.0,71667.0,18.63,23.03
CSV,1165011,116500,39,37,1,19874,116,5.836772e-03,0.000000e+00,25116.8,4553880.0,79423.3,17.58,22.58
BER: END_SEQ #39 [LOCK] seq_err=0 BER_seq=0.0000e+00 | lock=38 slip=1 BER_cond=0.0000e+00 BER_cum=5.8207e-03
CSV,1170011,117000,39,38,1,19929,116,5.820663e-03,0.000000e+00,24646.6,5894697.5,82317.3,18.55,23.79
BER: SYNC #40 (gated)
CSV,1175011,117500,40,38,1,19997,116,5.800870e-03,0.000000e+00,20911.3,8867333.0,59800.7,21.71,26.27
CSV,1180011,118000,40,38,1,20097,116,5.772006e-03,0.000000e+00,25664.4,5427958.0,86856.1,17.96,23.25
CSV,1185011,118500,40,38,1,20196,116,5.743712e-03,0.000000e+00,25107.5,4742374.0,78927.2,17.79,22.76
CSV,1190011,119000,40,38,1,20296,116,5.715412e-03,0.000000e+00,26686.1,5202223.5,78846.6,18.19,22.90
CSV,1195011,119500,40,38,1,20396,116,5.687390e-03,0.000000e+00,23639.3,5313990.0,70512.2,18.77,23.52
BER: END_SEQ #40 [LOCK] seq_err=0 BER_seq=0.0000e+00 | lock=39 slip=1 BER_cond=0.0000e+00 BER_cum=5.6751e-03
CSV,1200011,120000,40,39,1,20440,116,5.675147e-03,0.000000e+00,19955.2,6848371.0,55821.8,20.89,25.36
BER: SYNC #41 (gated)
CSV,1205011,120500,41,39,1,20519,116,5.653297e-03,0.000000e+00,9513.5,10281466.0,22204.6,26.66,30.34
CSV,1210011,121000,41,39,1,20619,116,5.625879e-03,0.000000e+00,9865.1,8113429.0,26460.3,24.87,29.15
CSV,1215011,121500,41,39,1,20719,116,5.598726e-03,0.000000e+00,16072.5,7937614.5,44225.1,22.54,26.94
CSV,1220011,122000,41,39,1,20819,116,5.571833e-03,0.000000e+00,11941.9,10416425.0,26146.5,26.00,29.41
CSV,1225011,122500,41,39,1,20919,116,5.545198e-03,0.000000e+00,10438.6,9437444.0,25678.0,25.65,29.56
BER: END_SEQ #41 [LOCK] seq_err=0 BER_seq=0.0000e+00 | lock=40 slip=1 BER_cond=0.0000e+00 BER_cum=5.5367e-03
CSV,1230011,123000,41,40,1,20951,116,5.536729e-03,0.000000e+00,11111.7,10663439.0,25401.2,26.23,29.82
BER: SYNC #42 (gated)
CSV,1235011,123500,42,40,1,21042,116,5.512784e-03,0.000000e+00,11131.0,9541377.0,24049.3,25.99,29.33
CSV,1240011,124000,42,40,1,21142,116,5.486709e-03,0.000000e+00,10323.5,8146600.5,25278.1,25.08,28.97
CSV,1245011,124500,42,40,1,21242,116,5.460879e-03,0.000000e+00,10021.1,9648803.0,24657.8,25.93,29.84
CSV,1250011,125000,42,40,1,21342,116,5.435292e-03,0.000000e+00,10934.5,10136433.0,27362.0,25.69,29.67
CSV,1255011,125500,42,40,1,21442,116,5.409943e-03,0.000000e+00,10049.6,10180341.0,28028.2,25.60,30.06
BER: END_SEQ #42 [LOCK] seq_err=0 BER_seq=0.0000e+00 | lock=41 slip=1 BER_cond=0.0000e+00 BER_cum=5.4049e-03
BER: SYNC #43 (gated)
CSV,1260011,126000,43,41,1,21465,116,5.404146e-03,0.000000e+00,10750.4,10779249.0,26101.2,26.16,30.01
CSV,1265011,126500,43,41,1,21565,116,5.379086e-03,0.000000e+00,11452.9,9870270.0,26173.9,25.76,29.35
CSV,1270011,127000,43,41,1,21665,116,5.354258e-03,0.000000e+00,11411.6,7588891.0,25630.8,24.71,28.23
CSV,1275011,127500,43,41,1,21765,116,5.329658e-03,0.000000e+00,12780.3,9452866.0,28194.3,25.25,28.69
CSV,1280011,128000,43,41,1,21865,116,5.305282e-03,0.000000e+00,11570.6,9946484.0,28063.8,25.50,29.34
CSV,1285011,128500,43,41,1,21965,116,5.281129e-03,0.000000e+00,11533.7,9482520.0,27836.7,25.32,29.15
BER: END_SEQ #43 [LOCK] seq_err=0 BER_seq=0.0000e+00 | lock=42 slip=1 BER_cond=0.0000e+00 BER_cum=5.2792e-03
BER: SYNC #44 (gated)
CSV,1290011,129000,44,42,1,21987,116,5.275845e-03,0.000000e+00,11593.4,10414420.0,30137.9,25.39,29.53
CSV,1295011,129500,44,42,1,22087,116,5.251958e-03,0.000000e+00,11799.6,9072755.0,25288.4,25.55,28.86
CSV,1300011,130000,44,42,1,22187,116,5.228287e-03,0.000000e+00,11359.9,7989106.0,28713.6,24.44,28.47
CSV,1305011,130500,44,42,1,22287,116,5.204828e-03,0.000000e+00,10867.7,8992786.0,25616.3,25.45,29.18
CSV,1310011,131000,44,42,1,22387,116,5.181578e-03,0.000000e+00,11044.9,9801583.0,24886.4,25.95,29.48
BER: END_SEQ #44 [LOCK] seq_err=0 BER_seq=0.0000e+00 | lock=43 slip=1 BER_cond=0.0000e+00 BER_cum=5.1592e-03
CSV,1315011,131500,44,43,1,22484,116,5.159224e-03,0.000000e+00,13304.3,9802631.0,34996.1,24.47,28.67
BER: SYNC #45 (gated)
CSV,1320011,132000,45,43,1,22510,116,5.153265e-03,0.000000e+00,14078.1,9673105.0,35749.6,24.32,28.37
CSV,1325011,132500,45,43,1,22610,116,5.130473e-03,0.000000e+00,13399.9,7625165.0,36603.8,23.19,27.55
CSV,1330011,133000,45,43,1,22710,116,5.107882e-03,0.000000e+00,13521.8,8090834.0,36031.7,23.51,27.77
CSV,1335011,133500,45,43,1,22810,116,5.085489e-03,0.000000e+00,13134.4,9064574.0,36603.6,23.94,28.39
CSV,1340011,134000,45,43,1,22910,116,5.063291e-03,0.000000e+00,14298.8,9262666.0,37804.5,23.89,28.11
BER: END_SEQ #45 [LOCK] seq_err=0 BER_seq=0.0000e+00 | lock=44 slip=1 BER_cond=0.0000e+00 BER_cum=5.0446e-03
CSV,1345011,134500,45,44,1,22995,116,5.044575e-03,0.000000e+00,15643.7,9075491.0,39659.0,23.60,27.64
BER: SYNC #46 (gated)
CSV,1350011,135000,46,44,1,23033,116,5.036253e-03,0.000000e+00,14461.6,8438823.0,41642.0,23.07,27.66
CSV,1355011,135500,46,44,1,23133,116,5.014481e-03,0.000000e+00,14694.4,7350518.0,42324.3,22.40,26.99
CSV,1360011,136000,46,44,1,23233,116,4.992898e-03,0.000000e+00,15153.1,8945821.0,39210.7,23.58,27.71
CSV,1365011,136500,46,44,1,23333,116,4.971500e-03,0.000000e+00,17318.9,8285421.5,56758.6,21.64,26.80
CSV,1370011,137000,46,44,1,23433,116,4.950284e-03,0.000000e+00,13693.0,8928543.0,43145.9,23.16,28.14
BER: END_SEQ #46 [LOCK] seq_err=0 BER_seq=0.0000e+00 | lock=45 slip=1 BER_cond=0.0000e+00 BER_cum=4.9349e-03
CSV,1375011,137500,46,45,1,23506,116,4.934910e-03,0.000000e+00,8990.2,9748852.0,21737.5,26.52,30.35
BER: SYNC #47 (gated)
CSV,1380011,138000,47,45,1,23556,116,4.924435e-03,0.000000e+00,9561.1,9825020.0,25475.0,25.86,30.12
CSV,1385011,138500,47,45,1,23656,116,4.903619e-03,0.000000e+00,9791.8,7998311.5,23584.3,25.30,29.12
CSV,1390011,139000,47,45,1,23756,116,4.882977e-03,0.000000e+00,9275.7,9626142.0,20697.9,26.68,30.16
CSV,1395011,139500,47,45,1,23855,116,4.862712e-03,0.000000e+00,10770.6,9622268.0,22988.2,26.22,29.51
CSV,1400011,140000,47,45,1,23955,116,4.842413e-03,0.000000e+00,11052.3,9710438.0,24128.6,26.05,29.44
BER: END_SEQ #47 [LOCK] seq_err=0 BER_seq=0.0000e+00 | lock=46 slip=1 BER_cond=0.0000e+00 BER_cum=4.8299e-03
CSV,1405011,140500,47,46,1,24017,116,4.829912e-03,0.000000e+00,9510.9,10089764.0,24706.1,26.11,30.26
BER: SYNC #48 (gated)
CSV,1410011,141000,48,46,1,24078,116,4.817676e-03,0.000000e+00,9465.4,9765945.0,24078.5,26.08,30.14
CSV,1415011,141500,48,46,1,24178,116,4.797750e-03,0.000000e+00,10012.8,7593156.5,23568.6,25.08,28.80
CSV,1420011,142000,48,46,1,24278,116,4.777988e-03,0.000000e+00,10291.8,9550217.0,23455.7,26.10,29.68
CSV,1425011,142500,48,46,1,24378,116,4.758389e-03,0.000000e+00,9513.1,10079894.0,22968.3,26.42,30.25
CSV,1430011,143000,48,46,1,24478,116,4.738949e-03,0.000000e+00,13347.0,8732718.0,34162.8,24.08,28.16
BER: END_SEQ #48 [LOCK] seq_err=0 BER_seq=0.0000e+00 | lock=47 slip=1 BER_cond=0.0000e+00 BER_cum=4.7293e-03
CSV,1435011,143500,48,47,1,24528,116,4.729289e-03,0.000000e+00,26682.0,5315546.0,85353.1,17.94,22.99
BER: SYNC #49 (gated)
CSV,1440011,144000,49,47,1,24601,116,4.715255e-03,0.000000e+00,24484.4,5214091.0,75734.5,18.38,23.28
CSV,1445011,144500,49,47,1,24701,116,4.696166e-03,0.000000e+00,26453.0,3950045.5,75567.1,17.18,21.74
CSV,1450011,145000,49,47,1,24801,116,4.677231e-03,0.000000e+00,26284.3,4403179.0,79921.0,17.41,22.24
CSV,1455011,145500,49,47,1,24901,116,4.658448e-03,0.000000e+00,22543.5,8289031.0,65695.3,21.01,25.65
CSV,1460011,146000,49,47,1,25001,116,4.639815e-03,0.000000e+00,16288.1,8409146.0,49483.4,22.30,27.13
BER: END_SEQ #49 [LOCK] seq_err=0 BER_seq=0.0000e+00 | lock=48 slip=1 BER_cond=0.0000e+00 BER_cum=4.6328e-03
CSV,1465011,146500,49,48,1,25039,116,4.632773e-03,0.000000e+00,16248.7,9609172.0,44263.3,23.37,27.72
BER: SYNC #50 (gated)
CSV,1470011,147000,50,48,1,25124,116,4.617099e-03,0.000000e+00,14300.3,9382364.0,43515.4,23.34,28.17
CSV,1475011,147500,50,48,1,25224,116,4.598795e-03,0.000000e+00,13229.7,7849212.5,32944.3,23.77,27.73
CSV,1480011,148000,50,48,1,25324,116,4.580635e-03,0.000000e+00,13042.6,9084321.0,33765.9,24.30,28.43
CSV,1485011,148500,50,48,1,25424,116,4.562618e-03,0.000000e+00,14844.2,9582832.0,40131.0,23.78,28.10
CSV,1490011,149000,50,48,1,25523,116,4.544920e-03,0.000000e+00,13777.6,9000932.0,41767.9,23.33,28.15
BER: END_SEQ #50 [LOCK] seq_err=0 BER_seq=0.0000e+00 | lock=49 slip=1 BER_cond=0.0000e+00 BER_cum=4.5401e-03
CSV,1495011,149500,50,49,1,25550,116,4.540117e-03,0.000000e+00,12250.9,10140925.0,34397.4,24.70,29.18
BER: SYNC #51 (gated)
CSV,1500011,150000,51,49,1,25646,116,4.523123e-03,0.000000e+00,10997.0,9760359.0,27676.0,25.47,29.48
CSV,1505011,150500,51,49,1,25746,116,4.505554e-03,0.000000e+00,10699.3,7826279.0,26871.2,24.64,28.64
CSV,1510011,151000,51,49,1,25846,116,4.488122e-03,0.000000e+00,10831.3,9912554.0,29412.7,25.28,29.62
CSV,1515011,151500,51,49,1,25946,116,4.470824e-03,0.000000e+00,11251.4,9812267.0,27869.0,25.47,29.41
CSV,1520011,152000,51,49,1,26046,116,4.453659e-03,0.000000e+00,10569.3,10383654.0,26937.7,25.86,29.92
BER: END_SEQ #51 [LOCK] seq_err=0 BER_seq=0.0000e+00 | lock=50 slip=1 BER_cond=0.0000e+00 BER_cum=4.4511e-03

=========================================
=== END OF TEST (duration=25 min) ===
=========================================
FINAL: syncs=51 lock=50 slip=1 slip_rate=0.0196
FINAL: bits_cum=26061 err_cum=116 BER_cum=4.4511e-03
FINAL: bits_lock=25550 err_lock=0 BER_cond=0.0000e+00
=========================================
=== STOP LOGGING NOW ===
=========================================
