

=== RX BOOT - BER TEST MODE ===
MOD=OOK (20 kHz carrier, adaptive threshold)
BPS_MODE=20 (HALF_SAMPLES=2000, 10000 samples/bit @ 200000 Hz)
Expect: 64-bit preamble + Barker13 (1F35h, gated by 8 preamble bits = 0x55) + 511-bit PRBS-9
Noise floor band: 5000 Hz; lock threshold: BER<0.10
Auto-stop: test will halt 25 min after the first sync.
RX: edge-tracking sync, center-3 voting
Starting decoder...

CSV,5011,500,0,0,0,0,0,0.000000e+00,0.000000e+00,39785.4,274563936.0,84756.9,35.10,38.39
CSV,10011,1000,0,0,0,0,0,0.000000e+00,0.000000e+00,38656.5,279632704.0,98276.8,34.54,38.59
CSV,15011,1500,0,0,0,0,0,0.000000e+00,0.000000e+00,37305.5,273210528.0,93071.0,34.68,38.65
BER: SYNC #1 (gated)
CSV,20011,2000,1,0,0,58,0,0.000000e+00,0.000000e+00,40887.8,278902496.0,89070.9,34.96,38.34
CSV,25011,2500,1,0,0,158,0,0.000000e+00,0.000000e+00,35809.6,220957136.0,83328.2,34.24,37.90
CSV,30011,3000,1,0,0,258,0,0.000000e+00,0.000000e+00,38765.8,261407200.0,85751.3,34.84,38.29
CSV,35011,3500,1,0,0,358,0,0.000000e+00,0.000000e+00,33846.0,287298336.0,92768.5,34.91,39.29
CSV,40011,4000,1,0,0,458,0,0.000000e+00,0.000000e+00,39409.1,256180240.0,92419.4,34.43,38.13
BER: END_SEQ #1 [LOCK] seq_err=0 BER_seq=0.0000e+00 | lock=1 slip=0 BER_cond=0.0000e+00 BER_cum=0.0000e+00
CSV,45011,4500,1,1,0,511,0,0.000000e+00,0.000000e+00,37963.8,294193536.0,97736.7,34.79,38.89
BER: SYNC #2 (gated)
CSV,50011,5000,2,1,0,580,0,0.000000e+00,0.000000e+00,42346.7,282288224.0,91117.9,34.91,38.24
CSV,55011,5500,2,1,0,681,0,0.000000e+00,0.000000e+00,40780.7,206669968.0,98801.3,33.21,37.05
CSV,60011,6000,2,1,0,781,0,0.000000e+00,0.000000e+00,37152.2,251779616.0,96220.6,34.18,38.31
CSV,65011,6500,2,1,0,880,0,0.000000e+00,0.000000e+00,38670.0,289958016.0,100888.7,34.58,38.75
CSV,70011,7000,2,1,0,980,0,0.000000e+00,0.000000e+00,34551.2,247811424.0,92528.6,34.28,38.56
BER: END_SEQ #2 [LOCK] seq_err=0 BER_seq=0.0000e+00 | lock=2 slip=0 BER_cond=0.0000e+00 BER_cum=0.0000e+00
CSV,75011,7500,2,2,0,1022,0,0.000000e+00,0.000000e+00,41239.4,278532672.0,93097.0,34.76,38.30
BER: SYNC #3 (gated)
CSV,80011,8000,3,2,0,1103,0,0.000000e+00,0.000000e+00,35821.1,271795808.0,108717.8,33.98,38.80
CSV,85011,8500,3,2,0,1203,0,0.000000e+00,0.000000e+00,37842.7,224988784.0,97747.4,33.62,37.74
CSV,90011,9000,3,2,0,1303,0,0.000000e+00,0.000000e+00,36626.2,239888896.0,94547.1,34.04,38.16
CSV,95011,9500,3,2,0,1403,0,0.000000e+00,0.000000e+00,36651.3,293800608.0,91009.9,35.09,39.04
CSV,100011,10000,3,2,0,1503,0,0.000000e+00,0.000000e+00,36984.1,251119296.0,87373.3,34.59,38.32
BER: END_SEQ #3 [LOCK] seq_err=0 BER_seq=0.0000e+00 | lock=3 slip=0 BER_cond=0.0000e+00 BER_cum=0.0000e+00
CSV,105011,10500,3,3,0,1533,0,0.000000e+00,0.000000e+00,38229.1,292317824.0,98953.8,34.70,38.83
BER: SYNC #4 (gated)
CSV,110011,11000,4,3,0,1626,0,0.000000e+00,0.000000e+00,35014.6,260839504.0,89067.1,34.67,38.72
CSV,115011,11500,4,3,0,1726,0,0.000000e+00,0.000000e+00,38613.9,202480576.0,92837.1,33.39,37.20
CSV,120011,12000,4,3,0,1826,0,0.000000e+00,0.000000e+00,36230.9,259618848.0,92100.6,34.50,38.55
CSV,125011,12500,4,3,0,1926,0,0.000000e+00,0.000000e+00,33889.5,274183424.0,95145.6,34.60,39.08
CSV,130011,13000,4,3,0,2026,0,0.000000e+00,0.000000e+00,37435.1,270176480.0,96483.5,34.47,38.58
BER: END_SEQ #4 [LOCK] seq_err=0 BER_seq=0.0000e+00 | lock=4 slip=0 BER_cond=0.0000e+00 BER_cum=0.0000e+00
BER: SYNC #5 (gated)
CSV,135011,13500,5,4,0,2049,0,0.000000e+00,0.000000e+00,31193.0,268571424.0,98418.4,34.36,39.35
CSV,140011,14000,5,4,0,2149,0,0.000000e+00,0.000000e+00,32856.6,272213792.0,86896.4,34.96,39.18
CSV,145011,14500,5,4,0,2249,0,0.000000e+00,0.000000e+00,31845.9,200366592.0,95103.0,33.24,37.99
CSV,150011,15000,5,4,0,2349,0,0.000000e+00,0.000000e+00,35275.2,269139808.0,93691.6,34.58,38.83
CSV,155011,15500,5,4,0,2449,0,0.000000e+00,0.000000e+00,32075.9,267555072.0,94162.8,34.54,39.21
CSV,160011,16000,5,4,0,2549,0,0.000000e+00,0.000000e+00,31637.8,259883696.0,95820.3,34.33,39.15
BER: END_SEQ #5 [LOCK] seq_err=0 BER_seq=0.0000e+00 | lock=5 slip=0 BER_cond=0.0000e+00 BER_cum=0.0000e+00
BER: SYNC #6 (gated)
CSV,165011,16500,6,5,0,2571,0,0.000000e+00,0.000000e+00,34178.3,284737600.0,88000.0,35.10,39.21
CSV,170011,17000,6,5,0,2671,0,0.000000e+00,0.000000e+00,29952.8,251297840.0,87391.7,34.59,39.24
CSV,175011,17500,6,5,0,2771,0,0.000000e+00,0.000000e+00,31310.2,216752528.0,84629.8,34.08,38.40
CSV,180011,18000,6,5,0,2871,0,0.000000e+00,0.000000e+00,33015.2,250963552.0,95716.6,34.19,38.81
CSV,185011,18500,6,5,0,2971,0,0.000000e+00,0.000000e+00,16703.4,272740160.0,33623.1,39.09,42.13
BER: END_SEQ #6 [LOCK] seq_err=0 BER_seq=0.0000e+00 | lock=6 slip=0 BER_cond=0.0000e+00 BER_cum=0.0000e+00
CSV,190011,19000,6,6,0,3066,0,0.000000e+00,0.000000e+00,12572.0,301578624.0,25393.7,40.75,43.80
BER: SYNC #7 (gated)
CSV,195011,19500,7,6,0,3094,0,0.000000e+00,0.000000e+00,12370.9,273955872.0,25761.2,40.27,43.45
CSV,200011,20000,7,6,0,3194,0,0.000000e+00,0.000000e+00,20318.5,224208864.0,52393.2,36.31,40.43
CSV,205011,20500,7,6,0,3294,0,0.000000e+00,0.000000e+00,15452.4,252876528.0,35184.3,38.57,42.14
CSV,210011,21000,7,6,0,3394,0,0.000000e+00,0.000000e+00,25811.8,270591776.0,76076.7,35.51,40.20
CSV,215011,21500,7,6,0,3494,0,0.000000e+00,0.000000e+00,31930.6,256674064.0,91916.7,34.46,39.05
BER: END_SEQ #7 [LOCK] seq_err=0 BER_seq=0.0000e+00 | lock=7 slip=0 BER_cond=0.0000e+00 BER_cum=0.0000e+00
CSV,220011,22000,7,7,0,3577,0,0.000000e+00,0.000000e+00,35882.4,269663264.0,79893.3,35.28,38.76
BER: SYNC #8 (gated)
CSV,225011,22500,8,7,0,3617,0,0.000000e+00,0.000000e+00,24139.1,259007504.0,65087.5,36.00,40.31
CSV,230011,23000,8,7,0,3717,0,0.000000e+00,0.000000e+00,21591.5,239324416.0,47252.8,37.05,40.45
CSV,235011,23500,8,7,0,3817,0,0.000000e+00,0.000000e+00,28569.1,263000720.0,71761.8,35.64,39.64
CSV,240011,24000,8,7,0,3917,0,0.000000e+00,0.000000e+00,33515.2,250414464.0,90893.4,34.40,38.73
CSV,245011,24500,8,7,0,4017,0,0.000000e+00,0.000000e+00,39802.4,274923328.0,106789.2,34.11,38.39
BER: END_SEQ #8 [LOCK] seq_err=0 BER_seq=0.0000e+00 | lock=8 slip=0 BER_cond=0.0000e+00 BER_cum=0.0000e+00
CSV,250011,25000,8,8,0,4088,0,0.000000e+00,0.000000e+00,38368.3,290528704.0,90482.5,35.07,38.79
BER: SYNC #9 (gated)
CSV,255011,25500,9,8,0,4139,0,0.000000e+00,0.000000e+00,38096.6,294523680.0,115426.2,34.07,38.88
CSV,260011,26000,9,8,0,4239,0,0.000000e+00,0.000000e+00,34356.7,238488608.0,96491.8,33.93,38.41
CSV,265011,26500,9,8,0,4339,0,0.000000e+00,0.000000e+00,35531.2,305052128.0,76449.6,36.01,39.34
CSV,270011,27000,9,8,0,4439,0,0.000000e+00,0.000000e+00,13284.1,312411552.0,29401.1,40.26,43.71
CSV,275011,27500,9,8,0,4539,0,0.000000e+00,0.000000e+00,15082.7,298978144.0,28081.0,40.27,42.97
BER: END_SEQ #9 [LOCK] seq_err=0 BER_seq=0.0000e+00 | lock=9 slip=0 BER_cond=0.0000e+00 BER_cum=0.0000e+00
CSV,280011,28000,9,9,0,4599,0,0.000000e+00,0.000000e+00,14898.2,311146912.0,29425.4,40.24,43.20
BER: SYNC #10 (gated)
CSV,285011,28500,10,9,0,4662,0,0.000000e+00,0.000000e+00,27875.0,307310272.0,75863.5,36.08,40.42
CSV,290011,29000,10,9,0,4762,0,0.000000e+00,0.000000e+00,32596.7,231294704.0,78287.5,34.70,38.51
CSV,295011,29500,10,9,0,4862,0,0.000000e+00,0.000000e+00,28819.4,297104352.0,84740.2,35.45,40.13
CSV,300011,30000,10,9,0,4962,0,0.000000e+00,0.000000e+00,32066.1,308952736.0,81613.9,35.78,39.84
CSV,305011,30500,10,9,0,5062,0,0.000000e+00,0.000000e+00,28741.8,292206944.0,86238.3,35.30,40.07
BER: END_SEQ #10 [LOCK] seq_err=0 BER_seq=0.0000e+00 | lock=10 slip=0 BER_cond=0.0000e+00 BER_cum=0.0000e+00
CSV,310011,31000,10,10,0,5110,0,0.000000e+00,0.000000e+00,30565.1,317979040.0,83577.5,35.80,40.17
BER: SYNC #11 (gated)
CSV,315011,31500,11,10,0,5185,0,0.000000e+00,0.000000e+00,20489.4,317608032.0,55891.8,37.55,41.90
CSV,320011,32000,11,10,0,5285,0,0.000000e+00,0.000000e+00,12060.1,237483808.0,27483.3,39.37,42.94
CSV,325011,32500,11,10,0,5385,0,0.000000e+00,0.000000e+00,12715.7,284198240.0,26184.4,40.36,43.49
CSV,330011,33000,11,10,0,5485,0,0.000000e+00,0.000000e+00,13522.9,340552064.0,27224.9,40.97,44.01
CSV,335011,33500,11,10,0,5585,0,0.000000e+00,0.000000e+00,14338.5,291234016.0,23704.6,40.89,43.08
BER: END_SEQ #11 [LOCK] seq_err=0 BER_seq=0.0000e+00 | lock=11 slip=0 BER_cond=0.0000e+00 BER_cum=0.0000e+00
CSV,340011,34000,11,11,0,5621,0,0.000000e+00,0.000000e+00,17340.1,315633824.0,25846.8,40.87,42.60
BER: SYNC #12 (gated)
CSV,345011,34500,12,11,0,5708,0,0.000000e+00,0.000000e+00,13431.0,304960032.0,24911.2,40.88,43.56
CSV,350011,35000,12,11,0,5808,0,0.000000e+00,0.000000e+00,12598.6,248385632.0,29971.2,39.18,42.95
CSV,355011,35500,12,11,0,5908,0,0.000000e+00,0.000000e+00,13284.8,308734048.0,26193.1,40.71,43.66
CSV,360011,36000,12,11,0,6007,0,0.000000e+00,0.000000e+00,13739.2,310692064.0,25018.9,40.94,43.54
CSV,365011,36500,12,11,0,6107,0,0.000000e+00,0.000000e+00,28367.5,298348480.0,64852.4,36.63,40.22
BER: END_SEQ #12 [LOCK] seq_err=0 BER_seq=0.0000e+00 | lock=12 slip=0 BER_cond=0.0000e+00 BER_cum=0.0000e+00
CSV,370011,37000,12,12,0,6132,0,0.000000e+00,0.000000e+00,29982.3,320348640.0,73103.7,36.42,40.29
BER: SYNC #13 (gated)
CSV,375011,37500,13,12,0,6230,0,0.000000e+00,0.000000e+00,29785.8,300912288.0,83397.0,35.57,40.04
CSV,380011,38000,13,12,0,6330,0,0.000000e+00,0.000000e+00,30166.1,229130544.0,81735.9,34.48,38.81
CSV,385011,38500,13,12,0,6430,0,0.000000e+00,0.000000e+00,27924.5,292609120.0,77841.2,35.75,40.20
CSV,390011,39000,13,12,0,6530,0,0.000000e+00,0.000000e+00,12405.2,318682688.0,31939.1,39.99,44.10
CSV,395011,39500,13,12,0,6630,0,0.000000e+00,0.000000e+00,14189.3,321262688.0,27884.6,40.61,43.55
BER: END_SEQ #13 [LOCK] seq_err=0 BER_seq=0.0000e+00 | lock=13 slip=0 BER_cond=0.0000e+00 BER_cum=0.0000e+00
BER: SYNC #14 (gated)
CSV,400011,40000,14,13,0,6653,0,0.000000e+00,0.000000e+00,15504.5,319867328.0,29949.8,40.29,43.15
CSV,405011,40500,14,13,0,6753,0,0.000000e+00,0.000000e+00,11976.5,295446944.0,26250.4,40.51,43.92
CSV,410011,41000,14,13,0,6853,0,0.000000e+00,0.000000e+00,10382.2,252058992.0,26339.5,39.81,43.85
CSV,415011,41500,14,13,0,6953,0,0.000000e+00,0.000000e+00,13395.2,297496128.0,25951.8,40.59,43.47
CSV,420011,42000,14,13,0,7053,0,0.000000e+00,0.000000e+00,12534.1,329655936.0,30309.3,40.36,44.20
CSV,425011,42500,14,13,0,7153,0,0.000000e+00,0.000000e+00,11387.3,309765664.0,23988.6,41.11,44.35
BER: END_SEQ #14 [LOCK] seq_err=0 BER_seq=0.0000e+00 | lock=14 slip=0 BER_cond=0.0000e+00 BER_cum=0.0000e+00
BER: SYNC #15 (gated)
CSV,430011,43000,15,14,0,7176,0,0.000000e+00,0.000000e+00,15724.9,308309280.0,33940.9,39.58,42.92
CSV,435011,43500,15,14,0,7276,0,0.000000e+00,0.000000e+00,16667.0,282702624.0,32026.3,39.46,42.29
CSV,440011,44000,15,14,0,7376,0,0.000000e+00,0.000000e+00,14190.9,260574320.0,35759.4,38.63,42.64
CSV,445011,44500,15,14,0,7476,0,0.000000e+00,0.000000e+00,14130.7,296300224.0,33948.8,39.41,43.22
CSV,450011,45000,15,14,0,7576,0,0.000000e+00,0.000000e+00,12484.9,301594080.0,36076.4,39.22,43.83
BER: END_SEQ #15 [LOCK] seq_err=0 BER_seq=0.0000e+00 | lock=15 slip=0 BER_cond=0.0000e+00 BER_cum=0.0000e+00
CSV,455011,45500,15,15,0,7665,0,0.000000e+00,0.000000e+00,13514.9,326597664.0,33242.3,39.92,43.83
BER: SYNC #16 (gated)
CSV,460011,46000,16,15,0,7698,0,0.000000e+00,0.000000e+00,27332.4,303353344.0,74357.5,36.11,40.45
CSV,465011,46500,16,15,0,7798,0,0.000000e+00,0.000000e+00,30436.1,247651760.0,69765.7,35.50,39.10
CSV,470011,47000,16,15,0,7898,0,0.000000e+00,0.000000e+00,28081.1,290262240.0,78859.3,35.66,40.14
CSV,475011,47500,16,15,0,7998,0,0.000000e+00,0.000000e+00,28304.6,300580096.0,76440.2,35.95,40.26
CSV,480011,48000,16,15,0,8098,0,0.000000e+00,0.000000e+00,28375.6,291212896.0,78371.3,35.70,40.11
BER: END_SEQ #16 [LOCK] seq_err=0 BER_seq=0.0000e+00 | lock=16 slip=0 BER_cond=0.0000e+00 BER_cum=0.0000e+00
CSV,485011,48500,16,16,0,8176,0,0.000000e+00,0.000000e+00,16834.6,312084064.0,38388.9,39.10,42.68
BER: SYNC #17 (gated)
CSV,490011,49000,17,16,0,8221,0,0.000000e+00,0.000000e+00,13624.8,296270944.0,27480.8,40.33,43.37
CSV,495011,49500,17,16,0,8321,0,0.000000e+00,0.000000e+00,12704.6,247285440.0,27229.4,39.58,42.89
CSV,500011,50000,17,16,0,8421,0,0.000000e+00,0.000000e+00,12103.2,315224800.0,28286.3,40.47,44.16
CSV,505011,50500,17,16,0,8521,0,0.000000e+00,0.000000e+00,12339.0,300523872.0,25131.8,40.78,43.87
CSV,510011,51000,17,16,0,8621,0,0.000000e+00,0.000000e+00,18757.6,305268544.0,43382.6,38.47,42.12
BER: END_SEQ #17 [LOCK] seq_err=0 BER_seq=0.0000e+00 | lock=17 slip=0 BER_cond=0.0000e+00 BER_cum=0.0000e+00
CSV,515011,51500,17,17,0,8687,0,0.000000e+00,0.000000e+00,26889.4,305033952.0,69608.6,36.42,40.55
BER: SYNC #18 (gated)
CSV,520011,52000,18,17,0,8744,0,0.000000e+00,0.000000e+00,25213.3,307750656.0,70995.1,36.37,40.87
CSV,525011,52500,18,17,0,8844,0,0.000000e+00,0.000000e+00,26424.6,236077408.0,68750.1,35.36,39.51
CSV,530011,53000,18,17,0,8944,0,0.000000e+00,0.000000e+00,28040.3,283117504.0,69579.7,36.09,40.04
CSV,535011,53500,18,17,0,9044,0,0.000000e+00,0.000000e+00,28132.8,316271328.0,66355.5,36.78,40.51
CSV,540011,54000,18,17,0,9144,0,0.000000e+00,0.000000e+00,23157.7,283745312.0,66165.7,36.32,40.88
BER: END_SEQ #18 [LOCK] seq_err=0 BER_seq=0.0000e+00 | lock=18 slip=0 BER_cond=0.0000e+00 BER_cum=0.0000e+00
CSV,545011,54500,18,18,0,9198,0,0.000000e+00,0.000000e+00,19816.7,324791136.0,51219.1,38.02,42.15
BER: SYNC #19 (gated)
CSV,550011,55000,19,18,0,9267,0,0.000000e+00,0.000000e+00,18885.5,314288640.0,45672.0,38.38,42.21
CSV,555011,55500,19,18,0,9367,0,0.000000e+00,0.000000e+00,15887.7,231971888.0,38665.8,37.78,41.64
CSV,560011,56000,19,18,0,9466,0,0.000000e+00,0.000000e+00,17242.8,292529568.0,44574.0,38.17,42.30
CSV,565011,56500,19,18,0,9567,0,0.000000e+00,0.000000e+00,12749.1,321835360.0,34489.3,39.70,44.02
CSV,570011,57000,19,18,0,9667,0,0.000000e+00,0.000000e+00,12123.2,283535392.0,25019.2,40.54,43.69
BER: END_SEQ #19 [LOCK] seq_err=0 BER_seq=0.0000e+00 | lock=19 slip=0 BER_cond=0.0000e+00 BER_cum=0.0000e+00
CSV,575011,57500,19,19,0,9709,0,0.000000e+00,0.000000e+00,12359.8,321071168.0,21986.8,41.64,44.15
BER: SYNC #20 (gated)
CSV,580011,58000,20,19,0,9789,0,0.000000e+00,0.000000e+00,11097.8,317352512.0,25622.7,40.93,44.56
CSV,585011,58500,20,19,0,9889,0,0.000000e+00,0.000000e+00,11254.7,251085920.0,26685.1,39.74,43.48
CSV,590011,59000,20,19,0,9989,0,0.000000e+00,0.000000e+00,12040.3,265494896.0,24425.7,40.36,43.43
CSV,595011,59500,20,19,0,10089,0,0.000000e+00,0.000000e+00,11061.9,338771328.0,25617.7,41.21,44.86
CSV,600011,60000,20,19,0,10189,0,0.000000e+00,0.000000e+00,12499.5,296493664.0,26075.9,40.56,43.75
BER: END_SEQ #20 [LOCK] seq_err=0 BER_seq=0.0000e+00 | lock=20 slip=0 BER_cond=0.0000e+00 BER_cum=0.0000e+00
CSV,605011,60500,20,20,0,10220,0,0.000000e+00,0.000000e+00,12658.4,330296608.0,27095.5,40.86,44.17
BER: SYNC #21 (gated)
CSV,610011,61000,21,20,0,10312,0,0.000000e+00,0.000000e+00,11755.2,290735680.0,23323.1,40.96,43.93
CSV,615011,61500,21,20,0,10412,0,0.000000e+00,0.000000e+00,11996.5,240044128.0,27353.4,39.43,43.01
CSV,620011,62000,21,20,0,10512,0,0.000000e+00,0.000000e+00,11461.8,304512640.0,23988.5,41.04,44.24
CSV,625011,62500,21,20,0,10612,0,0.000000e+00,0.000000e+00,15332.4,310402048.0,36597.2,39.28,43.06
CSV,630011,63000,21,20,0,10712,0,0.000000e+00,0.000000e+00,18468.9,302492736.0,50600.3,37.77,42.14
BER: END_SEQ #21 [LOCK] seq_err=0 BER_seq=0.0000e+00 | lock=21 slip=0 BER_cond=0.0000e+00 BER_cum=0.0000e+00
BER: SYNC #22 (gated)
CSV,635011,63500,22,21,0,10735,0,0.000000e+00,0.000000e+00,13405.2,312284352.0,32809.6,39.79,43.67
CSV,640011,64000,22,21,0,10835,0,0.000000e+00,0.000000e+00,12968.5,316616192.0,32542.1,39.88,43.88
CSV,645011,64500,22,21,0,10935,0,0.000000e+00,0.000000e+00,17968.1,230019120.0,48751.8,36.74,41.07
CSV,650011,65000,22,21,0,11035,0,0.000000e+00,0.000000e+00,29689.4,297005920.0,84590.9,35.45,40.00
CSV,655011,65500,22,21,0,11135,0,0.000000e+00,0.000000e+00,32719.4,302160800.0,89001.1,35.31,39.65
CSV,660011,66000,22,21,0,11235,0,0.000000e+00,0.000000e+00,28464.5,305092192.0,72876.0,36.22,40.30
BER: END_SEQ #22 [LOCK] seq_err=0 BER_seq=0.0000e+00 | lock=22 slip=0 BER_cond=0.0000e+00 BER_cum=0.0000e+00
BER: SYNC #23 (gated)
CSV,665011,66500,23,22,0,11257,0,0.000000e+00,0.000000e+00,20635.0,339789088.0,50138.3,38.31,42.17
CSV,670011,67000,23,22,0,11357,0,0.000000e+00,0.000000e+00,15131.4,279337856.0,36199.7,38.87,42.66
CSV,675011,67500,23,22,0,11458,0,0.000000e+00,0.000000e+00,14729.5,251440768.0,45194.0,37.45,42.32
CSV,680011,68000,23,22,0,11557,0,0.000000e+00,0.000000e+00,15748.2,288428832.0,37582.6,38.85,42.63
CSV,685011,68500,23,22,0,11657,0,0.000000e+00,0.000000e+00,12817.0,320637088.0,26799.8,40.78,43.98
BER: END_SEQ #23 [LOCK] seq_err=0 BER_seq=0.0000e+00 | lock=23 slip=0 BER_cond=0.0000e+00 BER_cum=0.0000e+00
CSV,690011,69000,23,23,0,11753,0,0.000000e+00,0.000000e+00,11742.9,321700736.0,27298.5,40.71,44.38
BER: SYNC #24 (gated)
CSV,695011,69500,24,23,0,11780,0,0.000000e+00,0.000000e+00,12601.1,308074848.0,29758.1,40.15,43.88
CSV,700011,70000,24,23,0,11880,0,0.000000e+00,0.000000e+00,30946.7,250241520.0,88335.7,34.52,39.08
CSV,705011,70500,24,23,0,11980,0,0.000000e+00,0.000000e+00,36015.2,279839968.0,93060.5,34.78,38.90
CSV,710011,71000,24,23,0,12080,0,0.000000e+00,0.000000e+00,32262.2,298669152.0,90835.7,35.17,39.66
CSV,715011,71500,24,23,0,12180,0,0.000000e+00,0.000000e+00,33525.3,292440672.0,92951.1,34.98,39.41
BER: END_SEQ #24 [LOCK] seq_err=0 BER_seq=0.0000e+00 | lock=24 slip=0 BER_cond=0.0000e+00 BER_cum=0.0000e+00
CSV,720011,72000,24,24,0,12264,0,0.000000e+00,0.000000e+00,33799.8,311374304.0,92317.2,35.28,39.64
BER: SYNC #25 (gated)
CSV,725011,72500,25,24,0,12303,0,0.000000e+00,0.000000e+00,31577.8,296634880.0,95294.9,34.93,39.73
CSV,730011,73000,25,24,0,12403,0,0.000000e+00,0.000000e+00,37914.2,256562608.0,99766.4,34.10,38.30
CSV,735011,73500,25,24,0,12503,0,0.000000e+00,0.000000e+00,38657.6,292265440.0,79705.5,35.64,38.79
CSV,740011,74000,25,24,0,12603,0,0.000000e+00,0.000000e+00,40413.4,283311840.0,85617.1,35.20,38.46
CSV,745011,74500,25,24,0,12703,0,0.000000e+00,0.000000e+00,41941.1,309740832.0,78022.2,35.99,38.68
BER: END_SEQ #25 [LOCK] seq_err=0 BER_seq=0.0000e+00 | lock=25 slip=0 BER_cond=0.0000e+00 BER_cum=0.0000e+00
CSV,750011,75000,25,25,0,12775,0,0.000000e+00,0.000000e+00,31461.7,309129440.0,87235.7,35.49,39.92
BER: SYNC #26 (gated)
CSV,755011,75500,26,25,0,12826,0,0.000000e+00,0.000000e+00,38635.8,292286560.0,87949.1,35.22,38.79
CSV,760011,76000,26,25,0,12926,0,0.000000e+00,0.000000e+00,19065.2,242290992.0,34823.3,38.42,41.04
CSV,765011,76500,26,25,0,13026,0,0.000000e+00,0.000000e+00,12873.8,319381440.0,28417.6,40.51,43.95
CSV,770011,77000,26,25,0,13126,0,0.000000e+00,0.000000e+00,28204.8,299691040.0,61355.7,36.89,40.26
CSV,775011,77500,26,25,0,13225,0,0.000000e+00,0.000000e+00,37441.4,289667616.0,84865.4,35.33,38.89
BER: END_SEQ #26 [LOCK] seq_err=0 BER_seq=0.0000e+00 | lock=26 slip=0 BER_cond=0.0000e+00 BER_cum=0.0000e+00
CSV,780011,78000,26,26,0,13286,0,0.000000e+00,0.000000e+00,31201.9,306422560.0,95352.0,35.07,39.92
BER: SYNC #27 (gated)
CSV,785011,78500,27,26,0,13348,0,0.000000e+00,0.000000e+00,37081.6,306320160.0,80499.3,35.80,39.17
CSV,790011,79000,27,26,0,13448,0,0.000000e+00,0.000000e+00,23048.5,235387328.0,60911.8,35.87,40.09
CSV,795011,79500,27,26,0,13548,0,0.000000e+00,0.000000e+00,14868.8,291775328.0,41391.8,38.48,42.93
CSV,800011,80000,27,26,0,13648,0,0.000000e+00,0.000000e+00,31169.2,306965248.0,85102.4,35.57,39.93
CSV,805011,80500,27,26,0,13748,0,0.000000e+00,0.000000e+00,31142.2,295549920.0,75792.1,35.91,39.77
BER: END_SEQ #27 [LOCK] seq_err=0 BER_seq=0.0000e+00 | lock=27 slip=0 BER_cond=0.0000e+00 BER_cum=0.0000e+00
CSV,810011,81000,27,27,0,13797,0,0.000000e+00,0.000000e+00,33320.6,319041824.0,85494.4,35.72,39.81
BER: SYNC #28 (gated)
CSV,815011,81500,28,27,0,13871,0,0.000000e+00,0.000000e+00,35821.3,305722496.0,81072.4,35.76,39.31
CSV,820011,82000,28,27,0,13971,0,0.000000e+00,0.000000e+00,29418.7,229033152.0,85339.6,34.29,38.91
CSV,825011,82500,28,27,0,14071,0,0.000000e+00,0.000000e+00,30241.0,279554496.0,81644.4,35.35,39.66
CSV,830011,83000,28,27,0,14171,0,0.000000e+00,0.000000e+00,14421.2,342879008.0,35981.3,39.79,43.76
CSV,835011,83500,28,27,0,14271,0,0.000000e+00,0.000000e+00,11110.3,285122432.0,23786.7,40.79,44.09
BER: END_SEQ #28 [LOCK] seq_err=0 BER_seq=0.0000e+00 | lock=28 slip=0 BER_cond=0.0000e+00 BER_cum=0.0000e+00
CSV,840011,84000,28,28,0,14308,0,0.000000e+00,0.000000e+00,12202.1,311198080.0,30160.5,40.14,44.07
BER: SYNC #29 (gated)
CSV,845011,84500,29,28,0,14394,0,0.000000e+00,0.000000e+00,11390.8,310680864.0,22128.3,41.47,44.36
CSV,850011,85000,29,28,0,14494,0,0.000000e+00,0.000000e+00,11572.2,258759808.0,25632.2,40.04,43.49
CSV,855011,85500,29,28,0,14594,0,0.000000e+00,0.000000e+00,12466.8,294730144.0,28532.9,40.14,43.74
CSV,860011,86000,29,28,0,14694,0,0.000000e+00,0.000000e+00,23064.6,304055104.0,48267.0,37.99,41.20
CSV,865011,86500,29,28,0,14794,0,0.000000e+00,0.000000e+00,30711.5,299419936.0,83147.2,35.56,39.89
BER: END_SEQ #29 [LOCK] seq_err=0 BER_seq=0.0000e+00 | lock=29 slip=0 BER_cond=0.0000e+00 BER_cum=0.0000e+00
CSV,870011,87000,29,29,0,14819,0,0.000000e+00,0.000000e+00,36576.9,330290176.0,78490.1,36.24,39.56
BER: SYNC #30 (gated)
CSV,875011,87500,30,29,0,14916,0,0.000000e+00,0.000000e+00,29680.5,287253120.0,85925.1,35.24,39.86
CSV,880011,88000,30,29,0,15016,0,0.000000e+00,0.000000e+00,30213.8,224472000.0,85057.7,34.21,38.71
CSV,885011,88500,30,29,0,15116,0,0.000000e+00,0.000000e+00,33106.2,298030144.0,90051.9,35.20,39.54
CSV,890011,89000,30,29,0,15216,0,0.000000e+00,0.000000e+00,37040.4,309649312.0,120668.6,34.09,39.22
CSV,895011,89500,30,29,0,15316,0,0.000000e+00,0.000000e+00,34616.8,307088512.0,127516.8,33.82,39.48
BER: END_SEQ #30 [LOCK] seq_err=0 BER_seq=0.0000e+00 | lock=30 slip=0 BER_cond=0.0000e+00 BER_cum=0.0000e+00
BER: SYNC #31 (gated)
CSV,900011,90000,31,30,0,15339,0,0.000000e+00,0.000000e+00,35385.1,302414784.0,143887.1,33.23,39.32
CSV,905011,90500,31,30,0,15439,0,0.000000e+00,0.000000e+00,30208.5,292078848.0,86971.6,35.26,39.85
CSV,910011,91000,31,30,0,15539,0,0.000000e+00,0.000000e+00,35171.6,250401296.0,100731.0,33.95,38.52
CSV,915011,91500,31,30,0,15639,0,0.000000e+00,0.000000e+00,35998.9,285276288.0,86233.1,35.20,38.99
CSV,920011,92000,31,30,0,15739,0,0.000000e+00,0.000000e+00,33552.1,307859840.0,99233.6,34.92,39.63
CSV,925011,92500,31,30,0,15839,0,0.000000e+00,0.000000e+00,32106.2,303994432.0,88168.8,35.38,39.76
BER: END_SEQ #31 [LOCK] seq_err=0 BER_seq=0.0000e+00 | lock=31 slip=0 BER_cond=0.0000e+00 BER_cum=0.0000e+00
BER: SYNC #32 (gated)
CSV,930011,93000,32,31,0,15862,0,0.000000e+00,0.000000e+00,37017.8,314414144.0,92936.1,35.29,39.29
CSV,935011,93500,32,31,0,15962,0,0.000000e+00,0.000000e+00,38985.2,274912352.0,97228.7,34.51,38.48
CSV,940011,94000,32,31,0,16062,0,0.000000e+00,0.000000e+00,40848.3,243802864.0,90740.5,34.29,37.76
CSV,945011,94500,32,31,0,16162,0,0.000000e+00,0.000000e+00,33874.3,295194592.0,108757.8,34.34,39.40
CSV,950011,95000,32,31,0,16262,0,0.000000e+00,0.000000e+00,37115.7,303216288.0,84839.0,35.53,39.12
BER: END_SEQ #32 [LOCK] seq_err=0 BER_seq=0.0000e+00 | lock=32 slip=0 BER_cond=0.0000e+00 BER_cum=0.0000e+00
CSV,955011,95500,32,32,0,16352,0,0.000000e+00,0.000000e+00,32248.1,318082464.0,88648.6,35.55,39.94
BER: SYNC #33 (gated)
CSV,960011,96000,33,32,0,16385,0,0.000000e+00,0.000000e+00,36838.4,291691552.0,89077.6,35.15,38.99
CSV,965011,96500,33,32,0,16485,0,0.000000e+00,0.000000e+00,32540.9,247918624.0,86346.2,34.58,38.82
CSV,970011,97000,33,32,0,16585,0,0.000000e+00,0.000000e+00,32614.3,296892512.0,89900.7,35.19,39.59
CSV,975011,97500,33,32,0,16684,0,0.000000e+00,0.000000e+00,33026.9,298345984.0,89083.1,35.25,39.56
CSV,980011,98000,33,32,0,16785,0,0.000000e+00,0.000000e+00,31908.0,283047584.0,81101.4,35.43,39.48
BER: END_SEQ #33 [LOCK] seq_err=0 BER_seq=0.0000e+00 | lock=33 slip=0 BER_cond=0.0000e+00 BER_cum=0.0000e+00
CSV,985011,98500,33,33,0,16863,0,0.000000e+00,0.000000e+00,35882.8,310158656.0,84560.7,35.64,39.37
BER: SYNC #34 (gated)
CSV,990011,99000,34,33,0,16907,0,0.000000e+00,0.000000e+00,35862.9,290152064.0,92339.0,34.97,39.08
CSV,995011,99500,34,33,0,17007,0,0.000000e+00,0.000000e+00,35668.3,252841344.0,96628.7,34.18,38.51
CSV,1000011,100000,34,33,0,17107,0,0.000000e+00,0.000000e+00,43845.9,297010816.0,92410.7,35.07,38.31
CSV,1005011,100500,34,33,0,17207,0,0.000000e+00,0.000000e+00,40141.9,287982016.0,82751.1,35.42,38.56
CSV,1010011,101000,34,33,0,17307,0,0.000000e+00,0.000000e+00,30735.4,307822816.0,92750.5,35.21,40.01
BER: END_SEQ #34 [LOCK] seq_err=0 BER_seq=0.0000e+00 | lock=34 slip=0 BER_cond=0.0000e+00 BER_cum=0.0000e+00
CSV,1015011,101500,34,34,0,17374,0,0.000000e+00,0.000000e+00,35234.9,307090560.0,89507.9,35.35,39.40
BER: SYNC #35 (gated)
CSV,1020011,102000,35,34,0,17430,0,0.000000e+00,0.000000e+00,35588.0,296444736.0,95710.3,34.91,39.21
CSV,1025011,102500,35,34,0,17530,0,0.000000e+00,0.000000e+00,36604.6,235330208.0,87356.3,34.30,38.08
CSV,1030011,103000,35,34,0,17630,0,0.000000e+00,0.000000e+00,33830.0,289164384.0,100652.5,34.58,39.32
CSV,1035011,103500,35,34,0,17730,0,0.000000e+00,0.000000e+00,39498.5,325224288.0,90145.5,35.57,39.16
CSV,1040011,104000,35,34,0,17830,0,0.000000e+00,0.000000e+00,34580.5,274708512.0,92960.1,34.71,39.00
BER: END_SEQ #35 [LOCK] seq_err=0 BER_seq=0.0000e+00 | lock=35 slip=0 BER_cond=0.0000e+00 BER_cum=0.0000e+00
CSV,1045011,104500,35,35,0,17885,0,0.000000e+00,0.000000e+00,31018.4,310410624.0,85498.1,35.60,40.00
BER: SYNC #36 (gated)
CSV,1050011,105000,36,35,0,17953,0,0.000000e+00,0.000000e+00,31431.1,307491264.0,87247.5,35.47,39.90
CSV,1055011,105500,36,35,0,18053,0,0.000000e+00,0.000000e+00,30826.8,232413200.0,92760.5,33.99,38.77
CSV,1060011,106000,36,35,0,18153,0,0.000000e+00,0.000000e+00,34860.2,285866368.0,85842.9,35.22,39.14
CSV,1065011,106500,36,35,0,18253,0,0.000000e+00,0.000000e+00,38005.9,305632736.0,99260.4,34.88,39.05
CSV,1070011,107000,36,35,0,18353,0,0.000000e+00,0.000000e+00,34338.0,279622080.0,87621.0,35.04,39.11
BER: END_SEQ #36 [LOCK] seq_err=0 BER_seq=0.0000e+00 | lock=36 slip=0 BER_cond=0.0000e+00 BER_cum=0.0000e+00
CSV,1075011,107500,36,36,0,18396,0,0.000000e+00,0.000000e+00,36238.4,329388096.0,89517.9,35.66,39.59
BER: SYNC #37 (gated)
CSV,1080011,108000,37,36,0,18476,0,0.000000e+00,0.000000e+00,37310.8,310596160.0,91615.5,35.30,39.20
CSV,1085011,108500,37,36,0,18576,0,0.000000e+00,0.000000e+00,32488.4,235836912.0,87502.7,34.31,38.61
CSV,1090011,109000,37,36,0,18676,0,0.000000e+00,0.000000e+00,34918.4,266209104.0,87776.5,34.82,38.82
CSV,1095011,109500,37,36,0,18775,0,0.000000e+00,0.000000e+00,35222.8,335729696.0,89394.4,35.75,39.79
CSV,1100011,110000,37,36,0,18875,0,0.000000e+00,0.000000e+00,32557.4,288682624.0,87301.7,35.19,39.48
BER: END_SEQ #37 [LOCK] seq_err=0 BER_seq=0.0000e+00 | lock=37 slip=0 BER_cond=0.0000e+00 BER_cum=0.0000e+00
CSV,1105011,110500,37,37,0,18907,0,0.000000e+00,0.000000e+00,29410.6,313732096.0,88582.7,35.49,40.28
BER: SYNC #38 (gated)
CSV,1110011,111000,38,37,0,18998,0,0.000000e+00,0.000000e+00,28852.9,282283488.0,79345.9,35.51,39.90
CSV,1115011,111500,38,37,0,19098,0,0.000000e+00,0.000000e+00,31944.4,244613104.0,92560.8,34.22,38.84
CSV,1120011,112000,38,37,0,19198,0,0.000000e+00,0.000000e+00,31247.5,294773216.0,82491.7,35.53,39.75
CSV,1125011,112500,38,37,0,19298,0,0.000000e+00,0.000000e+00,37567.7,293995744.0,99602.1,34.70,38.94
CSV,1130011,113000,38,37,0,19398,0,0.000000e+00,0.000000e+00,34995.5,289904288.0,100899.9,34.58,39.18
BER: END_SEQ #38 [LOCK] seq_err=0 BER_seq=0.0000e+00 | lock=38 slip=0 BER_cond=0.0000e+00 BER_cum=0.0000e+00
BER: SYNC #39 (gated)
CSV,1135011,113500,39,38,0,19421,0,0.000000e+00,0.000000e+00,34326.4,319141984.0,93716.7,35.32,39.68
CSV,1140011,114000,39,38,0,19521,0,0.000000e+00,0.000000e+00,30417.0,306468736.0,90020.3,35.32,40.03
CSV,1145011,114500,39,38,0,19621,0,0.000000e+00,0.000000e+00,33381.9,222013456.0,95994.7,33.64,38.23
CSV,1150011,115000,39,38,0,19721,0,0.000000e+00,0.000000e+00,40752.6,294636768.0,87030.8,35.30,38.59
CSV,1155011,115500,39,38,0,19821,0,0.000000e+00,0.000000e+00,35027.5,307472128.0,91091.0,35.28,39.43
CSV,1160011,116000,39,38,0,19921,0,0.000000e+00,0.000000e+00,36661.9,298872896.0,94340.5,35.01,39.11
BER: END_SEQ #39 [LOCK] seq_err=0 BER_seq=0.0000e+00 | lock=39 slip=0 BER_cond=0.0000e+00 BER_cum=0.0000e+00
BER: SYNC #40 (gated)
CSV,1165011,116500,40,39,0,19944,0,0.000000e+00,0.000000e+00,31010.4,324201088.0,98934.9,35.15,40.19
CSV,1170011,117000,40,39,0,20044,0,0.000000e+00,0.000000e+00,33884.6,271291264.0,86884.1,34.94,39.03
CSV,1175011,117500,40,39,0,20144,0,0.000000e+00,0.000000e+00,33493.9,247235984.0,88108.4,34.48,38.68
CSV,1180011,118000,40,39,0,20243,0,0.000000e+00,0.000000e+00,40856.0,292746592.0,88118.0,35.21,38.55
CSV,1185011,118500,40,39,0,20343,0,0.000000e+00,0.000000e+00,33509.3,304160992.0,90561.9,35.26,39.58
BER: END_SEQ #40 [LOCK] seq_err=0 BER_seq=0.0000e+00 | lock=40 slip=0 BER_cond=0.0000e+00 BER_cum=0.0000e+00
CSV,1190011,119000,40,40,0,20440,0,0.000000e+00,0.000000e+00,35708.8,311459104.0,81014.1,35.85,39.41
BER: SYNC #41 (gated)
CSV,1195011,119500,41,40,0,20467,0,0.000000e+00,0.000000e+00,34518.9,304675456.0,89937.2,35.30,39.46
CSV,1200011,120000,41,40,0,20566,0,0.000000e+00,0.000000e+00,33371.2,256606672.0,82578.9,34.92,38.86
CSV,1205011,120500,41,40,0,20666,0,0.000000e+00,0.000000e+00,33203.2,265177744.0,94745.4,34.47,39.02
CSV,1210011,121000,41,40,0,20766,0,0.000000e+00,0.000000e+00,34493.7,296062464.0,94983.8,34.94,39.34
CSV,1215011,121500,41,40,0,20866,0,0.000000e+00,0.000000e+00,33355.3,297692000.0,97695.2,34.84,39.51
BER: END_SEQ #41 [LOCK] seq_err=0 BER_seq=0.0000e+00 | lock=41 slip=0 BER_cond=0.0000e+00 BER_cum=0.0000e+00
CSV,1220011,122000,41,41,0,20951,0,0.000000e+00,0.000000e+00,32915.8,317094304.0,91164.8,35.41,39.84
BER: SYNC #42 (gated)
CSV,1225011,122500,42,41,0,20989,0,0.000000e+00,0.000000e+00,34967.4,289328576.0,87096.9,35.21,39.18
CSV,1230011,123000,42,41,0,21089,0,0.000000e+00,0.000000e+00,30871.4,244964752.0,89636.6,34.37,39.00
CSV,1235011,123500,42,41,0,21189,0,0.000000e+00,0.000000e+00,37038.9,295829824.0,111898.5,34.22,39.02
CSV,1240011,124000,42,41,0,21289,0,0.000000e+00,0.000000e+00,34673.5,290624384.0,88479.1,35.16,39.23
CSV,1245011,124500,42,41,0,21389,0,0.000000e+00,0.000000e+00,35627.6,305006624.0,88987.2,35.35,39.33
BER: END_SEQ #42 [LOCK] seq_err=0 BER_seq=0.0000e+00 | lock=42 slip=0 BER_cond=0.0000e+00 BER_cum=0.0000e+00
CSV,1250011,125000,42,42,0,21462,0,0.000000e+00,0.000000e+00,39099.0,299340480.0,92013.3,35.12,38.84
BER: SYNC #43 (gated)
CSV,1255011,125500,43,42,0,21512,0,0.000000e+00,0.000000e+00,30249.4,291514944.0,88979.2,35.15,39.84
CSV,1260011,126000,43,42,0,21612,0,0.000000e+00,0.000000e+00,30372.7,249836176.0,99699.7,33.99,39.15
CSV,1265011,126500,43,42,0,21712,0,0.000000e+00,0.000000e+00,36661.5,299901504.0,90026.6,35.23,39.13
CSV,1270011,127000,43,42,0,21812,0,0.000000e+00,0.000000e+00,38898.9,287464640.0,90317.2,35.03,38.69
CSV,1275011,127500,43,42,0,21912,0,0.000000e+00,0.000000e+00,34914.4,293861792.0,98055.6,34.77,39.25
BER: END_SEQ #43 [LOCK] seq_err=0 BER_seq=0.0000e+00 | lock=43 slip=0 BER_cond=0.0000e+00 BER_cum=0.0000e+00
CSV,1280011,128000,43,43,0,21973,0,0.000000e+00,0.000000e+00,36053.3,311159488.0,89856.0,35.39,39.36
BER: SYNC #44 (gated)
CSV,1285011,128500,44,43,0,22035,0,0.000000e+00,0.000000e+00,34090.3,308816544.0,86370.0,35.53,39.57
CSV,1290011,129000,44,43,0,22134,0,0.000000e+00,0.000000e+00,33923.1,229402336.0,95983.4,33.78,38.30
CSV,1295011,129500,44,43,0,22234,0,0.000000e+00,0.000000e+00,36734.6,281325632.0,93312.3,34.79,38.84
CSV,1300011,130000,44,43,0,22334,0,0.000000e+00,0.000000e+00,32204.2,313410368.0,95071.7,35.18,39.88
CSV,1305011,130500,44,43,0,22434,0,0.000000e+00,0.000000e+00,33836.9,291677440.0,92048.2,35.01,39.36
BER: END_SEQ #44 [LOCK] seq_err=0 BER_seq=0.0000e+00 | lock=44 slip=0 BER_cond=0.0000e+00 BER_cum=0.0000e+00
CSV,1310011,131000,44,44,0,22484,0,0.000000e+00,0.000000e+00,32897.8,310275040.0,94344.3,35.17,39.75
BER: SYNC #45 (gated)
CSV,1315011,131500,45,44,0,22557,0,0.000000e+00,0.000000e+00,35491.6,304985024.0,94355.0,35.10,39.34
CSV,1320011,132000,45,44,0,22657,0,0.000000e+00,0.000000e+00,34392.7,235038176.0,101462.0,33.65,38.35
CSV,1325011,132500,45,44,0,22757,0,0.000000e+00,0.000000e+00,37832.7,277358656.0,78859.8,35.46,38.65
CSV,1330011,133000,45,44,0,22857,0,0.000000e+00,0.000000e+00,35278.8,328217504.0,83146.8,35.96,39.69
CSV,1335011,133500,45,44,0,22957,0,0.000000e+00,0.000000e+00,32631.4,273288704.0,95959.6,34.55,39.23
BER: END_SEQ #45 [LOCK] seq_err=0 BER_seq=0.0000e+00 | lock=45 slip=0 BER_cond=0.0000e+00 BER_cum=0.0000e+00
CSV,1340011,134000,45,45,0,22995,0,0.000000e+00,0.000000e+00,32209.0,310851776.0,96453.8,35.08,39.85
BER: SYNC #46 (gated)
CSV,1345011,134500,46,45,0,23080,0,0.000000e+00,0.000000e+00,34861.8,303818720.0,86496.3,35.46,39.40
CSV,1350011,135000,46,45,0,23180,0,0.000000e+00,0.000000e+00,35911.6,244056288.0,99534.4,33.90,38.32
CSV,1355011,135500,46,45,0,23280,0,0.000000e+00,0.000000e+00,36262.3,277350624.0,90711.1,34.85,38.84
CSV,1360011,136000,46,45,0,23380,0,0.000000e+00,0.000000e+00,39250.7,308330208.0,90604.8,35.32,38.95
CSV,1365011,136500,46,45,0,23480,0,0.000000e+00,0.000000e+00,30477.0,301210400.0,95206.5,35.00,39.95
BER: END_SEQ #46 [LOCK] seq_err=0 BER_seq=0.0000e+00 | lock=46 slip=0 BER_cond=0.0000e+00 BER_cum=0.0000e+00
CSV,1370011,137000,46,46,0,23506,0,0.000000e+00,0.000000e+00,33769.8,314982880.0,100515.6,34.96,39.70
BER: SYNC #47 (gated)
CSV,1375011,137500,47,46,0,23603,0,0.000000e+00,0.000000e+00,35569.1,287861536.0,89347.3,35.08,39.08
CSV,1380011,138000,47,46,0,23703,0,0.000000e+00,0.000000e+00,33668.0,225940912.0,94667.8,33.78,38.27
CSV,1385011,138500,47,46,0,23803,0,0.000000e+00,0.000000e+00,38775.2,303855488.0,95833.1,35.01,38.94
CSV,1390011,139000,47,46,0,23903,0,0.000000e+00,0.000000e+00,34538.8,297889376.0,86294.7,35.38,39.36
CSV,1395011,139500,47,46,0,24003,0,0.000000e+00,0.000000e+00,33013.5,302366496.0,82555.2,35.64,39.62
BER: END_SEQ #47 [LOCK] seq_err=0 BER_seq=0.0000e+00 | lock=47 slip=0 BER_cond=0.0000e+00 BER_cum=0.0000e+00
BER: SYNC #48 (gated)
CSV,1400011,140000,48,47,0,24026,0,0.000000e+00,0.000000e+00,33329.0,308889024.0,93207.0,35.20,39.67
CSV,1405011,140500,48,47,0,24125,0,0.000000e+00,0.000000e+00,37147.1,298959744.0,95123.9,34.97,39.06
CSV,1410011,141000,48,47,0,24225,0,0.000000e+00,0.000000e+00,34909.4,239891920.0,86317.1,34.44,38.37
CSV,1415011,141500,48,47,0,24325,0,0.000000e+00,0.000000e+00,35998.4,283026400.0,95544.8,34.72,38.96
CSV,1420011,142000,48,47,0,24425,0,0.000000e+00,0.000000e+00,38684.5,303798432.0,106829.8,34.54,38.95
CSV,1425011,142500,48,47,0,24525,0,0.000000e+00,0.000000e+00,36833.0,308022112.0,91626.4,35.27,39.22
BER: END_SEQ #48 [LOCK] seq_err=0 BER_seq=0.0000e+00 | lock=48 slip=0 BER_cond=0.0000e+00 BER_cum=0.0000e+00
BER: SYNC #49 (gated)
CSV,1430011,143000,49,48,0,24548,0,0.000000e+00,0.000000e+00,34207.5,307653632.0,85467.0,35.56,39.54
CSV,1435011,143500,49,48,0,24648,0,0.000000e+00,0.000000e+00,32065.9,270646976.0,86859.8,34.94,39.26
CSV,1440011,144000,49,48,0,24748,0,0.000000e+00,0.000000e+00,43169.4,244774688.0,86496.4,34.52,37.54
CSV,1445011,144500,49,48,0,24848,0,0.000000e+00,0.000000e+00,38957.3,304002112.0,91975.9,35.19,38.92
CSV,1450011,145000,49,48,0,24948,0,0.000000e+00,0.000000e+00,36525.7,303345440.0,76805.6,35.97,39.19
BER: END_SEQ #49 [LOCK] seq_err=0 BER_seq=0.0000e+00 | lock=49 slip=0 BER_cond=0.0000e+00 BER_cum=0.0000e+00
CSV,1455011,145500,49,49,0,25039,0,0.000000e+00,0.000000e+00,38489.1,310764800.0,95274.5,35.13,39.07
BER: SYNC #50 (gated)
CSV,1460011,146000,50,49,0,25071,0,0.000000e+00,0.000000e+00,36072.7,293463872.0,94162.0,34.94,39.10
CSV,1465011,146500,50,49,0,25171,0,0.000000e+00,0.000000e+00,35700.2,254066576.0,84538.0,34.78,38.52
CSV,1470011,147000,50,49,0,25271,0,0.000000e+00,0.000000e+00,38103.7,297249184.0,87666.4,35.30,38.92
CSV,1475011,147500,50,49,0,25371,0,0.000000e+00,0.000000e+00,32036.1,290165248.0,85201.3,35.32,39.57
CSV,1480011,148000,50,49,0,25471,0,0.000000e+00,0.000000e+00,36807.0,277317376.0,85601.5,35.10,38.77
BER: END_SEQ #50 [LOCK] seq_err=0 BER_seq=0.0000e+00 | lock=50 slip=0 BER_cond=0.0000e+00 BER_cum=0.0000e+00
CSV,1485011,148500,50,50,0,25550,0,0.000000e+00,0.000000e+00,36689.5,316189888.0,95666.7,35.19,39.35
BER: SYNC #51 (gated)
CSV,1490011,149000,51,50,0,25594,0,0.000000e+00,0.000000e+00,30791.5,296953344.0,98963.5,34.77,39.84
CSV,1495011,149500,51,50,0,25693,0,0.000000e+00,0.000000e+00,30734.3,245223872.0,94784.3,34.13,39.02
CSV,1500011,150000,51,50,0,25793,0,0.000000e+00,0.000000e+00,28921.2,298763680.0,100196.4,34.74,40.14
CSV,1505011,150500,51,50,0,25893,0,0.000000e+00,0.000000e+00,31027.6,289339776.0,81828.0,35.49,39.70
CSV,1510011,151000,51,50,0,25993,0,0.000000e+00,0.000000e+00,35254.6,314841024.0,98860.5,35.03,39.51
BER: END_SEQ #51 [LOCK] seq_err=0 BER_seq=0.0000e+00 | lock=51 slip=0 BER_cond=0.0000e+00 BER_cum=0.0000e+00
CSV,1515011,151500,51,51,0,26061,0,0.000000e+00,0.000000e+00,31132.4,298088960.0,89449.2,35.23,39.81

=========================================
=== END OF TEST (duration=25 min) ===
=========================================
FINAL: syncs=51 lock=51 slip=0 slip_rate=0.0000
FINAL: bits_cum=26061 err_cum=0 BER_cum=0.0000e+00
FINAL: bits_lock=26061 err_lock=0 BER_cond=0.0000e+00
=========================================
=== STOP LOGGING NOW ===
=========================================
