

=== RX BOOT - BER TEST MODE ===
BPS_MODE=20 (HALF_SAMPLES=2000, 10000 samples/bit @ 200000 Hz)
Expect: 64-bit preamble + Barker13 (1F35h, gated by 8 preamble bits = 0x55) + 511-bit PRBS-9
Noise floor band: 5000 Hz; lock threshold: BER<0.10
Auto-stop: test will halt 25 min after the first sync.
RX: edge-tracking sync, center-3 voting
Starting decoder...

CSV,5010,500,0,0,0,0,0,0.000000e+00,0.000000e+00,20214078.0,20981660.0,9221.9,33.57,0.16
BER: SYNC #1 (gated)
CSV,10010,1000,1,0,0,82,0,0.000000e+00,0.000000e+00,22206518.0,24483852.0,10285.3,33.77,0.42
CSV,15010,1500,1,0,0,182,0,0.000000e+00,0.000000e+00,31550324.0,23486078.0,11611.4,34.34,1.28
CSV,20010,2000,1,0,0,282,0,0.000000e+00,0.000000e+00,28326250.0,25258838.0,11431.2,33.94,0.50
CSV,25010,2500,1,0,0,381,0,0.000000e+00,0.000000e+00,22295588.0,29208800.0,9703.2,34.79,1.17
CSV,30010,3000,1,0,0,481,0,0.000000e+00,0.000000e+00,26938900.0,25311222.0,10751.8,33.99,0.27
BER: END_SEQ #1 [LOCK] seq_err=0 BER_seq=0.0000e+00 | lock=1 slip=0 BER_cond=0.0000e+00 BER_cum=0.0000e+00
CSV,35010,3500,1,1,0,511,0,0.000000e+00,0.000000e+00,22737520.0,28703008.0,11063.3,34.14,1.01
BER: SYNC #2 (gated)
CSV,40010,4000,2,1,0,604,0,0.000000e+00,0.000000e+00,25648712.0,25637182.0,9857.2,34.15,0.00
CSV,45010,4500,2,1,0,704,0,0.000000e+00,0.000000e+00,32033614.0,20342940.0,8503.0,35.76,1.97
CSV,50010,5000,2,1,0,804,0,0.000000e+00,0.000000e+00,26443142.0,27109916.0,10013.4,34.33,0.11
CSV,55010,5500,2,1,0,904,0,0.000000e+00,0.000000e+00,25017734.0,26894104.0,9194.6,34.66,0.31
CSV,60010,6000,2,1,0,1004,0,0.000000e+00,0.000000e+00,24754482.0,26207590.0,9666.8,34.33,0.25
BER: END_SEQ #2 [LOCK] seq_err=0 BER_seq=0.0000e+00 | lock=2 slip=0 BER_cond=0.0000e+00 BER_cum=0.0000e+00
BER: SYNC #3 (gated)
CSV,65010,6500,3,2,0,1027,0,0.000000e+00,0.000000e+00,23332584.0,27499778.0,10842.2,34.04,0.71
CSV,70010,7000,3,2,0,1127,0,0.000000e+00,0.000000e+00,24389918.0,27640306.0,10241.7,34.31,0.54
CSV,75010,7500,3,2,0,1227,0,0.000000e+00,0.000000e+00,31184520.0,19351580.0,9992.4,34.94,2.07
CSV,80010,8000,3,2,0,1327,0,0.000000e+00,0.000000e+00,24392068.0,25688662.0,11103.8,33.64,0.22
CSV,85010,8500,3,2,0,1427,0,0.000000e+00,0.000000e+00,24624070.0,27738760.0,11628.9,33.78,0.52
CSV,90010,9000,3,2,0,1527,0,0.000000e+00,0.000000e+00,24722854.0,26325902.0,9611.4,34.38,0.27
BER: END_SEQ #3 [LOCK] seq_err=0 BER_seq=0.0000e+00 | lock=3 slip=0 BER_cond=0.0000e+00 BER_cum=0.0000e+00
BER: SYNC #4 (gated)
CSV,95010,9500,4,3,0,1550,0,0.000000e+00,0.000000e+00,21428970.0,27226562.0,10291.3,34.23,1.04
CSV,100010,10000,4,3,0,1650,0,0.000000e+00,0.000000e+00,26049966.0,24533406.0,7420.7,35.45,0.26
CSV,105010,10500,4,3,0,1750,0,0.000000e+00,0.000000e+00,29786016.0,21997650.0,8388.4,35.50,1.32
CSV,110010,11000,4,3,0,1849,0,0.000000e+00,0.000000e+00,25383666.0,24894136.0,8083.6,34.97,0.08
CSV,115010,11500,4,3,0,1949,0,0.000000e+00,0.000000e+00,24300818.0,26082840.0,9308.1,34.47,0.31
BER: END_SEQ #4 [LOCK] seq_err=0 BER_seq=0.0000e+00 | lock=4 slip=0 BER_cond=0.0000e+00 BER_cum=0.0000e+00
CSV,120010,12000,4,4,0,2044,0,0.000000e+00,0.000000e+00,23096758.0,28725314.0,9177.9,34.96,0.95
BER: SYNC #5 (gated)
CSV,125010,12500,5,4,0,2072,0,0.000000e+00,0.000000e+00,23931166.0,26980416.0,8849.5,34.84,0.52
CSV,130010,13000,5,4,0,2172,0,0.000000e+00,0.000000e+00,28624292.0,21882710.0,9831.4,34.64,1.17
CSV,135010,13500,5,4,0,2272,0,0.000000e+00,0.000000e+00,26491902.0,24596808.0,10867.2,33.87,0.32
CSV,140010,14000,5,4,0,2372,0,0.000000e+00,0.000000e+00,26209798.0,26761590.0,10636.6,34.01,0.09
CSV,145010,14500,5,4,0,2472,0,0.000000e+00,0.000000e+00,26145978.0,26513832.0,9768.9,34.34,0.06
BER: END_SEQ #5 [LOCK] seq_err=0 BER_seq=0.0000e+00 | lock=5 slip=0 BER_cond=0.0000e+00 BER_cum=0.0000e+00
CSV,150010,15000,5,5,0,2555,0,0.000000e+00,0.000000e+00,24086392.0,28156394.0,9609.8,34.67,0.68
BER: SYNC #6 (gated)
CSV,155010,15500,6,5,0,2595,0,0.000000e+00,0.000000e+00,26594204.0,26616488.0,8070.1,35.18,0.00
CSV,160010,16000,6,5,0,2695,0,0.000000e+00,0.000000e+00,31000308.0,24567974.0,8524.6,35.61,1.01
CSV,165010,16500,6,5,0,2795,0,0.000000e+00,0.000000e+00,26356872.0,27641262.0,6641.0,36.19,0.21
CSV,170010,17000,6,5,0,2895,0,0.000000e+00,0.000000e+00,27520398.0,27455116.0,7430.2,35.69,0.01
CSV,175010,17500,6,5,0,2995,0,0.000000e+00,0.000000e+00,26399204.0,29631906.0,7037.2,36.24,0.50
BER: END_SEQ #6 [LOCK] seq_err=0 BER_seq=0.0000e+00 | lock=6 slip=0 BER_cond=0.0000e+00 BER_cum=0.0000e+00
CSV,180010,18000,6,6,0,3066,0,0.000000e+00,0.000000e+00,25343390.0,28662600.0,8118.4,35.48,0.53
BER: SYNC #7 (gated)
CSV,185010,18500,7,6,0,3118,0,0.000000e+00,0.000000e+00,25456838.0,27728006.0,8733.9,35.02,0.37
CSV,190010,19000,7,6,0,3218,0,0.000000e+00,0.000000e+00,31922374.0,23374954.0,8893.7,35.55,1.35
CSV,195010,19500,7,6,0,3318,0,0.000000e+00,0.000000e+00,25383562.0,29355192.0,8423.3,35.42,0.63
CSV,200010,20000,7,6,0,3417,0,0.000000e+00,0.000000e+00,25401122.0,28024404.0,6878.8,36.10,0.43
CSV,205010,20500,7,6,0,3517,0,0.000000e+00,0.000000e+00,26332030.0,27301172.0,7353.0,35.70,0.16
BER: END_SEQ #7 [LOCK] seq_err=0 BER_seq=0.0000e+00 | lock=7 slip=0 BER_cond=0.0000e+00 BER_cum=0.0000e+00
CSV,210010,21000,7,7,0,3577,0,0.000000e+00,0.000000e+00,24888464.0,30257188.0,7898.8,35.83,0.85
BER: SYNC #8 (gated)
CSV,215010,21500,8,7,0,3640,0,0.000000e+00,0.000000e+00,24279658.0,29278532.0,8212.0,35.52,0.81
CSV,220010,22000,8,7,0,3740,0,0.000000e+00,0.000000e+00,31916594.0,20886158.0,6632.2,36.82,1.84
CSV,225010,22500,8,7,0,3840,0,0.000000e+00,0.000000e+00,26307284.0,27804352.0,7004.5,35.99,0.24
CSV,230010,23000,8,7,0,3940,0,0.000000e+00,0.000000e+00,24619738.0,29761026.0,7339.0,36.08,0.82
CSV,235010,23500,8,7,0,4040,0,0.000000e+00,0.000000e+00,24961620.0,26028678.0,8559.2,34.83,0.18
BER: END_SEQ #8 [LOCK] seq_err=0 BER_seq=0.0000e+00 | lock=8 slip=0 BER_cond=0.0000e+00 BER_cum=0.0000e+00
CSV,240010,24000,8,8,0,4088,0,0.000000e+00,0.000000e+00,22577668.0,27030066.0,10325.7,34.18,0.78
BER: SYNC #9 (gated)
CSV,245010,24500,9,8,0,4163,0,0.000000e+00,0.000000e+00,24287592.0,27505224.0,10015.0,34.39,0.54
CSV,250010,25000,9,8,0,4263,0,0.000000e+00,0.000000e+00,30221522.0,20466212.0,8879.9,35.32,1.69
CSV,255010,25500,9,8,0,4363,0,0.000000e+00,0.000000e+00,25791778.0,24140654.0,11126.6,33.65,0.29
CSV,260010,26000,9,8,0,4463,0,0.000000e+00,0.000000e+00,22063418.0,29124978.0,8050.4,35.58,1.21
CSV,265010,26500,9,8,0,4563,0,0.000000e+00,0.000000e+00,27017134.0,24714206.0,11102.5,33.86,0.39
BER: END_SEQ #9 [LOCK] seq_err=0 BER_seq=0.0000e+00 | lock=9 slip=0 BER_cond=0.0000e+00 BER_cum=0.0000e+00
CSV,270010,27000,9,9,0,4599,0,0.000000e+00,0.000000e+00,22112082.0,27092800.0,9126.9,34.73,0.88
BER: SYNC #10 (gated)
CSV,275010,27500,10,9,0,4686,0,0.000000e+00,0.000000e+00,24680738.0,26351434.0,9759.1,34.31,0.28
CSV,280010,28000,10,9,0,4786,0,0.000000e+00,0.000000e+00,30594976.0,21731476.0,9206.0,35.22,1.49
CSV,285010,28500,10,9,0,4886,0,0.000000e+00,0.000000e+00,25086728.0,25817110.0,8950.6,34.60,0.12
CSV,290010,29000,10,9,0,4985,0,0.000000e+00,0.000000e+00,24071778.0,26004264.0,10717.8,33.85,0.34
CSV,295010,29500,10,9,0,5085,0,0.000000e+00,0.000000e+00,24657174.0,26393518.0,9351.4,34.51,0.30
BER: END_SEQ #10 [LOCK] seq_err=0 BER_seq=0.0000e+00 | lock=10 slip=0 BER_cond=0.0000e+00 BER_cum=0.0000e+00
CSV,300010,30000,10,10,0,5110,0,0.000000e+00,0.000000e+00,22775360.0,28827140.0,10301.3,34.47,1.02
BER: SYNC #11 (gated)
CSV,305010,30500,11,10,0,5208,0,0.000000e+00,0.000000e+00,25265100.0,25581902.0,9030.2,34.52,0.05
CSV,310010,31000,11,10,0,5308,0,0.000000e+00,0.000000e+00,31050600.0,19865578.0,8821.1,35.47,1.94
CSV,315010,31500,11,10,0,5408,0,0.000000e+00,0.000000e+00,25648056.0,26689464.0,10117.6,34.21,0.17
CSV,320010,32000,11,10,0,5508,0,0.000000e+00,0.000000e+00,23885490.0,27341052.0,14222.2,32.84,0.59
CSV,325010,32500,11,10,0,5608,0,0.000000e+00,0.000000e+00,24171998.0,26513020.0,13320.0,32.99,0.40
BER: END_SEQ #11 [LOCK] seq_err=0 BER_seq=0.0000e+00 | lock=11 slip=0 BER_cond=0.0000e+00 BER_cum=0.0000e+00
BER: SYNC #12 (gated)
CSV,330010,33000,12,11,0,5631,0,0.000000e+00,0.000000e+00,23317278.0,27856294.0,20462.4,31.34,0.77
CSV,335010,33500,12,11,0,5731,0,0.000000e+00,0.000000e+00,26014048.0,26229356.0,10308.1,34.06,0.04
CSV,340010,34000,12,11,0,5831,0,0.000000e+00,0.000000e+00,29414930.0,21710858.0,10293.8,34.56,1.32
CSV,345010,34500,12,11,0,5931,0,0.000000e+00,0.000000e+00,26140992.0,25040842.0,9093.3,34.59,0.19
CSV,350010,35000,12,11,0,6031,0,0.000000e+00,0.000000e+00,24024446.0,28855852.0,8714.1,35.20,0.80
CSV,355010,35500,12,11,0,6131,0,0.000000e+00,0.000000e+00,24860782.0,27478252.0,9260.7,34.72,0.43
BER: END_SEQ #12 [LOCK] seq_err=0 BER_seq=0.0000e+00 | lock=12 slip=0 BER_cond=0.0000e+00 BER_cum=0.0000e+00
BER: SYNC #13 (gated)
CSV,360010,36000,13,12,0,6154,0,0.000000e+00,0.000000e+00,22983498.0,26681044.0,11489.7,33.66,0.65
CSV,365010,36500,13,12,0,6254,0,0.000000e+00,0.000000e+00,28051598.0,24062778.0,11046.5,34.05,0.67
CSV,370010,37000,13,12,0,6354,0,0.000000e+00,0.000000e+00,30529846.0,23063922.0,9678.1,34.99,1.22
CSV,375010,37500,13,12,0,6453,0,0.000000e+00,0.000000e+00,25918026.0,26220556.0,19334.0,31.32,0.05
CSV,380010,38000,13,12,0,6553,0,0.000000e+00,0.000000e+00,25525106.0,26516610.0,9099.0,34.65,0.17
BER: END_SEQ #13 [LOCK] seq_err=0 BER_seq=0.0000e+00 | lock=13 slip=0 BER_cond=0.0000e+00 BER_cum=0.0000e+00
CSV,385010,38500,13,13,0,6643,0,0.000000e+00,0.000000e+00,24508854.0,29047140.0,16824.2,32.37,0.74
BER: SYNC #14 (gated)
CSV,390010,39000,14,13,0,6676,0,0.000000e+00,0.000000e+00,25779470.0,26958562.0,12471.0,33.35,0.19
CSV,395010,39500,14,13,0,6776,0,0.000000e+00,0.000000e+00,29862856.0,22352770.0,14811.4,33.05,1.26
CSV,400010,40000,14,13,0,6876,0,0.000000e+00,0.000000e+00,26083504.0,26265542.0,25627.1,30.11,0.03
CSV,405010,40500,14,13,0,6976,0,0.000000e+00,0.000000e+00,26376800.0,27278002.0,12263.7,33.47,0.15
CSV,410010,41000,14,13,0,7076,0,0.000000e+00,0.000000e+00,26403490.0,25471454.0,10284.3,34.09,0.16
BER: END_SEQ #14 [LOCK] seq_err=0 BER_seq=0.0000e+00 | lock=14 slip=0 BER_cond=0.0000e+00 BER_cum=0.0000e+00
CSV,415010,41500,14,14,0,7154,0,0.000000e+00,0.000000e+00,23579696.0,27706828.0,17046.7,32.11,0.70
BER: SYNC #15 (gated)
CSV,420010,42000,15,14,0,7199,0,0.000000e+00,0.000000e+00,25644434.0,26459870.0,14174.2,32.71,0.14
CSV,425010,42500,15,14,0,7299,0,0.000000e+00,0.000000e+00,30513802.0,22048692.0,15385.3,32.97,1.41
CSV,430010,43000,15,14,0,7399,0,0.000000e+00,0.000000e+00,24405250.0,26295480.0,9821.7,34.28,0.32
CSV,435010,43500,15,14,0,7499,0,0.000000e+00,0.000000e+00,25473278.0,25935438.0,14080.4,32.65,0.08
CSV,440010,44000,15,14,0,7599,0,0.000000e+00,0.000000e+00,24823946.0,27400900.0,10019.3,34.37,0.43
BER: END_SEQ #15 [LOCK] seq_err=0 BER_seq=0.0000e+00 | lock=15 slip=0 BER_cond=0.0000e+00 BER_cum=0.0000e+00
CSV,445010,44500,15,15,0,7665,0,0.000000e+00,0.000000e+00,23914206.0,26521230.0,16865.4,31.97,0.45
BER: SYNC #16 (gated)
CSV,450010,45000,16,15,0,7722,0,0.000000e+00,0.000000e+00,24071942.0,25930568.0,14433.0,32.54,0.32
CSV,455010,45500,16,15,0,7822,0,0.000000e+00,0.000000e+00,30355806.0,21420904.0,14159.7,33.31,1.51
CSV,460010,46000,16,15,0,7922,0,0.000000e+00,0.000000e+00,25994692.0,25614420.0,10656.5,33.87,0.06
CSV,465010,46500,16,15,0,8021,0,0.000000e+00,0.000000e+00,22763542.0,27585666.0,13613.8,33.07,0.83
CSV,470010,47000,16,15,0,8121,0,0.000000e+00,0.000000e+00,26630864.0,24181386.0,13341.0,33.00,0.42
BER: END_SEQ #16 [LOCK] seq_err=0 BER_seq=0.0000e+00 | lock=16 slip=0 BER_cond=0.0000e+00 BER_cum=0.0000e+00
CSV,475010,47500,16,16,0,8176,0,0.000000e+00,0.000000e+00,23212572.0,28975870.0,13922.5,33.18,0.96
BER: SYNC #17 (gated)
CSV,480010,48000,17,16,0,8244,0,0.000000e+00,0.000000e+00,23656654.0,27354624.0,11444.9,33.78,0.63
CSV,485010,48500,17,16,0,8344,0,0.000000e+00,0.000000e+00,30983340.0,19772610.0,11495.3,34.31,1.95
CSV,490010,49000,17,16,0,8444,0,0.000000e+00,0.000000e+00,26344314.0,25299246.0,10807.8,33.87,0.18
CSV,495010,49500,17,16,0,8544,0,0.000000e+00,0.000000e+00,23709816.0,28029130.0,9830.2,34.55,0.73
CSV,500010,50000,17,16,0,8644,0,0.000000e+00,0.000000e+00,25938670.0,24558184.0,8512.8,34.84,0.24
BER: END_SEQ #17 [LOCK] seq_err=0 BER_seq=0.0000e+00 | lock=17 slip=0 BER_cond=0.0000e+00 BER_cum=0.0000e+00
CSV,505010,50500,17,17,0,8687,0,0.000000e+00,0.000000e+00,21823710.0,27852100.0,9737.1,34.56,1.06
BER: SYNC #18 (gated)
CSV,510010,51000,18,17,0,8767,0,0.000000e+00,0.000000e+00,24259616.0,27657376.0,8444.0,35.15,0.57
CSV,515010,51500,18,17,0,8867,0,0.000000e+00,0.000000e+00,29701290.0,21163970.0,10846.5,34.37,1.47
CSV,520010,52000,18,17,0,8967,0,0.000000e+00,0.000000e+00,26803450.0,23088486.0,8441.2,35.02,0.65
CSV,525010,52500,18,17,0,9067,0,0.000000e+00,0.000000e+00,21948024.0,29345180.0,7289.7,36.05,1.26
CSV,530010,53000,18,17,0,9167,0,0.000000e+00,0.000000e+00,26122384.0,25437262.0,9674.7,34.31,0.12
BER: END_SEQ #18 [LOCK] seq_err=0 BER_seq=0.0000e+00 | lock=18 slip=0 BER_cond=0.0000e+00 BER_cum=0.0000e+00
CSV,535010,53500,18,18,0,9198,0,0.000000e+00,0.000000e+00,21464256.0,27437686.0,9919.5,34.42,1.07
BER: SYNC #19 (gated)
CSV,540010,54000,19,18,0,9290,0,0.000000e+00,0.000000e+00,25823838.0,24496412.0,11560.6,33.49,0.23
CSV,545010,54500,19,18,0,9390,0,0.000000e+00,0.000000e+00,30484636.0,21697316.0,12132.4,34.00,1.48
CSV,550010,55000,19,18,0,9490,0,0.000000e+00,0.000000e+00,25107278.0,25794948.0,10609.3,33.86,0.12
CSV,555010,55500,19,18,0,9589,0,0.000000e+00,0.000000e+00,24153540.0,26092452.0,11214.0,33.67,0.34
CSV,560010,56000,19,18,0,9689,0,0.000000e+00,0.000000e+00,24871276.0,26489922.0,9463.8,34.47,0.27
BER: END_SEQ #19 [LOCK] seq_err=0 BER_seq=0.0000e+00 | lock=19 slip=0 BER_cond=0.0000e+00 BER_cum=0.0000e+00
BER: SYNC #20 (gated)
CSV,565010,56500,20,19,0,9712,0,0.000000e+00,0.000000e+00,23260698.0,28347566.0,12001.0,33.73,0.86
CSV,570010,57000,20,19,0,9812,0,0.000000e+00,0.000000e+00,23921036.0,26517436.0,11788.6,33.52,0.45
CSV,575010,57500,20,19,0,9912,0,0.000000e+00,0.000000e+00,31113160.0,19538944.0,10019.1,34.92,2.02
CSV,580010,58000,20,19,0,10012,0,0.000000e+00,0.000000e+00,25114510.0,26929508.0,9756.4,34.41,0.30
CSV,585010,58500,20,19,0,10112,0,0.000000e+00,0.000000e+00,24075720.0,26767346.0,12558.5,33.29,0.46
CSV,590010,59000,20,19,0,10212,0,0.000000e+00,0.000000e+00,24625894.0,25905668.0,11076.9,33.69,0.22
BER: END_SEQ #20 [LOCK] seq_err=0 BER_seq=0.0000e+00 | lock=20 slip=0 BER_cond=0.0000e+00 BER_cum=0.0000e+00
BER: SYNC #21 (gated)
CSV,595010,59500,21,20,0,10235,0,0.000000e+00,0.000000e+00,21218032.0,28829792.0,12929.2,33.48,1.33
CSV,600010,60000,21,20,0,10335,0,0.000000e+00,0.000000e+00,27316334.0,24652278.0,11108.7,33.91,0.45
CSV,605010,60500,21,20,0,10435,0,0.000000e+00,0.000000e+00,29011216.0,21541520.0,10561.6,34.39,1.29
CSV,610010,61000,21,20,0,10535,0,0.000000e+00,0.000000e+00,25571750.0,24833624.0,11971.3,33.30,0.13
CSV,615010,61500,21,20,0,10635,0,0.000000e+00,0.000000e+00,24712370.0,27337814.0,9476.9,34.60,0.44
BER: END_SEQ #21 [LOCK] seq_err=0 BER_seq=0.0000e+00 | lock=21 slip=0 BER_cond=0.0000e+00 BER_cum=0.0000e+00
CSV,620010,62000,21,21,0,10731,0,0.000000e+00,0.000000e+00,23335738.0,28167824.0,11604.6,33.85,0.82
BER: SYNC #22 (gated)
CSV,625010,62500,22,21,0,10758,0,0.000000e+00,0.000000e+00,22643908.0,26369892.0,11146.7,33.74,0.66
CSV,630010,63000,22,21,0,10858,0,0.000000e+00,0.000000e+00,29171524.0,22085194.0,11422.0,34.07,1.21
CSV,635010,63500,22,21,0,10958,0,0.000000e+00,0.000000e+00,28190590.0,24151900.0,9959.0,34.52,0.67
CSV,640010,64000,22,21,0,11058,0,0.000000e+00,0.000000e+00,24921214.0,26067550.0,9873.8,34.22,0.20
CSV,645010,64500,22,21,0,11157,0,0.000000e+00,0.000000e+00,24433002.0,25950384.0,12004.9,33.35,0.26
BER: END_SEQ #22 [LOCK] seq_err=0 BER_seq=0.0000e+00 | lock=22 slip=0 BER_cond=0.0000e+00 BER_cum=0.0000e+00
CSV,650010,65000,22,22,0,11242,0,0.000000e+00,0.000000e+00,23966894.0,27627670.0,12317.5,33.51,0.62
BER: SYNC #23 (gated)
CSV,655010,65500,23,22,0,11280,0,0.000000e+00,0.000000e+00,25107330.0,25706478.0,10604.8,33.85,0.10
CSV,660010,66000,23,22,0,11380,0,0.000000e+00,0.000000e+00,28388728.0,21722518.0,12200.7,33.67,1.16
CSV,665010,66500,23,22,0,11480,0,0.000000e+00,0.000000e+00,24601272.0,26242024.0,10743.7,33.88,0.28
CSV,670010,67000,23,22,0,11580,0,0.000000e+00,0.000000e+00,27604330.0,25720756.0,11085.8,33.96,0.31
CSV,675010,67500,23,22,0,11680,0,0.000000e+00,0.000000e+00,24737332.0,26845850.0,12867.0,33.19,0.36
BER: END_SEQ #23 [LOCK] seq_err=0 BER_seq=0.0000e+00 | lock=23 slip=0 BER_cond=0.0000e+00 BER_cum=0.0000e+00
CSV,680010,68000,23,23,0,11753,0,0.000000e+00,0.000000e+00,24254458.0,26871346.0,11520.0,33.68,0.44
BER: SYNC #24 (gated)
CSV,685010,68500,24,23,0,11803,0,0.000000e+00,0.000000e+00,25733976.0,26602636.0,11091.4,33.80,0.14
CSV,690010,69000,24,23,0,11903,0,0.000000e+00,0.000000e+00,31095116.0,21737510.0,10717.9,34.63,1.55
CSV,695010,69500,24,23,0,12003,0,0.000000e+00,0.000000e+00,24906296.0,26223082.0,11659.5,33.52,0.22
CSV,700010,70000,24,23,0,12103,0,0.000000e+00,0.000000e+00,26444172.0,27269990.0,11459.5,33.77,0.13
CSV,705010,70500,24,23,0,12203,0,0.000000e+00,0.000000e+00,26296444.0,27027648.0,11018.3,33.90,0.12
BER: END_SEQ #24 [LOCK] seq_err=0 BER_seq=0.0000e+00 | lock=24 slip=0 BER_cond=0.0000e+00 BER_cum=0.0000e+00
CSV,710010,71000,24,24,0,12264,0,0.000000e+00,0.000000e+00,24312440.0,26524894.0,12911.3,33.13,0.38
BER: SYNC #25 (gated)
CSV,715010,71500,25,24,0,12326,0,0.000000e+00,0.000000e+00,24173320.0,26232806.0,11312.8,33.65,0.36
CSV,720010,72000,25,24,0,12426,0,0.000000e+00,0.000000e+00,31274394.0,20747060.0,10506.8,34.74,1.78
CSV,725010,72500,25,24,0,12526,0,0.000000e+00,0.000000e+00,26218016.0,25491876.0,10370.4,34.03,0.12
CSV,730010,73000,25,24,0,12625,0,0.000000e+00,0.000000e+00,23356396.0,26838354.0,11544.9,33.66,0.60
CSV,735010,73500,25,24,0,12725,0,0.000000e+00,0.000000e+00,25535472.0,24920420.0,11929.5,33.31,0.11
BER: END_SEQ #25 [LOCK] seq_err=0 BER_seq=0.0000e+00 | lock=25 slip=0 BER_cond=0.0000e+00 BER_cum=0.0000e+00
CSV,740010,74000,25,25,0,12775,0,0.000000e+00,0.000000e+00,23430738.0,28442684.0,11445.2,33.95,0.84
BER: SYNC #26 (gated)
CSV,745010,74500,26,25,0,12848,0,0.000000e+00,0.000000e+00,23356578.0,27255582.0,9958.0,34.37,0.67
CSV,750010,75000,26,25,0,12948,0,0.000000e+00,0.000000e+00,29863104.0,20168512.0,10046.8,34.73,1.70
CSV,755010,75500,26,25,0,13048,0,0.000000e+00,0.000000e+00,26854522.0,24016254.0,10987.0,33.88,0.49
CSV,760010,76000,26,25,0,13148,0,0.000000e+00,0.000000e+00,21895632.0,29179344.0,11308.6,34.12,1.25
CSV,765010,76500,26,25,0,13248,0,0.000000e+00,0.000000e+00,25903188.0,23895856.0,9173.4,34.51,0.35
BER: END_SEQ #26 [LOCK] seq_err=0 BER_seq=0.0000e+00 | lock=26 slip=0 BER_cond=0.0000e+00 BER_cum=0.0000e+00
CSV,770010,77000,26,26,0,13286,0,0.000000e+00,0.000000e+00,22276520.0,26701538.0,11337.0,33.72,0.79
BER: SYNC #27 (gated)
CSV,775010,77500,27,26,0,13371,0,0.000000e+00,0.000000e+00,24948376.0,26619964.0,11860.6,33.51,0.28
CSV,780010,78000,27,26,0,13471,0,0.000000e+00,0.000000e+00,28927344.0,21305596.0,10397.6,34.44,1.33
CSV,785010,78500,27,26,0,13571,0,0.000000e+00,0.000000e+00,25339124.0,24122850.0,9945.0,34.06,0.21
CSV,790010,79000,27,26,0,13671,0,0.000000e+00,0.000000e+00,23603808.0,27124156.0,10882.0,33.97,0.60
CSV,795010,79500,27,26,0,13771,0,0.000000e+00,0.000000e+00,25318254.0,26138134.0,9287.5,34.49,0.14
BER: END_SEQ #27 [LOCK] seq_err=0 BER_seq=0.0000e+00 | lock=27 slip=0 BER_cond=0.0000e+00 BER_cum=0.0000e+00
CSV,800010,80000,27,27,0,13797,0,0.000000e+00,0.000000e+00,21725180.0,27512818.0,12872.7,33.30,1.03
BER: SYNC #28 (gated)
CSV,805010,80500,28,27,0,13894,0,0.000000e+00,0.000000e+00,25452852.0,25876044.0,11110.8,33.67,0.07
CSV,810010,81000,28,27,0,13994,0,0.000000e+00,0.000000e+00,32269668.0,20743350.0,10053.3,35.06,1.92
CSV,815010,81500,28,27,0,14094,0,0.000000e+00,0.000000e+00,25344800.0,26587390.0,8563.6,34.92,0.21
CSV,820010,82000,28,27,0,14193,0,0.000000e+00,0.000000e+00,25063168.0,25963022.0,8934.8,34.63,0.15
CSV,825010,82500,28,27,0,14293,0,0.000000e+00,0.000000e+00,25233244.0,27342184.0,9146.4,34.76,0.35
BER: END_SEQ #28 [LOCK] seq_err=0 BER_seq=0.0000e+00 | lock=28 slip=0 BER_cond=0.0000e+00 BER_cum=0.0000e+00
BER: SYNC #29 (gated)
CSV,830010,83000,29,28,0,14316,0,0.000000e+00,0.000000e+00,24428910.0,28502158.0,10566.5,34.31,0.67
CSV,835010,83500,29,28,0,14416,0,0.000000e+00,0.000000e+00,25807172.0,25687724.0,8948.5,34.60,0.02
CSV,840010,84000,29,28,0,14516,0,0.000000e+00,0.000000e+00,30629924.0,20940912.0,11067.4,34.42,1.65
CSV,845010,84500,29,28,0,14616,0,0.000000e+00,0.000000e+00,26683816.0,26089730.0,10899.0,33.89,0.10
CSV,850010,85000,29,28,0,14716,0,0.000000e+00,0.000000e+00,24330882.0,27179532.0,12272.0,33.45,0.48
CSV,855010,85500,29,28,0,14816,0,0.000000e+00,0.000000e+00,24473500.0,26757444.0,12118.9,33.44,0.39
BER: END_SEQ #29 [LOCK] seq_err=0 BER_seq=0.0000e+00 | lock=29 slip=0 BER_cond=0.0000e+00 BER_cum=0.0000e+00
BER: SYNC #30 (gated)
CSV,860010,86000,30,29,0,14839,0,0.000000e+00,0.000000e+00,23462696.0,26962818.0,11103.0,33.85,0.60
CSV,865010,86500,30,29,0,14939,0,0.000000e+00,0.000000e+00,27815240.0,24754846.0,10532.3,34.22,0.51
CSV,870010,87000,30,29,0,15039,0,0.000000e+00,0.000000e+00,29550304.0,21853750.0,10283.1,34.58,1.31
CSV,875010,87500,30,29,0,15139,0,0.000000e+00,0.000000e+00,25006394.0,26062786.0,12005.4,33.37,0.18
CSV,880010,88000,30,29,0,15239,0,0.000000e+00,0.000000e+00,25954772.0,27023430.0,11915.1,33.56,0.18
BER: END_SEQ #30 [LOCK] seq_err=0 BER_seq=0.0000e+00 | lock=30 slip=0 BER_cond=0.0000e+00 BER_cum=0.0000e+00
CSV,885010,88500,30,30,0,15330,0,0.000000e+00,0.000000e+00,24582768.0,27966712.0,11276.9,33.94,0.56
BER: SYNC #31 (gated)
CSV,890010,89000,31,30,0,15362,0,0.000000e+00,0.000000e+00,24250836.0,26213948.0,10380.5,34.02,0.34
CSV,895010,89500,31,30,0,15462,0,0.000000e+00,0.000000e+00,30126090.0,22407160.0,11418.9,34.21,1.29
CSV,900010,90000,31,30,0,15562,0,0.000000e+00,0.000000e+00,26841616.0,26669390.0,11819.5,33.56,0.03
CSV,905010,90500,31,30,0,15662,0,0.000000e+00,0.000000e+00,26101880.0,26037134.0,10953.5,33.77,0.01
CSV,910010,91000,31,30,0,15761,0,0.000000e+00,0.000000e+00,26729636.0,24686778.0,11366.3,33.71,0.35
BER: END_SEQ #31 [LOCK] seq_err=0 BER_seq=0.0000e+00 | lock=31 slip=0 BER_cond=0.0000e+00 BER_cum=0.0000e+00
CSV,915010,91500,31,31,0,15841,0,0.000000e+00,0.000000e+00,24027296.0,28537314.0,12601.0,33.55,0.75
BER: SYNC #32 (gated)
CSV,920010,92000,32,31,0,15884,0,0.000000e+00,0.000000e+00,25552540.0,25869414.0,12379.5,33.20,0.05
CSV,925010,92500,32,31,0,15984,0,0.000000e+00,0.000000e+00,29031028.0,21620770.0,11478.0,34.03,1.28
CSV,930010,93000,32,31,0,16084,0,0.000000e+00,0.000000e+00,23873220.0,26705638.0,11841.6,33.53,0.49
CSV,935010,93500,32,31,0,16184,0,0.000000e+00,0.000000e+00,26276826.0,26002484.0,10737.8,33.89,0.05
CSV,940010,94000,32,31,0,16284,0,0.000000e+00,0.000000e+00,23600732.0,26988882.0,11708.7,33.63,0.58
BER: END_SEQ #32 [LOCK] seq_err=0 BER_seq=0.0000e+00 | lock=32 slip=0 BER_cond=0.0000e+00 BER_cum=0.0000e+00
CSV,945010,94500,32,32,0,16352,0,0.000000e+00,0.000000e+00,24070886.0,26198662.0,11882.6,33.43,0.37
BER: SYNC #33 (gated)
CSV,950010,95000,33,32,0,16407,0,0.000000e+00,0.000000e+00,25575966.0,26325792.0,11926.0,33.44,0.13
CSV,955010,95500,33,32,0,16507,0,0.000000e+00,0.000000e+00,30550556.0,21884910.0,11797.5,34.13,1.45
CSV,960010,96000,33,32,0,16607,0,0.000000e+00,0.000000e+00,25044976.0,25580582.0,11550.2,33.45,0.09
CSV,965010,96500,33,32,0,16707,0,0.000000e+00,0.000000e+00,23301136.0,27547482.0,10622.0,34.14,0.73
CSV,970010,97000,33,32,0,16807,0,0.000000e+00,0.000000e+00,26762610.0,25060006.0,12430.5,33.33,0.29
BER: END_SEQ #33 [LOCK] seq_err=0 BER_seq=0.0000e+00 | lock=33 slip=0 BER_cond=0.0000e+00 BER_cum=0.0000e+00
CSV,975010,97500,33,33,0,16863,0,0.000000e+00,0.000000e+00,22383996.0,27305040.0,11547.6,33.74,0.86
BER: SYNC #34 (gated)
CSV,980010,98000,34,33,0,16930,0,0.000000e+00,0.000000e+00,23434088.0,26263042.0,11500.8,33.59,0.49
CSV,985010,98500,34,33,0,17030,0,0.000000e+00,0.000000e+00,31036700.0,20205174.0,11596.6,34.28,1.86
CSV,990010,99000,34,33,0,17130,0,0.000000e+00,0.000000e+00,25817062.0,25419352.0,11137.0,33.65,0.07
CSV,995010,99500,34,33,0,17229,0,0.000000e+00,0.000000e+00,22523764.0,27318556.0,9521.9,34.58,0.84
CSV,1000010,100000,34,33,0,17329,0,0.000000e+00,0.000000e+00,25785048.0,24498118.0,11585.9,33.47,0.22
BER: END_SEQ #34 [LOCK] seq_err=0 BER_seq=0.0000e+00 | lock=34 slip=0 BER_cond=0.0000e+00 BER_cum=0.0000e+00
CSV,1005010,100500,34,34,0,17374,0,0.000000e+00,0.000000e+00,22969724.0,28551632.0,11845.7,33.82,0.94
BER: SYNC #35 (gated)
CSV,1010010,101000,35,34,0,17452,0,0.000000e+00,0.000000e+00,23784286.0,26841344.0,13567.3,32.96,0.53
CSV,1015010,101500,35,34,0,17552,0,0.000000e+00,0.000000e+00,29599456.0,20412430.0,12294.8,33.82,1.61
CSV,1020010,102000,35,34,0,17652,0,0.000000e+00,0.000000e+00,27133436.0,23924524.0,11767.7,33.63,0.55
CSV,1025010,102500,35,34,0,17752,0,0.000000e+00,0.000000e+00,21951368.0,29375154.0,11985.7,33.89,1.27
CSV,1030010,103000,35,34,0,17852,0,0.000000e+00,0.000000e+00,25954890.0,24303980.0,12258.9,33.26,0.29
BER: END_SEQ #35 [LOCK] seq_err=0 BER_seq=0.0000e+00 | lock=35 slip=0 BER_cond=0.0000e+00 BER_cum=0.0000e+00
CSV,1035010,103500,35,35,0,17885,0,0.000000e+00,0.000000e+00,22057806.0,28019450.0,11778.9,33.76,1.04
BER: SYNC #36 (gated)
CSV,1040010,104000,36,35,0,17975,0,0.000000e+00,0.000000e+00,26657028.0,26423340.0,10083.5,34.22,0.04
CSV,1045010,104500,36,35,0,18075,0,0.000000e+00,0.000000e+00,30959722.0,21369896.0,11619.1,34.26,1.61
CSV,1050010,105000,36,35,0,18175,0,0.000000e+00,0.000000e+00,25779156.0,25730236.0,9731.3,34.23,0.01
CSV,1055010,105500,36,35,0,18275,0,0.000000e+00,0.000000e+00,25677146.0,26644908.0,10921.8,33.87,0.16
CSV,1060010,106000,36,35,0,18375,0,0.000000e+00,0.000000e+00,26846100.0,25916576.0,10756.4,33.97,0.15
BER: END_SEQ #36 [LOCK] seq_err=0 BER_seq=0.0000e+00 | lock=36 slip=0 BER_cond=0.0000e+00 BER_cum=0.0000e+00
BER: SYNC #37 (gated)
CSV,1065010,106500,37,36,0,18398,0,0.000000e+00,0.000000e+00,21615724.0,28049258.0,11951.2,33.71,1.13
CSV,1070010,107000,37,36,0,18498,0,0.000000e+00,0.000000e+00,25237132.0,25542736.0,11178.6,33.59,0.05
CSV,1075010,107500,37,36,0,18598,0,0.000000e+00,0.000000e+00,31157952.0,20986568.0,11653.0,34.27,1.72
CSV,1080010,108000,37,36,0,18698,0,0.000000e+00,0.000000e+00,25058040.0,25662478.0,13298.5,32.85,0.10
CSV,1085010,108500,37,36,0,18797,0,0.000000e+00,0.000000e+00,23388414.0,26110784.0,11777.9,33.46,0.48
CSV,1090010,109000,37,36,0,18897,0,0.000000e+00,0.000000e+00,24920290.0,25633154.0,10209.1,34.00,0.12
BER: END_SEQ #37 [LOCK] seq_err=0 BER_seq=0.0000e+00 | lock=37 slip=0 BER_cond=0.0000e+00 BER_cum=0.0000e+00
BER: SYNC #38 (gated)
CSV,1095010,109500,38,37,0,18920,0,0.000000e+00,0.000000e+00,21734226.0,29329058.0,11799.3,33.95,1.30
CSV,1100010,110000,38,37,0,19020,0,0.000000e+00,0.000000e+00,25603716.0,24288362.0,10050.2,34.06,0.23
CSV,1105010,110500,38,37,0,19120,0,0.000000e+00,0.000000e+00,28926720.0,21064432.0,12033.0,33.81,1.38
CSV,1110010,111000,38,37,0,19220,0,0.000000e+00,0.000000e+00,26110492.0,25080324.0,10160.2,34.10,0.17
CSV,1115010,111500,38,37,0,19320,0,0.000000e+00,0.000000e+00,23678310.0,26759816.0,10419.6,34.10,0.53
BER: END_SEQ #38 [LOCK] seq_err=0 BER_seq=0.0000e+00 | lock=38 slip=0 BER_cond=0.0000e+00 BER_cum=0.0000e+00
CSV,1120010,112000,38,38,0,19418,0,0.000000e+00,0.000000e+00,23163036.0,26904210.0,11338.2,33.75,0.65
BER: SYNC #39 (gated)
CSV,1125010,112500,39,38,0,19443,0,0.000000e+00,0.000000e+00,23254874.0,26484788.0,10526.7,34.01,0.56
CSV,1130010,113000,39,38,0,19543,0,0.000000e+00,0.000000e+00,28719786.0,23542298.0,11096.1,34.13,0.86
CSV,1135010,113500,39,38,0,19643,0,0.000000e+00,0.000000e+00,27777360.0,23087918.0,12141.0,33.59,0.80
CSV,1140010,114000,39,38,0,19743,0,0.000000e+00,0.000000e+00,25162238.0,25976120.0,12216.0,33.28,0.14
CSV,1145010,114500,39,38,0,19843,0,0.000000e+00,0.000000e+00,25153624.0,27338686.0,10794.1,34.04,0.36
BER: END_SEQ #39 [LOCK] seq_err=0 BER_seq=0.0000e+00 | lock=39 slip=0 BER_cond=0.0000e+00 BER_cum=0.0000e+00
CSV,1150010,115000,39,39,0,19929,0,0.000000e+00,0.000000e+00,24344660.0,27698046.0,11018.0,34.00,0.56
BER: SYNC #40 (gated)
CSV,1155010,115500,40,39,0,19966,0,0.000000e+00,0.000000e+00,24980436.0,25276938.0,11019.1,33.61,0.05
CSV,1160010,116000,40,39,0,20066,0,0.000000e+00,0.000000e+00,29575352.0,22239940.0,12015.3,33.91,1.24
CSV,1165010,116500,40,39,0,20166,0,0.000000e+00,0.000000e+00,26441988.0,26603726.0,10002.1,34.25,0.03
CSV,1170010,117000,40,39,0,20266,0,0.000000e+00,0.000000e+00,25630626.0,25937314.0,12104.3,33.31,0.05
CSV,1175010,117500,40,39,0,20365,0,0.000000e+00,0.000000e+00,24710178.0,26133828.0,11117.0,33.71,0.24
BER: END_SEQ #40 [LOCK] seq_err=0 BER_seq=0.0000e+00 | lock=40 slip=0 BER_cond=0.0000e+00 BER_cum=0.0000e+00
CSV,1180010,118000,40,40,0,20440,0,0.000000e+00,0.000000e+00,24538680.0,27774686.0,11486.3,33.83,0.54
BER: SYNC #41 (gated)
CSV,1185010,118500,41,40,0,20488,0,0.000000e+00,0.000000e+00,25569274.0,26678288.0,10159.0,34.19,0.18
CSV,1190010,119000,41,40,0,20588,0,0.000000e+00,0.000000e+00,30675626.0,21054158.0,11863.4,34.13,1.63
CSV,1195010,119500,41,40,0,20688,0,0.000000e+00,0.000000e+00,24978918.0,26625210.0,12332.5,33.34,0.28
CSV,1200010,120000,41,40,0,20788,0,0.000000e+00,0.000000e+00,26220994.0,26942508.0,9944.9,34.33,0.12
CSV,1205010,120500,41,40,0,20888,0,0.000000e+00,0.000000e+00,25424418.0,26000624.0,11100.4,33.70,0.10
BER: END_SEQ #41 [LOCK] seq_err=0 BER_seq=0.0000e+00 | lock=41 slip=0 BER_cond=0.0000e+00 BER_cum=0.0000e+00
CSV,1210010,121000,41,41,0,20951,0,0.000000e+00,0.000000e+00,23760438.0,26668148.0,11645.3,33.60,0.50
BER: SYNC #42 (gated)
CSV,1215010,121500,42,41,0,21011,0,0.000000e+00,0.000000e+00,25456034.0,26607046.0,10324.5,34.11,0.19
CSV,1220010,122000,42,41,0,21111,0,0.000000e+00,0.000000e+00,31191754.0,21977738.0,10413.7,34.76,1.52
CSV,1225010,122500,42,41,0,21211,0,0.000000e+00,0.000000e+00,26406422.0,25253680.0,10543.4,33.99,0.19
CSV,1230010,123000,42,41,0,21311,0,0.000000e+00,0.000000e+00,24939798.0,26936838.0,9369.3,34.59,0.33
CSV,1235010,123500,42,41,0,21411,0,0.000000e+00,0.000000e+00,27152814.0,26141208.0,9770.4,34.44,0.16
BER: END_SEQ #42 [LOCK] seq_err=0 BER_seq=0.0000e+00 | lock=42 slip=0 BER_cond=0.0000e+00 BER_cum=0.0000e+00
CSV,1240010,124000,42,42,0,21462,0,0.000000e+00,0.000000e+00,23210064.0,27760974.0,11766.0,33.73,0.78
BER: SYNC #43 (gated)
CSV,1245010,124500,43,42,0,21534,0,0.000000e+00,0.000000e+00,23189872.0,27660750.0,11422.2,33.84,0.77
CSV,1250010,125000,43,42,0,21634,0,0.000000e+00,0.000000e+00,31587990.0,20376444.0,11149.7,34.52,1.90
CSV,1255010,125500,43,42,0,21734,0,0.000000e+00,0.000000e+00,27252420.0,24556066.0,10114.1,34.30,0.45
CSV,1260010,126000,43,42,0,21833,0,0.000000e+00,0.000000e+00,21640174.0,28268786.0,10473.4,34.31,1.16
CSV,1265010,126500,43,42,0,21933,0,0.000000e+00,0.000000e+00,26265592.0,23615842.0,10579.8,33.95,0.46
BER: END_SEQ #43 [LOCK] seq_err=0 BER_seq=0.0000e+00 | lock=43 slip=0 BER_cond=0.0000e+00 BER_cum=0.0000e+00
CSV,1270010,127000,43,43,0,21973,0,0.000000e+00,0.000000e+00,23177524.0,28085444.0,10733.5,34.18,0.83
BER: SYNC #44 (gated)
CSV,1275010,127500,44,43,0,22056,0,0.000000e+00,0.000000e+00,23951986.0,26652566.0,9909.3,34.30,0.46
CSV,1280010,128000,44,43,0,22156,0,0.000000e+00,0.000000e+00,29293482.0,21119512.0,10088.2,34.63,1.42
CSV,1285010,128500,44,43,0,22256,0,0.000000e+00,0.000000e+00,27296436.0,24279790.0,10607.2,34.11,0.51
CSV,1290010,129000,44,43,0,22356,0,0.000000e+00,0.000000e+00,23993738.0,28639230.0,11478.7,33.97,0.77
CSV,1295010,129500,44,43,0,22456,0,0.000000e+00,0.000000e+00,26172944.0,25356294.0,10912.9,33.80,0.14
BER: END_SEQ #44 [LOCK] seq_err=0 BER_seq=0.0000e+00 | lock=44 slip=0 BER_cond=0.0000e+00 BER_cum=0.0000e+00
CSV,1300010,130000,44,44,0,22484,0,0.000000e+00,0.000000e+00,22618112.0,27926180.0,12084.5,33.64,0.92
BER: SYNC #45 (gated)
CSV,1305010,130500,45,44,0,22579,0,0.000000e+00,0.000000e+00,27242932.0,25843186.0,12054.7,33.54,0.23
CSV,1310010,131000,45,44,0,22679,0,0.000000e+00,0.000000e+00,32106654.0,20652428.0,12311.2,34.16,1.92
CSV,1315010,131500,45,44,0,22779,0,0.000000e+00,0.000000e+00,25692466.0,25857316.0,11940.5,33.36,0.03
CSV,1320010,132000,45,44,0,22879,0,0.000000e+00,0.000000e+00,25151730.0,27180282.0,9847.3,34.41,0.34
CSV,1325010,132500,45,44,0,22979,0,0.000000e+00,0.000000e+00,25857550.0,27155852.0,11733.6,33.64,0.21
BER: END_SEQ #45 [LOCK] seq_err=0 BER_seq=0.0000e+00 | lock=45 slip=0 BER_cond=0.0000e+00 BER_cum=0.0000e+00
BER: SYNC #46 (gated)
CSV,1330010,133000,46,45,0,23002,0,0.000000e+00,0.000000e+00,22894502.0,27349172.0,11689.3,33.69,0.77
CSV,1335010,133500,46,45,0,23102,0,0.000000e+00,0.000000e+00,24995216.0,26265392.0,10919.6,33.81,0.22
CSV,1340010,134000,46,45,0,23202,0,0.000000e+00,0.000000e+00,31547062.0,21263966.0,12970.9,33.86,1.71
CSV,1345010,134500,46,45,0,23302,0,0.000000e+00,0.000000e+00,25563050.0,26020506.0,11630.6,33.50,0.08
CSV,1350010,135000,46,45,0,23401,0,0.000000e+00,0.000000e+00,23286630.0,26895466.0,13674.2,32.94,0.63
CSV,1355010,135500,46,45,0,23501,0,0.000000e+00,0.000000e+00,24749168.0,26410878.0,13366.0,32.96,0.28
BER: END_SEQ #46 [LOCK] seq_err=0 BER_seq=0.0000e+00 | lock=46 slip=0 BER_cond=0.0000e+00 BER_cum=0.0000e+00
BER: SYNC #47 (gated)
CSV,1360010,136000,47,46,0,23524,0,0.000000e+00,0.000000e+00,23543788.0,28344732.0,11303.2,33.99,0.81
CSV,1365010,136500,47,46,0,23624,0,0.000000e+00,0.000000e+00,26487408.0,24113698.0,11563.5,33.60,0.41
CSV,1370010,137000,47,46,0,23724,0,0.000000e+00,0.000000e+00,29137804.0,21828842.0,12031.0,33.84,1.25
CSV,1375010,137500,47,46,0,23824,0,0.000000e+00,0.000000e+00,26399004.0,26424110.0,11097.5,33.77,0.00
CSV,1380010,138000,47,46,0,23924,0,0.000000e+00,0.000000e+00,25839030.0,26792120.0,11590.0,33.64,0.16
BER: END_SEQ #47 [LOCK] seq_err=0 BER_seq=0.0000e+00 | lock=47 slip=0 BER_cond=0.0000e+00 BER_cum=0.0000e+00
CSV,1385010,138500,47,47,0,24017,0,0.000000e+00,0.000000e+00,23729052.0,27923258.0,10622.5,34.20,0.71
BER: SYNC #48 (gated)
CSV,1390010,139000,48,47,0,24047,0,0.000000e+00,0.000000e+00,24221354.0,26917154.0,10484.5,34.09,0.46
CSV,1395010,139500,48,47,0,24147,0,0.000000e+00,0.000000e+00,30757438.0,23017800.0,10920.8,34.50,1.26
CSV,1400010,140000,48,47,0,24247,0,0.000000e+00,0.000000e+00,26740708.0,24795898.0,12775.9,33.21,0.33
CSV,1405010,140500,48,47,0,24347,0,0.000000e+00,0.000000e+00,25511314.0,25425870.0,10892.8,33.70,0.01
CSV,1410010,141000,48,47,0,24447,0,0.000000e+00,0.000000e+00,26020302.0,25885520.0,12291.2,33.26,0.02
BER: END_SEQ #48 [LOCK] seq_err=0 BER_seq=0.0000e+00 | lock=48 slip=0 BER_cond=0.0000e+00 BER_cum=0.0000e+00
CSV,1415010,141500,48,48,0,24528,0,0.000000e+00,0.000000e+00,23877728.0,27483470.0,14042.5,32.92,0.61
BER: SYNC #49 (gated)
CSV,1420010,142000,49,48,0,24570,0,0.000000e+00,0.000000e+00,24716770.0,24959750.0,11880.1,33.22,0.04
CSV,1425010,142500,49,48,0,24670,0,0.000000e+00,0.000000e+00,29356608.0,21991374.0,12517.6,33.70,1.25
CSV,1430010,143000,49,48,0,24770,0,0.000000e+00,0.000000e+00,25904418.0,26832574.0,12995.8,33.15,0.15
CSV,1435010,143500,49,48,0,24870,0,0.000000e+00,0.000000e+00,26603128.0,25294552.0,11396.3,33.68,0.22
CSV,1440010,144000,49,48,0,24969,0,0.000000e+00,0.000000e+00,24113222.0,27123276.0,11730.7,33.64,0.51
BER: END_SEQ #49 [LOCK] seq_err=0 BER_seq=0.0000e+00 | lock=49 slip=0 BER_cond=0.0000e+00 BER_cum=0.0000e+00
CSV,1445010,144500,49,49,0,25039,0,0.000000e+00,0.000000e+00,25895760.0,26916976.0,12241.1,33.42,0.17
BER: SYNC #50 (gated)
CSV,1450010,145000,50,49,0,25092,0,0.000000e+00,0.000000e+00,26555448.0,26394776.0,11611.4,33.59,0.03
CSV,1455010,145500,50,49,0,25192,0,0.000000e+00,0.000000e+00,30362972.0,21527446.0,10918.9,34.44,1.49
CSV,1460010,146000,50,49,0,25292,0,0.000000e+00,0.000000e+00,25197132.0,26136024.0,10639.4,33.90,0.16
CSV,1465010,146500,50,49,0,25392,0,0.000000e+00,0.000000e+00,25323202.0,27371068.0,10731.5,34.07,0.34
CSV,1470010,147000,50,49,0,25492,0,0.000000e+00,0.000000e+00,25831694.0,25145650.0,11874.4,33.38,0.12
BER: END_SEQ #50 [LOCK] seq_err=0 BER_seq=0.0000e+00 | lock=50 slip=0 BER_cond=0.0000e+00 BER_cum=0.0000e+00
CSV,1475010,147500,50,50,0,25550,0,0.000000e+00,0.000000e+00,23102932.0,26660126.0,11970.8,33.48,0.62
BER: SYNC #51 (gated)
CSV,1480010,148000,51,50,0,25615,0,0.000000e+00,0.000000e+00,23824844.0,27483274.0,11272.2,33.87,0.62
CSV,1485010,148500,51,50,0,25715,0,0.000000e+00,0.000000e+00,32085302.0,20039914.0,10194.7,34.98,2.04
CSV,1490010,149000,51,50,0,25815,0,0.000000e+00,0.000000e+00,25642462.0,25203624.0,10035.8,34.07,0.07
CSV,1495010,149500,51,50,0,25915,0,0.000000e+00,0.000000e+00,24359838.0,27373702.0,12669.4,33.35,0.51
CSV,1500010,150000,51,50,0,26015,0,0.000000e+00,0.000000e+00,27492790.0,26255720.0,11827.6,33.66,0.20
BER: END_SEQ #51 [LOCK] seq_err=0 BER_seq=0.0000e+00 | lock=51 slip=0 BER_cond=0.0000e+00 BER_cum=0.0000e+00
CSV,1505010,150500,51,51,0,26061,0,0.000000e+00,0.000000e+00,23475518.0,27814258.0,11126.2,33.98,0.74

=========================================
=== END OF TEST (duration=25 min) ===
=========================================
FINAL: syncs=51 lock=51 slip=0 slip_rate=0.0000
FINAL: bits_cum=26061 err_cum=0 BER_cum=0.0000e+00
FINAL: bits_lock=26061 err_lock=0 BER_cond=0.0000e+00
=========================================
=== STOP LOGGING NOW ===
=========================================
