

=== RX BOOT - BER TEST MODE ===
BPS_MODE=40 (HALF_SAMPLES=1000, 5000 samples/bit @ 200000 Hz)
Expect: 64-bit preamble + Barker13 (1F35h, gated by 8 preamble bits = 0x55) + 511-bit PRBS-9
Noise floor band: 5000 Hz; lock threshold: BER<0.10
Auto-stop: test will halt 25 min after the first sync.
RX: edge-tracking sync, center-3 voting
Starting decoder...

BER: SYNC #1 (gated)
CSV,5007,1000,1,0,0,45,0,0.000000e+00,0.000000e+00,13845319.0,19844764.0,1955.6,40.06,1.56
CSV,10007,2000,1,0,0,245,0,0.000000e+00,0.000000e+00,81484648.0,80819688.0,5465.7,41.73,0.04
CSV,15007,3000,1,0,0,445,0,0.000000e+00,0.000000e+00,136772208.0,151577744.0,8124.1,42.71,0.45
BER: END_SEQ #1 [LOCK] seq_err=0 BER_seq=0.0000e+00 | lock=1 slip=0 BER_cond=0.0000e+00 BER_cum=0.0000e+00
BER: SYNC #2 (gated)
CSV,20007,4000,2,1,0,568,0,0.000000e+00,0.000000e+00,160034336.0,180136976.0,9028.2,43.00,0.51
CSV,25007,5000,2,1,0,768,0,0.000000e+00,0.000000e+00,183562704.0,156402656.0,9352.8,42.93,0.70
CSV,30007,6000,2,1,0,968,0,0.000000e+00,0.000000e+00,165828688.0,179612992.0,9007.6,43.00,0.35
BER: END_SEQ #2 [LOCK] seq_err=0 BER_seq=0.0000e+00 | lock=2 slip=0 BER_cond=0.0000e+00 BER_cum=0.0000e+00
BER: SYNC #3 (gated)
CSV,35007,7000,3,2,0,1091,0,0.000000e+00,0.000000e+00,148870896.0,186337856.0,9468.5,42.94,0.97
CSV,40007,8000,3,2,0,1291,0,0.000000e+00,0.000000e+00,190523424.0,154022816.0,9661.6,42.95,0.92
CSV,45007,9000,3,2,0,1490,0,0.000000e+00,0.000000e+00,159027680.0,175418752.0,9318.9,42.75,0.43
BER: END_SEQ #3 [LOCK] seq_err=0 BER_seq=0.0000e+00 | lock=3 slip=0 BER_cond=0.0000e+00 BER_cum=0.0000e+00
BER: SYNC #4 (gated)
CSV,50007,10000,4,3,0,1613,0,0.000000e+00,0.000000e+00,149490784.0,184995008.0,10300.0,42.54,0.93
CSV,55007,11000,4,3,0,1813,0,0.000000e+00,0.000000e+00,183155680.0,148889696.0,9175.8,43.00,0.90
CSV,60007,12000,4,3,0,2013,0,0.000000e+00,0.000000e+00,150865344.0,178417824.0,9335.9,42.81,0.73
BER: END_SEQ #4 [LOCK] seq_err=0 BER_seq=0.0000e+00 | lock=4 slip=0 BER_cond=0.0000e+00 BER_cum=0.0000e+00
BER: SYNC #5 (gated)
CSV,65007,13000,5,4,0,2136,0,0.000000e+00,0.000000e+00,153924960.0,176240176.0,10697.0,42.17,0.59
CSV,70007,14000,5,4,0,2336,0,0.000000e+00,0.000000e+00,173249232.0,152232096.0,8560.3,43.06,0.56
CSV,75007,15000,5,4,0,2536,0,0.000000e+00,0.000000e+00,157018592.0,175090176.0,9637.4,42.59,0.47
BER: END_SEQ #5 [LOCK] seq_err=0 BER_seq=0.0000e+00 | lock=5 slip=0 BER_cond=0.0000e+00 BER_cum=0.0000e+00
BER: SYNC #6 (gated)
CSV,80007,16000,6,5,0,2659,0,0.000000e+00,0.000000e+00,145310528.0,176006384.0,9839.7,42.53,0.83
CSV,85007,17000,6,5,0,2859,0,0.000000e+00,0.000000e+00,178466800.0,151709744.0,9778.6,42.61,0.71
CSV,90007,18000,6,5,0,3058,0,0.000000e+00,0.000000e+00,153285408.0,173743376.0,8788.2,42.96,0.54
BER: END_SEQ #6 [LOCK] seq_err=0 BER_seq=0.0000e+00 | lock=6 slip=0 BER_cond=0.0000e+00 BER_cum=0.0000e+00
BER: SYNC #7 (gated)
CSV,95007,19000,7,6,0,3181,0,0.000000e+00,0.000000e+00,152381280.0,173690048.0,9766.9,42.50,0.57
CSV,100007,20000,7,6,0,3381,0,0.000000e+00,0.000000e+00,174983664.0,154748464.0,9044.4,42.87,0.53
BER: END_SEQ #7 [LOCK] seq_err=0 BER_seq=0.0000e+00 | lock=7 slip=0 BER_cond=0.0000e+00 BER_cum=0.0000e+00
CSV,105007,21000,7,7,0,3577,0,0.000000e+00,0.000000e+00,147179072.0,177853184.0,9727.2,42.62,0.82
BER: SYNC #8 (gated)
CSV,110007,22000,8,7,0,3704,0,0.000000e+00,0.000000e+00,166414048.0,163442976.0,10298.2,42.08,0.08
CSV,115007,23000,8,7,0,3904,0,0.000000e+00,0.000000e+00,161980944.0,163517424.0,9007.6,42.59,0.04
BER: END_SEQ #8 [LOCK] seq_err=0 BER_seq=0.0000e+00 | lock=8 slip=0 BER_cond=0.0000e+00 BER_cum=0.0000e+00
CSV,120007,24000,8,8,0,4088,0,0.000000e+00,0.000000e+00,154332784.0,177445456.0,9679.7,42.63,0.61
BER: SYNC #9 (gated)
CSV,125007,25000,9,8,0,4227,0,0.000000e+00,0.000000e+00,169791648.0,155364176.0,10070.9,42.27,0.39
CSV,130007,26000,9,8,0,4426,0,0.000000e+00,0.000000e+00,162468784.0,168211008.0,9318.5,42.57,0.15
BER: END_SEQ #9 [LOCK] seq_err=0 BER_seq=0.0000e+00 | lock=9 slip=0 BER_cond=0.0000e+00 BER_cum=0.0000e+00
CSV,135007,27000,9,9,0,4599,0,0.000000e+00,0.000000e+00,153019808.0,179064800.0,9546.0,42.73,0.68
BER: SYNC #10 (gated)
CSV,140007,28000,10,9,0,4749,0,0.000000e+00,0.000000e+00,172800800.0,155736512.0,10010.7,42.37,0.45
CSV,145007,29000,10,9,0,4949,0,0.000000e+00,0.000000e+00,160118512.0,174812448.0,9302.6,42.74,0.38
BER: END_SEQ #10 [LOCK] seq_err=0 BER_seq=0.0000e+00 | lock=10 slip=0 BER_cond=0.0000e+00 BER_cum=0.0000e+00
CSV,150007,30000,10,10,0,5110,0,0.000000e+00,0.000000e+00,153318192.0,172937664.0,10111.8,42.33,0.52
BER: SYNC #11 (gated)
CSV,155007,31000,11,10,0,5272,0,0.000000e+00,0.000000e+00,176342784.0,157227376.0,9812.0,42.55,0.50
CSV,160007,32000,11,10,0,5472,0,0.000000e+00,0.000000e+00,155646480.0,172434400.0,9891.8,42.41,0.44
BER: END_SEQ #11 [LOCK] seq_err=0 BER_seq=0.0000e+00 | lock=11 slip=0 BER_cond=0.0000e+00 BER_cum=0.0000e+00
CSV,165007,33000,11,11,0,5621,0,0.000000e+00,0.000000e+00,153754480.0,173949584.0,10346.7,42.26,0.54
BER: SYNC #12 (gated)
CSV,170007,34000,12,11,0,5795,0,0.000000e+00,0.000000e+00,172358000.0,157830912.0,8641.4,43.00,0.38
CSV,175007,35000,12,11,0,5994,0,0.000000e+00,0.000000e+00,153006544.0,172839760.0,8259.0,43.21,0.53
BER: END_SEQ #12 [LOCK] seq_err=0 BER_seq=0.0000e+00 | lock=12 slip=0 BER_cond=0.0000e+00 BER_cum=0.0000e+00
CSV,180007,36000,12,12,0,6132,0,0.000000e+00,0.000000e+00,157606256.0,170621584.0,9979.2,42.33,0.34
BER: SYNC #13 (gated)
CSV,185007,37000,13,12,0,6317,0,0.000000e+00,0.000000e+00,168927072.0,154698704.0,9222.1,42.63,0.38
CSV,190007,38000,13,12,0,6517,0,0.000000e+00,0.000000e+00,158443616.0,171187872.0,9138.0,42.73,0.34
BER: END_SEQ #13 [LOCK] seq_err=0 BER_seq=0.0000e+00 | lock=13 slip=0 BER_cond=0.0000e+00 BER_cum=0.0000e+00
CSV,195007,39000,13,13,0,6643,0,0.000000e+00,0.000000e+00,146447504.0,174271600.0,10167.6,42.34,0.76
BER: SYNC #14 (gated)
CSV,200007,40000,14,13,0,6840,0,0.000000e+00,0.000000e+00,177750848.0,148841360.0,9076.2,42.92,0.77
CSV,205007,41000,14,13,0,7040,0,0.000000e+00,0.000000e+00,154043440.0,171193184.0,9800.5,42.42,0.46
BER: END_SEQ #14 [LOCK] seq_err=0 BER_seq=0.0000e+00 | lock=14 slip=0 BER_cond=0.0000e+00 BER_cum=0.0000e+00
BER: SYNC #15 (gated)
CSV,210007,42000,15,14,0,7163,0,0.000000e+00,0.000000e+00,145013616.0,174135424.0,9629.0,42.57,0.79
CSV,215007,43000,15,14,0,7363,0,0.000000e+00,0.000000e+00,173925136.0,152959536.0,9743.0,42.52,0.56
CSV,220007,44000,15,14,0,7562,0,0.000000e+00,0.000000e+00,151599504.0,167427920.0,9074.0,42.66,0.43
BER: END_SEQ #15 [LOCK] seq_err=0 BER_seq=0.0000e+00 | lock=15 slip=0 BER_cond=0.0000e+00 BER_cum=0.0000e+00
BER: SYNC #16 (gated)
CSV,225007,45000,16,15,0,7685,0,0.000000e+00,0.000000e+00,149433216.0,175068736.0,9409.2,42.70,0.69
CSV,230007,46000,16,15,0,7885,0,0.000000e+00,0.000000e+00,172210528.0,146121488.0,9440.3,42.61,0.71
CSV,235007,47000,16,15,0,8085,0,0.000000e+00,0.000000e+00,153721056.0,169912240.0,9018.1,42.75,0.43
BER: END_SEQ #16 [LOCK] seq_err=0 BER_seq=0.0000e+00 | lock=16 slip=0 BER_cond=0.0000e+00 BER_cum=0.0000e+00
BER: SYNC #17 (gated)
CSV,240007,48000,17,16,0,8208,0,0.000000e+00,0.000000e+00,145947744.0,171990304.0,10098.4,42.31,0.71
CSV,245007,49000,17,16,0,8408,0,0.000000e+00,0.000000e+00,166719792.0,152935616.0,9603.5,42.40,0.37
CSV,250007,50000,17,16,0,8608,0,0.000000e+00,0.000000e+00,159665296.0,163058720.0,10004.7,42.12,0.09
BER: END_SEQ #17 [LOCK] seq_err=0 BER_seq=0.0000e+00 | lock=17 slip=0 BER_cond=0.0000e+00 BER_cum=0.0000e+00
BER: SYNC #18 (gated)
CSV,255007,51000,18,17,0,8731,0,0.000000e+00,0.000000e+00,145303600.0,167681552.0,10099.8,42.20,0.62
CSV,260007,52000,18,17,0,8931,0,0.000000e+00,0.000000e+00,166461712.0,156045376.0,9362.7,42.50,0.28
CSV,265007,53000,18,17,0,9130,0,0.000000e+00,0.000000e+00,149898032.0,165651072.0,8922.3,42.69,0.43
BER: END_SEQ #18 [LOCK] seq_err=0 BER_seq=0.0000e+00 | lock=18 slip=0 BER_cond=0.0000e+00 BER_cum=0.0000e+00
BER: SYNC #19 (gated)
CSV,270007,54000,19,18,0,9253,0,0.000000e+00,0.000000e+00,152153824.0,167860256.0,9351.7,42.54,0.43
CSV,275007,55000,19,18,0,9453,0,0.000000e+00,0.000000e+00,168108224.0,148720432.0,8473.8,42.98,0.53
CSV,280007,56000,19,18,0,9653,0,0.000000e+00,0.000000e+00,152432912.0,165167312.0,8582.1,42.84,0.35
BER: END_SEQ #19 [LOCK] seq_err=0 BER_seq=0.0000e+00 | lock=19 slip=0 BER_cond=0.0000e+00 BER_cum=0.0000e+00
BER: SYNC #20 (gated)
CSV,285007,57000,20,19,0,9776,0,0.000000e+00,0.000000e+00,143494352.0,173848256.0,10364.5,42.25,0.83
CSV,290007,58000,20,19,0,9976,0,0.000000e+00,0.000000e+00,171832192.0,141556400.0,8971.7,42.82,0.84
CSV,295007,59000,20,19,0,10176,0,0.000000e+00,0.000000e+00,152304624.0,167585552.0,9616.1,42.41,0.42
BER: END_SEQ #20 [LOCK] seq_err=0 BER_seq=0.0000e+00 | lock=20 slip=0 BER_cond=0.0000e+00 BER_cum=0.0000e+00
BER: SYNC #21 (gated)
CSV,300007,60000,21,20,0,10299,0,0.000000e+00,0.000000e+00,138239904.0,170732432.0,9800.3,42.41,0.92
CSV,305007,61000,21,20,0,10499,0,0.000000e+00,0.000000e+00,175775632.0,142470448.0,9387.0,42.72,0.91
CSV,310007,62000,21,20,0,10698,0,0.000000e+00,0.000000e+00,143993296.0,168913200.0,8802.6,42.83,0.69
BER: END_SEQ #21 [LOCK] seq_err=0 BER_seq=0.0000e+00 | lock=21 slip=0 BER_cond=0.0000e+00 BER_cum=0.0000e+00
BER: SYNC #22 (gated)
CSV,315007,63000,22,21,0,10821,0,0.000000e+00,0.000000e+00,145881248.0,168745888.0,10129.8,42.22,0.63
CSV,320007,64000,22,21,0,11021,0,0.000000e+00,0.000000e+00,167886288.0,147566240.0,9440.4,42.50,0.56
CSV,325007,65000,22,21,0,11221,0,0.000000e+00,0.000000e+00,150297216.0,161194032.0,8611.0,42.72,0.30
BER: END_SEQ #22 [LOCK] seq_err=0 BER_seq=0.0000e+00 | lock=22 slip=0 BER_cond=0.0000e+00 BER_cum=0.0000e+00
BER: SYNC #23 (gated)
CSV,330007,66000,23,22,0,11344,0,0.000000e+00,0.000000e+00,143016880.0,171487472.0,9791.7,42.43,0.79
CSV,335007,67000,23,22,0,11544,0,0.000000e+00,0.000000e+00,166435648.0,143003568.0,9082.5,42.63,0.66
CSV,340007,68000,23,22,0,11744,0,0.000000e+00,0.000000e+00,150265616.0,166176480.0,9312.6,42.51,0.44
BER: END_SEQ #23 [LOCK] seq_err=0 BER_seq=0.0000e+00 | lock=23 slip=0 BER_cond=0.0000e+00 BER_cum=0.0000e+00
BER: SYNC #24 (gated)
CSV,345007,69000,24,23,0,11867,0,0.000000e+00,0.000000e+00,140208736.0,165848832.0,10129.8,42.14,0.73
CSV,350007,70000,24,23,0,12067,0,0.000000e+00,0.000000e+00,166040192.0,146671776.0,8734.9,42.79,0.54
BER: END_SEQ #24 [LOCK] seq_err=0 BER_seq=0.0000e+00 | lock=24 slip=0 BER_cond=0.0000e+00 BER_cum=0.0000e+00
CSV,355007,71000,24,24,0,12264,0,0.000000e+00,0.000000e+00,142560688.0,169306576.0,9270.0,42.62,0.75
BER: SYNC #25 (gated)
CSV,360007,72000,25,24,0,12389,0,0.000000e+00,0.000000e+00,153396016.0,153640832.0,9556.2,42.06,0.01
CSV,365007,73000,25,24,0,12589,0,0.000000e+00,0.000000e+00,158394880.0,154094720.0,8595.0,42.65,0.12
BER: END_SEQ #25 [LOCK] seq_err=0 BER_seq=0.0000e+00 | lock=25 slip=0 BER_cond=0.0000e+00 BER_cum=0.0000e+00
CSV,370007,74000,25,25,0,12775,0,0.000000e+00,0.000000e+00,140590176.0,164546240.0,9040.1,42.60,0.68
BER: SYNC #26 (gated)
CSV,375007,75000,26,25,0,12912,0,0.000000e+00,0.000000e+00,161182416.0,148603152.0,10449.0,41.88,0.35
CSV,380007,76000,26,25,0,13112,0,0.000000e+00,0.000000e+00,147412064.0,156659776.0,9189.4,42.32,0.26
BER: END_SEQ #26 [LOCK] seq_err=0 BER_seq=0.0000e+00 | lock=26 slip=0 BER_cond=0.0000e+00 BER_cum=0.0000e+00
CSV,385007,77000,26,26,0,13286,0,0.000000e+00,0.000000e+00,142957408.0,164852592.0,9350.4,42.46,0.62
BER: SYNC #27 (gated)
CSV,390007,78000,27,26,0,13435,0,0.000000e+00,0.000000e+00,159794976.0,143807024.0,9544.4,42.24,0.46
CSV,395007,79000,27,26,0,13634,0,0.000000e+00,0.000000e+00,144542752.0,159933696.0,8710.7,42.64,0.44
BER: END_SEQ #27 [LOCK] seq_err=0 BER_seq=0.0000e+00 | lock=27 slip=0 BER_cond=0.0000e+00 BER_cum=0.0000e+00
CSV,400007,80000,27,27,0,13797,0,0.000000e+00,0.000000e+00,143591296.0,162465248.0,9729.3,42.23,0.54
BER: SYNC #28 (gated)
CSV,405007,81000,28,27,0,13957,0,0.000000e+00,0.000000e+00,157520016.0,142593408.0,8619.4,42.62,0.43
CSV,410007,82000,28,27,0,14157,0,0.000000e+00,0.000000e+00,147115232.0,159903184.0,8231.4,42.88,0.36
BER: END_SEQ #28 [LOCK] seq_err=0 BER_seq=0.0000e+00 | lock=28 slip=0 BER_cond=0.0000e+00 BER_cum=0.0000e+00
CSV,415007,83000,28,28,0,14308,0,0.000000e+00,0.000000e+00,138484416.0,158930848.0,9385.1,42.29,0.60
BER: SYNC #29 (gated)
CSV,420007,84000,29,28,0,14480,0,0.000000e+00,0.000000e+00,158514784.0,145742384.0,9042.3,42.44,0.36
CSV,425007,85000,29,28,0,14680,0,0.000000e+00,0.000000e+00,140777552.0,159639472.0,8312.6,42.83,0.55
BER: END_SEQ #29 [LOCK] seq_err=0 BER_seq=0.0000e+00 | lock=29 slip=0 BER_cond=0.0000e+00 BER_cum=0.0000e+00
CSV,430007,86000,29,29,0,14819,0,0.000000e+00,0.000000e+00,142446816.0,155243488.0,9493.3,42.14,0.37
BER: SYNC #30 (gated)
CSV,435007,87000,30,29,0,15003,0,0.000000e+00,0.000000e+00,156105424.0,147156528.0,8831.5,42.47,0.26
CSV,440007,88000,30,29,0,15202,0,0.000000e+00,0.000000e+00,142169632.0,155488640.0,8479.5,42.63,0.39
BER: END_SEQ #30 [LOCK] seq_err=0 BER_seq=0.0000e+00 | lock=30 slip=0 BER_cond=0.0000e+00 BER_cum=0.0000e+00
CSV,445007,89000,30,30,0,15330,0,0.000000e+00,0.000000e+00,138666800.0,163618032.0,9132.4,42.53,0.72
BER: SYNC #31 (gated)
CSV,450007,90000,31,30,0,15525,0,0.000000e+00,0.000000e+00,161530704.0,135225872.0,8367.5,42.86,0.77
CSV,455007,91000,31,30,0,15725,0,0.000000e+00,0.000000e+00,142847280.0,159326320.0,8701.9,42.63,0.47
BER: END_SEQ #31 [LOCK] seq_err=0 BER_seq=0.0000e+00 | lock=31 slip=0 BER_cond=0.0000e+00 BER_cum=0.0000e+00
BER: SYNC #32 (gated)
CSV,460007,92000,32,31,0,15848,0,0.000000e+00,0.000000e+00,134472544.0,161691824.0,9388.7,42.36,0.80
CSV,465007,93000,32,31,0,16048,0,0.000000e+00,0.000000e+00,158660512.0,140747472.0,8813.3,42.55,0.52
CSV,470007,94000,32,31,0,16248,0,0.000000e+00,0.000000e+00,140728352.0,159347216.0,8984.6,42.49,0.54
BER: END_SEQ #32 [LOCK] seq_err=0 BER_seq=0.0000e+00 | lock=32 slip=0 BER_cond=0.0000e+00 BER_cum=0.0000e+00
BER: SYNC #33 (gated)
CSV,475007,95000,33,32,0,16371,0,0.000000e+00,0.000000e+00,133770432.0,159384336.0,9943.3,42.05,0.76
CSV,480007,96000,33,32,0,16571,0,0.000000e+00,0.000000e+00,160532240.0,139902912.0,8346.3,42.84,0.60
CSV,485007,97000,33,32,0,16770,0,0.000000e+00,0.000000e+00,140415040.0,153190720.0,8704.0,42.46,0.38
BER: END_SEQ #33 [LOCK] seq_err=0 BER_seq=0.0000e+00 | lock=33 slip=0 BER_cond=0.0000e+00 BER_cum=0.0000e+00
BER: SYNC #34 (gated)
CSV,490007,98000,34,33,0,16893,0,0.000000e+00,0.000000e+00,134602768.0,163707456.0,9009.3,42.59,0.85
CSV,495007,99000,34,33,0,17093,0,0.000000e+00,0.000000e+00,154412320.0,138914304.0,8230.5,42.73,0.46
CSV,500007,100000,34,33,0,17293,0,0.000000e+00,0.000000e+00,144120000.0,152443584.0,8122.1,42.73,0.24
BER: END_SEQ #34 [LOCK] seq_err=0 BER_seq=0.0000e+00 | lock=34 slip=0 BER_cond=0.0000e+00 BER_cum=0.0000e+00
BER: SYNC #35 (gated)
CSV,505007,101000,35,34,0,17416,0,0.000000e+00,0.000000e+00,137158592.0,156496960.0,8876.7,42.46,0.57
CSV,510007,102000,35,34,0,17616,0,0.000000e+00,0.000000e+00,149825552.0,142592496.0,8770.4,42.33,0.21
CSV,515007,103000,35,34,0,17816,0,0.000000e+00,0.000000e+00,141073168.0,156344992.0,8931.6,42.43,0.45
BER: END_SEQ #35 [LOCK] seq_err=0 BER_seq=0.0000e+00 | lock=35 slip=0 BER_cond=0.0000e+00 BER_cum=0.0000e+00
BER: SYNC #36 (gated)
CSV,520007,104000,36,35,0,17939,0,0.000000e+00,0.000000e+00,137113216.0,150389264.0,9633.7,41.93,0.40
CSV,525007,105000,36,35,0,18139,0,0.000000e+00,0.000000e+00,153881664.0,142544480.0,8783.1,42.44,0.33
CSV,530007,106000,36,35,0,18338,0,0.000000e+00,0.000000e+00,138446000.0,151365024.0,8763.9,42.37,0.39
BER: END_SEQ #36 [LOCK] seq_err=0 BER_seq=0.0000e+00 | lock=36 slip=0 BER_cond=0.0000e+00 BER_cum=0.0000e+00
BER: SYNC #37 (gated)
CSV,535007,107000,37,36,0,18461,0,0.000000e+00,0.000000e+00,132842848.0,160994192.0,8814.5,42.62,0.83
CSV,540007,108000,37,36,0,18661,0,0.000000e+00,0.000000e+00,158772528.0,132546704.0,9127.4,42.40,0.78
CSV,545007,109000,37,36,0,18861,0,0.000000e+00,0.000000e+00,137504000.0,153536416.0,8275.7,42.68,0.48
BER: END_SEQ #37 [LOCK] seq_err=0 BER_seq=0.0000e+00 | lock=37 slip=0 BER_cond=0.0000e+00 BER_cum=0.0000e+00
BER: SYNC #38 (gated)
CSV,550007,110000,38,37,0,18984,0,0.000000e+00,0.000000e+00,131407224.0,160929120.0,9375.0,42.35,0.88
CSV,555007,111000,38,37,0,19184,0,0.000000e+00,0.000000e+00,157366304.0,130234272.0,9004.2,42.42,0.82
CSV,560007,112000,38,37,0,19384,0,0.000000e+00,0.000000e+00,136244592.0,158458720.0,9104.0,42.41,0.66
BER: END_SEQ #38 [LOCK] seq_err=0 BER_seq=0.0000e+00 | lock=38 slip=0 BER_cond=0.0000e+00 BER_cum=0.0000e+00
BER: SYNC #39 (gated)
CSV,565007,113000,39,38,0,19507,0,0.000000e+00,0.000000e+00,129667472.0,155094240.0,9124.5,42.30,0.78
CSV,570007,114000,39,38,0,19707,0,0.000000e+00,0.000000e+00,156149056.0,136367728.0,8782.5,42.50,0.59
CSV,575007,115000,39,38,0,19906,0,0.000000e+00,0.000000e+00,137601392.0,150591872.0,8878.4,42.29,0.39
BER: END_SEQ #39 [LOCK] seq_err=0 BER_seq=0.0000e+00 | lock=39 slip=0 BER_cond=0.0000e+00 BER_cum=0.0000e+00
BER: SYNC #40 (gated)
CSV,580007,116000,40,39,0,20029,0,0.000000e+00,0.000000e+00,130497312.0,157714496.0,8342.0,42.77,0.82
CSV,585007,117000,40,39,0,20229,0,0.000000e+00,0.000000e+00,156934704.0,133757864.0,8902.9,42.46,0.69
CSV,590007,118000,40,39,0,20429,0,0.000000e+00,0.000000e+00,133059248.0,153302768.0,8649.7,42.49,0.62
BER: END_SEQ #40 [LOCK] seq_err=0 BER_seq=0.0000e+00 | lock=40 slip=0 BER_cond=0.0000e+00 BER_cum=0.0000e+00
BER: SYNC #41 (gated)
CSV,595007,119000,41,40,0,20552,0,0.000000e+00,0.000000e+00,133231152.0,156270688.0,9754.9,42.05,0.69
CSV,600007,120000,41,40,0,20752,0,0.000000e+00,0.000000e+00,152216464.0,131966496.0,8510.3,42.53,0.62
BER: END_SEQ #41 [LOCK] seq_err=0 BER_seq=0.0000e+00 | lock=41 slip=0 BER_cond=0.0000e+00 BER_cum=0.0000e+00
CSV,605007,121000,41,41,0,20951,0,0.000000e+00,0.000000e+00,132203096.0,159709568.0,8807.8,42.58,0.82
BER: SYNC #42 (gated)
CSV,610007,122000,42,41,0,21075,0,0.000000e+00,0.000000e+00,139043536.0,142691856.0,9734.6,41.66,0.11
CSV,615007,123000,42,41,0,21274,0,0.000000e+00,0.000000e+00,148120336.0,139743072.0,8428.6,42.45,0.25
BER: END_SEQ #42 [LOCK] seq_err=0 BER_seq=0.0000e+00 | lock=42 slip=0 BER_cond=0.0000e+00 BER_cum=0.0000e+00
CSV,620007,124000,42,42,0,21462,0,0.000000e+00,0.000000e+00,131518160.0,156535200.0,8309.6,42.75,0.76
BER: SYNC #43 (gated)
CSV,625007,125000,43,42,0,21597,0,0.000000e+00,0.000000e+00,145713120.0,137880688.0,8951.3,42.12,0.24
CSV,630007,126000,43,42,0,21797,0,0.000000e+00,0.000000e+00,139750128.0,149834512.0,9500.4,41.98,0.30
BER: END_SEQ #43 [LOCK] seq_err=0 BER_seq=0.0000e+00 | lock=43 slip=0 BER_cond=0.0000e+00 BER_cum=0.0000e+00
CSV,635007,127000,43,43,0,21973,0,0.000000e+00,0.000000e+00,131772088.0,150710464.0,8640.5,42.42,0.58
BER: SYNC #44 (gated)
CSV,640007,128000,44,43,0,22120,0,0.000000e+00,0.000000e+00,151694528.0,136212416.0,9577.1,42.00,0.47
CSV,645007,129000,44,43,0,22320,0,0.000000e+00,0.000000e+00,133598824.0,149388896.0,9244.0,42.08,0.49
BER: END_SEQ #44 [LOCK] seq_err=0 BER_seq=0.0000e+00 | lock=44 slip=0 BER_cond=0.0000e+00 BER_cum=0.0000e+00
CSV,650007,130000,44,44,0,22484,0,0.000000e+00,0.000000e+00,132011776.0,153336032.0,9288.9,42.18,0.65
BER: SYNC #45 (gated)
CSV,655007,131000,45,44,0,22643,0,0.000000e+00,0.000000e+00,148474112.0,134957072.0,8860.6,42.24,0.41
CSV,660007,132000,45,44,0,22842,0,0.000000e+00,0.000000e+00,133566056.0,149528928.0,8314.7,42.55,0.49
BER: END_SEQ #45 [LOCK] seq_err=0 BER_seq=0.0000e+00 | lock=45 slip=0 BER_cond=0.0000e+00 BER_cum=0.0000e+00
CSV,665007,133000,45,45,0,22995,0,0.000000e+00,0.000000e+00,133407128.0,151373584.0,9742.2,41.91,0.55
BER: SYNC #46 (gated)
CSV,670007,134000,46,45,0,23165,0,0.000000e+00,0.000000e+00,145478736.0,134480656.0,8206.3,42.49,0.34
CSV,675007,135000,46,45,0,23365,0,0.000000e+00,0.000000e+00,135144448.0,150627856.0,8888.5,42.29,0.47
BER: END_SEQ #46 [LOCK] seq_err=0 BER_seq=0.0000e+00 | lock=46 slip=0 BER_cond=0.0000e+00 BER_cum=0.0000e+00
CSV,680007,136000,46,46,0,23506,0,0.000000e+00,0.000000e+00,131045776.0,146403536.0,9358.4,41.94,0.48
BER: SYNC #47 (gated)
CSV,685007,137000,47,46,0,23688,0,0.000000e+00,0.000000e+00,146627808.0,137654256.0,8472.3,42.38,0.27
CSV,690007,138000,47,46,0,23888,0,0.000000e+00,0.000000e+00,132708264.0,148305280.0,8341.8,42.50,0.48
BER: END_SEQ #47 [LOCK] seq_err=0 BER_seq=0.0000e+00 | lock=47 slip=0 BER_cond=0.0000e+00 BER_cum=0.0000e+00
CSV,695007,139000,47,47,0,24017,0,0.000000e+00,0.000000e+00,129523072.0,148293936.0,9563.8,41.90,0.59
BER: SYNC #48 (gated)
CSV,700007,140000,48,47,0,24211,0,0.000000e+00,0.000000e+00,152924016.0,130475416.0,8296.7,42.66,0.69
CSV,705007,141000,48,47,0,24410,0,0.000000e+00,0.000000e+00,131039368.0,146832080.0,8402.1,42.42,0.49
BER: END_SEQ #48 [LOCK] seq_err=0 BER_seq=0.0000e+00 | lock=48 slip=0 BER_cond=0.0000e+00 BER_cum=0.0000e+00
BER: SYNC #49 (gated)
CSV,710007,142000,49,48,0,24533,0,0.000000e+00,0.000000e+00,129472720.0,153082704.0,9581.0,42.04,0.73
CSV,715007,143000,49,48,0,24733,0,0.000000e+00,0.000000e+00,146957728.0,130330120.0,8303.2,42.48,0.52
CSV,720007,144000,49,48,0,24933,0,0.000000e+00,0.000000e+00,132009808.0,150535136.0,8510.6,42.48,0.57
BER: END_SEQ #49 [LOCK] seq_err=0 BER_seq=0.0000e+00 | lock=49 slip=0 BER_cond=0.0000e+00 BER_cum=0.0000e+00
BER: SYNC #50 (gated)
CSV,725007,145000,50,49,0,25056,0,0.000000e+00,0.000000e+00,125656112.0,151809520.0,9518.5,42.03,0.82
CSV,730007,146000,50,49,0,25256,0,0.000000e+00,0.000000e+00,149257536.0,130302456.0,7891.4,42.77,0.59
CSV,735007,147000,50,49,0,25456,0,0.000000e+00,0.000000e+00,135245168.0,145898080.0,9176.3,42.01,0.33
BER: END_SEQ #50 [LOCK] seq_err=0 BER_seq=0.0000e+00 | lock=50 slip=0 BER_cond=0.0000e+00 BER_cum=0.0000e+00
BER: SYNC #51 (gated)
CSV,740007,148000,51,50,0,25579,0,0.000000e+00,0.000000e+00,122020640.0,151874672.0,8678.8,42.43,0.95
CSV,745007,149000,51,50,0,25779,0,0.000000e+00,0.000000e+00,148737264.0,132494256.0,8287.7,42.54,0.50
CSV,750007,150000,51,50,0,25978,0,0.000000e+00,0.000000e+00,132487416.0,142810144.0,8397.4,42.31,0.33
BER: END_SEQ #51 [LOCK] seq_err=0 BER_seq=0.0000e+00 | lock=51 slip=0 BER_cond=0.0000e+00 BER_cum=0.0000e+00
BER: SYNC #52 (gated)
CSV,755007,151000,52,51,0,26101,0,0.000000e+00,0.000000e+00,129485880.0,150177760.0,9172.9,42.14,0.64
CSV,760007,152000,52,51,0,26301,0,0.000000e+00,0.000000e+00,141718560.0,134185600.0,8088.0,42.44,0.24
CSV,765007,153000,52,51,0,26501,0,0.000000e+00,0.000000e+00,133091608.0,145591136.0,8256.5,42.46,0.39
BER: END_SEQ #52 [LOCK] seq_err=0 BER_seq=0.0000e+00 | lock=52 slip=0 BER_cond=0.0000e+00 BER_cum=0.0000e+00
BER: SYNC #53 (gated)
CSV,770007,154000,53,52,0,26624,0,0.000000e+00,0.000000e+00,129569632.0,146987088.0,9478.6,41.91,0.55
CSV,775007,155000,53,52,0,26824,0,0.000000e+00,0.000000e+00,142422416.0,132418504.0,8710.8,42.14,0.32
CSV,780007,156000,53,52,0,27024,0,0.000000e+00,0.000000e+00,134645504.0,145228432.0,8323.0,42.42,0.33
BER: END_SEQ #53 [LOCK] seq_err=0 BER_seq=0.0000e+00 | lock=53 slip=0 BER_cond=0.0000e+00 BER_cum=0.0000e+00
BER: SYNC #54 (gated)
CSV,785007,157000,54,53,0,27147,0,0.000000e+00,0.000000e+00,122121256.0,149038256.0,8740.9,42.32,0.87
CSV,790007,158000,54,53,0,27347,0,0.000000e+00,0.000000e+00,151756528.0,127062200.0,8522.0,42.51,0.77
CSV,795007,159000,54,53,0,27546,0,0.000000e+00,0.000000e+00,127657720.0,145908320.0,8928.7,42.13,0.58
BER: END_SEQ #54 [LOCK] seq_err=0 BER_seq=0.0000e+00 | lock=54 slip=0 BER_cond=0.0000e+00 BER_cum=0.0000e+00
BER: SYNC #55 (gated)
CSV,800007,160000,55,54,0,27669,0,0.000000e+00,0.000000e+00,125031928.0,152114576.0,8697.7,42.43,0.85
CSV,805007,161000,55,54,0,27869,0,0.000000e+00,0.000000e+00,150689280.0,124612120.0,8265.4,42.61,0.83
CSV,810007,162000,55,54,0,28069,0,0.000000e+00,0.000000e+00,127218208.0,147202768.0,8108.8,42.59,0.63
BER: END_SEQ #55 [LOCK] seq_err=0 BER_seq=0.0000e+00 | lock=55 slip=0 BER_cond=0.0000e+00 BER_cum=0.0000e+00
BER: SYNC #56 (gated)
CSV,815007,163000,56,55,0,28192,0,0.000000e+00,0.000000e+00,126062208.0,150048752.0,9118.7,42.16,0.76
CSV,820007,164000,56,55,0,28392,0,0.000000e+00,0.000000e+00,143910096.0,127864432.0,8428.9,42.32,0.51
CSV,825007,165000,56,55,0,28592,0,0.000000e+00,0.000000e+00,131476864.0,146652512.0,8194.0,42.53,0.47
BER: END_SEQ #56 [LOCK] seq_err=0 BER_seq=0.0000e+00 | lock=56 slip=0 BER_cond=0.0000e+00 BER_cum=0.0000e+00
BER: SYNC #57 (gated)
CSV,830007,166000,57,56,0,28715,0,0.000000e+00,0.000000e+00,122446576.0,146685248.0,8677.8,42.28,0.78
CSV,835007,167000,57,56,0,28915,0,0.000000e+00,0.000000e+00,148668432.0,127549184.0,7932.8,42.73,0.67
CSV,840007,168000,57,56,0,29114,0,0.000000e+00,0.000000e+00,126116496.0,147407760.0,8331.0,42.48,0.68
BER: END_SEQ #57 [LOCK] seq_err=0 BER_seq=0.0000e+00 | lock=57 slip=0 BER_cond=0.0000e+00 BER_cum=0.0000e+00
BER: SYNC #58 (gated)
CSV,845007,169000,58,57,0,29237,0,0.000000e+00,0.000000e+00,126889464.0,145393760.0,8626.9,42.27,0.59
CSV,850007,170000,58,57,0,29437,0,0.000000e+00,0.000000e+00,146068864.0,129286512.0,7963.2,42.63,0.53
CSV,855007,171000,58,57,0,29637,0,0.000000e+00,0.000000e+00,122426680.0,149004288.0,7924.1,42.74,0.85
BER: END_SEQ #58 [LOCK] seq_err=0 BER_seq=0.0000e+00 | lock=58 slip=0 BER_cond=0.0000e+00 BER_cum=0.0000e+00
BER: SYNC #59 (gated)
CSV,860007,172000,59,58,0,29760,0,0.000000e+00,0.000000e+00,133711672.0,139718224.0,9414.1,41.71,0.19
CSV,865007,173000,59,58,0,29960,0,0.000000e+00,0.000000e+00,139707056.0,129878064.0,8907.6,41.95,0.32
BER: END_SEQ #59 [LOCK] seq_err=0 BER_seq=0.0000e+00 | lock=59 slip=0 BER_cond=0.0000e+00 BER_cum=0.0000e+00
CSV,870007,174000,59,59,0,30149,0,0.000000e+00,0.000000e+00,125478224.0,150003552.0,8815.8,42.31,0.78
BER: SYNC #60 (gated)
CSV,875007,175000,60,59,0,30283,0,0.000000e+00,0.000000e+00,137610032.0,130256528.0,8501.3,42.09,0.24
CSV,880007,176000,60,59,0,30482,0,0.000000e+00,0.000000e+00,130113464.0,142853232.0,8588.1,42.21,0.41
BER: END_SEQ #60 [LOCK] seq_err=0 BER_seq=0.0000e+00 | lock=60 slip=0 BER_cond=0.0000e+00 BER_cum=0.0000e+00
CSV,885007,177000,60,60,0,30660,0,0.000000e+00,0.000000e+00,128378200.0,144592848.0,8066.4,42.53,0.52
BER: SYNC #61 (gated)
CSV,890007,178000,61,60,0,30805,0,0.000000e+00,0.000000e+00,140583392.0,128258992.0,8964.2,41.95,0.40
CSV,895007,179000,61,60,0,31005,0,0.000000e+00,0.000000e+00,129961608.0,144477568.0,7724.0,42.72,0.46
BER: END_SEQ #61 [LOCK] seq_err=0 BER_seq=0.0000e+00 | lock=61 slip=0 BER_cond=0.0000e+00 BER_cum=0.0000e+00
CSV,900007,180000,61,61,0,31171,0,0.000000e+00,0.000000e+00,123667848.0,143471184.0,8794.3,42.13,0.65
BER: SYNC #62 (gated)
CSV,905007,181000,62,61,0,31328,0,0.000000e+00,0.000000e+00,142694096.0,130319264.0,9270.8,41.87,0.39
CSV,910007,182000,62,61,0,31528,0,0.000000e+00,0.000000e+00,125297232.0,143869568.0,8655.6,42.21,0.60
BER: END_SEQ #62 [LOCK] seq_err=0 BER_seq=0.0000e+00 | lock=62 slip=0 BER_cond=0.0000e+00 BER_cum=0.0000e+00
CSV,915007,183000,62,62,0,31682,0,0.000000e+00,0.000000e+00,127141920.0,142898416.0,9315.5,41.86,0.51
BER: SYNC #63 (gated)
CSV,920007,184000,63,62,0,31851,0,0.000000e+00,0.000000e+00,141384608.0,129220432.0,8690.4,42.11,0.39
CSV,925007,185000,63,62,0,32050,0,0.000000e+00,0.000000e+00,126693392.0,142062752.0,7852.9,42.57,0.50
BER: END_SEQ #63 [LOCK] seq_err=0 BER_seq=0.0000e+00 | lock=63 slip=0 BER_cond=0.0000e+00 BER_cum=0.0000e+00
CSV,930007,186000,63,63,0,32193,0,0.000000e+00,0.000000e+00,126613792.0,144727664.0,9333.5,41.91,0.58
BER: SYNC #64 (gated)
CSV,935007,187000,64,63,0,32373,0,0.000000e+00,0.000000e+00,137074752.0,130025080.0,8537.8,42.06,0.23
CSV,940007,188000,64,63,0,32573,0,0.000000e+00,0.000000e+00,128505224.0,143735232.0,8276.2,42.40,0.49
BER: END_SEQ #64 [LOCK] seq_err=0 BER_seq=0.0000e+00 | lock=64 slip=0 BER_cond=0.0000e+00 BER_cum=0.0000e+00
CSV,945007,189000,64,64,0,32704,0,0.000000e+00,0.000000e+00,122801560.0,142481840.0,9185.4,41.91,0.65
BER: SYNC #65 (gated)
CSV,950007,190000,65,64,0,32896,0,0.000000e+00,0.000000e+00,145827488.0,125167808.0,8151.9,42.53,0.66
CSV,955007,191000,65,64,0,33096,0,0.000000e+00,0.000000e+00,127826392.0,141104512.0,8104.4,42.41,0.43
BER: END_SEQ #65 [LOCK] seq_err=0 BER_seq=0.0000e+00 | lock=65 slip=0 BER_cond=0.0000e+00 BER_cum=0.0000e+00
BER: SYNC #66 (gated)
CSV,960007,192000,66,65,0,33219,0,0.000000e+00,0.000000e+00,121142600.0,144405824.0,9476.9,41.83,0.76
CSV,965007,193000,66,65,0,33419,0,0.000000e+00,0.000000e+00,144360992.0,126517920.0,8420.9,42.34,0.57
CSV,970007,194000,66,65,0,33618,0,0.000000e+00,0.000000e+00,123636576.0,142004192.0,8593.4,42.18,0.60
BER: END_SEQ #66 [LOCK] seq_err=0 BER_seq=0.0000e+00 | lock=66 slip=0 BER_cond=0.0000e+00 BER_cum=0.0000e+00
BER: SYNC #67 (gated)
CSV,975007,195000,67,66,0,33741,0,0.000000e+00,0.000000e+00,120769336.0,150234944.0,9264.4,42.10,0.95
CSV,980007,196000,67,66,0,33941,0,0.000000e+00,0.000000e+00,141892928.0,123071904.0,8574.1,42.19,0.62
CSV,985007,197000,67,66,0,34141,0,0.000000e+00,0.000000e+00,129702272.0,140640240.0,8826.3,42.02,0.35
BER: END_SEQ #67 [LOCK] seq_err=0 BER_seq=0.0000e+00 | lock=67 slip=0 BER_cond=0.0000e+00 BER_cum=0.0000e+00
BER: SYNC #68 (gated)
CSV,990007,198000,68,67,0,34264,0,0.000000e+00,0.000000e+00,117675192.0,147020544.0,8540.4,42.36,0.97
CSV,995007,199000,68,67,0,34464,0,0.000000e+00,0.000000e+00,143320288.0,123601808.0,7565.3,42.77,0.64
CSV,1000007,200000,68,67,0,34664,0,0.000000e+00,0.000000e+00,127164904.0,141753728.0,7975.0,42.50,0.47
BER: END_SEQ #68 [LOCK] seq_err=0 BER_seq=0.0000e+00 | lock=68 slip=0 BER_cond=0.0000e+00 BER_cum=0.0000e+00
BER: SYNC #69 (gated)
CSV,1005007,201000,69,68,0,34787,0,0.000000e+00,0.000000e+00,121834080.0,140077312.0,9098.4,41.87,0.61
CSV,1010007,202000,69,68,0,34987,0,0.000000e+00,0.000000e+00,138061136.0,131245680.0,7731.1,42.52,0.22
CSV,1015007,203000,69,68,0,35186,0,0.000000e+00,0.000000e+00,126534904.0,136477568.0,8588.5,42.01,0.33
BER: END_SEQ #69 [LOCK] seq_err=0 BER_seq=0.0000e+00 | lock=69 slip=0 BER_cond=0.0000e+00 BER_cum=0.0000e+00
BER: SYNC #70 (gated)
CSV,1020007,204000,70,69,0,35309,0,0.000000e+00,0.000000e+00,123905184.0,143969504.0,8230.3,42.43,0.65
CSV,1025007,205000,70,69,0,35509,0,0.000000e+00,0.000000e+00,136561792.0,127048968.0,8517.5,42.05,0.31
CSV,1030007,206000,70,69,0,35709,0,0.000000e+00,0.000000e+00,127706920.0,138638144.0,8421.4,42.16,0.36
BER: END_SEQ #70 [LOCK] seq_err=0 BER_seq=0.0000e+00 | lock=70 slip=0 BER_cond=0.0000e+00 BER_cum=0.0000e+00
BER: SYNC #71 (gated)
CSV,1035007,207000,71,70,0,35832,0,0.000000e+00,0.000000e+00,121282656.0,143325808.0,9044.3,42.00,0.73
CSV,1040007,208000,71,70,0,36032,0,0.000000e+00,0.000000e+00,142326000.0,120813240.0,8390.9,42.29,0.71
CSV,1045007,209000,71,70,0,36232,0,0.000000e+00,0.000000e+00,125872856.0,141972976.0,9048.0,41.96,0.52
BER: END_SEQ #71 [LOCK] seq_err=0 BER_seq=0.0000e+00 | lock=71 slip=0 BER_cond=0.0000e+00 BER_cum=0.0000e+00
BER: SYNC #72 (gated)
CSV,1050007,210000,72,71,0,36355,0,0.000000e+00,0.000000e+00,115550472.0,144190112.0,8938.7,42.08,0.96
CSV,1055007,211000,72,71,0,36555,0,0.000000e+00,0.000000e+00,146398528.0,120618544.0,8707.0,42.26,0.84
CSV,1060007,212000,72,71,0,36754,0,0.000000e+00,0.000000e+00,120686928.0,141129712.0,8441.8,42.23,0.68
BER: END_SEQ #72 [LOCK] seq_err=0 BER_seq=0.0000e+00 | lock=72 slip=0 BER_cond=0.0000e+00 BER_cum=0.0000e+00
BER: SYNC #73 (gated)
CSV,1065007,213000,73,72,0,36877,0,0.000000e+00,0.000000e+00,121990576.0,143423040.0,8744.4,42.15,0.70
CSV,1070007,214000,73,72,0,37077,0,0.000000e+00,0.000000e+00,139648064.0,123900848.0,7832.8,42.51,0.52
CSV,1075007,215000,73,72,0,37277,0,0.000000e+00,0.000000e+00,122523544.0,140397680.0,8359.6,42.25,0.59
BER: END_SEQ #73 [LOCK] seq_err=0 BER_seq=0.0000e+00 | lock=73 slip=0 BER_cond=0.0000e+00 BER_cum=0.0000e+00
BER: SYNC #74 (gated)
CSV,1080007,216000,74,73,0,37400,0,0.000000e+00,0.000000e+00,120915720.0,143252912.0,9525.1,41.77,0.74
CSV,1085007,217000,74,73,0,37600,0,0.000000e+00,0.000000e+00,138908464.0,121457080.0,8607.9,42.08,0.58
CSV,1090007,218000,74,73,0,37800,0,0.000000e+00,0.000000e+00,124165928.0,142974864.0,8713.2,42.15,0.61
BER: END_SEQ #74 [LOCK] seq_err=0 BER_seq=0.0000e+00 | lock=74 slip=0 BER_cond=0.0000e+00 BER_cum=0.0000e+00
BER: SYNC #75 (gated)
CSV,1095007,219000,75,74,0,37923,0,0.000000e+00,0.000000e+00,118646696.0,139043808.0,8449.0,42.16,0.69
CSV,1100007,220000,75,74,0,38123,0,0.000000e+00,0.000000e+00,141166304.0,123921680.0,8619.5,42.14,0.57
CSV,1105007,221000,75,74,0,38322,0,0.000000e+00,0.000000e+00,119444640.0,142506096.0,8466.1,42.26,0.77
BER: END_SEQ #75 [LOCK] seq_err=0 BER_seq=0.0000e+00 | lock=75 slip=0 BER_cond=0.0000e+00 BER_cum=0.0000e+00
BER: SYNC #76 (gated)
CSV,1110007,222000,76,75,0,38445,0,0.000000e+00,0.000000e+00,126125024.0,135749824.0,8725.0,41.92,0.32
CSV,1115007,223000,76,75,0,38645,0,0.000000e+00,0.000000e+00,136126688.0,127734656.0,8156.4,42.22,0.28
BER: END_SEQ #76 [LOCK] seq_err=0 BER_seq=0.0000e+00 | lock=76 slip=0 BER_cond=0.0000e+00 BER_cum=0.0000e+00
CSV,1120007,224000,76,76,0,38836,0,0.000000e+00,0.000000e+00,119097832.0,141146560.0,8122.0,42.40,0.74
BER: SYNC #77 (gated)
CSV,1125007,225000,77,76,0,38968,0,0.000000e+00,0.000000e+00,133837320.0,128953984.0,9087.6,41.68,0.16
CSV,1130007,226000,77,76,0,39168,0,0.000000e+00,0.000000e+00,124516256.0,134333840.0,7847.3,42.33,0.33
BER: END_SEQ #77 [LOCK] seq_err=0 BER_seq=0.0000e+00 | lock=77 slip=0 BER_cond=0.0000e+00 BER_cum=0.0000e+00
CSV,1135007,227000,77,77,0,39347,0,0.000000e+00,0.000000e+00,124124392.0,139632848.0,8771.2,42.02,0.51
BER: SYNC #78 (gated)
CSV,1140007,228000,78,77,0,39491,0,0.000000e+00,0.000000e+00,134803904.0,122628072.0,8244.4,42.14,0.41
CSV,1145007,229000,78,77,0,39690,0,0.000000e+00,0.000000e+00,125031928.0,137480928.0,8466.8,42.11,0.41
BER: END_SEQ #78 [LOCK] seq_err=0 BER_seq=0.0000e+00 | lock=78 slip=0 BER_cond=0.0000e+00 BER_cum=0.0000e+00
CSV,1150007,230000,78,78,0,39858,0,0.000000e+00,0.000000e+00,120585464.0,141202848.0,8606.9,42.15,0.69
BER: SYNC #79 (gated)
CSV,1155007,231000,79,78,0,40013,0,0.000000e+00,0.000000e+00,135337888.0,123463016.0,8611.5,41.96,0.40
CSV,1160007,232000,79,78,0,40213,0,0.000000e+00,0.000000e+00,121979448.0,141301600.0,8103.2,42.41,0.64
BER: END_SEQ #79 [LOCK] seq_err=0 BER_seq=0.0000e+00 | lock=79 slip=0 BER_cond=0.0000e+00 BER_cum=0.0000e+00
CSV,1165007,233000,79,79,0,40369,0,0.000000e+00,0.000000e+00,121082936.0,134789040.0,8672.0,41.92,0.47
BER: SYNC #80 (gated)
CSV,1170007,234000,80,79,0,40536,0,0.000000e+00,0.000000e+00,138093504.0,124524208.0,8423.0,42.15,0.45
CSV,1175007,235000,80,79,0,40736,0,0.000000e+00,0.000000e+00,120609368.0,137465664.0,8162.0,42.26,0.57
BER: END_SEQ #80 [LOCK] seq_err=0 BER_seq=0.0000e+00 | lock=80 slip=0 BER_cond=0.0000e+00 BER_cum=0.0000e+00
CSV,1180007,236000,80,80,0,40880,0,0.000000e+00,0.000000e+00,120754928.0,138631536.0,8624.0,42.06,0.60
BER: SYNC #81 (gated)
CSV,1185007,237000,81,80,0,41059,0,0.000000e+00,0.000000e+00,135584320.0,126288320.0,8292.9,42.14,0.31
CSV,1190007,238000,81,80,0,41258,0,0.000000e+00,0.000000e+00,122588984.0,140283696.0,8782.1,42.03,0.59
BER: END_SEQ #81 [LOCK] seq_err=0 BER_seq=0.0000e+00 | lock=81 slip=0 BER_cond=0.0000e+00 BER_cum=0.0000e+00
CSV,1195007,239000,81,81,0,41391,0,0.000000e+00,0.000000e+00,124746288.0,142413424.0,9208.3,41.89,0.58
BER: SYNC #82 (gated)
CSV,1200007,240000,82,81,0,41581,0,0.000000e+00,0.000000e+00,140156304.0,123040488.0,8150.8,42.35,0.57
CSV,1205007,241000,82,81,0,41781,0,0.000000e+00,0.000000e+00,128294656.0,140827456.0,8222.5,42.34,0.40
BER: END_SEQ #82 [LOCK] seq_err=0 BER_seq=0.0000e+00 | lock=82 slip=0 BER_cond=0.0000e+00 BER_cum=0.0000e+00
BER: SYNC #83 (gated)
CSV,1210007,242000,83,82,0,41904,0,0.000000e+00,0.000000e+00,119008576.0,142746944.0,9045.4,41.98,0.79
CSV,1215007,243000,83,82,0,42104,0,0.000000e+00,0.000000e+00,143484848.0,125593072.0,8120.4,42.47,0.58
CSV,1220007,244000,83,82,0,42304,0,0.000000e+00,0.000000e+00,126486280.0,142576208.0,7884.2,42.57,0.52
BER: END_SEQ #83 [LOCK] seq_err=0 BER_seq=0.0000e+00 | lock=83 slip=0 BER_cond=0.0000e+00 BER_cum=0.0000e+00
BER: SYNC #84 (gated)
CSV,1225007,245000,84,83,0,42427,0,0.000000e+00,0.000000e+00,121290160.0,150863952.0,8933.6,42.28,0.95
CSV,1230007,246000,84,83,0,42627,0,0.000000e+00,0.000000e+00,142159312.0,124493552.0,8383.3,42.29,0.58
CSV,1235007,247000,84,83,0,42826,0,0.000000e+00,0.000000e+00,124263032.0,136942416.0,8584.0,42.03,0.42
BER: END_SEQ #84 [LOCK] seq_err=0 BER_seq=0.0000e+00 | lock=84 slip=0 BER_cond=0.0000e+00 BER_cum=0.0000e+00
BER: SYNC #85 (gated)
CSV,1240007,248000,85,84,0,42949,0,0.000000e+00,0.000000e+00,118217144.0,143606992.0,8705.1,42.17,0.84
CSV,1245007,249000,85,84,0,43149,0,0.000000e+00,0.000000e+00,136292592.0,117453736.0,8404.1,42.10,0.65
CSV,1250007,250000,85,84,0,43349,0,0.000000e+00,0.000000e+00,122085792.0,137415152.0,7440.2,42.66,0.51
BER: END_SEQ #85 [LOCK] seq_err=0 BER_seq=0.0000e+00 | lock=85 slip=0 BER_cond=0.0000e+00 BER_cum=0.0000e+00
BER: SYNC #86 (gated)
CSV,1255007,251000,86,85,0,43472,0,0.000000e+00,0.000000e+00,117454160.0,135310192.0,8924.3,41.81,0.61
CSV,1260007,252000,86,85,0,43672,0,0.000000e+00,0.000000e+00,132088184.0,124331008.0,7973.9,42.19,0.26
CSV,1265007,253000,86,85,0,43872,0,0.000000e+00,0.000000e+00,122326248.0,134605856.0,8122.6,42.19,0.42
BER: END_SEQ #86 [LOCK] seq_err=0 BER_seq=0.0000e+00 | lock=86 slip=0 BER_cond=0.0000e+00 BER_cum=0.0000e+00
BER: SYNC #87 (gated)
CSV,1270007,254000,87,86,0,43995,0,0.000000e+00,0.000000e+00,115568688.0,135489232.0,9659.1,41.47,0.69
CSV,1275007,255000,87,86,0,44195,0,0.000000e+00,0.000000e+00,134514736.0,123191056.0,8561.7,41.96,0.38
CSV,1280007,256000,87,86,0,44394,0,0.000000e+00,0.000000e+00,119780120.0,132273656.0,8721.7,41.81,0.43
BER: END_SEQ #87 [LOCK] seq_err=0 BER_seq=0.0000e+00 | lock=87 slip=0 BER_cond=0.0000e+00 BER_cum=0.0000e+00
BER: SYNC #88 (gated)
CSV,1285007,257000,88,87,0,44517,0,0.000000e+00,0.000000e+00,118836832.0,138482640.0,8811.6,41.96,0.66
CSV,1290007,258000,88,87,0,44717,0,0.000000e+00,0.000000e+00,133913928.0,118015200.0,8339.0,42.06,0.55
CSV,1295007,259000,88,87,0,44917,0,0.000000e+00,0.000000e+00,121453368.0,133708848.0,7358.5,42.59,0.42
BER: END_SEQ #88 [LOCK] seq_err=0 BER_seq=0.0000e+00 | lock=88 slip=0 BER_cond=0.0000e+00 BER_cum=0.0000e+00
BER: SYNC #89 (gated)
CSV,1300007,260000,89,88,0,45040,0,0.000000e+00,0.000000e+00,110919552.0,141690688.0,8973.9,41.98,1.06
CSV,1305007,261000,89,88,0,45240,0,0.000000e+00,0.000000e+00,139440896.0,112315824.0,8124.0,42.35,0.94
CSV,1310007,262000,89,88,0,45440,0,0.000000e+00,0.000000e+00,118952784.0,137067088.0,8234.6,42.21,0.62
BER: END_SEQ #89 [LOCK] seq_err=0 BER_seq=0.0000e+00 | lock=89 slip=0 BER_cond=0.0000e+00 BER_cum=0.0000e+00
BER: SYNC #90 (gated)
CSV,1315007,263000,90,89,0,45563,0,0.000000e+00,0.000000e+00,111677384.0,136441152.0,8960.6,41.83,0.87
CSV,1320007,264000,90,89,0,45763,0,0.000000e+00,0.000000e+00,137662048.0,118192544.0,8316.8,42.19,0.66
CSV,1325007,265000,90,89,0,45962,0,0.000000e+00,0.000000e+00,115430800.0,135078352.0,9197.7,41.67,0.68
BER: END_SEQ #90 [LOCK] seq_err=0 BER_seq=0.0000e+00 | lock=90 slip=0 BER_cond=0.0000e+00 BER_cum=0.0000e+00
BER: SYNC #91 (gated)
CSV,1330007,266000,91,90,0,46085,0,0.000000e+00,0.000000e+00,117539088.0,137217312.0,8106.7,42.29,0.67
CSV,1335007,267000,91,90,0,46285,0,0.000000e+00,0.000000e+00,134496912.0,117584864.0,7978.8,42.27,0.58
CSV,1340007,268000,91,90,0,46485,0,0.000000e+00,0.000000e+00,117513520.0,134669728.0,7790.1,42.38,0.59
BER: END_SEQ #91 [LOCK] seq_err=0 BER_seq=0.0000e+00 | lock=91 slip=0 BER_cond=0.0000e+00 BER_cum=0.0000e+00
BER: SYNC #92 (gated)
CSV,1345007,269000,92,91,0,46608,0,0.000000e+00,0.000000e+00,115475712.0,136838416.0,8481.1,42.08,0.74
CSV,1350007,270000,92,91,0,46808,0,0.000000e+00,0.000000e+00,132554896.0,116611184.0,9118.0,41.62,0.56
CSV,1355007,271000,92,91,0,47008,0,0.000000e+00,0.000000e+00,117843792.0,137605920.0,8340.0,42.17,0.67
BER: END_SEQ #92 [LOCK] seq_err=0 BER_seq=0.0000e+00 | lock=92 slip=0 BER_cond=0.0000e+00 BER_cum=0.0000e+00
BER: SYNC #93 (gated)
CSV,1360007,272000,93,92,0,47131,0,0.000000e+00,0.000000e+00,117095496.0,128884928.0,8842.0,41.64,0.42
CSV,1365007,273000,93,92,0,47331,0,0.000000e+00,0.000000e+00,131340968.0,122530264.0,8028.3,42.14,0.30
BER: END_SEQ #93 [LOCK] seq_err=0 BER_seq=0.0000e+00 | lock=93 slip=0 BER_cond=0.0000e+00 BER_cum=0.0000e+00
CSV,1370007,274000,93,93,0,47523,0,0.000000e+00,0.000000e+00,113971264.0,136319840.0,7986.3,42.32,0.78
BER: SYNC #94 (gated)
CSV,1375007,275000,94,93,0,47653,0,0.000000e+00,0.000000e+00,126930152.0,124061760.0,9593.7,41.22,0.10
CSV,1380007,276000,94,93,0,47853,0,0.000000e+00,0.000000e+00,123129032.0,129063864.0,8014.6,42.07,0.20
BER: END_SEQ #94 [LOCK] seq_err=0 BER_seq=0.0000e+00 | lock=94 slip=0 BER_cond=0.0000e+00 BER_cum=0.0000e+00
CSV,1385007,277000,94,94,0,48034,0,0.000000e+00,0.000000e+00,115446104.0,132523192.0,8160.0,42.11,0.60
BER: SYNC #95 (gated)
CSV,1390007,278000,95,94,0,48176,0,0.000000e+00,0.000000e+00,130402152.0,120767136.0,8752.8,41.73,0.33
CSV,1395007,279000,95,94,0,48376,0,0.000000e+00,0.000000e+00,118399944.0,128658568.0,8621.2,41.74,0.36
BER: END_SEQ #95 [LOCK] seq_err=0 BER_seq=0.0000e+00 | lock=95 slip=0 BER_cond=0.0000e+00 BER_cum=0.0000e+00
CSV,1400007,280000,95,95,0,48545,0,0.000000e+00,0.000000e+00,115786976.0,135421984.0,8758.9,41.89,0.68
BER: SYNC #96 (gated)
CSV,1405007,281000,96,95,0,48699,0,0.000000e+00,0.000000e+00,128809296.0,117326040.0,8727.8,41.69,0.41
CSV,1410007,282000,96,95,0,48898,0,0.000000e+00,0.000000e+00,116730800.0,133789832.0,7919.0,42.28,0.59
BER: END_SEQ #96 [LOCK] seq_err=0 BER_seq=0.0000e+00 | lock=96 slip=0 BER_cond=0.0000e+00 BER_cum=0.0000e+00
CSV,1415007,283000,96,96,0,49056,0,0.000000e+00,0.000000e+00,117487456.0,132274672.0,9021.1,41.66,0.51
BER: SYNC #97 (gated)
CSV,1420007,284000,97,96,0,49221,0,0.000000e+00,0.000000e+00,129633128.0,117615640.0,8707.3,41.73,0.42
CSV,1425007,285000,97,96,0,49421,0,0.000000e+00,0.000000e+00,117827672.0,133407904.0,8085.5,42.17,0.54
BER: END_SEQ #97 [LOCK] seq_err=0 BER_seq=0.0000e+00 | lock=97 slip=0 BER_cond=0.0000e+00 BER_cum=0.0000e+00
CSV,1430007,286000,97,97,0,49567,0,0.000000e+00,0.000000e+00,113254952.0,130503312.0,8390.9,41.92,0.62
BER: SYNC #98 (gated)
CSV,1435007,287000,98,97,0,49744,0,0.000000e+00,0.000000e+00,129665072.0,121233424.0,7885.4,42.16,0.29
CSV,1440007,288000,98,97,0,49944,0,0.000000e+00,0.000000e+00,114280936.0,131582984.0,7885.7,42.22,0.61
BER: END_SEQ #98 [LOCK] seq_err=0 BER_seq=0.0000e+00 | lock=98 slip=0 BER_cond=0.0000e+00 BER_cum=0.0000e+00
CSV,1445007,289000,98,98,0,50078,0,0.000000e+00,0.000000e+00,115897480.0,131055048.0,8770.3,41.74,0.53
BER: SYNC #99 (gated)
CSV,1450007,290000,99,98,0,50267,0,0.000000e+00,0.000000e+00,130804832.0,117166496.0,7736.9,42.28,0.48
CSV,1455007,291000,99,98,0,50466,0,0.000000e+00,0.000000e+00,117181776.0,129420432.0,8049.0,42.06,0.43
BER: END_SEQ #99 [LOCK] seq_err=0 BER_seq=0.0000e+00 | lock=99 slip=0 BER_cond=0.0000e+00 BER_cum=0.0000e+00
BER: SYNC #100 (gated)
CSV,1460007,292000,100,99,0,50589,0,0.000000e+00,0.000000e+00,112049616.0,137225792.0,8946.1,41.86,0.88
CSV,1465007,293000,100,99,0,50789,0,0.000000e+00,0.000000e+00,131326344.0,112904848.0,8039.5,42.13,0.66
CSV,1470007,294000,100,99,0,50989,0,0.000000e+00,0.000000e+00,116109952.0,133629776.0,8367.9,42.03,0.61
BER: END_SEQ #100 [LOCK] seq_err=0 BER_seq=0.0000e+00 | lock=100 slip=0 BER_cond=0.0000e+00 BER_cum=0.0000e+00
BER: SYNC #101 (gated)
CSV,1475007,295000,101,100,0,51112,0,0.000000e+00,0.000000e+00,109384608.0,133139016.0,8630.3,41.88,0.85
CSV,1480007,296000,101,100,0,51312,0,0.000000e+00,0.000000e+00,130984800.0,117496552.0,8134.3,42.07,0.47
CSV,1485007,297000,101,100,0,51512,0,0.000000e+00,0.000000e+00,115808080.0,129926704.0,7885.9,42.17,0.50
BER: END_SEQ #101 [LOCK] seq_err=0 BER_seq=0.0000e+00 | lock=101 slip=0 BER_cond=0.0000e+00 BER_cum=0.0000e+00
BER: SYNC #102 (gated)
CSV,1490007,298000,102,101,0,51635,0,0.000000e+00,0.000000e+00,110891112.0,133525912.0,8712.9,41.85,0.81
CSV,1495007,299000,102,101,0,51835,0,0.000000e+00,0.000000e+00,132880464.0,114744512.0,8095.2,42.15,0.64
CSV,1500007,300000,102,101,0,52034,0,0.000000e+00,0.000000e+00,114727320.0,129443944.0,8294.1,41.93,0.52
BER: END_SEQ #102 [LOCK] seq_err=0 BER_seq=0.0000e+00 | lock=102 slip=0 BER_cond=0.0000e+00 BER_cum=0.0000e+00

=========================================
=== END OF TEST (duration=25 min) ===
=========================================
FINAL: syncs=102 lock=102 slip=0 slip_rate=0.0000
FINAL: bits_cum=52122 err_cum=0 BER_cum=0.0000e+00
FINAL: bits_lock=52122 err_lock=0 BER_cond=0.0000e+00
=========================================
=== STOP LOGGING NOW ===
=========================================
