

=== RX BOOT - BER TEST MODE ===
BPS_MODE=40 (HALF_SAMPLES=1000, 5000 samples/bit @ 200000 Hz)
Expect: 64-bit preamble + Barker13 (1F35h, gated by 8 preamble bits = 0x55) + 511-bit PRBS-9
Noise floor band: 5000 Hz; lock threshold: BER<0.10
Auto-stop: test will halt 25 min after the first sync.
RX: edge-tracking sync, center-3 voting
Starting decoder...

BER: SYNC #1 (gated)
CSV,5007,1000,1,0,0,43,0,0.000000e+00,0.000000e+00,50309804032.0,46100733952.0,1066625.1,46.74,0.38
CSV,10007,2000,1,0,0,243,0,0.000000e+00,0.000000e+00,50882895872.0,42317873152.0,1208137.0,46.24,0.80
CSV,15007,3000,1,0,0,443,0,0.000000e+00,0.000000e+00,48902742016.0,46413807616.0,1415438.5,45.38,0.23
BER: END_SEQ #1 [LOCK] seq_err=0 BER_seq=0.0000e+00 | lock=1 slip=0 BER_cond=0.0000e+00 BER_cum=0.0000e+00
BER: SYNC #2 (gated)
CSV,20007,4000,2,1,0,566,0,0.000000e+00,0.000000e+00,46563176448.0,45070151680.0,1401126.6,45.22,0.14
CSV,25007,5000,2,1,0,766,0,0.000000e+00,0.000000e+00,53590212608.0,42120286208.0,1167347.9,46.62,1.05
CSV,30007,6000,2,1,0,965,0,0.000000e+00,0.000000e+00,47605874688.0,45193314304.0,1256287.0,45.79,0.23
BER: END_SEQ #2 [LOCK] seq_err=0 BER_seq=0.0000e+00 | lock=2 slip=0 BER_cond=0.0000e+00 BER_cum=0.0000e+00
BER: SYNC #3 (gated)
CSV,35007,7000,3,2,0,1088,0,0.000000e+00,0.000000e+00,46277287936.0,48552460288.0,1393476.8,45.42,0.21
CSV,40007,8000,3,2,0,1288,0,0.000000e+00,0.000000e+00,54403076096.0,39264272384.0,1289752.5,46.25,1.42
CSV,45007,9000,3,2,0,1488,0,0.000000e+00,0.000000e+00,48359477248.0,46776508416.0,1215951.8,46.00,0.14
BER: END_SEQ #3 [LOCK] seq_err=0 BER_seq=0.0000e+00 | lock=3 slip=0 BER_cond=0.0000e+00 BER_cum=0.0000e+00
BER: SYNC #4 (gated)
CSV,50007,10000,4,3,0,1611,0,0.000000e+00,0.000000e+00,43995901952.0,47431987200.0,1459334.9,45.12,0.33
CSV,55007,11000,4,3,0,1811,0,0.000000e+00,0.000000e+00,55968825344.0,39716614144.0,1199022.1,46.69,1.49
CSV,60007,12000,4,3,0,2011,0,0.000000e+00,0.000000e+00,45892861952.0,46608920576.0,1256065.0,45.69,0.07
BER: END_SEQ #4 [LOCK] seq_err=0 BER_seq=0.0000e+00 | lock=4 slip=0 BER_cond=0.0000e+00 BER_cum=0.0000e+00
BER: SYNC #5 (gated)
CSV,65007,13000,5,4,0,2134,0,0.000000e+00,0.000000e+00,46494908416.0,47635898368.0,1460150.9,45.14,0.11
CSV,70007,14000,5,4,0,2334,0,0.000000e+00,0.000000e+00,52780965888.0,40580308992.0,1156754.1,46.59,1.14
CSV,75007,15000,5,4,0,2534,0,0.000000e+00,0.000000e+00,49141555200.0,45581037568.0,1082622.6,46.57,0.33
BER: END_SEQ #5 [LOCK] seq_err=0 BER_seq=0.0000e+00 | lock=5 slip=0 BER_cond=0.0000e+00 BER_cum=0.0000e+00
BER: SYNC #6 (gated)
CSV,80007,16000,6,5,0,2656,0,0.000000e+00,0.000000e+00,44581806080.0,46952054784.0,1399244.1,45.26,0.22
CSV,85007,17000,6,5,0,2856,0,0.000000e+00,0.000000e+00,54391504896.0,40837537792.0,1233087.6,46.45,1.24
CSV,90007,18000,6,5,0,3056,0,0.000000e+00,0.000000e+00,47104024576.0,45751644160.0,1136598.4,46.17,0.13
BER: END_SEQ #6 [LOCK] seq_err=0 BER_seq=0.0000e+00 | lock=6 slip=0 BER_cond=0.0000e+00 BER_cum=0.0000e+00
BER: SYNC #7 (gated)
CSV,95007,19000,7,6,0,3179,0,0.000000e+00,0.000000e+00,45838036992.0,47091302400.0,1448436.8,45.12,0.12
CSV,100007,20000,7,6,0,3379,0,0.000000e+00,0.000000e+00,52880908288.0,40087851008.0,1185268.1,46.49,1.20
BER: END_SEQ #7 [LOCK] seq_err=0 BER_seq=0.0000e+00 | lock=7 slip=0 BER_cond=0.0000e+00 BER_cum=0.0000e+00
CSV,105007,21000,7,7,0,3577,0,0.000000e+00,0.000000e+00,45841416192.0,47498047488.0,1185832.8,46.03,0.15
BER: SYNC #8 (gated)
CSV,110007,22000,8,7,0,3702,0,0.000000e+00,0.000000e+00,49359147008.0,42924867584.0,1363552.1,45.59,0.61
CSV,115007,23000,8,7,0,3902,0,0.000000e+00,0.000000e+00,51066204160.0,42743611392.0,1136792.6,46.52,0.77
BER: END_SEQ #8 [LOCK] seq_err=0 BER_seq=0.0000e+00 | lock=8 slip=0 BER_cond=0.0000e+00 BER_cum=0.0000e+00
CSV,120007,24000,8,8,0,4088,0,0.000000e+00,0.000000e+00,45553893376.0,46559838208.0,1228182.5,45.79,0.09
BER: SYNC #9 (gated)
CSV,125007,25000,9,8,0,4225,0,0.000000e+00,0.000000e+00,51308838912.0,40968028160.0,1392876.5,45.66,0.98
CSV,130007,26000,9,8,0,4424,0,0.000000e+00,0.000000e+00,47679606784.0,43730526208.0,1235025.9,45.87,0.38
BER: END_SEQ #9 [LOCK] seq_err=0 BER_seq=0.0000e+00 | lock=9 slip=0 BER_cond=0.0000e+00 BER_cum=0.0000e+00
CSV,135007,27000,9,9,0,4599,0,0.000000e+00,0.000000e+00,46195380224.0,46132436992.0,1356954.1,45.32,0.01
BER: SYNC #10 (gated)
CSV,140007,28000,10,9,0,4747,0,0.000000e+00,0.000000e+00,51970588672.0,40322052096.0,1382497.1,45.75,1.10
CSV,145007,29000,10,9,0,4947,0,0.000000e+00,0.000000e+00,46859403264.0,44811317248.0,1258924.5,45.71,0.19
BER: END_SEQ #10 [LOCK] seq_err=0 BER_seq=0.0000e+00 | lock=10 slip=0 BER_cond=0.0000e+00 BER_cum=0.0000e+00
CSV,150007,30000,10,10,0,5110,0,0.000000e+00,0.000000e+00,46205476864.0,45068656640.0,1397814.4,45.19,0.11
BER: SYNC #11 (gated)
CSV,155007,31000,11,10,0,5270,0,0.000000e+00,0.000000e+00,51870523392.0,41036701696.0,1285622.0,46.06,1.02
CSV,160007,32000,11,10,0,5470,0,0.000000e+00,0.000000e+00,48090312704.0,45500452864.0,1176386.0,46.12,0.24
BER: END_SEQ #11 [LOCK] seq_err=0 BER_seq=0.0000e+00 | lock=11 slip=0 BER_cond=0.0000e+00 BER_cum=0.0000e+00
CSV,165007,33000,11,11,0,5621,0,0.000000e+00,0.000000e+00,46477369344.0,46111170560.0,1378483.2,45.28,0.03
BER: SYNC #12 (gated)
CSV,170007,34000,12,11,0,5793,0,0.000000e+00,0.000000e+00,52484751360.0,42001948672.0,1243736.5,46.25,0.97
CSV,175007,35000,12,11,0,5993,0,0.000000e+00,0.000000e+00,47524433920.0,46684045312.0,1261010.4,45.76,0.08
BER: END_SEQ #12 [LOCK] seq_err=0 BER_seq=0.0000e+00 | lock=12 slip=0 BER_cond=0.0000e+00 BER_cum=0.0000e+00
CSV,180007,36000,12,12,0,6132,0,0.000000e+00,0.000000e+00,48451440640.0,45603028992.0,1528415.9,45.01,0.26
BER: SYNC #13 (gated)
CSV,185007,37000,13,12,0,6315,0,0.000000e+00,0.000000e+00,52250664960.0,42458476544.0,1230986.6,46.28,0.90
CSV,190007,38000,13,12,0,6515,0,0.000000e+00,0.000000e+00,48987897856.0,46355857408.0,1171255.9,46.21,0.24
BER: END_SEQ #13 [LOCK] seq_err=0 BER_seq=0.0000e+00 | lock=13 slip=0 BER_cond=0.0000e+00 BER_cum=0.0000e+00
CSV,195007,39000,13,13,0,6643,0,0.000000e+00,0.000000e+00,46128500736.0,47051784192.0,1603231.8,44.68,0.09
BER: SYNC #14 (gated)
CSV,200007,40000,14,13,0,6838,0,0.000000e+00,0.000000e+00,55783796736.0,40626544640.0,1159862.8,46.82,1.38
CSV,205007,41000,14,13,0,7038,0,0.000000e+00,0.000000e+00,47761707008.0,46083653632.0,1093452.5,46.40,0.16
BER: END_SEQ #14 [LOCK] seq_err=0 BER_seq=0.0000e+00 | lock=14 slip=0 BER_cond=0.0000e+00 BER_cum=0.0000e+00
BER: SYNC #15 (gated)
CSV,210007,42000,15,14,0,7161,0,0.000000e+00,0.000000e+00,46593265664.0,48212205568.0,1404552.5,45.36,0.15
CSV,215007,43000,15,14,0,7361,0,0.000000e+00,0.000000e+00,53550751744.0,40926392320.0,1268328.4,46.26,1.17
CSV,220007,44000,15,14,0,7561,0,0.000000e+00,0.000000e+00,48278962176.0,47243960320.0,1142123.9,46.26,0.09
BER: END_SEQ #15 [LOCK] seq_err=0 BER_seq=0.0000e+00 | lock=15 slip=0 BER_cond=0.0000e+00 BER_cum=0.0000e+00
BER: SYNC #16 (gated)
CSV,225007,45000,16,15,0,7684,0,0.000000e+00,0.000000e+00,45725454336.0,47094337536.0,1416414.4,45.22,0.13
CSV,230007,46000,16,15,0,7884,0,0.000000e+00,0.000000e+00,55148392448.0,41471254528.0,1248496.6,46.45,1.24
CSV,235007,47000,16,15,0,8083,0,0.000000e+00,0.000000e+00,48155910144.0,45389983744.0,1192203.1,46.06,0.26
BER: END_SEQ #16 [LOCK] seq_err=0 BER_seq=0.0000e+00 | lock=16 slip=0 BER_cond=0.0000e+00 BER_cum=0.0000e+00
BER: SYNC #17 (gated)
CSV,240007,48000,17,16,0,8206,0,0.000000e+00,0.000000e+00,46263889920.0,48498470912.0,1386597.5,45.44,0.20
CSV,245007,49000,17,16,0,8406,0,0.000000e+00,0.000000e+00,52779257856.0,40842674176.0,1196120.9,46.45,1.11
CSV,250007,50000,17,16,0,8606,0,0.000000e+00,0.000000e+00,49996386304.0,45456244736.0,1236949.8,46.07,0.41
BER: END_SEQ #17 [LOCK] seq_err=0 BER_seq=0.0000e+00 | lock=17 slip=0 BER_cond=0.0000e+00 BER_cum=0.0000e+00
BER: SYNC #18 (gated)
CSV,255007,51000,18,17,0,8729,0,0.000000e+00,0.000000e+00,46224109568.0,45399121920.0,1382741.2,45.24,0.08
CSV,260007,52000,18,17,0,8929,0,0.000000e+00,0.000000e+00,52458188800.0,42955251712.0,1292775.1,46.08,0.87
CSV,265007,53000,18,17,0,9129,0,0.000000e+00,0.000000e+00,47523438592.0,45446279168.0,1323838.6,45.55,0.19
BER: END_SEQ #18 [LOCK] seq_err=0 BER_seq=0.0000e+00 | lock=18 slip=0 BER_cond=0.0000e+00 BER_cum=0.0000e+00
BER: SYNC #19 (gated)
CSV,270007,54000,19,18,0,9252,0,0.000000e+00,0.000000e+00,49122549760.0,46371192832.0,1523517.8,45.08,0.25
CSV,275007,55000,19,18,0,9452,0,0.000000e+00,0.000000e+00,52262809600.0,41553842176.0,1194833.8,46.41,1.00
CSV,280007,56000,19,18,0,9652,0,0.000000e+00,0.000000e+00,49248317440.0,46335574016.0,1410522.5,45.43,0.26
BER: END_SEQ #19 [LOCK] seq_err=0 BER_seq=0.0000e+00 | lock=19 slip=0 BER_cond=0.0000e+00 BER_cum=0.0000e+00
BER: SYNC #20 (gated)
CSV,285007,57000,20,19,0,9774,0,0.000000e+00,0.000000e+00,44846620672.0,47050854400.0,1380746.2,45.32,0.21
CSV,290007,58000,20,19,0,9974,0,0.000000e+00,0.000000e+00,56002719744.0,40386928640.0,1178982.5,46.77,1.42
CSV,295007,59000,20,19,0,10174,0,0.000000e+00,0.000000e+00,47355625472.0,45639385088.0,1277542.6,45.69,0.16
BER: END_SEQ #20 [LOCK] seq_err=0 BER_seq=0.0000e+00 | lock=20 slip=0 BER_cond=0.0000e+00 BER_cum=0.0000e+00
BER: SYNC #21 (gated)
CSV,300007,60000,21,20,0,10297,0,0.000000e+00,0.000000e+00,46278135808.0,48852901888.0,1412997.1,45.39,0.24
CSV,305007,61000,21,20,0,10497,0,0.000000e+00,0.000000e+00,54868090880.0,38816210944.0,1330781.5,46.15,1.50
CSV,310007,62000,21,20,0,10697,0,0.000000e+00,0.000000e+00,47691837440.0,47654113280.0,1185220.0,46.05,0.00
BER: END_SEQ #21 [LOCK] seq_err=0 BER_seq=0.0000e+00 | lock=21 slip=0 BER_cond=0.0000e+00 BER_cum=0.0000e+00
BER: SYNC #22 (gated)
CSV,315007,63000,22,21,0,10820,0,0.000000e+00,0.000000e+00,45379571712.0,46625136640.0,1460173.5,45.04,0.12
CSV,320007,64000,22,21,0,11020,0,0.000000e+00,0.000000e+00,54957199360.0,41494102016.0,1217441.5,46.55,1.22
CSV,325007,65000,22,21,0,11220,0,0.000000e+00,0.000000e+00,48087584768.0,45218942976.0,1296923.4,45.69,0.27
BER: END_SEQ #22 [LOCK] seq_err=0 BER_seq=0.0000e+00 | lock=22 slip=0 BER_cond=0.0000e+00 BER_cum=0.0000e+00
BER: SYNC #23 (gated)
CSV,330007,66000,23,22,0,11343,0,0.000000e+00,0.000000e+00,46287093760.0,48283271168.0,1441293.6,45.25,0.18
CSV,335007,67000,23,22,0,11542,0,0.000000e+00,0.000000e+00,54316830720.0,39690375168.0,1124130.9,46.84,1.36
CSV,340007,68000,23,22,0,11742,0,0.000000e+00,0.000000e+00,48114151424.0,47297789952.0,1142169.6,46.25,0.07
BER: END_SEQ #23 [LOCK] seq_err=0 BER_seq=0.0000e+00 | lock=23 slip=0 BER_cond=0.0000e+00 BER_cum=0.0000e+00
BER: SYNC #24 (gated)
CSV,345007,69000,24,23,0,11865,0,0.000000e+00,0.000000e+00,45775360000.0,46682271744.0,1509077.9,44.90,0.09
CSV,350007,70000,24,23,0,12065,0,0.000000e+00,0.000000e+00,55022850048.0,41261572096.0,1207529.2,46.59,1.25
BER: END_SEQ #24 [LOCK] seq_err=0 BER_seq=0.0000e+00 | lock=24 slip=0 BER_cond=0.0000e+00 BER_cum=0.0000e+00
CSV,355007,71000,24,24,0,12264,0,0.000000e+00,0.000000e+00,45758603264.0,47792803840.0,1042380.3,46.61,0.19
BER: SYNC #25 (gated)
CSV,360007,72000,25,24,0,12388,0,0.000000e+00,0.000000e+00,50286465024.0,44006215680.0,1457778.9,45.38,0.58
CSV,365007,73000,25,24,0,12588,0,0.000000e+00,0.000000e+00,51511685120.0,42029826048.0,1194855.8,46.35,0.88
BER: END_SEQ #25 [LOCK] seq_err=0 BER_seq=0.0000e+00 | lock=25 slip=0 BER_cond=0.0000e+00 BER_cum=0.0000e+00
CSV,370007,74000,25,25,0,12775,0,0.000000e+00,0.000000e+00,46752833536.0,47556018176.0,1219263.0,45.91,0.07
BER: SYNC #26 (gated)
CSV,375007,75000,26,25,0,12911,0,0.000000e+00,0.000000e+00,51611721728.0,41712783360.0,1344009.2,45.84,0.92
CSV,380007,76000,26,25,0,13111,0,0.000000e+00,0.000000e+00,49351524352.0,45459185664.0,1286823.8,45.84,0.36
BER: END_SEQ #26 [LOCK] seq_err=0 BER_seq=0.0000e+00 | lock=26 slip=0 BER_cond=0.0000e+00 BER_cum=0.0000e+00
CSV,385007,77000,26,26,0,13286,0,0.000000e+00,0.000000e+00,47022637056.0,46171217920.0,1287731.1,45.62,0.08
BER: SYNC #27 (gated)
CSV,390007,78000,27,26,0,13433,0,0.000000e+00,0.000000e+00,53217533952.0,41376382976.0,1335104.0,46.01,1.09
CSV,395007,79000,27,26,0,13633,0,0.000000e+00,0.000000e+00,47700148224.0,45668855808.0,1266898.8,45.76,0.19
BER: END_SEQ #27 [LOCK] seq_err=0 BER_seq=0.0000e+00 | lock=27 slip=0 BER_cond=0.0000e+00 BER_cum=0.0000e+00
CSV,400007,80000,27,27,0,13797,0,0.000000e+00,0.000000e+00,47283462144.0,46513958912.0,1405041.6,45.27,0.07
BER: SYNC #28 (gated)
CSV,405007,81000,28,27,0,13956,0,0.000000e+00,0.000000e+00,52554231808.0,41252757504.0,1291549.8,46.09,1.05
CSV,410007,82000,28,27,0,14156,0,0.000000e+00,0.000000e+00,48251613184.0,45817421824.0,1275862.0,45.78,0.22
BER: END_SEQ #28 [LOCK] seq_err=0 BER_seq=0.0000e+00 | lock=28 slip=0 BER_cond=0.0000e+00 BER_cum=0.0000e+00
CSV,415007,83000,28,28,0,14308,0,0.000000e+00,0.000000e+00,46907645952.0,45966385152.0,1549131.1,44.81,0.09
BER: SYNC #29 (gated)
CSV,420007,84000,29,28,0,14479,0,0.000000e+00,0.000000e+00,52659351552.0,41966698496.0,1207281.9,46.40,0.99
CSV,425007,85000,29,28,0,14679,0,0.000000e+00,0.000000e+00,47995043840.0,46158876672.0,1227537.0,45.92,0.17
BER: END_SEQ #29 [LOCK] seq_err=0 BER_seq=0.0000e+00 | lock=29 slip=0 BER_cond=0.0000e+00 BER_cum=0.0000e+00
CSV,430007,86000,29,29,0,14819,0,0.000000e+00,0.000000e+00,47708409856.0,45725093888.0,1581627.4,44.79,0.18
BER: SYNC #30 (gated)
CSV,435007,87000,30,29,0,15002,0,0.000000e+00,0.000000e+00,52734361600.0,41961156608.0,1182543.9,46.49,0.99
CSV,440007,88000,30,29,0,15201,0,0.000000e+00,0.000000e+00,47630114816.0,45676150784.0,1242116.6,45.84,0.18
BER: END_SEQ #30 [LOCK] seq_err=0 BER_seq=0.0000e+00 | lock=30 slip=0 BER_cond=0.0000e+00 BER_cum=0.0000e+00
CSV,445007,89000,30,30,0,15330,0,0.000000e+00,0.000000e+00,46677692416.0,46380007424.0,1403809.5,45.22,0.03
BER: SYNC #31 (gated)
CSV,450007,90000,31,30,0,15524,0,0.000000e+00,0.000000e+00,54477299712.0,39797837824.0,1255752.9,46.37,1.36
CSV,455007,91000,31,30,0,15724,0,0.000000e+00,0.000000e+00,48021114880.0,45836959744.0,1240946.0,45.88,0.20
BER: END_SEQ #31 [LOCK] seq_err=0 BER_seq=0.0000e+00 | lock=31 slip=0 BER_cond=0.0000e+00 BER_cum=0.0000e+00
BER: SYNC #32 (gated)
CSV,460007,92000,32,31,0,15847,0,0.000000e+00,0.000000e+00,45663268864.0,46501101568.0,1476981.8,44.98,0.08
CSV,465007,93000,32,31,0,16047,0,0.000000e+00,0.000000e+00,53924925440.0,41085882368.0,1131563.8,46.78,1.18
CSV,470007,94000,32,31,0,16247,0,0.000000e+00,0.000000e+00,46983696384.0,45919703040.0,1268466.1,45.69,0.10
BER: END_SEQ #32 [LOCK] seq_err=0 BER_seq=0.0000e+00 | lock=32 slip=0 BER_cond=0.0000e+00 BER_cum=0.0000e+00
BER: SYNC #33 (gated)
CSV,475007,95000,33,32,0,16370,0,0.000000e+00,0.000000e+00,46458261504.0,47325872128.0,1489580.4,45.02,0.08
CSV,480007,96000,33,32,0,16570,0,0.000000e+00,0.000000e+00,53695086592.0,39995494400.0,1168157.6,46.62,1.28
CSV,485007,97000,33,32,0,16770,0,0.000000e+00,0.000000e+00,48900100096.0,45800419328.0,1125483.5,46.38,0.28
BER: END_SEQ #33 [LOCK] seq_err=0 BER_seq=0.0000e+00 | lock=33 slip=0 BER_cond=0.0000e+00 BER_cum=0.0000e+00
BER: SYNC #34 (gated)
CSV,490007,98000,34,33,0,16892,0,0.000000e+00,0.000000e+00,44347052032.0,47252549632.0,1390805.8,45.31,0.28
CSV,495007,99000,34,33,0,17092,0,0.000000e+00,0.000000e+00,54089256960.0,41197522944.0,1230032.8,46.43,1.18
CSV,500007,100000,34,33,0,17292,0,0.000000e+00,0.000000e+00,48407855104.0,44463579136.0,1092320.2,46.47,0.37
BER: END_SEQ #34 [LOCK] seq_err=0 BER_seq=0.0000e+00 | lock=34 slip=0 BER_cond=0.0000e+00 BER_cum=0.0000e+00
BER: SYNC #35 (gated)
CSV,505007,101000,35,34,0,17415,0,0.000000e+00,0.000000e+00,47521157120.0,46824194048.0,1488307.6,45.04,0.06
CSV,510007,102000,35,34,0,17615,0,0.000000e+00,0.000000e+00,51555028992.0,41861341184.0,1207378.2,46.30,0.90
CSV,515007,103000,35,34,0,17815,0,0.000000e+00,0.000000e+00,48910188544.0,46223069184.0,1165245.1,46.23,0.25
BER: END_SEQ #35 [LOCK] seq_err=0 BER_seq=0.0000e+00 | lock=35 slip=0 BER_cond=0.0000e+00 BER_cum=0.0000e+00
BER: SYNC #36 (gated)
CSV,520007,104000,36,35,0,17938,0,0.000000e+00,0.000000e+00,46889263104.0,44688158720.0,1423260.9,45.18,0.21
CSV,525007,105000,36,35,0,18138,0,0.000000e+00,0.000000e+00,53153292288.0,42355032064.0,1208726.6,46.43,0.99
CSV,530007,106000,36,35,0,18338,0,0.000000e+00,0.000000e+00,47660859392.0,44695150592.0,1199505.0,45.99,0.28
BER: END_SEQ #36 [LOCK] seq_err=0 BER_seq=0.0000e+00 | lock=36 slip=0 BER_cond=0.0000e+00 BER_cum=0.0000e+00
BER: SYNC #37 (gated)
CSV,535007,107000,37,36,0,18461,0,0.000000e+00,0.000000e+00,46542258176.0,48246886400.0,1342245.6,45.56,0.16
CSV,540007,108000,37,36,0,18660,0,0.000000e+00,0.000000e+00,54474678272.0,38806491136.0,1322131.9,46.15,1.47
CSV,545007,109000,37,36,0,18860,0,0.000000e+00,0.000000e+00,48426758144.0,46456262656.0,1408448.4,45.36,0.18
BER: END_SEQ #37 [LOCK] seq_err=0 BER_seq=0.0000e+00 | lock=37 slip=0 BER_cond=0.0000e+00 BER_cum=0.0000e+00
BER: SYNC #38 (gated)
CSV,550007,110000,38,37,0,18983,0,0.000000e+00,0.000000e+00,44612911104.0,46591954944.0,1390534.5,45.25,0.19
CSV,555007,111000,38,37,0,19183,0,0.000000e+00,0.000000e+00,55930961920.0,39750656000.0,1230421.4,46.58,1.48
CSV,560007,112000,38,37,0,19383,0,0.000000e+00,0.000000e+00,46105243648.0,45930442752.0,1432820.6,45.08,0.02
BER: END_SEQ #38 [LOCK] seq_err=0 BER_seq=0.0000e+00 | lock=38 slip=0 BER_cond=0.0000e+00 BER_cum=0.0000e+00
BER: SYNC #39 (gated)
CSV,565007,113000,39,38,0,19506,0,0.000000e+00,0.000000e+00,46867976192.0,47544803328.0,1393451.0,45.33,0.06
CSV,570007,114000,39,38,0,19706,0,0.000000e+00,0.000000e+00,53083561984.0,40088989696.0,1147694.6,46.65,1.22
CSV,575007,115000,39,38,0,19906,0,0.000000e+00,0.000000e+00,49031667712.0,45936168960.0,1285039.4,45.82,0.28
BER: END_SEQ #39 [LOCK] seq_err=0 BER_seq=0.0000e+00 | lock=39 slip=0 BER_cond=0.0000e+00 BER_cum=0.0000e+00
BER: SYNC #40 (gated)
CSV,580007,116000,40,39,0,20029,0,0.000000e+00,0.000000e+00,45093978112.0,46168997888.0,1493051.9,44.90,0.10
CSV,585007,117000,40,39,0,20229,0,0.000000e+00,0.000000e+00,55352553472.0,40493187072.0,1237975.5,46.50,1.36
CSV,590007,118000,40,39,0,20428,0,0.000000e+00,0.000000e+00,46222602240.0,46228353024.0,1147583.8,46.05,0.00
BER: END_SEQ #40 [LOCK] seq_err=0 BER_seq=0.0000e+00 | lock=40 slip=0 BER_cond=0.0000e+00 BER_cum=0.0000e+00
BER: SYNC #41 (gated)
CSV,595007,119000,41,40,0,20551,0,0.000000e+00,0.000000e+00,47298658304.0,47005913088.0,1568287.1,44.79,0.03
CSV,600007,120000,41,40,0,20751,0,0.000000e+00,0.000000e+00,53399547904.0,40002781184.0,1169667.1,46.59,1.25
BER: END_SEQ #41 [LOCK] seq_err=0 BER_seq=0.0000e+00 | lock=41 slip=0 BER_cond=0.0000e+00 BER_cum=0.0000e+00
CSV,605007,121000,41,41,0,20951,0,0.000000e+00,0.000000e+00,46405189632.0,48085848064.0,1189763.4,46.07,0.15
BER: SYNC #42 (gated)
CSV,610007,122000,42,41,0,21074,0,0.000000e+00,0.000000e+00,48739094528.0,42854133760.0,1487034.2,45.16,0.56
CSV,615007,123000,42,41,0,21274,0,0.000000e+00,0.000000e+00,52722515968.0,42116661248.0,1146413.1,46.63,0.98
BER: END_SEQ #42 [LOCK] seq_err=0 BER_seq=0.0000e+00 | lock=42 slip=0 BER_cond=0.0000e+00 BER_cum=0.0000e+00
CSV,620007,124000,42,42,0,21462,0,0.000000e+00,0.000000e+00,45175959552.0,46592974848.0,1167663.0,46.01,0.13
BER: SYNC #43 (gated)
CSV,625007,125000,43,42,0,21597,0,0.000000e+00,0.000000e+00,51981074432.0,42063650816.0,1392042.2,45.72,0.92
CSV,630007,126000,43,42,0,21797,0,0.000000e+00,0.000000e+00,48322187264.0,44397072384.0,1240681.1,45.90,0.37
BER: END_SEQ #43 [LOCK] seq_err=0 BER_seq=0.0000e+00 | lock=43 slip=0 BER_cond=0.0000e+00 BER_cum=0.0000e+00
CSV,635007,127000,43,43,0,21973,0,0.000000e+00,0.000000e+00,47688183808.0,46596317184.0,1218680.1,45.93,0.10
BER: SYNC #44 (gated)
CSV,640007,128000,44,43,0,22119,0,0.000000e+00,0.000000e+00,53043851264.0,40414904320.0,1238040.9,46.32,1.18
CSV,645007,129000,44,43,0,22319,0,0.000000e+00,0.000000e+00,48274243584.0,46252072960.0,1223025.2,45.96,0.19
BER: END_SEQ #44 [LOCK] seq_err=0 BER_seq=0.0000e+00 | lock=44 slip=0 BER_cond=0.0000e+00 BER_cum=0.0000e+00
CSV,650007,130000,44,44,0,22484,0,0.000000e+00,0.000000e+00,46298927104.0,46021947392.0,1364512.2,45.31,0.03
BER: SYNC #45 (gated)
CSV,655007,131000,45,44,0,22642,0,0.000000e+00,0.000000e+00,53193609216.0,41308102656.0,1245903.4,46.30,1.10
CSV,660007,132000,45,44,0,22842,0,0.000000e+00,0.000000e+00,47235100672.0,45530324992.0,1229969.0,45.84,0.16
BER: END_SEQ #45 [LOCK] seq_err=0 BER_seq=0.0000e+00 | lock=45 slip=0 BER_cond=0.0000e+00 BER_cum=0.0000e+00
CSV,665007,133000,45,45,0,22995,0,0.000000e+00,0.000000e+00,47796117504.0,46061174784.0,1381973.8,45.39,0.16
BER: SYNC #46 (gated)
CSV,670007,134000,46,45,0,23165,0,0.000000e+00,0.000000e+00,52349538304.0,41430843392.0,1228015.8,46.30,1.02
CSV,675007,135000,46,45,0,23365,0,0.000000e+00,0.000000e+00,48007057408.0,45821583360.0,1203919.1,46.01,0.20
BER: END_SEQ #46 [LOCK] seq_err=0 BER_seq=0.0000e+00 | lock=46 slip=0 BER_cond=0.0000e+00 BER_cum=0.0000e+00
CSV,680007,136000,46,46,0,23506,0,0.000000e+00,0.000000e+00,47096668160.0,44975099904.0,1486664.2,45.01,0.20
BER: SYNC #47 (gated)
CSV,685007,137000,47,46,0,23688,0,0.000000e+00,0.000000e+00,52218793984.0,42237157376.0,1201583.2,46.38,0.92
CSV,690007,138000,47,46,0,23887,0,0.000000e+00,0.000000e+00,47663702016.0,45628825600.0,1390123.2,45.35,0.19
BER: END_SEQ #47 [LOCK] seq_err=0 BER_seq=0.0000e+00 | lock=47 slip=0 BER_cond=0.0000e+00 BER_cum=0.0000e+00
CSV,695007,139000,47,47,0,24017,0,0.000000e+00,0.000000e+00,47170297856.0,45985382400.0,1468559.5,45.07,0.11
BER: SYNC #48 (gated)
CSV,700007,140000,48,47,0,24210,0,0.000000e+00,0.000000e+00,54642880512.0,39897370624.0,1150345.9,46.77,1.37
CSV,705007,141000,48,47,0,24410,0,0.000000e+00,0.000000e+00,47786364928.0,45761687552.0,1380006.2,45.39,0.19
BER: END_SEQ #48 [LOCK] seq_err=0 BER_seq=0.0000e+00 | lock=48 slip=0 BER_cond=0.0000e+00 BER_cum=0.0000e+00
BER: SYNC #49 (gated)
CSV,710007,142000,49,48,0,24533,0,0.000000e+00,0.000000e+00,46097330176.0,46544637952.0,1506608.5,44.90,0.04
CSV,715007,143000,49,48,0,24733,0,0.000000e+00,0.000000e+00,53586116608.0,40774512640.0,1164644.6,46.63,1.19
CSV,720007,144000,49,48,0,24933,0,0.000000e+00,0.000000e+00,47556005888.0,46391959552.0,1229575.6,45.87,0.11
BER: END_SEQ #49 [LOCK] seq_err=0 BER_seq=0.0000e+00 | lock=49 slip=0 BER_cond=0.0000e+00 BER_cum=0.0000e+00
BER: SYNC #50 (gated)
CSV,725007,145000,50,49,0,25056,0,0.000000e+00,0.000000e+00,45456990208.0,47045767168.0,1406437.4,45.24,0.15
CSV,730007,146000,50,49,0,25256,0,0.000000e+00,0.000000e+00,54306516992.0,40491925504.0,1240402.8,46.41,1.27
CSV,735007,147000,50,49,0,25456,0,0.000000e+00,0.000000e+00,48496685056.0,44480544768.0,1216920.6,46.00,0.38
BER: END_SEQ #50 [LOCK] seq_err=0 BER_seq=0.0000e+00 | lock=50 slip=0 BER_cond=0.0000e+00 BER_cum=0.0000e+00
BER: SYNC #51 (gated)
CSV,740007,148000,51,50,0,25579,0,0.000000e+00,0.000000e+00,45223481344.0,48028504064.0,1446792.6,45.21,0.26
CSV,745007,149000,51,50,0,25778,0,0.000000e+00,0.000000e+00,53323124736.0,40443105280.0,1190134.4,46.51,1.20
CSV,750007,150000,51,50,0,25978,0,0.000000e+00,0.000000e+00,49304707072.0,45464080384.0,1223629.1,46.05,0.35
BER: END_SEQ #51 [LOCK] seq_err=0 BER_seq=0.0000e+00 | lock=51 slip=0 BER_cond=0.0000e+00 BER_cum=0.0000e+00
BER: SYNC #52 (gated)
CSV,755007,151000,52,51,0,26101,0,0.000000e+00,0.000000e+00,46186401792.0,45865631744.0,1521083.6,44.82,0.03
CSV,760007,152000,52,51,0,26301,0,0.000000e+00,0.000000e+00,52589391872.0,42606215168.0,1225718.5,46.33,0.91
CSV,765007,153000,52,51,0,26501,0,0.000000e+00,0.000000e+00,48009265152.0,44966019072.0,1050331.5,46.60,0.28
BER: END_SEQ #52 [LOCK] seq_err=0 BER_seq=0.0000e+00 | lock=52 slip=0 BER_cond=0.0000e+00 BER_cum=0.0000e+00
BER: SYNC #53 (gated)
CSV,770007,154000,53,52,0,26624,0,0.000000e+00,0.000000e+00,47836680192.0,46345564160.0,1419095.2,45.28,0.14
CSV,775007,155000,53,52,0,26824,0,0.000000e+00,0.000000e+00,51921522688.0,41137868800.0,1268851.9,46.12,1.01
CSV,780007,156000,53,52,0,27024,0,0.000000e+00,0.000000e+00,49245380608.0,45215903744.0,1123645.8,46.42,0.37
BER: END_SEQ #53 [LOCK] seq_err=0 BER_seq=0.0000e+00 | lock=53 slip=0 BER_cond=0.0000e+00 BER_cum=0.0000e+00
BER: SYNC #54 (gated)
CSV,785007,157000,54,53,0,27147,0,0.000000e+00,0.000000e+00,44659949568.0,46403661824.0,1388329.5,45.24,0.17
CSV,790007,158000,54,53,0,27347,0,0.000000e+00,0.000000e+00,55547654144.0,39638089728.0,1170439.1,46.76,1.47
CSV,795007,159000,54,53,0,27546,0,0.000000e+00,0.000000e+00,46567546880.0,45419827200.0,1178876.5,45.97,0.11
BER: END_SEQ #54 [LOCK] seq_err=0 BER_seq=0.0000e+00 | lock=54 slip=0 BER_cond=0.0000e+00 BER_cum=0.0000e+00
BER: SYNC #55 (gated)
CSV,800007,160000,55,54,0,27669,0,0.000000e+00,0.000000e+00,46337544192.0,47886184448.0,1427668.9,45.26,0.14
CSV,805007,161000,55,54,0,27869,0,0.000000e+00,0.000000e+00,54592598016.0,38250381312.0,1173742.8,46.68,1.54
CSV,810007,162000,55,54,0,28069,0,0.000000e+00,0.000000e+00,47520292864.0,46746902528.0,1203123.8,45.97,0.07
BER: END_SEQ #55 [LOCK] seq_err=0 BER_seq=0.0000e+00 | lock=55 slip=0 BER_cond=0.0000e+00 BER_cum=0.0000e+00
BER: SYNC #56 (gated)
CSV,815007,163000,56,55,0,28192,0,0.000000e+00,0.000000e+00,44946731008.0,45717782528.0,1421381.4,45.07,0.07
CSV,820007,164000,56,55,0,28392,0,0.000000e+00,0.000000e+00,54046588928.0,41014587392.0,1299117.2,46.19,1.20
CSV,825007,165000,56,55,0,28592,0,0.000000e+00,0.000000e+00,47109062656.0,44757618688.0,1310111.6,45.56,0.22
BER: END_SEQ #56 [LOCK] seq_err=0 BER_seq=0.0000e+00 | lock=56 slip=0 BER_cond=0.0000e+00 BER_cum=0.0000e+00
BER: SYNC #57 (gated)
CSV,830007,166000,57,56,0,28715,0,0.000000e+00,0.000000e+00,46713815040.0,47475912704.0,1417313.2,45.25,0.07
CSV,835007,167000,57,56,0,28915,0,0.000000e+00,0.000000e+00,53837524992.0,39215247360.0,1257775.0,46.31,1.38
CSV,840007,168000,57,56,0,29115,0,0.000000e+00,0.000000e+00,47362019328.0,47054053376.0,1350363.6,45.45,0.03
BER: END_SEQ #57 [LOCK] seq_err=0 BER_seq=0.0000e+00 | lock=57 slip=0 BER_cond=0.0000e+00 BER_cum=0.0000e+00
BER: SYNC #58 (gated)
CSV,845007,169000,58,57,0,29237,0,0.000000e+00,0.000000e+00,45974134784.0,44971683840.0,1457341.2,44.99,0.10
CSV,850007,170000,58,57,0,29437,0,0.000000e+00,0.000000e+00,54235901952.0,41136132096.0,1182438.0,46.62,1.20
CSV,855007,171000,58,57,0,29637,0,0.000000e+00,0.000000e+00,45162065920.0,46851780608.0,1168807.6,46.03,0.16
BER: END_SEQ #58 [LOCK] seq_err=0 BER_seq=0.0000e+00 | lock=58 slip=0 BER_cond=0.0000e+00 BER_cum=0.0000e+00
BER: SYNC #59 (gated)
CSV,860007,172000,59,58,0,29760,0,0.000000e+00,0.000000e+00,49665679360.0,43934285824.0,1521446.1,45.14,0.53
CSV,865007,173000,59,58,0,29960,0,0.000000e+00,0.000000e+00,51491024896.0,40644169728.0,1237663.6,46.19,1.03
BER: END_SEQ #59 [LOCK] seq_err=0 BER_seq=0.0000e+00 | lock=59 slip=0 BER_cond=0.0000e+00 BER_cum=0.0000e+00
CSV,870007,174000,59,59,0,30149,0,0.000000e+00,0.000000e+00,46396456960.0,47403720704.0,1171191.4,46.07,0.09
BER: SYNC #60 (gated)
CSV,875007,175000,60,59,0,30283,0,0.000000e+00,0.000000e+00,50723590144.0,40805093376.0,1444776.2,45.45,0.94
CSV,880007,176000,60,59,0,30483,0,0.000000e+00,0.000000e+00,48783015936.0,45307998208.0,1214198.6,46.04,0.32
BER: END_SEQ #60 [LOCK] seq_err=0 BER_seq=0.0000e+00 | lock=60 slip=0 BER_cond=0.0000e+00 BER_cum=0.0000e+00
CSV,885007,177000,60,60,0,30660,0,0.000000e+00,0.000000e+00,46829240320.0,44842930176.0,1312967.8,45.52,0.19
BER: SYNC #61 (gated)
CSV,890007,178000,61,60,0,30806,0,0.000000e+00,0.000000e+00,53085061120.0,41158848512.0,1283728.6,46.16,1.11
CSV,895007,179000,61,60,0,31005,0,0.000000e+00,0.000000e+00,47053422592.0,44748652544.0,1166832.9,46.06,0.22
BER: END_SEQ #61 [LOCK] seq_err=0 BER_seq=0.0000e+00 | lock=61 slip=0 BER_cond=0.0000e+00 BER_cum=0.0000e+00
CSV,900007,180000,61,61,0,31171,0,0.000000e+00,0.000000e+00,47252381696.0,46036340736.0,1326814.8,45.52,0.11
BER: SYNC #62 (gated)
CSV,905007,181000,62,61,0,31328,0,0.000000e+00,0.000000e+00,52032466944.0,40204001280.0,1345606.5,45.87,1.12
CSV,910007,182000,62,61,0,31528,0,0.000000e+00,0.000000e+00,47493844992.0,46161465344.0,1161932.9,46.11,0.12
BER: END_SEQ #62 [LOCK] seq_err=0 BER_seq=0.0000e+00 | lock=62 slip=0 BER_cond=0.0000e+00 BER_cum=0.0000e+00
CSV,915007,183000,62,62,0,31682,0,0.000000e+00,0.000000e+00,46731296768.0,44689125376.0,1296508.4,45.57,0.19
BER: SYNC #63 (gated)
CSV,920007,184000,63,62,0,31851,0,0.000000e+00,0.000000e+00,52885610496.0,41381343232.0,1200569.4,46.44,1.07
CSV,925007,185000,63,62,0,32051,0,0.000000e+00,0.000000e+00,47165190144.0,44951670784.0,1237354.4,45.81,0.21
BER: END_SEQ #63 [LOCK] seq_err=0 BER_seq=0.0000e+00 | lock=63 slip=0 BER_cond=0.0000e+00 BER_cum=0.0000e+00
CSV,930007,186000,63,63,0,32193,0,0.000000e+00,0.000000e+00,47447040000.0,45880659968.0,1402100.8,45.29,0.15
BER: SYNC #64 (gated)
CSV,935007,187000,64,63,0,32374,0,0.000000e+00,0.000000e+00,51308552192.0,41447096320.0,1116227.0,46.62,0.93
CSV,940007,188000,64,63,0,32574,0,0.000000e+00,0.000000e+00,47720415232.0,45417865216.0,1306281.0,45.63,0.21
BER: END_SEQ #64 [LOCK] seq_err=0 BER_seq=0.0000e+00 | lock=64 slip=0 BER_cond=0.0000e+00 BER_cum=0.0000e+00
CSV,945007,189000,64,64,0,32704,0,0.000000e+00,0.000000e+00,46089736192.0,44895596544.0,1371396.8,45.26,0.11
BER: SYNC #65 (gated)
CSV,950007,190000,65,64,0,32896,0,0.000000e+00,0.000000e+00,54373552128.0,39532924928.0,1126882.5,46.84,1.38
CSV,955007,191000,65,64,0,33096,0,0.000000e+00,0.000000e+00,47342735360.0,44819324928.0,1220601.0,45.89,0.24
BER: END_SEQ #65 [LOCK] seq_err=0 BER_seq=0.0000e+00 | lock=65 slip=0 BER_cond=0.0000e+00 BER_cum=0.0000e+00
BER: SYNC #66 (gated)
CSV,960007,192000,66,65,0,33219,0,0.000000e+00,0.000000e+00,46265806848.0,46260346880.0,1405453.2,45.17,0.00
CSV,965007,193000,66,65,0,33419,0,0.000000e+00,0.000000e+00,53191675904.0,39892455424.0,1261591.5,46.25,1.25
CSV,970007,194000,66,65,0,33619,0,0.000000e+00,0.000000e+00,47050596352.0,45646127104.0,1334970.1,45.47,0.13
BER: END_SEQ #66 [LOCK] seq_err=0 BER_seq=0.0000e+00 | lock=66 slip=0 BER_cond=0.0000e+00 BER_cum=0.0000e+00
BER: SYNC #67 (gated)
CSV,975007,195000,67,66,0,33742,0,0.000000e+00,0.000000e+00,44644028416.0,46940610560.0,1384861.6,45.30,0.22
CSV,980007,196000,67,66,0,33942,0,0.000000e+00,0.000000e+00,53663588352.0,39853686784.0,1280868.4,46.22,1.29
CSV,985007,197000,67,66,0,34142,0,0.000000e+00,0.000000e+00,48628703232.0,44497829888.0,1274978.2,45.81,0.39
BER: END_SEQ #67 [LOCK] seq_err=0 BER_seq=0.0000e+00 | lock=67 slip=0 BER_cond=0.0000e+00 BER_cum=0.0000e+00
BER: SYNC #68 (gated)
CSV,990007,198000,68,67,0,34265,0,0.000000e+00,0.000000e+00,44455247872.0,47124246528.0,1453185.6,45.11,0.25
CSV,995007,199000,68,67,0,34465,0,0.000000e+00,0.000000e+00,53893472256.0,40012738560.0,1208700.4,46.49,1.29
CSV,1000007,200000,68,67,0,34664,0,0.000000e+00,0.000000e+00,47850536960.0,44816297984.0,1233242.4,45.89,0.28
BER: END_SEQ #68 [LOCK] seq_err=0 BER_seq=0.0000e+00 | lock=68 slip=0 BER_cond=0.0000e+00 BER_cum=0.0000e+00
BER: SYNC #69 (gated)
CSV,1005007,201000,69,68,0,34787,0,0.000000e+00,0.000000e+00,46981267456.0,45790310400.0,1363308.1,45.37,0.11
CSV,1010007,202000,69,68,0,34987,0,0.000000e+00,0.000000e+00,51526082560.0,41662169088.0,1236645.9,46.20,0.92
CSV,1015007,203000,69,68,0,35187,0,0.000000e+00,0.000000e+00,48696537088.0,45092683776.0,1290572.1,45.77,0.33
BER: END_SEQ #69 [LOCK] seq_err=0 BER_seq=0.0000e+00 | lock=69 slip=0 BER_cond=0.0000e+00 BER_cum=0.0000e+00
BER: SYNC #70 (gated)
CSV,1020007,204000,70,69,0,35310,0,0.000000e+00,0.000000e+00,46091739136.0,45499142144.0,1410875.2,45.14,0.06
CSV,1025007,205000,70,69,0,35510,0,0.000000e+00,0.000000e+00,52601163776.0,41707274240.0,1160025.2,46.57,1.01
CSV,1030007,206000,70,69,0,35710,0,0.000000e+00,0.000000e+00,48198955008.0,44119023616.0,1203913.8,46.02,0.38
BER: END_SEQ #70 [LOCK] seq_err=0 BER_seq=0.0000e+00 | lock=70 slip=0 BER_cond=0.0000e+00 BER_cum=0.0000e+00
BER: SYNC #71 (gated)
CSV,1035007,207000,71,70,0,35833,0,0.000000e+00,0.000000e+00,46142312448.0,46842286080.0,1497961.4,44.95,0.07
CSV,1040007,208000,71,70,0,36033,0,0.000000e+00,0.000000e+00,54253293568.0,38483087360.0,1122491.2,46.84,1.49
CSV,1045007,209000,71,70,0,36233,0,0.000000e+00,0.000000e+00,47596949504.0,46173458432.0,1080736.0,46.44,0.13
BER: END_SEQ #71 [LOCK] seq_err=0 BER_seq=0.0000e+00 | lock=71 slip=0 BER_cond=0.0000e+00 BER_cum=0.0000e+00
BER: SYNC #72 (gated)
CSV,1050007,210000,72,71,0,36355,0,0.000000e+00,0.000000e+00,44553056256.0,46514085888.0,1410450.2,45.18,0.19
CSV,1055007,211000,72,71,0,36555,0,0.000000e+00,0.000000e+00,55493664768.0,39526068224.0,1297874.9,46.31,1.47
CSV,1060007,212000,72,71,0,36755,0,0.000000e+00,0.000000e+00,46265438208.0,45432832000.0,1056958.1,46.41,0.08
BER: END_SEQ #72 [LOCK] seq_err=0 BER_seq=0.0000e+00 | lock=72 slip=0 BER_cond=0.0000e+00 BER_cum=0.0000e+00
BER: SYNC #73 (gated)
CSV,1065007,213000,73,72,0,36878,0,0.000000e+00,0.000000e+00,46724608000.0,46922047488.0,1441219.8,45.13,0.02
CSV,1070007,214000,73,72,0,37078,0,0.000000e+00,0.000000e+00,52573847552.0,39749890048.0,1199188.5,46.42,1.21
CSV,1075007,215000,73,72,0,37278,0,0.000000e+00,0.000000e+00,47764107264.0,46056816640.0,1183014.5,46.06,0.16
BER: END_SEQ #73 [LOCK] seq_err=0 BER_seq=0.0000e+00 | lock=73 slip=0 BER_cond=0.0000e+00 BER_cum=0.0000e+00
BER: SYNC #74 (gated)
CSV,1080007,216000,74,73,0,37401,0,0.000000e+00,0.000000e+00,45179412480.0,45275713536.0,1318778.6,45.36,0.01
CSV,1085007,217000,74,73,0,37601,0,0.000000e+00,0.000000e+00,54498103296.0,40446205952.0,1221669.1,46.49,1.30
CSV,1090007,218000,74,73,0,37801,0,0.000000e+00,0.000000e+00,45896544256.0,45767184384.0,1230985.6,45.72,0.01
BER: END_SEQ #74 [LOCK] seq_err=0 BER_seq=0.0000e+00 | lock=74 slip=0 BER_cond=0.0000e+00 BER_cum=0.0000e+00
BER: SYNC #75 (gated)
CSV,1095007,219000,75,74,0,37924,0,0.000000e+00,0.000000e+00,47699013632.0,46532517888.0,1406404.2,45.30,0.11
CSV,1100007,220000,75,74,0,38123,0,0.000000e+00,0.000000e+00,53743886336.0,40125190144.0,1225540.6,46.42,1.27
CSV,1105007,221000,75,74,0,38323,0,0.000000e+00,0.000000e+00,47012093952.0,48715739136.0,1264834.4,45.86,0.15
BER: END_SEQ #75 [LOCK] seq_err=0 BER_seq=0.0000e+00 | lock=75 slip=0 BER_cond=0.0000e+00 BER_cum=0.0000e+00
BER: SYNC #76 (gated)
CSV,1110007,222000,76,75,0,38446,0,0.000000e+00,0.000000e+00,47901880320.0,43285962752.0,1497711.0,45.05,0.44
CSV,1115007,223000,76,75,0,38646,0,0.000000e+00,0.000000e+00,53055299584.0,42069540864.0,1251050.9,46.27,1.01
BER: END_SEQ #76 [LOCK] seq_err=0 BER_seq=0.0000e+00 | lock=76 slip=0 BER_cond=0.0000e+00 BER_cum=0.0000e+00
CSV,1120007,224000,76,76,0,38836,0,0.000000e+00,0.000000e+00,45326946304.0,46118318080.0,1301696.6,45.49,0.08
BER: SYNC #77 (gated)
CSV,1125007,225000,77,76,0,38969,0,0.000000e+00,0.000000e+00,51934736384.0,41920503808.0,1471214.6,45.48,0.93
CSV,1130007,226000,77,76,0,39169,0,0.000000e+00,0.000000e+00,47570341888.0,43703545856.0,1191973.0,46.01,0.37
BER: END_SEQ #77 [LOCK] seq_err=0 BER_seq=0.0000e+00 | lock=77 slip=0 BER_cond=0.0000e+00 BER_cum=0.0000e+00
CSV,1135007,227000,77,77,0,39347,0,0.000000e+00,0.000000e+00,47600447488.0,46064422912.0,1287827.4,45.68,0.14
BER: SYNC #78 (gated)
CSV,1140007,228000,78,77,0,39492,0,0.000000e+00,0.000000e+00,51576057856.0,39825162240.0,1432611.8,45.56,1.12
CSV,1145007,229000,78,77,0,39692,0,0.000000e+00,0.000000e+00,48503803904.0,45162946560.0,1205960.4,46.04,0.31
BER: END_SEQ #78 [LOCK] seq_err=0 BER_seq=0.0000e+00 | lock=78 slip=0 BER_cond=0.0000e+00 BER_cum=0.0000e+00
CSV,1150007,230000,78,78,0,39858,0,0.000000e+00,0.000000e+00,45480919040.0,45184794624.0,1253959.8,45.60,0.03
BER: SYNC #79 (gated)
CSV,1155007,231000,79,78,0,40014,0,0.000000e+00,0.000000e+00,52997189632.0,41010667520.0,1346667.4,45.95,1.11
CSV,1160007,232000,79,78,0,40214,0,0.000000e+00,0.000000e+00,46147604480.0,45184622592.0,1219957.5,45.78,0.09
BER: END_SEQ #79 [LOCK] seq_err=0 BER_seq=0.0000e+00 | lock=79 slip=0 BER_cond=0.0000e+00 BER_cum=0.0000e+00
CSV,1165007,233000,79,79,0,40369,0,0.000000e+00,0.000000e+00,48027422720.0,45389012992.0,1430496.0,45.26,0.25
BER: SYNC #80 (gated)
CSV,1170007,234000,80,79,0,40537,0,0.000000e+00,0.000000e+00,52082503680.0,40221286400.0,1167435.5,46.49,1.12
CSV,1175007,235000,80,79,0,40737,0,0.000000e+00,0.000000e+00,47892795392.0,45488357376.0,1198390.2,46.02,0.22
BER: END_SEQ #80 [LOCK] seq_err=0 BER_seq=0.0000e+00 | lock=80 slip=0 BER_cond=0.0000e+00 BER_cum=0.0000e+00
CSV,1180007,236000,80,80,0,40880,0,0.000000e+00,0.000000e+00,45831372800.0,44529238016.0,1502557.0,44.84,0.13
BER: SYNC #81 (gated)
CSV,1185007,237000,81,80,0,41060,0,0.000000e+00,0.000000e+00,51918770176.0,41775259648.0,1177221.1,46.44,0.94
CSV,1190007,238000,81,80,0,41260,0,0.000000e+00,0.000000e+00,46724304896.0,44376322048.0,1148664.6,46.09,0.22
BER: END_SEQ #81 [LOCK] seq_err=0 BER_seq=0.0000e+00 | lock=81 slip=0 BER_cond=0.0000e+00 BER_cum=0.0000e+00
CSV,1195007,239000,81,81,0,41391,0,0.000000e+00,0.000000e+00,46674182144.0,46091878400.0,1292256.8,45.58,0.05
BER: SYNC #82 (gated)
CSV,1200007,240000,82,81,0,41582,0,0.000000e+00,0.000000e+00,53496569856.0,38811709440.0,1214489.5,46.44,1.39
CSV,1205007,241000,82,81,0,41782,0,0.000000e+00,0.000000e+00,48132775936.0,44791291904.0,1111795.4,46.36,0.31
BER: END_SEQ #82 [LOCK] seq_err=0 BER_seq=0.0000e+00 | lock=82 slip=0 BER_cond=0.0000e+00 BER_cum=0.0000e+00
BER: SYNC #83 (gated)
CSV,1210007,242000,83,82,0,41905,0,0.000000e+00,0.000000e+00,44831997952.0,45565952000.0,1408577.4,45.10,0.07
CSV,1215007,243000,83,82,0,42105,0,0.000000e+00,0.000000e+00,53951979520.0,40176558080.0,1228719.1,46.43,1.28
CSV,1220007,244000,83,82,0,42305,0,0.000000e+00,0.000000e+00,46541856768.0,45327646720.0,1253925.0,45.70,0.11
BER: END_SEQ #83 [LOCK] seq_err=0 BER_seq=0.0000e+00 | lock=83 slip=0 BER_cond=0.0000e+00 BER_cum=0.0000e+00
BER: SYNC #84 (gated)
CSV,1225007,245000,84,83,0,42428,0,0.000000e+00,0.000000e+00,44979990528.0,47606448128.0,1329859.8,45.54,0.25
CSV,1230007,246000,84,83,0,42628,0,0.000000e+00,0.000000e+00,53710725120.0,39290298368.0,1188952.5,46.55,1.36
CSV,1235007,247000,84,83,0,42828,0,0.000000e+00,0.000000e+00,48286167040.0,44780609536.0,1190645.1,46.08,0.33
BER: END_SEQ #84 [LOCK] seq_err=0 BER_seq=0.0000e+00 | lock=84 slip=0 BER_cond=0.0000e+00 BER_cum=0.0000e+00
BER: SYNC #85 (gated)
CSV,1240007,248000,85,84,0,42951,0,0.000000e+00,0.000000e+00,44343173120.0,47089758208.0,1409494.0,45.24,0.26
CSV,1245007,249000,85,84,0,43151,0,0.000000e+00,0.000000e+00,54285451264.0,39582101504.0,1283317.5,46.26,1.37
CSV,1250007,250000,85,84,0,43350,0,0.000000e+00,0.000000e+00,47556882432.0,45223096320.0,1320129.9,45.57,0.22
BER: END_SEQ #85 [LOCK] seq_err=0 BER_seq=0.0000e+00 | lock=85 slip=0 BER_cond=0.0000e+00 BER_cum=0.0000e+00
BER: SYNC #86 (gated)
CSV,1255007,251000,86,85,0,43473,0,0.000000e+00,0.000000e+00,46660685824.0,45358120960.0,1445472.8,45.09,0.12
CSV,1260007,252000,86,85,0,43673,0,0.000000e+00,0.000000e+00,51749396480.0,41683439616.0,1186520.1,46.40,0.94
CSV,1265007,253000,86,85,0,43873,0,0.000000e+00,0.000000e+00,48255709184.0,44380712960.0,1388092.1,45.41,0.36
BER: END_SEQ #86 [LOCK] seq_err=0 BER_seq=0.0000e+00 | lock=86 slip=0 BER_cond=0.0000e+00 BER_cum=0.0000e+00
BER: SYNC #87 (gated)
CSV,1270007,254000,87,86,0,43996,0,0.000000e+00,0.000000e+00,46472790016.0,45706682368.0,1442191.0,45.08,0.07
CSV,1275007,255000,87,86,0,44196,0,0.000000e+00,0.000000e+00,52043309056.0,41027604480.0,1170637.0,46.48,1.03
CSV,1280007,256000,87,86,0,44396,0,0.000000e+00,0.000000e+00,48423915520.0,44794781696.0,1250933.5,45.88,0.34
BER: END_SEQ #87 [LOCK] seq_err=0 BER_seq=0.0000e+00 | lock=87 slip=0 BER_cond=0.0000e+00 BER_cum=0.0000e+00
BER: SYNC #88 (gated)
CSV,1285007,257000,88,87,0,44519,0,0.000000e+00,0.000000e+00,45659783168.0,45577236480.0,1380220.9,45.20,0.01
CSV,1290007,258000,88,87,0,44719,0,0.000000e+00,0.000000e+00,54578966528.0,39529988096.0,1264948.2,46.35,1.40
CSV,1295007,259000,88,87,0,44919,0,0.000000e+00,0.000000e+00,46982541312.0,44677378048.0,1249627.1,45.75,0.22
BER: END_SEQ #88 [LOCK] seq_err=0 BER_seq=0.0000e+00 | lock=88 slip=0 BER_cond=0.0000e+00 BER_cum=0.0000e+00
BER: SYNC #89 (gated)
CSV,1300007,260000,89,88,0,45042,0,0.000000e+00,0.000000e+00,45136482304.0,47585882112.0,1368457.0,45.41,0.23
CSV,1305007,261000,89,88,0,45241,0,0.000000e+00,0.000000e+00,54736179200.0,37844094976.0,1245047.9,46.43,1.60
CSV,1310007,262000,89,88,0,45441,0,0.000000e+00,0.000000e+00,46863847424.0,46310027264.0,1226924.4,45.82,0.05
BER: END_SEQ #89 [LOCK] seq_err=0 BER_seq=0.0000e+00 | lock=89 slip=0 BER_cond=0.0000e+00 BER_cum=0.0000e+00
BER: SYNC #90 (gated)
CSV,1315007,263000,90,89,0,45564,0,0.000000e+00,0.000000e+00,45197783040.0,45222404096.0,1446412.6,44.95,0.00
CSV,1320007,264000,90,89,0,45764,0,0.000000e+00,0.000000e+00,53622407168.0,40171671552.0,1087071.0,46.93,1.25
CSV,1325007,265000,90,89,0,45964,0,0.000000e+00,0.000000e+00,46299279360.0,44876025856.0,1208123.1,45.83,0.14
BER: END_SEQ #90 [LOCK] seq_err=0 BER_seq=0.0000e+00 | lock=90 slip=0 BER_cond=0.0000e+00 BER_cum=0.0000e+00
BER: SYNC #91 (gated)
CSV,1330007,266000,91,90,0,46087,0,0.000000e+00,0.000000e+00,46667984896.0,46754017280.0,1433105.1,45.14,0.01
CSV,1335007,267000,91,90,0,46287,0,0.000000e+00,0.000000e+00,53128536064.0,39387430912.0,1167969.9,46.58,1.30
CSV,1340007,268000,91,90,0,46487,0,0.000000e+00,0.000000e+00,47560974336.0,46298398720.0,1071788.5,46.47,0.12
BER: END_SEQ #91 [LOCK] seq_err=0 BER_seq=0.0000e+00 | lock=91 slip=0 BER_cond=0.0000e+00 BER_cum=0.0000e+00
BER: SYNC #92 (gated)
CSV,1345007,269000,92,91,0,46610,0,0.000000e+00,0.000000e+00,45239414784.0,44854374400.0,1413309.1,45.05,0.04
CSV,1350007,270000,92,91,0,46810,0,0.000000e+00,0.000000e+00,54048518144.0,40119021568.0,1197467.5,46.55,1.29
CSV,1355007,271000,92,91,0,47009,0,0.000000e+00,0.000000e+00,45278208000.0,45662294016.0,1096708.0,46.19,0.04
BER: END_SEQ #92 [LOCK] seq_err=0 BER_seq=0.0000e+00 | lock=92 slip=0 BER_cond=0.0000e+00 BER_cum=0.0000e+00
BER: SYNC #93 (gated)
CSV,1360007,272000,93,92,0,47132,0,0.000000e+00,0.000000e+00,48789176320.0,44417896448.0,1439026.2,45.30,0.41
CSV,1365007,273000,93,92,0,47332,0,0.000000e+00,0.000000e+00,51215478784.0,40606736384.0,1244526.9,46.14,1.01
BER: END_SEQ #93 [LOCK] seq_err=0 BER_seq=0.0000e+00 | lock=93 slip=0 BER_cond=0.0000e+00 BER_cum=0.0000e+00
CSV,1370007,274000,93,93,0,47523,0,0.000000e+00,0.000000e+00,46774554624.0,46855737344.0,1205219.6,45.90,0.01
BER: SYNC #94 (gated)
CSV,1375007,275000,94,93,0,47655,0,0.000000e+00,0.000000e+00,50162028544.0,40774774784.0,1373762.5,45.62,0.90
CSV,1380007,276000,94,93,0,47855,0,0.000000e+00,0.000000e+00,49100558336.0,44804804608.0,1169029.9,46.23,0.40
BER: END_SEQ #94 [LOCK] seq_err=0 BER_seq=0.0000e+00 | lock=94 slip=0 BER_cond=0.0000e+00 BER_cum=0.0000e+00
CSV,1385007,277000,94,94,0,48034,0,0.000000e+00,0.000000e+00,46435819520.0,44441337856.0,1329196.8,45.43,0.19
BER: SYNC #95 (gated)
CSV,1390007,278000,95,94,0,48178,0,0.000000e+00,0.000000e+00,52989661184.0,40856485888.0,1306337.9,46.08,1.13
CSV,1395007,279000,95,94,0,48378,0,0.000000e+00,0.000000e+00,47199801344.0,43880841216.0,1299048.8,45.60,0.32
BER: END_SEQ #95 [LOCK] seq_err=0 BER_seq=0.0000e+00 | lock=95 slip=0 BER_cond=0.0000e+00 BER_cum=0.0000e+00
CSV,1400007,280000,95,95,0,48545,0,0.000000e+00,0.000000e+00,46890766336.0,46347169792.0,1421353.9,45.18,0.05
BER: SYNC #96 (gated)
CSV,1405007,281000,96,95,0,48700,0,0.000000e+00,0.000000e+00,51800317952.0,40000831488.0,1320175.2,45.94,1.12
CSV,1410007,282000,96,95,0,48900,0,0.000000e+00,0.000000e+00,47109910528.0,46423769088.0,1259489.2,45.73,0.06
BER: END_SEQ #96 [LOCK] seq_err=0 BER_seq=0.0000e+00 | lock=96 slip=0 BER_cond=0.0000e+00 BER_cum=0.0000e+00
CSV,1415007,283000,96,96,0,49056,0,0.000000e+00,0.000000e+00,46625304576.0,43647389696.0,1456562.2,45.05,0.29
BER: SYNC #97 (gated)
CSV,1420007,284000,97,96,0,49223,0,0.000000e+00,0.000000e+00,53125812224.0,40684658688.0,1269259.6,46.22,1.16
CSV,1425007,285000,97,96,0,49423,0,0.000000e+00,0.000000e+00,46362378240.0,44466483200.0,1158237.2,46.02,0.18
BER: END_SEQ #97 [LOCK] seq_err=0 BER_seq=0.0000e+00 | lock=97 slip=0 BER_cond=0.0000e+00 BER_cum=0.0000e+00
CSV,1430007,286000,97,97,0,49567,0,0.000000e+00,0.000000e+00,47072575488.0,45567823872.0,1396756.5,45.28,0.14
BER: SYNC #98 (gated)
CSV,1435007,287000,98,97,0,49746,0,0.000000e+00,0.000000e+00,51196108800.0,40546680832.0,1278460.8,46.03,1.01
CSV,1440007,288000,98,97,0,49946,0,0.000000e+00,0.000000e+00,47484035072.0,45803171840.0,1242900.4,45.82,0.16
BER: END_SEQ #98 [LOCK] seq_err=0 BER_seq=0.0000e+00 | lock=98 slip=0 BER_cond=0.0000e+00 BER_cum=0.0000e+00
CSV,1445007,289000,98,98,0,50078,0,0.000000e+00,0.000000e+00,45709869056.0,44556410880.0,1427603.2,45.05,0.11
BER: SYNC #99 (gated)
CSV,1450007,290000,99,98,0,50269,0,0.000000e+00,0.000000e+00,54143860736.0,40149393408.0,1238295.6,46.41,1.30
CSV,1455007,291000,99,98,0,50468,0,0.000000e+00,0.000000e+00,47249424384.0,44026937344.0,1210541.9,45.91,0.31
BER: END_SEQ #99 [LOCK] seq_err=0 BER_seq=0.0000e+00 | lock=99 slip=0 BER_cond=0.0000e+00 BER_cum=0.0000e+00
BER: SYNC #100 (gated)
CSV,1460007,292000,100,99,0,50591,0,0.000000e+00,0.000000e+00,46202101760.0,46667735040.0,1532855.8,44.84,0.04
CSV,1465007,293000,100,99,0,50791,0,0.000000e+00,0.000000e+00,52828278784.0,39016423424.0,1083214.2,46.88,1.32
CSV,1470007,294000,100,99,0,50991,0,0.000000e+00,0.000000e+00,47328030720.0,45384261632.0,1133989.2,46.21,0.18
BER: END_SEQ #100 [LOCK] seq_err=0 BER_seq=0.0000e+00 | lock=100 slip=0 BER_cond=0.0000e+00 BER_cum=0.0000e+00
BER: SYNC #101 (gated)
CSV,1475007,295000,101,100,0,51114,0,0.000000e+00,0.000000e+00,43776655360.0,46131277824.0,1435195.8,45.07,0.23
CSV,1480007,296000,101,100,0,51314,0,0.000000e+00,0.000000e+00,54041088000.0,39716151296.0,1194209.8,46.56,1.34
CSV,1485007,297000,101,100,0,51514,0,0.000000e+00,0.000000e+00,47360954368.0,44050866176.0,1123034.9,46.25,0.31
BER: END_SEQ #101 [LOCK] seq_err=0 BER_seq=0.0000e+00 | lock=101 slip=0 BER_cond=0.0000e+00 BER_cum=0.0000e+00
BER: SYNC #102 (gated)
CSV,1490007,298000,102,101,0,51637,0,0.000000e+00,0.000000e+00,45189697536.0,46751236096.0,1388944.9,45.27,0.15
CSV,1495007,299000,102,101,0,51837,0,0.000000e+00,0.000000e+00,53480411136.0,38586724352.0,1207835.0,46.46,1.42
CSV,1500007,300000,102,101,0,52037,0,0.000000e+00,0.000000e+00,47436652544.0,44843909120.0,1054191.6,46.53,0.24
BER: END_SEQ #102 [LOCK] seq_err=0 BER_seq=0.0000e+00 | lock=102 slip=0 BER_cond=0.0000e+00 BER_cum=0.0000e+00

=========================================
=== END OF TEST (duration=25 min) ===
=========================================
FINAL: syncs=102 lock=102 slip=0 slip_rate=0.0000
FINAL: bits_cum=52122 err_cum=0 BER_cum=0.0000e+00
FINAL: bits_lock=52122 err_lock=0 BER_cond=0.0000e+00
=========================================
=== STOP LOGGING NOW ===
=========================================
