

=== RX BOOT - BER TEST MODE ===
BPS_MODE=20 (HALF_SAMPLES=2000, 10000 samples/bit @ 200000 Hz)
Expect: 64-bit preamble + Barker13 (1F35h, gated by 8 preamble bits = 0x55) + 511-bit PRBS-9
Noise floor band: 5000 Hz; lock threshold: BER<0.10
Auto-stop: test will halt 25 min after the first sync.
RX: edge-tracking sync, center-3 voting
Starting decoder...

CSV,5010,500,0,0,0,0,0,0.000000e+00,0.000000e+00,127475777536.0,169263415296.0,1574519.1,50.31,1.23
BER: SYNC #1 (gated)
CSV,10010,1000,1,0,0,97,0,0.000000e+00,0.000000e+00,159525715968.0,140428722176.0,885559.4,52.56,0.55
CSV,15010,1500,1,0,0,197,0,0.000000e+00,0.000000e+00,195711057920.0,109960028160.0,962895.8,53.08,2.50
CSV,20010,2000,1,0,0,297,0,0.000000e+00,0.000000e+00,159743311872.0,148703477760.0,946179.1,52.27,0.31
CSV,25010,2500,1,0,0,397,0,0.000000e+00,0.000000e+00,157864345600.0,148094205952.0,1019303.6,51.90,0.28
CSV,30010,3000,1,0,0,497,0,0.000000e+00,0.000000e+00,152099225600.0,147649871872.0,883931.7,52.36,0.13
BER: END_SEQ #1 [LOCK] seq_err=0 BER_seq=0.0000e+00 | lock=1 slip=0 BER_cond=0.0000e+00 BER_cum=0.0000e+00
BER: SYNC #2 (gated)
CSV,35010,3500,2,1,0,520,0,0.000000e+00,0.000000e+00,141483802624.0,150413099008.0,1596572.6,49.74,0.27
CSV,40010,4000,2,1,0,620,0,0.000000e+00,0.000000e+00,163262267392.0,146067537920.0,897528.1,52.60,0.48
CSV,45010,4500,2,1,0,720,0,0.000000e+00,0.000000e+00,193623130112.0,119148380160.0,941103.7,53.13,2.11
CSV,50010,5000,2,1,0,819,0,0.000000e+00,0.000000e+00,161517649920.0,138724655104.0,983276.1,52.16,0.66
CSV,55010,5500,2,1,0,919,0,0.000000e+00,0.000000e+00,148352991232.0,149984886784.0,1067560.2,51.48,0.05
CSV,60010,6000,2,1,0,1019,0,0.000000e+00,0.000000e+00,156439068672.0,151682793472.0,991746.8,51.98,0.13
BER: END_SEQ #2 [LOCK] seq_err=0 BER_seq=0.0000e+00 | lock=2 slip=0 BER_cond=0.0000e+00 BER_cum=0.0000e+00
BER: SYNC #3 (gated)
CSV,65010,6500,3,2,0,1042,0,0.000000e+00,0.000000e+00,152310808576.0,153517735936.0,1725534.9,49.49,0.03
CSV,70010,7000,3,2,0,1142,0,0.000000e+00,0.000000e+00,169747644416.0,133937512448.0,1017209.6,52.22,1.03
CSV,75010,7500,3,2,0,1242,0,0.000000e+00,0.000000e+00,185680969728.0,119983546368.0,1087790.6,52.32,1.90
CSV,80010,8000,3,2,0,1342,0,0.000000e+00,0.000000e+00,160099713024.0,148794736640.0,920947.2,52.40,0.32
CSV,85010,8500,3,2,0,1442,0,0.000000e+00,0.000000e+00,161224589312.0,150233546752.0,906139.6,52.50,0.31
BER: END_SEQ #3 [LOCK] seq_err=0 BER_seq=0.0000e+00 | lock=3 slip=0 BER_cond=0.0000e+00 BER_cum=0.0000e+00
CSV,90010,9000,3,3,0,1533,0,0.000000e+00,0.000000e+00,148101365760.0,153761660928.0,939937.1,52.14,0.16
BER: SYNC #4 (gated)
CSV,95010,9500,4,3,0,1565,0,0.000000e+00,0.000000e+00,150948904960.0,144051339264.0,1610281.1,49.72,0.20
CSV,100010,10000,4,3,0,1665,0,0.000000e+00,0.000000e+00,187606286336.0,125796843520.0,958438.4,52.92,1.74
CSV,105010,10500,4,3,0,1765,0,0.000000e+00,0.000000e+00,165328207872.0,147366330368.0,1017513.4,52.11,0.50
CSV,110010,11000,4,3,0,1865,0,0.000000e+00,0.000000e+00,161100906496.0,143943712768.0,1044911.8,51.88,0.49
CSV,115010,11500,4,3,0,1965,0,0.000000e+00,0.000000e+00,165783666688.0,137741795328.0,1053176.8,51.97,0.80
BER: END_SEQ #4 [LOCK] seq_err=0 BER_seq=0.0000e+00 | lock=4 slip=0 BER_cond=0.0000e+00 BER_cum=0.0000e+00
CSV,120010,12000,4,4,0,2044,0,0.000000e+00,0.000000e+00,150281994240.0,158176837632.0,1047484.5,51.79,0.22
BER: SYNC #5 (gated)
CSV,125010,12500,5,4,0,2088,0,0.000000e+00,0.000000e+00,166385369088.0,148007370752.0,1404129.5,50.74,0.51
CSV,130010,13000,5,4,0,2188,0,0.000000e+00,0.000000e+00,190199726080.0,121281265664.0,857554.8,53.46,1.95
CSV,135010,13500,5,4,0,2288,0,0.000000e+00,0.000000e+00,153710755840.0,149404483584.0,1051576.6,51.65,0.12
CSV,140010,14000,5,4,0,2388,0,0.000000e+00,0.000000e+00,168512307200.0,144747708416.0,940752.5,52.53,0.66
CSV,145010,14500,5,4,0,2488,0,0.000000e+00,0.000000e+00,157764567040.0,158741053440.0,943040.6,52.26,0.03
BER: END_SEQ #5 [LOCK] seq_err=0 BER_seq=0.0000e+00 | lock=5 slip=0 BER_cond=0.0000e+00 BER_cum=0.0000e+00
CSV,150010,15000,5,5,0,2555,0,0.000000e+00,0.000000e+00,158015586304.0,148013383680.0,1208411.2,51.16,0.28
BER: SYNC #6 (gated)
CSV,155010,15500,6,5,0,2610,0,0.000000e+00,0.000000e+00,157202022400.0,145506893824.0,1333870.5,50.71,0.34
CSV,160010,16000,6,5,0,2710,0,0.000000e+00,0.000000e+00,196758126592.0,121495109632.0,889880.9,53.45,2.09
CSV,165010,16500,6,5,0,2810,0,0.000000e+00,0.000000e+00,169667444736.0,151467868160.0,1002653.1,52.28,0.49
CSV,170010,17000,6,5,0,2910,0,0.000000e+00,0.000000e+00,151353835520.0,157716529152.0,1023067.5,51.88,0.18
CSV,175010,17500,6,5,0,3010,0,0.000000e+00,0.000000e+00,172073943040.0,136641388544.0,983451.6,52.43,1.00
BER: END_SEQ #6 [LOCK] seq_err=0 BER_seq=0.0000e+00 | lock=6 slip=0 BER_cond=0.0000e+00 BER_cum=0.0000e+00
CSV,180010,18000,6,6,0,3066,0,0.000000e+00,0.000000e+00,151138402304.0,159451365376.0,1252515.4,51.05,0.23
BER: SYNC #7 (gated)
CSV,185010,18500,7,6,0,3133,0,0.000000e+00,0.000000e+00,160837091328.0,158678089728.0,1156295.8,51.43,0.06
CSV,190010,19000,7,6,0,3233,0,0.000000e+00,0.000000e+00,204232966144.0,114086117376.0,877101.8,53.67,2.53
CSV,195010,19500,7,6,0,3333,0,0.000000e+00,0.000000e+00,167272628224.0,142565113856.0,922890.4,52.58,0.69
CSV,200010,20000,7,6,0,3433,0,0.000000e+00,0.000000e+00,153970245632.0,158623252480.0,991037.8,52.04,0.13
CSV,205010,20500,7,6,0,3533,0,0.000000e+00,0.000000e+00,177964285952.0,145640521728.0,905113.1,52.94,0.87
BER: END_SEQ #7 [LOCK] seq_err=0 BER_seq=0.0000e+00 | lock=7 slip=0 BER_cond=0.0000e+00 BER_cum=0.0000e+00
CSV,210010,21000,7,7,0,3577,0,0.000000e+00,0.000000e+00,145277583360.0,160296206336.0,1515668.5,50.24,0.43
BER: SYNC #8 (gated)
CSV,215010,21500,8,7,0,3656,0,0.000000e+00,0.000000e+00,156542173184.0,153837977600.0,1115940.4,51.47,0.08
CSV,220010,22000,8,7,0,3756,0,0.000000e+00,0.000000e+00,199402258432.0,121821700096.0,949172.2,53.22,2.14
CSV,225010,22500,8,7,0,3856,0,0.000000e+00,0.000000e+00,186343849984.0,140946227200.0,1001090.9,52.70,1.21
CSV,230010,23000,8,7,0,3956,0,0.000000e+00,0.000000e+00,142314029056.0,169246195712.0,1069516.6,51.99,0.75
CSV,235010,23500,8,7,0,4056,0,0.000000e+00,0.000000e+00,172071714816.0,141296484352.0,936940.6,52.64,0.86
BER: END_SEQ #8 [LOCK] seq_err=0 BER_seq=0.0000e+00 | lock=8 slip=0 BER_cond=0.0000e+00 BER_cum=0.0000e+00
CSV,240010,24000,8,8,0,4088,0,0.000000e+00,0.000000e+00,147198803968.0,162017820672.0,1529916.1,50.25,0.42
BER: SYNC #9 (gated)
CSV,245010,24500,9,8,0,4179,0,0.000000e+00,0.000000e+00,176135094272.0,150336421888.0,911433.2,52.86,0.69
CSV,250010,25000,9,8,0,4279,0,0.000000e+00,0.000000e+00,200084258816.0,122311352320.0,919474.9,53.38,2.14
CSV,255010,25500,9,8,0,4378,0,0.000000e+00,0.000000e+00,165778391040.0,147815874560.0,938674.9,52.47,0.50
CSV,260010,26000,9,8,0,4478,0,0.000000e+00,0.000000e+00,164293525504.0,152633819136.0,1007921.0,52.12,0.32
CSV,265010,26500,9,8,0,4578,0,0.000000e+00,0.000000e+00,174255800320.0,153734365184.0,875879.7,52.99,0.54
BER: END_SEQ #9 [LOCK] seq_err=0 BER_seq=0.0000e+00 | lock=9 slip=0 BER_cond=0.0000e+00 BER_cum=0.0000e+00
BER: SYNC #10 (gated)
CSV,270010,27000,10,9,0,4601,0,0.000000e+00,0.000000e+00,147688357888.0,164699291648.0,1618592.8,50.08,0.47
CSV,275010,27500,10,9,0,4701,0,0.000000e+00,0.000000e+00,165268340736.0,151743479808.0,1053779.6,51.95,0.37
CSV,280010,28000,10,9,0,4801,0,0.000000e+00,0.000000e+00,208521248768.0,118991249408.0,1010989.1,53.14,2.44
CSV,285010,28500,10,9,0,4901,0,0.000000e+00,0.000000e+00,172865044480.0,157705584640.0,1046424.4,52.18,0.40
CSV,290010,29000,10,9,0,5001,0,0.000000e+00,0.000000e+00,163513073664.0,157959061504.0,1089570.8,51.76,0.15
CSV,295010,29500,10,9,0,5101,0,0.000000e+00,0.000000e+00,168739192832.0,150033448960.0,969304.6,52.41,0.51
BER: END_SEQ #10 [LOCK] seq_err=0 BER_seq=0.0000e+00 | lock=10 slip=0 BER_cond=0.0000e+00 BER_cum=0.0000e+00
BER: SYNC #11 (gated)
CSV,300010,30000,11,10,0,5124,0,0.000000e+00,0.000000e+00,140604538880.0,169263005696.0,1568396.4,50.33,0.81
CSV,305010,30500,11,10,0,5224,0,0.000000e+00,0.000000e+00,183631806464.0,147707281408.0,983450.5,52.71,0.95
CSV,310010,31000,11,10,0,5324,0,0.000000e+00,0.000000e+00,200782692352.0,127759998976.0,1057193.4,52.79,1.96
CSV,315010,31500,11,10,0,5424,0,0.000000e+00,0.000000e+00,171488608256.0,146498912256.0,951039.0,52.56,0.68
CSV,320010,32000,11,10,0,5524,0,0.000000e+00,0.000000e+00,162265268224.0,156766945280.0,962266.7,52.27,0.15
BER: END_SEQ #11 [LOCK] seq_err=0 BER_seq=0.0000e+00 | lock=11 slip=0 BER_cond=0.0000e+00 BER_cum=0.0000e+00
CSV,325010,32500,11,11,0,5621,0,0.000000e+00,0.000000e+00,163300392960.0,164737417216.0,882556.7,52.71,0.04
BER: SYNC #12 (gated)
CSV,330010,33000,12,11,0,5647,0,0.000000e+00,0.000000e+00,159831687168.0,160781238272.0,1595127.4,50.03,0.03
CSV,335010,33500,12,11,0,5747,0,0.000000e+00,0.000000e+00,191148752896.0,131081469952.0,1007375.1,52.78,1.64
CSV,340010,34000,12,11,0,5847,0,0.000000e+00,0.000000e+00,187439153152.0,135527899136.0,996114.8,52.75,1.41
CSV,345010,34500,12,11,0,5947,0,0.000000e+00,0.000000e+00,172087951360.0,158277812224.0,976042.5,52.46,0.36
CSV,350010,35000,12,11,0,6047,0,0.000000e+00,0.000000e+00,169632841728.0,157147267072.0,1052044.5,52.07,0.33
BER: END_SEQ #12 [LOCK] seq_err=0 BER_seq=0.0000e+00 | lock=12 slip=0 BER_cond=0.0000e+00 BER_cum=0.0000e+00
CSV,355010,35500,12,12,0,6132,0,0.000000e+00,0.000000e+00,158321164288.0,159932727296.0,1170632.1,51.36,0.04
BER: SYNC #13 (gated)
CSV,360010,36000,13,12,0,6169,0,0.000000e+00,0.000000e+00,167259193344.0,148709654528.0,1636629.0,50.09,0.51
CSV,365010,36500,13,12,0,6269,0,0.000000e+00,0.000000e+00,200942534656.0,133728247808.0,1113446.8,52.56,1.77
CSV,370010,37000,13,12,0,6369,0,0.000000e+00,0.000000e+00,171131109376.0,156558557184.0,1067080.1,52.05,0.39
CSV,375010,37500,13,12,0,6469,0,0.000000e+00,0.000000e+00,173433733120.0,149046837248.0,887519.5,52.91,0.66
CSV,380010,38000,13,12,0,6569,0,0.000000e+00,0.000000e+00,164092657664.0,155674361856.0,1073122.5,51.84,0.23
BER: END_SEQ #13 [LOCK] seq_err=0 BER_seq=0.0000e+00 | lock=13 slip=0 BER_cond=0.0000e+00 BER_cum=0.0000e+00
CSV,385010,38500,13,13,0,6643,0,0.000000e+00,0.000000e+00,166907625472.0,163399630848.0,1201937.8,51.43,0.09
BER: SYNC #14 (gated)
CSV,390010,39000,14,13,0,6692,0,0.000000e+00,0.000000e+00,171067047936.0,158015504384.0,1410174.0,50.84,0.34
CSV,395010,39500,14,13,0,6792,0,0.000000e+00,0.000000e+00,202911006720.0,126318190592.0,965320.0,53.23,2.06
CSV,400010,40000,14,13,0,6892,0,0.000000e+00,0.000000e+00,166600851456.0,154041499648.0,1123665.6,51.71,0.34
CSV,405010,40500,14,13,0,6992,0,0.000000e+00,0.000000e+00,174378401792.0,158824284160.0,983512.4,52.49,0.41
CSV,410010,41000,14,13,0,7092,0,0.000000e+00,0.000000e+00,175147958272.0,158362238976.0,1061013.8,52.18,0.44
BER: END_SEQ #14 [LOCK] seq_err=0 BER_seq=0.0000e+00 | lock=14 slip=0 BER_cond=0.0000e+00 BER_cum=0.0000e+00
CSV,415010,41500,14,14,0,7154,0,0.000000e+00,0.000000e+00,160126517248.0,159775653888.0,1506095.1,50.27,0.01
BER: SYNC #15 (gated)
CSV,420010,42000,15,14,0,7215,0,0.000000e+00,0.000000e+00,166005391360.0,155823570944.0,1316218.1,51.01,0.27
CSV,425010,42500,15,14,0,7315,0,0.000000e+00,0.000000e+00,210877186048.0,127847948288.0,1050092.8,53.03,2.17
CSV,430010,43000,15,14,0,7415,0,0.000000e+00,0.000000e+00,181449277440.0,155149090816.0,995563.6,52.61,0.68
CSV,435010,43500,15,14,0,7515,0,0.000000e+00,0.000000e+00,165223874560.0,161181171712.0,1092709.0,51.80,0.11
CSV,440010,44000,15,14,0,7615,0,0.000000e+00,0.000000e+00,175781314560.0,150258630656.0,1070092.2,52.16,0.68
BER: END_SEQ #15 [LOCK] seq_err=0 BER_seq=0.0000e+00 | lock=15 slip=0 BER_cond=0.0000e+00 BER_cum=0.0000e+00
CSV,445010,44500,15,15,0,7665,0,0.000000e+00,0.000000e+00,157898276864.0,173131743232.0,1499923.4,50.62,0.40
BER: SYNC #16 (gated)
CSV,450010,45000,16,15,0,7738,0,0.000000e+00,0.000000e+00,167975501824.0,169100410880.0,1199159.5,51.49,0.03
CSV,455010,45500,16,15,0,7838,0,0.000000e+00,0.000000e+00,211482984448.0,123090042880.0,959921.2,53.43,2.35
CSV,460010,46000,16,15,0,7937,0,0.000000e+00,0.000000e+00,187384053760.0,141368213504.0,1094151.8,52.34,1.22
CSV,465010,46500,16,15,0,8037,0,0.000000e+00,0.000000e+00,151303864320.0,179085230080.0,968088.1,52.67,0.73
CSV,470010,47000,16,15,0,8137,0,0.000000e+00,0.000000e+00,190454726656.0,149350924288.0,1176264.2,52.09,1.06
BER: END_SEQ #16 [LOCK] seq_err=0 BER_seq=0.0000e+00 | lock=16 slip=0 BER_cond=0.0000e+00 BER_cum=0.0000e+00
CSV,475010,47500,16,16,0,8176,0,0.000000e+00,0.000000e+00,155036090368.0,163530014720.0,1679178.9,49.89,0.23
BER: SYNC #17 (gated)
CSV,480010,48000,17,16,0,8260,0,0.000000e+00,0.000000e+00,168170586112.0,157528375296.0,959818.3,52.44,0.28
CSV,485010,48500,17,16,0,8360,0,0.000000e+00,0.000000e+00,206150189056.0,131012526080.0,1064007.0,52.87,1.97
CSV,490010,49000,17,16,0,8460,0,0.000000e+00,0.000000e+00,188115484672.0,150609739776.0,928089.9,53.07,0.97
CSV,495010,49500,17,16,0,8560,0,0.000000e+00,0.000000e+00,160635060224.0,164672110592.0,1017358.1,52.09,0.11
CSV,500010,50000,17,16,0,8660,0,0.000000e+00,0.000000e+00,172875464704.0,153533333504.0,1008642.1,52.34,0.52
BER: END_SEQ #17 [LOCK] seq_err=0 BER_seq=0.0000e+00 | lock=17 slip=0 BER_cond=0.0000e+00 BER_cum=0.0000e+00
CSV,505010,50500,17,17,0,8687,0,0.000000e+00,0.000000e+00,155325005824.0,170661085184.0,1644571.5,50.16,0.41
BER: SYNC #18 (gated)
CSV,510010,51000,18,17,0,8783,0,0.000000e+00,0.000000e+00,182389964800.0,157294804992.0,980778.8,52.69,0.64
CSV,515010,51500,18,17,0,8883,0,0.000000e+00,0.000000e+00,215746494464.0,120369618944.0,1040294.0,53.17,2.53
CSV,520010,52000,18,17,0,8983,0,0.000000e+00,0.000000e+00,169620586496.0,156569075712.0,994768.7,52.32,0.35
CSV,525010,52500,18,17,0,9083,0,0.000000e+00,0.000000e+00,172450185216.0,159639109632.0,1063970.5,52.10,0.34
CSV,530010,53000,18,17,0,9183,0,0.000000e+00,0.000000e+00,173408272384.0,166853754880.0,966807.6,52.54,0.17
BER: END_SEQ #18 [LOCK] seq_err=0 BER_seq=0.0000e+00 | lock=18 slip=0 BER_cond=0.0000e+00 BER_cum=0.0000e+00
BER: SYNC #19 (gated)
CSV,535010,53500,19,18,0,9206,0,0.000000e+00,0.000000e+00,157355737088.0,165481594880.0,1688672.9,49.91,0.22
CSV,540010,54000,19,18,0,9306,0,0.000000e+00,0.000000e+00,173427294208.0,153449005056.0,1021861.4,52.30,0.53
CSV,545010,54500,19,18,0,9406,0,0.000000e+00,0.000000e+00,210009309184.0,127305744384.0,1007326.8,53.19,2.17
CSV,550010,55000,19,18,0,9506,0,0.000000e+00,0.000000e+00,180261830656.0,158975967232.0,1000528.4,52.56,0.55
CSV,555010,55500,19,18,0,9606,0,0.000000e+00,0.000000e+00,166834765824.0,160620625920.0,1072520.4,51.92,0.16
CSV,560010,56000,19,18,0,9705,0,0.000000e+00,0.000000e+00,167066337280.0,160224526336.0,1038629.5,52.06,0.18
BER: END_SEQ #19 [LOCK] seq_err=0 BER_seq=0.0000e+00 | lock=19 slip=0 BER_cond=0.0000e+00 BER_cum=0.0000e+00
BER: SYNC #20 (gated)
CSV,565010,56500,20,19,0,9728,0,0.000000e+00,0.000000e+00,159638945792.0,161609646080.0,1793982.6,49.55,0.05
CSV,570010,57000,20,19,0,9828,0,0.000000e+00,0.000000e+00,191092654080.0,149504442368.0,1180721.4,52.09,1.07
CSV,575010,57500,20,19,0,9928,0,0.000000e+00,0.000000e+00,201451569152.0,132818149376.0,1055987.4,52.81,1.81
CSV,580010,58000,20,19,0,10028,0,0.000000e+00,0.000000e+00,170647863296.0,155448082432.0,963429.9,52.48,0.41
CSV,585010,58500,20,19,0,10128,0,0.000000e+00,0.000000e+00,171463507968.0,157749460992.0,1026076.1,52.23,0.36
BER: END_SEQ #20 [LOCK] seq_err=0 BER_seq=0.0000e+00 | lock=20 slip=0 BER_cond=0.0000e+00 BER_cum=0.0000e+00
CSV,590010,59000,20,20,0,10220,0,0.000000e+00,0.000000e+00,167446446080.0,169466298368.0,976269.2,52.40,0.05
BER: SYNC #21 (gated)
CSV,595010,59500,21,20,0,10251,0,0.000000e+00,0.000000e+00,166315491328.0,159777652736.0,1633540.8,50.08,0.17
CSV,600010,60000,21,20,0,10351,0,0.000000e+00,0.000000e+00,199247527936.0,131149611008.0,1030618.6,52.86,1.82
CSV,605010,60500,21,20,0,10451,0,0.000000e+00,0.000000e+00,176679092224.0,152460165120.0,1017327.5,52.40,0.64
CSV,610010,61000,21,20,0,10551,0,0.000000e+00,0.000000e+00,180156268544.0,158584930304.0,1055656.1,52.32,0.55
CSV,615010,61500,21,20,0,10651,0,0.000000e+00,0.000000e+00,180870873088.0,151064739840.0,1057387.2,52.33,0.78
BER: END_SEQ #21 [LOCK] seq_err=0 BER_seq=0.0000e+00 | lock=21 slip=0 BER_cond=0.0000e+00 BER_cum=0.0000e+00
CSV,620010,62000,21,21,0,10731,0,0.000000e+00,0.000000e+00,157576380416.0,165541101568.0,1292242.5,51.08,0.21
BER: SYNC #22 (gated)
CSV,625010,62500,22,21,0,10774,0,0.000000e+00,0.000000e+00,175329689600.0,150940450816.0,1550007.6,50.54,0.65
CSV,630010,63000,22,21,0,10874,0,0.000000e+00,0.000000e+00,208753213440.0,137985622016.0,990378.1,53.24,1.80
CSV,635010,63500,22,21,0,10974,0,0.000000e+00,0.000000e+00,169540026368.0,163658203136.0,1095920.5,51.89,0.15
CSV,640010,64000,22,21,0,11074,0,0.000000e+00,0.000000e+00,178545868800.0,152336646144.0,971434.5,52.64,0.69
CSV,645010,64500,22,21,0,11174,0,0.000000e+00,0.000000e+00,167302660096.0,161767538688.0,1080899.8,51.90,0.15
BER: END_SEQ #22 [LOCK] seq_err=0 BER_seq=0.0000e+00 | lock=22 slip=0 BER_cond=0.0000e+00 BER_cum=0.0000e+00
CSV,650010,65000,22,22,0,11242,0,0.000000e+00,0.000000e+00,173503873024.0,166780633088.0,1284128.2,51.31,0.17
BER: SYNC #23 (gated)
CSV,655010,65500,23,22,0,11297,0,0.000000e+00,0.000000e+00,177535401984.0,157305880576.0,1438233.1,50.91,0.53
CSV,660010,66000,23,22,0,11396,0,0.000000e+00,0.000000e+00,205051330560.0,129625014272.0,924341.9,53.46,1.99
CSV,665010,66500,23,22,0,11496,0,0.000000e+00,0.000000e+00,174319747072.0,155581251584.0,1014549.9,52.35,0.49
CSV,670010,67000,23,22,0,11596,0,0.000000e+00,0.000000e+00,170106273792.0,169368633344.0,995949.2,52.32,0.02
CSV,675010,67500,23,22,0,11696,0,0.000000e+00,0.000000e+00,184528683008.0,152272781312.0,1041969.6,52.48,0.83
BER: END_SEQ #23 [LOCK] seq_err=0 BER_seq=0.0000e+00 | lock=23 slip=0 BER_cond=0.0000e+00 BER_cum=0.0000e+00
CSV,680010,68000,23,23,0,11753,0,0.000000e+00,0.000000e+00,157679632384.0,163795091456.0,1479067.0,50.44,0.17
BER: SYNC #24 (gated)
CSV,685010,68500,24,23,0,11819,0,0.000000e+00,0.000000e+00,165216616448.0,160820035584.0,1235412.0,51.26,0.12
CSV,690010,69000,24,23,0,11919,0,0.000000e+00,0.000000e+00,220890513408.0,124053700608.0,1031711.2,53.31,2.51
CSV,695010,69500,24,23,0,12019,0,0.000000e+00,0.000000e+00,182190817280.0,154890616832.0,1042316.3,52.43,0.71
CSV,700010,70000,24,23,0,12119,0,0.000000e+00,0.000000e+00,160786120704.0,165303336960.0,1072528.2,51.88,0.12
CSV,705010,70500,24,23,0,12219,0,0.000000e+00,0.000000e+00,179912949760.0,150103867392.0,1099917.8,52.14,0.79
BER: END_SEQ #24 [LOCK] seq_err=0 BER_seq=0.0000e+00 | lock=24 slip=0 BER_cond=0.0000e+00 BER_cum=0.0000e+00
CSV,710010,71000,24,24,0,12264,0,0.000000e+00,0.000000e+00,162933702656.0,172605276160.0,1670712.1,50.14,0.25
BER: SYNC #25 (gated)
CSV,715010,71500,25,24,0,12342,0,0.000000e+00,0.000000e+00,169882812416.0,167751467008.0,1152840.5,51.68,0.05
CSV,720010,72000,25,24,0,12442,0,0.000000e+00,0.000000e+00,211374735360.0,124550037504.0,1146994.9,52.65,2.30
CSV,725010,72500,25,24,0,12542,0,0.000000e+00,0.000000e+00,187192950784.0,144989880320.0,1091543.1,52.34,1.11
CSV,730010,73000,25,24,0,12642,0,0.000000e+00,0.000000e+00,156597075968.0,179400949760.0,1036402.9,52.38,0.59
CSV,735010,73500,25,24,0,12742,0,0.000000e+00,0.000000e+00,187326906368.0,153122488320.0,921706.2,53.08,0.88
BER: END_SEQ #25 [LOCK] seq_err=0 BER_seq=0.0000e+00 | lock=25 slip=0 BER_cond=0.0000e+00 BER_cum=0.0000e+00
CSV,740010,74000,25,25,0,12775,0,0.000000e+00,0.000000e+00,152541462528.0,168551497728.0,1643878.8,50.11,0.43
BER: SYNC #26 (gated)
CSV,745010,74500,26,25,0,12865,0,0.000000e+00,0.000000e+00,176199090176.0,155830845440.0,1083249.4,52.11,0.53
CSV,750010,75000,26,25,0,12965,0,0.000000e+00,0.000000e+00,213223817216.0,130616246272.0,1022564.4,53.19,2.13
CSV,755010,75500,26,25,0,13065,0,0.000000e+00,0.000000e+00,180604633088.0,160135364608.0,1088465.4,52.20,0.52
CSV,760010,76000,26,25,0,13164,0,0.000000e+00,0.000000e+00,170931617792.0,157394583552.0,1014278.2,52.27,0.36
CSV,765010,76500,26,25,0,13264,0,0.000000e+00,0.000000e+00,177706958848.0,151354097664.0,1121304.5,52.00,0.70
BER: END_SEQ #26 [LOCK] seq_err=0 BER_seq=0.0000e+00 | lock=26 slip=0 BER_cond=0.0000e+00 BER_cum=0.0000e+00
BER: SYNC #27 (gated)
CSV,770010,77000,27,26,0,13287,0,0.000000e+00,0.000000e+00,154047594496.0,175775399936.0,1705901.9,50.13,0.57
CSV,775010,77500,27,26,0,13387,0,0.000000e+00,0.000000e+00,180036812800.0,159642583040.0,1032956.7,52.41,0.52
CSV,780010,78000,27,26,0,13487,0,0.000000e+00,0.000000e+00,213523759104.0,122385326080.0,1061113.0,53.04,2.42
CSV,785010,78500,27,26,0,13587,0,0.000000e+00,0.000000e+00,174825848832.0,154370752512.0,945170.3,52.67,0.54
CSV,790010,79000,27,26,0,13687,0,0.000000e+00,0.000000e+00,169096740864.0,165287165952.0,1115447.8,51.81,0.10
CSV,795010,79500,27,26,0,13787,0,0.000000e+00,0.000000e+00,180483178496.0,159440175104.0,894890.8,53.05,0.54
BER: END_SEQ #27 [LOCK] seq_err=0 BER_seq=0.0000e+00 | lock=27 slip=0 BER_cond=0.0000e+00 BER_cum=0.0000e+00
BER: SYNC #28 (gated)
CSV,800010,80000,28,27,0,13810,0,0.000000e+00,0.000000e+00,146816712704.0,171954880512.0,1763761.1,49.89,0.69
CSV,805010,80500,28,27,0,13910,0,0.000000e+00,0.000000e+00,179198705664.0,148784693248.0,935785.4,52.82,0.81
CSV,810010,81000,28,27,0,14010,0,0.000000e+00,0.000000e+00,207545581568.0,131756613632.0,1044724.7,52.98,1.97
CSV,815010,81500,28,27,0,14110,0,0.000000e+00,0.000000e+00,186425606144.0,154199785472.0,973431.2,52.82,0.82
CSV,820010,82000,28,27,0,14210,0,0.000000e+00,0.000000e+00,164803837952.0,162592751616.0,1055676.9,51.93,0.06
BER: END_SEQ #28 [LOCK] seq_err=0 BER_seq=0.0000e+00 | lock=28 slip=0 BER_cond=0.0000e+00 BER_cum=0.0000e+00
CSV,825010,82500,28,28,0,14308,0,0.000000e+00,0.000000e+00,163379167232.0,163856826368.0,992622.8,52.18,0.01
BER: SYNC #29 (gated)
CSV,830010,83000,29,28,0,14333,0,0.000000e+00,0.000000e+00,165022793728.0,160150372352.0,1655071.8,49.99,0.13
CSV,835010,83500,29,28,0,14433,0,0.000000e+00,0.000000e+00,200120090624.0,142824652800.0,1105981.9,52.58,1.46
CSV,840010,84000,29,28,0,14533,0,0.000000e+00,0.000000e+00,193380712448.0,138883579904.0,1054013.1,52.64,1.44
CSV,845010,84500,29,28,0,14633,0,0.000000e+00,0.000000e+00,173885947904.0,154065780736.0,1061765.8,52.14,0.53
CSV,850010,85000,29,28,0,14733,0,0.000000e+00,0.000000e+00,169349054464.0,162300870656.0,1078898.9,51.96,0.18
BER: END_SEQ #29 [LOCK] seq_err=0 BER_seq=0.0000e+00 | lock=29 slip=0 BER_cond=0.0000e+00 BER_cum=0.0000e+00
CSV,855010,85500,29,29,0,14819,0,0.000000e+00,0.000000e+00,169656156160.0,169159868416.0,1039992.9,52.13,0.01
BER: SYNC #30 (gated)
CSV,860010,86000,30,29,0,14856,0,0.000000e+00,0.000000e+00,173802979328.0,154498646016.0,1653670.0,50.22,0.51
CSV,865010,86500,30,29,0,14955,0,0.000000e+00,0.000000e+00,200641282048.0,132343291904.0,1039283.8,52.86,1.81
CSV,870010,87000,30,29,0,15055,0,0.000000e+00,0.000000e+00,177273585664.0,157474979840.0,1161150.8,51.84,0.51
CSV,875010,87500,30,29,0,15155,0,0.000000e+00,0.000000e+00,182506553344.0,162130100224.0,954413.4,52.82,0.51
CSV,880010,88000,30,29,0,15255,0,0.000000e+00,0.000000e+00,173206405120.0,160180895744.0,1007812.8,52.35,0.34
BER: END_SEQ #30 [LOCK] seq_err=0 BER_seq=0.0000e+00 | lock=30 slip=0 BER_cond=0.0000e+00 BER_cum=0.0000e+00
CSV,885010,88500,30,30,0,15330,0,0.000000e+00,0.000000e+00,163490709504.0,163144155136.0,1148625.9,51.53,0.01
BER: SYNC #31 (gated)
CSV,890010,89000,31,30,0,15378,0,0.000000e+00,0.000000e+00,171145789440.0,158318166016.0,1591090.4,50.32,0.34
CSV,895010,89500,31,30,0,15478,0,0.000000e+00,0.000000e+00,216390336512.0,132610514944.0,961616.4,53.52,2.13
CSV,900010,90000,31,30,0,15578,0,0.000000e+00,0.000000e+00,171327160320.0,161675919360.0,1140068.4,51.77,0.25
CSV,905010,90500,31,30,0,15678,0,0.000000e+00,0.000000e+00,173491601408.0,157073440768.0,953789.2,52.60,0.43
CSV,910010,91000,31,30,0,15778,0,0.000000e+00,0.000000e+00,174386462720.0,158446796800.0,1126244.5,51.90,0.42
BER: END_SEQ #31 [LOCK] seq_err=0 BER_seq=0.0000e+00 | lock=31 slip=0 BER_cond=0.0000e+00 BER_cum=0.0000e+00
CSV,915010,91500,31,31,0,15841,0,0.000000e+00,0.000000e+00,172458147840.0,168142749696.0,1452211.5,50.75,0.11
BER: SYNC #32 (gated)
CSV,920010,92000,32,31,0,15901,0,0.000000e+00,0.000000e+00,173570162688.0,160113213440.0,1329063.2,51.16,0.35
CSV,925010,92500,32,31,0,16001,0,0.000000e+00,0.000000e+00,206317289472.0,128709165056.0,1063588.1,52.88,2.05
CSV,930010,93000,32,31,0,16101,0,0.000000e+00,0.000000e+00,180305444864.0,153797607424.0,1032624.6,52.42,0.69
CSV,935010,93500,32,31,0,16201,0,0.000000e+00,0.000000e+00,174484865024.0,168020705280.0,1051170.1,52.20,0.16
CSV,940010,94000,32,31,0,16301,0,0.000000e+00,0.000000e+00,181243117568.0,154341425152.0,1030458.0,52.45,0.70
BER: END_SEQ #32 [LOCK] seq_err=0 BER_seq=0.0000e+00 | lock=32 slip=0 BER_cond=0.0000e+00 BER_cum=0.0000e+00
CSV,945010,94500,32,32,0,16352,0,0.000000e+00,0.000000e+00,156540878848.0,165775179776.0,1532903.5,50.34,0.25
BER: SYNC #33 (gated)
CSV,950010,95000,33,32,0,16424,0,0.000000e+00,0.000000e+00,161922629632.0,169645457408.0,1266697.4,51.27,0.20
CSV,955010,95500,33,32,0,16524,0,0.000000e+00,0.000000e+00,223517376512.0,125947379712.0,992577.5,53.53,2.49
CSV,960010,96000,33,32,0,16624,0,0.000000e+00,0.000000e+00,189771563008.0,148752187392.0,1163531.5,52.12,1.06
CSV,965010,96500,33,32,0,16723,0,0.000000e+00,0.000000e+00,152920965120.0,174499135488.0,1038884.2,52.25,0.57
CSV,970010,97000,33,32,0,16823,0,0.000000e+00,0.000000e+00,187518550016.0,146301124608.0,1133046.1,52.19,1.08
BER: END_SEQ #33 [LOCK] seq_err=0 BER_seq=0.0000e+00 | lock=33 slip=0 BER_cond=0.0000e+00 BER_cum=0.0000e+00
CSV,975010,97500,33,33,0,16863,0,0.000000e+00,0.000000e+00,165970182144.0,174658338816.0,1749193.2,49.99,0.22
BER: SYNC #34 (gated)
CSV,980010,98000,34,33,0,16946,0,0.000000e+00,0.000000e+00,171472830464.0,165330649088.0,991716.4,52.38,0.16
CSV,985010,98500,34,33,0,17046,0,0.000000e+00,0.000000e+00,207088533504.0,129680932864.0,1076163.8,52.84,2.03
CSV,990010,99000,34,33,0,17146,0,0.000000e+00,0.000000e+00,187121598464.0,146325110784.0,1026144.8,52.61,1.07
CSV,995010,99500,34,33,0,17246,0,0.000000e+00,0.000000e+00,165143445504.0,174472396800.0,1127186.4,51.90,0.24
CSV,1000010,100000,34,33,0,17346,0,0.000000e+00,0.000000e+00,180911964160.0,157712089088.0,1020413.4,52.49,0.60
BER: END_SEQ #34 [LOCK] seq_err=0 BER_seq=0.0000e+00 | lock=34 slip=0 BER_cond=0.0000e+00 BER_cum=0.0000e+00
CSV,1005010,100500,34,34,0,17374,0,0.000000e+00,0.000000e+00,152434327552.0,167697612800.0,1702597.5,49.93,0.41
BER: SYNC #35 (gated)
CSV,1010010,101000,35,34,0,17469,0,0.000000e+00,0.000000e+00,180062699520.0,152557649920.0,993622.5,52.58,0.72
CSV,1015010,101500,35,34,0,17569,0,0.000000e+00,0.000000e+00,220460957696.0,127225339904.0,1157357.8,52.80,2.39
CSV,1020010,102000,35,34,0,17669,0,0.000000e+00,0.000000e+00,177980588032.0,159673630720.0,1124249.4,52.00,0.47
CSV,1025010,102500,35,34,0,17769,0,0.000000e+00,0.000000e+00,168177844224.0,160556531712.0,1042051.5,52.08,0.20
CSV,1030010,103000,35,34,0,17869,0,0.000000e+00,0.000000e+00,171689869312.0,160130138112.0,836871.1,53.12,0.30
BER: END_SEQ #35 [LOCK] seq_err=0 BER_seq=0.0000e+00 | lock=35 slip=0 BER_cond=0.0000e+00 BER_cum=0.0000e+00
BER: SYNC #36 (gated)
CSV,1035010,103500,36,35,0,17892,0,0.000000e+00,0.000000e+00,164375560192.0,171990384640.0,1813093.6,49.77,0.20
CSV,1040010,104000,36,35,0,17992,0,0.000000e+00,0.000000e+00,177198055424.0,162603679744.0,982893.4,52.56,0.37
CSV,1045010,104500,36,35,0,18092,0,0.000000e+00,0.000000e+00,213015527424.0,124294045696.0,1046185.8,53.09,2.34
CSV,1050010,105000,36,35,0,18192,0,0.000000e+00,0.000000e+00,175822356480.0,155849555968.0,1124899.1,51.94,0.52
CSV,1055010,105500,36,35,0,18292,0,0.000000e+00,0.000000e+00,169590554624.0,169161474048.0,1008315.1,52.26,0.01
CSV,1060010,106000,36,35,0,18392,0,0.000000e+00,0.000000e+00,177933008896.0,163418587136.0,1162988.9,51.85,0.37
BER: END_SEQ #36 [LOCK] seq_err=0 BER_seq=0.0000e+00 | lock=36 slip=0 BER_cond=0.0000e+00 BER_cum=0.0000e+00
BER: SYNC #37 (gated)
CSV,1065010,106500,37,36,0,18414,0,0.000000e+00,0.000000e+00,156945432576.0,165489229824.0,1665323.8,49.97,0.23
CSV,1070010,107000,37,36,0,18514,0,0.000000e+00,0.000000e+00,186346389504.0,146508922880.0,1117929.0,52.22,1.04
CSV,1075010,107500,37,36,0,18614,0,0.000000e+00,0.000000e+00,207580479488.0,136457281536.0,1017749.2,53.10,1.82
CSV,1080010,108000,37,36,0,18714,0,0.000000e+00,0.000000e+00,181030289408.0,159738511360.0,1077975.2,52.25,0.54
CSV,1085010,108500,37,36,0,18814,0,0.000000e+00,0.000000e+00,172043911168.0,158864392192.0,1031374.4,52.22,0.35
BER: END_SEQ #37 [LOCK] seq_err=0 BER_seq=0.0000e+00 | lock=37 slip=0 BER_cond=0.0000e+00 BER_cum=0.0000e+00
CSV,1090010,109000,37,37,0,18907,0,0.000000e+00,0.000000e+00,160794050560.0,168457256960.0,1014434.8,52.20,0.20
BER: SYNC #38 (gated)
CSV,1095010,109500,38,37,0,18937,0,0.000000e+00,0.000000e+00,167551025152.0,163596222464.0,1680618.0,49.99,0.10
CSV,1100010,110000,38,37,0,19037,0,0.000000e+00,0.000000e+00,207777497088.0,138093543424.0,957994.9,53.36,1.77
CSV,1105010,110500,38,37,0,19137,0,0.000000e+00,0.000000e+00,181567651840.0,151234117632.0,1050154.5,52.38,0.79
CSV,1110010,111000,38,37,0,19237,0,0.000000e+00,0.000000e+00,176034119680.0,156158623744.0,921384.1,52.81,0.52
CSV,1115010,111500,38,37,0,19337,0,0.000000e+00,0.000000e+00,180546109440.0,156695019520.0,1082769.0,52.22,0.62
BER: END_SEQ #38 [LOCK] seq_err=0 BER_seq=0.0000e+00 | lock=38 slip=0 BER_cond=0.0000e+00 BER_cum=0.0000e+00
CSV,1120010,112000,38,38,0,19418,0,0.000000e+00,0.000000e+00,168415379456.0,170819616768.0,1214642.1,51.48,0.06
BER: SYNC #39 (gated)
CSV,1125010,112500,39,38,0,19460,0,0.000000e+00,0.000000e+00,175083028480.0,152894259200.0,1513140.6,50.63,0.59
CSV,1130010,113000,39,38,0,19560,0,0.000000e+00,0.000000e+00,202057826304.0,133358796800.0,1051460.9,52.84,1.80
CSV,1135010,113500,39,38,0,19660,0,0.000000e+00,0.000000e+00,173707395072.0,161656750080.0,1130224.2,51.87,0.31
CSV,1140010,114000,39,38,0,19760,0,0.000000e+00,0.000000e+00,186298662912.0,157962649600.0,1044805.9,52.51,0.72
CSV,1145010,114500,39,38,0,19860,0,0.000000e+00,0.000000e+00,165772296192.0,165269667840.0,1152934.0,51.58,0.01
BER: END_SEQ #39 [LOCK] seq_err=0 BER_seq=0.0000e+00 | lock=39 slip=0 BER_cond=0.0000e+00 BER_cum=0.0000e+00
CSV,1150010,115000,39,39,0,19929,0,0.000000e+00,0.000000e+00,169833807872.0,157808656384.0,1447852.5,50.69,0.32
BER: SYNC #40 (gated)
CSV,1155010,115500,40,39,0,19983,0,0.000000e+00,0.000000e+00,176911368192.0,156752625664.0,1579680.6,50.49,0.53
CSV,1160010,116000,40,39,0,20083,0,0.000000e+00,0.000000e+00,212702003200.0,135756857344.0,1044076.6,53.09,1.95
CSV,1165010,116500,40,39,0,20183,0,0.000000e+00,0.000000e+00,172547194880.0,159425937408.0,1106966.1,51.93,0.34
CSV,1170010,117000,40,39,0,20282,0,0.000000e+00,0.000000e+00,167978680320.0,162332737536.0,1016891.4,52.18,0.15
CSV,1175010,117500,40,39,0,20382,0,0.000000e+00,0.000000e+00,181502623744.0,154005864448.0,1103880.6,52.16,0.71
BER: END_SEQ #40 [LOCK] seq_err=0 BER_seq=0.0000e+00 | lock=40 slip=0 BER_cond=0.0000e+00 BER_cum=0.0000e+00
CSV,1180010,118000,40,40,0,20440,0,0.000000e+00,0.000000e+00,170071048192.0,169621929984.0,1403179.6,50.84,0.01
BER: SYNC #41 (gated)
CSV,1185010,118500,41,40,0,20505,0,0.000000e+00,0.000000e+00,165539545088.0,166574735360.0,1214889.8,51.37,0.03
CSV,1190010,119000,41,40,0,20605,0,0.000000e+00,0.000000e+00,218243432448.0,119315341312.0,1178361.0,52.68,2.62
CSV,1195010,119500,41,40,0,20705,0,0.000000e+00,0.000000e+00,180180844544.0,155129921536.0,1176879.5,51.85,0.65
CSV,1200010,120000,41,40,0,20805,0,0.000000e+00,0.000000e+00,171067047936.0,170877435904.0,1136787.8,51.77,0.00
CSV,1205010,120500,41,40,0,20905,0,0.000000e+00,0.000000e+00,180940570624.0,154025541632.0,1185060.1,51.84,0.70
BER: END_SEQ #41 [LOCK] seq_err=0 BER_seq=0.0000e+00 | lock=41 slip=0 BER_cond=0.0000e+00 BER_cum=0.0000e+00
CSV,1210010,121000,41,41,0,20951,0,0.000000e+00,0.000000e+00,156237185024.0,165201444864.0,1605529.2,50.12,0.24
BER: SYNC #42 (gated)
CSV,1215010,121500,42,41,0,21028,0,0.000000e+00,0.000000e+00,168737554432.0,165471436800.0,1093837.9,51.88,0.08
CSV,1220010,122000,42,41,0,21128,0,0.000000e+00,0.000000e+00,218942160896.0,131861585920.0,1062286.5,53.14,2.20
CSV,1225010,122500,42,41,0,21228,0,0.000000e+00,0.000000e+00,189874929664.0,148756004864.0,969695.5,52.92,1.06
CSV,1230010,123000,42,41,0,21328,0,0.000000e+00,0.000000e+00,153293750272.0,175367798784.0,1076664.4,52.12,0.58
CSV,1235010,123500,42,41,0,21428,0,0.000000e+00,0.000000e+00,185608011776.0,151418322944.0,1026683.6,52.57,0.88
BER: END_SEQ #42 [LOCK] seq_err=0 BER_seq=0.0000e+00 | lock=42 slip=0 BER_cond=0.0000e+00 BER_cum=0.0000e+00
CSV,1240010,124000,42,42,0,21462,0,0.000000e+00,0.000000e+00,166988660736.0,175063826432.0,1680154.2,50.18,0.21
BER: SYNC #43 (gated)
CSV,1245010,124500,43,42,0,21551,0,0.000000e+00,0.000000e+00,176200515584.0,161828405248.0,1059130.0,52.21,0.37
CSV,1250010,125000,43,42,0,21651,0,0.000000e+00,0.000000e+00,214098051072.0,124678086656.0,1040839.6,53.13,2.35
CSV,1255010,125500,43,42,0,21751,0,0.000000e+00,0.000000e+00,178250317824.0,158214275072.0,1100608.8,52.09,0.52
CSV,1260010,126000,43,42,0,21851,0,0.000000e+00,0.000000e+00,179772227584.0,165196890112.0,1055619.5,52.31,0.37
CSV,1265010,126500,43,42,0,21951,0,0.000000e+00,0.000000e+00,179547471872.0,158607785984.0,970944.8,52.67,0.54
BER: END_SEQ #43 [LOCK] seq_err=0 BER_seq=0.0000e+00 | lock=43 slip=0 BER_cond=0.0000e+00 BER_cum=0.0000e+00
BER: SYNC #44 (gated)
CSV,1270010,127000,44,43,0,21973,0,0.000000e+00,0.000000e+00,148762181632.0,171998494720.0,1784873.8,49.84,0.63
CSV,1275010,127500,44,43,0,22073,0,0.000000e+00,0.000000e+00,178058264576.0,156145156096.0,918625.5,52.87,0.57
CSV,1280010,128000,44,43,0,22173,0,0.000000e+00,0.000000e+00,223418155008.0,126259494912.0,1032505.9,53.35,2.48
CSV,1285010,128500,44,43,0,22273,0,0.000000e+00,0.000000e+00,179971440640.0,156899672064.0,969830.9,52.69,0.60
CSV,1290010,129000,44,43,0,22373,0,0.000000e+00,0.000000e+00,162691186688.0,165544230912.0,1125651.6,51.68,0.08
CSV,1295010,129500,44,43,0,22473,0,0.000000e+00,0.000000e+00,177436786688.0,156739338240.0,1136045.6,51.94,0.54
BER: END_SEQ #44 [LOCK] seq_err=0 BER_seq=0.0000e+00 | lock=44 slip=0 BER_cond=0.0000e+00 BER_cum=0.0000e+00
BER: SYNC #45 (gated)
CSV,1300010,130000,45,44,0,22496,0,0.000000e+00,0.000000e+00,159881396224.0,177462411264.0,1715961.1,50.15,0.45
CSV,1305010,130500,45,44,0,22596,0,0.000000e+00,0.000000e+00,183160569856.0,154642628608.0,1178384.2,51.92,0.74
CSV,1310010,131000,45,44,0,22696,0,0.000000e+00,0.000000e+00,206053998592.0,129499799552.0,1034168.3,52.99,2.02
CSV,1315010,131500,45,44,0,22796,0,0.000000e+00,0.000000e+00,183755161600.0,148713242624.0,1062196.8,52.38,0.92
CSV,1320010,132000,45,44,0,22896,0,0.000000e+00,0.000000e+00,168841216000.0,172875366400.0,983320.1,52.45,0.10
BER: END_SEQ #45 [LOCK] seq_err=0 BER_seq=0.0000e+00 | lock=45 slip=0 BER_cond=0.0000e+00 BER_cum=0.0000e+00
CSV,1325010,132500,45,45,0,22995,0,0.000000e+00,0.000000e+00,171815796736.0,167129513984.0,962121.0,52.52,0.12
BER: SYNC #46 (gated)
CSV,1330010,133000,46,45,0,23019,0,0.000000e+00,0.000000e+00,161476362240.0,160554090496.0,1831164.4,49.45,0.02
CSV,1335010,133500,46,45,0,23119,0,0.000000e+00,0.000000e+00,195314892800.0,140223528960.0,1063836.9,52.64,1.44
CSV,1340010,134000,46,45,0,23219,0,0.000000e+00,0.000000e+00,203833016320.0,142137901056.0,1097484.6,52.69,1.57
CSV,1345010,134500,46,45,0,23319,0,0.000000e+00,0.000000e+00,180570570752.0,159465783296.0,1156353.2,51.94,0.54
CSV,1350010,135000,46,45,0,23419,0,0.000000e+00,0.000000e+00,168539160576.0,161908342784.0,1143983.1,51.68,0.17
BER: END_SEQ #46 [LOCK] seq_err=0 BER_seq=0.0000e+00 | lock=46 slip=0 BER_cond=0.0000e+00 BER_cum=0.0000e+00
CSV,1355010,135500,46,46,0,23506,0,0.000000e+00,0.000000e+00,165027971072.0,165480726528.0,1166704.4,51.52,0.01
BER: SYNC #47 (gated)
CSV,1360010,136000,47,46,0,23542,0,0.000000e+00,0.000000e+00,175988703232.0,161949384704.0,1660241.4,50.25,0.36
CSV,1365010,136500,47,46,0,23642,0,0.000000e+00,0.000000e+00,208279027712.0,138411769856.0,1057583.0,52.94,1.77
CSV,1370010,137000,47,46,0,23741,0,0.000000e+00,0.000000e+00,176454975488.0,156366503936.0,1076669.8,52.15,0.52
CSV,1375010,137500,47,46,0,23841,0,0.000000e+00,0.000000e+00,176868704256.0,156771663872.0,1079400.6,52.14,0.52
CSV,1380010,138000,47,46,0,23941,0,0.000000e+00,0.000000e+00,177888575488.0,162704474112.0,1133462.5,51.96,0.39
BER: END_SEQ #47 [LOCK] seq_err=0 BER_seq=0.0000e+00 | lock=47 slip=0 BER_cond=0.0000e+00 BER_cum=0.0000e+00
CSV,1385010,138500,47,47,0,24017,0,0.000000e+00,0.000000e+00,172489965568.0,166578094080.0,1184898.2,51.63,0.15
BER: SYNC #48 (gated)
CSV,1390010,139000,48,47,0,24064,0,0.000000e+00,0.000000e+00,171693080576.0,156624273408.0,1485168.5,50.63,0.40
CSV,1395010,139500,48,47,0,24164,0,0.000000e+00,0.000000e+00,211304022016.0,127631917056.0,1046712.9,53.05,2.19
CSV,1400010,140000,48,47,0,24264,0,0.000000e+00,0.000000e+00,171456708608.0,167268220928.0,1244242.4,51.39,0.11
CSV,1405010,140500,48,47,0,24364,0,0.000000e+00,0.000000e+00,183577116672.0,159006556160.0,963803.7,52.80,0.62
CSV,1410010,141000,48,47,0,24464,0,0.000000e+00,0.000000e+00,170759847936.0,160531890176.0,1022586.9,52.23,0.27
BER: END_SEQ #48 [LOCK] seq_err=0 BER_seq=0.0000e+00 | lock=48 slip=0 BER_cond=0.0000e+00 BER_cum=0.0000e+00
CSV,1415010,141500,48,48,0,24528,0,0.000000e+00,0.000000e+00,167026950144.0,160902545408.0,1290728.9,51.12,0.16
BER: SYNC #49 (gated)
CSV,1420010,142000,49,48,0,24587,0,0.000000e+00,0.000000e+00,175053979648.0,161329594368.0,1382966.5,51.02,0.35
CSV,1425010,142500,49,48,0,24687,0,0.000000e+00,0.000000e+00,214916284416.0,133447049216.0,1054371.5,53.09,2.07
CSV,1430010,143000,49,48,0,24787,0,0.000000e+00,0.000000e+00,180806041600.0,153196822528.0,1100641.5,52.16,0.72
CSV,1435010,143500,49,48,0,24887,0,0.000000e+00,0.000000e+00,166001917952.0,164865900544.0,968311.8,52.34,0.03
CSV,1440010,144000,49,48,0,24987,0,0.000000e+00,0.000000e+00,183095181312.0,155680899072.0,1107416.9,52.18,0.70
BER: END_SEQ #49 [LOCK] seq_err=0 BER_seq=0.0000e+00 | lock=49 slip=0 BER_cond=0.0000e+00 BER_cum=0.0000e+00
CSV,1445010,144500,49,49,0,25039,0,0.000000e+00,0.000000e+00,165800787968.0,173302628352.0,1679678.9,50.14,0.19
BER: SYNC #50 (gated)
CSV,1450010,145000,50,49,0,25110,0,0.000000e+00,0.000000e+00,165417959424.0,167086129152.0,1136898.5,51.67,0.04
CSV,1455010,145500,50,49,0,25210,0,0.000000e+00,0.000000e+00,214242574336.0,123240562688.0,1059620.6,53.06,2.40
CSV,1460010,146000,50,49,0,25310,0,0.000000e+00,0.000000e+00,190472896512.0,149007548416.0,1004081.4,52.78,1.07
CSV,1465010,146500,50,49,0,25410,0,0.000000e+00,0.000000e+00,164019486720.0,177407295488.0,1104814.5,52.06,0.34
CSV,1470010,147000,50,49,0,25510,0,0.000000e+00,0.000000e+00,188584443904.0,147121455104.0,1046326.5,52.56,1.08
BER: END_SEQ #50 [LOCK] seq_err=0 BER_seq=0.0000e+00 | lock=50 slip=0 BER_cond=0.0000e+00 BER_cum=0.0000e+00
CSV,1475010,147500,50,50,0,25550,0,0.000000e+00,0.000000e+00,153286574080.0,168162181120.0,1632332.1,50.13,0.40
BER: SYNC #51 (gated)
CSV,1480010,148000,51,50,0,25632,0,0.000000e+00,0.000000e+00,172143067136.0,165149097984.0,1090540.8,51.98,0.18
CSV,1485010,148500,51,50,0,25732,0,0.000000e+00,0.000000e+00,216172445696.0,133158117376.0,997599.4,53.36,2.10
CSV,1490010,149000,51,50,0,25832,0,0.000000e+00,0.000000e+00,189238067200.0,145955487744.0,1056781.9,52.53,1.13
CSV,1495010,149500,51,50,0,25932,0,0.000000e+00,0.000000e+00,155318960128.0,171865554944.0,1036889.2,52.19,0.44
CSV,1500010,150000,51,50,0,26032,0,0.000000e+00,0.000000e+00,183849451520.0,153514885120.0,975855.7,52.75,0.78
BER: END_SEQ #51 [LOCK] seq_err=0 BER_seq=0.0000e+00 | lock=51 slip=0 BER_cond=0.0000e+00 BER_cum=0.0000e+00
CSV,1505010,150500,51,51,0,26061,0,0.000000e+00,0.000000e+00,163491594240.0,176685694976.0,1663276.9,50.26,0.34

=========================================
=== END OF TEST (duration=25 min) ===
=========================================
FINAL: syncs=51 lock=51 slip=0 slip_rate=0.0000
FINAL: bits_cum=26061 err_cum=0 BER_cum=0.0000e+00
FINAL: bits_lock=26061 err_lock=0 BER_cond=0.0000e+00
=========================================
=== STOP LOGGING NOW ===
=========================================
