

=== RX BOOT - BER TEST MODE ===
MOD=OOK (20 kHz carrier, adaptive threshold)
BPS_MODE=40 (HALF_SAMPLES=1000, 5000 samples/bit @ 200000 Hz)
Expect: 64-bit preamble + Barker13 (1F35h, gated by 8 preamble bits = 0x55) + 511-bit PRBS-9
Noise floor band: 5000 Hz; lock threshold: BER<0.10
Auto-stop: test will halt 25 min after the first sync.
RX: edge-tracking sync, center-3 voting
Starting decoder...

CSV,5008,1000,0,0,0,0,0,0.000000e+00,0.000000e+00,1939850.6,40139700.0,611105.5,18.17,13.16
BER: SYNC #1 (gated)
CSV,10008,2000,1,0,0,128,0,0.000000e+00,0.000000e+00,3226454.8,33009972.0,1068565.1,14.90,10.10
CSV,15008,3000,1,0,0,328,0,0.000000e+00,0.000000e+00,460602.8,45428108.0,199034.4,23.58,19.94
BER: END_SEQ #1 [LOCK] seq_err=0 BER_seq=0.0000e+00 | lock=1 slip=0 BER_cond=0.0000e+00 BER_cum=0.0000e+00
CSV,20008,4000,1,1,0,511,0,0.000000e+00,0.000000e+00,1510651.4,42078852.0,565533.0,18.72,14.45
BER: SYNC #2 (gated)
CSV,25008,5000,2,1,0,651,0,0.000000e+00,0.000000e+00,3273070.0,35167200.0,1072458.4,15.16,10.31
CSV,30008,6000,2,1,0,851,0,0.000000e+00,0.000000e+00,3342166.2,36111084.0,1070573.0,15.28,10.34
BER: END_SEQ #2 [LOCK] seq_err=0 BER_seq=0.0000e+00 | lock=2 slip=0 BER_cond=0.0000e+00 BER_cum=0.0000e+00
CSV,35008,7000,2,2,0,1022,0,0.000000e+00,0.000000e+00,3180473.8,39555644.0,1155765.5,15.34,10.95
BER: SYNC #3 (gated)
CSV,40008,8000,3,2,0,1174,0,0.000000e+00,0.000000e+00,3274635.5,33811852.0,1113121.8,14.83,10.14
CSV,45008,9000,3,2,0,1373,93,6.773489e-02,0.000000e+00,3210931.0,39331340.0,1068412.6,15.66,10.88
BER: END_SEQ #3 [SLIP] seq_err=172 BER_seq=3.3659e-01 | lock=2 slip=1 BER_cond=0.0000e+00 BER_cum=1.1220e-01
CSV,50008,10000,3,2,1,1533,172,1.121983e-01,0.000000e+00,3453473.0,37820272.0,1117290.6,15.30,10.39
BER: SYNC #4 (gated)
CSV,55008,11000,4,2,1,1697,172,1.013553e-01,0.000000e+00,3260926.8,33483560.0,1077479.8,14.92,10.11
CSV,60008,12000,4,2,1,1896,172,9.071730e-02,0.000000e+00,3182761.5,36962516.0,1108108.9,15.23,10.65
BER: END_SEQ #4 [LOCK] seq_err=0 BER_seq=0.0000e+00 | lock=3 slip=1 BER_cond=0.0000e+00 BER_cum=8.4149e-02
CSV,65008,13000,4,3,1,2044,172,8.414873e-02,0.000000e+00,3253640.5,38355588.0,1043701.6,15.65,10.71
BER: SYNC #5 (gated)
CSV,70008,14000,5,3,1,2219,172,7.751239e-02,0.000000e+00,3272888.2,33047764.0,1155885.0,14.56,10.04
CSV,75008,15000,5,3,1,2419,172,7.110376e-02,0.000000e+00,3177871.2,37003404.0,1064211.6,15.41,10.66
BER: END_SEQ #5 [LOCK] seq_err=0 BER_seq=0.0000e+00 | lock=4 slip=1 BER_cond=0.0000e+00 BER_cum=6.7319e-02
CSV,80008,16000,5,4,1,2555,172,6.731898e-02,0.000000e+00,3172776.2,35516252.0,1100964.5,15.09,10.49
BER: SYNC #6 (gated)
CSV,85008,17000,6,4,1,2742,172,6.272794e-02,0.000000e+00,3110143.2,34088488.0,1021271.2,15.23,10.40
CSV,90008,18000,6,4,1,2942,172,5.846363e-02,0.000000e+00,3093216.5,35761320.0,1052351.8,15.31,10.63
BER: END_SEQ #6 [LOCK] seq_err=0 BER_seq=0.0000e+00 | lock=5 slip=1 BER_cond=0.0000e+00 BER_cum=5.6099e-02
CSV,95008,19000,6,5,1,3066,172,5.609915e-02,0.000000e+00,3059664.2,38051528.0,1092494.0,15.42,10.95
BER: SYNC #7 (gated)
CSV,100008,20000,7,5,1,3265,172,5.267994e-02,0.000000e+00,3220598.5,33420840.0,1112577.9,14.78,10.16
CSV,105008,21000,7,5,1,3465,172,4.963925e-02,0.000000e+00,3248210.8,37475940.0,1048325.9,15.53,10.62
BER: END_SEQ #7 [LOCK] seq_err=0 BER_seq=0.0000e+00 | lock=6 slip=1 BER_cond=0.0000e+00 BER_cum=4.8085e-02
BER: SYNC #8 (gated)
CSV,110008,22000,8,6,1,3587,172,4.795093e-02,0.000000e+00,3095307.2,37808748.0,1005621.8,15.75,10.87
CSV,115008,23000,8,6,1,3787,172,4.541854e-02,0.000000e+00,3118941.5,32717464.0,1127303.4,14.63,10.21
CSV,120008,24000,8,6,1,3987,172,4.314021e-02,0.000000e+00,3051801.0,37517132.0,1093827.0,15.35,10.90
BER: END_SEQ #8 [LOCK] seq_err=0 BER_seq=0.0000e+00 | lock=7 slip=1 BER_cond=0.0000e+00 BER_cum=4.2074e-02
BER: SYNC #9 (gated)
CSV,125008,25000,9,7,1,4110,172,4.184915e-02,0.000000e+00,3118837.0,37690296.0,1103116.2,15.34,10.82
CSV,130008,26000,9,7,1,4310,172,3.990719e-02,0.000000e+00,3130518.0,32376098.0,1126129.0,14.59,10.15
CSV,135008,27000,9,7,1,4510,172,3.813747e-02,0.000000e+00,3086126.0,36496584.0,1142804.2,15.04,10.73
BER: END_SEQ #9 [LOCK] seq_err=0 BER_seq=0.0000e+00 | lock=8 slip=1 BER_cond=0.0000e+00 BER_cum=3.7399e-02
BER: SYNC #10 (gated)
CSV,140008,28000,10,8,1,4633,172,3.712497e-02,0.000000e+00,3112704.5,37481980.0,1100787.4,15.32,10.81
CSV,145008,29000,10,8,1,4833,172,3.558866e-02,0.000000e+00,3109136.2,33418090.0,1157623.8,14.60,10.31
CSV,150008,30000,10,8,1,5033,172,3.417445e-02,0.000000e+00,3168705.5,37220792.0,1107997.0,15.26,10.70
BER: END_SEQ #10 [LOCK] seq_err=0 BER_seq=0.0000e+00 | lock=9 slip=1 BER_cond=0.0000e+00 BER_cum=3.3659e-02
BER: SYNC #11 (gated)
CSV,155008,31000,11,9,1,5156,172,3.335919e-02,0.000000e+00,3143424.0,36438764.0,1123254.5,15.11,10.64
CSV,160008,32000,11,9,1,5356,172,3.211352e-02,0.000000e+00,3261104.8,34830984.0,1125625.0,14.91,10.29
CSV,165008,33000,11,9,1,5555,172,3.096310e-02,0.000000e+00,3084564.5,36984252.0,1146283.0,15.09,10.79
BER: END_SEQ #11 [LOCK] seq_err=0 BER_seq=0.0000e+00 | lock=10 slip=1 BER_cond=0.0000e+00 BER_cum=3.0600e-02
BER: SYNC #12 (gated)
CSV,170008,34000,12,10,1,5678,172,3.029236e-02,0.000000e+00,3157839.5,37035248.0,1196543.5,14.91,10.69
CSV,175008,35000,12,10,1,5877,273,4.645227e-02,0.000000e+00,3157185.8,33036512.0,1205150.5,14.38,10.20
CSV,180008,36000,12,10,1,6077,379,6.236630e-02,0.000000e+00,3204283.0,39173300.0,1206238.1,15.12,10.87
BER: END_SEQ #12 [SLIP] seq_err=229 BER_seq=4.4814e-01 | lock=10 slip=2 BER_cond=0.0000e+00 BER_cum=6.5395e-02
BER: SYNC #13 (gated)
CSV,185008,37000,13,10,2,6201,401,6.466699e-02,0.000000e+00,3308215.5,38830216.0,1194866.0,15.12,10.70
CSV,190008,38000,13,10,2,6401,401,6.264646e-02,0.000000e+00,3194185.8,31953220.0,1172362.1,14.35,10.00
CSV,195008,39000,13,10,2,6601,401,6.074837e-02,0.000000e+00,3217871.8,37333960.0,1151233.5,15.11,10.65
BER: END_SEQ #13 [LOCK] seq_err=0 BER_seq=0.0000e+00 | lock=11 slip=2 BER_cond=0.0000e+00 BER_cum=6.0364e-02
BER: SYNC #14 (gated)
CSV,200008,40000,14,11,2,6724,401,5.963712e-02,0.000000e+00,3220991.5,39189468.0,1220781.2,15.07,10.85
CSV,205008,41000,14,11,2,6924,401,5.791450e-02,0.000000e+00,3286279.2,31812678.0,1178797.9,14.31,9.86
CSV,210008,42000,14,11,2,7123,401,5.629651e-02,0.000000e+00,3158461.2,39128728.0,1164606.8,15.26,10.93
BER: END_SEQ #14 [LOCK] seq_err=0 BER_seq=0.0000e+00 | lock=12 slip=2 BER_cond=0.0000e+00 BER_cum=5.6053e-02
BER: SYNC #15 (gated)
CSV,215008,43000,15,12,2,7246,401,5.534088e-02,0.000000e+00,3192827.8,37498140.0,1144803.4,15.15,10.70
CSV,220008,44000,15,12,2,7446,401,5.385442e-02,0.000000e+00,3185136.5,33538654.0,1189341.9,14.50,10.22
CSV,225008,45000,15,12,2,7645,416,5.441465e-02,0.000000e+00,3213593.2,37300908.0,1216912.5,14.86,10.65
BER: END_SEQ #15 [LOCK] seq_err=20 BER_seq=3.9139e-02 | lock=13 slip=2 BER_cond=3.0107e-03 BER_cum=5.4925e-02
BER: SYNC #16 (gated)
CSV,230008,46000,16,13,2,7769,421,5.418973e-02,3.010688e-03,3259906.2,38395276.0,1279181.8,14.77,10.71
CSV,235008,47000,16,13,2,7969,421,5.282972e-02,3.010688e-03,3193335.2,33580140.0,1196855.0,14.48,10.22
CSV,240008,48000,16,13,2,8169,421,5.153630e-02,3.010688e-03,3053819.8,37447664.0,1200076.6,14.94,10.89
BER: END_SEQ #16 [LOCK] seq_err=0 BER_seq=0.0000e+00 | lock=14 slip=2 BER_cond=2.7956e-03 BER_cum=5.1492e-02
BER: SYNC #17 (gated)
CSV,245008,49000,17,14,2,8292,421,5.077183e-02,2.795639e-03,3290623.0,37136964.0,1182951.5,14.97,10.53
CSV,250008,50000,17,14,2,8492,421,4.957607e-02,2.795639e-03,3245917.2,34747440.0,1225057.8,14.53,10.30
BER: END_SEQ #17 [LOCK] seq_err=36 BER_seq=7.0450e-02 | lock=15 slip=2 BER_cond=7.3059e-03 BER_cum=5.2607e-02
CSV,255008,51000,17,15,2,8687,457,5.260734e-02,7.305936e-03,3221983.5,38386640.0,1153336.2,15.22,10.76
BER: SYNC #18 (gated)
CSV,260008,52000,18,15,2,8815,457,5.184345e-02,7.305936e-03,3178066.0,35228100.0,1161694.8,14.82,10.45
CSV,265008,53000,18,15,2,9014,457,5.069891e-02,7.305936e-03,3128731.0,36360856.0,1144819.2,15.02,10.65
BER: END_SEQ #18 [LOCK] seq_err=0 BER_seq=0.0000e+00 | lock=16 slip=2 BER_cond=6.8493e-03 BER_cum=4.9685e-02
CSV,270008,54000,18,16,2,9198,457,4.968471e-02,6.849315e-03,3223890.0,38537824.0,1202106.6,15.06,10.78
BER: SYNC #19 (gated)
CSV,275008,55000,19,16,2,9335,486,5.206213e-02,6.849315e-03,3168916.5,34258324.0,1168866.5,14.67,10.34
CSV,280008,56000,19,16,2,9535,591,6.198217e-02,6.849315e-03,3239345.8,36084028.0,1162511.2,14.92,10.47
BER: END_SEQ #19 [SLIP] seq_err=213 BER_seq=4.1683e-01 | lock=16 slip=3 BER_cond=6.8493e-03 BER_cum=6.9008e-02
CSV,285008,57000,19,16,3,9709,670,6.900813e-02,6.849315e-03,3221753.5,37538184.0,1143383.9,15.16,10.66
BER: SYNC #20 (gated)
CSV,290008,58000,20,16,3,9860,670,6.795132e-02,6.849315e-03,3226354.5,34660464.0,1152283.9,14.78,10.31
CSV,295008,59000,20,16,3,10060,670,6.660040e-02,6.849315e-03,3276818.5,37741720.0,1185988.9,15.03,10.61
BER: END_SEQ #20 [LOCK] seq_err=0 BER_seq=0.0000e+00 | lock=17 slip=3 BER_cond=6.4464e-03 BER_cum=6.5558e-02
CSV,300008,60000,20,17,3,10220,670,6.555773e-02,6.446414e-03,3346005.8,37400136.0,1156903.1,15.10,10.48
BER: SYNC #21 (gated)
CSV,305008,61000,21,17,3,10383,670,6.452855e-02,6.446414e-03,3187173.5,33523188.0,1210705.9,14.42,10.22
CSV,310008,62000,21,17,3,10583,670,6.330908e-02,6.446414e-03,3187713.2,36887884.0,1214023.4,14.83,10.63
BER: END_SEQ #21 [LOCK] seq_err=0 BER_seq=0.0000e+00 | lock=18 slip=3 BER_cond=6.0883e-03 BER_cum=6.2436e-02
CSV,315008,63000,21,18,3,10731,670,6.243593e-02,6.088280e-03,3224141.0,38840100.0,1230987.2,14.99,10.81
BER: SYNC #22 (gated)
CSV,320008,64000,22,18,3,10904,732,6.713133e-02,6.088280e-03,3089225.8,34678672.0,1258235.8,14.40,10.50
CSV,325008,65000,22,18,3,11104,836,7.528818e-02,6.088280e-03,3198931.8,36779772.0,1264291.9,14.64,10.61
BER: END_SEQ #22 [SLIP] seq_err=234 BER_seq=4.5793e-01 | lock=18 slip=4 BER_cond=6.0883e-03 BER_cum=8.0413e-02
CSV,330008,66000,22,18,4,11242,904,8.041274e-02,6.088280e-03,3201040.8,37836540.0,1282878.0,14.70,10.73
BER: SYNC #23 (gated)
CSV,335008,67000,23,18,4,11428,904,7.910395e-02,6.088280e-03,3216457.0,32720840.0,1273834.2,14.10,10.07
CSV,340008,68000,23,18,4,11628,904,7.774338e-02,6.088280e-03,3231189.2,37442840.0,1272180.6,14.69,10.64
BER: END_SEQ #23 [LOCK] seq_err=0 BER_seq=0.0000e+00 | lock=19 slip=4 BER_cond=5.7678e-03 BER_cum=7.6917e-02
CSV,345008,69000,23,19,4,11753,904,7.691653e-02,5.767844e-03,3162604.2,39649580.0,1225319.4,15.10,10.98
BER: SYNC #24 (gated)
CSV,350008,70000,24,19,4,11949,927,7.757971e-02,5.767844e-03,3235223.8,33174444.0,1298134.5,14.07,10.11
CSV,355008,71000,24,19,4,12149,1024,8.428677e-02,5.767844e-03,3303376.2,38328604.0,1232878.1,14.93,10.65
BER: END_SEQ #24 [SLIP] seq_err=177 BER_seq=3.4638e-01 | lock=19 slip=5 BER_cond=5.7678e-03 BER_cum=8.8144e-02
BER: SYNC #25 (gated)
CSV,360008,72000,25,19,5,12274,1081,8.807234e-02,5.767844e-03,3199473.5,38169148.0,1206668.4,15.00,10.77
CSV,365008,73000,25,19,5,12474,1081,8.666025e-02,5.767844e-03,3238418.0,34291240.0,1220062.0,14.49,10.25
CSV,370008,74000,25,19,5,12673,1081,8.529945e-02,5.767844e-03,3256777.2,37734200.0,1262150.0,14.76,10.64
BER: END_SEQ #25 [LOCK] seq_err=0 BER_seq=0.0000e+00 | lock=20 slip=5 BER_cond=5.4795e-03 BER_cum=8.4618e-02
BER: SYNC #26 (gated)
CSV,375008,75000,26,20,5,12796,1081,8.447953e-02,5.479452e-03,3198150.0,38291656.0,1219587.1,14.97,10.78
CSV,380008,76000,26,20,5,12995,1139,8.764910e-02,5.479452e-03,3222222.2,32327620.0,1225461.5,14.21,10.01
CSV,385008,77000,26,20,5,13194,1230,9.322419e-02,5.479452e-03,3149660.0,37384412.0,1181437.8,15.00,10.74
BER: END_SEQ #26 [SLIP] seq_err=195 BER_seq=3.8160e-01 | lock=20 slip=6 BER_cond=5.4795e-03 BER_cum=9.6041e-02
BER: SYNC #27 (gated)
CSV,390008,78000,27,20,6,13319,1276,9.580299e-02,5.479452e-03,3066854.0,37091768.0,1206414.8,14.88,10.83
CSV,395008,79000,27,20,6,13518,1366,1.010505e-01,5.479452e-03,3051319.2,34177984.0,1262331.8,14.33,10.49
CSV,400008,80000,27,20,6,13719,1403,1.022669e-01,5.479452e-03,3155960.8,35792556.0,1222666.6,14.66,10.55
BER: END_SEQ #27 [SLIP] seq_err=127 BER_seq=2.4853e-01 | lock=20 slip=7 BER_cond=5.4795e-03 BER_cum=1.0169e-01
BER: SYNC #28 (gated)
CSV,405008,81000,28,20,7,13842,1403,1.013582e-01,5.479452e-03,3205942.2,37375120.0,1203148.0,14.92,10.67
CSV,410008,82000,28,20,7,14042,1403,9.991454e-02,5.479452e-03,3309601.2,33477156.0,1284562.1,14.16,10.05
CSV,415008,83000,28,20,7,14242,1403,9.851144e-02,5.479452e-03,3233661.5,38691352.0,1258967.1,14.88,10.78
BER: END_SEQ #28 [LOCK] seq_err=0 BER_seq=0.0000e+00 | lock=21 slip=7 BER_cond=5.2185e-03 BER_cum=9.8057e-02
BER: SYNC #29 (gated)
CSV,420008,84000,29,21,7,14364,1403,9.767474e-02,5.218526e-03,3298336.0,37410584.0,1272279.6,14.68,10.55
CSV,425008,85000,29,21,7,14564,1403,9.633342e-02,5.218526e-03,3314655.8,33258330.0,1293473.2,14.10,10.01
CSV,430008,86000,29,21,7,14764,1403,9.502845e-02,5.218526e-03,3312406.2,37263496.0,1389927.2,14.28,10.51
BER: END_SEQ #29 [LOCK] seq_err=0 BER_seq=0.0000e+00 | lock=22 slip=7 BER_cond=4.9813e-03 BER_cum=9.4676e-02
BER: SYNC #30 (gated)
CSV,435008,87000,30,22,7,14887,1403,9.424330e-02,4.981320e-03,3304130.0,40079652.0,1333339.1,14.78,10.84
CSV,440008,88000,30,22,7,15086,1448,9.598303e-02,4.981320e-03,3426615.2,32116984.0,1388741.4,13.64,9.72
CSV,445008,89000,30,22,7,15286,1553,1.015962e-01,4.981320e-03,3336079.0,37978352.0,1323312.6,14.58,10.56
BER: END_SEQ #30 [SLIP] seq_err=168 BER_seq=3.2877e-01 | lock=22 slip=8 BER_cond=4.9813e-03 BER_cum=1.0248e-01
BER: SYNC #31 (gated)
CSV,450008,90000,31,22,8,15410,1571,1.019468e-01,4.981320e-03,3324462.8,38593184.0,1290962.1,14.76,10.65
CSV,455008,91000,31,22,8,15610,1571,1.006406e-01,4.981320e-03,3496842.0,32583134.0,1374214.6,13.75,9.69
CSV,460008,92000,31,22,8,15810,1571,9.936749e-02,4.981320e-03,3323480.5,37526632.0,1373856.9,14.36,10.53
BER: END_SEQ #31 [LOCK] seq_err=0 BER_seq=0.0000e+00 | lock=23 slip=8 BER_cond=4.7647e-03 BER_cum=9.9173e-02
BER: SYNC #32 (gated)
CSV,465008,93000,32,23,8,15933,1571,9.860039e-02,4.764741e-03,3380198.5,36448240.0,1329522.8,14.38,10.33
CSV,470008,94000,32,23,8,16132,1571,9.738408e-02,4.764741e-03,3393198.5,33323838.0,1328460.1,13.99,9.92
CSV,475008,95000,32,23,8,16332,1571,9.619153e-02,4.764741e-03,3513185.5,37873176.0,1373470.8,14.41,10.33
BER: END_SEQ #32 [LOCK] seq_err=0 BER_seq=0.0000e+00 | lock=24 slip=8 BER_cond=4.5662e-03 BER_cum=9.6074e-02
BER: SYNC #33 (gated)
CSV,480008,96000,33,24,8,16455,1571,9.547250e-02,4.566210e-03,3653039.0,37911512.0,1408969.2,14.30,10.16
CSV,485008,97000,33,24,8,16655,1571,9.432603e-02,4.566210e-03,3517622.0,33565124.0,1472871.4,13.58,9.80
CSV,490008,98000,33,24,8,16855,1571,9.320676e-02,4.566210e-03,3421306.2,36939828.0,1372589.1,14.30,10.33
BER: END_SEQ #33 [LOCK] seq_err=0 BER_seq=0.0000e+00 | lock=25 slip=8 BER_cond=4.3836e-03 BER_cum=9.3163e-02
BER: SYNC #34 (gated)
CSV,495008,99000,34,25,8,16978,1571,9.253151e-02,4.383562e-03,3453765.0,38030396.0,1361421.5,14.46,10.42
CSV,500008,100000,34,25,8,17178,1571,9.145419e-02,4.383562e-03,3405447.5,33235876.0,1351288.9,13.91,9.89
BER: END_SEQ #34 [LOCK] seq_err=0 BER_seq=0.0000e+00 | lock=26 slip=8 BER_cond=4.2150e-03 BER_cum=9.0422e-02
CSV,505008,101000,34,26,8,17374,1571,9.042247e-02,4.214963e-03,3478843.5,39792136.0,1361912.4,14.66,10.58
BER: SYNC #35 (gated)
CSV,510008,102000,35,26,8,17501,1571,8.976630e-02,4.214963e-03,3663023.0,36288144.0,1356308.5,14.27,9.96
CSV,515008,103000,35,26,8,17701,1571,8.875205e-02,4.214963e-03,3577276.2,35998344.0,1380886.9,14.16,10.03
BER: END_SEQ #35 [LOCK] seq_err=0 BER_seq=0.0000e+00 | lock=27 slip=8 BER_cond=4.0589e-03 BER_cum=8.7839e-02
CSV,520008,104000,35,27,8,17885,1571,8.783897e-02,4.058853e-03,3522836.2,38497292.0,1405978.1,14.37,10.39
BER: SYNC #36 (gated)
CSV,525008,105000,36,27,8,18023,1571,8.716640e-02,4.058853e-03,3472805.5,33503470.0,1314319.2,14.06,9.84
CSV,530008,106000,36,27,8,18223,1571,8.620974e-02,4.058853e-03,3459671.8,35499488.0,1343808.5,14.22,10.11
BER: END_SEQ #36 [LOCK] seq_err=0 BER_seq=0.0000e+00 | lock=28 slip=8 BER_cond=3.9139e-03 BER_cum=8.5399e-02
CSV,535008,107000,36,28,8,18396,1571,8.539900e-02,3.913894e-03,3646370.0,37464556.0,1270211.6,14.70,10.12
BER: SYNC #37 (gated)
CSV,540008,108000,37,28,8,18546,1571,8.470830e-02,3.913894e-03,3443659.5,34374620.0,1359525.2,14.03,9.99
CSV,545008,109000,37,28,8,18744,1676,8.941528e-02,3.913894e-03,3487388.5,36860132.0,1291314.1,14.56,10.24
BER: END_SEQ #37 [SLIP] seq_err=177 BER_seq=3.4638e-01 | lock=28 slip=9 BER_cond=3.9139e-03 BER_cum=9.2453e-02
CSV,550008,110000,37,28,9,18907,1748,9.245253e-02,3.913894e-03,3429588.0,38334952.0,1316373.6,14.64,10.48
BER: SYNC #38 (gated)
CSV,555008,111000,38,28,9,19068,1814,9.513321e-02,3.913894e-03,3565935.8,33618248.0,1354603.4,13.95,9.74
CSV,560008,112000,38,28,9,19268,1917,9.949139e-02,3.913894e-03,3471479.8,38307504.0,1280683.5,14.76,10.43
BER: END_SEQ #38 [SLIP] seq_err=244 BER_seq=4.7750e-01 | lock=28 slip=10 BER_cond=3.9139e-03 BER_cum=1.0259e-01
CSV,565008,113000,38,28,10,19418,1992,1.025852e-01,3.913894e-03,3430271.5,35890684.0,1251463.8,14.58,10.20
CSV,570008,114000,38,28,10,19418,1992,1.025852e-01,3.913894e-03,3428040.2,34612736.0,1230546.9,14.49,10.04
CSV,575008,115000,38,28,10,19418,1992,1.025852e-01,3.913894e-03,3446545.8,37448956.0,1222403.6,14.86,10.36
CSV,580008,116000,38,28,10,19418,1992,1.025852e-01,3.913894e-03,3466946.0,35946556.0,1213610.5,14.72,10.16
BER: SYNC #39 (gated)
CSV,585008,117000,39,28,10,19603,1992,1.016171e-01,3.913894e-03,3449825.2,34325988.0,1210381.8,14.53,9.98
CSV,590008,118000,39,28,10,19803,1992,1.005908e-01,3.913894e-03,3375188.0,37991284.0,1187044.9,15.05,10.51
BER: END_SEQ #39 [LOCK] seq_err=0 BER_seq=0.0000e+00 | lock=29 slip=10 BER_cond=3.7789e-03 BER_cum=9.9955e-02
CSV,595008,119000,39,29,10,19929,1992,9.995484e-02,3.778932e-03,3457150.8,37271556.0,1138653.9,15.15,10.33
BER: SYNC #40 (gated)
CSV,600008,120000,40,29,10,20126,1992,9.897645e-02,3.778932e-03,3466968.5,33233376.0,1152135.0,14.60,9.82
CSV,605008,121000,40,29,10,20326,1992,9.800256e-02,3.778932e-03,3326126.2,37858104.0,1091173.4,15.40,10.56
BER: END_SEQ #40 [LOCK] seq_err=0 BER_seq=0.0000e+00 | lock=30 slip=10 BER_cond=3.6530e-03 BER_cum=9.7456e-02
BER: SYNC #41 (gated)
CSV,610008,122000,41,30,10,20449,1992,9.741308e-02,3.652968e-03,3473216.2,39783772.0,1151092.6,15.39,10.59
CSV,615008,123000,41,30,10,20648,2076,1.005424e-01,3.652968e-03,3390607.8,33007776.0,1112979.9,14.72,9.88
CSV,620008,124000,41,30,10,20848,2184,1.047582e-01,3.652968e-03,3339404.5,37686716.0,1126919.4,15.24,10.53
BER: END_SEQ #41 [SLIP] seq_err=237 BER_seq=4.6380e-01 | lock=30 slip=11 BER_cond=3.6530e-03 BER_cum=1.0639e-01
BER: SYNC #42 (gated)
CSV,625008,125000,42,30,11,20971,2229,1.062896e-01,3.652968e-03,3409159.0,37211616.0,1151018.6,15.10,10.38
CSV,630008,126000,42,30,11,21171,2229,1.052855e-01,3.652968e-03,3365785.0,33158146.0,1113061.2,14.74,9.94
CSV,635008,127000,42,30,11,21371,2229,1.043002e-01,3.652968e-03,3416141.2,38038408.0,1179151.6,15.09,10.47
BER: END_SEQ #42 [LOCK] seq_err=0 BER_seq=0.0000e+00 | lock=31 slip=11 BER_cond=3.5351e-03 BER_cum=1.0386e-01
BER: SYNC #43 (gated)
CSV,640008,128000,43,31,11,21494,2229,1.037034e-01,3.535130e-03,3424979.2,37932804.0,1126447.5,15.27,10.44
CSV,645008,129000,43,31,11,21694,2229,1.027473e-01,3.535130e-03,3303773.2,34086428.0,1165186.4,14.66,10.14
CSV,650008,130000,43,31,11,21894,2229,1.018087e-01,3.535130e-03,3415842.2,37219276.0,1104460.5,15.28,10.37
BER: END_SEQ #43 [LOCK] seq_err=0 BER_seq=0.0000e+00 | lock=32 slip=11 BER_cond=3.4247e-03 BER_cum=1.0144e-01
BER: SYNC #44 (gated)
CSV,655008,131000,44,32,11,22017,2229,1.012399e-01,3.424658e-03,3433253.0,37379864.0,1108298.1,15.28,10.37
CSV,660008,132000,44,32,11,22217,2229,1.003286e-01,3.424658e-03,3419430.2,35545544.0,1115529.1,15.03,10.17
CSV,665008,133000,44,32,11,22417,2229,9.943347e-02,3.424658e-03,3378073.2,36223120.0,1097708.5,15.18,10.30
BER: END_SEQ #44 [LOCK] seq_err=0 BER_seq=0.0000e+00 | lock=33 slip=11 BER_cond=3.3209e-03 BER_cum=9.9137e-02
BER: SYNC #45 (gated)
CSV,670008,134000,45,33,11,22540,2229,9.889086e-02,3.320880e-03,3361016.8,37783652.0,1071945.9,15.47,10.51
CSV,675008,135000,45,33,11,22739,2229,9.802542e-02,3.320880e-03,3414314.8,33493518.0,1092268.1,14.87,9.92
CSV,680008,136000,45,33,11,22939,2229,9.717076e-02,3.320880e-03,3353676.5,37107588.0,1072349.9,15.39,10.44
BER: END_SEQ #45 [LOCK] seq_err=0 BER_seq=0.0000e+00 | lock=34 slip=11 BER_cond=3.2232e-03 BER_cum=9.6934e-02
BER: SYNC #46 (gated)
CSV,685008,137000,46,34,11,23062,2229,9.665250e-02,3.223207e-03,3452458.5,37531256.0,1027020.9,15.63,10.36
CSV,690008,138000,46,34,11,23262,2229,9.582151e-02,3.223207e-03,3469248.2,32921698.0,986672.8,15.23,9.77
CSV,695008,139000,46,34,11,23462,2229,9.500469e-02,3.223207e-03,3410004.0,36693644.0,1068039.8,15.36,10.32
BER: END_SEQ #46 [LOCK] seq_err=0 BER_seq=0.0000e+00 | lock=35 slip=11 BER_cond=3.1311e-03 BER_cum=9.4827e-02
BER: SYNC #47 (gated)
CSV,700008,140000,47,35,11,23585,2229,9.450922e-02,3.131116e-03,3385210.0,38912392.0,1038927.1,15.74,10.61
CSV,705008,141000,47,35,11,23785,2229,9.371453e-02,3.131116e-03,3463119.5,32743690.0,1034434.9,15.00,9.76
CSV,710008,142000,47,35,11,23985,2229,9.293308e-02,3.131116e-03,3523967.2,37518332.0,1066331.2,15.46,10.27
BER: END_SEQ #47 [LOCK] seq_err=0 BER_seq=0.0000e+00 | lock=36 slip=11 BER_cond=3.0441e-03 BER_cum=9.2809e-02
BER: SYNC #48 (gated)
CSV,715008,143000,48,36,11,24108,2229,9.245893e-02,3.044140e-03,3304574.8,38469420.0,1049872.5,15.64,10.66
CSV,720008,144000,48,36,11,24308,2229,9.169821e-02,3.044140e-03,3409418.8,34002664.0,1137019.4,14.76,9.99
CSV,725008,145000,48,36,11,24507,2284,9.319786e-02,3.044140e-03,3376249.5,36960716.0,1113134.0,15.21,10.39
BER: END_SEQ #48 [SLIP] seq_err=60 BER_seq=1.1742e-01 | lock=36 slip=12 BER_cond=3.0441e-03 BER_cum=9.3322e-02
BER: SYNC #49 (gated)
CSV,730008,146000,49,36,12,24630,2289,9.293544e-02,3.044140e-03,3281731.5,37921544.0,1051626.5,15.57,10.63
CSV,735008,147000,49,36,12,24830,2289,9.218687e-02,3.044140e-03,3442903.5,34039168.0,1082650.1,14.97,9.95
CSV,740008,148000,49,36,12,25030,2289,9.145026e-02,3.044140e-03,3399807.2,37183192.0,987150.2,15.76,10.39
BER: END_SEQ #49 [LOCK] seq_err=0 BER_seq=0.0000e+00 | lock=37 slip=12 BER_cond=2.9619e-03 BER_cum=9.1417e-02
BER: SYNC #50 (gated)
CSV,745008,149000,50,37,12,25153,2289,9.100306e-02,2.961866e-03,3429452.5,39008504.0,1044261.1,15.72,10.56
CSV,750008,150000,50,37,12,25353,2289,9.028517e-02,2.961866e-03,3382920.2,32705396.0,1034436.6,15.00,9.85
BER: END_SEQ #50 [LOCK] seq_err=0 BER_seq=0.0000e+00 | lock=38 slip=12 BER_cond=2.8839e-03 BER_cum=8.9589e-02
CSV,755008,151000,50,38,12,25550,2289,8.958904e-02,2.883922e-03,3454886.5,39001080.0,1082519.6,15.57,10.53
BER: SYNC #51 (gated)
CSV,760008,152000,51,38,12,25676,2289,8.914940e-02,2.883922e-03,3539835.5,34584764.0,1035357.0,15.24,9.90
CSV,765008,153000,51,38,12,25876,2289,8.846035e-02,2.883922e-03,3440749.0,36176232.0,1029785.9,15.46,10.22
BER: END_SEQ #51 [LOCK] seq_err=0 BER_seq=0.0000e+00 | lock=39 slip=12 BER_cond=2.8100e-03 BER_cum=8.7832e-02
CSV,770008,154000,51,39,12,26061,2289,8.783239e-02,2.809976e-03,3311961.5,37129236.0,1051795.1,15.48,10.50
BER: SYNC #52 (gated)
CSV,775008,155000,52,39,12,26199,2289,8.736975e-02,2.809976e-03,3509584.8,34899224.0,1083900.2,15.08,9.98
CSV,780008,156000,52,39,12,26398,2289,8.671112e-02,2.809976e-03,3396756.0,35721556.0,1125445.5,15.02,10.22
BER: END_SEQ #52 [LOCK] seq_err=0 BER_seq=0.0000e+00 | lock=40 slip=12 BER_cond=2.7397e-03 BER_cum=8.6143e-02
CSV,785008,157000,52,40,12,26572,2289,8.614331e-02,2.739726e-03,3319805.5,38346744.0,1072440.6,15.53,10.63
BER: SYNC #53 (gated)
CSV,790008,158000,53,40,12,26721,2289,8.566296e-02,2.739726e-03,3367903.8,33569012.0,1122751.4,14.76,9.99
CSV,795008,159000,53,40,12,26921,2289,8.502656e-02,2.739726e-03,3301076.0,37208880.0,1113161.6,15.24,10.52
BER: END_SEQ #53 [LOCK] seq_err=0 BER_seq=0.0000e+00 | lock=41 slip=12 BER_cond=2.6729e-03 BER_cum=8.4518e-02
CSV,800008,160000,53,41,12,27083,2289,8.451796e-02,2.672903e-03,3409243.5,37706588.0,1055175.8,15.53,10.44
BER: SYNC #54 (gated)
CSV,805008,161000,54,41,12,27244,2289,8.401850e-02,2.672903e-03,3415082.8,33831872.0,1077818.2,14.97,9.96
CSV,810008,162000,54,41,12,27444,2289,8.340621e-02,2.672903e-03,3380280.8,36976376.0,1078393.2,15.35,10.39
BER: END_SEQ #54 [LOCK] seq_err=0 BER_seq=0.0000e+00 | lock=42 slip=12 BER_cond=2.6093e-03 BER_cum=8.2953e-02
CSV,815008,163000,54,42,12,27594,2289,8.295281e-02,2.609263e-03,3431788.0,37484700.0,1029155.0,15.61,10.38
BER: SYNC #55 (gated)
CSV,820008,164000,55,42,12,27767,2289,8.243599e-02,2.609263e-03,3447253.8,34428828.0,1064943.6,15.10,9.99
CSV,825008,165000,55,42,12,27966,2356,8.424515e-02,2.609263e-03,3507001.8,38472400.0,1015911.7,15.78,10.40
BER: END_SEQ #55 [SLIP] seq_err=136 BER_seq=2.6614e-01 | lock=42 slip=13 BER_cond=2.6093e-03 BER_cum=8.6284e-02
CSV,830008,166000,55,42,13,28105,2425,8.628358e-02,2.609263e-03,3416082.0,35863328.0,1093528.8,15.16,10.21
BER: SYNC #56 (gated)
CSV,835008,167000,56,42,13,28289,2425,8.572236e-02,2.609263e-03,3502542.5,34494412.0,1104545.8,14.95,9.93
CSV,840008,168000,56,42,13,28489,2425,8.512057e-02,2.609263e-03,3490598.8,36128960.0,1083007.0,15.23,10.15
BER: END_SEQ #56 [LOCK] seq_err=0 BER_seq=0.0000e+00 | lock=43 slip=13 BER_cond=2.5486e-03 BER_cum=8.4743e-02
CSV,845008,169000,56,43,13,28616,2425,8.474280e-02,2.548582e-03,3334302.8,38479888.0,1060235.0,15.60,10.62
BER: SYNC #57 (gated)
CSV,850008,170000,57,43,13,28812,2425,8.416632e-02,2.548582e-03,3345841.0,33195604.0,1083237.6,14.86,9.97
CSV,855008,171000,57,43,13,29012,2425,8.358610e-02,2.548582e-03,3404302.0,37457468.0,1019092.9,15.65,10.42
BER: END_SEQ #57 [LOCK] seq_err=0 BER_seq=0.0000e+00 | lock=44 slip=13 BER_cond=2.4907e-03 BER_cum=8.3256e-02
BER: SYNC #58 (gated)
CSV,860008,172000,58,44,13,29135,2425,8.323322e-02,2.490660e-03,3521611.0,37984492.0,1030832.4,15.66,10.33
CSV,865008,173000,58,44,13,29335,2425,8.266576e-02,2.490660e-03,3492804.8,33421472.0,1013730.6,15.18,9.81
CSV,870008,174000,58,44,13,29535,2425,8.210598e-02,2.490660e-03,3378951.8,36885016.0,1017073.8,15.59,10.38
BER: END_SEQ #58 [LOCK] seq_err=0 BER_seq=0.0000e+00 | lock=45 slip=13 BER_cond=2.4353e-03 BER_cum=8.1821e-02
BER: SYNC #59 (gated)
CSV,875008,175000,59,45,13,29658,2425,8.176546e-02,2.435312e-03,3472321.5,38681692.0,1041929.1,15.70,10.47
CSV,880008,176000,59,45,13,29857,2425,8.122049e-02,2.435312e-03,3392911.0,33246730.0,1125368.1,14.70,9.91
CSV,885008,177000,59,45,13,30057,2425,8.068004e-02,2.435312e-03,3393462.5,36966252.0,1077312.9,15.35,10.37
BER: END_SEQ #59 [LOCK] seq_err=0 BER_seq=0.0000e+00 | lock=46 slip=13 BER_cond=2.3824e-03 BER_cum=8.0434e-02
BER: SYNC #60 (gated)
CSV,890008,178000,60,46,13,30180,2425,8.035123e-02,2.382370e-03,3414297.8,37931308.0,1034418.0,15.64,10.46
CSV,895008,179000,60,46,13,30380,2425,7.982225e-02,2.382370e-03,3386786.0,33696576.0,1085969.1,14.92,9.98
CSV,900008,180000,60,46,13,30580,2425,7.930019e-02,2.382370e-03,3344648.5,34956420.0,1041624.1,15.26,10.19
BER: END_SEQ #60 [LOCK] seq_err=0 BER_seq=0.0000e+00 | lock=47 slip=13 BER_cond=2.3317e-03 BER_cum=7.9093e-02
BER: SYNC #61 (gated)
CSV,905008,181000,61,47,13,30703,2425,7.898251e-02,2.331682e-03,3451708.5,37241236.0,1024564.8,15.60,10.33
CSV,910008,182000,61,47,13,30903,2425,7.847135e-02,2.331682e-03,3397956.8,35530840.0,1046951.8,15.31,10.19
CSV,915008,183000,61,47,13,31103,2425,7.796676e-02,2.331682e-03,3346446.8,37185768.0,1063948.1,15.43,10.46
BER: END_SEQ #61 [LOCK] seq_err=0 BER_seq=0.0000e+00 | lock=48 slip=13 BER_cond=2.2831e-03 BER_cum=7.7797e-02
BER: SYNC #62 (gated)
CSV,920008,184000,62,48,13,31226,2425,7.765964e-02,2.283105e-03,3300511.2,37703564.0,1047928.6,15.56,10.58
CSV,925008,185000,62,48,13,31426,2425,7.716540e-02,2.283105e-03,3408492.5,34154292.0,1137533.1,14.77,10.01
CSV,930008,186000,62,48,13,31625,2425,7.667984e-02,2.283105e-03,3532929.8,37392744.0,1136854.8,15.17,10.25
BER: END_SEQ #62 [LOCK] seq_err=0 BER_seq=0.0000e+00 | lock=49 slip=13 BER_cond=2.2365e-03 BER_cum=7.6542e-02
BER: SYNC #63 (gated)
CSV,935008,187000,63,49,13,31748,2425,7.638276e-02,2.236511e-03,3548986.2,37980648.0,1069556.4,15.50,10.29
CSV,940008,188000,63,49,13,31948,2425,7.590459e-02,2.236511e-03,3351590.5,33641840.0,1167688.6,14.60,10.02
CSV,945008,189000,63,49,13,32148,2425,7.543238e-02,2.236511e-03,3358365.5,37184336.0,1084573.2,15.35,10.44
BER: END_SEQ #63 [LOCK] seq_err=0 BER_seq=0.0000e+00 | lock=50 slip=13 BER_cond=2.1918e-03 BER_cum=7.5327e-02
BER: SYNC #64 (gated)
CSV,950008,190000,64,50,13,32271,2425,7.514486e-02,2.191781e-03,3309727.2,40272552.0,1084349.5,15.70,10.85
CSV,955008,191000,64,50,13,32471,2425,7.468203e-02,2.191781e-03,3481420.8,31487280.0,1102083.9,14.56,9.56
CSV,960008,192000,64,50,13,32671,2425,7.422484e-02,2.191781e-03,3571568.2,38765412.0,1071146.5,15.59,10.36
BER: END_SEQ #64 [LOCK] seq_err=0 BER_seq=0.0000e+00 | lock=51 slip=13 BER_cond=2.1488e-03 BER_cum=7.4150e-02
BER: SYNC #65 (gated)
CSV,965008,193000,65,51,13,32794,2425,7.394645e-02,2.148805e-03,3335454.0,37576484.0,1063641.0,15.48,10.52
CSV,970008,194000,65,51,13,32994,2425,7.349821e-02,2.148805e-03,3239577.8,33947348.0,1064061.5,15.04,10.20
CSV,975008,195000,65,51,13,33194,2425,7.305537e-02,2.148805e-03,3205778.8,37250060.0,1145399.2,15.12,10.65
BER: END_SEQ #65 [LOCK] seq_err=0 BER_seq=0.0000e+00 | lock=52 slip=13 BER_cond=2.1075e-03 BER_cum=7.3009e-02
BER: SYNC #66 (gated)
CSV,980008,196000,66,52,13,33317,2425,7.278567e-02,2.107481e-03,2789730.5,39011972.0,1103682.2,15.48,11.46
CSV,985008,197000,66,52,13,33516,2425,7.235350e-02,2.107481e-03,2940706.2,33442674.0,1050044.9,15.03,10.56
CSV,990008,198000,66,52,13,33716,2425,7.192431e-02,2.107481e-03,2877755.2,38729156.0,947725.3,16.11,11.29
BER: END_SEQ #66 [LOCK] seq_err=0 BER_seq=0.0000e+00 | lock=53 slip=13 BER_cond=2.0677e-03 BER_cum=7.1903e-02
BER: SYNC #67 (gated)
CSV,995008,199000,67,53,13,33839,2425,7.166287e-02,2.067718e-03,2983686.2,38402940.0,961220.9,16.02,11.10
CSV,1000008,200000,67,53,13,34038,2507,7.365298e-02,2.067718e-03,3017040.8,34355996.0,1003488.7,15.34,10.56
BER: END_SEQ #67 [SLIP] seq_err=179 BER_seq=3.5029e-01 | lock=53 slip=14 BER_cond=2.0677e-03 BER_cum=7.6058e-02
CSV,1005008,201000,67,53,14,34237,2604,7.605807e-02,2.067718e-03,2850985.0,39553084.0,1040074.6,15.80,11.42
BER: SYNC #68 (gated)
CSV,1010008,202000,68,53,14,34362,2604,7.578139e-02,2.067718e-03,2997984.2,36565808.0,965110.2,15.78,10.86
CSV,1015008,203000,68,53,14,34562,2604,7.534286e-02,2.067718e-03,3002306.2,34524408.0,1028120.1,15.26,10.61
BER: END_SEQ #68 [SLIP] seq_err=77 BER_seq=1.5068e-01 | lock=53 slip=15 BER_cond=2.0677e-03 BER_cum=7.7156e-02
CSV,1020008,204000,68,53,15,34748,2681,7.715552e-02,2.067718e-03,3059370.0,39437380.0,1040893.3,15.79,11.10
BER: SYNC #69 (gated)
CSV,1025008,205000,69,53,15,34885,2681,7.685252e-02,2.067718e-03,3131925.0,33927296.0,1112449.4,14.84,10.35
CSV,1030008,206000,69,53,15,35085,2681,7.641442e-02,2.067718e-03,3010892.2,37517420.0,1080169.6,15.41,10.96
BER: END_SEQ #69 [LOCK] seq_err=0 BER_seq=0.0000e+00 | lock=54 slip=15 BER_cond=2.0294e-03 BER_cum=7.6037e-02
CSV,1035008,207000,69,54,15,35259,2681,7.603732e-02,2.029427e-03,3117243.5,38583160.0,1134092.2,15.32,10.93
BER: SYNC #70 (gated)
CSV,1040008,208000,70,54,15,35406,2708,7.648421e-02,2.029427e-03,3152840.0,34584264.0,1069124.8,15.10,10.40
CSV,1045008,209000,70,54,15,35605,2815,7.906193e-02,2.029427e-03,3105215.2,38255592.0,1060665.8,15.57,10.91
BER: END_SEQ #70 [SLIP] seq_err=208 BER_seq=4.0705e-01 | lock=54 slip=16 BER_cond=2.0294e-03 BER_cum=8.0766e-02
CSV,1050008,210000,70,54,16,35770,2889,8.076601e-02,2.029427e-03,3061701.0,39834740.0,1080750.6,15.67,11.14
BER: SYNC #71 (gated)
CSV,1055008,211000,71,54,16,35930,2889,8.040635e-02,2.029427e-03,3205119.5,34549800.0,1051740.5,15.17,10.33
CSV,1060008,212000,71,54,16,36130,2889,7.996125e-02,2.029427e-03,3043711.8,37782632.0,1098253.2,15.37,10.94
BER: END_SEQ #71 [LOCK] seq_err=0 BER_seq=0.0000e+00 | lock=55 slip=16 BER_cond=1.9925e-03 BER_cum=7.9628e-02
CSV,1065008,213000,71,55,16,36281,2889,7.962845e-02,1.992528e-03,3120790.8,38662244.0,1151564.6,15.26,10.93
BER: SYNC #72 (gated)
CSV,1070008,214000,72,55,16,36453,2889,7.925273e-02,1.992528e-03,3049842.8,35396316.0,1150723.5,14.88,10.65
CSV,1075008,215000,72,55,16,36653,2889,7.882029e-02,1.992528e-03,3166202.5,39388320.0,1165126.2,15.29,10.95
BER: END_SEQ #72 [LOCK] seq_err=10 BER_seq=1.9569e-02 | lock=56 slip=16 BER_cond=2.3064e-03 BER_cum=7.8794e-02
CSV,1080008,216000,72,56,16,36792,2899,7.879430e-02,2.306402e-03,3053524.2,36477748.0,1150921.1,15.01,10.77
BER: SYNC #73 (gated)
CSV,1085008,217000,73,56,16,36976,2899,7.840221e-02,2.306402e-03,3134101.2,35217792.0,1154335.1,14.84,10.51
CSV,1090008,218000,73,56,16,37174,2909,7.825362e-02,2.306402e-03,3068166.0,38925416.0,1171761.9,15.21,11.03
BER: END_SEQ #73 [SLIP] seq_err=70 BER_seq=1.3699e-01 | lock=56 slip=17 BER_cond=2.3064e-03 BER_cum=7.9591e-02
CSV,1095008,219000,73,56,17,37303,2969,7.959145e-02,2.306402e-03,3181216.2,39626956.0,1186339.8,15.24,10.95
BER: SYNC #74 (gated)
CSV,1100008,220000,74,56,17,37498,2969,7.917756e-02,2.306402e-03,3188150.5,32584874.0,1149107.2,14.53,10.09
CSV,1105008,221000,74,56,17,37698,2969,7.875749e-02,2.306402e-03,3349057.0,38429352.0,1195967.8,15.07,10.60
BER: END_SEQ #74 [LOCK] seq_err=0 BER_seq=0.0000e+00 | lock=57 slip=17 BER_cond=2.2659e-03 BER_cum=7.8516e-02
BER: SYNC #75 (gated)
CSV,1110008,222000,75,57,17,37821,2969,7.850136e-02,2.265939e-03,3359294.2,38249548.0,1250554.8,14.86,10.56
CSV,1115008,223000,75,57,17,38020,3044,8.006313e-02,2.265939e-03,3522089.8,34026604.0,1270720.1,14.28,9.85
CSV,1120008,224000,75,57,17,38220,3150,8.241758e-02,2.265939e-03,3329294.8,37944524.0,1177575.6,15.08,10.57
BER: END_SEQ #75 [SLIP] seq_err=228 BER_seq=4.4618e-01 | lock=57 slip=18 BER_cond=2.2659e-03 BER_cum=8.3418e-02
BER: SYNC #76 (gated)
CSV,1125008,225000,76,57,18,38344,3197,8.337680e-02,2.265939e-03,3457097.2,39447420.0,1204863.0,15.15,10.57
CSV,1130008,226000,76,57,18,38544,3197,8.294417e-02,2.265939e-03,3419849.8,33455206.0,1248321.6,14.28,9.90
CSV,1135008,227000,76,57,18,38743,3197,8.251813e-02,2.265939e-03,3482820.5,37982524.0,1293128.9,14.68,10.38
BER: END_SEQ #76 [LOCK] seq_err=0 BER_seq=0.0000e+00 | lock=58 slip=18 BER_cond=2.2269e-03 BER_cum=8.2321e-02
BER: SYNC #77 (gated)
CSV,1140008,228000,77,58,18,38865,3198,8.228483e-02,2.226871e-03,3282154.5,38188448.0,1338784.6,14.55,10.66
CSV,1145008,229000,77,58,18,39065,3302,8.452579e-02,2.226871e-03,3362759.5,34315296.0,1247434.8,14.39,10.09
CSV,1150008,230000,77,58,18,39265,3406,8.674392e-02,2.226871e-03,3279645.5,36296676.0,1210951.2,14.77,10.44
BER: END_SEQ #77 [SLIP] seq_err=246 BER_seq=4.8141e-01 | lock=58 slip=19 BER_cond=2.2269e-03 BER_cum=8.7503e-02
BER: SYNC #78 (gated)
CSV,1155008,231000,78,58,19,39389,3443,8.741019e-02,2.226871e-03,3401203.5,38706776.0,1220134.2,15.01,10.56
CSV,1160008,232000,78,58,19,39589,3443,8.696860e-02,2.226871e-03,3356147.8,34611620.0,1163477.4,14.73,10.13
CSV,1165008,233000,78,58,19,39789,3443,8.653145e-02,2.226871e-03,3484518.0,37450276.0,1208874.1,14.91,10.31
BER: END_SEQ #78 [LOCK] seq_err=0 BER_seq=0.0000e+00 | lock=59 slip=19 BER_cond=2.1891e-03 BER_cum=8.6382e-02
BER: SYNC #79 (gated)
CSV,1170008,234000,79,59,19,39912,3443,8.626478e-02,2.189127e-03,3456236.2,37613428.0,1202556.5,14.95,10.37
CSV,1175008,235000,79,59,19,40112,3443,8.583466e-02,2.189127e-03,3544231.8,34907452.0,1186025.6,14.69,9.93
CSV,1180008,236000,79,59,19,40312,3443,8.540881e-02,2.189127e-03,3355380.2,36568516.0,1202764.9,14.83,10.37
BER: END_SEQ #79 [LOCK] seq_err=0 BER_seq=0.0000e+00 | lock=60 slip=19 BER_cond=2.1526e-03 BER_cum=8.5288e-02
BER: SYNC #80 (gated)
CSV,1185008,237000,80,60,19,40435,3443,8.514901e-02,2.152642e-03,3328116.5,40000112.0,1163252.1,15.36,10.80
CSV,1190008,238000,80,60,19,40634,3443,8.473200e-02,2.152642e-03,3318357.5,32353168.0,1179694.2,14.38,9.89
CSV,1195008,239000,80,60,19,40834,3443,8.431699e-02,2.152642e-03,3361053.2,38058916.0,1228385.8,14.91,10.54
BER: END_SEQ #80 [LOCK] seq_err=0 BER_seq=0.0000e+00 | lock=61 slip=19 BER_cond=2.1174e-03 BER_cum=8.4222e-02
BER: SYNC #81 (gated)
CSV,1200008,240000,81,61,19,40957,3443,8.406378e-02,2.117353e-03,3345162.5,39243480.0,1137919.6,15.38,10.69
CSV,1205008,241000,81,61,19,41156,3444,8.368160e-02,2.117353e-03,3450726.2,33358012.0,1139011.0,14.67,9.85
CSV,1210008,242000,81,61,19,41356,3548,8.579166e-02,2.117353e-03,3378768.2,38432488.0,1160715.8,15.20,10.56
BER: END_SEQ #81 [SLIP] seq_err=118 BER_seq=2.3092e-01 | lock=61 slip=20 BER_cond=2.1174e-03 BER_cum=8.6033e-02
BER: SYNC #82 (gated)
CSV,1215008,243000,82,61,20,41480,3561,8.584860e-02,2.117353e-03,3398272.5,39460904.0,1167811.8,15.29,10.65
CSV,1220008,244000,82,61,20,41680,3561,8.543666e-02,2.117353e-03,3469969.0,33638244.0,1188371.2,14.52,9.87
CSV,1225008,245000,82,61,20,41880,3561,8.502866e-02,2.117353e-03,3355735.8,37629476.0,1124245.4,15.25,10.50
BER: END_SEQ #82 [LOCK] seq_err=0 BER_seq=0.0000e+00 | lock=62 slip=20 BER_cond=2.0832e-03 BER_cum=8.4984e-02
BER: SYNC #83 (gated)
CSV,1230008,246000,83,62,20,42003,3561,8.477966e-02,2.083202e-03,3407922.8,39181704.0,1118581.9,15.44,10.61
CSV,1235008,247000,83,62,20,42202,3584,8.492488e-02,2.083202e-03,3363109.0,33398026.0,1209686.1,14.41,9.97
CSV,1240008,248000,83,62,20,42401,3687,8.695550e-02,2.083202e-03,3272984.2,38277608.0,1155752.6,15.20,10.68
BER: END_SEQ #83 [SLIP] seq_err=128 BER_seq=2.5049e-01 | lock=62 slip=21 BER_cond=2.0832e-03 BER_cum=8.6978e-02
BER: SYNC #84 (gated)
CSV,1245008,249000,84,62,21,42525,3689,8.674897e-02,2.083202e-03,3419936.0,38761340.0,1135069.1,15.33,10.54
CSV,1250008,250000,84,62,21,42725,3689,8.634289e-02,2.083202e-03,3445897.5,33614144.0,1120226.5,14.77,9.89
BER: END_SEQ #84 [LOCK] seq_err=0 BER_seq=0.0000e+00 | lock=63 slip=21 BER_cond=2.0501e-03 BER_cum=8.5943e-02
CSV,1255008,251000,84,63,21,42924,3689,8.594260e-02,2.050135e-03,3416548.0,39393080.0,1150593.1,15.34,10.62
BER: SYNC #85 (gated)
CSV,1260008,252000,85,63,21,43048,3689,8.569504e-02,2.050135e-03,3180017.8,35763560.0,1186077.2,14.79,10.51
CSV,1265008,253000,85,63,21,43248,3689,8.529874e-02,2.050135e-03,3379353.2,35024924.0,1156101.9,14.81,10.16
BER: END_SEQ #85 [LOCK] seq_err=0 BER_seq=0.0000e+00 | lock=64 slip=21 BER_cond=2.0181e-03 BER_cum=8.4932e-02
CSV,1270008,254000,85,64,21,43435,3689,8.493151e-02,2.018102e-03,3429437.5,39812384.0,1152061.6,15.39,10.65
BER: SYNC #86 (gated)
CSV,1275008,255000,86,64,21,43571,3689,8.466641e-02,2.018102e-03,3240705.5,34608800.0,1151418.1,14.78,10.29
CSV,1280008,256000,86,64,21,43771,3689,8.427954e-02,2.018102e-03,3317778.5,36708912.0,1117432.9,15.17,10.44
BER: END_SEQ #86 [LOCK] seq_err=0 BER_seq=0.0000e+00 | lock=65 slip=21 BER_cond=1.9871e-03 BER_cum=8.3944e-02
CSV,1285008,257000,86,65,21,43946,3689,8.394393e-02,1.987054e-03,3661231.0,38754092.0,1131019.0,15.35,10.25
CSV,1290008,258000,86,65,21,43946,3689,8.394393e-02,1.987054e-03,3363692.5,33940428.0,1111696.0,14.85,10.04
CSV,1295008,259000,86,65,21,43946,3689,8.394393e-02,1.987054e-03,3327531.2,37809216.0,1124173.6,15.27,10.55
CSV,1300008,260000,86,65,21,43946,3689,8.394393e-02,1.987054e-03,3457685.8,37786544.0,1119173.4,15.28,10.39
BER: SYNC #87 (gated)
CSV,1305008,261000,87,65,21,44105,3689,8.364131e-02,1.987054e-03,3393035.0,34587740.0,1101887.9,14.97,10.08
CSV,1310008,262000,87,65,21,44305,3689,8.326374e-02,1.987054e-03,3249020.5,37897560.0,1130172.0,15.25,10.67
BER: END_SEQ #87 [LOCK] seq_err=0 BER_seq=0.0000e+00 | lock=66 slip=21 BER_cond=1.9569e-03 BER_cum=8.2979e-02
CSV,1315008,263000,87,66,21,44457,3689,8.297906e-02,1.956947e-03,3296518.2,37089040.0,1129636.0,15.16,10.51
BER: SYNC #88 (gated)
CSV,1320008,264000,88,66,21,44627,3710,8.313353e-02,1.956947e-03,3350359.8,35118536.0,1178222.2,14.74,10.20
CSV,1325008,265000,88,66,21,44827,3816,8.512726e-02,1.956947e-03,3355999.5,37993536.0,1104127.1,15.37,10.54
BER: END_SEQ #88 [SLIP] seq_err=196 BER_seq=3.8356e-01 | lock=66 slip=22 BER_cond=1.9569e-03 BER_cum=8.6395e-02
CSV,1330008,266000,88,66,22,44968,3885,8.639477e-02,1.956947e-03,3389928.5,39994792.0,1165500.0,15.35,10.72
BER: SYNC #89 (gated)
CSV,1335008,267000,89,66,22,45151,3885,8.604461e-02,1.956947e-03,3334848.5,34521644.0,1156268.0,14.75,10.15
CSV,1340008,268000,89,66,22,45350,3885,8.566704e-02,1.956947e-03,3354203.2,39619760.0,1139440.1,15.41,10.72
BER: END_SEQ #89 [LOCK] seq_err=0 BER_seq=0.0000e+00 | lock=67 slip=22 BER_cond=1.9277e-03 BER_cum=8.5424e-02
CSV,1345008,269000,89,67,22,45479,3885,8.542404e-02,1.927739e-03,3474758.5,37911684.0,1152585.5,15.17,10.38
BER: SYNC #90 (gated)
CSV,1350008,270000,90,67,22,45673,3885,8.506119e-02,1.927739e-03,3348666.0,33483702.0,1122267.8,14.75,10.00
CSV,1355008,271000,90,67,22,45873,3885,8.469034e-02,1.927739e-03,3271005.2,36544140.0,1138057.8,15.07,10.48
BER: END_SEQ #90 [LOCK] seq_err=0 BER_seq=0.0000e+00 | lock=68 slip=22 BER_cond=1.8994e-03 BER_cum=8.4475e-02
BER: SYNC #91 (gated)
CSV,1360008,272000,91,68,22,45996,3885,8.446386e-02,1.899390e-03,3384905.8,39192980.0,1143527.4,15.35,10.64
CSV,1365008,273000,91,68,22,46196,3885,8.409819e-02,1.899390e-03,3286688.0,33683796.0,1149831.4,14.67,10.11
CSV,1370008,274000,91,68,22,46396,3885,8.373567e-02,1.899390e-03,3318481.0,38724248.0,1107802.9,15.44,10.67
BER: END_SEQ #91 [LOCK] seq_err=0 BER_seq=0.0000e+00 | lock=69 slip=22 BER_cond=1.8719e-03 BER_cum=8.3547e-02
BER: SYNC #92 (gated)
CSV,1375008,275000,92,69,22,46519,3885,8.351427e-02,1.871862e-03,3410297.5,38347236.0,1155176.1,15.21,10.51
CSV,1380008,276000,92,69,22,46719,3885,8.315674e-02,1.871862e-03,3474520.5,34562716.0,1103357.5,14.96,9.98
CSV,1385008,277000,92,69,22,46919,3885,8.280227e-02,1.871862e-03,3280406.0,37508568.0,1153955.5,15.12,10.58
BER: END_SEQ #92 [LOCK] seq_err=0 BER_seq=0.0000e+00 | lock=70 slip=22 BER_cond=1.8451e-03 BER_cum=8.2638e-02
BER: SYNC #93 (gated)
CSV,1390008,278000,93,70,22,47042,3885,8.258577e-02,1.845122e-03,3367010.8,38680484.0,1143887.0,15.29,10.60
CSV,1395008,279000,93,70,22,47241,3885,8.223788e-02,1.845122e-03,3361506.8,33820296.0,1088510.6,14.92,10.03
CSV,1400008,280000,93,70,22,47440,3955,8.336847e-02,1.845122e-03,3303946.0,37090664.0,1138126.5,15.13,10.50
BER: END_SEQ #93 [SLIP] seq_err=108 BER_seq=2.1135e-01 | lock=70 slip=23 BER_cond=1.8451e-03 BER_cum=8.4022e-02
BER: SYNC #94 (gated)
CSV,1405008,281000,94,70,23,47564,3993,8.395004e-02,1.845122e-03,3335363.5,37994304.0,1071076.2,15.50,10.57
CSV,1410008,282000,94,70,23,47764,3993,8.359852e-02,1.845122e-03,3235494.8,34178916.0,1089656.2,14.96,10.24
CSV,1415008,283000,94,70,23,47963,4082,8.510727e-02,1.845122e-03,3424160.5,37919284.0,1160663.9,15.14,10.44
BER: END_SEQ #94 [SLIP] seq_err=120 BER_seq=2.3483e-01 | lock=70 slip=24 BER_cond=1.8451e-03 BER_cum=8.5627e-02
BER: SYNC #95 (gated)
CSV,1420008,284000,95,70,24,48087,4113,8.553247e-02,1.845122e-03,3385555.2,37086188.0,1163465.1,15.03,10.40
CSV,1425008,285000,95,70,24,48286,4201,8.700244e-02,1.845122e-03,3568566.5,35297884.0,1178995.4,14.76,9.95
CSV,1430008,286000,95,70,24,48486,4306,8.880914e-02,1.845122e-03,3482769.0,38062948.0,1128451.5,15.28,10.39
BER: END_SEQ #95 [SLIP] seq_err=216 BER_seq=4.2270e-01 | lock=70 slip=25 BER_cond=1.8451e-03 BER_cum=8.9175e-02
BER: SYNC #96 (gated)
CSV,1435008,287000,96,70,25,48610,4329,8.905575e-02,1.845122e-03,3318092.5,38753720.0,1184665.9,15.15,10.67
CSV,1440008,288000,96,70,25,48810,4329,8.869084e-02,1.845122e-03,3396083.5,32113896.0,1183237.5,14.34,9.76
CSV,1445008,289000,96,70,25,49008,4434,9.047502e-02,1.845122e-03,3186816.8,37822340.0,1101454.9,15.36,10.74
BER: END_SEQ #96 [SLIP] seq_err=124 BER_seq=2.4266e-01 | lock=70 slip=26 BER_cond=1.8451e-03 BER_cum=9.0774e-02
BER: SYNC #97 (gated)
CSV,1450008,290000,97,70,26,49132,4453,9.063339e-02,1.845122e-03,3338077.2,39744136.0,1172049.8,15.30,10.76
CSV,1455008,291000,97,70,26,49332,4453,9.026595e-02,1.845122e-03,3532091.0,33650112.0,1201161.8,14.47,9.79
CSV,1460008,292000,97,70,26,49532,4453,8.990148e-02,1.845122e-03,831188.1,45453980.0,304979.9,21.73,17.38
BER: END_SEQ #97 [LOCK] seq_err=0 BER_seq=0.0000e+00 | lock=71 slip=26 BER_cond=1.8191e-03 BER_cum=8.9838e-02
BER: SYNC #98 (gated)
CSV,1465008,293000,98,71,26,49655,4453,8.967879e-02,1.819134e-03,95872.4,48895776.0,57178.8,29.32,27.08
CSV,1470008,294000,98,71,26,49855,4453,8.931903e-02,1.819134e-03,102413.5,41951916.0,59423.7,28.49,26.12
CSV,1475008,295000,98,71,26,50055,4453,8.896215e-02,1.819134e-03,95632.4,47263328.0,62351.0,28.80,26.94
BER: END_SEQ #98 [LOCK] seq_err=0 BER_seq=0.0000e+00 | lock=72 slip=26 BER_cond=1.7939e-03 BER_cum=8.8921e-02
BER: SYNC #99 (gated)
CSV,1480008,296000,99,72,26,50178,4453,8.874407e-02,1.793868e-03,95486.3,48316240.0,61947.2,28.92,27.04
CSV,1485008,297000,99,72,26,50378,4453,8.839176e-02,1.793868e-03,90554.5,41900852.0,57712.0,28.61,26.65
CSV,1490008,298000,99,72,26,50578,4453,8.804223e-02,1.793868e-03,91362.8,48084696.0,60917.4,28.97,27.21
BER: END_SEQ #99 [LOCK] seq_err=0 BER_seq=0.0000e+00 | lock=73 slip=26 BER_cond=1.7693e-03 BER_cum=8.8023e-02
BER: SYNC #100 (gated)
CSV,1495008,299000,100,73,26,50701,4453,8.782864e-02,1.769295e-03,89140.9,48521744.0,59680.0,29.10,27.36
CSV,1500008,300000,100,73,26,50900,4453,8.748527e-02,1.769295e-03,94797.9,41511092.0,61930.6,28.26,26.41
BER: END_SEQ #100 [LOCK] seq_err=0 BER_seq=0.0000e+00 | lock=74 slip=26 BER_cond=1.7454e-03 BER_cum=8.7143e-02
CSV,1505008,301000,100,74,26,51100,4453,8.714285e-02,1.745385e-03,91476.9,49735736.0,58322.4,29.31,27.35

=========================================
=== END OF TEST (duration=25 min) ===
=========================================
FINAL: syncs=100 lock=74 slip=26 slip_rate=0.2600
FINAL: bits_cum=51100 err_cum=4453 BER_cum=8.7143e-02
FINAL: bits_lock=37814 err_lock=66 BER_cond=1.7454e-03
=========================================
=== STOP LOGGING NOW ===
=========================================
