

=== RX BOOT - BER TEST MODE ===
MOD=OOK (20 kHz carrier, adaptive threshold)
BPS_MODE=40 (HALF_SAMPLES=1000, 5000 samples/bit @ 200000 Hz)
Expect: 64-bit preamble + Barker13 (1F35h, gated by 8 preamble bits = 0x55) + 511-bit PRBS-9
Noise floor band: 5000 Hz; lock threshold: BER<0.10
Auto-stop: test will halt 25 min after the first sync.
RX: edge-tracking sync, center-3 voting
Starting decoder...

BER: SYNC #1 (gated)
CSV,5008,1000,1,0,0,66,0,0.000000e+00,0.000000e+00,339568.5,52022075392.0,219579.9,53.75,51.85
CSV,10008,2000,1,0,0,266,0,0.000000e+00,0.000000e+00,341323.8,40571662336.0,228823.1,52.49,50.75
CSV,15008,3000,1,0,0,466,0,0.000000e+00,0.000000e+00,360240.0,46029045760.0,235207.1,52.92,51.06
BER: END_SEQ #1 [LOCK] seq_err=0 BER_seq=0.0000e+00 | lock=1 slip=0 BER_cond=0.0000e+00 BER_cum=0.0000e+00
BER: SYNC #2 (gated)
CSV,20008,4000,2,1,0,589,0,0.000000e+00,0.000000e+00,408504.6,49298661376.0,272089.5,52.58,50.82
CSV,25008,5000,2,1,0,789,0,0.000000e+00,0.000000e+00,357545.8,39127314432.0,235379.0,52.21,50.39
CSV,30008,6000,2,1,0,988,0,0.000000e+00,0.000000e+00,373456.6,48189624320.0,230995.1,53.19,51.11
BER: END_SEQ #2 [LOCK] seq_err=0 BER_seq=0.0000e+00 | lock=2 slip=0 BER_cond=0.0000e+00 BER_cum=0.0000e+00
BER: SYNC #3 (gated)
CSV,35008,7000,3,2,0,1111,0,0.000000e+00,0.000000e+00,420829.8,47062568960.0,253605.0,52.69,50.49
CSV,40008,8000,3,2,0,1311,0,0.000000e+00,0.000000e+00,360024.0,42141450240.0,211583.8,52.99,50.68
CSV,45008,9000,3,2,0,1511,0,0.000000e+00,0.000000e+00,332310.8,45473484800.0,216008.2,53.23,51.36
BER: END_SEQ #3 [LOCK] seq_err=0 BER_seq=0.0000e+00 | lock=3 slip=0 BER_cond=0.0000e+00 BER_cum=0.0000e+00
BER: SYNC #4 (gated)
CSV,50008,10000,4,3,0,1634,0,0.000000e+00,0.000000e+00,430511.4,49297891328.0,264346.6,52.71,50.59
CSV,55008,11000,4,3,0,1834,0,0.000000e+00,0.000000e+00,346949.7,40291016704.0,205861.4,52.92,50.65
CSV,60008,12000,4,3,0,2034,0,0.000000e+00,0.000000e+00,376385.2,47522766848.0,212385.1,53.50,51.01
BER: END_SEQ #4 [LOCK] seq_err=0 BER_seq=0.0000e+00 | lock=4 slip=0 BER_cond=0.0000e+00 BER_cum=0.0000e+00
BER: SYNC #5 (gated)
CSV,65008,13000,5,4,0,2157,0,0.000000e+00,0.000000e+00,418282.5,46900510720.0,257548.8,52.60,50.50
CSV,70008,14000,5,4,0,2357,0,0.000000e+00,0.000000e+00,342529.4,41840037888.0,196873.4,53.27,50.87
BER: END_SEQ #5 [LOCK] seq_err=0 BER_seq=0.0000e+00 | lock=5 slip=0 BER_cond=0.0000e+00 BER_cum=0.0000e+00
CSV,75008,15000,5,5,0,2555,0,0.000000e+00,0.000000e+00,345895.6,48041721856.0,192693.5,53.97,51.43
BER: SYNC #6 (gated)
CSV,80008,16000,6,5,0,2679,0,0.000000e+00,0.000000e+00,410761.7,44767121408.0,269728.2,52.20,50.37
CSV,85008,17000,6,5,0,2880,0,0.000000e+00,0.000000e+00,347162.3,42751848448.0,222811.6,52.83,50.90
BER: END_SEQ #6 [LOCK] seq_err=0 BER_seq=0.0000e+00 | lock=6 slip=0 BER_cond=0.0000e+00 BER_cum=0.0000e+00
CSV,90008,18000,6,6,0,3066,0,0.000000e+00,0.000000e+00,356555.1,48506269696.0,222124.2,53.39,51.34
BER: SYNC #7 (gated)
CSV,95008,19000,7,6,0,3202,0,0.000000e+00,0.000000e+00,397949.9,41629761536.0,244479.1,52.31,50.20
CSV,100008,20000,7,6,0,3402,0,0.000000e+00,0.000000e+00,354055.0,46226059264.0,211957.0,53.39,51.16
BER: END_SEQ #7 [LOCK] seq_err=0 BER_seq=0.0000e+00 | lock=7 slip=0 BER_cond=0.0000e+00 BER_cum=0.0000e+00
CSV,105008,21000,7,7,0,3577,0,0.000000e+00,0.000000e+00,411491.9,46646915072.0,227684.2,53.11,50.54
BER: SYNC #8 (gated)
CSV,110008,22000,8,7,0,3725,0,0.000000e+00,0.000000e+00,384812.1,42641711104.0,246724.6,52.38,50.45
CSV,115008,23000,8,7,0,3925,0,0.000000e+00,0.000000e+00,368471.8,46264156160.0,242997.2,52.80,50.99
BER: END_SEQ #8 [LOCK] seq_err=0 BER_seq=0.0000e+00 | lock=8 slip=0 BER_cond=0.0000e+00 BER_cum=0.0000e+00
CSV,120008,24000,8,8,0,4088,0,0.000000e+00,0.000000e+00,371960.1,47707979776.0,260055.9,52.64,51.08
BER: SYNC #9 (gated)
CSV,125008,25000,9,8,0,4248,0,0.000000e+00,0.000000e+00,371081.7,41965174784.0,230319.0,52.61,50.53
CSV,130008,26000,9,8,0,4447,0,0.000000e+00,0.000000e+00,353253.2,46958678016.0,222665.0,53.24,51.24
BER: END_SEQ #9 [LOCK] seq_err=0 BER_seq=0.0000e+00 | lock=9 slip=0 BER_cond=0.0000e+00 BER_cum=0.0000e+00
CSV,135008,27000,9,9,0,4599,0,0.000000e+00,0.000000e+00,451781.5,46395891712.0,265852.1,52.42,50.12
BER: SYNC #10 (gated)
CSV,140008,28000,10,9,0,4770,0,0.000000e+00,0.000000e+00,344168.3,43204259840.0,209439.5,53.14,50.99
CSV,145008,29000,10,9,0,4970,0,0.000000e+00,0.000000e+00,363350.1,46558019584.0,233125.2,53.00,51.08
BER: END_SEQ #10 [LOCK] seq_err=0 BER_seq=0.0000e+00 | lock=10 slip=0 BER_cond=0.0000e+00 BER_cum=0.0000e+00
CSV,150008,30000,10,10,0,5110,0,0.000000e+00,0.000000e+00,412422.2,46863880192.0,274281.0,52.33,50.55
BER: SYNC #11 (gated)
CSV,155008,31000,11,10,0,5293,0,0.000000e+00,0.000000e+00,348519.3,42449428480.0,205471.9,53.15,50.86
CSV,160008,32000,11,10,0,5493,0,0.000000e+00,0.000000e+00,364440.8,47251890176.0,216321.2,53.39,51.13
BER: END_SEQ #11 [LOCK] seq_err=0 BER_seq=0.0000e+00 | lock=11 slip=0 BER_cond=0.0000e+00 BER_cum=0.0000e+00
CSV,165008,33000,11,11,0,5621,0,0.000000e+00,0.000000e+00,433255.8,47005712384.0,254894.9,52.66,50.35
BER: SYNC #12 (gated)
CSV,170008,34000,12,11,0,5816,0,0.000000e+00,0.000000e+00,342926.8,41338023936.0,203465.1,53.08,50.81
CSV,175008,35000,12,11,0,6016,0,0.000000e+00,0.000000e+00,366509.7,46420176896.0,215937.3,53.32,51.03
BER: END_SEQ #12 [LOCK] seq_err=0 BER_seq=0.0000e+00 | lock=12 slip=0 BER_cond=0.0000e+00 BER_cum=0.0000e+00
BER: SYNC #13 (gated)
CSV,180008,36000,13,12,0,6139,0,0.000000e+00,0.000000e+00,394237.0,48783192064.0,240120.2,53.08,50.93
CSV,185008,37000,13,12,0,6339,0,0.000000e+00,0.000000e+00,337447.7,41194131456.0,214003.4,52.84,50.87
CSV,190008,38000,13,12,0,6538,0,0.000000e+00,0.000000e+00,360744.5,47632224256.0,234750.9,53.07,51.21
BER: END_SEQ #13 [LOCK] seq_err=0 BER_seq=0.0000e+00 | lock=13 slip=0 BER_cond=0.0000e+00 BER_cum=0.0000e+00
BER: SYNC #14 (gated)
CSV,195008,39000,14,13,0,6661,0,0.000000e+00,0.000000e+00,420366.3,47234588672.0,258614.9,52.62,50.51
CSV,200008,40000,14,13,0,6861,0,0.000000e+00,0.000000e+00,356315.1,41715736576.0,215543.2,52.87,50.68
CSV,205008,41000,14,13,0,7061,0,0.000000e+00,0.000000e+00,359659.4,45932265472.0,227248.0,53.06,51.06
BER: END_SEQ #14 [LOCK] seq_err=0 BER_seq=0.0000e+00 | lock=14 slip=0 BER_cond=0.0000e+00 BER_cum=0.0000e+00
BER: SYNC #15 (gated)
CSV,210008,42000,15,14,0,7184,0,0.000000e+00,0.000000e+00,433715.6,49106161664.0,270278.6,52.59,50.54
CSV,215008,43000,15,14,0,7384,0,0.000000e+00,0.000000e+00,349669.2,41543319552.0,225111.1,52.66,50.75
CSV,220008,44000,15,14,0,7584,0,0.000000e+00,0.000000e+00,353018.8,46218149888.0,230223.8,53.03,51.17
BER: END_SEQ #15 [LOCK] seq_err=0 BER_seq=0.0000e+00 | lock=15 slip=0 BER_cond=0.0000e+00 BER_cum=0.0000e+00
BER: SYNC #16 (gated)
CSV,225008,45000,16,15,0,7707,0,0.000000e+00,0.000000e+00,387688.9,46409007104.0,250918.4,52.67,50.78
CSV,230008,46000,16,15,0,7907,0,0.000000e+00,0.000000e+00,337916.7,43308744704.0,228955.1,52.77,51.08
CSV,235008,47000,16,15,0,8107,0,0.000000e+00,0.000000e+00,364984.8,46152192000.0,216666.4,53.28,51.02
BER: END_SEQ #16 [LOCK] seq_err=0 BER_seq=0.0000e+00 | lock=16 slip=0 BER_cond=0.0000e+00 BER_cum=0.0000e+00
BER: SYNC #17 (gated)
CSV,240008,48000,17,16,0,8229,0,0.000000e+00,0.000000e+00,427031.4,45894307840.0,247616.6,52.68,50.31
CSV,245008,49000,17,16,0,8429,0,0.000000e+00,0.000000e+00,356289.1,41893191680.0,216948.2,52.86,50.70
CSV,250008,50000,17,16,0,8629,0,0.000000e+00,0.000000e+00,338685.6,46192496640.0,219472.7,53.23,51.35
BER: END_SEQ #17 [LOCK] seq_err=0 BER_seq=0.0000e+00 | lock=17 slip=0 BER_cond=0.0000e+00 BER_cum=0.0000e+00
BER: SYNC #18 (gated)
CSV,255008,51000,18,17,0,8752,0,0.000000e+00,0.000000e+00,396928.4,47764602880.0,243638.4,52.92,50.80
CSV,260008,52000,18,17,0,8952,0,0.000000e+00,0.000000e+00,356025.1,39950405632.0,213403.6,52.72,50.50
CSV,265008,53000,18,17,0,9152,0,0.000000e+00,0.000000e+00,374043.1,46006644736.0,216046.2,53.28,50.90
BER: END_SEQ #18 [LOCK] seq_err=0 BER_seq=0.0000e+00 | lock=18 slip=0 BER_cond=0.0000e+00 BER_cum=0.0000e+00
BER: SYNC #19 (gated)
CSV,270008,54000,19,18,0,9275,0,0.000000e+00,0.000000e+00,416018.3,48022228992.0,249459.2,52.84,50.62
CSV,275008,55000,19,18,0,9475,0,0.000000e+00,0.000000e+00,349309.8,39943327744.0,196444.9,53.08,50.58
CSV,280008,56000,19,18,0,9675,0,0.000000e+00,0.000000e+00,327124.0,47720390656.0,203318.8,53.71,51.64
BER: END_SEQ #19 [LOCK] seq_err=0 BER_seq=0.0000e+00 | lock=19 slip=0 BER_cond=0.0000e+00 BER_cum=0.0000e+00
BER: SYNC #20 (gated)
CSV,285008,57000,20,19,0,9798,0,0.000000e+00,0.000000e+00,419543.4,47920390144.0,258271.6,52.68,50.58
CSV,290008,58000,20,19,0,9997,0,0.000000e+00,0.000000e+00,338062.8,41287299072.0,209247.6,52.95,50.87
CSV,295008,59000,20,19,0,10197,0,0.000000e+00,0.000000e+00,363790.4,46399426560.0,237449.1,52.91,51.06
BER: END_SEQ #20 [LOCK] seq_err=0 BER_seq=0.0000e+00 | lock=20 slip=0 BER_cond=0.0000e+00 BER_cum=0.0000e+00
BER: SYNC #21 (gated)
CSV,300008,60000,21,20,0,10320,0,0.000000e+00,0.000000e+00,425104.5,47994556416.0,252675.4,52.79,50.53
CSV,305008,61000,21,20,0,10520,0,0.000000e+00,0.000000e+00,347236.5,40562692096.0,228792.7,52.49,50.68
CSV,310008,62000,21,20,0,10720,0,0.000000e+00,0.000000e+00,341815.6,47091384320.0,231081.2,53.09,51.39
BER: END_SEQ #21 [LOCK] seq_err=0 BER_seq=0.0000e+00 | lock=21 slip=0 BER_cond=0.0000e+00 BER_cum=0.0000e+00
BER: SYNC #22 (gated)
CSV,315008,63000,22,21,0,10843,0,0.000000e+00,0.000000e+00,418542.1,47654522880.0,247607.1,52.84,50.56
CSV,320008,64000,22,21,0,11043,0,0.000000e+00,0.000000e+00,342189.2,40735916032.0,217140.7,52.73,50.76
BER: END_SEQ #22 [LOCK] seq_err=0 BER_seq=0.0000e+00 | lock=22 slip=0 BER_cond=0.0000e+00 BER_cum=0.0000e+00
CSV,325008,65000,22,22,0,11242,0,0.000000e+00,0.000000e+00,331350.8,48689549312.0,217245.1,53.50,51.67
BER: SYNC #23 (gated)
CSV,330008,66000,23,22,0,11366,0,0.000000e+00,0.000000e+00,428206.6,43664920576.0,261203.7,52.23,50.08
CSV,335008,67000,23,22,0,11566,0,0.000000e+00,0.000000e+00,364409.5,42832052224.0,216419.4,52.96,50.70
BER: END_SEQ #23 [LOCK] seq_err=0 BER_seq=0.0000e+00 | lock=23 slip=0 BER_cond=0.0000e+00 BER_cum=0.0000e+00
CSV,340008,68000,23,23,0,11753,0,0.000000e+00,0.000000e+00,373351.4,47430414336.0,213441.7,53.47,51.04
BER: SYNC #24 (gated)
CSV,345008,69000,24,23,0,11888,0,0.000000e+00,0.000000e+00,406294.6,43018981376.0,252750.9,52.31,50.25
CSV,350008,70000,24,23,0,12088,0,0.000000e+00,0.000000e+00,346573.7,45293649920.0,208418.5,53.37,51.16
BER: END_SEQ #24 [LOCK] seq_err=0 BER_seq=0.0000e+00 | lock=24 slip=0 BER_cond=0.0000e+00 BER_cum=0.0000e+00
CSV,355008,71000,24,24,0,12264,0,0.000000e+00,0.000000e+00,355824.1,47193100288.0,223167.6,53.25,51.23
BER: SYNC #25 (gated)
CSV,360008,72000,25,24,0,12411,0,0.000000e+00,0.000000e+00,389831.2,40896323584.0,236274.8,52.38,50.21
CSV,365008,73000,25,24,0,12611,0,0.000000e+00,0.000000e+00,354986.8,47093215232.0,218841.2,53.33,51.23
BER: END_SEQ #25 [LOCK] seq_err=0 BER_seq=0.0000e+00 | lock=25 slip=0 BER_cond=0.0000e+00 BER_cum=0.0000e+00
CSV,370008,74000,25,25,0,12775,0,0.000000e+00,0.000000e+00,416115.4,46990700544.0,235022.2,53.01,50.53
BER: SYNC #26 (gated)
CSV,375008,75000,26,25,0,12934,0,0.000000e+00,0.000000e+00,379663.7,42595721216.0,234500.5,52.59,50.50
CSV,380008,76000,26,25,0,13134,0,0.000000e+00,0.000000e+00,349543.4,46370004992.0,232403.1,53.00,51.23
BER: END_SEQ #26 [LOCK] seq_err=0 BER_seq=0.0000e+00 | lock=26 slip=0 BER_cond=0.0000e+00 BER_cum=0.0000e+00
CSV,385008,77000,26,26,0,13286,0,0.000000e+00,0.000000e+00,383917.4,47393361920.0,262951.6,52.56,50.91
BER: SYNC #27 (gated)
CSV,390008,78000,27,26,0,13457,0,0.000000e+00,0.000000e+00,345583.4,41934225408.0,218740.8,52.83,50.84
CSV,395008,79000,27,26,0,13656,0,0.000000e+00,0.000000e+00,354034.3,47094640640.0,222437.6,53.26,51.24
BER: END_SEQ #27 [LOCK] seq_err=0 BER_seq=0.0000e+00 | lock=27 slip=0 BER_cond=0.0000e+00 BER_cum=0.0000e+00
CSV,400008,80000,27,27,0,13797,0,0.000000e+00,0.000000e+00,446508.8,45800747008.0,265299.7,52.37,50.11
BER: SYNC #28 (gated)
CSV,405008,81000,28,27,0,13979,0,0.000000e+00,0.000000e+00,351687.2,43363041280.0,198563.8,53.39,50.91
CSV,410008,82000,28,27,0,14179,0,0.000000e+00,0.000000e+00,357517.3,46242770944.0,201255.6,53.61,51.12
BER: END_SEQ #28 [LOCK] seq_err=0 BER_seq=0.0000e+00 | lock=28 slip=0 BER_cond=0.0000e+00 BER_cum=0.0000e+00
CSV,415008,83000,28,28,0,14308,0,0.000000e+00,0.000000e+00,380880.3,47784378368.0,239669.2,53.00,50.98
BER: SYNC #29 (gated)
CSV,420008,84000,29,28,0,14502,0,0.000000e+00,0.000000e+00,332851.5,40501907456.0,201188.8,53.04,50.85
CSV,425008,85000,29,28,0,14702,0,0.000000e+00,0.000000e+00,381225.2,47585095680.0,225731.9,53.24,50.96
BER: END_SEQ #29 [LOCK] seq_err=0 BER_seq=0.0000e+00 | lock=29 slip=0 BER_cond=0.0000e+00 BER_cum=0.0000e+00
BER: SYNC #30 (gated)
CSV,430008,86000,30,29,0,14825,0,0.000000e+00,0.000000e+00,437154.2,47364874240.0,248501.4,52.80,50.35
CSV,435008,87000,30,29,0,15025,0,0.000000e+00,0.000000e+00,367523.9,42484203520.0,221293.0,52.83,50.63
CSV,440008,88000,30,29,0,15225,0,0.000000e+00,0.000000e+00,349434.7,46897684480.0,244227.5,52.83,51.28
BER: END_SEQ #30 [LOCK] seq_err=0 BER_seq=0.0000e+00 | lock=30 slip=0 BER_cond=0.0000e+00 BER_cum=0.0000e+00
BER: SYNC #31 (gated)
CSV,445008,89000,31,30,0,15347,0,0.000000e+00,0.000000e+00,392119.2,49005096960.0,262746.8,52.71,50.97
CSV,450008,90000,31,30,0,15547,0,0.000000e+00,0.000000e+00,343339.9,40826404864.0,218428.3,52.72,50.75
CSV,455008,91000,31,30,0,15747,0,0.000000e+00,0.000000e+00,385181.9,46901010432.0,226072.8,53.17,50.86
BER: END_SEQ #31 [LOCK] seq_err=0 BER_seq=0.0000e+00 | lock=31 slip=0 BER_cond=0.0000e+00 BER_cum=0.0000e+00
BER: SYNC #32 (gated)
CSV,460008,92000,32,31,0,15870,0,0.000000e+00,0.000000e+00,440881.3,48104407040.0,262130.9,52.64,50.38
CSV,465008,93000,32,31,0,16070,0,0.000000e+00,0.000000e+00,351895.7,42182578176.0,218856.3,52.85,50.79
CSV,470008,94000,32,31,0,16270,0,0.000000e+00,0.000000e+00,332790.7,45055582208.0,218913.2,53.13,51.32
BER: END_SEQ #32 [LOCK] seq_err=0 BER_seq=0.0000e+00 | lock=32 slip=0 BER_cond=0.0000e+00 BER_cum=0.0000e+00
BER: SYNC #33 (gated)
CSV,475008,95000,33,32,0,16393,0,0.000000e+00,0.000000e+00,413129.5,48173236224.0,259660.8,52.68,50.67
CSV,480008,96000,33,32,0,16593,0,0.000000e+00,0.000000e+00,358784.3,42536710144.0,221117.1,52.84,50.74
CSV,485008,97000,33,32,0,16793,0,0.000000e+00,0.000000e+00,369449.6,47151431680.0,213884.0,53.43,51.06
BER: END_SEQ #33 [LOCK] seq_err=0 BER_seq=0.0000e+00 | lock=33 slip=0 BER_cond=0.0000e+00 BER_cum=0.0000e+00
BER: SYNC #34 (gated)
CSV,490008,98000,34,33,0,16915,0,0.000000e+00,0.000000e+00,433795.1,45911621632.0,259657.4,52.48,50.25
CSV,495008,99000,34,33,0,17115,0,0.000000e+00,0.000000e+00,333898.1,43235287040.0,192896.6,53.51,51.12
CSV,500008,100000,34,33,0,17315,0,0.000000e+00,0.000000e+00,346381.6,45653528576.0,205432.7,53.47,51.20
BER: END_SEQ #34 [LOCK] seq_err=0 BER_seq=0.0000e+00 | lock=34 slip=0 BER_cond=0.0000e+00 BER_cum=0.0000e+00
BER: SYNC #35 (gated)
CSV,505008,101000,35,34,0,17438,0,0.000000e+00,0.000000e+00,401617.2,49424531456.0,252659.7,52.91,50.90
CSV,510008,102000,35,34,0,17638,0,0.000000e+00,0.000000e+00,355090.7,39907528704.0,211681.1,52.75,50.51
CSV,515008,103000,35,34,0,17838,0,0.000000e+00,0.000000e+00,377101.1,48059871232.0,232605.3,53.15,51.05
BER: END_SEQ #35 [LOCK] seq_err=0 BER_seq=0.0000e+00 | lock=35 slip=0 BER_cond=0.0000e+00 BER_cum=0.0000e+00
BER: SYNC #36 (gated)
CSV,520008,104000,36,35,0,17961,0,0.000000e+00,0.000000e+00,413352.3,48059588608.0,254149.1,52.77,50.65
CSV,525008,105000,36,35,0,18161,0,0.000000e+00,0.000000e+00,360289.8,40736059392.0,238015.3,52.33,50.53
CSV,530008,106000,36,35,0,18361,0,0.000000e+00,0.000000e+00,342273.4,47420440576.0,241535.5,52.93,51.42
BER: END_SEQ #36 [LOCK] seq_err=0 BER_seq=0.0000e+00 | lock=36 slip=0 BER_cond=0.0000e+00 BER_cum=0.0000e+00
BER: SYNC #37 (gated)
CSV,535008,107000,37,36,0,18484,0,0.000000e+00,0.000000e+00,415788.6,48753614848.0,247166.4,52.95,50.69
CSV,540008,108000,37,36,0,18684,0,0.000000e+00,0.000000e+00,328211.0,41307156480.0,218585.9,52.76,51.00
CSV,545008,109000,37,36,0,18883,0,0.000000e+00,0.000000e+00,370992.8,46988075008.0,217082.0,53.35,51.03
BER: END_SEQ #37 [LOCK] seq_err=0 BER_seq=0.0000e+00 | lock=37 slip=0 BER_cond=0.0000e+00 BER_cum=0.0000e+00
BER: SYNC #38 (gated)
CSV,550008,110000,38,37,0,19006,0,0.000000e+00,0.000000e+00,422371.6,47572615168.0,258706.9,52.65,50.52
CSV,555008,111000,38,37,0,19206,0,0.000000e+00,0.000000e+00,356990.5,41438248960.0,196196.5,53.25,50.65
CSV,560008,112000,38,37,0,19406,0,0.000000e+00,0.000000e+00,366470.5,47522205696.0,219049.8,53.36,51.13
BER: END_SEQ #38 [LOCK] seq_err=0 BER_seq=0.0000e+00 | lock=38 slip=0 BER_cond=0.0000e+00 BER_cum=0.0000e+00
BER: SYNC #39 (gated)
CSV,565008,113000,39,38,0,19529,0,0.000000e+00,0.000000e+00,425708.6,47682813952.0,269153.5,52.48,50.49
CSV,570008,114000,39,38,0,19729,0,0.000000e+00,0.000000e+00,335660.4,41227272192.0,212858.3,52.87,50.89
BER: END_SEQ #39 [LOCK] seq_err=0 BER_seq=0.0000e+00 | lock=39 slip=0 BER_cond=0.0000e+00 BER_cum=0.0000e+00
CSV,575008,115000,39,39,0,19929,0,0.000000e+00,0.000000e+00,337577.2,49306058752.0,214958.1,53.61,51.65
BER: SYNC #40 (gated)
CSV,580008,116000,40,39,0,20052,0,0.000000e+00,0.000000e+00,438840.9,44488347648.0,264970.8,52.25,50.06
CSV,585008,117000,40,39,0,20252,0,0.000000e+00,0.000000e+00,359828.8,43357892608.0,220231.2,52.94,50.81
BER: END_SEQ #40 [LOCK] seq_err=0 BER_seq=0.0000e+00 | lock=40 slip=0 BER_cond=0.0000e+00 BER_cum=0.0000e+00
CSV,590008,118000,40,40,0,20440,0,0.000000e+00,0.000000e+00,387681.8,48675135488.0,230687.7,53.24,50.99
BER: SYNC #41 (gated)
CSV,595008,119000,41,40,0,20574,0,0.000000e+00,0.000000e+00,406676.7,43243245568.0,246586.6,52.44,50.27
CSV,600008,120000,41,40,0,20774,0,0.000000e+00,0.000000e+00,354746.3,46076784640.0,235137.8,52.92,51.14
BER: END_SEQ #41 [LOCK] seq_err=0 BER_seq=0.0000e+00 | lock=41 slip=0 BER_cond=0.0000e+00 BER_cum=0.0000e+00
CSV,605008,121000,41,41,0,20951,0,0.000000e+00,0.000000e+00,368492.5,47724269568.0,248226.1,52.84,51.12
BER: SYNC #42 (gated)
CSV,610008,122000,42,41,0,21097,0,0.000000e+00,0.000000e+00,389432.6,41890496512.0,239642.1,52.43,50.32
CSV,615008,123000,42,41,0,21297,0,0.000000e+00,0.000000e+00,353517.0,47335976960.0,226368.9,53.20,51.27
BER: END_SEQ #42 [LOCK] seq_err=0 BER_seq=0.0000e+00 | lock=42 slip=0 BER_cond=0.0000e+00 BER_cum=0.0000e+00
CSV,620008,124000,42,42,0,21462,0,0.000000e+00,0.000000e+00,425961.0,47315845120.0,249026.6,52.79,50.46
BER: SYNC #43 (gated)
CSV,625008,125000,43,42,0,21620,0,0.000000e+00,0.000000e+00,379756.4,42296197120.0,231510.8,52.62,50.47
CSV,630008,126000,43,42,0,21820,0,0.000000e+00,0.000000e+00,348124.8,47223910400.0,196467.7,53.81,51.32
BER: END_SEQ #43 [LOCK] seq_err=0 BER_seq=0.0000e+00 | lock=43 slip=0 BER_cond=0.0000e+00 BER_cum=0.0000e+00
CSV,635008,127000,43,43,0,21973,0,0.000000e+00,0.000000e+00,387056.6,46916829184.0,232450.3,53.05,50.84
BER: SYNC #44 (gated)
CSV,640008,128000,44,43,0,22143,0,0.000000e+00,0.000000e+00,345724.9,42704769024.0,218486.4,52.91,50.92
CSV,645008,129000,44,43,0,22342,0,0.000000e+00,0.000000e+00,349111.1,46844874752.0,214618.6,53.39,51.28
BER: END_SEQ #44 [LOCK] seq_err=0 BER_seq=0.0000e+00 | lock=44 slip=0 BER_cond=0.0000e+00 BER_cum=0.0000e+00
CSV,650008,130000,44,44,0,22484,0,0.000000e+00,0.000000e+00,446321.6,46574456832.0,243103.6,52.82,50.18
BER: SYNC #45 (gated)
CSV,655008,131000,45,44,0,22665,0,0.000000e+00,0.000000e+00,356164.6,43230900224.0,224020.7,52.86,50.84
CSV,660008,132000,45,44,0,22865,0,0.000000e+00,0.000000e+00,367813.2,47008968704.0,237742.7,52.96,51.07
BER: END_SEQ #45 [LOCK] seq_err=0 BER_seq=0.0000e+00 | lock=45 slip=0 BER_cond=0.0000e+00 BER_cum=0.0000e+00
CSV,665008,133000,45,45,0,22995,0,0.000000e+00,0.000000e+00,377899.7,47334191104.0,261488.4,52.58,50.98
BER: SYNC #46 (gated)
CSV,670008,134000,46,45,0,23188,0,0.000000e+00,0.000000e+00,325092.4,41179533312.0,213549.1,52.85,51.03
CSV,675008,135000,46,45,0,23388,0,0.000000e+00,0.000000e+00,374593.2,46933352448.0,232558.5,53.05,50.98
BER: END_SEQ #46 [LOCK] seq_err=0 BER_seq=0.0000e+00 | lock=46 slip=0 BER_cond=0.0000e+00 BER_cum=0.0000e+00
BER: SYNC #47 (gated)
CSV,680008,136000,47,46,0,23511,0,0.000000e+00,0.000000e+00,440868.5,47805911040.0,261415.3,52.62,50.35
CSV,685008,137000,47,46,0,23711,0,0.000000e+00,0.000000e+00,359086.4,41730035712.0,204868.3,53.09,50.65
CSV,690008,138000,47,46,0,23911,0,0.000000e+00,0.000000e+00,353960.6,47602704384.0,220899.3,53.33,51.29
BER: END_SEQ #47 [LOCK] seq_err=0 BER_seq=0.0000e+00 | lock=47 slip=0 BER_cond=0.0000e+00 BER_cum=0.0000e+00
BER: SYNC #48 (gated)
CSV,695008,139000,48,47,0,24033,0,0.000000e+00,0.000000e+00,387218.8,48436387840.0,246836.0,52.93,50.97
CSV,700008,140000,48,47,0,24233,0,0.000000e+00,0.000000e+00,338640.8,41659318272.0,215199.4,52.87,50.90
CSV,705008,141000,48,47,0,24433,0,0.000000e+00,0.000000e+00,379790.8,45756436480.0,226862.5,53.05,50.81
BER: END_SEQ #48 [LOCK] seq_err=0 BER_seq=0.0000e+00 | lock=48 slip=0 BER_cond=0.0000e+00 BER_cum=0.0000e+00
BER: SYNC #49 (gated)
CSV,710008,142000,49,48,0,24556,0,0.000000e+00,0.000000e+00,448855.7,49408790528.0,258446.5,52.81,50.42
CSV,715008,143000,49,48,0,24756,0,0.000000e+00,0.000000e+00,343764.1,41305833472.0,208491.9,52.97,50.80
CSV,720008,144000,49,48,0,24956,0,0.000000e+00,0.000000e+00,326203.9,46713868288.0,212472.4,53.42,51.56
BER: END_SEQ #49 [LOCK] seq_err=0 BER_seq=0.0000e+00 | lock=49 slip=0 BER_cond=0.0000e+00 BER_cum=0.0000e+00
BER: SYNC #50 (gated)
CSV,725008,145000,50,49,0,25079,0,0.000000e+00,0.000000e+00,416416.3,46679494656.0,261635.2,52.51,50.50
CSV,730008,146000,50,49,0,25279,0,0.000000e+00,0.000000e+00,355442.8,43490222080.0,210801.9,53.15,50.88
CSV,735008,147000,50,49,0,25479,0,0.000000e+00,0.000000e+00,355819.3,46106841088.0,222676.2,53.16,51.13
BER: END_SEQ #50 [LOCK] seq_err=0 BER_seq=0.0000e+00 | lock=50 slip=0 BER_cond=0.0000e+00 BER_cum=0.0000e+00
BER: SYNC #51 (gated)
CSV,740008,148000,51,50,0,25601,0,0.000000e+00,0.000000e+00,431682.8,47939952640.0,259741.2,52.66,50.46
CSV,745008,149000,51,50,0,25801,0,0.000000e+00,0.000000e+00,333882.1,42673528832.0,235486.5,52.58,51.07
CSV,750008,150000,51,50,0,26001,0,0.000000e+00,0.000000e+00,354831.8,46955548672.0,233542.6,53.03,51.22
BER: END_SEQ #51 [LOCK] seq_err=0 BER_seq=0.0000e+00 | lock=51 slip=0 BER_cond=0.0000e+00 BER_cum=0.0000e+00
BER: SYNC #52 (gated)
CSV,755008,151000,52,51,0,26124,0,0.000000e+00,0.000000e+00,400038.6,48277164032.0,253424.5,52.80,50.82
CSV,760008,152000,52,51,0,26324,0,0.000000e+00,0.000000e+00,351299.7,41196318720.0,222259.3,52.68,50.69
CSV,765008,153000,52,51,0,26524,0,0.000000e+00,0.000000e+00,370110.1,47079682048.0,216943.6,53.36,51.05
BER: END_SEQ #52 [LOCK] seq_err=0 BER_seq=0.0000e+00 | lock=52 slip=0 BER_cond=0.0000e+00 BER_cum=0.0000e+00
BER: SYNC #53 (gated)
CSV,770008,154000,53,52,0,26647,0,0.000000e+00,0.000000e+00,415565.6,49660633088.0,246732.2,53.04,50.77
CSV,775008,155000,53,52,0,26847,0,0.000000e+00,0.000000e+00,364189.2,39915925504.0,200699.5,52.99,50.40
CSV,780008,156000,53,52,0,27047,0,0.000000e+00,0.000000e+00,354957.0,48168247296.0,208833.3,53.63,51.33
BER: END_SEQ #53 [LOCK] seq_err=0 BER_seq=0.0000e+00 | lock=53 slip=0 BER_cond=0.0000e+00 BER_cum=0.0000e+00
BER: SYNC #54 (gated)
CSV,785008,157000,54,53,0,27170,0,0.000000e+00,0.000000e+00,415653.7,47397273600.0,255473.0,52.68,50.57
CSV,790008,158000,54,53,0,27370,0,0.000000e+00,0.000000e+00,332758.6,42564481024.0,213478.0,53.00,51.07
CSV,795008,159000,54,53,0,27569,0,0.000000e+00,0.000000e+00,372997.4,46517870592.0,232053.5,53.02,50.96
BER: END_SEQ #54 [LOCK] seq_err=0 BER_seq=0.0000e+00 | lock=54 slip=0 BER_cond=0.0000e+00 BER_cum=0.0000e+00
BER: SYNC #55 (gated)
CSV,800008,160000,55,54,0,27692,0,0.000000e+00,0.000000e+00,420434.9,49028837376.0,249522.5,52.93,50.67
CSV,805008,161000,55,54,0,27892,0,0.000000e+00,0.000000e+00,369505.4,40626905088.0,226765.8,52.53,50.41
CSV,810008,162000,55,54,0,28092,0,0.000000e+00,0.000000e+00,378873.4,48786296832.0,227213.2,53.32,51.10
BER: END_SEQ #55 [LOCK] seq_err=0 BER_seq=0.0000e+00 | lock=55 slip=0 BER_cond=0.0000e+00 BER_cum=0.0000e+00
BER: SYNC #56 (gated)
CSV,815008,163000,56,55,0,28215,0,0.000000e+00,0.000000e+00,435871.9,46831607808.0,259313.4,52.57,50.31
CSV,820008,164000,56,55,0,28415,0,0.000000e+00,0.000000e+00,328372.8,42561171456.0,224173.0,52.78,51.13
CSV,825008,165000,56,55,0,28615,0,0.000000e+00,0.000000e+00,334279.0,48799211520.0,229461.9,53.28,51.64
BER: END_SEQ #56 [LOCK] seq_err=0 BER_seq=0.0000e+00 | lock=56 slip=0 BER_cond=0.0000e+00 BER_cum=0.0000e+00
BER: SYNC #57 (gated)
CSV,830008,166000,57,56,0,28738,0,0.000000e+00,0.000000e+00,436812.0,46184652800.0,270765.8,52.32,50.24
CSV,835008,167000,57,56,0,28938,0,0.000000e+00,0.000000e+00,341128.9,42712449024.0,217375.0,52.93,50.98
BER: END_SEQ #57 [LOCK] seq_err=0 BER_seq=0.0000e+00 | lock=57 slip=0 BER_cond=0.0000e+00 BER_cum=0.0000e+00
CSV,840008,168000,57,57,0,29127,0,0.000000e+00,0.000000e+00,391898.6,49661706240.0,232016.3,53.31,51.03
BER: SYNC #58 (gated)
CSV,845008,169000,58,57,0,29260,0,0.000000e+00,0.000000e+00,418586.0,42716827648.0,253567.6,52.27,50.09
CSV,850008,170000,58,57,0,29460,0,0.000000e+00,0.000000e+00,353902.7,47395880960.0,196412.8,53.83,51.27
BER: END_SEQ #58 [LOCK] seq_err=0 BER_seq=0.0000e+00 | lock=58 slip=0 BER_cond=0.0000e+00 BER_cum=0.0000e+00
CSV,855008,171000,58,58,0,29638,0,0.000000e+00,0.000000e+00,350801.3,46720397312.0,217160.5,53.33,51.24
BER: SYNC #59 (gated)
CSV,860008,172000,59,58,0,29783,0,0.000000e+00,0.000000e+00,379862.3,42947256320.0,237363.3,52.58,50.53
CSV,865008,173000,59,58,0,29983,0,0.000000e+00,0.000000e+00,342853.4,46405840896.0,214600.2,53.35,51.31
BER: END_SEQ #59 [LOCK] seq_err=0 BER_seq=0.0000e+00 | lock=59 slip=0 BER_cond=0.0000e+00 BER_cum=0.0000e+00
CSV,870008,174000,59,59,0,30149,0,0.000000e+00,0.000000e+00,421520.5,48472330240.0,227348.9,53.29,50.61
BER: SYNC #60 (gated)
CSV,875008,175000,60,59,0,30306,0,0.000000e+00,0.000000e+00,384770.7,42084171776.0,242322.4,52.40,50.39
CSV,880008,176000,60,59,0,30506,0,0.000000e+00,0.000000e+00,356192.5,48448212992.0,234432.6,53.15,51.34
BER: END_SEQ #60 [LOCK] seq_err=0 BER_seq=0.0000e+00 | lock=60 slip=0 BER_cond=0.0000e+00 BER_cum=0.0000e+00
CSV,885008,177000,60,60,0,30660,0,0.000000e+00,0.000000e+00,374348.9,46258089984.0,260650.7,52.49,50.92
BER: SYNC #61 (gated)
CSV,890008,178000,61,60,0,30829,0,0.000000e+00,0.000000e+00,349976.6,43089682432.0,222952.5,52.86,50.90
CSV,895008,179000,61,60,0,31029,0,0.000000e+00,0.000000e+00,357046.9,46638346240.0,228774.8,53.09,51.16
BER: END_SEQ #61 [LOCK] seq_err=0 BER_seq=0.0000e+00 | lock=61 slip=0 BER_cond=0.0000e+00 BER_cum=0.0000e+00
CSV,900008,180000,61,61,0,31171,0,0.000000e+00,0.000000e+00,451515.4,47941459968.0,264264.6,52.59,50.26
BER: SYNC #62 (gated)
CSV,905008,181000,62,61,0,31351,0,0.000000e+00,0.000000e+00,346922.5,43119022080.0,196236.7,53.42,50.94
CSV,910008,182000,62,61,0,31551,0,0.000000e+00,0.000000e+00,378805.2,47778557952.0,232157.3,53.13,51.01
BER: END_SEQ #62 [LOCK] seq_err=0 BER_seq=0.0000e+00 | lock=62 slip=0 BER_cond=0.0000e+00 BER_cum=0.0000e+00
CSV,915008,183000,62,62,0,31682,0,0.000000e+00,0.000000e+00,382906.8,47075602432.0,253355.7,52.69,50.90
BER: SYNC #63 (gated)
CSV,920008,184000,63,62,0,31874,0,0.000000e+00,0.000000e+00,327711.7,41852788736.0,201717.5,53.17,51.06
CSV,925008,185000,63,62,0,32074,0,0.000000e+00,0.000000e+00,386991.7,46642188288.0,232961.3,53.01,50.81
BER: END_SEQ #63 [LOCK] seq_err=0 BER_seq=0.0000e+00 | lock=63 slip=0 BER_cond=0.0000e+00 BER_cum=0.0000e+00
BER: SYNC #64 (gated)
CSV,930008,186000,64,63,0,32197,0,0.000000e+00,0.000000e+00,453240.1,49301549056.0,255745.5,52.85,50.37
CSV,935008,187000,64,63,0,32397,0,0.000000e+00,0.000000e+00,355895.3,41544925184.0,213397.0,52.89,50.67
CSV,940008,188000,64,63,0,32597,0,0.000000e+00,0.000000e+00,345287.0,48259842048.0,235322.4,53.12,51.45
BER: END_SEQ #64 [LOCK] seq_err=0 BER_seq=0.0000e+00 | lock=64 slip=0 BER_cond=0.0000e+00 BER_cum=0.0000e+00
BER: SYNC #65 (gated)
CSV,945008,189000,65,64,0,32719,0,0.000000e+00,0.000000e+00,404052.4,49087340544.0,265417.8,52.67,50.85
CSV,950008,190000,65,64,0,32919,0,0.000000e+00,0.000000e+00,344275.2,42327629824.0,219709.7,52.85,50.90
CSV,955008,191000,65,64,0,33119,0,0.000000e+00,0.000000e+00,395958.2,46535700480.0,230071.7,53.06,50.70
BER: END_SEQ #65 [LOCK] seq_err=0 BER_seq=0.0000e+00 | lock=65 slip=0 BER_cond=0.0000e+00 BER_cum=0.0000e+00
BER: SYNC #66 (gated)
CSV,960008,192000,66,65,0,33242,0,0.000000e+00,0.000000e+00,451790.1,50389999616.0,271691.1,52.68,50.47
CSV,965008,193000,66,65,0,33442,0,0.000000e+00,0.000000e+00,350161.7,41561460736.0,231362.0,52.54,50.74
CSV,970008,194000,66,65,0,33642,0,0.000000e+00,0.000000e+00,336173.9,47785005056.0,228717.5,53.20,51.53
BER: END_SEQ #66 [LOCK] seq_err=0 BER_seq=0.0000e+00 | lock=66 slip=0 BER_cond=0.0000e+00 BER_cum=0.0000e+00
BER: SYNC #67 (gated)
CSV,975008,195000,67,66,0,33765,0,0.000000e+00,0.000000e+00,420146.2,47367094272.0,262383.8,52.57,50.52
CSV,980008,196000,67,66,0,33965,0,0.000000e+00,0.000000e+00,359644.5,44190318592.0,228231.8,52.87,50.89
CSV,985008,197000,67,66,0,34165,0,0.000000e+00,0.000000e+00,378173.4,46634110976.0,214144.3,53.38,50.91
BER: END_SEQ #67 [LOCK] seq_err=0 BER_seq=0.0000e+00 | lock=67 slip=0 BER_cond=0.0000e+00 BER_cum=0.0000e+00
BER: SYNC #68 (gated)
CSV,990008,198000,68,67,0,34288,0,0.000000e+00,0.000000e+00,438873.4,48399323136.0,262417.0,52.66,50.42
CSV,995008,199000,68,67,0,34488,0,0.000000e+00,0.000000e+00,341787.6,43148419072.0,202098.0,53.29,51.01
CSV,1000008,200000,68,67,0,34687,0,0.000000e+00,0.000000e+00,345420.9,46871363584.0,214265.5,53.40,51.33
BER: END_SEQ #68 [LOCK] seq_err=0 BER_seq=0.0000e+00 | lock=68 slip=0 BER_cond=0.0000e+00 BER_cum=0.0000e+00
BER: SYNC #69 (gated)
CSV,1005008,201000,69,68,0,34810,0,0.000000e+00,0.000000e+00,404878.6,48430432256.0,256950.8,52.75,50.78
CSV,1010008,202000,69,68,0,35010,0,0.000000e+00,0.000000e+00,360097.0,41205420032.0,213711.0,52.85,50.59
CSV,1015008,203000,69,68,0,35210,0,0.000000e+00,0.000000e+00,382084.0,47749619712.0,231425.4,53.15,50.97
BER: END_SEQ #69 [LOCK] seq_err=0 BER_seq=0.0000e+00 | lock=69 slip=0 BER_cond=0.0000e+00 BER_cum=0.0000e+00
BER: SYNC #70 (gated)
CSV,1020008,204000,70,69,0,35333,0,0.000000e+00,0.000000e+00,411253.0,49434546176.0,259107.2,52.81,50.80
CSV,1025008,205000,70,69,0,35533,0,0.000000e+00,0.000000e+00,345176.9,40692944896.0,235871.1,52.37,50.71
CSV,1030008,206000,70,69,0,35733,0,0.000000e+00,0.000000e+00,341169.8,48310448128.0,236121.6,53.11,51.51
BER: END_SEQ #70 [LOCK] seq_err=0 BER_seq=0.0000e+00 | lock=70 slip=0 BER_cond=0.0000e+00 BER_cum=0.0000e+00
BER: SYNC #71 (gated)
CSV,1035008,207000,71,70,0,35856,0,0.000000e+00,0.000000e+00,416565.2,48449921024.0,254425.2,52.80,50.66
CSV,1040008,208000,71,70,0,36056,0,0.000000e+00,0.000000e+00,337327.8,42170810368.0,209799.8,53.03,50.97
CSV,1045008,209000,71,70,0,36256,0,0.000000e+00,0.000000e+00,375138.7,48189702144.0,211703.6,53.57,51.09
BER: END_SEQ #71 [LOCK] seq_err=0 BER_seq=0.0000e+00 | lock=71 slip=0 BER_cond=0.0000e+00 BER_cum=0.0000e+00
BER: SYNC #72 (gated)
CSV,1050008,210000,72,71,0,36378,0,0.000000e+00,0.000000e+00,407097.9,47896076288.0,250853.3,52.81,50.71
CSV,1055008,211000,72,71,0,36578,0,0.000000e+00,0.000000e+00,359971.2,42205224960.0,201473.5,53.21,50.69
CSV,1060008,212000,72,71,0,36778,0,0.000000e+00,0.000000e+00,357242.9,48331096064.0,210698.8,53.61,51.31
BER: END_SEQ #72 [LOCK] seq_err=0 BER_seq=0.0000e+00 | lock=72 slip=0 BER_cond=0.0000e+00 BER_cum=0.0000e+00
BER: SYNC #73 (gated)
CSV,1065008,213000,73,72,0,36901,0,0.000000e+00,0.000000e+00,427416.8,48707244032.0,270244.2,52.56,50.57
CSV,1070008,214000,73,72,0,37101,0,0.000000e+00,0.000000e+00,339978.6,41898889216.0,223234.0,52.73,50.91
CSV,1075008,215000,73,72,0,37301,0,0.000000e+00,0.000000e+00,346398.7,49955237888.0,220009.7,53.56,51.59
BER: END_SEQ #73 [LOCK] seq_err=0 BER_seq=0.0000e+00 | lock=73 slip=0 BER_cond=0.0000e+00 BER_cum=0.0000e+00
BER: SYNC #74 (gated)
CSV,1080008,216000,74,73,0,37424,0,0.000000e+00,0.000000e+00,442001.7,45711761408.0,273177.6,52.24,50.15
CSV,1085008,217000,74,73,0,37624,0,0.000000e+00,0.000000e+00,364578.5,43810529280.0,231934.9,52.76,50.80
BER: END_SEQ #74 [LOCK] seq_err=0 BER_seq=0.0000e+00 | lock=74 slip=0 BER_cond=0.0000e+00 BER_cum=0.0000e+00
CSV,1090008,218000,74,74,0,37814,0,0.000000e+00,0.000000e+00,378659.1,48733474816.0,240287.1,53.07,51.10
BER: SYNC #75 (gated)
CSV,1095008,219000,75,74,0,37946,0,0.000000e+00,0.000000e+00,394205.2,44201078784.0,245998.9,52.54,50.50
CSV,1100008,220000,75,74,0,38146,0,0.000000e+00,0.000000e+00,367069.9,46200803328.0,230276.9,53.02,51.00
BER: END_SEQ #75 [LOCK] seq_err=0 BER_seq=0.0000e+00 | lock=75 slip=0 BER_cond=0.0000e+00 BER_cum=0.0000e+00
CSV,1105008,221000,75,75,0,38325,0,0.000000e+00,0.000000e+00,377789.0,48424124416.0,247623.2,52.91,51.08
BER: SYNC #76 (gated)
CSV,1110008,222000,76,75,0,38469,0,0.000000e+00,0.000000e+00,397148.9,42160316416.0,241426.0,52.42,50.26
CSV,1115008,223000,76,75,0,38669,0,0.000000e+00,0.000000e+00,386132.6,47795077120.0,229664.9,53.18,50.93
BER: END_SEQ #76 [LOCK] seq_err=0 BER_seq=0.0000e+00 | lock=76 slip=0 BER_cond=0.0000e+00 BER_cum=0.0000e+00
CSV,1120008,224000,76,76,0,38836,0,0.000000e+00,0.000000e+00,423310.7,47870418944.0,249597.5,52.83,50.53
BER: SYNC #77 (gated)
CSV,1125008,225000,77,76,0,38992,0,0.000000e+00,0.000000e+00,364460.7,43207557120.0,236304.0,52.62,50.74
CSV,1130008,226000,77,76,0,39192,0,0.000000e+00,0.000000e+00,359730.3,47695142912.0,215610.9,53.45,51.22
BER: END_SEQ #77 [LOCK] seq_err=0 BER_seq=0.0000e+00 | lock=77 slip=0 BER_cond=0.0000e+00 BER_cum=0.0000e+00
CSV,1135008,227000,77,77,0,39347,0,0.000000e+00,0.000000e+00,405246.4,47419400192.0,250467.3,52.77,50.68
BER: SYNC #78 (gated)
CSV,1140008,228000,78,77,0,39515,0,0.000000e+00,0.000000e+00,359175.2,42244014080.0,223570.0,52.76,50.70
CSV,1145008,229000,78,77,0,39714,0,0.000000e+00,0.000000e+00,376830.1,48208162816.0,230086.0,53.21,51.07
BER: END_SEQ #78 [LOCK] seq_err=0 BER_seq=0.0000e+00 | lock=78 slip=0 BER_cond=0.0000e+00 BER_cum=0.0000e+00
CSV,1150008,230000,78,78,0,39858,0,0.000000e+00,0.000000e+00,450972.8,47101091840.0,261579.5,52.55,50.19
BER: SYNC #79 (gated)
CSV,1155008,231000,79,78,0,40037,0,0.000000e+00,0.000000e+00,350671.0,44271345664.0,220046.3,53.04,51.01
CSV,1160008,232000,79,78,0,40237,0,0.000000e+00,0.000000e+00,367526.8,47021707264.0,246978.2,52.80,51.07
BER: END_SEQ #79 [LOCK] seq_err=0 BER_seq=0.0000e+00 | lock=79 slip=0 BER_cond=0.0000e+00 BER_cum=0.0000e+00
CSV,1165008,233000,79,79,0,40369,0,0.000000e+00,0.000000e+00,396785.9,48645746688.0,272403.6,52.52,50.88
BER: SYNC #80 (gated)
CSV,1170008,234000,80,79,0,40560,0,0.000000e+00,0.000000e+00,331465.7,41139208192.0,220359.1,52.71,50.94
CSV,1175008,235000,80,79,0,40760,0,0.000000e+00,0.000000e+00,381694.0,47654240256.0,223731.3,53.28,50.96
BER: END_SEQ #80 [LOCK] seq_err=0 BER_seq=0.0000e+00 | lock=80 slip=0 BER_cond=0.0000e+00 BER_cum=0.0000e+00
BER: SYNC #81 (gated)
CSV,1180008,236000,81,80,0,40883,0,0.000000e+00,0.000000e+00,446872.3,48052527104.0,270533.4,52.49,50.32
CSV,1185008,237000,81,80,0,41083,0,0.000000e+00,0.000000e+00,374815.4,42704711680.0,209201.6,53.10,50.57
CSV,1190008,238000,81,80,0,41283,0,0.000000e+00,0.000000e+00,356311.1,47569641472.0,207318.9,53.61,51.26
BER: END_SEQ #81 [LOCK] seq_err=0 BER_seq=0.0000e+00 | lock=81 slip=0 BER_cond=0.0000e+00 BER_cum=0.0000e+00
BER: SYNC #82 (gated)
CSV,1195008,239000,82,81,0,41406,0,0.000000e+00,0.000000e+00,385890.5,50577076224.0,238656.0,53.26,51.17
CSV,1200008,240000,82,81,0,41605,0,0.000000e+00,0.000000e+00,333791.3,41009819648.0,216186.3,52.78,50.89
CSV,1205008,241000,82,81,0,41805,0,0.000000e+00,0.000000e+00,382893.6,47767519232.0,227963.8,53.21,50.96
BER: END_SEQ #82 [LOCK] seq_err=0 BER_seq=0.0000e+00 | lock=82 slip=0 BER_cond=0.0000e+00 BER_cum=0.0000e+00
BER: SYNC #83 (gated)
CSV,1210008,242000,83,82,0,41928,0,0.000000e+00,0.000000e+00,445091.4,48783425536.0,251298.5,52.88,50.40
CSV,1215008,243000,83,82,0,42128,0,0.000000e+00,0.000000e+00,378233.8,42072506368.0,230443.6,52.61,50.46
CSV,1220008,244000,83,82,0,42328,0,0.000000e+00,0.000000e+00,337104.7,47053897728.0,235841.8,53.00,51.45
BER: END_SEQ #83 [LOCK] seq_err=0 BER_seq=0.0000e+00 | lock=83 slip=0 BER_cond=0.0000e+00 BER_cum=0.0000e+00
BER: SYNC #84 (gated)
CSV,1225008,245000,84,83,0,42451,0,0.000000e+00,0.000000e+00,404724.9,48705396736.0,269908.5,52.56,50.80
CSV,1230008,246000,84,83,0,42651,0,0.000000e+00,0.000000e+00,351888.6,43245035520.0,220304.8,52.93,50.90
CSV,1235008,247000,84,83,0,42851,0,0.000000e+00,0.000000e+00,398968.2,47801417728.0,234379.6,53.10,50.79
BER: END_SEQ #84 [LOCK] seq_err=0 BER_seq=0.0000e+00 | lock=84 slip=0 BER_cond=0.0000e+00 BER_cum=0.0000e+00
BER: SYNC #85 (gated)
CSV,1240008,248000,85,84,0,42974,0,0.000000e+00,0.000000e+00,436482.7,47237611520.0,262849.9,52.55,50.34
CSV,1245008,249000,85,84,0,43174,0,0.000000e+00,0.000000e+00,360662.5,44136419328.0,234650.1,52.74,50.88
CSV,1250008,250000,85,84,0,43374,0,0.000000e+00,0.000000e+00,349404.0,46771187712.0,232830.9,53.03,51.27
BER: END_SEQ #85 [LOCK] seq_err=0 BER_seq=0.0000e+00 | lock=85 slip=0 BER_cond=0.0000e+00 BER_cum=0.0000e+00
BER: SYNC #86 (gated)
CSV,1255008,251000,86,85,0,43496,0,0.000000e+00,0.000000e+00,416618.3,49168547840.0,258404.2,52.79,50.72
CSV,1260008,252000,86,85,0,43696,0,0.000000e+00,0.000000e+00,360474.6,41143955456.0,223881.8,52.64,50.57
CSV,1265008,253000,86,85,0,43896,0,0.000000e+00,0.000000e+00,398571.3,48014286848.0,226027.8,53.27,50.81
BER: END_SEQ #86 [LOCK] seq_err=0 BER_seq=0.0000e+00 | lock=86 slip=0 BER_cond=0.0000e+00 BER_cum=0.0000e+00
BER: SYNC #87 (gated)
CSV,1270008,254000,87,86,0,44019,0,0.000000e+00,0.000000e+00,414794.5,49369681920.0,254916.7,52.87,50.76
CSV,1275008,255000,87,86,0,44219,0,0.000000e+00,0.000000e+00,348568.1,40776654848.0,192604.3,53.26,50.68
CSV,1280008,256000,87,86,0,44419,0,0.000000e+00,0.000000e+00,346095.8,47922900992.0,208083.3,53.62,51.41
BER: END_SEQ #87 [LOCK] seq_err=0 BER_seq=0.0000e+00 | lock=87 slip=0 BER_cond=0.0000e+00 BER_cum=0.0000e+00
BER: SYNC #88 (gated)
CSV,1285008,257000,88,87,0,44542,0,0.000000e+00,0.000000e+00,419240.1,48886910976.0,263408.8,52.69,50.67
CSV,1290008,258000,88,87,0,44742,0,0.000000e+00,0.000000e+00,344412.3,41407246336.0,211280.7,52.92,50.80
CSV,1295008,259000,88,87,0,44942,0,0.000000e+00,0.000000e+00,376516.1,48291422208.0,230809.2,53.21,51.08
BER: END_SEQ #88 [LOCK] seq_err=0 BER_seq=0.0000e+00 | lock=88 slip=0 BER_cond=0.0000e+00 BER_cum=0.0000e+00
BER: SYNC #89 (gated)
CSV,1300008,260000,89,88,0,45065,0,0.000000e+00,0.000000e+00,404035.1,47951024128.0,251199.6,52.81,50.74
CSV,1305008,261000,89,88,0,45264,0,0.000000e+00,0.000000e+00,353086.4,42048458752.0,234296.0,52.54,50.76
CSV,1310008,262000,89,88,0,45464,0,0.000000e+00,0.000000e+00,353598.8,47382941696.0,234286.8,53.06,51.27
BER: END_SEQ #89 [LOCK] seq_err=0 BER_seq=0.0000e+00 | lock=89 slip=0 BER_cond=0.0000e+00 BER_cum=0.0000e+00
BER: SYNC #90 (gated)
CSV,1315008,263000,90,89,0,45587,0,0.000000e+00,0.000000e+00,413242.7,48099987456.0,245547.1,52.92,50.66
CSV,1320008,264000,90,89,0,45787,0,0.000000e+00,0.000000e+00,344586.3,41474060288.0,221237.5,52.73,50.80
CSV,1325008,265000,90,89,0,45987,0,0.000000e+00,0.000000e+00,348156.8,48991072256.0,221152.5,53.45,51.48
BER: END_SEQ #90 [LOCK] seq_err=0 BER_seq=0.0000e+00 | lock=90 slip=0 BER_cond=0.0000e+00 BER_cum=0.0000e+00
BER: SYNC #91 (gated)
CSV,1330008,266000,91,90,0,46110,0,0.000000e+00,0.000000e+00,433579.5,45960736768.0,267656.7,52.35,50.25
CSV,1335008,267000,91,90,0,46310,0,0.000000e+00,0.000000e+00,373298.7,43999911936.0,217904.6,53.05,50.71
BER: END_SEQ #91 [LOCK] seq_err=0 BER_seq=0.0000e+00 | lock=91 slip=0 BER_cond=0.0000e+00 BER_cum=0.0000e+00
CSV,1340008,268000,91,91,0,46501,0,0.000000e+00,0.000000e+00,388732.5,48380637184.0,222076.2,53.38,50.95
BER: SYNC #92 (gated)
CSV,1345008,269000,92,91,0,46632,0,0.000000e+00,0.000000e+00,408553.2,44093075456.0,261127.6,52.28,50.33
CSV,1350008,270000,92,91,0,46833,0,0.000000e+00,0.000000e+00,353033.4,46555140096.0,201056.5,53.65,51.20
BER: END_SEQ #92 [LOCK] seq_err=0 BER_seq=0.0000e+00 | lock=92 slip=0 BER_cond=0.0000e+00 BER_cum=0.0000e+00
CSV,1355008,271000,92,92,0,47012,0,0.000000e+00,0.000000e+00,369252.5,47901851648.0,225497.9,53.27,51.13
BER: SYNC #93 (gated)
CSV,1360008,272000,93,92,0,47155,0,0.000000e+00,0.000000e+00,388770.6,42882457600.0,242916.5,52.47,50.43
CSV,1365008,273000,93,92,0,47355,0,0.000000e+00,0.000000e+00,363296.6,47183863808.0,221425.9,53.29,51.14
BER: END_SEQ #93 [LOCK] seq_err=0 BER_seq=0.0000e+00 | lock=93 slip=0 BER_cond=0.0000e+00 BER_cum=0.0000e+00
CSV,1370008,274000,93,93,0,47523,0,0.000000e+00,0.000000e+00,423779.1,48177946624.0,224745.5,53.31,50.56
BER: SYNC #94 (gated)
CSV,1375008,275000,94,93,0,47678,0,0.000000e+00,0.000000e+00,378335.4,42719264768.0,240559.6,52.49,50.53
CSV,1380008,276000,94,93,0,47878,0,0.000000e+00,0.000000e+00,377955.4,48242028544.0,241158.3,53.01,51.06
BER: END_SEQ #94 [LOCK] seq_err=0 BER_seq=0.0000e+00 | lock=94 slip=0 BER_cond=0.0000e+00 BER_cum=0.0000e+00
CSV,1385008,277000,94,94,0,48034,0,0.000000e+00,0.000000e+00,376775.4,47334961152.0,259822.8,52.61,50.99
BER: SYNC #95 (gated)
CSV,1390008,278000,95,94,0,48201,0,0.000000e+00,0.000000e+00,362425.7,42551922688.0,221373.2,52.84,50.70
CSV,1395008,279000,95,94,0,48401,0,0.000000e+00,0.000000e+00,366281.2,48054312960.0,238906.3,53.04,51.18
BER: END_SEQ #95 [LOCK] seq_err=0 BER_seq=0.0000e+00 | lock=95 slip=0 BER_cond=0.0000e+00 BER_cum=0.0000e+00
CSV,1400008,280000,95,95,0,48545,0,0.000000e+00,0.000000e+00,455866.6,47764226048.0,267388.8,52.52,50.20
BER: SYNC #96 (gated)
CSV,1405008,281000,96,95,0,48724,0,0.000000e+00,0.000000e+00,343206.0,43276689408.0,205869.5,53.23,51.01
CSV,1410008,282000,96,95,0,48923,0,0.000000e+00,0.000000e+00,372906.4,48278339584.0,236715.2,53.10,51.12
BER: END_SEQ #96 [LOCK] seq_err=0 BER_seq=0.0000e+00 | lock=96 slip=0 BER_cond=0.0000e+00 BER_cum=0.0000e+00
CSV,1415008,283000,96,96,0,49056,0,0.000000e+00,0.000000e+00,399896.2,47736688640.0,270846.0,52.46,50.77
BER: SYNC #97 (gated)
CSV,1420008,284000,97,96,0,49246,0,0.000000e+00,0.000000e+00,356715.2,42497732608.0,208591.3,53.09,50.76
CSV,1425008,285000,97,96,0,49446,0,0.000000e+00,0.000000e+00,374473.8,47118364672.0,221775.1,53.27,51.00
BER: END_SEQ #97 [LOCK] seq_err=0 BER_seq=0.0000e+00 | lock=97 slip=0 BER_cond=0.0000e+00 BER_cum=0.0000e+00
BER: SYNC #98 (gated)
CSV,1430008,286000,98,97,0,49569,0,0.000000e+00,0.000000e+00,453351.7,49094225920.0,264320.0,52.69,50.35
CSV,1435008,287000,98,97,0,49769,0,0.000000e+00,0.000000e+00,349884.0,41988481024.0,206622.1,53.08,50.79
CSV,1440008,288000,98,97,0,49969,0,0.000000e+00,0.000000e+00,350172.1,48250646528.0,209398.4,53.63,51.39
BER: END_SEQ #98 [LOCK] seq_err=0 BER_seq=0.0000e+00 | lock=98 slip=0 BER_cond=0.0000e+00 BER_cum=0.0000e+00
BER: SYNC #99 (gated)
CSV,1445008,289000,99,98,0,50092,0,0.000000e+00,0.000000e+00,405483.1,49523380224.0,240902.9,53.13,50.87
CSV,1450008,290000,99,98,0,50291,0,0.000000e+00,0.000000e+00,355616.0,42400145408.0,219140.4,52.87,50.76
CSV,1455008,291000,99,98,0,50491,0,0.000000e+00,0.000000e+00,379642.9,46902599680.0,229969.8,53.10,50.92
BER: END_SEQ #99 [LOCK] seq_err=0 BER_seq=0.0000e+00 | lock=99 slip=0 BER_cond=0.0000e+00 BER_cum=0.0000e+00
BER: SYNC #100 (gated)
CSV,1460008,292000,100,99,0,50614,0,0.000000e+00,0.000000e+00,427404.0,49722777600.0,256003.8,52.88,50.66
CSV,1465008,293000,100,99,0,50814,0,0.000000e+00,0.000000e+00,352532.0,41413849088.0,234732.4,52.47,50.70
CSV,1470008,294000,100,99,0,51014,0,0.000000e+00,0.000000e+00,345227.0,48472645632.0,226017.9,53.31,51.47
BER: END_SEQ #100 [LOCK] seq_err=0 BER_seq=0.0000e+00 | lock=100 slip=0 BER_cond=0.0000e+00 BER_cum=0.0000e+00
BER: SYNC #101 (gated)
CSV,1475008,295000,101,100,0,51137,0,0.000000e+00,0.000000e+00,414838.6,47376715776.0,262296.2,52.57,50.58
CSV,1480008,296000,101,100,0,51337,0,0.000000e+00,0.000000e+00,351932.0,44050636800.0,219284.9,53.03,50.97
CSV,1485008,297000,101,100,0,51537,0,0.000000e+00,0.000000e+00,362949.9,46556721152.0,205010.2,53.56,51.08
BER: END_SEQ #101 [LOCK] seq_err=0 BER_seq=0.0000e+00 | lock=101 slip=0 BER_cond=0.0000e+00 BER_cum=0.0000e+00
BER: SYNC #102 (gated)
CSV,1490008,298000,102,101,0,51660,0,0.000000e+00,0.000000e+00,428463.9,48668020736.0,249064.7,52.91,50.55
CSV,1495008,299000,102,101,0,51860,0,0.000000e+00,0.000000e+00,365230.8,42439663616.0,218507.7,52.88,50.65
CSV,1500008,300000,102,101,0,52059,0,0.000000e+00,0.000000e+00,373522.8,47778258944.0,212233.5,53.52,51.07
BER: END_SEQ #102 [LOCK] seq_err=0 BER_seq=0.0000e+00 | lock=102 slip=0 BER_cond=0.0000e+00 BER_cum=0.0000e+00

=========================================
=== END OF TEST (duration=25 min) ===
=========================================
FINAL: syncs=102 lock=102 slip=0 slip_rate=0.0000
FINAL: bits_cum=52122 err_cum=0 BER_cum=0.0000e+00
FINAL: bits_lock=52122 err_lock=0 BER_cond=0.0000e+00
=========================================
=== STOP LOGGING NOW ===
=========================================
