

=== RX BOOT - BER TEST MODE ===
BPS_MODE=100 (HALF_SAMPLES=400, 2000 samples/bit @ 200000 Hz)
Expect: 64-bit preamble + Barker13 (1F35h, gated by 8 preamble bits = 0x55) + 511-bit PRBS-9
Noise floor band: 5000 Hz; lock threshold: BER<0.10
Auto-stop: test will halt 25 min after the first sync.
RX: edge-tracking sync, center-3 voting
Starting decoder...

BER: SYNC #1 (gated)
CSV,5006,2500,1,0,0,84,40,4.761905e-01,0.000000e+00,13510.5,36837.8,4918.9,8.74,4.36
BER: END_SEQ #1 [SLIP] seq_err=241 BER_seq=4.7162e-01 | lock=0 slip=1 BER_cond=0.0000e+00 BER_cum=4.7162e-01
CSV,10006,5000,1,0,1,511,241,4.716243e-01,0.000000e+00,13925.0,36504.4,4152.8,9.44,4.19
CSV,15006,7500,1,0,1,511,241,4.716243e-01,0.000000e+00,14500.8,35526.6,4452.4,9.02,3.89
CSV,20006,10000,1,0,1,511,241,4.716243e-01,0.000000e+00,14175.8,36572.8,4467.3,9.13,4.12
CSV,25006,12500,1,0,1,511,241,4.716243e-01,0.000000e+00,16314.1,48173.1,2834.3,12.30,4.70
CSV,30006,15000,1,0,1,511,241,4.716243e-01,0.000000e+00,17105.7,54348.9,2111.6,14.11,5.02
BER: SYNC #2 (gated)
CSV,35006,17500,2,0,1,654,303,4.633028e-01,0.000000e+00,17916.2,52368.5,2059.4,14.05,4.66
BER: END_SEQ #2 [SLIP] seq_err=251 BER_seq=4.9119e-01 | lock=0 slip=2 BER_cond=0.0000e+00 BER_cum=4.8141e-01
BER: SYNC #3 (gated)
CSV,40006,20000,3,0,2,1078,507,4.703154e-01,0.000000e+00,16573.4,55219.9,1989.2,14.43,5.23
BER: END_SEQ #3 [SLIP] seq_err=233 BER_seq=4.5597e-01 | lock=0 slip=3 BER_cond=0.0000e+00 BER_cum=4.7293e-01
CSV,45006,22500,3,0,3,1533,725,4.729289e-01,0.000000e+00,15223.8,39981.7,3248.5,10.90,4.19
BER: SYNC #4 (gated)
CSV,50006,25000,4,0,3,1996,927,4.644289e-01,0.000000e+00,14206.7,35613.2,3979.3,9.52,3.99
BER: END_SEQ #4 [SLIP] seq_err=227 BER_seq=4.4423e-01 | lock=0 slip=4 BER_cond=0.0000e+00 BER_cum=4.6575e-01
CSV,55006,27500,4,0,4,2044,952,4.657534e-01,0.000000e+00,23447.8,72626.0,5851.4,10.94,4.91
CSV,60006,30000,4,0,4,2044,952,4.657534e-01,0.000000e+00,20080.1,55289.6,4442.6,10.95,4.40
CSV,65006,32500,4,0,4,2044,952,4.657534e-01,0.000000e+00,13432.2,38453.3,4296.0,9.52,4.57
CSV,70006,35000,4,0,4,2044,952,4.657534e-01,0.000000e+00,12598.0,37807.4,4263.2,9.48,4.77
CSV,75006,37500,4,0,4,2044,952,4.657534e-01,0.000000e+00,12742.0,37121.4,4227.7,9.44,4.64
CSV,80006,40000,4,0,4,2044,952,4.657534e-01,0.000000e+00,12909.9,36203.9,3872.3,9.71,4.48
CSV,85006,42500,4,0,4,2044,952,4.657534e-01,0.000000e+00,12809.5,35716.0,4358.4,9.14,4.45
BER: SYNC #5 (gated)
CSV,90006,45000,5,0,4,2394,1050,4.385965e-01,0.000000e+00,12204.5,35244.6,4202.9,9.24,4.61
BER: END_SEQ #5 [SLIP] seq_err=129 BER_seq=2.5245e-01 | lock=0 slip=5 BER_cond=0.0000e+00 BER_cum=4.2309e-01
CSV,95006,47500,5,0,5,2555,1081,4.230920e-01,0.000000e+00,12158.4,33923.8,3985.0,9.30,4.46
CSV,100006,50000,5,0,5,2555,1081,4.230920e-01,0.000000e+00,12047.6,33532.2,4523.4,8.70,4.45
CSV,105006,52500,5,0,5,2555,1081,4.230920e-01,0.000000e+00,11722.7,35631.0,4262.7,9.22,4.83
CSV,110006,55000,5,0,5,2555,1081,4.230920e-01,0.000000e+00,11522.9,34482.7,4102.0,9.25,4.76
BER: SYNC #6 (gated)
CSV,115006,57500,6,0,5,3045,1324,4.348112e-01,0.000000e+00,11895.2,32794.4,4552.0,8.58,4.40
BER: END_SEQ #6 [SLIP] seq_err=252 BER_seq=4.9315e-01 | lock=0 slip=6 BER_cond=0.0000e+00 BER_cum=4.3477e-01
BER: SYNC #7 (gated)
CSV,120006,60000,7,0,6,3466,1525,4.399885e-01,0.000000e+00,11700.1,33387.5,3969.0,9.25,4.55
BER: END_SEQ #7 [SLIP] seq_err=245 BER_seq=4.7945e-01 | lock=0 slip=7 BER_cond=0.0000e+00 BER_cum=4.4115e-01
BER: SYNC #8 (gated)
CSV,125006,62500,8,0,7,3894,1690,4.340010e-01,0.000000e+00,11731.8,32584.8,4260.8,8.84,4.44
BER: END_SEQ #8 [SLIP] seq_err=205 BER_seq=4.0117e-01 | lock=0 slip=8 BER_cond=0.0000e+00 BER_cum=4.3615e-01
CSV,130006,65000,8,0,8,4088,1783,4.361546e-01,0.000000e+00,11837.8,33237.6,4459.8,8.72,4.48
CSV,135006,67500,8,0,8,4088,1783,4.361546e-01,0.000000e+00,11698.3,32548.9,4315.4,8.78,4.44
CSV,140006,70000,8,0,8,4088,1783,4.361546e-01,0.000000e+00,11125.0,33886.2,3985.6,9.30,4.84
CSV,145006,72500,8,0,8,4088,1783,4.361546e-01,0.000000e+00,11655.4,33465.3,4476.6,8.74,4.58
CSV,150006,75000,8,0,8,4088,1783,4.361546e-01,0.000000e+00,12187.9,31638.8,4155.2,8.82,4.14
CSV,155006,77500,8,0,8,4088,1783,4.361546e-01,0.000000e+00,11281.0,32834.9,4356.1,8.77,4.64
CSV,160006,80000,8,0,8,4088,1783,4.361546e-01,0.000000e+00,11792.8,31379.6,4131.0,8.81,4.25
CSV,165006,82500,8,0,8,4088,1783,4.361546e-01,0.000000e+00,11532.5,31868.4,4205.6,8.80,4.41
CSV,170006,85000,8,0,8,4088,1783,4.361546e-01,0.000000e+00,11138.6,33676.3,4329.3,8.91,4.80
BER: SYNC #9 (gated)
CSV,175006,87500,9,0,8,4114,1784,4.336412e-01,0.000000e+00,11270.2,33568.0,4337.3,8.89,4.74
BER: END_SEQ #9 [SLIP] seq_err=208 BER_seq=4.0705e-01 | lock=0 slip=9 BER_cond=0.0000e+00 BER_cum=4.3292e-01
CSV,180006,90000,9,0,9,4599,1991,4.329202e-01,0.000000e+00,11684.0,31122.6,4410.9,8.49,4.25
CSV,185006,92500,9,0,9,4599,1991,4.329202e-01,0.000000e+00,11634.6,31980.8,4157.5,8.86,4.39
CSV,190006,95000,9,0,9,4599,1991,4.329202e-01,0.000000e+00,11341.0,33001.2,4278.3,8.87,4.64
CSV,195006,97500,9,0,9,4599,1991,4.329202e-01,0.000000e+00,11581.8,31322.3,4228.9,8.70,4.32
CSV,200006,100000,9,0,9,4599,1991,4.329202e-01,0.000000e+00,11350.2,31833.3,4131.4,8.87,4.48
CSV,205006,102500,9,0,9,4599,1991,4.329202e-01,0.000000e+00,11045.1,31652.8,4266.6,8.70,4.57
CSV,210006,105000,9,0,9,4599,1991,4.329202e-01,0.000000e+00,11042.7,31646.0,4269.6,8.70,4.57
CSV,215006,107500,9,0,9,4599,1991,4.329202e-01,0.000000e+00,11542.7,30580.3,4259.9,8.56,4.23
CSV,220006,110000,9,0,9,4599,1991,4.329202e-01,0.000000e+00,11524.2,31538.6,4336.7,8.62,4.37
CSV,225006,112500,9,0,9,4599,1991,4.329202e-01,0.000000e+00,11637.9,31694.6,4341.6,8.63,4.35
BER: SYNC #10 (gated)
CSV,230006,115000,10,0,9,4825,2091,4.333679e-01,0.000000e+00,11035.1,32084.6,4370.5,8.66,4.64
BER: END_SEQ #10 [SLIP] seq_err=248 BER_seq=4.8532e-01 | lock=0 slip=10 BER_cond=0.0000e+00 BER_cum=4.3816e-01
CSV,235006,117500,10,0,10,5110,2239,4.381605e-01,0.000000e+00,11652.5,31655.3,4098.1,8.88,4.34
CSV,240006,120000,10,0,10,5110,2239,4.381605e-01,0.000000e+00,10640.1,33265.6,4341.7,8.84,4.95
CSV,245006,122500,10,0,10,5110,2239,4.381605e-01,0.000000e+00,11380.6,31607.8,4373.8,8.59,4.44
BER: SYNC #11 (gated)
CSV,250006,125000,11,0,10,5566,2465,4.428674e-01,0.000000e+00,11736.4,30735.8,4355.3,8.49,4.18
BER: END_SEQ #11 [SLIP] seq_err=253 BER_seq=4.9511e-01 | lock=0 slip=11 BER_cond=0.0000e+00 BER_cum=4.4334e-01
BER: SYNC #12 (gated)
CSV,255006,127500,12,0,11,5991,2672,4.460023e-01,0.000000e+00,11099.8,32188.7,4456.3,8.59,4.62
BER: END_SEQ #12 [SLIP] seq_err=257 BER_seq=5.0294e-01 | lock=0 slip=12 BER_cond=0.0000e+00 BER_cum=4.4830e-01
CSV,260006,130000,12,0,12,6132,2749,4.483040e-01,0.000000e+00,11358.5,31246.2,4405.3,8.51,4.39
BER: SYNC #13 (gated)
CSV,265006,132500,13,0,12,6333,2779,4.388126e-01,0.000000e+00,11500.0,30687.0,4331.3,8.50,4.26
BER: END_SEQ #13 [SLIP] seq_err=200 BER_seq=3.9139e-01 | lock=0 slip=13 BER_cond=0.0000e+00 BER_cum=4.4393e-01
CSV,270006,135000,13,0,13,6643,2949,4.439259e-01,0.000000e+00,10944.2,32350.4,4313.7,8.75,4.71
CSV,275006,137500,13,0,13,6643,2949,4.439259e-01,0.000000e+00,10567.1,31293.2,4427.2,8.49,4.71
CSV,280006,140000,13,0,13,6643,2949,4.439259e-01,0.000000e+00,11460.6,30863.2,4196.6,8.67,4.30
CSV,285006,142500,13,0,13,6643,2949,4.439259e-01,0.000000e+00,11283.1,30366.7,4292.0,8.50,4.30
CSV,290006,145000,13,0,13,6643,2949,4.439259e-01,0.000000e+00,10965.6,30990.5,4297.2,8.58,4.51
CSV,295006,147500,13,0,13,6643,2949,4.439259e-01,0.000000e+00,11398.7,30279.2,4284.5,8.49,4.24
BER: SYNC #14 (gated)
CSV,300006,150000,14,0,13,6810,3027,4.444934e-01,0.000000e+00,11105.6,31373.4,4663.3,8.28,4.51
BER: END_SEQ #14 [SLIP] seq_err=240 BER_seq=4.6967e-01 | lock=0 slip=14 BER_cond=0.0000e+00 BER_cum=4.4576e-01
CSV,305006,152500,14,0,14,7154,3189,4.457646e-01,0.000000e+00,10620.2,31750.9,4450.6,8.53,4.76
CSV,310006,155000,14,0,14,7154,3189,4.457646e-01,0.000000e+00,11014.4,31039.8,4164.1,8.72,4.50
CSV,315006,157500,14,0,14,7154,3189,4.457646e-01,0.000000e+00,11187.0,30722.0,4537.6,8.31,4.39
CSV,320006,160000,14,0,14,7154,3189,4.457646e-01,0.000000e+00,10812.7,30947.0,4504.5,8.37,4.57
CSV,325006,162500,14,0,14,7154,3189,4.457646e-01,0.000000e+00,11272.5,30902.7,4223.4,8.64,4.38
CSV,330006,165000,14,0,14,7154,3189,4.457646e-01,0.000000e+00,11287.7,30594.0,4195.0,8.63,4.33
CSV,335006,167500,14,0,14,7154,3189,4.457646e-01,0.000000e+00,11314.1,29775.9,4627.3,8.09,4.20
CSV,340006,170000,14,0,14,7154,3189,4.457646e-01,0.000000e+00,10815.6,31788.6,4172.9,8.82,4.68
CSV,345006,172500,14,0,14,7154,3189,4.457646e-01,0.000000e+00,11211.6,30807.4,4398.7,8.45,4.39
CSV,350006,175000,14,0,14,7154,3189,4.457646e-01,0.000000e+00,11499.4,29473.0,4337.3,8.32,4.09
CSV,355006,177500,14,0,14,7154,3189,4.457646e-01,0.000000e+00,10819.3,31751.5,4341.3,8.64,4.68
CSV,360006,180000,14,0,14,7154,3189,4.457646e-01,0.000000e+00,11300.4,29765.2,4241.2,8.46,4.21
CSV,365006,182500,14,0,14,7154,3189,4.457646e-01,0.000000e+00,11048.9,30489.3,4182.3,8.63,4.41
CSV,370006,185000,14,0,14,7154,3189,4.457646e-01,0.000000e+00,10611.0,32328.4,4270.5,8.79,4.84
CSV,375006,187500,14,0,14,7154,3189,4.457646e-01,0.000000e+00,11005.6,30508.3,4309.1,8.50,4.43
CSV,380006,190000,14,0,14,7154,3189,4.457646e-01,0.000000e+00,11003.7,30507.5,4412.5,8.40,4.43
CSV,385006,192500,14,0,14,7154,3189,4.457646e-01,0.000000e+00,11109.2,30075.5,4285.6,8.46,4.33
CSV,390006,195000,14,0,14,7154,3189,4.457646e-01,0.000000e+00,10942.6,30159.9,4493.1,8.27,4.40
CSV,395006,197500,14,0,14,7154,3189,4.457646e-01,0.000000e+00,11234.9,30412.0,4633.5,8.17,4.32
BER: SYNC #15 (gated)
CSV,400006,200000,15,0,14,7322,3271,4.467359e-01,0.000000e+00,10777.3,30318.8,4430.9,8.35,4.49
BER: END_SEQ #15 [SLIP] seq_err=261 BER_seq=5.1076e-01 | lock=0 slip=15 BER_cond=0.0000e+00 BER_cum=4.5010e-01
CSV,405006,202500,15,0,15,7665,3450,4.500979e-01,0.000000e+00,10582.5,31062.6,4315.4,8.57,4.68
CSV,410006,205000,15,0,15,7665,3450,4.500979e-01,0.000000e+00,10954.1,30382.9,4519.5,8.28,4.43
CSV,415006,207500,15,0,15,7665,3450,4.500979e-01,0.000000e+00,11156.2,28998.3,4319.3,8.27,4.15
CSV,420006,210000,15,0,15,7665,3450,4.500979e-01,0.000000e+00,13694.3,42187.4,2145.1,12.94,4.89
BER: SYNC #16 (gated)
CSV,425006,212500,16,0,15,7979,3585,4.493044e-01,0.000000e+00,14126.0,45638.2,1753.4,14.15,5.09
BER: END_SEQ #16 [SLIP] seq_err=229 BER_seq=4.4814e-01 | lock=0 slip=16 BER_cond=0.0000e+00 BER_cum=4.4998e-01
CSV,430006,215000,16,0,16,8176,3679,4.499756e-01,0.000000e+00,14360.3,46031.8,1819.8,14.03,5.06
CSV,435006,217500,16,0,16,8176,3679,4.499756e-01,0.000000e+00,14340.0,46298.5,1849.7,13.98,5.09
CSV,440006,220000,16,0,16,8176,3679,4.499756e-01,0.000000e+00,13944.8,46149.9,1769.6,14.16,5.20
CSV,445006,222500,16,0,16,8176,3679,4.499756e-01,0.000000e+00,13042.6,39555.7,2816.8,11.47,4.82
CSV,450006,225000,16,0,16,8176,3679,4.499756e-01,0.000000e+00,11566.9,31263.3,5371.0,7.65,4.32
BER: SYNC #17 (gated)
CSV,455006,227500,17,0,16,8548,3851,4.505147e-01,0.000000e+00,12709.2,40342.9,2917.5,11.41,5.02
BER: END_SEQ #17 [SLIP] seq_err=244 BER_seq=4.7750e-01 | lock=0 slip=17 BER_cond=0.0000e+00 BER_cum=4.5159e-01
CSV,460006,230000,17,0,17,8687,3923,4.515943e-01,0.000000e+00,13662.8,40769.6,3210.7,11.04,4.75
CSV,465006,232500,17,0,17,8687,3923,4.515943e-01,0.000000e+00,11558.9,35441.2,3455.3,10.11,4.87
CSV,470006,235000,17,0,17,8687,3923,4.515943e-01,0.000000e+00,10552.3,30893.6,4532.2,8.34,4.67
BER: SYNC #18 (gated)
CSV,475006,237500,18,0,17,8709,3926,4.507980e-01,0.000000e+00,10721.9,30911.4,4202.0,8.67,4.60
BER: END_SEQ #18 [SLIP] seq_err=237 BER_seq=4.6380e-01 | lock=0 slip=18 BER_cond=0.0000e+00 BER_cum=4.5227e-01
CSV,480006,240000,18,0,18,9198,4160,4.522722e-01,0.000000e+00,11268.9,29231.9,4172.0,8.46,4.14
CSV,485006,242500,18,0,18,9198,4160,4.522722e-01,0.000000e+00,11585.4,34096.6,3633.1,9.72,4.69
BER: SYNC #19 (gated)
CSV,490006,245000,19,0,18,9540,4325,4.533543e-01,0.000000e+00,13789.9,44701.9,1887.7,13.74,5.11
BER: END_SEQ #19 [SLIP] seq_err=257 BER_seq=5.0294e-01 | lock=0 slip=19 BER_cond=0.0000e+00 BER_cum=4.5494e-01
BER: SYNC #20 (gated)
CSV,495006,247500,20,0,19,9962,4545,4.562337e-01,0.000000e+00,13881.4,44549.9,2054.9,13.36,5.06
BER: END_SEQ #20 [SLIP] seq_err=250 BER_seq=4.8924e-01 | lock=0 slip=20 BER_cond=0.0000e+00 BER_cum=4.5665e-01
CSV,500006,250000,20,0,20,10220,4667,4.566536e-01,0.000000e+00,13619.5,44484.4,1961.4,13.56,5.14
BER: SYNC #21 (gated)
CSV,505006,252500,21,0,20,10301,4681,4.544219e-01,0.000000e+00,12040.3,39196.4,3035.3,11.11,5.13
BER: END_SEQ #21 [SLIP] seq_err=228 BER_seq=4.4618e-01 | lock=0 slip=21 BER_cond=0.0000e+00 BER_cum=4.5616e-01
CSV,510006,255000,21,0,21,10731,4895,4.561551e-01,0.000000e+00,10956.5,30300.0,4518.7,8.26,4.42
CSV,515006,257500,21,0,21,10731,4895,4.561551e-01,0.000000e+00,11200.4,29638.5,4412.5,8.27,4.23
CSV,520006,260000,21,0,21,10731,4895,4.561551e-01,0.000000e+00,10764.1,30062.4,4837.8,7.93,4.46
CSV,525006,262500,21,0,21,10731,4895,4.561551e-01,0.000000e+00,11066.6,29069.9,4187.7,8.41,4.19
CSV,530006,265000,21,0,21,10731,4895,4.561551e-01,0.000000e+00,10881.4,30691.1,4479.4,8.36,4.50
CSV,535006,267500,21,0,21,10731,4895,4.561551e-01,0.000000e+00,11240.4,30207.2,4355.6,8.41,4.29
BER: SYNC #22 (gated)
CSV,540006,270000,22,0,21,10783,4915,4.558101e-01,0.000000e+00,10613.8,31016.6,4510.2,8.37,4.66
BER: END_SEQ #22 [SLIP] seq_err=227 BER_seq=4.4423e-01 | lock=0 slip=22 BER_cond=0.0000e+00 BER_cum=4.5561e-01
CSV,545006,272500,22,0,22,11242,5122,4.556129e-01,0.000000e+00,10996.0,30438.9,4023.6,8.79,4.42
CSV,550006,275000,22,0,22,11242,5122,4.556129e-01,0.000000e+00,10835.2,29548.2,4277.6,8.39,4.36
CSV,555006,277500,22,0,22,11242,5122,4.556129e-01,0.000000e+00,11638.0,33358.1,3647.3,9.61,4.57
CSV,560006,280000,22,0,22,11242,5122,4.556129e-01,0.000000e+00,13609.6,42156.6,2061.4,13.11,4.91
CSV,565006,282500,22,0,22,11242,5122,4.556129e-01,0.000000e+00,13643.7,43700.2,2247.6,12.89,5.06
CSV,570006,285000,22,0,22,11242,5122,4.556129e-01,0.000000e+00,12958.6,44873.0,2280.4,12.94,5.39
BER: SYNC #23 (gated)
CSV,575006,287500,23,0,22,11264,5122,4.547230e-01,0.000000e+00,13388.7,42776.8,2303.1,12.69,5.04
BER: END_SEQ #23 [SLIP] seq_err=251 BER_seq=4.9119e-01 | lock=0 slip=23 BER_cond=0.0000e+00 BER_cum=4.5716e-01
CSV,580006,290000,23,0,23,11753,5373,4.571599e-01,0.000000e+00,13815.6,42988.0,2126.1,13.06,4.93
BER: SYNC #24 (gated)
CSV,585006,292500,24,0,23,12182,5567,4.569857e-01,0.000000e+00,13956.5,42848.8,1961.7,13.39,4.87
BER: END_SEQ #24 [SLIP] seq_err=232 BER_seq=4.5401e-01 | lock=0 slip=24 BER_cond=0.0000e+00 BER_cum=4.5703e-01
CSV,590006,295000,24,0,24,12264,5605,4.570287e-01,0.000000e+00,12256.7,37955.0,3204.3,10.74,4.91
CSV,595006,297500,24,0,24,12264,5605,4.570287e-01,0.000000e+00,10879.7,29431.7,4216.7,8.44,4.32
CSV,600006,300000,24,0,24,12264,5605,4.570287e-01,0.000000e+00,11087.9,30371.9,4500.4,8.29,4.38
BER: SYNC #25 (gated)
CSV,605006,302500,25,0,24,12344,5608,4.543098e-01,0.000000e+00,12937.7,43564.4,2434.5,12.53,5.27
BER: END_SEQ #25 [SLIP] seq_err=230 BER_seq=4.5010e-01 | lock=0 slip=25 BER_cond=0.0000e+00 BER_cum=4.5675e-01
CSV,610006,305000,25,0,25,12775,5835,4.567515e-01,0.000000e+00,13304.0,44023.7,2441.0,12.56,5.20
CSV,615006,307500,25,0,25,12775,5835,4.567515e-01,0.000000e+00,13949.1,41673.9,2299.7,12.58,4.75
CSV,620006,310000,25,0,25,12775,5835,4.567515e-01,0.000000e+00,13420.6,41974.5,2273.8,12.66,4.95
CSV,625006,312500,25,0,25,12775,5835,4.567515e-01,0.000000e+00,13606.6,42532.9,2264.7,12.74,4.95
CSV,630006,315000,25,0,25,12775,5835,4.567515e-01,0.000000e+00,13141.7,42254.2,2312.8,12.62,5.07
CSV,635006,317500,25,0,25,12775,5835,4.567515e-01,0.000000e+00,13378.1,43259.9,2369.2,12.61,5.10
BER: SYNC #26 (gated)
CSV,640006,320000,26,0,25,12826,5841,4.554031e-01,0.000000e+00,13271.4,43916.7,2238.1,12.93,5.20
BER: END_SEQ #26 [SLIP] seq_err=241 BER_seq=4.7162e-01 | lock=0 slip=26 BER_cond=0.0000e+00 BER_cum=4.5732e-01
CSV,645006,322500,26,0,26,13286,6076,4.573235e-01,0.000000e+00,13418.4,42907.6,2116.4,13.07,5.05
CSV,650006,325000,26,0,26,13286,6076,4.573235e-01,0.000000e+00,13818.9,42975.6,2090.0,13.13,4.93
CSV,655006,327500,26,0,26,13286,6076,4.573235e-01,0.000000e+00,13617.3,42337.1,2022.1,13.21,4.93
CSV,660006,330000,26,0,26,13286,6076,4.573235e-01,0.000000e+00,13833.1,41669.3,2180.3,12.81,4.79
BER: SYNC #27 (gated)
CSV,665006,332500,27,0,26,13486,6153,4.562509e-01,0.000000e+00,13009.3,40683.9,2514.6,12.09,4.95
BER: END_SEQ #27 [SLIP] seq_err=213 BER_seq=4.1683e-01 | lock=0 slip=27 BER_cond=0.0000e+00 BER_cum=4.5582e-01
CSV,670006,335000,27,0,27,13797,6289,4.558237e-01,0.000000e+00,10955.6,30047.1,4451.7,8.29,4.38
CSV,675006,337500,27,0,27,13797,6289,4.558237e-01,0.000000e+00,10499.8,29032.8,4304.5,8.29,4.42
CSV,680006,340000,27,0,27,13797,6289,4.558237e-01,0.000000e+00,10827.1,29802.0,4358.1,8.35,4.40
BER: SYNC #28 (gated)
CSV,685006,342500,28,0,27,14223,6475,4.552485e-01,0.000000e+00,10822.7,29179.5,4532.7,8.09,4.31
BER: END_SEQ #28 [SLIP] seq_err=220 BER_seq=4.3053e-01 | lock=0 slip=28 BER_cond=0.0000e+00 BER_cum=4.5492e-01
BER: SYNC #29 (gated)
CSV,690006,345000,29,0,28,14647,6675,4.557247e-01,0.000000e+00,10643.7,29735.1,4212.4,8.49,4.46
BER: END_SEQ #29 [SLIP] seq_err=251 BER_seq=4.9119e-01 | lock=0 slip=29 BER_cond=0.0000e+00 BER_cum=4.5617e-01
CSV,695006,347500,29,0,29,14819,6760,4.561711e-01,0.000000e+00,11101.0,31945.4,4071.4,8.95,4.59
CSV,700006,350000,29,0,29,14819,6760,4.561711e-01,0.000000e+00,13409.1,43647.7,1836.8,13.76,5.13
CSV,705006,352500,29,0,29,14819,6760,4.561711e-01,0.000000e+00,13158.4,44149.3,1844.7,13.79,5.26
CSV,710006,355000,29,0,29,14819,6760,4.561711e-01,0.000000e+00,13121.3,40045.6,2402.9,12.22,4.85
CSV,715006,357500,29,0,29,14819,6760,4.561711e-01,0.000000e+00,10869.3,29147.7,4401.9,8.21,4.28
BER: SYNC #30 (gated)
CSV,720006,360000,30,0,29,15219,6958,4.571917e-01,0.000000e+00,10889.3,29433.1,4767.0,7.91,4.32
BER: END_SEQ #30 [SLIP] seq_err=251 BER_seq=4.9119e-01 | lock=0 slip=30 BER_cond=0.0000e+00 BER_cum=4.5734e-01
CSV,725006,362500,30,0,30,15330,7011,4.573385e-01,0.000000e+00,11119.8,30093.6,4289.3,8.46,4.32
CSV,730006,365000,30,0,30,15330,7011,4.573385e-01,0.000000e+00,10677.5,30977.8,4243.7,8.63,4.63
CSV,735006,367500,30,0,30,15330,7011,4.573385e-01,0.000000e+00,10782.1,30480.7,4185.0,8.62,4.51
CSV,740006,370000,30,0,30,15330,7011,4.573385e-01,0.000000e+00,10554.1,31586.7,4243.6,8.72,4.76
CSV,745006,372500,30,0,30,15330,7011,4.573385e-01,0.000000e+00,11144.0,29679.9,4396.6,8.29,4.25
CSV,750006,375000,30,0,30,15330,7011,4.573385e-01,0.000000e+00,10954.0,29289.2,4050.4,8.59,4.27
CSV,755006,377500,30,0,30,15330,7011,4.573385e-01,0.000000e+00,10489.7,30216.3,4057.0,8.72,4.59
CSV,760006,380000,30,0,30,15330,7011,4.573385e-01,0.000000e+00,12731.6,35085.9,3910.5,9.53,4.40
CSV,765006,382500,30,0,30,15330,7011,4.573385e-01,0.000000e+00,12911.8,36474.1,3408.8,10.29,4.51
CSV,770006,385000,30,0,30,15330,7011,4.573385e-01,0.000000e+00,13174.8,45488.3,1883.5,13.83,5.38
CSV,775006,387500,30,0,30,15330,7011,4.573385e-01,0.000000e+00,13636.7,44149.3,1872.5,13.72,5.10
CSV,780006,390000,30,0,30,15330,7011,4.573385e-01,0.000000e+00,13679.1,43417.0,1992.1,13.38,5.02
CSV,785006,392500,30,0,30,15330,7011,4.573385e-01,0.000000e+00,14058.7,42848.4,1952.3,13.41,4.84
BER: SYNC #31 (gated)
CSV,790006,395000,31,0,30,15673,7138,4.554329e-01,0.000000e+00,13801.3,43325.4,1978.7,13.40,4.97
BER: END_SEQ #31 [SLIP] seq_err=218 BER_seq=4.2661e-01 | lock=0 slip=31 BER_cond=0.0000e+00 BER_cum=4.5635e-01
BER: SYNC #32 (gated)
CSV,795006,397500,32,0,31,16094,7328,4.553250e-01,0.000000e+00,13701.3,44207.5,2101.9,13.23,5.09
BER: END_SEQ #32 [SLIP] seq_err=216 BER_seq=4.2270e-01 | lock=0 slip=32 BER_cond=0.0000e+00 BER_cum=4.5530e-01
CSV,800006,400000,32,0,32,16352,7445,4.552960e-01,0.000000e+00,13128.6,42413.5,2343.5,12.58,5.09
CSV,805006,402500,32,0,32,16352,7445,4.552960e-01,0.000000e+00,13016.6,44897.1,2161.2,13.18,5.38
CSV,810006,405000,32,0,32,16352,7445,4.552960e-01,0.000000e+00,13891.9,42387.6,2278.2,12.70,4.84
CSV,815006,407500,32,0,32,16352,7445,4.552960e-01,0.000000e+00,14039.8,41716.3,2212.5,12.75,4.73
BER: SYNC #33 (gated)
CSV,820006,410000,33,0,32,16749,7576,4.523255e-01,0.000000e+00,11109.3,31421.6,4282.8,8.66,4.52
BER: END_SEQ #33 [SLIP] seq_err=195 BER_seq=3.8160e-01 | lock=0 slip=33 BER_cond=0.0000e+00 BER_cum=4.5306e-01
CSV,825006,412500,33,0,33,16863,7640,4.530629e-01,0.000000e+00,11012.5,29481.6,4264.2,8.40,4.28
CSV,830006,415000,33,0,33,16863,7640,4.530629e-01,0.000000e+00,10778.2,29816.2,4665.6,8.06,4.42
CSV,835006,417500,33,0,33,16863,7640,4.530629e-01,0.000000e+00,10548.9,29225.4,4286.7,8.34,4.43
CSV,840006,420000,33,0,33,16863,7640,4.530629e-01,0.000000e+00,10494.6,29859.5,4427.1,8.29,4.54
CSV,845006,422500,33,0,33,16863,7640,4.530629e-01,0.000000e+00,10730.1,28199.3,4308.4,8.16,4.20
CSV,850006,425000,33,0,33,16863,7640,4.530629e-01,0.000000e+00,10819.3,28720.0,4292.2,8.26,4.24
CSV,855006,427500,33,0,33,16863,7640,4.530629e-01,0.000000e+00,10511.6,29770.6,4565.7,8.14,4.52
BER: SYNC #34 (gated)
CSV,860006,430000,34,0,33,17141,7768,4.531824e-01,0.000000e+00,13021.6,38362.2,3030.4,11.02,4.69
BER: END_SEQ #34 [SLIP] seq_err=255 BER_seq=4.9902e-01 | lock=0 slip=34 BER_cond=0.0000e+00 BER_cum=4.5441e-01
CSV,865006,432500,34,0,34,17374,7895,4.544146e-01,0.000000e+00,13340.1,41699.8,2175.2,12.83,4.95
BER: SYNC #35 (gated)
CSV,870006,435000,35,0,34,17479,7951,4.548887e-01,0.000000e+00,12529.4,44298.1,2219.3,13.00,5.48
BER: END_SEQ #35 [SLIP] seq_err=260 BER_seq=5.0881e-01 | lock=0 slip=35 BER_cond=0.0000e+00 BER_cum=4.5597e-01
BER: SYNC #36 (gated)
CSV,875006,437500,36,0,35,17904,8159,4.557082e-01,0.000000e+00,13038.0,43013.6,2276.8,12.76,5.18
CSV,880006,440000,36,0,35,18394,8400,4.566706e-01,0.000000e+00,13493.8,42843.6,1965.8,13.38,5.02
BER: END_SEQ #36 [SLIP] seq_err=246 BER_seq=4.8141e-01 | lock=0 slip=36 BER_cond=0.0000e+00 BER_cum=4.5668e-01
CSV,885006,442500,36,0,36,18396,8401,4.566754e-01,0.000000e+00,13551.9,42135.1,1858.4,13.56,4.93
BER: SYNC #37 (gated)
CSV,890006,445000,37,0,36,18737,8570,4.573838e-01,0.000000e+00,12325.4,37823.6,2755.2,11.38,4.87
BER: END_SEQ #37 [SLIP] seq_err=253 BER_seq=4.9511e-01 | lock=0 slip=37 BER_cond=0.0000e+00 BER_cum=4.5771e-01
CSV,895006,447500,37,0,37,18907,8654,4.577141e-01,0.000000e+00,10814.9,28898.3,4162.6,8.42,4.27
CSV,900006,450000,37,0,37,18907,8654,4.577141e-01,0.000000e+00,10943.1,28894.1,4241.1,8.33,4.22
CSV,905006,452500,37,0,37,18907,8654,4.577141e-01,0.000000e+00,10158.0,29811.3,4238.2,8.47,4.68
CSV,910006,455000,37,0,37,18907,8654,4.577141e-01,0.000000e+00,10671.8,28820.8,4374.5,8.19,4.31
CSV,915006,457500,37,0,37,18907,8654,4.577141e-01,0.000000e+00,11072.8,28452.7,4575.9,7.94,4.10
CSV,920006,460000,37,0,37,18907,8654,4.577141e-01,0.000000e+00,10657.6,29125.2,4397.0,8.21,4.37
CSV,925006,462500,37,0,37,18907,8654,4.577141e-01,0.000000e+00,11274.9,30053.1,4306.7,8.44,4.26
CSV,930006,465000,37,0,37,18907,8654,4.577141e-01,0.000000e+00,10306.3,28871.0,4037.5,8.54,4.47
CSV,935006,467500,37,0,37,18907,8654,4.577141e-01,0.000000e+00,10477.4,29116.2,4266.2,8.34,4.44
CSV,940006,470000,37,0,37,18907,8654,4.577141e-01,0.000000e+00,10222.9,29942.2,4175.5,8.56,4.67
CSV,945006,472500,37,0,37,18907,8654,4.577141e-01,0.000000e+00,10747.4,28777.5,4261.8,8.29,4.28
CSV,950006,475000,37,0,37,18907,8654,4.577141e-01,0.000000e+00,11514.2,31376.0,4138.4,8.80,4.35
CSV,955006,477500,37,0,37,18907,8654,4.577141e-01,0.000000e+00,12800.8,40761.4,2329.4,12.43,5.03
CSV,960006,480000,37,0,37,18907,8654,4.577141e-01,0.000000e+00,13182.7,40855.6,2318.8,12.46,4.91
BER: SYNC #38 (gated)
CSV,965006,482500,38,0,37,19100,8730,4.570681e-01,0.000000e+00,13131.9,40713.7,2156.6,12.76,4.91
BER: END_SEQ #38 [SLIP] seq_err=242 BER_seq=4.7358e-01 | lock=0 slip=38 BER_cond=0.0000e+00 BER_cum=4.5813e-01
CSV,970006,485000,38,0,38,19418,8896,4.581316e-01,0.000000e+00,11672.7,36932.9,3161.7,10.67,5.00
CSV,975006,487500,38,0,38,19418,8896,4.581316e-01,0.000000e+00,27078.2,58613.2,4265.4,11.38,3.35
CSV,980006,490000,38,0,38,19418,8896,4.581316e-01,0.000000e+00,12047.7,27619.9,4807.1,7.59,3.60
CSV,985006,492500,38,0,38,19418,8896,4.581316e-01,0.000000e+00,10648.4,29111.4,4238.7,8.37,4.37
CSV,990006,495000,38,0,38,19418,8896,4.581316e-01,0.000000e+00,10974.3,29550.2,4234.0,8.44,4.30
CSV,995006,497500,38,0,38,19418,8896,4.581316e-01,0.000000e+00,10851.4,29782.8,4096.0,8.62,4.38
BER: SYNC #39 (gated)
CSV,1000006,500000,39,0,38,19582,8949,4.570013e-01,0.000000e+00,11069.3,29797.0,4184.0,8.53,4.30
BER: END_SEQ #39 [SLIP] seq_err=227 BER_seq=4.4423e-01 | lock=0 slip=39 BER_cond=0.0000e+00 BER_cum=4.5778e-01
CSV,1005006,502500,39,0,39,19929,9123,4.577751e-01,0.000000e+00,10567.3,30749.6,4049.3,8.80,4.64
CSV,1010006,505000,39,0,39,19929,9123,4.577751e-01,0.000000e+00,10888.8,30800.9,4579.6,8.28,4.52
CSV,1015006,507500,39,0,39,19929,9123,4.577751e-01,0.000000e+00,11308.9,29490.9,4263.3,8.40,4.16
CSV,1020006,510000,39,0,39,19929,9123,4.577751e-01,0.000000e+00,10819.3,29167.8,4137.6,8.48,4.31
CSV,1025006,512500,39,0,39,19929,9123,4.577751e-01,0.000000e+00,11057.3,29349.7,4174.4,8.47,4.24
CSV,1030006,515000,39,0,39,19929,9123,4.577751e-01,0.000000e+00,11127.6,30362.6,4112.8,8.68,4.36
CSV,1035006,517500,39,0,39,19929,9123,4.577751e-01,0.000000e+00,10924.3,29520.3,4492.6,8.18,4.32
CSV,1040006,520000,39,0,39,19929,9123,4.577751e-01,0.000000e+00,10452.4,30860.3,4040.7,8.83,4.70
CSV,1045006,522500,39,0,39,19929,9123,4.577751e-01,0.000000e+00,10537.3,29227.1,4084.8,8.55,4.43
CSV,1050006,525000,39,0,39,19929,9123,4.577751e-01,0.000000e+00,10861.9,29390.8,4259.6,8.39,4.32
CSV,1055006,527500,39,0,39,19929,9123,4.577751e-01,0.000000e+00,10491.9,29291.0,4406.3,8.23,4.46
CSV,1060006,530000,39,0,39,19929,9123,4.577751e-01,0.000000e+00,9012.8,18741.8,8063.5,3.66,3.18
CSV,1065006,532500,39,0,39,19929,9123,4.577751e-01,0.000000e+00,9878.0,24574.1,5978.6,6.14,3.96
CSV,1070006,535000,39,0,39,19929,9123,4.577751e-01,0.000000e+00,10229.4,30148.1,4421.2,8.34,4.69
CSV,1075006,537500,39,0,39,19929,9123,4.577751e-01,0.000000e+00,10655.9,29272.3,4304.8,8.32,4.39
CSV,1080006,540000,39,0,39,19929,9123,4.577751e-01,0.000000e+00,10624.5,28257.9,4377.9,8.10,4.25
CSV,1085006,542500,39,0,39,19929,9123,4.577751e-01,0.000000e+00,10198.9,28275.3,3960.7,8.54,4.43
CSV,1090006,545000,39,0,39,19929,9123,4.577751e-01,0.000000e+00,10106.9,28986.2,4268.9,8.32,4.58
CSV,1095006,547500,39,0,39,19929,9123,4.577751e-01,0.000000e+00,10372.7,28663.7,4171.4,8.37,4.41
CSV,1100006,550000,39,0,39,19929,9123,4.577751e-01,0.000000e+00,10168.7,29529.2,4164.2,8.51,4.63
BER: SYNC #40 (gated)
CSV,1105006,552500,40,0,39,20003,9145,4.571814e-01,0.000000e+00,9774.5,30240.4,4009.7,8.77,4.90
BER: END_SEQ #40 [SLIP] seq_err=236 BER_seq=4.6184e-01 | lock=0 slip=40 BER_cond=0.0000e+00 BER_cum=4.5788e-01
CSV,1110006,555000,40,0,40,20440,9359,4.578767e-01,0.000000e+00,10069.9,29146.1,4461.8,8.15,4.62
CSV,1115006,557500,40,0,40,20440,9359,4.578767e-01,0.000000e+00,10576.3,28646.0,4319.8,8.22,4.33
CSV,1120006,560000,40,0,40,20440,9359,4.578767e-01,0.000000e+00,9793.5,29581.1,4320.5,8.35,4.80
BER: SYNC #41 (gated)
CSV,1125006,562500,41,0,40,20745,9491,4.575078e-01,0.000000e+00,10584.1,28182.0,3945.1,8.54,4.25
BER: END_SEQ #41 [SLIP] seq_err=238 BER_seq=4.6575e-01 | lock=0 slip=41 BER_cond=0.0000e+00 BER_cum=4.5807e-01
CSV,1130006,565000,41,0,41,20951,9597,4.580688e-01,0.000000e+00,10156.9,28616.0,4220.7,8.31,4.50
CSV,1135006,567500,41,0,41,20951,9597,4.580688e-01,0.000000e+00,10147.9,28607.7,4066.3,8.47,4.50
CSV,1140006,570000,41,0,41,20951,9597,4.580688e-01,0.000000e+00,9954.6,29411.7,4462.7,8.19,4.70
CSV,1145006,572500,41,0,41,20951,9597,4.580688e-01,0.000000e+00,10198.8,28251.1,4302.0,8.17,4.42
CSV,1150006,575000,41,0,41,20951,9597,4.580688e-01,0.000000e+00,10132.4,28680.2,4243.3,8.30,4.52
CSV,1155006,577500,41,0,41,20951,9597,4.580688e-01,0.000000e+00,9923.0,29173.5,4258.5,8.36,4.68
CSV,1160006,580000,41,0,41,20951,9597,4.580688e-01,0.000000e+00,10314.6,28304.2,4243.6,8.24,4.38
CSV,1165006,582500,41,0,41,20951,9597,4.580688e-01,0.000000e+00,10161.5,29041.8,4214.0,8.38,4.56
CSV,1170006,585000,41,0,41,20951,9597,4.580688e-01,0.000000e+00,9786.7,30229.3,4004.9,8.78,4.90
BER: SYNC #42 (gated)
CSV,1175006,587500,42,0,41,20969,9602,4.579141e-01,0.000000e+00,9997.9,29554.0,4438.0,8.23,4.71
CSV,1180006,590000,42,0,41,21461,9832,4.581334e-01,0.000000e+00,10059.3,29770.0,4251.1,8.45,4.71
BER: END_SEQ #42 [SLIP] seq_err=236 BER_seq=4.6184e-01 | lock=0 slip=42 BER_cond=0.0000e+00 BER_cum=4.5816e-01
CSV,1185006,592500,42,0,42,21462,9833,4.581586e-01,0.000000e+00,10377.1,28753.3,4204.2,8.35,4.43
CSV,1190006,595000,42,0,42,21462,9833,4.581586e-01,0.000000e+00,10211.7,29488.5,4124.6,8.54,4.61
CSV,1195006,597500,42,0,42,21462,9833,4.581586e-01,0.000000e+00,10521.4,29184.6,4499.0,8.12,4.43
CSV,1200006,600000,42,0,42,21462,9833,4.581586e-01,0.000000e+00,10256.7,28616.6,4313.2,8.22,4.46
CSV,1205006,602500,42,0,42,21462,9833,4.581586e-01,0.000000e+00,10081.9,28876.0,4169.6,8.40,4.57
CSV,1210006,605000,42,0,42,21462,9833,4.581586e-01,0.000000e+00,10212.3,28616.1,4314.9,8.22,4.47
CSV,1215006,607500,42,0,42,21462,9833,4.581586e-01,0.000000e+00,10589.5,28405.1,4294.4,8.20,4.29
CSV,1220006,610000,42,0,42,21462,9833,4.581586e-01,0.000000e+00,10348.7,29237.2,4272.2,8.35,4.51
BER: SYNC #43 (gated)
CSV,1225006,612500,43,0,42,21768,9933,4.563120e-01,0.000000e+00,10327.2,28700.6,4071.5,8.48,4.44
BER: END_SEQ #43 [SLIP] seq_err=213 BER_seq=4.1683e-01 | lock=0 slip=43 BER_cond=0.0000e+00 BER_cum=4.5720e-01
BER: SYNC #44 (gated)
CSV,1230006,615000,44,0,43,22191,10153,4.575278e-01,0.000000e+00,10655.8,29550.3,4070.8,8.61,4.43
BER: END_SEQ #44 [SLIP] seq_err=261 BER_seq=5.1076e-01 | lock=0 slip=44 BER_cond=0.0000e+00 BER_cum=4.5841e-01
CSV,1235006,617500,44,0,44,22484,10307,4.584149e-01,0.000000e+00,10115.0,29303.8,4031.1,8.61,4.62
BER: SYNC #45 (gated)
CSV,1240006,620000,45,0,44,22529,10324,4.582538e-01,0.000000e+00,10129.0,29722.3,4035.4,8.67,4.68
BER: END_SEQ #45 [SLIP] seq_err=256 BER_seq=5.0098e-01 | lock=0 slip=45 BER_cond=0.0000e+00 BER_cum=4.5936e-01
CSV,1245006,622500,45,0,45,22995,10563,4.593607e-01,0.000000e+00,10035.0,28427.0,4359.9,8.14,4.52
CSV,1250006,625000,45,0,45,22995,10563,4.593607e-01,0.000000e+00,10481.2,28412.7,4162.9,8.34,4.33
CSV,1255006,627500,45,0,45,22995,10563,4.593607e-01,0.000000e+00,10182.5,29030.8,4269.7,8.32,4.55
CSV,1260006,630000,45,0,45,22995,10563,4.593607e-01,0.000000e+00,10752.0,27916.1,4472.2,7.95,4.14
CSV,1265006,632500,45,0,45,22995,10563,4.593607e-01,0.000000e+00,10333.2,28969.9,4243.0,8.34,4.48
CSV,1270006,635000,45,0,45,22995,10563,4.593607e-01,0.000000e+00,9928.4,29660.1,4071.5,8.62,4.75
BER: SYNC #46 (gated)
CSV,1275006,637500,46,0,45,23012,10563,4.590214e-01,0.000000e+00,10224.1,29237.7,4014.8,8.62,4.56
CSV,1280006,640000,46,0,45,23502,10764,4.580036e-01,0.000000e+00,10443.0,28344.5,4375.7,8.11,4.34
BER: END_SEQ #46 [SLIP] seq_err=203 BER_seq=3.9726e-01 | lock=0 slip=46 BER_cond=0.0000e+00 BER_cum=4.5801e-01
BER: SYNC #47 (gated)
CSV,1285006,642500,47,0,46,23925,10970,4.585162e-01,0.000000e+00,10202.6,29112.8,3971.0,8.65,4.55
BER: END_SEQ #47 [SLIP] seq_err=245 BER_seq=4.7945e-01 | lock=0 slip=47 BER_cond=0.0000e+00 BER_cum=4.5847e-01
CSV,1290006,645000,47,0,47,24017,11011,4.584669e-01,0.000000e+00,10163.4,29344.0,4246.7,8.39,4.60
CSV,1295006,647500,47,0,47,24017,11011,4.584669e-01,0.000000e+00,10124.3,28920.9,4149.8,8.43,4.56
CSV,1300006,650000,47,0,47,24017,11011,4.584669e-01,0.000000e+00,10527.0,27556.2,4335.2,8.03,4.18
CSV,1305006,652500,47,0,47,24017,11011,4.584669e-01,0.000000e+00,9744.2,30496.1,4375.7,8.43,4.95
CSV,1310006,655000,47,0,47,24017,11011,4.584669e-01,0.000000e+00,10114.9,28039.5,3937.7,8.53,4.43
CSV,1315006,657500,47,0,47,24017,11011,4.584669e-01,0.000000e+00,10394.8,28567.5,4121.8,8.41,4.39
CSV,1320006,660000,47,0,47,24017,11011,4.584669e-01,0.000000e+00,10301.0,28922.0,3897.6,8.70,4.48
BER: SYNC #48 (gated)
CSV,1325006,662500,48,0,47,24319,11151,4.585304e-01,0.000000e+00,10489.1,29171.8,4139.0,8.48,4.44
BER: END_SEQ #48 [SLIP] seq_err=250 BER_seq=4.8924e-01 | lock=0 slip=48 BER_cond=0.0000e+00 BER_cum=4.5911e-01
CSV,1330006,665000,48,0,48,24528,11261,4.591080e-01,0.000000e+00,10243.1,29119.2,4193.3,8.42,4.54
CSV,1335006,667500,48,0,48,24528,11261,4.591080e-01,0.000000e+00,10142.0,29223.1,3827.0,8.83,4.60
BER: SYNC #49 (gated)
CSV,1340006,670000,49,0,48,24571,11278,4.589964e-01,0.000000e+00,10247.3,28825.6,4091.0,8.48,4.49
BER: END_SEQ #49 [SLIP] seq_err=230 BER_seq=4.5010e-01 | lock=0 slip=49 BER_cond=0.0000e+00 BER_cum=4.5892e-01
CSV,1345006,672500,49,0,49,25039,11491,4.589241e-01,0.000000e+00,10158.7,28862.7,4030.8,8.55,4.53
CSV,1350006,675000,49,0,49,25039,11491,4.589241e-01,0.000000e+00,10262.8,28421.2,4013.8,8.50,4.42
CSV,1355006,677500,49,0,49,25039,11491,4.589241e-01,0.000000e+00,10555.4,27989.8,4212.5,8.22,4.24
CSV,1360006,680000,49,0,49,25039,11491,4.589241e-01,0.000000e+00,10476.6,27862.2,4149.0,8.27,4.25
CSV,1365006,682500,49,0,49,25039,11491,4.589241e-01,0.000000e+00,9962.5,29268.2,3920.0,8.73,4.68
BER: SYNC #50 (gated)
CSV,1370006,685000,50,0,49,25141,11505,4.576190e-01,0.000000e+00,10064.3,29579.2,4020.6,8.67,4.68
BER: END_SEQ #50 [SLIP] seq_err=214 BER_seq=4.1879e-01 | lock=0 slip=50 BER_cond=0.0000e+00 BER_cum=4.5812e-01
CSV,1375006,687500,50,0,50,25550,11705,4.581213e-01,0.000000e+00,10611.3,28391.0,4031.6,8.48,4.27
CSV,1380006,690000,50,0,50,25550,11705,4.581213e-01,0.000000e+00,10509.5,28885.2,4166.6,8.41,4.39
CSV,1385006,692500,50,0,50,25550,11705,4.581213e-01,0.000000e+00,10457.5,28455.1,4367.7,8.14,4.35
CSV,1390006,695000,50,0,50,25550,11705,4.581213e-01,0.000000e+00,10148.3,29071.1,4231.6,8.37,4.57
CSV,1395006,697500,50,0,50,25550,11705,4.581213e-01,0.000000e+00,10040.5,29073.0,4330.3,8.27,4.62
CSV,1400006,700000,50,0,50,25550,11705,4.581213e-01,0.000000e+00,10189.4,28135.0,4105.8,8.36,4.41
CSV,1405006,702500,50,0,50,25550,11705,4.581213e-01,0.000000e+00,9935.6,29403.4,4169.6,8.48,4.71
CSV,1410006,705000,50,0,50,25550,11705,4.581213e-01,0.000000e+00,10338.4,27863.7,4127.6,8.29,4.31
CSV,1415006,707500,50,0,50,25550,11705,4.581213e-01,0.000000e+00,10364.1,28694.9,4190.0,8.36,4.42
CSV,1420006,710000,50,0,50,25550,11705,4.581213e-01,0.000000e+00,10284.2,28468.0,4179.5,8.33,4.42
CSV,1425006,712500,50,0,50,25550,11705,4.581213e-01,0.000000e+00,10441.3,29450.6,4164.1,8.50,4.50
CSV,1430006,715000,50,0,50,25550,11705,4.581213e-01,0.000000e+00,10106.2,29506.3,4146.3,8.52,4.65
CSV,1435006,717500,50,0,50,25550,11705,4.581213e-01,0.000000e+00,10555.2,29100.8,4079.5,8.53,4.40
CSV,1440006,720000,50,0,50,25550,11705,4.581213e-01,0.000000e+00,10074.9,29670.9,4486.7,8.20,4.69
CSV,1445006,722500,50,0,50,25550,11705,4.581213e-01,0.000000e+00,10217.9,29388.4,4258.1,8.39,4.59
BER: SYNC #51 (gated)
CSV,1450006,725000,51,0,50,26002,11925,4.586186e-01,0.000000e+00,10623.8,27340.5,4166.0,8.17,4.11
BER: END_SEQ #51 [SLIP] seq_err=249 BER_seq=4.8728e-01 | lock=0 slip=51 BER_cond=0.0000e+00 BER_cum=4.5869e-01
CSV,1455006,727500,51,0,51,26061,11954,4.586931e-01,0.000000e+00,10274.5,29210.8,4422.2,8.20,4.54
CSV,1460006,730000,51,0,51,26061,11954,4.586931e-01,0.000000e+00,10421.8,27934.8,4197.7,8.23,4.28
CSV,1465006,732500,51,0,51,26061,11954,4.586931e-01,0.000000e+00,10209.7,29510.8,4360.2,8.30,4.61
CSV,1470006,735000,51,0,51,26061,11954,4.586931e-01,0.000000e+00,10074.8,29656.7,4364.5,8.32,4.69
CSV,1475006,737500,51,0,51,26061,11954,4.586931e-01,0.000000e+00,10343.7,28386.8,4350.9,8.15,4.38
CSV,1480006,740000,51,0,51,26061,11954,4.586931e-01,0.000000e+00,10397.1,28708.2,4305.2,8.24,4.41
CSV,1485006,742500,51,0,51,26061,11954,4.586931e-01,0.000000e+00,10279.1,27939.2,4253.2,8.17,4.34
BER: SYNC #52 (gated)
CSV,1490006,745000,52,0,51,26391,12101,4.585275e-01,0.000000e+00,10295.4,28189.4,4173.8,8.30,4.37
BER: END_SEQ #52 [SLIP] seq_err=237 BER_seq=4.6380e-01 | lock=0 slip=52 BER_cond=0.0000e+00 BER_cum=4.5879e-01
CSV,1495006,747500,52,0,52,26572,12191,4.587912e-01,0.000000e+00,10455.9,28022.1,4110.7,8.34,4.28
CSV,1500006,750000,52,0,52,26572,12191,4.587912e-01,0.000000e+00,10595.1,27900.9,4396.2,8.03,4.21

=========================================
=== END OF TEST (duration=25 min) ===
=========================================
FINAL: syncs=52 lock=0 slip=52 slip_rate=1.0000
FINAL: bits_cum=26572 err_cum=12191 BER_cum=4.5879e-01
FINAL: bits_lock=0 err_lock=0 BER_cond=0.0000e+00
=========================================
=== STOP LOGGING NOW ===
=========================================
