

=== RX BOOT - BER TEST MODE ===
BPS_MODE=40 (HALF_SAMPLES=1000, 5000 samples/bit @ 200000 Hz)
Expect: 64-bit preamble + Barker13 (1F35h, gated by 8 preamble bits = 0x55) + 511-bit PRBS-9
Noise floor band: 5000 Hz; lock threshold: BER<0.10
Auto-stop: test will halt 25 min after the first sync.
RX: edge-tracking sync, center-3 voting
Starting decoder...

BER: SYNC #1 (gated)
CSV,5007,1000,1,0,0,39,0,0.000000e+00,0.000000e+00,9662453.0,9878145.0,8062.4,30.88,0.10
CSV,10007,2000,1,0,0,239,0,0.000000e+00,0.000000e+00,10250720.0,9451998.0,7338.9,31.45,0.35
CSV,15007,3000,1,0,0,439,0,0.000000e+00,0.000000e+00,9753670.0,10271172.0,7187.5,31.55,0.22
BER: END_SEQ #1 [LOCK] seq_err=0 BER_seq=0.0000e+00 | lock=1 slip=0 BER_cond=0.0000e+00 BER_cum=0.0000e+00
BER: SYNC #2 (gated)
CSV,20007,4000,2,1,0,562,0,0.000000e+00,0.000000e+00,9331121.0,10544198.0,7558.9,31.45,0.53
CSV,25007,5000,2,1,0,762,0,0.000000e+00,0.000000e+00,10640539.0,9556540.0,7325.8,31.62,0.47
CSV,30007,6000,2,1,0,962,0,0.000000e+00,0.000000e+00,9746867.0,10162797.0,7135.8,31.54,0.18
BER: END_SEQ #2 [LOCK] seq_err=0 BER_seq=0.0000e+00 | lock=2 slip=0 BER_cond=0.0000e+00 BER_cum=0.0000e+00
BER: SYNC #3 (gated)
CSV,35007,7000,3,2,0,1085,0,0.000000e+00,0.000000e+00,9395063.0,10857410.0,7580.9,31.56,0.63
CSV,40007,8000,3,2,0,1284,0,0.000000e+00,0.000000e+00,11001089.0,8985722.0,7504.3,31.66,0.88
CSV,45007,9000,3,2,0,1484,0,0.000000e+00,0.000000e+00,9664554.0,10711702.0,7866.0,31.34,0.45
BER: END_SEQ #3 [LOCK] seq_err=0 BER_seq=0.0000e+00 | lock=3 slip=0 BER_cond=0.0000e+00 BER_cum=0.0000e+00
BER: SYNC #4 (gated)
CSV,50007,10000,4,3,0,1607,0,0.000000e+00,0.000000e+00,8983870.0,10773511.0,7053.1,31.84,0.79
CSV,55007,11000,4,3,0,1807,0,0.000000e+00,0.000000e+00,11265223.0,9122585.0,7441.3,31.80,0.92
CSV,60007,12000,4,3,0,2007,0,0.000000e+00,0.000000e+00,9373958.0,10543231.0,7784.2,31.32,0.51
BER: END_SEQ #4 [LOCK] seq_err=0 BER_seq=0.0000e+00 | lock=4 slip=0 BER_cond=0.0000e+00 BER_cum=0.0000e+00
BER: SYNC #5 (gated)
CSV,65007,13000,5,4,0,2130,0,0.000000e+00,0.000000e+00,9518280.0,10874959.0,7662.4,31.52,0.58
CSV,70007,14000,5,4,0,2330,0,0.000000e+00,0.000000e+00,10706633.0,9240095.0,6900.4,31.91,0.64
CSV,75007,15000,5,4,0,2530,0,0.000000e+00,0.000000e+00,9684024.0,10735541.0,7455.8,31.58,0.45
BER: END_SEQ #5 [LOCK] seq_err=0 BER_seq=0.0000e+00 | lock=5 slip=0 BER_cond=0.0000e+00 BER_cum=0.0000e+00
BER: SYNC #6 (gated)
CSV,80007,16000,6,5,0,2653,0,0.000000e+00,0.000000e+00,9215751.0,10513671.0,8099.1,31.13,0.57
CSV,85007,17000,6,5,0,2853,0,0.000000e+00,0.000000e+00,11026749.0,9407614.0,7472.1,31.69,0.69
CSV,90007,18000,6,5,0,3052,0,0.000000e+00,0.000000e+00,9312117.0,10587079.0,7139.5,31.71,0.56
BER: END_SEQ #6 [LOCK] seq_err=0 BER_seq=0.0000e+00 | lock=6 slip=0 BER_cond=0.0000e+00 BER_cum=0.0000e+00
BER: SYNC #7 (gated)
CSV,95007,19000,7,6,0,3175,0,0.000000e+00,0.000000e+00,9618651.0,10700793.0,7829.3,31.36,0.46
CSV,100007,20000,7,6,0,3375,0,0.000000e+00,0.000000e+00,10744740.0,9154148.0,7366.3,31.64,0.70
CSV,105007,21000,7,6,0,3575,0,0.000000e+00,0.000000e+00,9426775.0,11095438.0,6907.5,32.06,0.71
BER: END_SEQ #7 [LOCK] seq_err=0 BER_seq=0.0000e+00 | lock=7 slip=0 BER_cond=0.0000e+00 BER_cum=0.0000e+00
BER: SYNC #8 (gated)
CSV,110007,22000,8,7,0,3698,0,0.000000e+00,0.000000e+00,9635635.0,10009985.0,7583.0,31.21,0.17
CSV,115007,23000,8,7,0,3898,0,0.000000e+00,0.000000e+00,10713063.0,9742249.0,7051.1,31.82,0.41
BER: END_SEQ #8 [LOCK] seq_err=0 BER_seq=0.0000e+00 | lock=8 slip=0 BER_cond=0.0000e+00 BER_cum=0.0000e+00
CSV,120007,24000,8,8,0,4088,0,0.000000e+00,0.000000e+00,9191208.0,10684308.0,7314.8,31.65,0.65
BER: SYNC #9 (gated)
CSV,125007,25000,9,8,0,4221,0,0.000000e+00,0.000000e+00,10524822.0,9748149.0,7051.9,31.74,0.33
CSV,130007,26000,9,8,0,4421,0,0.000000e+00,0.000000e+00,9677936.0,10159113.0,7584.0,31.27,0.21
BER: END_SEQ #9 [LOCK] seq_err=0 BER_seq=0.0000e+00 | lock=9 slip=0 BER_cond=0.0000e+00 BER_cum=0.0000e+00
CSV,135007,27000,9,9,0,4599,0,0.000000e+00,0.000000e+00,9643951.0,10738149.0,6844.4,31.96,0.47
BER: SYNC #10 (gated)
CSV,140007,28000,10,9,0,4743,0,0.000000e+00,0.000000e+00,10507601.0,9285622.0,7301.5,31.58,0.54
CSV,145007,29000,10,9,0,4943,0,0.000000e+00,0.000000e+00,9868686.0,10525573.0,7042.4,31.75,0.28
BER: END_SEQ #10 [LOCK] seq_err=0 BER_seq=0.0000e+00 | lock=10 slip=0 BER_cond=0.0000e+00 BER_cum=0.0000e+00
CSV,150007,30000,10,10,0,5110,0,0.000000e+00,0.000000e+00,9266986.0,10519893.0,7204.7,31.64,0.55
BER: SYNC #11 (gated)
CSV,155007,31000,11,10,0,5266,0,0.000000e+00,0.000000e+00,10776020.0,9531813.0,7430.2,31.61,0.53
CSV,160007,32000,11,10,0,5466,0,0.000000e+00,0.000000e+00,9353758.0,10585389.0,7356.3,31.58,0.54
BER: END_SEQ #11 [LOCK] seq_err=0 BER_seq=0.0000e+00 | lock=11 slip=0 BER_cond=0.0000e+00 BER_cum=0.0000e+00
CSV,165007,33000,11,11,0,5621,0,0.000000e+00,0.000000e+00,9771062.0,10548968.0,7523.5,31.47,0.33
BER: SYNC #12 (gated)
CSV,170007,34000,12,11,0,5789,0,0.000000e+00,0.000000e+00,10553870.0,9370230.0,7158.9,31.69,0.52
CSV,175007,35000,12,11,0,5989,0,0.000000e+00,0.000000e+00,9757679.0,10614769.0,7813.6,31.33,0.37
BER: END_SEQ #12 [LOCK] seq_err=0 BER_seq=0.0000e+00 | lock=12 slip=0 BER_cond=0.0000e+00 BER_cum=0.0000e+00
CSV,180007,36000,12,12,0,6132,0,0.000000e+00,0.000000e+00,9309316.0,10352476.0,7678.9,31.30,0.46
BER: SYNC #13 (gated)
CSV,185007,37000,13,12,0,6312,0,0.000000e+00,0.000000e+00,10594343.0,9764176.0,7761.2,31.35,0.35
CSV,190007,38000,13,12,0,6511,0,0.000000e+00,0.000000e+00,9505828.0,10411710.0,7322.4,31.53,0.40
BER: END_SEQ #13 [LOCK] seq_err=0 BER_seq=0.0000e+00 | lock=13 slip=0 BER_cond=0.0000e+00 BER_cum=0.0000e+00
CSV,195007,39000,13,13,0,6643,0,0.000000e+00,0.000000e+00,9542258.0,10765786.0,8259.7,31.15,0.52
BER: SYNC #14 (gated)
CSV,200007,40000,14,13,0,6834,0,0.000000e+00,0.000000e+00,10877293.0,9088685.0,7385.9,31.68,0.78
CSV,205007,41000,14,13,0,7034,0,0.000000e+00,0.000000e+00,9815101.0,10491917.0,7783.4,31.30,0.29
BER: END_SEQ #14 [LOCK] seq_err=0 BER_seq=0.0000e+00 | lock=14 slip=0 BER_cond=0.0000e+00 BER_cum=0.0000e+00
BER: SYNC #15 (gated)
CSV,210007,42000,15,14,0,7157,0,0.000000e+00,0.000000e+00,9108537.0,10620083.0,7294.9,31.63,0.67
CSV,215007,43000,15,14,0,7357,0,0.000000e+00,0.000000e+00,10964790.0,9353897.0,7192.4,31.83,0.69
CSV,220007,44000,15,14,0,7557,0,0.000000e+00,0.000000e+00,9435942.0,10494781.0,6589.7,32.02,0.46
BER: END_SEQ #15 [LOCK] seq_err=0 BER_seq=0.0000e+00 | lock=15 slip=0 BER_cond=0.0000e+00 BER_cum=0.0000e+00
BER: SYNC #16 (gated)
CSV,225007,45000,16,15,0,7680,0,0.000000e+00,0.000000e+00,9131383.0,11033069.0,6997.9,31.98,0.82
CSV,230007,46000,16,15,0,7880,0,0.000000e+00,0.000000e+00,10926370.0,9093393.0,6997.8,31.94,0.80
CSV,235007,47000,16,15,0,8080,0,0.000000e+00,0.000000e+00,9772248.0,10448412.0,7413.6,31.49,0.29
BER: END_SEQ #16 [LOCK] seq_err=0 BER_seq=0.0000e+00 | lock=16 slip=0 BER_cond=0.0000e+00 BER_cum=0.0000e+00
BER: SYNC #17 (gated)
CSV,240007,48000,17,16,0,8202,0,0.000000e+00,0.000000e+00,8970413.0,10901101.0,7204.1,31.80,0.85
CSV,245007,49000,17,16,0,8402,0,0.000000e+00,0.000000e+00,11010380.0,9155455.0,6957.1,31.99,0.80
CSV,250007,50000,17,16,0,8602,0,0.000000e+00,0.000000e+00,9587015.0,10505867.0,7319.0,31.57,0.40
BER: END_SEQ #17 [LOCK] seq_err=0 BER_seq=0.0000e+00 | lock=17 slip=0 BER_cond=0.0000e+00 BER_cum=0.0000e+00
BER: SYNC #18 (gated)
CSV,255007,51000,18,17,0,8725,0,0.000000e+00,0.000000e+00,9488509.0,10520304.0,6949.0,31.80,0.45
CSV,260007,52000,18,17,0,8925,0,0.000000e+00,0.000000e+00,10471505.0,9650549.0,7381.9,31.52,0.35
CSV,265007,53000,18,17,0,9125,0,0.000000e+00,0.000000e+00,9788626.0,10315335.0,7163.6,31.58,0.23
BER: END_SEQ #18 [LOCK] seq_err=0 BER_seq=0.0000e+00 | lock=18 slip=0 BER_cond=0.0000e+00 BER_cum=0.0000e+00
BER: SYNC #19 (gated)
CSV,270007,54000,19,18,0,9248,0,0.000000e+00,0.000000e+00,9396641.0,10572465.0,7976.7,31.22,0.51
CSV,275007,55000,19,18,0,9448,0,0.000000e+00,0.000000e+00,10549849.0,9517191.0,7204.3,31.66,0.45
CSV,280007,56000,19,18,0,9648,0,0.000000e+00,0.000000e+00,9765018.0,10336911.0,7403.8,31.45,0.25
BER: END_SEQ #19 [LOCK] seq_err=0 BER_seq=0.0000e+00 | lock=19 slip=0 BER_cond=0.0000e+00 BER_cum=0.0000e+00
BER: SYNC #20 (gated)
CSV,285007,57000,20,19,0,9771,0,0.000000e+00,0.000000e+00,9286569.0,10625354.0,7293.9,31.63,0.58
CSV,290007,58000,20,19,0,9971,0,0.000000e+00,0.000000e+00,11005251.0,9184514.0,6700.1,32.16,0.79
CSV,295007,59000,20,19,0,10170,0,0.000000e+00,0.000000e+00,9557704.0,10373753.0,7195.5,31.59,0.36
BER: END_SEQ #20 [LOCK] seq_err=0 BER_seq=0.0000e+00 | lock=20 slip=0 BER_cond=0.0000e+00 BER_cum=0.0000e+00
BER: SYNC #21 (gated)
CSV,300007,60000,21,20,0,10293,0,0.000000e+00,0.000000e+00,9095553.0,11039181.0,6928.8,32.02,0.84
CSV,305007,61000,21,20,0,10493,0,0.000000e+00,0.000000e+00,11137667.0,8812124.0,7646.0,31.63,1.02
CSV,310007,62000,21,20,0,10693,0,0.000000e+00,0.000000e+00,9469042.0,10797122.0,7211.5,31.75,0.57
BER: END_SEQ #21 [LOCK] seq_err=0 BER_seq=0.0000e+00 | lock=21 slip=0 BER_cond=0.0000e+00 BER_cum=0.0000e+00
BER: SYNC #22 (gated)
CSV,315007,63000,22,21,0,10816,0,0.000000e+00,0.000000e+00,9137006.0,10588242.0,7200.0,31.67,0.64
CSV,320007,64000,22,21,0,11016,0,0.000000e+00,0.000000e+00,10900079.0,9352333.0,7524.1,31.61,0.67
CSV,325007,65000,22,21,0,11216,0,0.000000e+00,0.000000e+00,9402067.0,10466452.0,7243.9,31.60,0.47
BER: END_SEQ #22 [LOCK] seq_err=0 BER_seq=0.0000e+00 | lock=22 slip=0 BER_cond=0.0000e+00 BER_cum=0.0000e+00
BER: SYNC #23 (gated)
CSV,330007,66000,23,22,0,11339,0,0.000000e+00,0.000000e+00,9400378.0,10845409.0,11510.6,29.74,0.62
CSV,335007,67000,23,22,0,11539,0,0.000000e+00,0.000000e+00,10754268.0,9185872.0,6204.5,32.39,0.68
CSV,340007,68000,23,22,0,11739,0,0.000000e+00,0.000000e+00,9641850.0,10847566.0,3986.7,34.35,0.51
BER: END_SEQ #23 [LOCK] seq_err=0 BER_seq=0.0000e+00 | lock=23 slip=0 BER_cond=0.0000e+00 BER_cum=0.0000e+00
BER: SYNC #24 (gated)
CSV,345007,69000,24,23,0,11861,0,0.000000e+00,0.000000e+00,9210127.0,10609089.0,3757.3,34.51,0.61
CSV,350007,70000,24,23,0,12061,0,0.000000e+00,0.000000e+00,10988416.0,9512289.0,3789.1,34.62,0.63
CSV,355007,71000,24,23,0,12261,0,0.000000e+00,0.000000e+00,9236427.0,10843821.0,3649.1,34.73,0.70
BER: END_SEQ #24 [LOCK] seq_err=0 BER_seq=0.0000e+00 | lock=24 slip=0 BER_cond=0.0000e+00 BER_cum=0.0000e+00
BER: SYNC #25 (gated)
CSV,360007,72000,25,24,0,12384,0,0.000000e+00,0.000000e+00,9934726.0,10505331.0,3755.4,34.47,0.24
CSV,365007,73000,25,24,0,12584,0,0.000000e+00,0.000000e+00,10392332.0,9616566.0,3278.8,35.01,0.34
BER: END_SEQ #25 [LOCK] seq_err=0 BER_seq=0.0000e+00 | lock=25 slip=0 BER_cond=0.0000e+00 BER_cum=0.0000e+00
CSV,370007,74000,25,25,0,12775,0,0.000000e+00,0.000000e+00,9524299.0,10911593.0,7998.0,31.35,0.59
BER: SYNC #26 (gated)
CSV,375007,75000,26,25,0,12907,0,0.000000e+00,0.000000e+00,10152089.0,9551929.0,7865.6,31.11,0.26
CSV,380007,76000,26,25,0,13107,0,0.000000e+00,0.000000e+00,9964865.0,10408742.0,7253.6,31.57,0.19
BER: END_SEQ #26 [LOCK] seq_err=0 BER_seq=0.0000e+00 | lock=26 slip=0 BER_cond=0.0000e+00 BER_cum=0.0000e+00
CSV,385007,77000,26,26,0,13286,0,0.000000e+00,0.000000e+00,9435399.0,10298416.0,7246.9,31.53,0.38
BER: SYNC #27 (gated)
CSV,390007,78000,27,26,0,13430,0,0.000000e+00,0.000000e+00,10756573.0,9526125.0,7570.8,31.53,0.53
CSV,395007,79000,27,26,0,13629,0,0.000000e+00,0.000000e+00,9568429.0,10214090.0,6781.2,31.78,0.28
BER: END_SEQ #27 [LOCK] seq_err=0 BER_seq=0.0000e+00 | lock=27 slip=0 BER_cond=0.0000e+00 BER_cum=0.0000e+00
CSV,400007,80000,27,27,0,13797,0,0.000000e+00,0.000000e+00,9490903.0,10796603.0,7726.4,31.45,0.56
BER: SYNC #28 (gated)
CSV,405007,81000,28,27,0,13952,0,0.000000e+00,0.000000e+00,10477283.0,9285953.0,10128.9,30.15,0.52
CSV,410007,82000,28,27,0,14152,0,0.000000e+00,0.000000e+00,9569651.0,10805789.0,7224.1,31.75,0.53
BER: END_SEQ #28 [LOCK] seq_err=0 BER_seq=0.0000e+00 | lock=28 slip=0 BER_cond=0.0000e+00 BER_cum=0.0000e+00
CSV,415007,83000,28,28,0,14308,0,0.000000e+00,0.000000e+00,9468472.0,10183674.0,7853.7,31.13,0.32
BER: SYNC #29 (gated)
CSV,420007,84000,29,28,0,14475,0,0.000000e+00,0.000000e+00,10822490.0,9478241.0,7859.7,31.39,0.58
CSV,425007,85000,29,28,0,14675,0,0.000000e+00,0.000000e+00,9414971.0,10372134.0,7271.4,31.54,0.42
BER: END_SEQ #29 [LOCK] seq_err=0 BER_seq=0.0000e+00 | lock=29 slip=0 BER_cond=0.0000e+00 BER_cum=0.0000e+00
CSV,430007,86000,29,29,0,14819,0,0.000000e+00,0.000000e+00,9550153.0,10656649.0,7400.2,31.58,0.48
BER: SYNC #30 (gated)
CSV,435007,87000,30,29,0,14998,0,0.000000e+00,0.000000e+00,10402575.0,9450258.0,7505.9,31.42,0.42
CSV,440007,88000,30,29,0,15198,0,0.000000e+00,0.000000e+00,9622851.0,10678685.0,7447.6,31.57,0.45
BER: END_SEQ #30 [LOCK] seq_err=0 BER_seq=0.0000e+00 | lock=30 slip=0 BER_cond=0.0000e+00 BER_cum=0.0000e+00
CSV,445007,89000,30,30,0,15330,0,0.000000e+00,0.000000e+00,9275699.0,10313115.0,7495.9,31.39,0.46
BER: SYNC #31 (gated)
CSV,450007,90000,31,30,0,15520,0,0.000000e+00,0.000000e+00,10964869.0,9379364.0,7390.9,31.71,0.68
CSV,455007,91000,31,30,0,15720,0,0.000000e+00,0.000000e+00,9579751.0,10230299.0,7516.1,31.34,0.29
BER: END_SEQ #31 [LOCK] seq_err=0 BER_seq=0.0000e+00 | lock=31 slip=0 BER_cond=0.0000e+00 BER_cum=0.0000e+00
BER: SYNC #32 (gated)
CSV,460007,92000,32,31,0,15843,0,0.000000e+00,0.000000e+00,9406176.0,10862574.0,8473.4,31.08,0.63
CSV,465007,93000,32,31,0,16043,0,0.000000e+00,0.000000e+00,10719771.0,9107014.0,7242.2,31.70,0.71
CSV,470007,94000,32,31,0,16243,0,0.000000e+00,0.000000e+00,9674880.0,10595768.0,7031.8,31.78,0.39
BER: END_SEQ #32 [LOCK] seq_err=0 BER_seq=0.0000e+00 | lock=32 slip=0 BER_cond=0.0000e+00 BER_cum=0.0000e+00
BER: SYNC #33 (gated)
CSV,475007,95000,33,32,0,16366,0,0.000000e+00,0.000000e+00,8894427.0,10757869.0,7328.7,31.67,0.83
CSV,480007,96000,33,32,0,16566,0,0.000000e+00,0.000000e+00,10976462.0,9328666.0,7121.9,31.88,0.71
CSV,485007,97000,33,32,0,16766,0,0.000000e+00,0.000000e+00,9567909.0,10250948.0,26372.3,25.90,0.30
BER: END_SEQ #33 [LOCK] seq_err=0 BER_seq=0.0000e+00 | lock=33 slip=0 BER_cond=0.0000e+00 BER_cum=0.0000e+00
BER: SYNC #34 (gated)
CSV,490007,98000,34,33,0,16889,0,0.000000e+00,0.000000e+00,9254967.0,10981865.0,7856.4,31.45,0.74
CSV,495007,99000,34,33,0,17088,0,0.000000e+00,0.000000e+00,10879082.0,9035906.0,8207.6,31.22,0.81
CSV,500007,100000,34,33,0,17288,0,0.000000e+00,0.000000e+00,9687153.0,10555660.0,22220.4,26.77,0.37
BER: END_SEQ #34 [LOCK] seq_err=0 BER_seq=0.0000e+00 | lock=34 slip=0 BER_cond=0.0000e+00 BER_cum=0.0000e+00
BER: SYNC #35 (gated)
CSV,505007,101000,35,34,0,17411,0,0.000000e+00,0.000000e+00,9296454.0,10385064.0,28723.5,25.58,0.48
CSV,510007,102000,35,34,0,17611,0,0.000000e+00,0.000000e+00,10510668.0,9609547.0,25078.7,26.22,0.39
CSV,515007,103000,35,34,0,17811,0,0.000000e+00,0.000000e+00,9607604.0,10205691.0,21102.4,26.85,0.26
BER: END_SEQ #35 [LOCK] seq_err=0 BER_seq=0.0000e+00 | lock=35 slip=0 BER_cond=0.0000e+00 BER_cum=0.0000e+00
BER: SYNC #36 (gated)
CSV,520007,104000,36,35,0,17934,0,0.000000e+00,0.000000e+00,9425053.0,10572581.0,7681.8,31.39,0.50
CSV,525007,105000,36,35,0,18134,0,0.000000e+00,0.000000e+00,10524951.0,9451054.0,7836.9,31.28,0.47
CSV,530007,106000,36,35,0,18334,0,0.000000e+00,0.000000e+00,9754684.0,10475466.0,4490.3,33.68,0.31
BER: END_SEQ #36 [LOCK] seq_err=0 BER_seq=0.0000e+00 | lock=36 slip=0 BER_cond=0.0000e+00 BER_cum=0.0000e+00
BER: SYNC #37 (gated)
CSV,535007,107000,37,36,0,18457,0,0.000000e+00,0.000000e+00,9294721.0,10625989.0,4452.6,33.78,0.58
CSV,540007,108000,37,36,0,18657,0,0.000000e+00,0.000000e+00,10884092.0,9317734.0,6025.9,32.57,0.67
CSV,545007,109000,37,36,0,18856,0,0.000000e+00,0.000000e+00,9698674.0,10396365.0,6166.7,32.27,0.30
BER: END_SEQ #37 [LOCK] seq_err=0 BER_seq=0.0000e+00 | lock=37 slip=0 BER_cond=0.0000e+00 BER_cum=0.0000e+00
BER: SYNC #38 (gated)
CSV,550007,110000,38,37,0,18979,0,0.000000e+00,0.000000e+00,8886878.0,11131461.0,5414.1,33.13,0.98
CSV,555007,111000,38,37,0,19179,0,0.000000e+00,0.000000e+00,11263225.0,8891606.0,4872.2,33.64,1.03
CSV,560007,112000,38,37,0,19379,0,0.000000e+00,0.000000e+00,9402433.0,10699892.0,5277.4,33.07,0.56
BER: END_SEQ #38 [LOCK] seq_err=0 BER_seq=0.0000e+00 | lock=38 slip=0 BER_cond=0.0000e+00 BER_cum=0.0000e+00
BER: SYNC #39 (gated)
CSV,565007,113000,39,38,0,19502,0,0.000000e+00,0.000000e+00,9209264.0,10902276.0,5404.0,33.05,0.73
CSV,570007,114000,39,38,0,19702,0,0.000000e+00,0.000000e+00,10894603.0,9246625.0,4020.2,34.33,0.71
CSV,575007,115000,39,38,0,19902,0,0.000000e+00,0.000000e+00,9470782.0,10806668.0,4028.6,34.29,0.57
BER: END_SEQ #39 [LOCK] seq_err=0 BER_seq=0.0000e+00 | lock=39 slip=0 BER_cond=0.0000e+00 BER_cum=0.0000e+00
BER: SYNC #40 (gated)
CSV,580007,116000,40,39,0,20025,0,0.000000e+00,0.000000e+00,9251641.0,10670623.0,4342.9,33.90,0.62
CSV,585007,117000,40,39,0,20225,0,0.000000e+00,0.000000e+00,10911301.0,9337844.0,4167.5,34.18,0.68
CSV,590007,118000,40,39,0,20425,0,0.000000e+00,0.000000e+00,9459403.0,10621215.0,4126.7,34.11,0.50
BER: END_SEQ #40 [LOCK] seq_err=0 BER_seq=0.0000e+00 | lock=40 slip=0 BER_cond=0.0000e+00 BER_cum=0.0000e+00
BER: SYNC #41 (gated)
CSV,595007,119000,41,40,0,20548,0,0.000000e+00,0.000000e+00,9470482.0,10850726.0,4053.8,34.28,0.59
CSV,600007,120000,41,40,0,20747,0,0.000000e+00,0.000000e+00,10693628.0,9356964.0,3951.1,34.32,0.58
CSV,605007,121000,41,40,0,20947,0,0.000000e+00,0.000000e+00,9513027.0,10908555.0,4092.3,34.26,0.59
BER: END_SEQ #41 [LOCK] seq_err=0 BER_seq=0.0000e+00 | lock=41 slip=0 BER_cond=0.0000e+00 BER_cum=0.0000e+00
BER: SYNC #42 (gated)
CSV,610007,122000,42,41,0,21070,0,0.000000e+00,0.000000e+00,9580624.0,10169240.0,4179.7,33.86,0.26
CSV,615007,123000,42,41,0,21270,0,0.000000e+00,0.000000e+00,10604223.0,9772815.0,4367.0,33.85,0.35
BER: END_SEQ #42 [LOCK] seq_err=0 BER_seq=0.0000e+00 | lock=42 slip=0 BER_cond=0.0000e+00 BER_cum=0.0000e+00
CSV,620007,124000,42,42,0,21462,0,0.000000e+00,0.000000e+00,9257465.0,10711795.0,4084.1,34.19,0.63
BER: SYNC #43 (gated)
CSV,625007,125000,43,42,0,21593,0,0.000000e+00,0.000000e+00,10437233.0,9950261.0,3951.9,34.22,0.21
CSV,630007,126000,43,42,0,21793,0,0.000000e+00,0.000000e+00,9774125.0,10204645.0,4150.2,33.91,0.19
BER: END_SEQ #43 [LOCK] seq_err=0 BER_seq=0.0000e+00 | lock=43 slip=0 BER_cond=0.0000e+00 BER_cum=0.0000e+00
CSV,635007,127000,43,43,0,21973,0,0.000000e+00,0.000000e+00,9622450.0,10766744.0,4485.7,33.80,0.49
BER: SYNC #44 (gated)
CSV,640007,128000,44,43,0,22116,0,0.000000e+00,0.000000e+00,10465852.0,9337092.0,4219.6,33.95,0.50
CSV,645007,129000,44,43,0,22316,0,0.000000e+00,0.000000e+00,9853710.0,10592740.0,4285.9,33.93,0.31
BER: END_SEQ #44 [LOCK] seq_err=0 BER_seq=0.0000e+00 | lock=44 slip=0 BER_cond=0.0000e+00 BER_cum=0.0000e+00
CSV,650007,130000,44,44,0,22484,0,0.000000e+00,0.000000e+00,9237471.0,10548034.0,5899.5,32.52,0.58
BER: SYNC #45 (gated)
CSV,655007,131000,45,44,0,22638,0,0.000000e+00,0.000000e+00,10738598.0,9497635.0,7427.6,31.60,0.53
CSV,660007,132000,45,44,0,22838,0,0.000000e+00,0.000000e+00,9360748.0,10416635.0,7534.3,31.41,0.46
BER: END_SEQ #45 [LOCK] seq_err=0 BER_seq=0.0000e+00 | lock=45 slip=0 BER_cond=0.0000e+00 BER_cum=0.0000e+00
CSV,665007,133000,45,45,0,22995,0,0.000000e+00,0.000000e+00,9658064.0,10481670.0,7549.7,31.42,0.36
BER: SYNC #46 (gated)
CSV,670007,134000,46,45,0,23161,0,0.000000e+00,0.000000e+00,10546715.0,9232527.0,7444.1,31.51,0.58
CSV,675007,135000,46,45,0,23361,0,0.000000e+00,0.000000e+00,9682135.0,10621704.0,7497.2,31.51,0.40
BER: END_SEQ #46 [LOCK] seq_err=0 BER_seq=0.0000e+00 | lock=46 slip=0 BER_cond=0.0000e+00 BER_cum=0.0000e+00
CSV,680007,136000,46,46,0,23506,0,0.000000e+00,0.000000e+00,9257233.0,10336414.0,7899.8,31.17,0.48
BER: SYNC #47 (gated)
CSV,685007,137000,47,46,0,23684,0,0.000000e+00,0.000000e+00,10660381.0,9632193.0,7315.9,31.64,0.44
CSV,690007,138000,47,46,0,23884,0,0.000000e+00,0.000000e+00,9359930.0,10351647.0,7511.4,31.39,0.44
BER: END_SEQ #47 [LOCK] seq_err=0 BER_seq=0.0000e+00 | lock=47 slip=0 BER_cond=0.0000e+00 BER_cum=0.0000e+00
CSV,695007,139000,47,47,0,24017,0,0.000000e+00,0.000000e+00,9564898.0,10576869.0,7290.4,31.62,0.44
BER: SYNC #48 (gated)
CSV,700007,140000,48,47,0,24206,0,0.000000e+00,0.000000e+00,10614273.0,9132445.0,7157.7,31.71,0.65
CSV,705007,141000,48,47,0,24406,0,0.000000e+00,0.000000e+00,9812082.0,10474014.0,7110.0,31.68,0.28
BER: END_SEQ #48 [LOCK] seq_err=0 BER_seq=0.0000e+00 | lock=48 slip=0 BER_cond=0.0000e+00 BER_cum=0.0000e+00
BER: SYNC #49 (gated)
CSV,710007,142000,49,48,0,24529,0,0.000000e+00,0.000000e+00,8998378.0,10553953.0,7646.6,31.40,0.69
CSV,715007,143000,49,48,0,24729,0,0.000000e+00,0.000000e+00,11009261.0,9292407.0,7324.8,31.77,0.74
CSV,720007,144000,49,48,0,24929,0,0.000000e+00,0.000000e+00,9398103.0,10337721.0,7833.0,31.20,0.41
BER: END_SEQ #49 [LOCK] seq_err=0 BER_seq=0.0000e+00 | lock=49 slip=0 BER_cond=0.0000e+00 BER_cum=0.0000e+00
BER: SYNC #50 (gated)
CSV,725007,145000,50,49,0,25052,0,0.000000e+00,0.000000e+00,9248097.0,11041004.0,7422.9,31.72,0.77
CSV,730007,146000,50,49,0,25252,0,0.000000e+00,0.000000e+00,10620056.0,9118188.0,7107.8,31.74,0.66
CSV,735007,147000,50,49,0,25452,0,0.000000e+00,0.000000e+00,9819778.0,10515386.0,7089.7,31.71,0.30
BER: END_SEQ #50 [LOCK] seq_err=0 BER_seq=0.0000e+00 | lock=50 slip=0 BER_cond=0.0000e+00 BER_cum=0.0000e+00
BER: SYNC #51 (gated)
CSV,740007,148000,51,50,0,25575,0,0.000000e+00,0.000000e+00,9053734.0,10634818.0,4823.7,33.43,0.70
CSV,745007,149000,51,50,0,25775,0,0.000000e+00,0.000000e+00,10967704.0,9357638.0,4417.5,33.95,0.69
CSV,750007,150000,51,50,0,25974,0,0.000000e+00,0.000000e+00,9487103.0,10503724.0,4364.7,33.81,0.44
BER: END_SEQ #51 [LOCK] seq_err=0 BER_seq=0.0000e+00 | lock=51 slip=0 BER_cond=0.0000e+00 BER_cum=0.0000e+00
BER: SYNC #52 (gated)
CSV,755007,151000,52,51,0,26097,0,0.000000e+00,0.000000e+00,9559215.0,10798380.0,4619.9,33.69,0.53
CSV,760007,152000,52,51,0,26297,0,0.000000e+00,0.000000e+00,10437176.0,9538544.0,3736.8,34.46,0.39
CSV,765007,153000,52,51,0,26497,0,0.000000e+00,0.000000e+00,9813031.0,10558932.0,3881.1,34.35,0.32
BER: END_SEQ #52 [LOCK] seq_err=0 BER_seq=0.0000e+00 | lock=52 slip=0 BER_cond=0.0000e+00 BER_cum=0.0000e+00
BER: SYNC #53 (gated)
CSV,770007,154000,53,52,0,26620,0,0.000000e+00,0.000000e+00,9247742.0,10557390.0,4155.7,34.05,0.58
CSV,775007,155000,53,52,0,26820,0,0.000000e+00,0.000000e+00,10667178.0,9663330.0,3931.1,34.34,0.43
CSV,780007,156000,53,52,0,27020,0,0.000000e+00,0.000000e+00,9616093.0,10406800.0,4073.8,34.07,0.34
BER: END_SEQ #53 [LOCK] seq_err=0 BER_seq=0.0000e+00 | lock=53 slip=0 BER_cond=0.0000e+00 BER_cum=0.0000e+00
BER: SYNC #54 (gated)
CSV,785007,157000,54,53,0,27143,0,0.000000e+00,0.000000e+00,9484310.0,10665841.0,4226.9,34.02,0.51
CSV,790007,158000,54,53,0,27343,0,0.000000e+00,0.000000e+00,10669437.0,9308762.0,3673.2,34.63,0.59
CSV,795007,159000,54,53,0,27543,0,0.000000e+00,0.000000e+00,9739454.0,10524929.0,3864.0,34.35,0.34
BER: END_SEQ #54 [LOCK] seq_err=0 BER_seq=0.0000e+00 | lock=54 slip=0 BER_cond=0.0000e+00 BER_cum=0.0000e+00
BER: SYNC #55 (gated)
CSV,800007,160000,55,54,0,27665,0,0.000000e+00,0.000000e+00,8860682.0,11046754.0,3852.2,34.58,0.96
CSV,805007,161000,55,54,0,27865,0,0.000000e+00,0.000000e+00,11266663.0,8949538.0,3819.4,34.70,1.00
CSV,810007,162000,55,54,0,28065,0,0.000000e+00,0.000000e+00,9475213.0,10573755.0,4067.7,34.15,0.48
BER: END_SEQ #55 [LOCK] seq_err=0 BER_seq=0.0000e+00 | lock=55 slip=0 BER_cond=0.0000e+00 BER_cum=0.0000e+00
BER: SYNC #56 (gated)
CSV,815007,163000,56,55,0,28188,0,0.000000e+00,0.000000e+00,9089188.0,10943991.0,4553.6,33.81,0.81
CSV,820007,164000,56,55,0,28388,0,0.000000e+00,0.000000e+00,10972428.0,9144860.0,3846.3,34.55,0.79
CSV,825007,165000,56,55,0,28588,0,0.000000e+00,0.000000e+00,9391786.0,10795270.0,3840.9,34.49,0.60
BER: END_SEQ #56 [LOCK] seq_err=0 BER_seq=0.0000e+00 | lock=56 slip=0 BER_cond=0.0000e+00 BER_cum=0.0000e+00
BER: SYNC #57 (gated)
CSV,830007,166000,57,56,0,28711,0,0.000000e+00,0.000000e+00,9345384.0,10720743.0,3611.0,34.73,0.60
CSV,835007,167000,57,56,0,28911,0,0.000000e+00,0.000000e+00,10826577.0,9280785.0,4332.6,33.98,0.67
CSV,840007,168000,57,56,0,29111,0,0.000000e+00,0.000000e+00,9497927.0,10562588.0,6862.9,31.87,0.46
BER: END_SEQ #57 [LOCK] seq_err=0 BER_seq=0.0000e+00 | lock=57 slip=0 BER_cond=0.0000e+00 BER_cum=0.0000e+00
BER: SYNC #58 (gated)
CSV,845007,169000,58,57,0,29234,0,0.000000e+00,0.000000e+00,9124802.0,10588963.0,6949.8,31.83,0.65
CSV,850007,170000,58,57,0,29434,0,0.000000e+00,0.000000e+00,10844104.0,9171655.0,7784.3,31.44,0.73
CSV,855007,171000,58,57,0,29633,0,0.000000e+00,0.000000e+00,9315137.0,10595348.0,10370.9,30.09,0.56
BER: END_SEQ #58 [LOCK] seq_err=0 BER_seq=0.0000e+00 | lock=58 slip=0 BER_cond=0.0000e+00 BER_cum=0.0000e+00
BER: SYNC #59 (gated)
CSV,860007,172000,59,58,0,29756,0,0.000000e+00,0.000000e+00,9679486.0,10359186.0,8309.7,30.96,0.29
CSV,865007,173000,59,58,0,29956,0,0.000000e+00,0.000000e+00,10472008.0,9395554.0,7542.9,31.42,0.47
BER: END_SEQ #59 [LOCK] seq_err=0 BER_seq=0.0000e+00 | lock=59 slip=0 BER_cond=0.0000e+00 BER_cum=0.0000e+00
CSV,870007,174000,59,59,0,30149,0,0.000000e+00,0.000000e+00,9325969.0,10791344.0,7745.8,31.44,0.63
BER: SYNC #60 (gated)
CSV,875007,175000,60,59,0,30279,0,0.000000e+00,0.000000e+00,10030429.0,9561796.0,11021.6,29.59,0.21
CSV,880007,176000,60,59,0,30479,0,0.000000e+00,0.000000e+00,10025514.0,10125467.0,7319.9,31.41,0.04
BER: END_SEQ #60 [LOCK] seq_err=0 BER_seq=0.0000e+00 | lock=60 slip=0 BER_cond=0.0000e+00 BER_cum=0.0000e+00
CSV,885007,177000,60,60,0,30660,0,0.000000e+00,0.000000e+00,9364819.0,10369425.0,7684.2,31.30,0.44
BER: SYNC #61 (gated)
CSV,890007,178000,61,60,0,30802,0,0.000000e+00,0.000000e+00,10592292.0,9582210.0,9261.9,30.58,0.44
CSV,895007,179000,61,60,0,31002,0,0.000000e+00,0.000000e+00,9645827.0,10066444.0,7487.7,31.29,0.19
BER: END_SEQ #61 [LOCK] seq_err=0 BER_seq=0.0000e+00 | lock=61 slip=0 BER_cond=0.0000e+00 BER_cum=0.0000e+00
CSV,900007,180000,61,61,0,31171,0,0.000000e+00,0.000000e+00,9416780.0,10669286.0,7460.9,31.55,0.54
BER: SYNC #62 (gated)
CSV,905007,181000,62,61,0,31324,0,0.000000e+00,0.000000e+00,10428958.0,9221058.0,7704.4,31.32,0.53
CSV,910007,182000,62,61,0,31524,0,0.000000e+00,0.000000e+00,9562448.0,10604277.0,7429.4,31.55,0.45
BER: END_SEQ #62 [LOCK] seq_err=0 BER_seq=0.0000e+00 | lock=62 slip=0 BER_cond=0.0000e+00 BER_cum=0.0000e+00
CSV,915007,183000,62,62,0,31682,0,0.000000e+00,0.000000e+00,9372012.0,10230195.0,7774.6,31.19,0.38
BER: SYNC #63 (gated)
CSV,920007,184000,63,62,0,31847,0,0.000000e+00,0.000000e+00,10755243.0,9449985.0,7758.9,31.42,0.56
CSV,925007,185000,63,62,0,32047,0,0.000000e+00,0.000000e+00,9375927.0,10354797.0,14932.2,28.41,0.43
BER: END_SEQ #63 [LOCK] seq_err=0 BER_seq=0.0000e+00 | lock=63 slip=0 BER_cond=0.0000e+00 BER_cum=0.0000e+00
CSV,930007,186000,63,63,0,32193,0,0.000000e+00,0.000000e+00,9496923.0,10648671.0,9421.1,30.53,0.50
BER: SYNC #64 (gated)
CSV,935007,187000,64,63,0,32370,0,0.000000e+00,0.000000e+00,10377604.0,9403207.0,11626.4,29.51,0.43
CSV,940007,188000,64,63,0,32570,0,0.000000e+00,0.000000e+00,9565800.0,10726997.0,5218.4,33.13,0.50
BER: END_SEQ #64 [LOCK] seq_err=0 BER_seq=0.0000e+00 | lock=64 slip=0 BER_cond=0.0000e+00 BER_cum=0.0000e+00
CSV,945007,189000,64,64,0,32704,0,0.000000e+00,0.000000e+00,9303096.0,10222232.0,7585.1,31.30,0.41
BER: SYNC #65 (gated)
CSV,950007,190000,65,64,0,32893,0,0.000000e+00,0.000000e+00,10834534.0,9429588.0,7695.0,31.49,0.60
CSV,955007,191000,65,64,0,33092,0,0.000000e+00,0.000000e+00,9522147.0,10214669.0,8109.0,31.00,0.30
BER: END_SEQ #65 [LOCK] seq_err=0 BER_seq=0.0000e+00 | lock=65 slip=0 BER_cond=0.0000e+00 BER_cum=0.0000e+00
BER: SYNC #66 (gated)
CSV,960007,192000,66,65,0,33215,0,0.000000e+00,0.000000e+00,9215502.0,10888078.0,7779.7,31.46,0.72
CSV,965007,193000,66,65,0,33415,0,0.000000e+00,0.000000e+00,10784017.0,8977406.0,7434.9,31.62,0.80
CSV,970007,194000,66,65,0,33615,0,0.000000e+00,0.000000e+00,9569308.0,10566418.0,33917.6,24.94,0.43
BER: END_SEQ #66 [LOCK] seq_err=0 BER_seq=0.0000e+00 | lock=66 slip=0 BER_cond=0.0000e+00 BER_cum=0.0000e+00
BER: SYNC #67 (gated)
CSV,975007,195000,67,66,0,33738,0,0.000000e+00,0.000000e+00,8975372.0,10624734.0,9483.0,30.49,0.73
CSV,980007,196000,67,66,0,33938,0,0.000000e+00,0.000000e+00,10860832.0,9519782.0,3790.6,34.57,0.57
CSV,985007,197000,67,66,0,34138,0,0.000000e+00,0.000000e+00,9446657.0,10196286.0,7750.8,31.19,0.33
BER: END_SEQ #67 [LOCK] seq_err=0 BER_seq=0.0000e+00 | lock=67 slip=0 BER_cond=0.0000e+00 BER_cum=0.0000e+00
BER: SYNC #68 (gated)
CSV,990007,198000,68,67,0,34261,0,0.000000e+00,0.000000e+00,9366003.0,10854837.0,7716.2,31.48,0.64
CSV,995007,199000,68,67,0,34461,0,0.000000e+00,0.000000e+00,10745020.0,8938945.0,7039.3,31.84,0.80
CSV,1000007,200000,68,67,0,34661,0,0.000000e+00,0.000000e+00,9709242.0,10537292.0,7460.9,31.50,0.36
BER: END_SEQ #68 [LOCK] seq_err=0 BER_seq=0.0000e+00 | lock=68 slip=0 BER_cond=0.0000e+00 BER_cum=0.0000e+00
BER: SYNC #69 (gated)
CSV,1005007,201000,69,68,0,34783,0,0.000000e+00,0.000000e+00,9120565.0,10405898.0,7427.1,31.46,0.57
CSV,1010007,202000,69,68,0,34983,0,0.000000e+00,0.000000e+00,10590860.0,9613827.0,6996.0,31.80,0.42
CSV,1015007,203000,69,68,0,35183,0,0.000000e+00,0.000000e+00,9568564.0,10153404.0,7851.2,31.12,0.26
BER: END_SEQ #69 [LOCK] seq_err=0 BER_seq=0.0000e+00 | lock=69 slip=0 BER_cond=0.0000e+00 BER_cum=0.0000e+00
BER: SYNC #70 (gated)
CSV,1020007,204000,70,69,0,35306,0,0.000000e+00,0.000000e+00,9556206.0,10604886.0,7970.1,31.24,0.45
CSV,1025007,205000,70,69,0,35506,0,0.000000e+00,0.000000e+00,10306305.0,9421511.0,11147.9,29.66,0.39
CSV,1030007,206000,70,69,0,35706,0,0.000000e+00,0.000000e+00,9703003.0,10289550.0,28600.7,25.56,0.25
BER: END_SEQ #70 [LOCK] seq_err=0 BER_seq=0.0000e+00 | lock=70 slip=0 BER_cond=0.0000e+00 BER_cum=0.0000e+00
BER: SYNC #71 (gated)
CSV,1035007,207000,71,70,0,35829,0,0.000000e+00,0.000000e+00,9260953.0,10283025.0,7984.7,31.10,0.45
CSV,1040007,208000,71,70,0,36029,0,0.000000e+00,0.000000e+00,10880880.0,9291174.0,7133.8,31.83,0.69
CSV,1045007,209000,71,70,0,36229,0,0.000000e+00,0.000000e+00,9471151.0,10272777.0,6993.2,31.67,0.35
BER: END_SEQ #71 [LOCK] seq_err=0 BER_seq=0.0000e+00 | lock=71 slip=0 BER_cond=0.0000e+00 BER_cum=0.0000e+00
BER: SYNC #72 (gated)
CSV,1050007,210000,72,71,0,36352,0,0.000000e+00,0.000000e+00,9065219.0,10947603.0,7992.1,31.37,0.82
CSV,1055007,211000,72,71,0,36551,0,0.000000e+00,0.000000e+00,11032619.0,8776181.0,7841.2,31.48,0.99
CSV,1060007,212000,72,71,0,36751,0,0.000000e+00,0.000000e+00,9640660.0,10481796.0,7521.2,31.44,0.36
BER: END_SEQ #72 [LOCK] seq_err=0 BER_seq=0.0000e+00 | lock=72 slip=0 BER_cond=0.0000e+00 BER_cum=0.0000e+00
BER: SYNC #73 (gated)
CSV,1065007,213000,73,72,0,36874,0,0.000000e+00,0.000000e+00,8914690.0,10887783.0,4161.8,34.18,0.87
CSV,1070007,214000,73,72,0,37074,0,0.000000e+00,0.000000e+00,11090670.0,9135948.0,3748.4,34.71,0.84
CSV,1075007,215000,73,72,0,37274,0,0.000000e+00,0.000000e+00,9258074.0,10604514.0,4583.8,33.64,0.59
BER: END_SEQ #73 [LOCK] seq_err=0 BER_seq=0.0000e+00 | lock=73 slip=0 BER_cond=0.0000e+00 BER_cum=0.0000e+00
BER: SYNC #74 (gated)
CSV,1080007,216000,74,73,0,37397,0,0.000000e+00,0.000000e+00,9241640.0,10718585.0,4660.3,33.62,0.64
CSV,1085007,217000,74,73,0,37597,0,0.000000e+00,0.000000e+00,10750354.0,9192997.0,4522.6,33.76,0.68
CSV,1090007,218000,74,73,0,37797,0,0.000000e+00,0.000000e+00,9567104.0,10557517.0,4374.2,33.83,0.43
BER: END_SEQ #74 [LOCK] seq_err=0 BER_seq=0.0000e+00 | lock=74 slip=0 BER_cond=0.0000e+00 BER_cum=0.0000e+00
BER: SYNC #75 (gated)
CSV,1095007,219000,75,74,0,37920,0,0.000000e+00,0.000000e+00,9098181.0,10816516.0,4022.9,34.30,0.75
CSV,1100007,220000,75,74,0,38120,0,0.000000e+00,0.000000e+00,10916722.0,9213439.0,4553.7,33.80,0.74
CSV,1105007,221000,75,74,0,38319,0,0.000000e+00,0.000000e+00,9373459.0,10718345.0,4345.5,33.92,0.58
BER: END_SEQ #75 [LOCK] seq_err=0 BER_seq=0.0000e+00 | lock=75 slip=0 BER_cond=0.0000e+00 BER_cum=0.0000e+00
BER: SYNC #76 (gated)
CSV,1110007,222000,76,75,0,38442,0,0.000000e+00,0.000000e+00,9419223.0,10418092.0,4642.6,33.51,0.44
CSV,1115007,223000,76,75,0,38642,0,0.000000e+00,0.000000e+00,10615340.0,9456608.0,4343.4,33.88,0.50
BER: END_SEQ #76 [LOCK] seq_err=0 BER_seq=0.0000e+00 | lock=76 slip=0 BER_cond=0.0000e+00 BER_cum=0.0000e+00
CSV,1120007,224000,76,76,0,38836,0,0.000000e+00,0.000000e+00,9204151.0,10829761.0,4294.9,34.02,0.71
BER: SYNC #77 (gated)
CSV,1125007,225000,77,76,0,38965,0,0.000000e+00,0.000000e+00,10254058.0,9880001.0,4207.3,33.87,0.16
CSV,1130007,226000,77,76,0,39165,0,0.000000e+00,0.000000e+00,9920172.0,10033930.0,4177.8,33.81,0.05
BER: END_SEQ #77 [LOCK] seq_err=0 BER_seq=0.0000e+00 | lock=77 slip=0 BER_cond=0.0000e+00 BER_cum=0.0000e+00
CSV,1135007,227000,77,77,0,39347,0,0.000000e+00,0.000000e+00,9425940.0,10703616.0,4468.8,33.79,0.55
BER: SYNC #78 (gated)
CSV,1140007,228000,78,77,0,39488,0,0.000000e+00,0.000000e+00,10341197.0,9404632.0,4548.7,33.57,0.41
CSV,1145007,229000,78,77,0,39688,0,0.000000e+00,0.000000e+00,9842092.0,10397566.0,4743.7,33.41,0.24
BER: END_SEQ #78 [LOCK] seq_err=0 BER_seq=0.0000e+00 | lock=78 slip=0 BER_cond=0.0000e+00 BER_cum=0.0000e+00
CSV,1150007,230000,78,78,0,39858,0,0.000000e+00,0.000000e+00,9261964.0,10664263.0,4032.4,34.22,0.61
BER: SYNC #79 (gated)
CSV,1155007,231000,79,78,0,40011,0,0.000000e+00,0.000000e+00,10695575.0,9571784.0,3464.1,34.90,0.48
CSV,1160007,232000,79,78,0,40210,0,0.000000e+00,0.000000e+00,9359469.0,10577952.0,4011.3,34.21,0.53
BER: END_SEQ #79 [LOCK] seq_err=0 BER_seq=0.0000e+00 | lock=79 slip=0 BER_cond=0.0000e+00 BER_cum=0.0000e+00
CSV,1165007,233000,79,79,0,40369,0,0.000000e+00,0.000000e+00,9564524.0,10414047.0,7365.7,31.50,0.37
BER: SYNC #80 (gated)
CSV,1170007,234000,80,79,0,40533,0,0.000000e+00,0.000000e+00,10594598.0,9128177.0,7768.8,31.35,0.65
CSV,1175007,235000,80,79,0,40733,0,0.000000e+00,0.000000e+00,9542259.0,10578390.0,7686.7,31.39,0.45
BER: END_SEQ #80 [LOCK] seq_err=0 BER_seq=0.0000e+00 | lock=80 slip=0 BER_cond=0.0000e+00 BER_cum=0.0000e+00
CSV,1180007,236000,80,80,0,40880,0,0.000000e+00,0.000000e+00,9262808.0,10346474.0,7473.1,31.41,0.48
BER: SYNC #81 (gated)
CSV,1185007,237000,81,80,0,41056,0,0.000000e+00,0.000000e+00,10602802.0,9560580.0,7650.2,31.42,0.45
CSV,1190007,238000,81,80,0,41256,0,0.000000e+00,0.000000e+00,9336359.0,10347343.0,7490.8,31.40,0.45
BER: END_SEQ #81 [LOCK] seq_err=0 BER_seq=0.0000e+00 | lock=81 slip=0 BER_cond=0.0000e+00 BER_cum=0.0000e+00
CSV,1195007,239000,81,81,0,41391,0,0.000000e+00,0.000000e+00,9581157.0,10395514.0,7219.9,31.58,0.35
BER: SYNC #82 (gated)
CSV,1200007,240000,82,81,0,41579,0,0.000000e+00,0.000000e+00,10505495.0,9264014.0,7608.8,31.40,0.55
CSV,1205007,241000,82,81,0,41779,0,0.000000e+00,0.000000e+00,9752861.0,10422866.0,7456.4,31.45,0.29
BER: END_SEQ #82 [LOCK] seq_err=0 BER_seq=0.0000e+00 | lock=82 slip=0 BER_cond=0.0000e+00 BER_cum=0.0000e+00
CSV,1210007,242000,82,82,0,41902,0,0.000000e+00,0.000000e+00,8927582.0,10668062.0,6580.8,32.10,0.77
BER: SYNC #83 (gated)
CSV,1215007,243000,83,82,0,42101,0,0.000000e+00,0.000000e+00,11034332.0,9280447.0,4347.1,34.05,0.75
CSV,1220007,244000,83,82,0,42301,0,0.000000e+00,0.000000e+00,9326943.0,10431784.0,4453.7,33.70,0.49
BER: END_SEQ #83 [LOCK] seq_err=0 BER_seq=0.0000e+00 | lock=83 slip=0 BER_cond=0.0000e+00 BER_cum=0.0000e+00
BER: SYNC #84 (gated)
CSV,1225007,245000,84,83,0,42424,0,0.000000e+00,0.000000e+00,9318878.0,10910725.0,5619.8,32.88,0.68
CSV,1230007,246000,84,83,0,42624,0,0.000000e+00,0.000000e+00,10594288.0,9250595.0,3683.2,34.59,0.59
CSV,1235007,247000,84,83,0,42824,0,0.000000e+00,0.000000e+00,9626694.0,10737143.0,3810.0,34.50,0.47
BER: END_SEQ #84 [LOCK] seq_err=0 BER_seq=0.0000e+00 | lock=84 slip=0 BER_cond=0.0000e+00 BER_cum=0.0000e+00
BER: SYNC #85 (gated)
CSV,1240007,248000,85,84,0,42947,0,0.000000e+00,0.000000e+00,9011369.0,10638737.0,3806.0,34.46,0.72
CSV,1245007,249000,85,84,0,43147,0,0.000000e+00,0.000000e+00,11126957.0,9198171.0,3744.6,34.73,0.83
CSV,1250007,250000,85,84,0,43347,0,0.000000e+00,0.000000e+00,9451589.0,10359574.0,4060.9,34.07,0.40
BER: END_SEQ #85 [LOCK] seq_err=0 BER_seq=0.0000e+00 | lock=85 slip=0 BER_cond=0.0000e+00 BER_cum=0.0000e+00
BER: SYNC #86 (gated)
CSV,1255007,251000,86,85,0,43470,0,0.000000e+00,0.000000e+00,9485583.0,10872294.0,6205.3,32.44,0.59
CSV,1260007,252000,86,85,0,43669,0,0.000000e+00,0.000000e+00,10264697.0,9541741.0,5748.6,32.52,0.32
CSV,1265007,253000,86,85,0,43869,0,0.000000e+00,0.000000e+00,9909282.0,10435866.0,5804.6,32.55,0.22
BER: END_SEQ #86 [LOCK] seq_err=0 BER_seq=0.0000e+00 | lock=86 slip=0 BER_cond=0.0000e+00 BER_cum=0.0000e+00
BER: SYNC #87 (gated)
CSV,1270007,254000,87,86,0,43992,0,0.000000e+00,0.000000e+00,9175217.0,10403988.0,6467.6,32.06,0.55
CSV,1275007,255000,87,86,0,44192,0,0.000000e+00,0.000000e+00,10535333.0,9722232.0,5480.6,32.84,0.35
CSV,1280007,256000,87,86,0,44392,0,0.000000e+00,0.000000e+00,9453544.0,10328857.0,4416.0,33.69,0.38
BER: END_SEQ #87 [LOCK] seq_err=0 BER_seq=0.0000e+00 | lock=87 slip=0 BER_cond=0.0000e+00 BER_cum=0.0000e+00
BER: SYNC #88 (gated)
CSV,1285007,257000,88,87,0,44515,0,0.000000e+00,0.000000e+00,9558198.0,10678168.0,5850.0,32.61,0.48
CSV,1290007,258000,88,87,0,44715,0,0.000000e+00,0.000000e+00,10723867.0,8936229.0,7084.2,31.80,0.79
CSV,1295007,259000,88,87,0,44915,0,0.000000e+00,0.000000e+00,9658437.0,10478090.0,7531.7,31.43,0.35
BER: END_SEQ #88 [LOCK] seq_err=0 BER_seq=0.0000e+00 | lock=88 slip=0 BER_cond=0.0000e+00 BER_cum=0.0000e+00
BER: SYNC #89 (gated)
CSV,1300007,260000,89,88,0,45038,0,0.000000e+00,0.000000e+00,8832776.0,10695679.0,7656.9,31.45,0.83
CSV,1305007,261000,89,88,0,45238,0,0.000000e+00,0.000000e+00,11096310.0,9034730.0,7882.5,31.49,0.89
CSV,1310007,262000,89,88,0,45437,0,0.000000e+00,0.000000e+00,9530977.0,10182480.0,7264.6,31.47,0.29
BER: END_SEQ #89 [LOCK] seq_err=0 BER_seq=0.0000e+00 | lock=89 slip=0 BER_cond=0.0000e+00 BER_cum=0.0000e+00
BER: SYNC #90 (gated)
CSV,1315007,263000,90,89,0,45560,0,0.000000e+00,0.000000e+00,9058013.0,10938404.0,7536.7,31.62,0.82
CSV,1320007,264000,90,89,0,45760,0,0.000000e+00,0.000000e+00,10910469.0,8811031.0,7552.2,31.60,0.93
CSV,1325007,265000,90,89,0,45960,0,0.000000e+00,0.000000e+00,9379257.0,10748706.0,7788.4,31.40,0.59
BER: END_SEQ #90 [LOCK] seq_err=0 BER_seq=0.0000e+00 | lock=90 slip=0 BER_cond=0.0000e+00 BER_cum=0.0000e+00
BER: SYNC #91 (gated)
CSV,1330007,266000,91,90,0,46083,0,0.000000e+00,0.000000e+00,9111255.0,10490655.0,7729.3,31.33,0.61
CSV,1335007,267000,91,90,0,46283,0,0.000000e+00,0.000000e+00,10849639.0,9216797.0,7374.4,31.68,0.71
CSV,1340007,268000,91,90,0,46483,0,0.000000e+00,0.000000e+00,9387472.0,10378437.0,7272.1,31.54,0.44
BER: END_SEQ #91 [LOCK] seq_err=0 BER_seq=0.0000e+00 | lock=91 slip=0 BER_cond=0.0000e+00 BER_cum=0.0000e+00
BER: SYNC #92 (gated)
CSV,1345007,269000,92,91,0,46606,0,0.000000e+00,0.000000e+00,9089533.0,10737504.0,7234.1,31.72,0.72
CSV,1350007,270000,92,91,0,46806,0,0.000000e+00,0.000000e+00,10799759.0,8955872.0,7771.0,31.43,0.81
CSV,1355007,271000,92,91,0,47006,0,0.000000e+00,0.000000e+00,9484854.0,10527016.0,7203.9,31.65,0.45
BER: END_SEQ #92 [LOCK] seq_err=0 BER_seq=0.0000e+00 | lock=92 slip=0 BER_cond=0.0000e+00 BER_cum=0.0000e+00
BER: SYNC #93 (gated)
CSV,1360007,272000,93,92,0,47128,0,0.000000e+00,0.000000e+00,9338216.0,10364258.0,7513.0,31.40,0.45
CSV,1365007,273000,93,92,0,47328,0,0.000000e+00,0.000000e+00,10729188.0,9256217.0,7603.8,31.50,0.64
BER: END_SEQ #93 [LOCK] seq_err=0 BER_seq=0.0000e+00 | lock=93 slip=0 BER_cond=0.0000e+00 BER_cum=0.0000e+00
CSV,1370007,274000,93,93,0,47523,0,0.000000e+00,0.000000e+00,9116617.0,10765754.0,7590.8,31.52,0.72
BER: SYNC #94 (gated)
CSV,1375007,275000,94,93,0,47651,0,0.000000e+00,0.000000e+00,10092498.0,9596188.0,7895.0,31.07,0.22
CSV,1380007,276000,94,93,0,47851,0,0.000000e+00,0.000000e+00,9928499.0,9933134.0,7374.6,31.29,0.00
BER: END_SEQ #94 [LOCK] seq_err=0 BER_seq=0.0000e+00 | lock=94 slip=0 BER_cond=0.0000e+00 BER_cum=0.0000e+00
CSV,1385007,277000,94,94,0,48034,0,0.000000e+00,0.000000e+00,9354779.0,10517185.0,7255.8,31.61,0.51
BER: SYNC #95 (gated)
CSV,1390007,278000,95,94,0,48174,0,0.000000e+00,0.000000e+00,10396594.0,9523887.0,7165.0,31.62,0.38
CSV,1395007,279000,95,94,0,48374,0,0.000000e+00,0.000000e+00,9771252.0,10042886.0,7911.2,31.04,0.12
BER: END_SEQ #95 [LOCK] seq_err=0 BER_seq=0.0000e+00 | lock=95 slip=0 BER_cond=0.0000e+00 BER_cum=0.0000e+00
CSV,1400007,280000,95,95,0,48545,0,0.000000e+00,0.000000e+00,9300341.0,10567629.0,7917.1,31.25,0.55
BER: SYNC #96 (gated)
CSV,1405007,281000,96,95,0,48697,0,0.000000e+00,0.000000e+00,10437132.0,9249245.0,7862.9,31.23,0.52
CSV,1410007,282000,96,95,0,48897,0,0.000000e+00,0.000000e+00,9467791.0,10493922.0,7367.4,31.54,0.45
BER: END_SEQ #96 [LOCK] seq_err=0 BER_seq=0.0000e+00 | lock=96 slip=0 BER_cond=0.0000e+00 BER_cum=0.0000e+00
CSV,1415007,283000,96,96,0,49056,0,0.000000e+00,0.000000e+00,9429519.0,10264978.0,7351.5,31.45,0.37
BER: SYNC #97 (gated)
CSV,1420007,284000,97,96,0,49219,0,0.000000e+00,0.000000e+00,10717676.0,9311825.0,7884.1,31.33,0.61
CSV,1425007,285000,97,96,0,49419,0,0.000000e+00,0.000000e+00,9376326.0,10329372.0,7598.1,31.33,0.42
BER: END_SEQ #97 [LOCK] seq_err=0 BER_seq=0.0000e+00 | lock=97 slip=0 BER_cond=0.0000e+00 BER_cum=0.0000e+00
CSV,1430007,286000,97,97,0,49567,0,0.000000e+00,0.000000e+00,9340927.0,10449677.0,7554.8,31.41,0.49
BER: SYNC #98 (gated)
CSV,1435007,287000,98,97,0,49742,0,0.000000e+00,0.000000e+00,10414860.0,9310519.0,7529.5,31.41,0.49
CSV,1440007,288000,98,97,0,49942,0,0.000000e+00,0.000000e+00,9445083.0,10573549.0,7413.6,31.54,0.49
BER: END_SEQ #98 [LOCK] seq_err=0 BER_seq=0.0000e+00 | lock=98 slip=0 BER_cond=0.0000e+00 BER_cum=0.0000e+00
CSV,1445007,289000,98,98,0,50078,0,0.000000e+00,0.000000e+00,9446869.0,10134534.0,7937.9,31.06,0.31
BER: SYNC #99 (gated)
CSV,1450007,290000,99,98,0,50265,0,0.000000e+00,0.000000e+00,10651233.0,9440141.0,7565.5,31.49,0.52
CSV,1455007,291000,99,98,0,50465,0,0.000000e+00,0.000000e+00,9512569.0,10124427.0,7797.5,31.13,0.27
BER: END_SEQ #99 [LOCK] seq_err=0 BER_seq=0.0000e+00 | lock=99 slip=0 BER_cond=0.0000e+00 BER_cum=0.0000e+00
CSV,1460007,292000,99,99,0,50589,0,0.000000e+00,0.000000e+00,9123663.0,10759736.0,8188.3,31.19,0.72
BER: SYNC #100 (gated)
CSV,1465007,293000,100,99,0,50787,0,0.000000e+00,0.000000e+00,10784234.0,8909957.0,7711.1,31.46,0.83
CSV,1470007,294000,100,99,0,50987,0,0.000000e+00,0.000000e+00,9518002.0,10516307.0,7750.1,31.33,0.43
BER: END_SEQ #100 [LOCK] seq_err=0 BER_seq=0.0000e+00 | lock=100 slip=0 BER_cond=0.0000e+00 BER_cum=0.0000e+00
BER: SYNC #101 (gated)
CSV,1475007,295000,101,100,0,51110,0,0.000000e+00,0.000000e+00,9014798.0,10421635.0,7648.0,31.34,0.63
CSV,1480007,296000,101,100,0,51310,0,0.000000e+00,0.000000e+00,10739223.0,9380253.0,7535.4,31.54,0.59
CSV,1485007,297000,101,100,0,51510,0,0.000000e+00,0.000000e+00,9340482.0,10247866.0,7995.2,31.08,0.40
BER: END_SEQ #101 [LOCK] seq_err=0 BER_seq=0.0000e+00 | lock=101 slip=0 BER_cond=0.0000e+00 BER_cum=0.0000e+00
BER: SYNC #102 (gated)
CSV,1490007,298000,102,101,0,51633,0,0.000000e+00,0.000000e+00,9301447.0,10742342.0,8503.7,31.01,0.63
CSV,1495007,299000,102,101,0,51833,0,0.000000e+00,0.000000e+00,10744017.0,8916478.0,7582.4,31.51,0.81
CSV,1500007,300000,102,101,0,52033,0,0.000000e+00,0.000000e+00,9751047.0,10443139.0,4312.7,33.84,0.30
BER: END_SEQ #102 [LOCK] seq_err=0 BER_seq=0.0000e+00 | lock=102 slip=0 BER_cond=0.0000e+00 BER_cum=0.0000e+00

=========================================
=== END OF TEST (duration=25 min) ===
=========================================
FINAL: syncs=102 lock=102 slip=0 slip_rate=0.0000
FINAL: bits_cum=52122 err_cum=0 BER_cum=0.0000e+00
FINAL: bits_lock=52122 err_lock=0 BER_cond=0.0000e+00
=========================================
=== STOP LOGGING NOW ===
=========================================
