

=== RX BOOT - BER TEST MODE ===
BPS_MODE=20 (HALF_SAMPLES=2000, 10000 samples/bit @ 200000 Hz)
Expect: 64-bit preamble + Barker13 (1F35h, gated by 8 preamble bits = 0x55) + 511-bit PRBS-9
Noise floor band: 5000 Hz; lock threshold: BER<0.10
Auto-stop: test will halt 25 min after the first sync.
RX: edge-tracking sync, center-3 voting
Starting decoder...

CSV,5010,500,0,0,0,0,0,0.000000e+00,0.000000e+00,1291462272.0,1328864000.0,23432.5,47.54,0.12
BER: SYNC #1 (gated)
CSV,10010,1000,1,0,0,82,0,0.000000e+00,0.000000e+00,1260608128.0,1444517120.0,23088.6,47.96,0.59
CSV,15010,1500,1,0,0,182,0,0.000000e+00,0.000000e+00,1549673344.0,1159338240.0,22131.0,48.45,1.26
CSV,20010,2000,1,0,0,282,0,0.000000e+00,0.000000e+00,1372566272.0,1245144960.0,19300.1,48.52,0.42
CSV,25010,2500,1,0,0,382,0,0.000000e+00,0.000000e+00,1121830144.0,1514996352.0,22498.1,48.28,1.30
CSV,30010,3000,1,0,0,482,0,0.000000e+00,0.000000e+00,1367066240.0,1346155136.0,22581.5,47.82,0.07
BER: END_SEQ #1 [LOCK] seq_err=0 BER_seq=0.0000e+00 | lock=1 slip=0 BER_cond=0.0000e+00 BER_cum=0.0000e+00
CSV,35010,3500,1,1,0,511,0,0.000000e+00,0.000000e+00,1125636992.0,1474706048.0,23448.9,47.99,1.17
BER: SYNC #2 (gated)
CSV,40010,4000,2,1,0,605,0,0.000000e+00,0.000000e+00,1272147968.0,1342031744.0,20685.2,48.12,0.23
CSV,45010,4500,2,1,0,705,0,0.000000e+00,0.000000e+00,1587401984.0,1064219776.0,21277.8,48.73,1.74
CSV,50010,5000,2,1,0,805,0,0.000000e+00,0.000000e+00,1283166976.0,1412079872.0,18822.4,48.75,0.42
CSV,55010,5500,2,1,0,904,0,0.000000e+00,0.000000e+00,1233038208.0,1372967808.0,19689.7,48.43,0.47
CSV,60010,6000,2,1,0,1004,0,0.000000e+00,0.000000e+00,1238701184.0,1372608512.0,22749.7,47.81,0.45
BER: END_SEQ #2 [LOCK] seq_err=0 BER_seq=0.0000e+00 | lock=2 slip=0 BER_cond=0.0000e+00 BER_cum=0.0000e+00
BER: SYNC #3 (gated)
CSV,65010,6500,3,2,0,1027,0,0.000000e+00,0.000000e+00,1191376128.0,1474105600.0,26698.1,47.42,0.92
CSV,70010,7000,3,2,0,1127,0,0.000000e+00,0.000000e+00,1222326144.0,1421564544.0,21427.9,48.22,0.66
CSV,75010,7500,3,2,0,1227,0,0.000000e+00,0.000000e+00,1563796736.0,1019770880.0,18800.4,49.20,1.86
CSV,80010,8000,3,2,0,1327,0,0.000000e+00,0.000000e+00,1264489984.0,1358190464.0,21229.0,48.06,0.31
CSV,85010,8500,3,2,0,1427,0,0.000000e+00,0.000000e+00,1233175552.0,1447510912.0,21140.0,48.36,0.70
CSV,90010,9000,3,2,0,1527,0,0.000000e+00,0.000000e+00,1244731008.0,1373066240.0,18582.7,48.69,0.43
BER: END_SEQ #3 [LOCK] seq_err=0 BER_seq=0.0000e+00 | lock=3 slip=0 BER_cond=0.0000e+00 BER_cum=0.0000e+00
BER: SYNC #4 (gated)
CSV,95010,9500,4,3,0,1550,0,0.000000e+00,0.000000e+00,1102401408.0,1423657984.0,23081.0,47.90,1.11
CSV,100010,10000,4,3,0,1650,0,0.000000e+00,0.000000e+00,1340948736.0,1310739712.0,23078.8,47.64,0.10
CSV,105010,10500,4,3,0,1750,0,0.000000e+00,0.000000e+00,1499651328.0,1146717312.0,19673.9,48.82,1.17
CSV,110010,11000,4,3,0,1850,0,0.000000e+00,0.000000e+00,1269328000.0,1308331392.0,22232.4,47.70,0.13
CSV,115010,11500,4,3,0,1950,0,0.000000e+00,0.000000e+00,1235086976.0,1359571456.0,23331.6,47.65,0.42
BER: END_SEQ #4 [LOCK] seq_err=0 BER_seq=0.0000e+00 | lock=4 slip=0 BER_cond=0.0000e+00 BER_cum=0.0000e+00
CSV,120010,12000,4,4,0,2044,0,0.000000e+00,0.000000e+00,1169514112.0,1503910656.0,20645.8,48.62,1.09
BER: SYNC #5 (gated)
CSV,125010,12500,5,4,0,2073,0,0.000000e+00,0.000000e+00,1187034240.0,1381282688.0,23269.0,47.74,0.66
CSV,130010,13000,5,4,0,2173,0,0.000000e+00,0.000000e+00,1436899328.0,1133060864.0,19679.2,48.63,1.03
CSV,135010,13500,5,4,0,2273,0,0.000000e+00,0.000000e+00,1325295488.0,1292225408.0,19321.0,48.36,0.11
CSV,140010,14000,5,4,0,2373,0,0.000000e+00,0.000000e+00,1288226176.0,1363005056.0,19671.3,48.41,0.25
CSV,145010,14500,5,4,0,2472,0,0.000000e+00,0.000000e+00,1244543232.0,1322195584.0,21943.5,47.80,0.26
BER: END_SEQ #5 [LOCK] seq_err=0 BER_seq=0.0000e+00 | lock=5 slip=0 BER_cond=0.0000e+00 BER_cum=0.0000e+00
CSV,150010,15000,5,5,0,2555,0,0.000000e+00,0.000000e+00,1142324864.0,1427651328.0,23625.2,47.81,0.97
BER: SYNC #6 (gated)
CSV,155010,15500,6,5,0,2595,0,0.000000e+00,0.000000e+00,1273648768.0,1350064896.0,23393.8,47.61,0.25
CSV,160010,16000,6,5,0,2695,0,0.000000e+00,0.000000e+00,1445688320.0,1160135936.0,21551.9,48.27,0.96
CSV,165010,16500,6,5,0,2795,0,0.000000e+00,0.000000e+00,1216022912.0,1330735488.0,21134.9,47.99,0.39
CSV,170010,17000,6,5,0,2895,0,0.000000e+00,0.000000e+00,1287118720.0,1311346432.0,18803.2,48.43,0.08
CSV,175010,17500,6,5,0,2995,0,0.000000e+00,0.000000e+00,1232519552.0,1410863232.0,20215.7,48.44,0.59
BER: END_SEQ #6 [LOCK] seq_err=0 BER_seq=0.0000e+00 | lock=6 slip=0 BER_cond=0.0000e+00 BER_cum=0.0000e+00
CSV,180010,18000,6,6,0,3066,0,0.000000e+00,0.000000e+00,1181282176.0,1360228864.0,22456.0,47.82,0.61
BER: SYNC #7 (gated)
CSV,185010,18500,7,6,0,3118,0,0.000000e+00,0.000000e+00,1206482048.0,1314466304.0,21478.1,47.87,0.37
CSV,190010,19000,7,6,0,3218,0,0.000000e+00,0.000000e+00,1503489920.0,1120971776.0,17071.7,49.45,1.28
CSV,195010,19500,7,6,0,3318,0,0.000000e+00,0.000000e+00,1217934336.0,1383814528.0,21095.0,48.17,0.55
CSV,200010,20000,7,6,0,3418,0,0.000000e+00,0.000000e+00,1202371456.0,1347267968.0,18973.2,48.51,0.49
CSV,205010,20500,7,6,0,3518,0,0.000000e+00,0.000000e+00,1267755264.0,1292898048.0,23880.4,47.34,0.09
BER: END_SEQ #7 [LOCK] seq_err=0 BER_seq=0.0000e+00 | lock=7 slip=0 BER_cond=0.0000e+00 BER_cum=0.0000e+00
CSV,210010,21000,7,7,0,3577,0,0.000000e+00,0.000000e+00,1193542912.0,1433000832.0,26184.0,47.38,0.79
BER: SYNC #8 (gated)
CSV,215010,21500,8,7,0,3641,0,0.000000e+00,0.000000e+00,1162515584.0,1401298048.0,24100.5,47.65,0.81
CSV,220010,22000,8,7,0,3741,0,0.000000e+00,0.000000e+00,1547276800.0,983249472.0,21077.6,48.66,1.97
CSV,225010,22500,8,7,0,3841,0,0.000000e+00,0.000000e+00,1256847744.0,1334073088.0,20434.4,48.15,0.26
CSV,230010,23000,8,7,0,3941,0,0.000000e+00,0.000000e+00,1187104512.0,1420885504.0,21006.2,48.30,0.78
CSV,235010,23500,8,7,0,4040,0,0.000000e+00,0.000000e+00,1225376000.0,1303493120.0,20116.9,48.12,0.27
BER: END_SEQ #8 [LOCK] seq_err=0 BER_seq=0.0000e+00 | lock=8 slip=0 BER_cond=0.0000e+00 BER_cum=0.0000e+00
CSV,240010,24000,8,8,0,4088,0,0.000000e+00,0.000000e+00,1131235712.0,1374081792.0,24934.9,47.41,0.84
BER: SYNC #9 (gated)
CSV,245010,24500,9,8,0,4163,0,0.000000e+00,0.000000e+00,1195064448.0,1421363584.0,22551.4,48.00,0.75
CSV,250010,25000,9,8,0,4263,0,0.000000e+00,0.000000e+00,1505474560.0,1051762240.0,20063.6,48.75,1.56
CSV,255010,25500,9,8,0,4363,0,0.000000e+00,0.000000e+00,1290243968.0,1224106752.0,21000.0,47.88,0.23
CSV,260010,26000,9,8,0,4463,0,0.000000e+00,0.000000e+00,1083952000.0,1479701632.0,22120.8,48.25,1.35
CSV,265010,26500,9,8,0,4563,0,0.000000e+00,0.000000e+00,1326901120.0,1276419456.0,22464.7,47.71,0.17
BER: END_SEQ #9 [LOCK] seq_err=0 BER_seq=0.0000e+00 | lock=9 slip=0 BER_cond=0.0000e+00 BER_cum=0.0000e+00
CSV,270010,27000,9,9,0,4599,0,0.000000e+00,0.000000e+00,1088423808.0,1379635072.0,24024.3,47.59,1.03
BER: SYNC #10 (gated)
CSV,275010,27500,10,9,0,4686,0,0.000000e+00,0.000000e+00,1200318720.0,1330161024.0,21596.5,47.90,0.45
CSV,280010,28000,10,9,0,4786,0,0.000000e+00,0.000000e+00,1495154304.0,1095865600.0,19083.8,48.94,1.35
CSV,285010,28500,10,9,0,4886,0,0.000000e+00,0.000000e+00,1244286336.0,1320014848.0,22036.2,47.77,0.26
CSV,290010,29000,10,9,0,4986,0,0.000000e+00,0.000000e+00,1187563392.0,1313942016.0,22235.8,47.72,0.44
CSV,295010,29500,10,9,0,5086,0,0.000000e+00,0.000000e+00,1207675520.0,1326110336.0,21247.1,47.95,0.41
BER: END_SEQ #10 [LOCK] seq_err=0 BER_seq=0.0000e+00 | lock=10 slip=0 BER_cond=0.0000e+00 BER_cum=0.0000e+00
CSV,300010,30000,10,10,0,5110,0,0.000000e+00,0.000000e+00,1119212800.0,1472941440.0,21472.9,48.36,1.19
BER: SYNC #11 (gated)
CSV,305010,30500,11,10,0,5209,0,0.000000e+00,0.000000e+00,1227373440.0,1298479872.0,20725.9,47.97,0.24
CSV,310010,31000,11,10,0,5309,0,0.000000e+00,0.000000e+00,1497283712.0,1005540032.0,20160.1,48.71,1.73
CSV,315010,31500,11,10,0,5409,0,0.000000e+00,0.000000e+00,1245400576.0,1320432896.0,21745.9,47.83,0.25
CSV,320010,32000,11,10,0,5509,0,0.000000e+00,0.000000e+00,1164651136.0,1395758464.0,22602.6,47.91,0.79
CSV,325010,32500,11,10,0,5608,0,0.000000e+00,0.000000e+00,1185938176.0,1317925760.0,19492.7,48.30,0.46
BER: END_SEQ #11 [LOCK] seq_err=0 BER_seq=0.0000e+00 | lock=11 slip=0 BER_cond=0.0000e+00 BER_cum=0.0000e+00
BER: SYNC #12 (gated)
CSV,330010,33000,12,11,0,5631,0,0.000000e+00,0.000000e+00,1090921344.0,1371834112.0,23029.9,47.75,1.00
CSV,335010,33500,12,11,0,5731,0,0.000000e+00,0.000000e+00,1274989312.0,1310975488.0,22105.1,47.73,0.12
CSV,340010,34000,12,11,0,5831,0,0.000000e+00,0.000000e+00,1427945344.0,1093019904.0,21413.3,48.24,1.16
CSV,345010,34500,12,11,0,5931,0,0.000000e+00,0.000000e+00,1237173120.0,1246906240.0,20756.6,47.79,0.03
CSV,350010,35000,12,11,0,6031,0,0.000000e+00,0.000000e+00,1126845696.0,1407638784.0,21479.2,48.16,0.97
CSV,355010,35500,12,11,0,6131,0,0.000000e+00,0.000000e+00,1200708736.0,1379102208.0,20378.5,48.30,0.60
BER: END_SEQ #12 [LOCK] seq_err=0 BER_seq=0.0000e+00 | lock=12 slip=0 BER_cond=0.0000e+00 BER_cum=0.0000e+00
BER: SYNC #13 (gated)
CSV,360010,36000,13,12,0,6154,0,0.000000e+00,0.000000e+00,1101709568.0,1334319232.0,22958.6,47.64,0.83
CSV,365010,36500,13,12,0,6254,0,0.000000e+00,0.000000e+00,1320895232.0,1165517824.0,24852.2,47.26,0.54
CSV,370010,37000,13,12,0,6354,0,0.000000e+00,0.000000e+00,1426758528.0,1140934528.0,23452.3,47.84,0.97
CSV,375010,37500,13,12,0,6454,0,0.000000e+00,0.000000e+00,1223182592.0,1305695872.0,21142.0,47.91,0.28
CSV,380010,38000,13,12,0,6554,0,0.000000e+00,0.000000e+00,1164120192.0,1308066432.0,23849.0,47.39,0.51
BER: END_SEQ #13 [LOCK] seq_err=0 BER_seq=0.0000e+00 | lock=13 slip=0 BER_cond=0.0000e+00 BER_cum=0.0000e+00
CSV,385010,38500,13,13,0,6643,0,0.000000e+00,0.000000e+00,1114717952.0,1398815488.0,21948.5,48.04,0.99
BER: SYNC #14 (gated)
CSV,390010,39000,14,13,0,6677,0,0.000000e+00,0.000000e+00,1220262016.0,1341960832.0,22671.7,47.72,0.41
CSV,395010,39500,14,13,0,6777,0,0.000000e+00,0.000000e+00,1383854464.0,1103362944.0,21311.1,48.12,0.98
CSV,400010,40000,14,13,0,6877,0,0.000000e+00,0.000000e+00,1195990656.0,1273545728.0,22275.3,47.57,0.27
CSV,405010,40500,14,13,0,6977,0,0.000000e+00,0.000000e+00,1207943040.0,1332446848.0,20246.3,48.18,0.43
CSV,410010,41000,14,13,0,7077,0,0.000000e+00,0.000000e+00,1251367552.0,1274427648.0,21977.8,47.63,0.08
BER: END_SEQ #14 [LOCK] seq_err=0 BER_seq=0.0000e+00 | lock=14 slip=0 BER_cond=0.0000e+00 BER_cum=0.0000e+00
CSV,415010,41500,14,14,0,7154,0,0.000000e+00,0.000000e+00,1108978688.0,1344700800.0,23443.4,47.59,0.84
BER: SYNC #15 (gated)
CSV,420010,42000,15,14,0,7199,0,0.000000e+00,0.000000e+00,1163385088.0,1284988032.0,19664.5,48.15,0.43
CSV,425010,42500,15,14,0,7299,0,0.000000e+00,0.000000e+00,1465984128.0,1087684096.0,24427.9,47.78,1.30
CSV,430010,43000,15,14,0,7399,0,0.000000e+00,0.000000e+00,1154857600.0,1321966720.0,20640.8,48.06,0.59
CSV,435010,43500,15,14,0,7499,0,0.000000e+00,0.000000e+00,1195905664.0,1270107776.0,21434.3,47.73,0.26
CSV,440010,44000,15,14,0,7599,0,0.000000e+00,0.000000e+00,1163259136.0,1344294016.0,20307.5,48.21,0.63
BER: END_SEQ #15 [LOCK] seq_err=0 BER_seq=0.0000e+00 | lock=15 slip=0 BER_cond=0.0000e+00 BER_cum=0.0000e+00
CSV,445010,44500,15,15,0,7665,0,0.000000e+00,0.000000e+00,1182302464.0,1331464320.0,20367.3,48.15,0.52
BER: SYNC #16 (gated)
CSV,450010,45000,16,15,0,7722,0,0.000000e+00,0.000000e+00,1144162816.0,1298141184.0,21475.5,47.81,0.55
CSV,455010,45500,16,15,0,7822,0,0.000000e+00,0.000000e+00,1437355776.0,1026048384.0,20957.6,48.36,1.46
CSV,460010,46000,16,15,0,7922,0,0.000000e+00,0.000000e+00,1257048320.0,1282327296.0,20543.4,47.95,0.09
CSV,465010,46500,16,15,0,8022,0,0.000000e+00,0.000000e+00,1102500736.0,1389379456.0,19974.4,48.42,1.00
CSV,470010,47000,16,15,0,8122,0,0.000000e+00,0.000000e+00,1249444864.0,1189963776.0,18520.0,48.29,0.21
BER: END_SEQ #16 [LOCK] seq_err=0 BER_seq=0.0000e+00 | lock=16 slip=0 BER_cond=0.0000e+00 BER_cum=0.0000e+00
CSV,475010,47500,16,16,0,8176,0,0.000000e+00,0.000000e+00,1077097728.0,1397964416.0,21429.1,48.14,1.13
BER: SYNC #17 (gated)
CSV,480010,48000,17,16,0,8245,0,0.000000e+00,0.000000e+00,1151849600.0,1382570496.0,20178.0,48.36,0.79
CSV,485010,48500,17,16,0,8345,0,0.000000e+00,0.000000e+00,1468089344.0,986394944.0,19810.6,48.70,1.73
CSV,490010,49000,17,16,0,8445,0,0.000000e+00,0.000000e+00,1234569472.0,1206750976.0,22865.9,47.32,0.10
CSV,495010,49500,17,16,0,8545,0,0.000000e+00,0.000000e+00,1120436864.0,1401744896.0,21347.4,48.17,0.97
CSV,500010,50000,17,16,0,8645,0,0.000000e+00,0.000000e+00,1260554624.0,1235722496.0,19958.9,48.00,0.09
BER: END_SEQ #17 [LOCK] seq_err=0 BER_seq=0.0000e+00 | lock=17 slip=0 BER_cond=0.0000e+00 BER_cum=0.0000e+00
CSV,505010,50500,17,17,0,8687,0,0.000000e+00,0.000000e+00,1026598784.0,1359204736.0,22538.8,47.80,1.22
BER: SYNC #18 (gated)
CSV,510010,51000,18,17,0,8767,0,0.000000e+00,0.000000e+00,1139856640.0,1328311680.0,20127.6,48.20,0.66
CSV,515010,51500,18,17,0,8867,0,0.000000e+00,0.000000e+00,1433748480.0,1090574336.0,20102.6,48.53,1.19
CSV,520010,52000,18,17,0,8967,0,0.000000e+00,0.000000e+00,1307071232.0,1141580288.0,21084.7,47.92,0.59
CSV,525010,52500,18,17,0,9067,0,0.000000e+00,0.000000e+00,1008853888.0,1423934336.0,20409.8,48.44,1.50
CSV,530010,53000,18,17,0,9167,0,0.000000e+00,0.000000e+00,1249569664.0,1239441152.0,20565.2,47.84,0.04
BER: END_SEQ #18 [LOCK] seq_err=0 BER_seq=0.0000e+00 | lock=18 slip=0 BER_cond=0.0000e+00 BER_cum=0.0000e+00
CSV,535010,53500,18,18,0,9198,0,0.000000e+00,0.000000e+00,1068139584.0,1398730368.0,21412.6,48.15,1.17
BER: SYNC #19 (gated)
CSV,540010,54000,19,18,0,9290,0,0.000000e+00,0.000000e+00,1217017600.0,1218150144.0,19978.2,47.85,0.00
CSV,545010,54500,19,18,0,9390,0,0.000000e+00,0.000000e+00,1422482304.0,1015582208.0,23157.9,47.88,1.46
CSV,550010,55000,19,18,0,9490,0,0.000000e+00,0.000000e+00,1216901376.0,1294485248.0,21997.4,47.70,0.27
CSV,555010,55500,19,18,0,9590,0,0.000000e+00,0.000000e+00,1150464256.0,1301638400.0,21572.2,47.81,0.54
CSV,560010,56000,19,18,0,9690,0,0.000000e+00,0.000000e+00,1148767616.0,1276835840.0,19712.4,48.11,0.46
BER: END_SEQ #19 [LOCK] seq_err=0 BER_seq=0.0000e+00 | lock=19 slip=0 BER_cond=0.0000e+00 BER_cum=0.0000e+00
BER: SYNC #20 (gated)
CSV,565010,56500,20,19,0,9713,0,0.000000e+00,0.000000e+00,1081127168.0,1349948928.0,22843.5,47.72,0.96
CSV,570010,57000,20,19,0,9813,0,0.000000e+00,0.000000e+00,1156597120.0,1345638656.0,21363.1,47.99,0.66
CSV,575010,57500,20,19,0,9913,0,0.000000e+00,0.000000e+00,1477247360.0,936397632.0,24349.4,47.83,1.98
CSV,580010,58000,20,19,0,10013,0,0.000000e+00,0.000000e+00,1150657024.0,1278160128.0,20391.7,47.97,0.46
CSV,585010,58500,20,19,0,10113,0,0.000000e+00,0.000000e+00,1161069440.0,1332395904.0,21744.1,47.87,0.60
CSV,590010,59000,20,19,0,10213,0,0.000000e+00,0.000000e+00,1171692416.0,1298683904.0,18418.3,48.48,0.45
BER: END_SEQ #20 [LOCK] seq_err=0 BER_seq=0.0000e+00 | lock=20 slip=0 BER_cond=0.0000e+00 BER_cum=0.0000e+00
BER: SYNC #21 (gated)
CSV,595010,59500,21,20,0,10235,0,0.000000e+00,0.000000e+00,986366784.0,1371305728.0,25085.5,47.38,1.43
CSV,600010,60000,21,20,0,10335,0,0.000000e+00,0.000000e+00,1256858240.0,1183214208.0,21312.0,47.71,0.26
CSV,605010,60500,21,20,0,10435,0,0.000000e+00,0.000000e+00,1392110976.0,1106418176.0,20233.5,48.38,1.00
CSV,610010,61000,21,20,0,10535,0,0.000000e+00,0.000000e+00,1216977408.0,1205768448.0,20438.0,47.75,0.04
CSV,615010,61500,21,20,0,10635,0,0.000000e+00,0.000000e+00,1113253248.0,1299057408.0,20783.8,47.96,0.67
BER: END_SEQ #21 [LOCK] seq_err=0 BER_seq=0.0000e+00 | lock=21 slip=0 BER_cond=0.0000e+00 BER_cum=0.0000e+00
CSV,620010,62000,21,21,0,10731,0,0.000000e+00,0.000000e+00,1096914432.0,1373636096.0,19359.0,48.51,0.98
BER: SYNC #22 (gated)
CSV,625010,62500,22,21,0,10758,0,0.000000e+00,0.000000e+00,1111901952.0,1339279360.0,20798.9,48.09,0.81
CSV,630010,63000,22,21,0,10858,0,0.000000e+00,0.000000e+00,1338560768.0,1062511616.0,20541.6,48.14,1.00
CSV,635010,63500,22,21,0,10958,0,0.000000e+00,0.000000e+00,1255477248.0,1156269184.0,20037.3,47.97,0.36
CSV,640010,64000,22,21,0,11058,0,0.000000e+00,0.000000e+00,1182501760.0,1307556224.0,19113.2,48.35,0.44
CSV,645010,64500,22,21,0,11158,0,0.000000e+00,0.000000e+00,1154950528.0,1259843328.0,19800.4,48.04,0.38
BER: END_SEQ #22 [LOCK] seq_err=0 BER_seq=0.0000e+00 | lock=22 slip=0 BER_cond=0.0000e+00 BER_cum=0.0000e+00
CSV,650010,65000,22,22,0,11242,0,0.000000e+00,0.000000e+00,1079925632.0,1310754432.0,20164.2,48.13,0.84
BER: SYNC #23 (gated)
CSV,655010,65500,23,22,0,11281,0,0.000000e+00,0.000000e+00,1162857856.0,1242168064.0,20980.5,47.72,0.29
CSV,660010,66000,23,22,0,11381,0,0.000000e+00,0.000000e+00,1367552512.0,1101996928.0,18654.8,48.65,0.94
CSV,665010,66500,23,22,0,11481,0,0.000000e+00,0.000000e+00,1134852864.0,1251461248.0,20657.7,47.82,0.42
CSV,670010,67000,23,22,0,11581,0,0.000000e+00,0.000000e+00,1211017344.0,1192151168.0,18956.6,48.05,0.07
CSV,675010,67500,23,22,0,11681,0,0.000000e+00,0.000000e+00,1143251328.0,1323862912.0,19339.6,48.35,0.64
BER: END_SEQ #23 [LOCK] seq_err=0 BER_seq=0.0000e+00 | lock=23 slip=0 BER_cond=0.0000e+00 BER_cum=0.0000e+00
CSV,680010,68000,23,23,0,11753,0,0.000000e+00,0.000000e+00,1093342592.0,1315587328.0,23151.4,47.55,0.80
BER: SYNC #24 (gated)
CSV,685010,68500,24,23,0,11803,0,0.000000e+00,0.000000e+00,1111522432.0,1236863104.0,19851.6,47.95,0.46
CSV,690010,69000,24,23,0,11903,0,0.000000e+00,0.000000e+00,1391831552.0,1023828480.0,18474.0,48.77,1.33
CSV,695010,69500,24,23,0,12003,0,0.000000e+00,0.000000e+00,1148459136.0,1316126464.0,21314.4,47.91,0.59
CSV,700010,70000,24,23,0,12103,0,0.000000e+00,0.000000e+00,1158797184.0,1236330496.0,20935.6,47.71,0.28
CSV,705010,70500,24,23,0,12203,0,0.000000e+00,0.000000e+00,1139174528.0,1235830400.0,20429.4,47.82,0.35
BER: END_SEQ #24 [LOCK] seq_err=0 BER_seq=0.0000e+00 | lock=24 slip=0 BER_cond=0.0000e+00 BER_cum=0.0000e+00
CSV,710010,71000,24,24,0,12264,0,0.000000e+00,0.000000e+00,1121526912.0,1327514496.0,20538.0,48.10,0.73
BER: SYNC #25 (gated)
CSV,715010,71500,25,24,0,12326,0,0.000000e+00,0.000000e+00,1128939008.0,1300560128.0,21193.4,47.88,0.61
CSV,720010,72000,25,24,0,12426,0,0.000000e+00,0.000000e+00,1408202368.0,962000320.0,19568.9,48.57,1.65
CSV,725010,72500,25,24,0,12526,0,0.000000e+00,0.000000e+00,1181110528.0,1208702080.0,19820.2,47.85,0.10
CSV,730010,73000,25,24,0,12626,0,0.000000e+00,0.000000e+00,1116482048.0,1340250880.0,18489.6,48.60,0.79
CSV,735010,73500,25,24,0,12726,0,0.000000e+00,0.000000e+00,1171496192.0,1213614208.0,22189.5,47.38,0.15
BER: END_SEQ #25 [LOCK] seq_err=0 BER_seq=0.0000e+00 | lock=25 slip=0 BER_cond=0.0000e+00 BER_cum=0.0000e+00
CSV,740010,74000,25,25,0,12775,0,0.000000e+00,0.000000e+00,1026282048.0,1303359616.0,20762.2,47.98,1.04
BER: SYNC #26 (gated)
CSV,745010,74500,26,25,0,12849,0,0.000000e+00,0.000000e+00,1101088128.0,1316688896.0,22026.4,47.77,0.78
CSV,750010,75000,26,25,0,12949,0,0.000000e+00,0.000000e+00,1425100928.0,1005476800.0,19994.3,48.53,1.51
CSV,755010,75500,26,25,0,13049,0,0.000000e+00,0.000000e+00,1213741824.0,1145769984.0,19355.4,47.97,0.25
CSV,760010,76000,26,25,0,13149,0,0.000000e+00,0.000000e+00,1001122112.0,1375418240.0,21497.9,48.06,1.38
CSV,765010,76500,26,25,0,13249,0,0.000000e+00,0.000000e+00,1231383424.0,1209860864.0,19951.6,47.90,0.08
BER: END_SEQ #26 [LOCK] seq_err=0 BER_seq=0.0000e+00 | lock=26 slip=0 BER_cond=0.0000e+00 BER_cum=0.0000e+00
CSV,770010,77000,26,26,0,13286,0,0.000000e+00,0.000000e+00,1057649728.0,1283237120.0,23944.5,47.29,0.84
BER: SYNC #27 (gated)
CSV,775010,77500,27,26,0,13371,0,0.000000e+00,0.000000e+00,1116758400.0,1244177152.0,19872.3,47.97,0.47
CSV,780010,78000,27,26,0,13471,0,0.000000e+00,0.000000e+00,1353494144.0,1035593920.0,18882.1,48.55,1.16
CSV,785010,78500,27,26,0,13571,0,0.000000e+00,0.000000e+00,1208556928.0,1223220736.0,20655.7,47.72,0.05
CSV,790010,79000,27,26,0,13671,0,0.000000e+00,0.000000e+00,1084374400.0,1270790272.0,20421.2,47.94,0.69
CSV,795010,79500,27,26,0,13771,0,0.000000e+00,0.000000e+00,1119532288.0,1232536448.0,21633.4,47.56,0.42
BER: END_SEQ #27 [LOCK] seq_err=0 BER_seq=0.0000e+00 | lock=27 slip=0 BER_cond=0.0000e+00 BER_cum=0.0000e+00
CSV,800010,80000,27,27,0,13797,0,0.000000e+00,0.000000e+00,1045423744.0,1367134592.0,22756.4,47.79,1.17
BER: SYNC #28 (gated)
CSV,805010,80500,28,27,0,13894,0,0.000000e+00,0.000000e+00,1172560384.0,1220967168.0,21755.7,47.49,0.18
CSV,810010,81000,28,27,0,13994,0,0.000000e+00,0.000000e+00,1398885120.0,933570176.0,21363.0,48.16,1.76
CSV,815010,81500,28,27,0,14094,0,0.000000e+00,0.000000e+00,1119142400.0,1247341696.0,22044.2,47.53,0.47
CSV,820010,82000,28,27,0,14194,0,0.000000e+00,0.000000e+00,1137777152.0,1288503296.0,19423.9,48.22,0.54
CSV,825010,82500,28,27,0,14294,0,0.000000e+00,0.000000e+00,1094440832.0,1270795008.0,19499.9,48.14,0.65
BER: END_SEQ #28 [LOCK] seq_err=0 BER_seq=0.0000e+00 | lock=28 slip=0 BER_cond=0.0000e+00 BER_cum=0.0000e+00
BER: SYNC #29 (gated)
CSV,830010,83000,29,28,0,14317,0,0.000000e+00,0.000000e+00,1011733504.0,1271431296.0,21865.7,47.65,0.99
CSV,835010,83500,29,28,0,14417,0,0.000000e+00,0.000000e+00,1158899200.0,1237105664.0,19980.4,47.92,0.28
CSV,840010,84000,29,28,0,14517,0,0.000000e+00,0.000000e+00,1372867968.0,1020607808.0,19410.6,48.50,1.29
CSV,845010,84500,29,28,0,14617,0,0.000000e+00,0.000000e+00,1154090624.0,1174258176.0,19299.2,47.84,0.08
CSV,850010,85000,29,28,0,14717,0,0.000000e+00,0.000000e+00,1055021056.0,1288615936.0,21352.3,47.81,0.87
CSV,855010,85500,29,28,0,14817,0,0.000000e+00,0.000000e+00,1123198592.0,1293366272.0,19443.2,48.23,0.61
BER: END_SEQ #29 [LOCK] seq_err=0 BER_seq=0.0000e+00 | lock=29 slip=0 BER_cond=0.0000e+00 BER_cum=0.0000e+00
BER: SYNC #30 (gated)
CSV,860010,86000,30,29,0,14840,0,0.000000e+00,0.000000e+00,1046442624.0,1271170304.0,24428.8,47.16,0.84
CSV,865010,86500,30,29,0,14939,0,0.000000e+00,0.000000e+00,1193236224.0,1121753216.0,22130.0,47.32,0.27
CSV,870010,87000,30,29,0,15039,0,0.000000e+00,0.000000e+00,1332753024.0,1022859200.0,21423.6,47.94,1.15
CSV,875010,87500,30,29,0,15139,0,0.000000e+00,0.000000e+00,1132174976.0,1258344960.0,20306.4,47.92,0.46
CSV,880010,88000,30,29,0,15239,0,0.000000e+00,0.000000e+00,1095318912.0,1218814464.0,18676.2,48.15,0.46
BER: END_SEQ #30 [LOCK] seq_err=0 BER_seq=0.0000e+00 | lock=30 slip=0 BER_cond=0.0000e+00 BER_cum=0.0000e+00
CSV,885010,88500,30,30,0,15330,0,0.000000e+00,0.000000e+00,1032372928.0,1284478592.0,21869.8,47.69,0.95
BER: SYNC #31 (gated)
CSV,890010,89000,31,30,0,15362,0,0.000000e+00,0.000000e+00,1105349888.0,1248304000.0,22118.6,47.52,0.53
CSV,895010,89500,31,30,0,15462,0,0.000000e+00,0.000000e+00,1303378560.0,1043168768.0,18504.0,48.48,0.97
CSV,900010,90000,31,30,0,15562,0,0.000000e+00,0.000000e+00,1107300224.0,1189638912.0,18971.9,47.97,0.31
CSV,905010,90500,31,30,0,15662,0,0.000000e+00,0.000000e+00,1126422144.0,1206050944.0,19165.2,47.99,0.30
CSV,910010,91000,31,30,0,15762,0,0.000000e+00,0.000000e+00,1190247424.0,1191625856.0,20120.8,47.72,0.01
BER: END_SEQ #31 [LOCK] seq_err=0 BER_seq=0.0000e+00 | lock=31 slip=0 BER_cond=0.0000e+00 BER_cum=0.0000e+00
CSV,915010,91500,31,31,0,15841,0,0.000000e+00,0.000000e+00,1016711808.0,1287819648.0,19831.9,48.12,1.03
BER: SYNC #32 (gated)
CSV,920010,92000,32,31,0,15885,0,0.000000e+00,0.000000e+00,1091025024.0,1166236288.0,18796.0,47.93,0.29
CSV,925010,92500,32,31,0,15985,0,0.000000e+00,0.000000e+00,1331019904.0,1023237824.0,20523.2,48.12,1.14
CSV,930010,93000,32,31,0,16085,0,0.000000e+00,0.000000e+00,1089497472.0,1251642880.0,19940.5,47.98,0.60
CSV,935010,93500,32,31,0,16185,0,0.000000e+00,0.000000e+00,1129754240.0,1163635584.0,17647.7,48.19,0.13
CSV,940010,94000,32,31,0,16285,0,0.000000e+00,0.000000e+00,1039453120.0,1261623680.0,20907.5,47.81,0.84
BER: END_SEQ #32 [LOCK] seq_err=0 BER_seq=0.0000e+00 | lock=32 slip=0 BER_cond=0.0000e+00 BER_cum=0.0000e+00
CSV,945010,94500,32,32,0,16352,0,0.000000e+00,0.000000e+00,1117352576.0,1240665856.0,21439.5,47.62,0.45
BER: SYNC #33 (gated)
CSV,950010,95000,33,32,0,16408,0,0.000000e+00,0.000000e+00,1085406208.0,1207825536.0,23114.3,47.18,0.46
CSV,955010,95500,33,32,0,16507,0,0.000000e+00,0.000000e+00,1314087168.0,963759936.0,18454.6,48.53,1.35
CSV,960010,96000,33,32,0,16607,0,0.000000e+00,0.000000e+00,1120928640.0,1201503744.0,19496.3,47.90,0.30
CSV,965010,96500,33,32,0,16707,0,0.000000e+00,0.000000e+00,1046649024.0,1305922560.0,19396.4,48.28,0.96
CSV,970010,97000,33,32,0,16807,0,0.000000e+00,0.000000e+00,1161207552.0,1110109952.0,20365.6,47.56,0.20
BER: END_SEQ #33 [LOCK] seq_err=0 BER_seq=0.0000e+00 | lock=33 slip=0 BER_cond=0.0000e+00 BER_cum=0.0000e+00
CSV,975010,97500,33,33,0,16863,0,0.000000e+00,0.000000e+00,995076416.0,1263682944.0,20754.0,47.85,1.04
BER: SYNC #34 (gated)
CSV,980010,98000,34,33,0,16930,0,0.000000e+00,0.000000e+00,1070810688.0,1271735040.0,20414.5,47.94,0.75
CSV,985010,98500,34,33,0,17030,0,0.000000e+00,0.000000e+00,1373757056.0,923228032.0,20578.7,48.24,1.73
CSV,990010,99000,34,33,0,17130,0,0.000000e+00,0.000000e+00,1116636160.0,1143167232.0,20117.7,47.55,0.10
CSV,995010,99500,34,33,0,17230,0,0.000000e+00,0.000000e+00,1026509504.0,1267629312.0,17464.3,48.61,0.92
CSV,1000010,100000,34,33,0,17330,0,0.000000e+00,0.000000e+00,1179982336.0,1161891328.0,20585.9,47.58,0.07
BER: END_SEQ #34 [LOCK] seq_err=0 BER_seq=0.0000e+00 | lock=34 slip=0 BER_cond=0.0000e+00 BER_cum=0.0000e+00
CSV,1005010,100500,34,34,0,17374,0,0.000000e+00,0.000000e+00,953492864.0,1271604096.0,20556.0,47.91,1.25
BER: SYNC #35 (gated)
CSV,1010010,101000,35,34,0,17453,0,0.000000e+00,0.000000e+00,1039526592.0,1223856000.0,19108.2,48.07,0.71
CSV,1015010,101500,35,34,0,17553,0,0.000000e+00,0.000000e+00,1335414400.0,986490048.0,20849.7,48.07,1.32
CSV,1020010,102000,35,34,0,17653,0,0.000000e+00,0.000000e+00,1206254720.0,1094621568.0,17517.7,48.38,0.42
CSV,1025010,102500,35,34,0,17753,0,0.000000e+00,0.000000e+00,924477120.0,1326387840.0,18315.9,48.60,1.57
CSV,1030010,103000,35,34,0,17853,0,0.000000e+00,0.000000e+00,1143065344.0,1128230016.0,21867.7,47.18,0.06
BER: END_SEQ #35 [LOCK] seq_err=0 BER_seq=0.0000e+00 | lock=35 slip=0 BER_cond=0.0000e+00 BER_cum=0.0000e+00
CSV,1035010,103500,35,35,0,17885,0,0.000000e+00,0.000000e+00,1007033408.0,1318426368.0,21531.7,47.87,1.17
BER: SYNC #36 (gated)
CSV,1040010,104000,36,35,0,17976,0,0.000000e+00,0.000000e+00,1118542720.0,1151190272.0,18917.7,47.84,0.12
CSV,1045010,104500,36,35,0,18075,0,0.000000e+00,0.000000e+00,1291101568.0,946057600.0,19578.6,48.19,1.35
CSV,1050010,105000,36,35,0,18175,0,0.000000e+00,0.000000e+00,1106407040.0,1185409408.0,22812.2,47.16,0.30
CSV,1055010,105500,36,35,0,18275,0,0.000000e+00,0.000000e+00,1086499840.0,1216919936.0,20029.6,47.84,0.49
CSV,1060010,106000,36,35,0,18375,0,0.000000e+00,0.000000e+00,1088438784.0,1151359488.0,18459.6,47.95,0.24
BER: END_SEQ #36 [LOCK] seq_err=0 BER_seq=0.0000e+00 | lock=36 slip=0 BER_cond=0.0000e+00 BER_cum=0.0000e+00
BER: SYNC #37 (gated)
CSV,1065010,106500,37,36,0,18398,0,0.000000e+00,0.000000e+00,939276160.0,1264649728.0,22708.6,47.46,1.29
CSV,1070010,107000,37,36,0,18498,0,0.000000e+00,0.000000e+00,1104238080.0,1210646272.0,20008.3,47.82,0.40
CSV,1075010,107500,37,36,0,18598,0,0.000000e+00,0.000000e+00,1335417600.0,915837056.0,19615.4,48.33,1.64
CSV,1080010,108000,37,36,0,18698,0,0.000000e+00,0.000000e+00,1065546240.0,1166640256.0,18901.4,47.90,0.39
CSV,1085010,108500,37,36,0,18798,0,0.000000e+00,0.000000e+00,1046156608.0,1212244736.0,19756.7,47.88,0.64
CSV,1090010,109000,37,36,0,18898,0,0.000000e+00,0.000000e+00,1113994752.0,1192530560.0,18351.9,48.13,0.30
BER: END_SEQ #37 [LOCK] seq_err=0 BER_seq=0.0000e+00 | lock=37 slip=0 BER_cond=0.0000e+00 BER_cum=0.0000e+00
BER: SYNC #38 (gated)
CSV,1095010,109500,38,37,0,18921,0,0.000000e+00,0.000000e+00,893887296.0,1296268928.0,20914.1,47.92,1.61
CSV,1100010,110000,38,37,0,19021,0,0.000000e+00,0.000000e+00,1124678272.0,1096564608.0,18681.7,47.80,0.11
CSV,1105010,110500,38,37,0,19121,0,0.000000e+00,0.000000e+00,1292138112.0,994940032.0,20630.1,47.97,1.14
CSV,1110010,111000,38,37,0,19221,0,0.000000e+00,0.000000e+00,1112146944.0,1142767232.0,19510.0,47.68,0.12
CSV,1115010,111500,38,37,0,19321,0,0.000000e+00,0.000000e+00,1020023616.0,1186039808.0,19260.4,47.89,0.65
BER: END_SEQ #38 [LOCK] seq_err=0 BER_seq=0.0000e+00 | lock=38 slip=0 BER_cond=0.0000e+00 BER_cum=0.0000e+00
CSV,1120010,112000,38,38,0,19418,0,0.000000e+00,0.000000e+00,1011370688.0,1232017024.0,17680.1,48.43,0.86
BER: SYNC #39 (gated)
CSV,1125010,112500,39,38,0,19444,0,0.000000e+00,0.000000e+00,1033275840.0,1247265280.0,19982.4,47.95,0.82
CSV,1130010,113000,39,38,0,19544,0,0.000000e+00,0.000000e+00,1208338944.0,1011824000.0,18077.4,48.25,0.77
CSV,1135010,113500,39,38,0,19643,0,0.000000e+00,0.000000e+00,1174757888.0,1019167680.0,18327.5,48.07,0.62
CSV,1140010,114000,39,38,0,19743,0,0.000000e+00,0.000000e+00,1073249728.0,1185435648.0,18371.2,48.10,0.43
CSV,1145010,114500,39,38,0,19843,0,0.000000e+00,0.000000e+00,1063563200.0,1193101696.0,18162.2,48.18,0.50
BER: END_SEQ #39 [LOCK] seq_err=0 BER_seq=0.0000e+00 | lock=39 slip=0 BER_cond=0.0000e+00 BER_cum=0.0000e+00
CSV,1150010,115000,39,39,0,19929,0,0.000000e+00,0.000000e+00,989052928.0,1206377344.0,20962.4,47.60,0.86
BER: SYNC #40 (gated)
CSV,1155010,115500,40,39,0,19966,0,0.000000e+00,0.000000e+00,1045334912.0,1122848000.0,19452.4,47.61,0.31
CSV,1160010,116000,40,39,0,20066,0,0.000000e+00,0.000000e+00,1256605568.0,1015529408.0,19122.3,48.18,0.93
CSV,1165010,116500,40,39,0,20166,0,0.000000e+00,0.000000e+00,1055797568.0,1154693248.0,16570.3,48.43,0.39
CSV,1170010,117000,40,39,0,20266,0,0.000000e+00,0.000000e+00,1069043328.0,1122112768.0,20515.7,47.38,0.21
CSV,1175010,117500,40,39,0,20366,0,0.000000e+00,0.000000e+00,1039096704.0,1182479104.0,19115.5,47.91,0.56
BER: END_SEQ #40 [LOCK] seq_err=0 BER_seq=0.0000e+00 | lock=40 slip=0 BER_cond=0.0000e+00 BER_cum=0.0000e+00
CSV,1180010,118000,40,40,0,20440,0,0.000000e+00,0.000000e+00,1024594624.0,1222378624.0,19752.3,47.92,0.77
BER: SYNC #41 (gated)
CSV,1185010,118500,41,40,0,20489,0,0.000000e+00,0.000000e+00,1019865152.0,1144891264.0,19338.2,47.72,0.50
CSV,1190010,119000,41,40,0,20589,0,0.000000e+00,0.000000e+00,1256071296.0,934500544.0,18279.1,48.37,1.28
CSV,1195010,119500,41,40,0,20689,0,0.000000e+00,0.000000e+00,1062717504.0,1181745536.0,20035.7,47.71,0.46
CSV,1200010,120000,41,40,0,20789,0,0.000000e+00,0.000000e+00,1050570240.0,1167694464.0,17908.2,48.14,0.46
CSV,1205010,120500,41,40,0,20889,0,0.000000e+00,0.000000e+00,1040627072.0,1127801344.0,21331.1,47.23,0.35
BER: END_SEQ #41 [LOCK] seq_err=0 BER_seq=0.0000e+00 | lock=41 slip=0 BER_cond=0.0000e+00 BER_cum=0.0000e+00
CSV,1210010,121000,41,41,0,20951,0,0.000000e+00,0.000000e+00,990206016.0,1203657216.0,20022.4,47.79,0.85
BER: SYNC #42 (gated)
CSV,1215010,121500,42,41,0,21012,0,0.000000e+00,0.000000e+00,1061399296.0,1182929536.0,18442.9,48.07,0.47
CSV,1220010,122000,42,41,0,21112,0,0.000000e+00,0.000000e+00,1253998848.0,923517120.0,17851.8,48.47,1.33
CSV,1225010,122500,42,41,0,21211,0,0.000000e+00,0.000000e+00,1066567360.0,1098765568.0,19252.6,47.56,0.13
CSV,1230010,123000,42,41,0,21311,0,0.000000e+00,0.000000e+00,1028233600.0,1199168512.0,18590.7,48.10,0.67
CSV,1235010,123500,42,41,0,21411,0,0.000000e+00,0.000000e+00,1089527552.0,1124450560.0,19742.3,47.56,0.14
BER: END_SEQ #42 [LOCK] seq_err=0 BER_seq=0.0000e+00 | lock=42 slip=0 BER_cond=0.0000e+00 BER_cum=0.0000e+00
CSV,1240010,124000,42,42,0,21462,0,0.000000e+00,0.000000e+00,915851712.0,1208960128.0,19868.6,47.84,1.21
BER: SYNC #43 (gated)
CSV,1245010,124500,43,42,0,21534,0,0.000000e+00,0.000000e+00,971872704.0,1200361216.0,16946.5,48.50,0.92
CSV,1250010,125000,43,42,0,21634,0,0.000000e+00,0.000000e+00,1309715328.0,915752512.0,19541.1,48.26,1.55
CSV,1255010,125500,43,42,0,21734,0,0.000000e+00,0.000000e+00,1127079040.0,1046631680.0,17181.7,48.17,0.32
CSV,1260010,126000,43,42,0,21834,0,0.000000e+00,0.000000e+00,892587840.0,1259544960.0,18939.5,48.23,1.50
CSV,1265010,126500,43,42,0,21934,0,0.000000e+00,0.000000e+00,1122863616.0,1062904768.0,17922.3,47.97,0.24
BER: END_SEQ #43 [LOCK] seq_err=0 BER_seq=0.0000e+00 | lock=43 slip=0 BER_cond=0.0000e+00 BER_cum=0.0000e+00
CSV,1270010,127000,43,43,0,21973,0,0.000000e+00,0.000000e+00,963220672.0,1221079936.0,19877.2,47.88,1.03
BER: SYNC #44 (gated)
CSV,1275010,127500,44,43,0,22057,0,0.000000e+00,0.000000e+00,1000272384.0,1153568384.0,17041.0,48.31,0.62
CSV,1280010,128000,44,43,0,22157,0,0.000000e+00,0.000000e+00,1214862976.0,934824128.0,20315.9,47.77,1.14
CSV,1285010,128500,44,43,0,22257,0,0.000000e+00,0.000000e+00,1127659136.0,1082495360.0,17916.3,47.99,0.18
CSV,1290010,129000,44,43,0,22357,0,0.000000e+00,0.000000e+00,959887360.0,1206170240.0,18605.1,48.12,0.99
CSV,1295010,129500,44,43,0,22457,0,0.000000e+00,0.000000e+00,1026382976.0,1104567552.0,18075.1,47.86,0.32
BER: END_SEQ #44 [LOCK] seq_err=0 BER_seq=0.0000e+00 | lock=44 slip=0 BER_cond=0.0000e+00 BER_cum=0.0000e+00
CSV,1300010,130000,44,44,0,22484,0,0.000000e+00,0.000000e+00,917323008.0,1222205568.0,18416.1,48.22,1.25
BER: SYNC #45 (gated)
CSV,1305010,130500,45,44,0,22580,0,0.000000e+00,0.000000e+00,1086200832.0,1119501824.0,17567.3,48.04,0.13
CSV,1310010,131000,45,44,0,22679,0,0.000000e+00,0.000000e+00,1271166208.0,862737984.0,19415.2,48.16,1.68
CSV,1315010,131500,45,44,0,22779,0,0.000000e+00,0.000000e+00,1004779456.0,1123225472.0,19596.0,47.58,0.48
CSV,1320010,132000,45,44,0,22879,0,0.000000e+00,0.000000e+00,1028746496.0,1160207488.0,20585.6,47.51,0.52
CSV,1325010,132500,45,44,0,22979,0,0.000000e+00,0.000000e+00,1008064512.0,1163489664.0,18720.3,47.93,0.62
BER: END_SEQ #45 [LOCK] seq_err=0 BER_seq=0.0000e+00 | lock=45 slip=0 BER_cond=0.0000e+00 BER_cum=0.0000e+00
BER: SYNC #46 (gated)
CSV,1330010,133000,46,45,0,23002,0,0.000000e+00,0.000000e+00,908926080.0,1164059008.0,19445.1,47.77,1.07
CSV,1335010,133500,46,45,0,23102,0,0.000000e+00,0.000000e+00,1023313024.0,1116598528.0,17885.8,47.95,0.38
CSV,1340010,134000,46,45,0,23202,0,0.000000e+00,0.000000e+00,1264142336.0,922678784.0,16941.2,48.73,1.37
CSV,1345010,134500,46,45,0,23302,0,0.000000e+00,0.000000e+00,1026680192.0,1103708544.0,16642.6,48.22,0.31
CSV,1350010,135000,46,45,0,23402,0,0.000000e+00,0.000000e+00,956635648.0,1148810368.0,17634.4,48.14,0.80
CSV,1355010,135500,46,45,0,23502,0,0.000000e+00,0.000000e+00,1010272832.0,1153170304.0,17244.2,48.25,0.57
BER: END_SEQ #46 [LOCK] seq_err=0 BER_seq=0.0000e+00 | lock=46 slip=0 BER_cond=0.0000e+00 BER_cum=0.0000e+00
BER: SYNC #47 (gated)
CSV,1360010,136000,47,46,0,23525,0,0.000000e+00,0.000000e+00,958489664.0,1197254144.0,18699.0,48.06,0.97
CSV,1365010,136500,47,46,0,23625,0,0.000000e+00,0.000000e+00,1077628544.0,1024157632.0,20315.3,47.25,0.22
CSV,1370010,137000,47,46,0,23725,0,0.000000e+00,0.000000e+00,1169403904.0,940204224.0,21475.1,47.36,0.95
CSV,1375010,137500,47,46,0,23825,0,0.000000e+00,0.000000e+00,1043035264.0,1131188608.0,19197.8,47.70,0.35
CSV,1380010,138000,47,46,0,23925,0,0.000000e+00,0.000000e+00,1001239936.0,1121015424.0,18659.2,47.79,0.49
BER: END_SEQ #47 [LOCK] seq_err=0 BER_seq=0.0000e+00 | lock=47 slip=0 BER_cond=0.0000e+00 BER_cum=0.0000e+00
CSV,1385010,138500,47,47,0,24017,0,0.000000e+00,0.000000e+00,922170304.0,1172160512.0,17305.8,48.31,1.04
BER: SYNC #48 (gated)
CSV,1390010,139000,48,47,0,24048,0,0.000000e+00,0.000000e+00,960196224.0,1126422016.0,19962.4,47.51,0.69
CSV,1395010,139500,48,47,0,24148,0,0.000000e+00,0.000000e+00,1191102848.0,964156416.0,18575.8,48.07,0.92
CSV,1400010,140000,48,47,0,24248,0,0.000000e+00,0.000000e+00,1028111808.0,1061899776.0,22448.0,46.75,0.14
CSV,1405010,140500,48,47,0,24347,0,0.000000e+00,0.000000e+00,1005689728.0,1085127552.0,19803.9,47.39,0.33
CSV,1410010,141000,48,47,0,24447,0,0.000000e+00,0.000000e+00,1048394880.0,1095919744.0,17991.3,47.85,0.19
BER: END_SEQ #48 [LOCK] seq_err=0 BER_seq=0.0000e+00 | lock=48 slip=0 BER_cond=0.0000e+00 BER_cum=0.0000e+00
CSV,1415010,141500,48,48,0,24528,0,0.000000e+00,0.000000e+00,935941312.0,1176340352.0,18237.0,48.10,0.99
BER: SYNC #49 (gated)
CSV,1420010,142000,49,48,0,24570,0,0.000000e+00,0.000000e+00,995239104.0,1043546048.0,19953.6,47.18,0.21
CSV,1425010,142500,49,48,0,24670,0,0.000000e+00,0.000000e+00,1160027776.0,936747328.0,19192.6,47.81,0.93
CSV,1430010,143000,49,48,0,24770,0,0.000000e+00,0.000000e+00,998844288.0,1144135040.0,17125.1,48.25,0.59
CSV,1435010,143500,49,48,0,24870,0,0.000000e+00,0.000000e+00,1027891328.0,1059247104.0,17093.5,47.92,0.13
CSV,1440010,144000,49,48,0,24970,0,0.000000e+00,0.000000e+00,937585024.0,1121462016.0,17665.2,48.03,0.78
BER: END_SEQ #49 [LOCK] seq_err=0 BER_seq=0.0000e+00 | lock=49 slip=0 BER_cond=0.0000e+00 BER_cum=0.0000e+00
CSV,1445010,144500,49,49,0,25039,0,0.000000e+00,0.000000e+00,988222336.0,1130418816.0,17719.0,48.05,0.58
BER: SYNC #50 (gated)
CSV,1450010,145000,50,49,0,25093,0,0.000000e+00,0.000000e+00,1017751936.0,1094590976.0,18692.8,47.68,0.32
CSV,1455010,145500,50,49,0,25193,0,0.000000e+00,0.000000e+00,1164852864.0,896507072.0,20036.5,47.64,1.14
CSV,1460010,146000,50,49,0,25293,0,0.000000e+00,0.000000e+00,976955264.0,1090110720.0,19767.0,47.42,0.48
CSV,1465010,146500,50,49,0,25393,0,0.000000e+00,0.000000e+00,978106112.0,1155353984.0,16889.5,48.35,0.72
CSV,1470010,147000,50,49,0,25493,0,0.000000e+00,0.000000e+00,1020339712.0,1049756480.0,20491.5,47.10,0.12
BER: END_SEQ #50 [LOCK] seq_err=0 BER_seq=0.0000e+00 | lock=50 slip=0 BER_cond=0.0000e+00 BER_cum=0.0000e+00
CSV,1475010,147500,50,50,0,25550,0,0.000000e+00,0.000000e+00,905957248.0,1120380160.0,18593.2,47.80,0.92
BER: SYNC #51 (gated)
CSV,1480010,148000,51,50,0,25616,0,0.000000e+00,0.000000e+00,936035136.0,1145901568.0,19583.0,47.67,0.88
CSV,1485010,148500,51,50,0,25716,0,0.000000e+00,0.000000e+00,1251165568.0,854871168.0,22533.4,47.44,1.65
CSV,1490010,149000,51,50,0,25815,0,0.000000e+00,0.000000e+00,1003552000.0,1042163776.0,18816.9,47.43,0.16
CSV,1495010,149500,51,50,0,25915,0,0.000000e+00,0.000000e+00,918871232.0,1132004608.0,18065.4,47.97,0.91
CSV,1500010,150000,51,50,0,26015,0,0.000000e+00,0.000000e+00,1032272256.0,1069709568.0,17037.3,47.98,0.15
BER: END_SEQ #51 [LOCK] seq_err=0 BER_seq=0.0000e+00 | lock=51 slip=0 BER_cond=0.0000e+00 BER_cum=0.0000e+00
CSV,1505010,150500,51,51,0,26061,0,0.000000e+00,0.000000e+00,892680640.0,1143974016.0,22124.9,47.14,1.08

=========================================
=== END OF TEST (duration=25 min) ===
=========================================
FINAL: syncs=51 lock=51 slip=0 slip_rate=0.0000
FINAL: bits_cum=26061 err_cum=0 BER_cum=0.0000e+00
FINAL: bits_lock=26061 err_lock=0 BER_cond=0.0000e+00
=========================================
=== STOP LOGGING NOW ===
=========================================
