

=== RX BOOT - BER TEST MODE ===
BPS_MODE=20 (HALF_SAMPLES=2000, 10000 samples/bit @ 200000 Hz)
Expect: 64-bit preamble + Barker13 (1F35h, gated by 8 preamble bits = 0x55) + 511-bit PRBS-9
Noise floor band: 5000 Hz; lock threshold: BER<0.10
Auto-stop: test will halt 25 min after the first sync.
RX: edge-tracking sync, center-3 voting
Starting decoder...

CSV,5010,500,0,0,0,0,0,0.000000e+00,0.000000e+00,1593147.5,2279946.5,24071.7,19.76,1.56
BER: SYNC #1 (gated)
CSV,10010,1000,1,0,0,81,0,0.000000e+00,0.000000e+00,1748501.1,3643598.8,6121.8,27.75,3.19
CSV,15010,1500,1,0,0,181,0,0.000000e+00,0.000000e+00,2060608.1,2989920.2,6991.2,26.31,1.62
CSV,20010,2000,1,0,0,281,0,0.000000e+00,0.000000e+00,2003616.2,3240534.2,7129.2,26.58,2.09
CSV,25010,2500,1,0,0,381,0,0.000000e+00,0.000000e+00,1625865.8,4187313.0,7328.1,27.57,4.11
CSV,30010,3000,1,0,0,481,0,0.000000e+00,0.000000e+00,1912167.5,3497136.8,7443.1,26.72,2.62
BER: END_SEQ #1 [LOCK] seq_err=0 BER_seq=0.0000e+00 | lock=1 slip=0 BER_cond=0.0000e+00 BER_cum=0.0000e+00
CSV,35010,3500,1,1,0,511,0,0.000000e+00,0.000000e+00,1587601.2,3946024.8,7283.9,27.34,3.95
BER: SYNC #2 (gated)
CSV,40010,4000,2,1,0,604,0,0.000000e+00,0.000000e+00,1871347.1,3594694.5,7707.4,26.69,2.84
CSV,45010,4500,2,1,0,704,0,0.000000e+00,0.000000e+00,2316212.5,2993383.2,5832.7,27.10,1.11
CSV,50010,5000,2,1,0,804,0,0.000000e+00,0.000000e+00,1889320.8,3674799.8,6435.0,27.57,2.89
CSV,55010,5500,2,1,0,904,0,0.000000e+00,0.000000e+00,1784479.0,3880761.8,6704.3,27.63,3.37
CSV,60010,6000,2,1,0,1004,0,0.000000e+00,0.000000e+00,1870771.0,3770784.8,6521.7,27.62,3.04
BER: END_SEQ #2 [LOCK] seq_err=0 BER_seq=0.0000e+00 | lock=2 slip=0 BER_cond=0.0000e+00 BER_cum=0.0000e+00
BER: SYNC #3 (gated)
CSV,65010,6500,3,2,0,1027,0,0.000000e+00,0.000000e+00,1824519.5,4041443.8,7494.7,27.32,3.45
CSV,70010,7000,3,2,0,1127,0,0.000000e+00,0.000000e+00,1827104.4,4009330.5,6319.6,28.02,3.41
CSV,75010,7500,3,2,0,1227,0,0.000000e+00,0.000000e+00,2422829.2,2802702.5,6938.9,26.06,0.63
CSV,80010,8000,3,2,0,1326,0,0.000000e+00,0.000000e+00,1893589.8,3745037.5,7810.1,26.81,2.96
CSV,85010,8500,3,2,0,1426,0,0.000000e+00,0.000000e+00,1909915.4,3855178.5,7671.2,27.01,3.05
CSV,90010,9000,3,2,0,1526,0,0.000000e+00,0.000000e+00,1937364.2,3821221.0,7458.4,27.10,2.95
BER: END_SEQ #3 [LOCK] seq_err=0 BER_seq=0.0000e+00 | lock=3 slip=0 BER_cond=0.0000e+00 BER_cum=0.0000e+00
BER: SYNC #4 (gated)
CSV,95010,9500,4,3,0,1549,0,0.000000e+00,0.000000e+00,1698768.2,4033339.5,6877.6,27.68,3.76
CSV,100010,10000,4,3,0,1649,0,0.000000e+00,0.000000e+00,2063098.2,3539550.2,6349.0,27.46,2.34
CSV,105010,10500,4,3,0,1749,0,0.000000e+00,0.000000e+00,2324597.2,3199589.5,8360.1,25.83,1.39
CSV,110010,11000,4,3,0,1849,0,0.000000e+00,0.000000e+00,2020727.9,3665301.8,7410.6,26.94,2.59
CSV,115010,11500,4,3,0,1949,0,0.000000e+00,0.000000e+00,1644959.5,3324480.2,17207.2,22.86,3.06
BER: END_SEQ #4 [LOCK] seq_err=0 BER_seq=0.0000e+00 | lock=4 slip=0 BER_cond=0.0000e+00 BER_cum=0.0000e+00
CSV,120010,12000,4,4,0,2044,0,0.000000e+00,0.000000e+00,1620516.2,3633515.0,15162.2,23.80,3.51
BER: SYNC #5 (gated)
CSV,125010,12500,5,4,0,2072,0,0.000000e+00,0.000000e+00,1847232.2,4023075.2,7098.8,27.53,3.38
CSV,130010,13000,5,4,0,2172,0,0.000000e+00,0.000000e+00,2281696.5,3305603.8,7205.1,26.62,1.61
CSV,135010,13500,5,4,0,2272,0,0.000000e+00,0.000000e+00,2050618.4,3505980.0,6807.2,27.12,2.33
CSV,140010,14000,5,4,0,2372,0,0.000000e+00,0.000000e+00,1915290.1,3815056.8,7468.9,27.08,2.99
CSV,145010,14500,5,4,0,2472,0,0.000000e+00,0.000000e+00,1989305.6,3801621.0,7069.4,27.31,2.81
BER: END_SEQ #5 [LOCK] seq_err=0 BER_seq=0.0000e+00 | lock=5 slip=0 BER_cond=0.0000e+00 BER_cum=0.0000e+00
CSV,150010,15000,5,5,0,2555,0,0.000000e+00,0.000000e+00,1862421.9,3985154.2,6749.7,27.71,3.30
BER: SYNC #6 (gated)
CSV,155010,15500,6,5,0,2595,0,0.000000e+00,0.000000e+00,1894970.2,3746563.8,7118.7,27.21,2.96
CSV,160010,16000,6,5,0,2695,0,0.000000e+00,0.000000e+00,2202447.0,3354491.5,6403.6,27.19,1.83
CSV,165010,16500,6,5,0,2795,0,0.000000e+00,0.000000e+00,1981863.0,3772706.8,7250.8,27.16,2.80
CSV,170010,17000,6,5,0,2895,0,0.000000e+00,0.000000e+00,2039934.4,3691430.8,7110.4,27.15,2.58
CSV,175010,17500,6,5,0,2994,0,0.000000e+00,0.000000e+00,1839600.9,3915496.2,7789.4,27.01,3.28
BER: END_SEQ #6 [LOCK] seq_err=0 BER_seq=0.0000e+00 | lock=6 slip=0 BER_cond=0.0000e+00 BER_cum=0.0000e+00
CSV,180010,18000,6,6,0,3066,0,0.000000e+00,0.000000e+00,1796337.8,3696504.5,9380.4,25.96,3.13
BER: SYNC #7 (gated)
CSV,185010,18500,7,6,0,3117,0,0.000000e+00,0.000000e+00,1503831.9,2306956.2,29237.6,18.97,1.86
CSV,190010,19000,7,6,0,3217,0,0.000000e+00,0.000000e+00,2303259.8,2788138.2,11671.8,23.78,0.83
CSV,195010,19500,7,6,0,3317,0,0.000000e+00,0.000000e+00,1610129.1,3137206.8,19221.1,22.13,2.90
CSV,200010,20000,7,6,0,3417,0,0.000000e+00,0.000000e+00,1535260.2,2293654.2,28681.4,19.03,1.74
CSV,205010,20500,7,6,0,3517,0,0.000000e+00,0.000000e+00,1586033.0,2281312.0,28228.8,19.07,1.58
BER: END_SEQ #7 [LOCK] seq_err=0 BER_seq=0.0000e+00 | lock=7 slip=0 BER_cond=0.0000e+00 BER_cum=0.0000e+00
CSV,210010,21000,7,7,0,3577,0,0.000000e+00,0.000000e+00,1468971.4,2494795.2,34774.7,18.56,2.30
BER: SYNC #8 (gated)
CSV,215010,21500,8,7,0,3640,0,0.000000e+00,0.000000e+00,1435714.4,2430231.0,27879.8,19.40,2.29
CSV,220010,22000,8,7,0,3740,0,0.000000e+00,0.000000e+00,1898392.1,1783237.0,28745.2,18.20,0.27
CSV,225010,22500,8,7,0,3840,0,0.000000e+00,0.000000e+00,1547056.9,2170887.0,26958.9,19.06,1.47
CSV,230010,23000,8,7,0,3940,0,0.000000e+00,0.000000e+00,1453300.8,2384554.0,27699.1,19.35,2.15
CSV,235010,23500,8,7,0,4040,0,0.000000e+00,0.000000e+00,1938762.0,3740913.2,7786.9,26.82,2.85
BER: END_SEQ #8 [LOCK] seq_err=0 BER_seq=0.0000e+00 | lock=8 slip=0 BER_cond=0.0000e+00 BER_cum=0.0000e+00
CSV,240010,24000,8,8,0,4088,0,0.000000e+00,0.000000e+00,1536921.9,2873265.8,19954.9,21.58,2.72
BER: SYNC #9 (gated)
CSV,245010,24500,9,8,0,4163,0,0.000000e+00,0.000000e+00,1466012.8,2302665.8,26764.4,19.35,1.96
CSV,250010,25000,9,8,0,4263,0,0.000000e+00,0.000000e+00,2227717.5,2425830.2,14466.9,22.24,0.37
CSV,255010,25500,9,8,0,4363,0,0.000000e+00,0.000000e+00,2027747.8,3578721.0,7396.6,26.85,2.47
CSV,260010,26000,9,8,0,4463,0,0.000000e+00,0.000000e+00,1678021.9,4203292.5,7726.3,27.36,3.99
CSV,265010,26500,9,8,0,4563,0,0.000000e+00,0.000000e+00,2083744.6,3547736.0,6401.9,27.44,2.31
BER: END_SEQ #9 [LOCK] seq_err=0 BER_seq=0.0000e+00 | lock=9 slip=0 BER_cond=0.0000e+00 BER_cum=0.0000e+00
CSV,270010,27000,9,9,0,4599,0,0.000000e+00,0.000000e+00,1812271.1,4127220.2,7584.8,27.36,3.57
BER: SYNC #10 (gated)
CSV,275010,27500,10,9,0,4686,0,0.000000e+00,0.000000e+00,1939518.0,3783810.5,7416.8,27.08,2.90
CSV,280010,28000,10,9,0,4785,0,0.000000e+00,0.000000e+00,2301615.0,3153806.2,7936.7,25.99,1.37
CSV,285010,28500,10,9,0,4885,0,0.000000e+00,0.000000e+00,1959381.2,3772190.5,7081.9,27.26,2.84
CSV,290010,29000,10,9,0,4985,0,0.000000e+00,0.000000e+00,1914167.2,3754156.8,11538.3,25.12,2.93
CSV,295010,29500,10,9,0,5085,0,0.000000e+00,0.000000e+00,1935995.6,3791153.2,7231.3,27.20,2.92
BER: END_SEQ #10 [LOCK] seq_err=0 BER_seq=0.0000e+00 | lock=10 slip=0 BER_cond=0.0000e+00 BER_cum=0.0000e+00
CSV,300010,30000,10,10,0,5110,0,0.000000e+00,0.000000e+00,1708091.5,4083505.8,7870.6,27.15,3.79
BER: SYNC #11 (gated)
CSV,305010,30500,11,10,0,5208,0,0.000000e+00,0.000000e+00,1775746.2,3018281.8,15691.2,22.84,2.30
CSV,310010,31000,11,10,0,5308,0,0.000000e+00,0.000000e+00,1901733.0,1783550.8,31191.9,17.85,0.28
CSV,315010,31500,11,10,0,5408,0,0.000000e+00,0.000000e+00,1825889.9,3102862.0,16513.6,22.74,2.30
CSV,320010,32000,11,10,0,5508,0,0.000000e+00,0.000000e+00,1825853.8,3886215.0,7996.4,26.87,3.28
CSV,325010,32500,11,10,0,5608,0,0.000000e+00,0.000000e+00,1882875.9,3918570.0,7499.7,27.18,3.18
BER: END_SEQ #11 [LOCK] seq_err=0 BER_seq=0.0000e+00 | lock=11 slip=0 BER_cond=0.0000e+00 BER_cum=0.0000e+00
BER: SYNC #12 (gated)
CSV,330010,33000,12,11,0,5631,0,0.000000e+00,0.000000e+00,1861381.8,4012935.5,7646.5,27.20,3.34
CSV,335010,33500,12,11,0,5731,0,0.000000e+00,0.000000e+00,1978648.5,3686610.5,7586.3,26.87,2.70
CSV,340010,34000,12,11,0,5831,0,0.000000e+00,0.000000e+00,2239804.0,3146587.0,7239.1,26.38,1.48
CSV,345010,34500,12,11,0,5931,0,0.000000e+00,0.000000e+00,2020145.8,3526499.8,7495.2,26.73,2.42
CSV,350010,35000,12,11,0,6031,0,0.000000e+00,0.000000e+00,1829095.6,4052627.5,7299.7,27.44,3.46
CSV,355010,35500,12,11,0,6131,0,0.000000e+00,0.000000e+00,1867649.0,3991505.2,7443.1,27.29,3.30
BER: END_SEQ #12 [LOCK] seq_err=0 BER_seq=0.0000e+00 | lock=12 slip=0 BER_cond=0.0000e+00 BER_cum=0.0000e+00
BER: SYNC #13 (gated)
CSV,360010,36000,13,12,0,6154,0,0.000000e+00,0.000000e+00,1731994.8,3925905.0,8442.8,26.67,3.55
CSV,365010,36500,13,12,0,6254,0,0.000000e+00,0.000000e+00,2097237.5,3425715.2,6955.0,26.92,2.13
CSV,370010,37000,13,12,0,6354,0,0.000000e+00,0.000000e+00,2253720.0,3243653.5,7581.4,26.31,1.58
CSV,375010,37500,13,12,0,6454,0,0.000000e+00,0.000000e+00,1900750.5,3412957.2,10935.9,24.94,2.54
CSV,380010,38000,13,12,0,6553,0,0.000000e+00,0.000000e+00,1673548.5,2743175.2,18255.9,21.77,2.15
BER: END_SEQ #13 [LOCK] seq_err=0 BER_seq=0.0000e+00 | lock=13 slip=0 BER_cond=0.0000e+00 BER_cum=0.0000e+00
CSV,385010,38500,13,13,0,6643,0,0.000000e+00,0.000000e+00,1759151.1,4007943.8,7076.6,27.53,3.58
BER: SYNC #14 (gated)
CSV,390010,39000,14,13,0,6676,0,0.000000e+00,0.000000e+00,1911013.9,3821702.5,7055.8,27.34,3.01
CSV,395010,39500,14,13,0,6776,0,0.000000e+00,0.000000e+00,2223806.5,3209405.5,6949.4,26.64,1.59
CSV,400010,40000,14,13,0,6876,0,0.000000e+00,0.000000e+00,1894680.6,3659708.2,7672.2,26.79,2.86
CSV,405010,40500,14,13,0,6976,0,0.000000e+00,0.000000e+00,1892501.4,3742586.5,7270.4,27.12,2.96
CSV,410010,41000,14,13,0,7076,0,0.000000e+00,0.000000e+00,2004752.2,3663360.2,6304.0,27.64,2.62
BER: END_SEQ #14 [LOCK] seq_err=0 BER_seq=0.0000e+00 | lock=14 slip=0 BER_cond=0.0000e+00 BER_cum=0.0000e+00
CSV,415010,41500,14,14,0,7154,0,0.000000e+00,0.000000e+00,1822944.1,3946456.2,7248.3,27.36,3.35
BER: SYNC #15 (gated)
CSV,420010,42000,15,14,0,7199,0,0.000000e+00,0.000000e+00,1863295.8,3751474.0,6820.0,27.40,3.04
CSV,425010,42500,15,14,0,7299,0,0.000000e+00,0.000000e+00,2265210.0,3089241.8,7577.9,26.10,1.35
CSV,430010,43000,15,14,0,7399,0,0.000000e+00,0.000000e+00,1906324.9,3875803.8,5781.8,28.26,3.08
CSV,435010,43500,15,14,0,7499,0,0.000000e+00,0.000000e+00,1627364.9,2403072.0,23958.8,20.01,1.69
CSV,440010,44000,15,14,0,7599,0,0.000000e+00,0.000000e+00,1410969.8,2179736.0,29958.2,18.62,1.89
BER: END_SEQ #15 [LOCK] seq_err=0 BER_seq=0.0000e+00 | lock=15 slip=0 BER_cond=0.0000e+00 BER_cum=0.0000e+00
CSV,445010,44500,15,15,0,7665,0,0.000000e+00,0.000000e+00,1392048.0,2301761.5,22520.4,20.09,2.18
BER: SYNC #16 (gated)
CSV,450010,45000,16,15,0,7722,0,0.000000e+00,0.000000e+00,1437695.8,2276774.5,27615.9,19.16,2.00
CSV,455010,45500,16,15,0,7822,0,0.000000e+00,0.000000e+00,1788860.8,1778056.8,28093.4,18.04,0.03
CSV,460010,46000,16,15,0,7922,0,0.000000e+00,0.000000e+00,1495568.2,2100072.0,26790.8,18.94,1.47
CSV,465010,46500,16,15,0,8022,0,0.000000e+00,0.000000e+00,1324247.8,2301436.8,26780.0,19.34,2.40
CSV,470010,47000,16,15,0,8122,0,0.000000e+00,0.000000e+00,1575223.6,2010343.9,29270.6,18.37,1.06
BER: END_SEQ #16 [LOCK] seq_err=0 BER_seq=0.0000e+00 | lock=16 slip=0 BER_cond=0.0000e+00 BER_cum=0.0000e+00
CSV,475010,47500,16,16,0,8176,0,0.000000e+00,0.000000e+00,1322168.1,2454855.8,30808.3,19.01,2.69
BER: SYNC #17 (gated)
CSV,480010,48000,17,16,0,8244,0,0.000000e+00,0.000000e+00,1359439.0,2321722.5,28327.6,19.14,2.32
CSV,485010,48500,17,16,0,8344,0,0.000000e+00,0.000000e+00,1797274.6,1673498.5,28706.9,17.97,0.31
CSV,490010,49000,17,16,0,8444,0,0.000000e+00,0.000000e+00,1531790.4,2095421.8,27988.4,18.74,1.36
CSV,495010,49500,17,16,0,8544,0,0.000000e+00,0.000000e+00,1395027.8,2310984.2,29744.8,18.90,2.19
CSV,500010,50000,17,16,0,8644,0,0.000000e+00,0.000000e+00,1511380.0,2044262.2,28964.7,18.49,1.31
BER: END_SEQ #17 [LOCK] seq_err=0 BER_seq=0.0000e+00 | lock=17 slip=0 BER_cond=0.0000e+00 BER_cum=0.0000e+00
CSV,505010,50500,17,17,0,8687,0,0.000000e+00,0.000000e+00,1265999.4,2339415.5,28927.2,19.08,2.67
BER: SYNC #18 (gated)
CSV,510010,51000,18,17,0,8767,0,0.000000e+00,0.000000e+00,1419927.8,2242077.5,27926.9,19.05,1.98
CSV,515010,51500,18,17,0,8867,0,0.000000e+00,0.000000e+00,1763205.1,1811782.5,27087.6,18.25,0.12
CSV,520010,52000,18,17,0,8967,0,0.000000e+00,0.000000e+00,1577565.0,1970340.1,27280.0,18.59,0.97
CSV,525010,52500,18,17,0,9067,0,0.000000e+00,0.000000e+00,1344282.0,2983821.2,34622.8,19.35,3.46
CSV,530010,53000,18,17,0,9167,0,0.000000e+00,0.000000e+00,1802460.4,3030100.8,19707.9,21.87,2.26
BER: END_SEQ #18 [LOCK] seq_err=0 BER_seq=0.0000e+00 | lock=18 slip=0 BER_cond=0.0000e+00 BER_cum=0.0000e+00
CSV,535010,53500,18,18,0,9198,0,0.000000e+00,0.000000e+00,1444604.2,2824562.8,26598.1,20.26,2.91
BER: SYNC #19 (gated)
CSV,540010,54000,19,18,0,9290,0,0.000000e+00,0.000000e+00,1818349.6,3066211.8,27151.4,20.53,2.27
CSV,545010,54500,19,18,0,9390,0,0.000000e+00,0.000000e+00,1907374.6,2021060.5,32960.3,17.88,0.25
CSV,550010,55000,19,18,0,9490,0,0.000000e+00,0.000000e+00,1495409.8,2192350.8,26340.1,19.20,1.66
CSV,555010,55500,19,18,0,9590,0,0.000000e+00,0.000000e+00,1470710.6,2266792.5,27908.6,19.10,1.88
CSV,560010,56000,19,18,0,9690,0,0.000000e+00,0.000000e+00,1442509.9,2200916.2,26678.8,19.16,1.83
BER: END_SEQ #19 [LOCK] seq_err=0 BER_seq=0.0000e+00 | lock=19 slip=0 BER_cond=0.0000e+00 BER_cum=0.0000e+00
BER: SYNC #20 (gated)
CSV,565010,56500,20,19,0,9713,0,0.000000e+00,0.000000e+00,1464022.9,2898484.2,25498.6,20.56,2.97
CSV,570010,57000,20,19,0,9813,0,0.000000e+00,0.000000e+00,1662616.9,3312134.2,15132.7,23.40,2.99
CSV,575010,57500,20,19,0,9913,0,0.000000e+00,0.000000e+00,2263116.5,2516497.0,10667.4,23.73,0.46
CSV,580010,58000,20,19,0,10013,0,0.000000e+00,0.000000e+00,1739849.2,3259307.0,10098.1,25.09,2.73
CSV,585010,58500,20,19,0,10112,0,0.000000e+00,0.000000e+00,1654099.1,3376394.5,11183.0,24.80,3.10
CSV,590010,59000,20,19,0,10212,0,0.000000e+00,0.000000e+00,1707794.2,3356918.5,10391.9,25.09,2.94
BER: END_SEQ #20 [LOCK] seq_err=0 BER_seq=0.0000e+00 | lock=20 slip=0 BER_cond=0.0000e+00 BER_cum=0.0000e+00
BER: SYNC #21 (gated)
CSV,595010,59500,21,20,0,10235,0,0.000000e+00,0.000000e+00,1565248.8,3728371.2,11288.5,25.19,3.77
CSV,600010,60000,21,20,0,10335,0,0.000000e+00,0.000000e+00,1856771.1,2993328.8,11248.1,24.25,2.07
CSV,605010,60500,21,20,0,10435,0,0.000000e+00,0.000000e+00,2000887.0,2749795.8,10143.7,24.33,1.38
CSV,610010,61000,21,20,0,10535,0,0.000000e+00,0.000000e+00,1805765.0,3173806.0,10752.7,24.70,2.45
CSV,615010,61500,21,20,0,10635,0,0.000000e+00,0.000000e+00,1737671.6,3433516.0,10127.5,25.30,2.96
BER: END_SEQ #21 [LOCK] seq_err=0 BER_seq=0.0000e+00 | lock=21 slip=0 BER_cond=0.0000e+00 BER_cum=0.0000e+00
CSV,620010,62000,21,21,0,10731,0,0.000000e+00,0.000000e+00,1600873.2,3560053.0,11174.3,25.03,3.47
BER: SYNC #22 (gated)
CSV,625010,62500,22,21,0,10758,0,0.000000e+00,0.000000e+00,1596985.0,3330287.5,10569.5,24.98,3.19
CSV,630010,63000,22,21,0,10858,0,0.000000e+00,0.000000e+00,2003128.6,2760897.0,12789.0,23.34,1.39
CSV,635010,63500,22,21,0,10958,0,0.000000e+00,0.000000e+00,1942307.1,3009447.5,10114.9,24.74,1.90
CSV,640010,64000,22,21,0,11058,0,0.000000e+00,0.000000e+00,1750938.6,3296974.2,10595.5,24.93,2.75
CSV,645010,64500,22,21,0,11158,0,0.000000e+00,0.000000e+00,1700549.0,3285887.8,10500.7,24.95,2.86
BER: END_SEQ #22 [LOCK] seq_err=0 BER_seq=0.0000e+00 | lock=22 slip=0 BER_cond=0.0000e+00 BER_cum=0.0000e+00
CSV,650010,65000,22,22,0,11242,0,0.000000e+00,0.000000e+00,1633005.1,3396201.8,10548.3,25.08,3.18
BER: SYNC #23 (gated)
CSV,655010,65500,23,22,0,11281,0,0.000000e+00,0.000000e+00,1789290.9,3236764.0,10115.5,25.05,2.57
CSV,660010,66000,23,22,0,11381,0,0.000000e+00,0.000000e+00,1995494.9,2823587.8,9870.5,24.56,1.51
CSV,665010,66500,23,22,0,11481,0,0.000000e+00,0.000000e+00,1678539.9,3305028.2,10721.0,24.89,2.94
CSV,670010,67000,23,22,0,11581,0,0.000000e+00,0.000000e+00,1778422.4,3180349.2,11204.3,24.53,2.52
CSV,675010,67500,23,22,0,11681,0,0.000000e+00,0.000000e+00,1677362.9,3428852.5,11630.5,24.70,3.11
BER: END_SEQ #23 [LOCK] seq_err=0 BER_seq=0.0000e+00 | lock=23 slip=0 BER_cond=0.0000e+00 BER_cum=0.0000e+00
CSV,680010,68000,23,23,0,11753,0,0.000000e+00,0.000000e+00,1659340.5,3343682.5,13229.5,24.03,3.04
BER: SYNC #24 (gated)
CSV,685010,68500,24,23,0,11803,0,0.000000e+00,0.000000e+00,1661771.1,3293016.2,10128.7,25.12,2.97
CSV,690010,69000,24,23,0,11903,0,0.000000e+00,0.000000e+00,2050015.1,2708641.5,11268.3,23.81,1.21
CSV,695010,69500,24,23,0,12003,0,0.000000e+00,0.000000e+00,1686069.9,3393191.2,11476.5,24.71,3.04
CSV,700010,70000,24,23,0,12103,0,0.000000e+00,0.000000e+00,1766256.8,3214173.5,13086.1,23.90,2.60
CSV,705010,70500,24,23,0,12203,0,0.000000e+00,0.000000e+00,1709801.8,3215521.5,11383.8,24.51,2.74
BER: END_SEQ #24 [LOCK] seq_err=0 BER_seq=0.0000e+00 | lock=24 slip=0 BER_cond=0.0000e+00 BER_cum=0.0000e+00
CSV,710010,71000,24,24,0,12264,0,0.000000e+00,0.000000e+00,1650945.8,3306992.8,10598.8,24.94,3.02
BER: SYNC #25 (gated)
CSV,715010,71500,25,24,0,12326,0,0.000000e+00,0.000000e+00,1685876.4,3426760.5,9399.9,25.62,3.08
CSV,720010,72000,25,24,0,12426,0,0.000000e+00,0.000000e+00,2173385.5,2569157.0,9107.4,24.50,0.73
CSV,725010,72500,25,24,0,12526,0,0.000000e+00,0.000000e+00,1754137.8,3100610.0,13214.5,23.70,2.47
CSV,730010,73000,25,24,0,12626,0,0.000000e+00,0.000000e+00,1586432.2,3341583.2,12726.4,24.19,3.24
CSV,735010,73500,25,24,0,12726,0,0.000000e+00,0.000000e+00,1748345.9,3119205.8,13754.5,23.56,2.51
BER: END_SEQ #25 [LOCK] seq_err=0 BER_seq=0.0000e+00 | lock=25 slip=0 BER_cond=0.0000e+00 BER_cum=0.0000e+00
CSV,740010,74000,25,25,0,12775,0,0.000000e+00,0.000000e+00,1506749.8,3025265.0,17142.4,22.47,3.03
BER: SYNC #26 (gated)
CSV,745010,74500,26,25,0,12849,0,0.000000e+00,0.000000e+00,1345230.0,2304012.0,27377.8,19.25,2.34
CSV,750010,75000,26,25,0,12949,0,0.000000e+00,0.000000e+00,1747732.1,1781282.8,24709.6,18.58,0.08
CSV,755010,75500,26,25,0,13049,0,0.000000e+00,0.000000e+00,1536301.0,2053266.5,27966.4,18.66,1.26
CSV,760010,76000,26,25,0,13149,0,0.000000e+00,0.000000e+00,1274943.8,2452566.5,25515.8,19.83,2.84
CSV,765010,76500,26,25,0,13249,0,0.000000e+00,0.000000e+00,1598392.4,2551212.2,21698.8,20.70,2.03
BER: END_SEQ #26 [LOCK] seq_err=0 BER_seq=0.0000e+00 | lock=26 slip=0 BER_cond=0.0000e+00 BER_cum=0.0000e+00
CSV,770010,77000,26,26,0,13286,0,0.000000e+00,0.000000e+00,1470796.9,3065806.5,16720.8,22.63,3.19
BER: SYNC #27 (gated)
CSV,775010,77500,27,26,0,13372,0,0.000000e+00,0.000000e+00,1415136.2,2225896.8,27604.2,19.07,1.97
CSV,780010,78000,27,26,0,13472,0,0.000000e+00,0.000000e+00,1936715.4,2448939.2,18624.9,21.19,1.02
CSV,785010,78500,27,26,0,13571,0,0.000000e+00,0.000000e+00,1754202.5,3118601.5,9629.1,25.10,2.50
CSV,790010,79000,27,26,0,13671,0,0.000000e+00,0.000000e+00,1595315.2,3251088.2,12504.7,24.15,3.09
CSV,795010,79500,27,26,0,13771,0,0.000000e+00,0.000000e+00,1679935.8,3138140.8,19270.4,22.12,2.71
BER: END_SEQ #27 [LOCK] seq_err=0 BER_seq=0.0000e+00 | lock=27 slip=0 BER_cond=0.0000e+00 BER_cum=0.0000e+00
CSV,800010,80000,27,27,0,13797,0,0.000000e+00,0.000000e+00,1539048.5,3349616.8,20323.5,22.17,3.38
BER: SYNC #28 (gated)
CSV,805010,80500,28,27,0,13894,0,0.000000e+00,0.000000e+00,1744214.1,3126932.8,11244.3,24.44,2.54
CSV,810010,81000,28,27,0,13994,0,0.000000e+00,0.000000e+00,2098085.0,2417855.5,11974.3,23.05,0.62
CSV,815010,81500,28,27,0,14094,0,0.000000e+00,0.000000e+00,1688690.5,3229354.0,13910.4,23.66,2.82
CSV,820010,82000,28,27,0,14194,0,0.000000e+00,0.000000e+00,1678992.9,3281124.8,15671.9,23.21,2.91
CSV,825010,82500,28,27,0,14294,0,0.000000e+00,0.000000e+00,1602668.1,3279945.5,14323.3,23.60,3.11
BER: END_SEQ #28 [LOCK] seq_err=0 BER_seq=0.0000e+00 | lock=28 slip=0 BER_cond=0.0000e+00 BER_cum=0.0000e+00
BER: SYNC #29 (gated)
CSV,830010,83000,29,28,0,14317,0,0.000000e+00,0.000000e+00,1513656.9,3295134.0,14784.8,23.48,3.38
CSV,835010,83500,29,28,0,14417,0,0.000000e+00,0.000000e+00,1705788.0,3109383.8,18969.5,22.15,2.61
CSV,840010,84000,29,28,0,14517,0,0.000000e+00,0.000000e+00,2079524.4,2641866.5,11063.5,23.78,1.04
CSV,845010,84500,29,28,0,14617,0,0.000000e+00,0.000000e+00,1777724.2,3081249.8,10401.7,24.72,2.39
CSV,850010,85000,29,28,0,14717,0,0.000000e+00,0.000000e+00,1580325.0,3337905.0,9701.8,25.37,3.25
CSV,855010,85500,29,28,0,14817,0,0.000000e+00,0.000000e+00,1644038.4,3399680.2,10040.6,25.30,3.16
BER: END_SEQ #29 [LOCK] seq_err=0 BER_seq=0.0000e+00 | lock=29 slip=0 BER_cond=0.0000e+00 BER_cum=0.0000e+00
BER: SYNC #30 (gated)
CSV,860010,86000,30,29,0,14840,0,0.000000e+00,0.000000e+00,1630741.8,3439733.5,10407.4,25.19,3.24
CSV,865010,86500,30,29,0,14940,0,0.000000e+00,0.000000e+00,1821529.5,3009237.8,10666.3,24.50,2.18
CSV,870010,87000,30,29,0,15040,0,0.000000e+00,0.000000e+00,1975596.0,2680614.8,11594.7,23.64,1.33
CSV,875010,87500,30,29,0,15140,0,0.000000e+00,0.000000e+00,1550185.9,2772366.0,35337.0,18.95,2.52
CSV,880010,88000,30,29,0,15240,0,0.000000e+00,0.000000e+00,1696766.2,3218597.0,14955.0,23.33,2.78
BER: END_SEQ #30 [LOCK] seq_err=0 BER_seq=0.0000e+00 | lock=30 slip=0 BER_cond=0.0000e+00 BER_cum=0.0000e+00
CSV,885010,88500,30,30,0,15330,0,0.000000e+00,0.000000e+00,1571914.2,3388592.5,9885.8,25.35,3.34
BER: SYNC #31 (gated)
CSV,890010,89000,31,30,0,15362,0,0.000000e+00,0.000000e+00,1605742.9,3259187.5,10063.0,25.10,3.07
CSV,895010,89500,31,30,0,15462,0,0.000000e+00,0.000000e+00,1957595.6,2714818.8,17609.8,21.88,1.42
CSV,900010,90000,31,30,0,15562,0,0.000000e+00,0.000000e+00,1736725.4,3227637.0,15787.2,23.11,2.69
CSV,905010,90500,31,30,0,15662,0,0.000000e+00,0.000000e+00,1714127.8,3119118.0,13729.5,23.56,2.60
CSV,910010,91000,31,30,0,15762,0,0.000000e+00,0.000000e+00,1743285.8,2972491.2,17183.4,22.38,2.32
BER: END_SEQ #31 [LOCK] seq_err=0 BER_seq=0.0000e+00 | lock=31 slip=0 BER_cond=0.0000e+00 BER_cum=0.0000e+00
CSV,915010,91500,31,31,0,15841,0,0.000000e+00,0.000000e+00,1546434.5,3398799.2,16978.6,23.01,3.42
BER: SYNC #32 (gated)
CSV,920010,92000,32,31,0,15885,0,0.000000e+00,0.000000e+00,1724135.0,3178154.5,13873.8,23.60,2.66
CSV,925010,92500,32,31,0,15985,0,0.000000e+00,0.000000e+00,1996749.1,2630078.8,13945.4,22.76,1.20
CSV,930010,93000,32,31,0,16085,0,0.000000e+00,0.000000e+00,1632606.9,3186621.2,15549.9,23.12,2.90
CSV,935010,93500,32,31,0,16185,0,0.000000e+00,0.000000e+00,1710805.6,3148094.2,13937.8,23.54,2.65
CSV,940010,94000,32,31,0,16285,0,0.000000e+00,0.000000e+00,1627604.5,3312510.8,17513.2,22.77,3.09
BER: END_SEQ #32 [LOCK] seq_err=0 BER_seq=0.0000e+00 | lock=32 slip=0 BER_cond=0.0000e+00 BER_cum=0.0000e+00
CSV,945010,94500,32,32,0,16352,0,0.000000e+00,0.000000e+00,1652946.9,3214172.0,13157.0,23.88,2.89
BER: SYNC #33 (gated)
CSV,950010,95000,33,32,0,16408,0,0.000000e+00,0.000000e+00,1626497.5,3222605.8,9960.6,25.10,2.97
CSV,955010,95500,33,32,0,16508,0,0.000000e+00,0.000000e+00,2038243.4,2554968.2,10215.2,23.98,0.98
CSV,960010,96000,33,32,0,16608,0,0.000000e+00,0.000000e+00,1754614.8,3236638.0,11283.6,24.58,2.66
CSV,965010,96500,33,32,0,16708,0,0.000000e+00,0.000000e+00,1561688.2,3409908.5,10959.9,24.93,3.39
CSV,970010,97000,33,32,0,16808,0,0.000000e+00,0.000000e+00,1811200.4,2937677.5,11020.2,24.26,2.10
BER: END_SEQ #33 [LOCK] seq_err=0 BER_seq=0.0000e+00 | lock=33 slip=0 BER_cond=0.0000e+00 BER_cum=0.0000e+00
CSV,975010,97500,33,33,0,16863,0,0.000000e+00,0.000000e+00,1538867.0,3389476.5,10241.4,25.20,3.43
BER: SYNC #34 (gated)
CSV,980010,98000,34,33,0,16931,0,0.000000e+00,0.000000e+00,1599884.9,3431604.5,10809.2,25.02,3.31
CSV,985010,98500,34,33,0,17031,0,0.000000e+00,0.000000e+00,2110926.5,2470035.5,10582.6,23.68,0.68
CSV,990010,99000,34,33,0,17130,0,0.000000e+00,0.000000e+00,1721468.1,3041625.5,11059.5,24.39,2.47
CSV,995010,99500,34,33,0,17230,0,0.000000e+00,0.000000e+00,1568139.2,3427833.2,10001.3,25.35,3.40
CSV,1000010,100000,34,33,0,17330,0,0.000000e+00,0.000000e+00,1782900.1,2996821.0,16337.8,22.63,2.26
BER: END_SEQ #34 [LOCK] seq_err=0 BER_seq=0.0000e+00 | lock=34 slip=0 BER_cond=0.0000e+00 BER_cum=0.0000e+00
CSV,1005010,100500,34,34,0,17374,0,0.000000e+00,0.000000e+00,1508746.6,3409295.5,18038.2,22.76,3.54
BER: SYNC #35 (gated)
CSV,1010010,101000,35,34,0,17453,0,0.000000e+00,0.000000e+00,1595523.6,3305358.5,11504.0,24.58,3.16
CSV,1015010,101500,35,34,0,17553,0,0.000000e+00,0.000000e+00,2015583.6,2579597.0,10762.7,23.80,1.07
CSV,1020010,102000,35,34,0,17653,0,0.000000e+00,0.000000e+00,1849913.5,2960792.0,9967.9,24.73,2.04
CSV,1025010,102500,35,34,0,17753,0,0.000000e+00,0.000000e+00,1473137.8,3546623.2,9327.5,25.80,3.82
CSV,1030010,103000,35,34,0,17853,0,0.000000e+00,0.000000e+00,1720009.1,3043313.2,10583.8,24.59,2.48
BER: END_SEQ #35 [LOCK] seq_err=0 BER_seq=0.0000e+00 | lock=35 slip=0 BER_cond=0.0000e+00 BER_cum=0.0000e+00
CSV,1035010,103500,35,35,0,17885,0,0.000000e+00,0.000000e+00,1465053.8,3371729.5,11202.5,24.79,3.62
BER: SYNC #36 (gated)
CSV,1040010,104000,36,35,0,17976,0,0.000000e+00,0.000000e+00,1479476.4,2117909.0,26435.1,19.04,1.56
CSV,1045010,104500,36,35,0,18076,0,0.000000e+00,0.000000e+00,1714582.2,1870586.0,31297.3,17.76,0.38
CSV,1050010,105000,36,35,0,18176,0,0.000000e+00,0.000000e+00,1421934.9,2180774.0,50917.5,16.32,1.86
CSV,1055010,105500,36,35,0,18276,0,0.000000e+00,0.000000e+00,1322858.4,2154142.2,28685.8,18.76,2.12
CSV,1060010,106000,36,35,0,18376,0,0.000000e+00,0.000000e+00,1381804.2,2067576.5,28424.3,18.62,1.75
BER: END_SEQ #36 [LOCK] seq_err=0 BER_seq=0.0000e+00 | lock=36 slip=0 BER_cond=0.0000e+00 BER_cum=0.0000e+00
BER: SYNC #37 (gated)
CSV,1065010,106500,37,36,0,18399,0,0.000000e+00,0.000000e+00,1248906.0,2298968.8,29388.3,18.93,2.65
CSV,1070010,107000,37,36,0,18499,0,0.000000e+00,0.000000e+00,1328169.6,2094891.2,26768.9,18.94,1.98
CSV,1075010,107500,37,36,0,18599,0,0.000000e+00,0.000000e+00,1675646.9,1572122.0,27326.5,17.88,0.28
CSV,1080010,108000,37,36,0,18699,0,0.000000e+00,0.000000e+00,1359139.2,2117008.8,27233.0,18.91,1.92
CSV,1085010,108500,37,36,0,18799,0,0.000000e+00,0.000000e+00,1502941.8,2717429.0,16576.3,22.15,2.57
CSV,1090010,109000,37,36,0,18898,0,0.000000e+00,0.000000e+00,1636649.5,3210233.5,10641.2,24.80,2.93
BER: END_SEQ #37 [LOCK] seq_err=0 BER_seq=0.0000e+00 | lock=37 slip=0 BER_cond=0.0000e+00 BER_cum=0.0000e+00
BER: SYNC #38 (gated)
CSV,1095010,109500,38,37,0,18921,0,0.000000e+00,0.000000e+00,1371222.2,3544546.0,9593.7,25.68,4.12
CSV,1100010,110000,38,37,0,19021,0,0.000000e+00,0.000000e+00,1768452.1,2972308.8,11363.2,24.18,2.26
CSV,1105010,110500,38,37,0,19121,0,0.000000e+00,0.000000e+00,1964137.1,2704545.2,10792.7,23.99,1.39
CSV,1110010,111000,38,37,0,19221,0,0.000000e+00,0.000000e+00,1665366.5,3023722.0,12156.9,23.96,2.59
CSV,1115010,111500,38,37,0,19321,0,0.000000e+00,0.000000e+00,1543809.5,3139346.2,13188.5,23.77,3.08
BER: END_SEQ #38 [LOCK] seq_err=0 BER_seq=0.0000e+00 | lock=38 slip=0 BER_cond=0.0000e+00 BER_cum=0.0000e+00
CSV,1120010,112000,38,38,0,19418,0,0.000000e+00,0.000000e+00,1496272.4,3408424.2,10199.1,25.24,3.58
BER: SYNC #39 (gated)
CSV,1125010,112500,39,38,0,19444,0,0.000000e+00,0.000000e+00,1556747.6,3388318.8,10669.0,25.02,3.38
CSV,1130010,113000,39,38,0,19544,0,0.000000e+00,0.000000e+00,1824983.9,2687566.5,10545.5,24.06,1.68
CSV,1135010,113500,39,38,0,19644,0,0.000000e+00,0.000000e+00,1743460.8,2748151.5,9424.5,24.65,1.98
CSV,1140010,114000,39,38,0,19744,0,0.000000e+00,0.000000e+00,1579049.1,3149759.2,9969.8,25.00,3.00
CSV,1145010,114500,39,38,0,19844,0,0.000000e+00,0.000000e+00,1588884.9,3185391.2,10331.0,24.89,3.02
BER: END_SEQ #39 [LOCK] seq_err=0 BER_seq=0.0000e+00 | lock=39 slip=0 BER_cond=0.0000e+00 BER_cum=0.0000e+00
CSV,1150010,115000,39,39,0,19929,0,0.000000e+00,0.000000e+00,1462858.6,3323054.2,9588.3,25.40,3.56
BER: SYNC #40 (gated)
CSV,1155010,115500,40,39,0,19967,0,0.000000e+00,0.000000e+00,1549128.5,3060139.5,9978.7,24.87,2.96
CSV,1160010,116000,40,39,0,20067,0,0.000000e+00,0.000000e+00,1813215.6,2658382.0,8998.4,24.70,1.66
CSV,1165010,116500,40,39,0,20167,0,0.000000e+00,0.000000e+00,1577472.4,3128798.0,8308.0,25.76,2.97
CSV,1170010,117000,40,39,0,20267,0,0.000000e+00,0.000000e+00,1501959.1,2784429.5,13212.9,23.24,2.68
CSV,1175010,117500,40,39,0,20367,0,0.000000e+00,0.000000e+00,1253530.2,2437822.0,30692.8,19.00,2.89
BER: END_SEQ #40 [LOCK] seq_err=0 BER_seq=0.0000e+00 | lock=40 slip=0 BER_cond=0.0000e+00 BER_cum=0.0000e+00
CSV,1180010,118000,40,40,0,20440,0,0.000000e+00,0.000000e+00,1135618.8,1946049.4,26598.3,18.64,2.34
BER: SYNC #41 (gated)
CSV,1185010,118500,41,40,0,20490,0,0.000000e+00,0.000000e+00,1179319.4,2004092.1,26589.2,18.77,2.30
CSV,1190010,119000,41,40,0,20590,0,0.000000e+00,0.000000e+00,1621132.8,2086999.4,18373.4,20.55,1.10
CSV,1195010,119500,41,40,0,20689,0,0.000000e+00,0.000000e+00,1398944.6,2964633.0,14202.5,23.20,3.26
CSV,1200010,120000,41,40,0,20789,0,0.000000e+00,0.000000e+00,1391673.8,2592431.8,20851.6,20.95,2.70
CSV,1205010,120500,41,40,0,20889,0,0.000000e+00,0.000000e+00,1224468.4,1996091.0,32698.2,17.86,2.12
BER: END_SEQ #41 [LOCK] seq_err=0 BER_seq=0.0000e+00 | lock=41 slip=0 BER_cond=0.0000e+00 BER_cum=0.0000e+00
CSV,1210010,121000,41,41,0,20951,0,0.000000e+00,0.000000e+00,1107717.5,2065568.9,25909.6,19.02,2.71
BER: SYNC #42 (gated)
CSV,1215010,121500,42,41,0,21012,0,0.000000e+00,0.000000e+00,1118680.1,1942597.1,26598.2,18.64,2.40
CSV,1220010,122000,42,41,0,21112,0,0.000000e+00,0.000000e+00,1436816.9,1553849.9,34621.4,16.52,0.34
CSV,1225010,122500,42,41,0,21212,0,0.000000e+00,0.000000e+00,1351787.5,2198153.0,39040.8,17.51,2.11
CSV,1230010,123000,42,41,0,21312,0,0.000000e+00,0.000000e+00,1304365.9,2726003.2,25861.2,20.23,3.20
CSV,1235010,123500,42,41,0,21412,0,0.000000e+00,0.000000e+00,1480276.5,2905533.8,8033.8,25.58,2.93
BER: END_SEQ #42 [LOCK] seq_err=0 BER_seq=0.0000e+00 | lock=42 slip=0 BER_cond=0.0000e+00 BER_cum=0.0000e+00
CSV,1240010,124000,42,42,0,21462,0,0.000000e+00,0.000000e+00,1178053.1,2464743.2,31483.5,18.94,3.21
BER: SYNC #43 (gated)
CSV,1245010,124500,43,42,0,21535,0,0.000000e+00,0.000000e+00,1371400.5,3106390.0,12702.7,23.88,3.55
CSV,1250010,125000,43,42,0,21635,0,0.000000e+00,0.000000e+00,1750462.2,2288231.2,13556.2,22.27,1.16
CSV,1255010,125500,43,42,0,21735,0,0.000000e+00,0.000000e+00,1438803.9,2530819.0,18365.6,21.39,2.45
CSV,1260010,126000,43,42,0,21835,0,0.000000e+00,0.000000e+00,986521.2,2137229.0,26880.7,19.00,3.36
CSV,1265010,126500,43,42,0,21935,0,0.000000e+00,0.000000e+00,1253322.1,1841057.0,26665.9,18.39,1.67
BER: END_SEQ #43 [LOCK] seq_err=0 BER_seq=0.0000e+00 | lock=43 slip=0 BER_cond=0.0000e+00 BER_cum=0.0000e+00
CSV,1270010,127000,43,43,0,21973,0,0.000000e+00,0.000000e+00,1155117.5,2373968.5,30495.7,18.91,3.13
BER: SYNC #44 (gated)
CSV,1275010,127500,44,43,0,22058,0,0.000000e+00,0.000000e+00,1393433.5,2919349.2,15463.1,22.76,3.21
CSV,1280010,128000,44,43,0,22158,0,0.000000e+00,0.000000e+00,1661209.1,2421429.8,13235.5,22.62,1.64
CSV,1285010,128500,44,43,0,22258,0,0.000000e+00,0.000000e+00,1279213.0,1876987.6,24962.9,18.76,1.67
CSV,1290010,129000,44,43,0,22358,0,0.000000e+00,0.000000e+00,1094860.2,1972877.5,26681.4,18.69,2.56
CSV,1295010,129500,44,43,0,22458,0,0.000000e+00,0.000000e+00,1130915.4,1865134.6,28679.7,18.13,2.17
BER: END_SEQ #44 [LOCK] seq_err=0 BER_seq=0.0000e+00 | lock=44 slip=0 BER_cond=0.0000e+00 BER_cum=0.0000e+00
CSV,1300010,130000,44,44,0,22484,0,0.000000e+00,0.000000e+00,994954.6,2103754.5,31037.2,18.31,3.25
BER: SYNC #45 (gated)
CSV,1305010,130500,45,44,0,22580,0,0.000000e+00,0.000000e+00,1234718.9,2067931.9,106834.2,12.87,2.24
CSV,1310010,131000,45,44,0,22680,0,0.000000e+00,0.000000e+00,1477817.0,1567165.5,83996.7,12.71,0.25
CSV,1315010,131500,45,44,0,22780,0,0.000000e+00,0.000000e+00,1170957.5,2048746.4,159596.8,11.08,2.43
CSV,1320010,132000,45,44,0,22880,0,0.000000e+00,0.000000e+00,1174822.1,2075317.6,180871.9,10.60,2.47
CSV,1325010,132500,45,44,0,22980,0,0.000000e+00,0.000000e+00,1150947.4,2172183.0,198248.5,10.40,2.76
BER: END_SEQ #45 [LOCK] seq_err=0 BER_seq=0.0000e+00 | lock=45 slip=0 BER_cond=0.0000e+00 BER_cum=0.0000e+00
BER: SYNC #46 (gated)
CSV,1330010,133000,46,45,0,23003,0,0.000000e+00,0.000000e+00,1089702.4,2127757.5,82659.2,14.11,2.91
CSV,1335010,133500,46,45,0,23103,0,0.000000e+00,0.000000e+00,1179174.6,2044276.6,139318.7,11.67,2.39
CSV,1340010,134000,46,45,0,23203,0,0.000000e+00,0.000000e+00,1427207.2,1599574.8,98478.9,12.11,0.50
CSV,1345010,134500,46,45,0,23303,0,0.000000e+00,0.000000e+00,1198126.4,1968951.5,49998.0,15.95,2.16
CSV,1350010,135000,46,45,0,23403,0,0.000000e+00,0.000000e+00,1157533.9,2103223.8,63432.5,15.21,2.59
CSV,1355010,135500,46,45,0,23503,0,0.000000e+00,0.000000e+00,1144781.6,1988912.9,52521.6,15.78,2.40
BER: END_SEQ #46 [LOCK] seq_err=0 BER_seq=0.0000e+00 | lock=46 slip=0 BER_cond=0.0000e+00 BER_cum=0.0000e+00
BER: SYNC #47 (gated)
CSV,1360010,136000,47,46,0,23526,0,0.000000e+00,0.000000e+00,1091120.5,2164405.8,62256.9,15.41,2.97
CSV,1365010,136500,47,46,0,23626,0,0.000000e+00,0.000000e+00,1283034.9,1914017.9,96153.5,12.99,1.74
CSV,1370010,137000,47,46,0,23726,0,0.000000e+00,0.000000e+00,1333472.5,1595457.6,27203.4,17.68,0.78
CSV,1375010,137500,47,46,0,23826,0,0.000000e+00,0.000000e+00,1098495.5,1932076.5,27042.1,18.54,2.45
CSV,1380010,138000,47,46,0,23926,0,0.000000e+00,0.000000e+00,1076615.6,1941928.4,27244.9,18.53,2.56
BER: END_SEQ #47 [LOCK] seq_err=0 BER_seq=0.0000e+00 | lock=47 slip=0 BER_cond=0.0000e+00 BER_cum=0.0000e+00
CSV,1385010,138500,47,47,0,24017,0,0.000000e+00,0.000000e+00,1080036.6,1952767.5,28289.8,18.39,2.57
BER: SYNC #48 (gated)
CSV,1390010,139000,48,47,0,24049,0,0.000000e+00,0.000000e+00,1105300.8,1967586.2,25050.7,18.95,2.50
CSV,1395010,139500,48,47,0,24149,0,0.000000e+00,0.000000e+00,1298885.4,1583525.5,27175.6,17.65,0.86
CSV,1400010,140000,48,47,0,24248,0,0.000000e+00,0.000000e+00,1119171.2,1808905.0,27461.4,18.19,2.09
CSV,1405010,140500,48,47,0,24348,0,0.000000e+00,0.000000e+00,1123796.5,1882062.4,27270.1,18.39,2.24
CSV,1410010,141000,48,47,0,24448,0,0.000000e+00,0.000000e+00,1190030.1,1793249.6,27059.3,18.21,1.78
BER: END_SEQ #48 [LOCK] seq_err=0 BER_seq=0.0000e+00 | lock=48 slip=0 BER_cond=0.0000e+00 BER_cum=0.0000e+00
CSV,1415010,141500,48,48,0,24528,0,0.000000e+00,0.000000e+00,1013123.3,2043804.9,30971.3,18.19,3.05
BER: SYNC #49 (gated)
CSV,1420010,142000,49,48,0,24571,0,0.000000e+00,0.000000e+00,1091242.8,1797362.2,26052.4,18.39,2.17
CSV,1425010,142500,49,48,0,24671,0,0.000000e+00,0.000000e+00,1308159.6,1576770.2,33331.9,16.75,0.81
CSV,1430010,143000,49,48,0,24771,0,0.000000e+00,0.000000e+00,1090660.5,1932410.9,26508.9,18.63,2.48
CSV,1435010,143500,49,48,0,24871,0,0.000000e+00,0.000000e+00,1138963.8,1822700.6,25758.8,18.50,2.04
CSV,1440010,144000,49,48,0,24971,0,0.000000e+00,0.000000e+00,1050119.9,1916137.8,25983.0,18.68,2.61
BER: END_SEQ #49 [LOCK] seq_err=0 BER_seq=0.0000e+00 | lock=49 slip=0 BER_cond=0.0000e+00 BER_cum=0.0000e+00
CSV,1445010,144500,49,49,0,25039,0,0.000000e+00,0.000000e+00,1082911.8,1894035.4,24937.8,18.81,2.43
BER: SYNC #50 (gated)
CSV,1450010,145000,50,49,0,25094,0,0.000000e+00,0.000000e+00,1127018.0,1891511.2,28191.2,18.27,2.25
CSV,1455010,145500,50,49,0,25194,0,0.000000e+00,0.000000e+00,1301280.2,1546691.2,27367.9,17.52,0.75
CSV,1460010,146000,50,49,0,25294,0,0.000000e+00,0.000000e+00,1099626.9,1845419.1,26957.5,18.35,2.25
CSV,1465010,146500,50,49,0,25394,0,0.000000e+00,0.000000e+00,1043236.9,1984030.2,26446.5,18.75,2.79
CSV,1470010,147000,50,49,0,25494,0,0.000000e+00,0.000000e+00,1193166.0,1753731.4,26899.0,18.14,1.67
BER: END_SEQ #50 [LOCK] seq_err=0 BER_seq=0.0000e+00 | lock=50 slip=0 BER_cond=0.0000e+00 BER_cum=0.0000e+00
CSV,1475010,147500,50,50,0,25550,0,0.000000e+00,0.000000e+00,1005857.6,2013218.5,25855.3,18.91,3.01
BER: SYNC #51 (gated)
CSV,1480010,148000,51,50,0,25617,0,0.000000e+00,0.000000e+00,1052753.4,1888067.4,25951.8,18.62,2.54
CSV,1485010,148500,51,50,0,25717,0,0.000000e+00,0.000000e+00,1367106.2,1427608.2,25888.0,17.42,0.19
CSV,1490010,149000,51,50,0,25817,0,0.000000e+00,0.000000e+00,1163662.0,1810083.2,25049.4,18.59,1.92
CSV,1495010,149500,51,50,0,25917,0,0.000000e+00,0.000000e+00,1018447.4,1993185.1,25172.3,18.99,2.92
CSV,1500010,150000,51,50,0,26016,0,0.000000e+00,0.000000e+00,1131782.1,1722332.6,24463.2,18.48,1.82
BER: END_SEQ #51 [LOCK] seq_err=0 BER_seq=0.0000e+00 | lock=51 slip=0 BER_cond=0.0000e+00 BER_cum=0.0000e+00
CSV,1505010,150500,51,51,0,26061,0,0.000000e+00,0.000000e+00,976663.5,1968235.4,25409.0,18.89,3.04

=========================================
=== END OF TEST (duration=25 min) ===
=========================================
FINAL: syncs=51 lock=51 slip=0 slip_rate=0.0000
FINAL: bits_cum=26061 err_cum=0 BER_cum=0.0000e+00
FINAL: bits_lock=26061 err_lock=0 BER_cond=0.0000e+00
=========================================
=== STOP LOGGING NOW ===
=========================================
