

=== RX BOOT - BER TEST MODE ===
BPS_MODE=20 (HALF_SAMPLES=2000, 10000 samples/bit @ 200000 Hz)
Expect: 64-bit preamble + Barker13 (1F35h, gated by 8 preamble bits = 0x55) + 511-bit PRBS-9
Noise floor band: 5000 Hz; lock threshold: BER<0.10
Auto-stop: test will halt 25 min after the first sync.
RX: edge-tracking sync, center-3 voting
Starting decoder...

CSV,5010,500,0,0,0,0,0,0.000000e+00,0.000000e+00,1583514.5,3152805.8,28347.6,20.46,2.99
BER: SYNC #1 (gated)
CSV,10010,1000,1,0,0,94,0,0.000000e+00,0.000000e+00,1996179.6,2769215.0,24658.8,20.50,1.42
CSV,15010,1500,1,0,0,194,0,0.000000e+00,0.000000e+00,2349923.8,2239360.2,26462.3,19.48,0.21
CSV,20010,2000,1,0,0,294,0,0.000000e+00,0.000000e+00,1883690.4,2831293.0,24290.4,20.67,1.77
CSV,25010,2500,1,0,0,394,0,0.000000e+00,0.000000e+00,1828877.6,2846411.0,24002.5,20.74,1.92
CSV,30010,3000,1,0,0,494,0,0.000000e+00,0.000000e+00,1932078.5,2831073.8,25440.9,20.46,1.66
BER: END_SEQ #1 [LOCK] seq_err=0 BER_seq=0.0000e+00 | lock=1 slip=0 BER_cond=0.0000e+00 BER_cum=0.0000e+00
BER: SYNC #2 (gated)
CSV,35010,3500,2,1,0,517,0,0.000000e+00,0.000000e+00,1783721.1,3007179.5,24942.6,20.81,2.27
CSV,40010,4000,2,1,0,617,0,0.000000e+00,0.000000e+00,1845327.4,2826065.8,27361.4,20.14,1.85
CSV,45010,4500,2,1,0,717,0,0.000000e+00,0.000000e+00,2337845.2,2214897.8,26736.7,19.42,0.23
CSV,50010,5000,2,1,0,817,0,0.000000e+00,0.000000e+00,1968477.0,2773516.5,27214.5,20.08,1.49
CSV,55010,5500,2,1,0,917,0,0.000000e+00,0.000000e+00,1823480.8,2998151.8,27756.3,20.33,2.16
CSV,60010,6000,2,1,0,1017,0,0.000000e+00,0.000000e+00,1867474.0,2882669.5,24944.0,20.63,1.89
BER: END_SEQ #2 [LOCK] seq_err=0 BER_seq=0.0000e+00 | lock=2 slip=0 BER_cond=0.0000e+00 BER_cum=0.0000e+00
BER: SYNC #3 (gated)
CSV,65010,6500,3,2,0,1040,0,0.000000e+00,0.000000e+00,1708319.5,3039660.0,24025.2,21.02,2.50
CSV,70010,7000,3,2,0,1140,0,0.000000e+00,0.000000e+00,2455010.2,3282797.5,26502.5,20.93,1.26
CSV,75010,7500,3,2,0,1240,0,0.000000e+00,0.000000e+00,4564199.0,7785460.0,24824.7,24.96,2.32
CSV,80010,8000,3,2,0,1340,0,0.000000e+00,0.000000e+00,3903273.2,8456772.0,25107.6,25.27,3.36
CSV,85010,8500,3,2,0,1439,0,0.000000e+00,0.000000e+00,3743796.2,8726956.0,23091.3,25.77,3.68
BER: END_SEQ #3 [LOCK] seq_err=0 BER_seq=0.0000e+00 | lock=3 slip=0 BER_cond=0.0000e+00 BER_cum=0.0000e+00
CSV,90010,9000,3,3,0,1533,0,0.000000e+00,0.000000e+00,2639495.0,7650147.0,26730.9,24.57,4.62
BER: SYNC #4 (gated)
CSV,95010,9500,4,3,0,1562,0,0.000000e+00,0.000000e+00,2504889.5,5112027.0,24692.9,23.16,3.10
CSV,100010,10000,4,3,0,1662,0,0.000000e+00,0.000000e+00,2248721.2,2482270.8,24847.8,20.00,0.43
CSV,105010,10500,4,3,0,1762,0,0.000000e+00,0.000000e+00,2033415.9,2683520.8,26326.1,20.08,1.20
CSV,110010,11000,4,3,0,1862,0,0.000000e+00,0.000000e+00,1997730.2,2883999.8,25773.7,20.49,1.59
CSV,115010,11500,4,3,0,1962,0,0.000000e+00,0.000000e+00,2254876.5,3665250.5,18174.4,23.05,2.11
BER: END_SEQ #4 [LOCK] seq_err=0 BER_seq=0.0000e+00 | lock=4 slip=0 BER_cond=0.0000e+00 BER_cum=0.0000e+00
CSV,120010,12000,4,4,0,2044,0,0.000000e+00,0.000000e+00,2343649.2,5111404.5,7843.1,28.14,3.39
BER: SYNC #5 (gated)
CSV,125010,12500,5,4,0,2085,0,0.000000e+00,0.000000e+00,2501468.8,4758148.5,6957.9,28.35,2.79
CSV,130010,13000,5,4,0,2185,0,0.000000e+00,0.000000e+00,2850678.2,4011102.2,20593.0,22.90,1.48
CSV,135010,13500,5,4,0,2285,0,0.000000e+00,0.000000e+00,1986336.5,3080828.2,21699.3,21.52,1.91
CSV,140010,14000,5,4,0,2385,0,0.000000e+00,0.000000e+00,2122888.2,2981757.8,27037.3,20.43,1.48
CSV,145010,14500,5,4,0,2485,0,0.000000e+00,0.000000e+00,2335292.5,4734027.5,15720.9,24.79,3.07
BER: END_SEQ #5 [LOCK] seq_err=0 BER_seq=0.0000e+00 | lock=5 slip=0 BER_cond=0.0000e+00 BER_cum=0.0000e+00
CSV,150010,15000,5,5,0,2555,0,0.000000e+00,0.000000e+00,2417270.0,4908434.5,15688.6,24.95,3.08
BER: SYNC #6 (gated)
CSV,155010,15500,6,5,0,2608,0,0.000000e+00,0.000000e+00,2533263.8,4581281.0,22144.4,23.16,2.57
CSV,160010,16000,6,5,0,2708,0,0.000000e+00,0.000000e+00,2341276.2,2587870.8,25024.9,20.15,0.43
CSV,165010,16500,6,5,0,2808,0,0.000000e+00,0.000000e+00,1894670.5,2935992.2,24835.0,20.73,1.90
CSV,170010,17000,6,5,0,2908,0,0.000000e+00,0.000000e+00,1933160.9,3012475.8,25666.1,20.70,1.93
CSV,175010,17500,6,5,0,3008,0,0.000000e+00,0.000000e+00,2311555.5,3514211.0,47082.5,18.73,1.82
BER: END_SEQ #6 [LOCK] seq_err=0 BER_seq=0.0000e+00 | lock=6 slip=0 BER_cond=0.0000e+00 BER_cum=0.0000e+00
CSV,180010,18000,6,6,0,3066,0,0.000000e+00,0.000000e+00,2178659.5,4064692.5,26870.5,21.80,2.71
BER: SYNC #7 (gated)
CSV,185010,18500,7,6,0,3130,0,0.000000e+00,0.000000e+00,2152553.5,3838564.0,99844.0,15.85,2.51
CSV,190010,19000,7,6,0,3230,0,0.000000e+00,0.000000e+00,2654775.0,2411252.2,69208.6,15.84,0.42
CSV,195010,19500,7,6,0,3330,0,0.000000e+00,0.000000e+00,2143235.5,3375426.8,78344.0,16.34,1.97
CSV,200010,20000,7,6,0,3430,0,0.000000e+00,0.000000e+00,1874208.2,3007608.8,24307.5,20.92,2.05
CSV,205010,20500,7,6,0,3530,0,0.000000e+00,0.000000e+00,1963710.2,2817350.5,23111.0,20.86,1.57
BER: END_SEQ #7 [LOCK] seq_err=0 BER_seq=0.0000e+00 | lock=7 slip=0 BER_cond=0.0000e+00 BER_cum=0.0000e+00
CSV,210010,21000,7,7,0,3577,0,0.000000e+00,0.000000e+00,1781627.9,3109673.2,27469.4,20.54,2.42
BER: SYNC #8 (gated)
CSV,215010,21500,8,7,0,3653,0,0.000000e+00,0.000000e+00,1892708.8,3117726.8,23557.4,21.22,2.17
CSV,220010,22000,8,7,0,3753,0,0.000000e+00,0.000000e+00,2454485.5,2625478.8,39325.1,18.25,0.29
CSV,225010,22500,8,7,0,3853,0,0.000000e+00,0.000000e+00,2259542.2,3242462.5,71199.1,16.58,1.57
CSV,230010,23000,8,7,0,3953,0,0.000000e+00,0.000000e+00,1909147.2,3854219.0,42507.1,19.57,3.05
CSV,235010,23500,8,7,0,4053,0,0.000000e+00,0.000000e+00,2123233.2,2687931.8,24164.2,20.46,1.02
BER: END_SEQ #8 [LOCK] seq_err=0 BER_seq=0.0000e+00 | lock=8 slip=0 BER_cond=0.0000e+00 BER_cum=0.0000e+00
CSV,240010,24000,8,8,0,4088,0,0.000000e+00,0.000000e+00,1738736.2,3096186.5,26826.3,20.62,2.51
BER: SYNC #9 (gated)
CSV,245010,24500,9,8,0,4176,0,0.000000e+00,0.000000e+00,1918430.1,2839144.8,26061.0,20.37,1.70
CSV,250010,25000,9,8,0,4276,0,0.000000e+00,0.000000e+00,2346620.8,2281786.0,25370.6,19.66,0.12
CSV,255010,25500,9,8,0,4376,0,0.000000e+00,0.000000e+00,2022256.2,2827019.0,25676.7,20.42,1.45
CSV,260010,26000,9,8,0,4476,0,0.000000e+00,0.000000e+00,1920933.8,2868318.5,24175.3,20.74,1.74
CSV,265010,26500,9,8,0,4576,0,0.000000e+00,0.000000e+00,1895687.1,2838828.2,21889.1,21.13,1.75
BER: END_SEQ #9 [LOCK] seq_err=0 BER_seq=0.0000e+00 | lock=9 slip=0 BER_cond=0.0000e+00 BER_cum=0.0000e+00
BER: SYNC #10 (gated)
CSV,270010,27000,10,9,0,4599,0,0.000000e+00,0.000000e+00,1644822.0,3142122.5,24748.2,21.04,2.81
CSV,275010,27500,10,9,0,4699,0,0.000000e+00,0.000000e+00,2010551.9,2834395.0,24999.8,20.55,1.49
CSV,280010,28000,10,9,0,4799,0,0.000000e+00,0.000000e+00,2329974.5,2313487.2,25015.6,19.69,0.03
CSV,285010,28500,10,9,0,4898,0,0.000000e+00,0.000000e+00,1949082.1,2635701.2,24866.5,20.25,1.31
CSV,290010,29000,10,9,0,4998,0,0.000000e+00,0.000000e+00,1757363.4,3005421.2,25131.8,20.78,2.33
CSV,295010,29500,10,9,0,5098,0,0.000000e+00,0.000000e+00,1966208.4,2864824.0,23198.8,20.92,1.63
BER: END_SEQ #10 [LOCK] seq_err=0 BER_seq=0.0000e+00 | lock=10 slip=0 BER_cond=0.0000e+00 BER_cum=0.0000e+00
BER: SYNC #11 (gated)
CSV,300010,30000,11,10,0,5121,0,0.000000e+00,0.000000e+00,1673435.6,3100765.0,25125.6,20.91,2.68
CSV,305010,30500,11,10,0,5221,0,0.000000e+00,0.000000e+00,1900179.6,2757577.0,21605.5,21.06,1.62
CSV,310010,31000,11,10,0,5321,0,0.000000e+00,0.000000e+00,2202207.5,2387594.2,26248.4,19.59,0.35
CSV,315010,31500,11,10,0,5421,0,0.000000e+00,0.000000e+00,2014960.6,2731145.0,25172.6,20.35,1.32
CSV,320010,32000,11,10,0,5521,0,0.000000e+00,0.000000e+00,1724309.1,3008079.0,24971.5,20.81,2.42
BER: END_SEQ #11 [LOCK] seq_err=0 BER_seq=0.0000e+00 | lock=11 slip=0 BER_cond=0.0000e+00 BER_cum=0.0000e+00
CSV,325010,32500,11,11,0,5621,0,0.000000e+00,0.000000e+00,1807157.4,2885348.8,23397.8,20.91,2.03
BER: SYNC #12 (gated)
CSV,330010,33000,12,11,0,5644,0,0.000000e+00,0.000000e+00,1726643.6,2876065.5,25302.4,20.56,2.22
CSV,335010,33500,12,11,0,5744,0,0.000000e+00,0.000000e+00,2117390.2,2548792.8,23957.2,20.27,0.81
CSV,340010,34000,12,11,0,5844,0,0.000000e+00,0.000000e+00,2170928.8,2405057.2,26975.4,19.50,0.44
CSV,345010,34500,12,11,0,5944,0,0.000000e+00,0.000000e+00,1859335.5,2707340.2,25697.9,20.23,1.63
CSV,350010,35000,12,11,0,6044,0,0.000000e+00,0.000000e+00,1791328.8,2867220.0,25125.3,20.57,2.04
BER: END_SEQ #12 [LOCK] seq_err=0 BER_seq=0.0000e+00 | lock=12 slip=0 BER_cond=0.0000e+00 BER_cum=0.0000e+00
CSV,355010,35500,12,12,0,6132,0,0.000000e+00,0.000000e+00,1764597.8,3050918.8,25345.8,20.81,2.38
BER: SYNC #13 (gated)
CSV,360010,36000,13,12,0,6167,0,0.000000e+00,0.000000e+00,1870540.5,2791817.2,23638.7,20.72,1.74
CSV,365010,36500,13,12,0,6267,0,0.000000e+00,0.000000e+00,2122231.0,2397693.5,23732.7,20.04,0.53
CSV,370010,37000,13,12,0,6367,0,0.000000e+00,0.000000e+00,1858560.8,2764180.5,24597.4,20.51,1.72
CSV,375010,37500,13,12,0,6467,0,0.000000e+00,0.000000e+00,1927522.9,2813319.5,24679.5,20.57,1.64
CSV,380010,38000,13,12,0,6567,0,0.000000e+00,0.000000e+00,1893130.4,2723685.8,25242.4,20.33,1.58
BER: END_SEQ #13 [LOCK] seq_err=0 BER_seq=0.0000e+00 | lock=13 slip=0 BER_cond=0.0000e+00 BER_cum=0.0000e+00
CSV,385010,38500,13,13,0,6643,0,0.000000e+00,0.000000e+00,1733581.8,2865317.5,27224.9,20.22,2.18
BER: SYNC #14 (gated)
CSV,390010,39000,14,13,0,6689,0,0.000000e+00,0.000000e+00,1834867.0,2728922.2,23057.5,20.73,1.72
CSV,395010,39500,14,13,0,6789,0,0.000000e+00,0.000000e+00,2257881.8,2363498.0,24725.2,19.80,0.20
CSV,400010,40000,14,13,0,6889,0,0.000000e+00,0.000000e+00,1780389.5,2940831.0,25191.3,20.67,2.18
CSV,405010,40500,14,13,0,6989,0,0.000000e+00,0.000000e+00,1902802.1,2708201.0,24854.8,20.37,1.53
CSV,410010,41000,14,13,0,7089,0,0.000000e+00,0.000000e+00,1787526.9,2860529.8,24387.8,20.69,2.04
BER: END_SEQ #14 [LOCK] seq_err=0 BER_seq=0.0000e+00 | lock=14 slip=0 BER_cond=0.0000e+00 BER_cum=0.0000e+00
CSV,415010,41500,14,14,0,7154,0,0.000000e+00,0.000000e+00,1879718.9,2912841.5,25509.2,20.58,1.90
BER: SYNC #15 (gated)
CSV,420010,42000,15,14,0,7212,0,0.000000e+00,0.000000e+00,1848354.9,2855365.0,23916.3,20.77,1.89
CSV,425010,42500,15,14,0,7312,0,0.000000e+00,0.000000e+00,2234372.5,2271294.8,23052.4,19.94,0.07
CSV,430010,43000,15,14,0,7412,0,0.000000e+00,0.000000e+00,1919233.5,2765137.2,23722.6,20.67,1.59
CSV,435010,43500,15,14,0,7512,0,0.000000e+00,0.000000e+00,1785232.0,3046777.0,22948.6,21.23,2.32
CSV,440010,44000,15,14,0,7612,0,0.000000e+00,0.000000e+00,1973211.5,2746267.2,22567.7,20.85,1.44
BER: END_SEQ #15 [LOCK] seq_err=0 BER_seq=0.0000e+00 | lock=15 slip=0 BER_cond=0.0000e+00 BER_cum=0.0000e+00
CSV,445010,44500,15,15,0,7665,0,0.000000e+00,0.000000e+00,1668417.8,3021622.0,23357.0,21.12,2.58
BER: SYNC #16 (gated)
CSV,450010,45000,16,15,0,7735,0,0.000000e+00,0.000000e+00,1764983.5,2906360.8,25199.2,20.62,2.17
CSV,455010,45500,16,15,0,7835,0,0.000000e+00,0.000000e+00,2337112.5,2218788.8,23948.5,19.89,0.23
CSV,460010,46000,16,15,0,7935,0,0.000000e+00,0.000000e+00,2029596.6,2720399.8,23575.6,20.62,1.27
CSV,465010,46500,16,15,0,8035,0,0.000000e+00,0.000000e+00,1720712.2,3038355.0,24372.5,20.96,2.47
CSV,470010,47000,16,15,0,8135,0,0.000000e+00,0.000000e+00,1989062.4,2645172.2,23288.4,20.55,1.24
BER: END_SEQ #16 [LOCK] seq_err=0 BER_seq=0.0000e+00 | lock=16 slip=0 BER_cond=0.0000e+00 BER_cum=0.0000e+00
CSV,475010,47500,16,16,0,8176,0,0.000000e+00,0.000000e+00,1733392.2,3080450.2,20975.0,21.67,2.50
BER: SYNC #17 (gated)
CSV,480010,48000,17,16,0,8258,0,0.000000e+00,0.000000e+00,1860472.2,3025640.2,23973.2,21.01,2.11
CSV,485010,48500,17,16,0,8358,0,0.000000e+00,0.000000e+00,2238508.0,2309199.0,23761.4,19.88,0.14
CSV,490010,49000,17,16,0,8457,0,0.000000e+00,0.000000e+00,2051505.5,2508254.8,24609.8,20.08,0.87
CSV,495010,49500,17,16,0,8557,0,0.000000e+00,0.000000e+00,1716282.6,3155462.0,24725.5,21.06,2.64
CSV,500010,50000,17,16,0,8657,0,0.000000e+00,0.000000e+00,2057672.9,2668109.0,23282.8,20.59,1.13
BER: END_SEQ #17 [LOCK] seq_err=0 BER_seq=0.0000e+00 | lock=17 slip=0 BER_cond=0.0000e+00 BER_cum=0.0000e+00
CSV,505010,50500,17,17,0,8687,0,0.000000e+00,0.000000e+00,1677855.4,3010955.5,26736.5,20.52,2.54
BER: SYNC #18 (gated)
CSV,510010,51000,18,17,0,8780,0,0.000000e+00,0.000000e+00,1939659.6,2811153.8,24903.8,20.53,1.61
CSV,515010,51500,18,17,0,8880,0,0.000000e+00,0.000000e+00,2384477.8,2205591.5,25859.5,19.65,0.34
CSV,520010,52000,18,17,0,8980,0,0.000000e+00,0.000000e+00,1984433.9,2843719.0,24929.5,20.57,1.56
CSV,525010,52500,18,17,0,9080,0,0.000000e+00,0.000000e+00,1852543.2,2880428.5,24712.8,20.67,1.92
CSV,530010,53000,18,17,0,9180,0,0.000000e+00,0.000000e+00,1857707.2,2933717.0,24088.9,20.86,1.98
BER: END_SEQ #18 [LOCK] seq_err=0 BER_seq=0.0000e+00 | lock=18 slip=0 BER_cond=0.0000e+00 BER_cum=0.0000e+00
BER: SYNC #19 (gated)
CSV,535010,53500,19,18,0,9203,0,0.000000e+00,0.000000e+00,1772648.6,3015759.8,22021.0,21.37,2.31
CSV,540010,54000,19,18,0,9303,0,0.000000e+00,0.000000e+00,1869744.6,2946989.2,22501.1,21.17,1.98
CSV,545010,54500,19,18,0,9403,0,0.000000e+00,0.000000e+00,2387168.0,2135990.8,23761.5,20.02,0.48
CSV,550010,55000,19,18,0,9503,0,0.000000e+00,0.000000e+00,1908104.2,2860344.0,24112.3,20.74,1.76
CSV,555010,55500,19,18,0,9603,0,0.000000e+00,0.000000e+00,1876681.8,3026982.8,23440.1,21.11,2.08
CSV,560010,56000,19,18,0,9703,0,0.000000e+00,0.000000e+00,2254284.5,4272096.0,20373.1,23.22,2.78
BER: END_SEQ #19 [LOCK] seq_err=0 BER_seq=0.0000e+00 | lock=19 slip=0 BER_cond=0.0000e+00 BER_cum=0.0000e+00
BER: SYNC #20 (gated)
CSV,565010,56500,20,19,0,9726,0,0.000000e+00,0.000000e+00,2005872.1,4253766.5,17768.8,23.79,3.26
CSV,570010,57000,20,19,0,9826,0,0.000000e+00,0.000000e+00,2441730.5,4241971.0,16103.8,24.21,2.40
CSV,575010,57500,20,19,0,9926,0,0.000000e+00,0.000000e+00,2797938.2,3722353.5,15503.9,23.80,1.24
CSV,580010,58000,20,19,0,10026,0,0.000000e+00,0.000000e+00,2354480.8,3912797.2,15557.7,24.01,2.21
CSV,585010,58500,20,19,0,10125,0,0.000000e+00,0.000000e+00,2257685.0,4503761.0,6469.0,28.43,3.00
BER: END_SEQ #20 [LOCK] seq_err=0 BER_seq=0.0000e+00 | lock=20 slip=0 BER_cond=0.0000e+00 BER_cum=0.0000e+00
CSV,590010,59000,20,20,0,10220,0,0.000000e+00,0.000000e+00,2050655.4,4868959.5,7129.2,28.34,3.76
BER: SYNC #21 (gated)
CSV,595010,59500,21,20,0,10248,0,0.000000e+00,0.000000e+00,2191032.0,4528228.5,7347.8,27.90,3.15
CSV,600010,60000,21,20,0,10348,0,0.000000e+00,0.000000e+00,2746824.2,3842330.2,7927.1,26.85,1.46
CSV,605010,60500,21,20,0,10448,0,0.000000e+00,0.000000e+00,2169917.0,3718724.0,8006.6,26.67,2.34
CSV,610010,61000,21,20,0,10548,0,0.000000e+00,0.000000e+00,1766106.0,3486206.8,8236.4,26.27,2.95
CSV,615010,61500,21,20,0,10648,0,0.000000e+00,0.000000e+00,1792436.6,3462907.8,8068.6,26.33,2.86
BER: END_SEQ #21 [LOCK] seq_err=0 BER_seq=0.0000e+00 | lock=21 slip=0 BER_cond=0.0000e+00 BER_cum=0.0000e+00
CSV,620010,62000,21,21,0,10731,0,0.000000e+00,0.000000e+00,1702997.9,3737070.8,8037.7,26.67,3.41
BER: SYNC #22 (gated)
CSV,625010,62500,22,21,0,10771,0,0.000000e+00,0.000000e+00,1736643.2,3288606.5,7442.9,26.45,2.77
CSV,630010,63000,22,21,0,10871,0,0.000000e+00,0.000000e+00,1952044.0,2955167.2,8099.1,25.62,1.80
CSV,635010,63500,22,21,0,10971,0,0.000000e+00,0.000000e+00,1708329.2,3425836.5,7709.2,26.48,3.02
CSV,640010,64000,22,21,0,11071,0,0.000000e+00,0.000000e+00,1780585.5,2985429.8,12882.1,23.65,2.24
CSV,645010,64500,22,21,0,11171,0,0.000000e+00,0.000000e+00,1440265.2,2378055.0,33776.9,18.48,2.18
BER: END_SEQ #22 [LOCK] seq_err=0 BER_seq=0.0000e+00 | lock=22 slip=0 BER_cond=0.0000e+00 BER_cum=0.0000e+00
CSV,650010,65000,22,22,0,11242,0,0.000000e+00,0.000000e+00,1393700.8,2239284.8,28616.6,18.93,2.06
BER: SYNC #23 (gated)
CSV,655010,65500,23,22,0,11294,0,0.000000e+00,0.000000e+00,1408572.2,2234579.5,26290.7,19.29,2.00
CSV,660010,66000,23,22,0,11394,0,0.000000e+00,0.000000e+00,1809654.5,2018948.5,42529.1,16.76,0.48
CSV,665010,66500,23,22,0,11494,0,0.000000e+00,0.000000e+00,1556735.8,3051205.5,12878.5,23.75,2.92
CSV,670010,67000,23,22,0,11594,0,0.000000e+00,0.000000e+00,1575893.9,2994588.5,13119.3,23.58,2.79
CSV,675010,67500,23,22,0,11694,0,0.000000e+00,0.000000e+00,1616777.8,2940758.0,12812.9,23.61,2.60
BER: END_SEQ #23 [LOCK] seq_err=0 BER_seq=0.0000e+00 | lock=23 slip=0 BER_cond=0.0000e+00 BER_cum=0.0000e+00
CSV,680010,68000,23,23,0,11753,0,0.000000e+00,0.000000e+00,1507349.8,3180391.8,12367.0,24.10,3.24
BER: SYNC #24 (gated)
CSV,685010,68500,24,23,0,11817,0,0.000000e+00,0.000000e+00,1485047.1,3088806.8,16686.8,22.67,3.18
CSV,690010,69000,24,23,0,11917,0,0.000000e+00,0.000000e+00,1942505.1,2185096.2,19649.4,20.46,0.51
CSV,695010,69500,24,23,0,12016,0,0.000000e+00,0.000000e+00,1545209.8,2879218.8,20699.8,21.43,2.70
CSV,700010,70000,24,23,0,12116,0,0.000000e+00,0.000000e+00,1473789.5,3150136.5,18277.8,22.36,3.30
CSV,705010,70500,24,23,0,12216,0,0.000000e+00,0.000000e+00,1514725.4,2740959.0,21628.9,21.03,2.58
BER: END_SEQ #24 [LOCK] seq_err=0 BER_seq=0.0000e+00 | lock=24 slip=0 BER_cond=0.0000e+00 BER_cum=0.0000e+00
CSV,710010,71000,24,24,0,12264,0,0.000000e+00,0.000000e+00,1188195.1,2035379.5,26968.1,18.78,2.34
BER: SYNC #25 (gated)
CSV,715010,71500,25,24,0,12339,0,0.000000e+00,0.000000e+00,1228384.1,2069966.1,25073.6,19.17,2.27
CSV,720010,72000,25,24,0,12439,0,0.000000e+00,0.000000e+00,1628972.0,1609352.2,26268.1,17.92,0.05
CSV,725010,72500,25,24,0,12539,0,0.000000e+00,0.000000e+00,1383835.2,1888337.5,25343.0,18.72,1.35
CSV,730010,73000,25,24,0,12639,0,0.000000e+00,0.000000e+00,1126636.1,2209309.5,30615.9,18.58,2.92
CSV,735010,73500,25,24,0,12739,0,0.000000e+00,0.000000e+00,1382931.4,1870335.1,25162.8,18.71,1.31
BER: END_SEQ #25 [LOCK] seq_err=0 BER_seq=0.0000e+00 | lock=25 slip=0 BER_cond=0.0000e+00 BER_cum=0.0000e+00
CSV,740010,74000,25,25,0,12775,0,0.000000e+00,0.000000e+00,1220611.4,2171263.0,26615.9,19.12,2.50
BER: SYNC #26 (gated)
CSV,745010,74500,26,25,0,12862,0,0.000000e+00,0.000000e+00,1302172.4,2009389.6,24957.1,19.06,1.88
CSV,750010,75000,26,25,0,12962,0,0.000000e+00,0.000000e+00,1555415.0,1607956.5,24955.9,18.09,0.14
CSV,755010,75500,26,25,0,13062,0,0.000000e+00,0.000000e+00,1306272.6,1927415.4,26263.3,18.66,1.69
CSV,760010,76000,26,25,0,13162,0,0.000000e+00,0.000000e+00,1318817.6,2036919.1,26857.0,18.80,1.89
CSV,765010,76500,26,25,0,13262,0,0.000000e+00,0.000000e+00,1290155.8,2010912.9,28339.3,18.51,1.93
BER: END_SEQ #26 [LOCK] seq_err=0 BER_seq=0.0000e+00 | lock=26 slip=0 BER_cond=0.0000e+00 BER_cum=0.0000e+00
CSV,770010,77000,26,26,0,13286,0,0.000000e+00,0.000000e+00,1080500.1,2067080.4,25206.0,19.14,2.82
BER: SYNC #27 (gated)
CSV,775010,77500,27,26,0,13385,0,0.000000e+00,0.000000e+00,1232429.9,1792225.2,22780.2,18.96,1.63
CSV,780010,78000,27,26,0,13485,0,0.000000e+00,0.000000e+00,1532942.2,1466880.0,24078.1,18.04,0.19
CSV,785010,78500,27,26,0,13584,0,0.000000e+00,0.000000e+00,1251513.6,1815921.2,26412.2,18.37,1.62
CSV,790010,79000,27,26,0,13685,0,0.000000e+00,0.000000e+00,1131806.5,1948090.1,25583.9,18.82,2.36
CSV,795010,79500,27,26,0,13784,0,0.000000e+00,0.000000e+00,1184543.6,1876303.0,22113.0,19.29,2.00
BER: END_SEQ #27 [LOCK] seq_err=0 BER_seq=0.0000e+00 | lock=27 slip=0 BER_cond=0.0000e+00 BER_cum=0.0000e+00
BER: SYNC #28 (gated)
CSV,800010,80000,28,27,0,13807,0,0.000000e+00,0.000000e+00,1181395.5,2227836.0,45666.8,16.88,2.75
CSV,805010,80500,28,27,0,13907,0,0.000000e+00,0.000000e+00,1251980.9,1829671.2,23267.2,18.96,1.65
CSV,810010,81000,28,27,0,14007,0,0.000000e+00,0.000000e+00,1402777.4,1508288.5,24294.0,17.93,0.31
CSV,815010,81500,28,27,0,14107,0,0.000000e+00,0.000000e+00,1242268.8,1726106.2,23133.3,18.73,1.43
CSV,820010,82000,28,27,0,14207,0,0.000000e+00,0.000000e+00,1126391.6,1949859.6,23817.6,19.13,2.38
CSV,825010,82500,28,27,0,14307,0,0.000000e+00,0.000000e+00,1168857.8,1909922.8,24083.7,18.99,2.13
BER: END_SEQ #28 [LOCK] seq_err=0 BER_seq=0.0000e+00 | lock=28 slip=0 BER_cond=0.0000e+00 BER_cum=0.0000e+00
BER: SYNC #29 (gated)
CSV,830010,83000,29,28,0,14330,0,0.000000e+00,0.000000e+00,1108064.2,1848914.8,25013.0,18.69,2.22
CSV,835010,83500,29,28,0,14430,0,0.000000e+00,0.000000e+00,1292078.4,1634963.1,23181.1,18.48,1.02
CSV,840010,84000,29,28,0,14530,0,0.000000e+00,0.000000e+00,1376979.0,1542474.5,38253.2,16.06,0.49
CSV,845010,84500,29,28,0,14630,0,0.000000e+00,0.000000e+00,1180413.5,1738370.8,24469.8,18.52,1.68
CSV,850010,85000,29,28,0,14730,0,0.000000e+00,0.000000e+00,1116050.0,1695742.0,25136.0,18.29,1.82
BER: END_SEQ #29 [LOCK] seq_err=0 BER_seq=0.0000e+00 | lock=29 slip=0 BER_cond=0.0000e+00 BER_cum=0.0000e+00
CSV,855010,85500,29,29,0,14819,0,0.000000e+00,0.000000e+00,1024786.1,1824926.0,25500.1,18.55,2.51
BER: SYNC #30 (gated)
CSV,860010,86000,30,29,0,14853,0,0.000000e+00,0.000000e+00,1093872.1,1668909.8,27132.3,17.89,1.83
CSV,865010,86500,30,29,0,14953,0,0.000000e+00,0.000000e+00,1292904.9,1489667.1,25317.9,17.70,0.62
CSV,870010,87000,30,29,0,15053,0,0.000000e+00,0.000000e+00,1091936.9,1616325.5,25050.0,18.10,1.70
CSV,875010,87500,30,29,0,15153,0,0.000000e+00,0.000000e+00,1082244.1,1652305.2,24468.0,18.29,1.84
CSV,880010,88000,30,29,0,15253,0,0.000000e+00,0.000000e+00,1143780.2,1621143.5,23728.9,18.35,1.51
BER: END_SEQ #30 [LOCK] seq_err=0 BER_seq=0.0000e+00 | lock=30 slip=0 BER_cond=0.0000e+00 BER_cum=0.0000e+00
CSV,885010,88500,30,30,0,15330,0,0.000000e+00,0.000000e+00,1065678.1,1752828.5,25552.0,18.36,2.16
BER: SYNC #31 (gated)
CSV,890010,89000,31,30,0,15376,0,0.000000e+00,0.000000e+00,1063491.4,1653623.8,26220.6,18.00,1.92
CSV,895010,89500,31,30,0,15475,0,0.000000e+00,0.000000e+00,1297849.0,1325674.0,25266.4,17.20,0.09
CSV,900010,90000,31,30,0,15575,0,0.000000e+00,0.000000e+00,1060124.9,1651205.0,22936.7,18.57,1.92
CSV,905010,90500,31,30,0,15675,0,0.000000e+00,0.000000e+00,1128602.2,1615585.5,25569.9,18.01,1.56
CSV,910010,91000,31,30,0,15775,0,0.000000e+00,0.000000e+00,1041304.9,1641196.6,26004.0,18.00,1.98
BER: END_SEQ #31 [LOCK] seq_err=0 BER_seq=0.0000e+00 | lock=31 slip=0 BER_cond=0.0000e+00 BER_cum=0.0000e+00
CSV,915010,91500,31,31,0,15841,0,0.000000e+00,0.000000e+00,1038778.9,1636916.2,25117.0,18.14,1.98
BER: SYNC #32 (gated)
CSV,920010,92000,32,31,0,15898,0,0.000000e+00,0.000000e+00,1054818.5,1628124.0,23514.9,18.40,1.89
CSV,925010,92500,32,31,0,15998,0,0.000000e+00,0.000000e+00,1329137.4,1350613.4,22025.9,17.88,0.07
CSV,930010,93000,32,31,0,16098,0,0.000000e+00,0.000000e+00,1115839.4,1550763.0,25663.0,17.81,1.43
CSV,935010,93500,32,31,0,16198,0,0.000000e+00,0.000000e+00,982574.0,1742263.2,52125.9,15.24,2.49
CSV,940010,94000,32,31,0,16298,0,0.000000e+00,0.000000e+00,1173370.2,1736948.6,26392.0,18.18,1.70
BER: END_SEQ #32 [LOCK] seq_err=0 BER_seq=0.0000e+00 | lock=32 slip=0 BER_cond=0.0000e+00 BER_cum=0.0000e+00
CSV,945010,94500,32,32,0,16352,0,0.000000e+00,0.000000e+00,1076944.8,2309560.2,18973.6,20.85,3.31
BER: SYNC #33 (gated)
CSV,950010,95000,33,32,0,16421,0,0.000000e+00,0.000000e+00,994341.2,1702877.0,23339.6,18.63,2.34
CSV,955010,95500,33,32,0,16521,0,0.000000e+00,0.000000e+00,1293439.5,1227796.2,23725.5,17.37,0.23
CSV,960010,96000,33,32,0,16621,0,0.000000e+00,0.000000e+00,1133647.0,1512291.2,24881.3,17.84,1.25
CSV,965010,96500,33,32,0,16721,0,0.000000e+00,0.000000e+00,1131860.9,2008631.8,25271.2,19.00,2.49
CSV,970010,97000,33,32,0,16821,0,0.000000e+00,0.000000e+00,1284043.8,1696638.9,24211.1,18.46,1.21
BER: END_SEQ #33 [LOCK] seq_err=0 BER_seq=0.0000e+00 | lock=33 slip=0 BER_cond=0.0000e+00 BER_cum=0.0000e+00
CSV,975010,97500,33,33,0,16863,0,0.000000e+00,0.000000e+00,1068002.9,1900044.8,24979.8,18.81,2.50
BER: SYNC #34 (gated)
CSV,980010,98000,34,33,0,16944,0,0.000000e+00,0.000000e+00,1195433.0,1895904.1,25762.6,18.67,2.00
CSV,985010,98500,34,33,0,17044,0,0.000000e+00,0.000000e+00,1483002.8,1569529.0,23794.0,18.19,0.25
CSV,990010,99000,34,33,0,17144,0,0.000000e+00,0.000000e+00,1389851.5,1596816.8,23572.5,18.31,0.60
CSV,995010,99500,34,33,0,17243,0,0.000000e+00,0.000000e+00,1063239.1,2044869.5,25951.9,18.96,2.84
CSV,1000010,100000,34,33,0,17343,0,0.000000e+00,0.000000e+00,1290925.9,1748448.5,25798.3,18.31,1.32
BER: END_SEQ #34 [LOCK] seq_err=0 BER_seq=0.0000e+00 | lock=34 slip=0 BER_cond=0.0000e+00 BER_cum=0.0000e+00
CSV,1005010,100500,34,34,0,17374,0,0.000000e+00,0.000000e+00,1151874.5,2073972.4,25842.2,19.04,2.55
BER: SYNC #35 (gated)
CSV,1010010,101000,35,34,0,17466,0,0.000000e+00,0.000000e+00,1304107.6,1747046.6,28573.7,17.86,1.27
CSV,1015010,101500,35,34,0,17566,0,0.000000e+00,0.000000e+00,1589078.1,1825890.8,18135.1,20.03,0.60
CSV,1020010,102000,35,34,0,17666,0,0.000000e+00,0.000000e+00,1416568.1,2593670.2,12500.1,23.17,2.63
CSV,1025010,102500,35,34,0,17766,0,0.000000e+00,0.000000e+00,1402421.8,2781669.5,11541.7,23.82,2.97
CSV,1030010,103000,35,34,0,17866,0,0.000000e+00,0.000000e+00,1418406.5,2748989.8,11546.0,23.77,2.87
BER: END_SEQ #35 [LOCK] seq_err=0 BER_seq=0.0000e+00 | lock=35 slip=0 BER_cond=0.0000e+00 BER_cum=0.0000e+00
BER: SYNC #36 (gated)
CSV,1035010,103500,36,35,0,17889,0,0.000000e+00,0.000000e+00,1286118.1,2819366.8,12360.8,23.58,3.41
CSV,1040010,104000,36,35,0,17989,0,0.000000e+00,0.000000e+00,1332739.6,2520565.5,15508.1,22.11,2.77
CSV,1045010,104500,36,35,0,18089,0,0.000000e+00,0.000000e+00,1669539.1,1460488.1,24980.3,18.25,0.58
CSV,1050010,105000,36,35,0,18189,0,0.000000e+00,0.000000e+00,1310214.2,1940751.1,25327.7,18.84,1.71
CSV,1055010,105500,36,35,0,18289,0,0.000000e+00,0.000000e+00,1270189.9,1897714.4,26391.5,18.57,1.74
CSV,1060010,106000,36,35,0,18389,0,0.000000e+00,0.000000e+00,1277753.0,1995356.6,25717.6,18.90,1.94
BER: END_SEQ #36 [LOCK] seq_err=0 BER_seq=0.0000e+00 | lock=36 slip=0 BER_cond=0.0000e+00 BER_cum=0.0000e+00
BER: SYNC #37 (gated)
CSV,1065010,106500,37,36,0,18412,0,0.000000e+00,0.000000e+00,1200382.2,2424472.8,23582.8,20.12,3.05
CSV,1070010,107000,37,36,0,18512,0,0.000000e+00,0.000000e+00,1331852.8,1815052.5,29378.9,17.91,1.34
CSV,1075010,107500,37,36,0,18612,0,0.000000e+00,0.000000e+00,1498940.1,1571015.0,24049.7,18.15,0.20
CSV,1080010,108000,37,36,0,18712,0,0.000000e+00,0.000000e+00,1343366.8,1789294.9,25782.2,18.41,1.24
CSV,1085010,108500,37,36,0,18812,0,0.000000e+00,0.000000e+00,1299739.0,1969874.0,26241.7,18.75,1.81
BER: END_SEQ #37 [LOCK] seq_err=0 BER_seq=0.0000e+00 | lock=37 slip=0 BER_cond=0.0000e+00 BER_cum=0.0000e+00
CSV,1090010,109000,37,37,0,18907,0,0.000000e+00,0.000000e+00,1229009.0,2019392.8,25218.1,19.04,2.16
BER: SYNC #38 (gated)
CSV,1095010,109500,38,37,0,18934,0,0.000000e+00,0.000000e+00,1175909.4,1969533.0,25016.0,18.96,2.24
CSV,1100010,110000,38,37,0,19034,0,0.000000e+00,0.000000e+00,1504495.4,1645259.9,26220.8,17.98,0.39
CSV,1105010,110500,38,37,0,19134,0,0.000000e+00,0.000000e+00,1448150.2,1826775.5,24459.0,18.73,1.01
CSV,1110010,111000,38,37,0,19234,0,0.000000e+00,0.000000e+00,1319904.8,2012721.2,24090.1,19.22,1.83
CSV,1115010,111500,38,37,0,19334,0,0.000000e+00,0.000000e+00,1321850.8,1950030.0,23125.9,19.26,1.69
BER: END_SEQ #38 [LOCK] seq_err=0 BER_seq=0.0000e+00 | lock=38 slip=0 BER_cond=0.0000e+00 BER_cum=0.0000e+00
CSV,1120010,112000,38,38,0,19418,0,0.000000e+00,0.000000e+00,1238470.8,2080390.9,23394.6,19.49,2.25
BER: SYNC #39 (gated)
CSV,1125010,112500,39,38,0,19457,0,0.000000e+00,0.000000e+00,1366823.2,1947351.6,22612.9,19.35,1.54
CSV,1130010,113000,39,38,0,19557,0,0.000000e+00,0.000000e+00,1568761.6,1677521.6,23949.5,18.45,0.29
CSV,1135010,113500,39,38,0,19657,0,0.000000e+00,0.000000e+00,1331445.6,1938244.5,23654.2,19.14,1.63
CSV,1140010,114000,39,38,0,19757,0,0.000000e+00,0.000000e+00,1386335.2,1878088.6,25416.3,18.69,1.32
CSV,1145010,114500,39,38,0,19857,0,0.000000e+00,0.000000e+00,1328475.9,1998438.0,23393.2,19.32,1.77
BER: END_SEQ #39 [LOCK] seq_err=0 BER_seq=0.0000e+00 | lock=39 slip=0 BER_cond=0.0000e+00 BER_cum=0.0000e+00
CSV,1150010,115000,39,39,0,19929,0,0.000000e+00,0.000000e+00,1297789.1,2023287.9,23674.9,19.32,1.93
BER: SYNC #40 (gated)
CSV,1155010,115500,40,39,0,19980,0,0.000000e+00,0.000000e+00,1307157.2,1935744.1,23082.8,19.24,1.71
CSV,1160010,116000,40,39,0,20080,0,0.000000e+00,0.000000e+00,1633481.9,1570595.5,24285.0,18.28,0.17
CSV,1165010,116500,40,39,0,20180,0,0.000000e+00,0.000000e+00,1313411.5,2044566.1,24879.3,19.15,1.92
CSV,1170010,117000,40,39,0,20280,0,0.000000e+00,0.000000e+00,1334916.2,1867468.8,22095.1,19.27,1.46
CSV,1175010,117500,40,39,0,20380,0,0.000000e+00,0.000000e+00,1311862.9,1835022.8,23095.5,19.00,1.46
BER: END_SEQ #40 [LOCK] seq_err=0 BER_seq=0.0000e+00 | lock=40 slip=0 BER_cond=0.0000e+00 BER_cum=0.0000e+00
CSV,1180010,118000,40,40,0,20440,0,0.000000e+00,0.000000e+00,1203291.8,1983427.9,23516.3,19.26,2.17
BER: SYNC #41 (gated)
CSV,1185010,118500,41,40,0,20503,0,0.000000e+00,0.000000e+00,1275195.0,1964121.8,23096.7,19.30,1.88
CSV,1190010,119000,41,40,0,20603,0,0.000000e+00,0.000000e+00,1669156.6,1536026.0,24170.5,18.39,0.36
CSV,1195010,119500,41,40,0,20702,0,0.000000e+00,0.000000e+00,1369374.4,1852787.6,23849.5,18.90,1.31
CSV,1200010,120000,41,40,0,20802,0,0.000000e+00,0.000000e+00,1266925.1,1964458.9,22267.4,19.46,1.90
CSV,1205010,120500,41,40,0,20902,0,0.000000e+00,0.000000e+00,1342070.5,1908416.9,23077.1,19.17,1.53
BER: END_SEQ #41 [LOCK] seq_err=0 BER_seq=0.0000e+00 | lock=41 slip=0 BER_cond=0.0000e+00 BER_cum=0.0000e+00
CSV,1210010,121000,41,41,0,20951,0,0.000000e+00,0.000000e+00,1230686.8,2074333.8,25393.4,19.12,2.27
BER: SYNC #42 (gated)
CSV,1215010,121500,42,41,0,21025,0,0.000000e+00,0.000000e+00,1231356.4,1913525.9,22205.4,19.35,1.91
CSV,1220010,122000,42,41,0,21125,0,0.000000e+00,0.000000e+00,1547938.0,1459253.8,23785.9,18.13,0.26
CSV,1225010,122500,42,41,0,21225,0,0.000000e+00,0.000000e+00,1387864.5,1733906.4,22922.2,18.79,0.97
CSV,1230010,123000,42,41,0,21325,0,0.000000e+00,0.000000e+00,1166594.1,2073499.2,23472.7,19.46,2.50
CSV,1235010,123500,42,41,0,21425,0,0.000000e+00,0.000000e+00,1361453.1,1782074.4,24056.5,18.70,1.17
BER: END_SEQ #42 [LOCK] seq_err=0 BER_seq=0.0000e+00 | lock=42 slip=0 BER_cond=0.0000e+00 BER_cum=0.0000e+00
CSV,1240010,124000,42,42,0,21462,0,0.000000e+00,0.000000e+00,1222246.8,2061811.6,25544.9,19.07,2.27
BER: SYNC #43 (gated)
CSV,1245010,124500,43,42,0,21548,0,0.000000e+00,0.000000e+00,1369892.4,1946017.4,22836.2,19.31,1.52
CSV,1250010,125000,43,42,0,21648,0,0.000000e+00,0.000000e+00,1664249.6,1660316.6,23474.2,18.51,0.01
CSV,1255010,125500,43,42,0,21748,0,0.000000e+00,0.000000e+00,1405193.4,1888435.5,22355.6,19.27,1.28
CSV,1260010,126000,43,42,0,21848,0,0.000000e+00,0.000000e+00,1354970.8,1998266.9,24907.2,19.04,1.69
CSV,1265010,126500,43,42,0,21948,0,0.000000e+00,0.000000e+00,1366134.2,2035367.0,23242.0,19.42,1.73
BER: END_SEQ #43 [LOCK] seq_err=0 BER_seq=0.0000e+00 | lock=43 slip=0 BER_cond=0.0000e+00 BER_cum=0.0000e+00
CSV,1270010,127000,43,43,0,21973,0,0.000000e+00,0.000000e+00,1269613.0,2156919.2,23228.2,19.68,2.30
BER: SYNC #44 (gated)
CSV,1275010,127500,44,43,0,22071,0,0.000000e+00,0.000000e+00,1412941.8,1942799.9,26412.3,18.67,1.38
CSV,1280010,128000,44,43,0,22171,0,0.000000e+00,0.000000e+00,1711619.4,1548443.1,22839.2,18.75,0.44
CSV,1285010,128500,44,43,0,22271,0,0.000000e+00,0.000000e+00,1367972.5,2063753.6,24871.5,19.19,1.79
CSV,1290010,129000,44,43,0,22371,0,0.000000e+00,0.000000e+00,1356953.5,2127300.2,24400.9,19.40,1.95
CSV,1295010,129500,44,43,0,22471,0,0.000000e+00,0.000000e+00,1362742.4,2062514.9,24170.5,19.31,1.80
BER: END_SEQ #44 [LOCK] seq_err=0 BER_seq=0.0000e+00 | lock=44 slip=0 BER_cond=0.0000e+00 BER_cum=0.0000e+00
BER: SYNC #45 (gated)
CSV,1300010,130000,45,44,0,22493,0,0.000000e+00,0.000000e+00,1336169.5,2561609.2,35964.0,18.53,2.83
CSV,1305010,130500,45,44,0,22593,0,0.000000e+00,0.000000e+00,1485179.9,2547904.0,25203.7,20.05,2.34
CSV,1310010,131000,45,44,0,22693,0,0.000000e+00,0.000000e+00,1792215.8,2319015.0,13411.8,22.38,1.12
CSV,1315010,131500,45,44,0,22793,0,0.000000e+00,0.000000e+00,1663561.6,2840041.8,8690.2,25.14,2.32
CSV,1320010,132000,45,44,0,22893,0,0.000000e+00,0.000000e+00,1426967.8,3010870.8,16016.5,22.74,3.24
CSV,1325010,132500,45,44,0,22993,0,0.000000e+00,0.000000e+00,1261368.9,2132644.0,29027.8,18.66,2.28
BER: END_SEQ #45 [LOCK] seq_err=0 BER_seq=0.0000e+00 | lock=45 slip=0 BER_cond=0.0000e+00 BER_cum=0.0000e+00
BER: SYNC #46 (gated)
CSV,1330010,133000,46,45,0,23016,0,0.000000e+00,0.000000e+00,1262997.9,2143168.2,25717.9,19.21,2.30
CSV,1335010,133500,46,45,0,23116,0,0.000000e+00,0.000000e+00,1405506.9,1882485.2,24884.6,18.79,1.27
CSV,1340010,134000,46,45,0,23216,0,0.000000e+00,0.000000e+00,1500302.4,1691882.6,27798.0,17.84,0.52
CSV,1345010,134500,46,45,0,23316,0,0.000000e+00,0.000000e+00,1298886.9,2057388.0,23768.7,19.37,2.00
CSV,1350010,135000,46,45,0,23416,0,0.000000e+00,0.000000e+00,1325009.1,2125447.5,27556.4,18.87,2.05
BER: END_SEQ #46 [LOCK] seq_err=0 BER_seq=0.0000e+00 | lock=46 slip=0 BER_cond=0.0000e+00 BER_cum=0.0000e+00
CSV,1355010,135500,46,46,0,23506,0,0.000000e+00,0.000000e+00,1330318.9,2309734.5,17071.3,21.31,2.40
BER: SYNC #47 (gated)
CSV,1360010,136000,47,46,0,23539,0,0.000000e+00,0.000000e+00,1355873.4,2096139.8,21202.6,19.95,1.89
CSV,1365010,136500,47,46,0,23639,0,0.000000e+00,0.000000e+00,1642692.0,1822439.6,20144.5,19.56,0.45
CSV,1370010,137000,47,46,0,23739,0,0.000000e+00,0.000000e+00,1457317.1,2117310.5,20954.4,20.05,1.62
CSV,1375010,137500,47,46,0,23839,0,0.000000e+00,0.000000e+00,1428746.4,2123752.2,21039.1,20.04,1.72
CSV,1380010,138000,47,46,0,23939,0,0.000000e+00,0.000000e+00,1457475.1,2017725.6,20801.5,19.87,1.41
BER: END_SEQ #47 [LOCK] seq_err=0 BER_seq=0.0000e+00 | lock=47 slip=0 BER_cond=0.0000e+00 BER_cum=0.0000e+00
CSV,1385010,138500,47,47,0,24017,0,0.000000e+00,0.000000e+00,1306240.1,2307059.5,20259.0,20.56,2.47
BER: SYNC #48 (gated)
CSV,1390010,139000,48,47,0,24062,0,0.000000e+00,0.000000e+00,1468718.1,2203618.8,20792.7,20.25,1.76
CSV,1395010,139500,48,47,0,24162,0,0.000000e+00,0.000000e+00,1730625.4,1962667.1,14523.0,21.31,0.55
CSV,1400010,140000,48,47,0,24261,0,0.000000e+00,0.000000e+00,1517366.5,2927869.2,9443.9,24.91,2.85
CSV,1405010,140500,48,47,0,24361,0,0.000000e+00,0.000000e+00,1423034.4,2344452.2,17962.8,21.16,2.17
CSV,1410010,141000,48,47,0,24461,0,0.000000e+00,0.000000e+00,1337718.9,2268622.5,20488.5,20.44,2.29
BER: END_SEQ #48 [LOCK] seq_err=0 BER_seq=0.0000e+00 | lock=48 slip=0 BER_cond=0.0000e+00 BER_cum=0.0000e+00
CSV,1415010,141500,48,48,0,24528,0,0.000000e+00,0.000000e+00,1260212.6,2076748.0,25549.6,19.10,2.17
BER: SYNC #49 (gated)
CSV,1420010,142000,49,48,0,24584,0,0.000000e+00,0.000000e+00,1258875.5,2054415.6,26116.7,18.96,2.13
CSV,1425010,142500,49,48,0,24684,0,0.000000e+00,0.000000e+00,1592761.0,1655161.8,22971.2,18.58,0.17
CSV,1430010,143000,49,48,0,24784,0,0.000000e+00,0.000000e+00,1382404.1,2061658.9,24902.9,19.18,1.74
CSV,1435010,143500,49,48,0,24884,0,0.000000e+00,0.000000e+00,1330669.6,2273751.8,20975.0,20.35,2.33
CSV,1440010,144000,49,48,0,24984,0,0.000000e+00,0.000000e+00,1522050.8,1970436.6,21773.5,19.57,1.12
BER: END_SEQ #49 [LOCK] seq_err=0 BER_seq=0.0000e+00 | lock=49 slip=0 BER_cond=0.0000e+00 BER_cum=0.0000e+00
CSV,1445010,144500,49,49,0,25039,0,0.000000e+00,0.000000e+00,1300896.8,2230474.0,23654.8,19.74,2.34
BER: SYNC #50 (gated)
CSV,1450010,145000,50,49,0,25107,0,0.000000e+00,0.000000e+00,1380228.2,2330138.2,21041.3,20.44,2.27
CSV,1455010,145500,50,49,0,25207,0,0.000000e+00,0.000000e+00,1795442.0,1671909.2,21371.5,19.24,0.31
CSV,1460010,146000,50,49,0,25307,0,0.000000e+00,0.000000e+00,1495713.1,2047985.1,21515.1,19.79,1.36
CSV,1465010,146500,50,49,0,25407,0,0.000000e+00,0.000000e+00,1361577.9,2214781.5,20546.8,20.33,2.11
CSV,1470010,147000,50,49,0,25507,0,0.000000e+00,0.000000e+00,1555242.0,2075363.2,20080.6,20.14,1.25
BER: END_SEQ #50 [LOCK] seq_err=0 BER_seq=0.0000e+00 | lock=50 slip=0 BER_cond=0.0000e+00 BER_cum=0.0000e+00
CSV,1475010,147500,50,50,0,25550,0,0.000000e+00,0.000000e+00,1291611.2,2317401.5,21826.2,20.26,2.54
BER: SYNC #51 (gated)
CSV,1480010,148000,51,50,0,25630,0,0.000000e+00,0.000000e+00,1354096.2,2284622.2,21177.5,20.33,2.27
CSV,1485010,148500,51,50,0,25730,0,0.000000e+00,0.000000e+00,1725017.9,1767547.4,21967.2,19.06,0.11
CSV,1490010,149000,51,50,0,25830,0,0.000000e+00,0.000000e+00,1613436.2,2027769.5,22108.4,19.62,0.99
CSV,1495010,149500,51,50,0,25930,0,0.000000e+00,0.000000e+00,1305331.6,2355992.2,22600.2,20.18,2.56
CSV,1500010,150000,51,50,0,26030,0,0.000000e+00,0.000000e+00,1496643.0,2060548.4,21353.9,19.85,1.39
BER: END_SEQ #51 [LOCK] seq_err=0 BER_seq=0.0000e+00 | lock=51 slip=0 BER_cond=0.0000e+00 BER_cum=0.0000e+00
CSV,1505010,150500,51,51,0,26061,0,0.000000e+00,0.000000e+00,1275973.2,2291067.2,21982.0,20.18,2.54

=========================================
=== END OF TEST (duration=25 min) ===
=========================================
FINAL: syncs=51 lock=51 slip=0 slip_rate=0.0000
FINAL: bits_cum=26061 err_cum=0 BER_cum=0.0000e+00
FINAL: bits_lock=26061 err_lock=0 BER_cond=0.0000e+00
=========================================
=== STOP LOGGING NOW ===
=========================================
