

=== RX BOOT - BER TEST MODE ===
BPS_MODE=20 (HALF_SAMPLES=2000, 10000 samples/bit @ 200000 Hz)
Expect: 64-bit preamble + Barker13 (1F35h, gated by 8 preamble bits = 0x55) + 511-bit PRBS-9
Noise floor band: 5000 Hz; lock threshold: BER<0.10
Auto-stop: test will halt 25 min after the first sync.
RX: edge-tracking sync, center-3 voting
Starting decoder...

CSV,5010,500,0,0,0,0,0,0.000000e+00,0.000000e+00,215757684736.0,201985654784.0,2658491.2,49.09,0.29
BER: SYNC #1 (gated)
CSV,10010,1000,1,0,0,81,0,0.000000e+00,0.000000e+00,207399223296.0,217578848256.0,1229068.0,52.48,0.21
CSV,15010,1500,1,0,0,181,0,0.000000e+00,0.000000e+00,246333685760.0,170981195776.0,1141150.6,53.34,1.59
CSV,20010,2000,1,0,0,281,0,0.000000e+00,0.000000e+00,226686959616.0,183808098304.0,1263838.8,52.54,0.91
CSV,25010,2500,1,0,0,381,0,0.000000e+00,0.000000e+00,183044096000.0,232292220928.0,1218131.0,52.80,1.03
CSV,30010,3000,1,0,0,481,0,0.000000e+00,0.000000e+00,225917321216.0,202585702400.0,1164871.4,52.88,0.47
BER: END_SEQ #1 [LOCK] seq_err=0 BER_seq=0.0000e+00 | lock=1 slip=0 BER_cond=0.0000e+00 BER_cum=0.0000e+00
CSV,35010,3500,1,1,0,511,0,0.000000e+00,0.000000e+00,184115347456.0,222567546880.0,1899033.4,50.69,0.82
BER: SYNC #2 (gated)
CSV,40010,4000,2,1,0,604,0,0.000000e+00,0.000000e+00,210772770816.0,201563389952.0,1231863.2,52.33,0.19
CSV,45010,4500,2,1,0,704,0,0.000000e+00,0.000000e+00,257866547200.0,161345044480.0,1267445.0,53.08,2.04
CSV,50010,5000,2,1,0,804,0,0.000000e+00,0.000000e+00,214749167616.0,210821169152.0,1223428.9,52.44,0.08
CSV,55010,5500,2,1,0,904,0,0.000000e+00,0.000000e+00,202946166784.0,210434195456.0,1273858.1,52.18,0.16
CSV,60010,6000,2,1,0,1004,0,0.000000e+00,0.000000e+00,203682758656.0,207314272256.0,1328598.9,51.93,0.08
BER: END_SEQ #2 [LOCK] seq_err=0 BER_seq=0.0000e+00 | lock=2 slip=0 BER_cond=0.0000e+00 BER_cum=0.0000e+00
BER: SYNC #3 (gated)
CSV,65010,6500,3,2,0,1027,0,0.000000e+00,0.000000e+00,192047939584.0,214753099776.0,2082044.6,50.13,0.49
CSV,70010,7000,3,2,0,1127,0,0.000000e+00,0.000000e+00,204055150592.0,221416652800.0,1344596.1,52.17,0.35
CSV,75010,7500,3,2,0,1227,0,0.000000e+00,0.000000e+00,264225112064.0,155736588288.0,1339038.8,52.95,2.30
CSV,80010,8000,3,2,0,1327,0,0.000000e+00,0.000000e+00,204170166272.0,205966426112.0,1164790.2,52.48,0.04
CSV,85010,8500,3,2,0,1427,0,0.000000e+00,0.000000e+00,200652570624.0,212322926592.0,1204491.8,52.46,0.25
CSV,90010,9000,3,2,0,1527,0,0.000000e+00,0.000000e+00,212391034880.0,215074897920.0,965765.7,53.48,0.05
BER: END_SEQ #3 [LOCK] seq_err=0 BER_seq=0.0000e+00 | lock=3 slip=0 BER_cond=0.0000e+00 BER_cum=0.0000e+00
BER: SYNC #4 (gated)
CSV,95010,9500,4,3,0,1550,0,0.000000e+00,0.000000e+00,185996689408.0,224235864064.0,2034408.8,50.42,0.81
CSV,100010,10000,4,3,0,1649,0,0.000000e+00,0.000000e+00,216908316672.0,192874807296.0,1199983.9,52.57,0.51
CSV,105010,10500,4,3,0,1749,0,0.000000e+00,0.000000e+00,245145403392.0,171638489088.0,1176933.0,53.19,1.55
CSV,110010,11000,4,3,0,1849,0,0.000000e+00,0.000000e+00,221160882176.0,204907528192.0,1274254.0,52.39,0.33
CSV,115010,11500,4,3,0,1949,0,0.000000e+00,0.000000e+00,206086766592.0,210526699520.0,1198376.9,52.45,0.09
BER: END_SEQ #4 [LOCK] seq_err=0 BER_seq=0.0000e+00 | lock=4 slip=0 BER_cond=0.0000e+00 BER_cum=0.0000e+00
CSV,120010,12000,4,4,0,2044,0,0.000000e+00,0.000000e+00,187143831552.0,223099027456.0,1201419.5,52.69,0.76
BER: SYNC #5 (gated)
CSV,125010,12500,5,4,0,2072,0,0.000000e+00,0.000000e+00,194048294912.0,208305356800.0,2119359.0,49.92,0.31
CSV,130010,13000,5,4,0,2172,0,0.000000e+00,0.000000e+00,246955163648.0,180744028160.0,1187659.0,53.18,1.36
CSV,135010,13500,5,4,0,2272,0,0.000000e+00,0.000000e+00,222440669184.0,194432942080.0,1365766.6,52.12,0.58
CSV,140010,14000,5,4,0,2372,0,0.000000e+00,0.000000e+00,206031683584.0,205250412544.0,1120223.5,52.65,0.02
CSV,145010,14500,5,4,0,2472,0,0.000000e+00,0.000000e+00,208637509632.0,202362667008.0,1162909.9,52.54,0.13
BER: END_SEQ #5 [LOCK] seq_err=0 BER_seq=0.0000e+00 | lock=5 slip=0 BER_cond=0.0000e+00 BER_cum=0.0000e+00
CSV,150010,15000,5,5,0,2555,0,0.000000e+00,0.000000e+00,199930396672.0,223567282176.0,1281369.9,52.42,0.49
BER: SYNC #6 (gated)
CSV,155010,15500,6,5,0,2595,0,0.000000e+00,0.000000e+00,211299860480.0,204354207744.0,1870979.4,50.53,0.15
CSV,160010,16000,6,5,0,2695,0,0.000000e+00,0.000000e+00,236584812544.0,176829874176.0,1118688.0,53.25,1.26
CSV,165010,16500,6,5,0,2795,0,0.000000e+00,0.000000e+00,207290007552.0,203089362944.0,1263991.6,52.15,0.09
CSV,170010,17000,6,5,0,2895,0,0.000000e+00,0.000000e+00,220164096000.0,204242452480.0,1173354.9,52.73,0.33
CSV,175010,17500,6,5,0,2995,0,0.000000e+00,0.000000e+00,203684823040.0,214839066624.0,1284153.4,52.23,0.23
BER: END_SEQ #6 [LOCK] seq_err=0 BER_seq=0.0000e+00 | lock=6 slip=0 BER_cond=0.0000e+00 BER_cum=0.0000e+00
CSV,180010,18000,6,6,0,3066,0,0.000000e+00,0.000000e+00,197289852928.0,208842817536.0,1536824.6,51.33,0.25
BER: SYNC #7 (gated)
CSV,185010,18500,7,6,0,3118,0,0.000000e+00,0.000000e+00,201538322432.0,204484755456.0,1722984.6,50.74,0.06
CSV,190010,19000,7,6,0,3218,0,0.000000e+00,0.000000e+00,255179407360.0,170902503424.0,1155629.6,53.44,1.74
CSV,195010,19500,7,6,0,3318,0,0.000000e+00,0.000000e+00,203883577344.0,214645866496.0,1386734.4,51.90,0.22
CSV,200010,20000,7,6,0,3417,0,0.000000e+00,0.000000e+00,204219793408.0,206443053056.0,1184940.9,52.41,0.05
CSV,205010,20500,7,6,0,3517,0,0.000000e+00,0.000000e+00,211645923328.0,198570246144.0,1148296.6,52.66,0.28
BER: END_SEQ #7 [LOCK] seq_err=0 BER_seq=0.0000e+00 | lock=7 slip=0 BER_cond=0.0000e+00 BER_cum=0.0000e+00
CSV,210010,21000,7,7,0,3577,0,0.000000e+00,0.000000e+00,200792948736.0,220638822400.0,1604817.6,51.38,0.41
BER: SYNC #8 (gated)
CSV,215010,21500,8,7,0,3640,0,0.000000e+00,0.000000e+00,201786261504.0,220031795200.0,1561382.4,51.49,0.38
CSV,220010,22000,8,7,0,3740,0,0.000000e+00,0.000000e+00,261182062592.0,154205061120.0,1216172.0,53.32,2.29
CSV,225010,22500,8,7,0,3840,0,0.000000e+00,0.000000e+00,210000543744.0,201440280576.0,1218597.5,52.36,0.18
CSV,230010,23000,8,7,0,3940,0,0.000000e+00,0.000000e+00,201178267648.0,221736452096.0,1334737.6,52.20,0.42
CSV,235010,23500,8,7,0,4040,0,0.000000e+00,0.000000e+00,214941270016.0,208909844480.0,1207834.4,52.50,0.12
BER: END_SEQ #8 [LOCK] seq_err=0 BER_seq=0.0000e+00 | lock=8 slip=0 BER_cond=0.0000e+00 BER_cum=0.0000e+00
CSV,240010,24000,8,8,0,4088,0,0.000000e+00,0.000000e+00,189463707648.0,214385459200.0,1807417.8,50.74,0.54
BER: SYNC #9 (gated)
CSV,245010,24500,9,8,0,4163,0,0.000000e+00,0.000000e+00,198028099584.0,214332342272.0,1268658.1,52.28,0.34
CSV,250010,25000,9,8,0,4263,0,0.000000e+00,0.000000e+00,259582427136.0,166248595456.0,1198451.1,53.36,1.94
CSV,255010,25500,9,8,0,4363,0,0.000000e+00,0.000000e+00,226459140096.0,199164674048.0,1301795.1,52.40,0.56
CSV,260010,26000,9,8,0,4463,0,0.000000e+00,0.000000e+00,182354264064.0,229559582720.0,1169425.9,52.93,1.00
CSV,265010,26500,9,8,0,4563,0,0.000000e+00,0.000000e+00,220816719872.0,191917113344.0,1297276.4,52.31,0.61
BER: END_SEQ #9 [LOCK] seq_err=0 BER_seq=0.0000e+00 | lock=9 slip=0 BER_cond=0.0000e+00 BER_cum=0.0000e+00
CSV,270010,27000,9,9,0,4599,0,0.000000e+00,0.000000e+00,194242953216.0,223889309696.0,1993220.0,50.50,0.62
BER: SYNC #10 (gated)
CSV,275010,27500,10,9,0,4686,0,0.000000e+00,0.000000e+00,211741425664.0,213549891584.0,1135491.2,52.74,0.04
CSV,280010,28000,10,9,0,4786,0,0.000000e+00,0.000000e+00,250638073856.0,165995757568.0,1171129.8,53.30,1.79
CSV,285010,28500,10,9,0,4886,0,0.000000e+00,0.000000e+00,209094017024.0,203299373056.0,1180727.4,52.48,0.12
CSV,290010,29000,10,9,0,4986,0,0.000000e+00,0.000000e+00,209159782400.0,211754631168.0,1312444.9,52.08,0.05
CSV,295010,29500,10,9,0,5086,0,0.000000e+00,0.000000e+00,211946864640.0,213650751488.0,1151726.5,52.68,0.03
BER: END_SEQ #10 [LOCK] seq_err=0 BER_seq=0.0000e+00 | lock=10 slip=0 BER_cond=0.0000e+00 BER_cum=0.0000e+00
CSV,300010,30000,10,10,0,5110,0,0.000000e+00,0.000000e+00,182883401728.0,221413343232.0,2024163.5,50.39,0.83
BER: SYNC #11 (gated)
CSV,305010,30500,11,10,0,5208,0,0.000000e+00,0.000000e+00,210242584576.0,203694292992.0,1183924.0,52.49,0.14
CSV,310010,31000,11,10,0,5308,0,0.000000e+00,0.000000e+00,263351975936.0,161761804288.0,1295148.1,53.08,2.12
CSV,315010,31500,11,10,0,5408,0,0.000000e+00,0.000000e+00,216424808448.0,211046006784.0,1339246.9,52.08,0.11
CSV,320010,32000,11,10,0,5508,0,0.000000e+00,0.000000e+00,197598691328.0,215410245632.0,1245696.4,52.38,0.37
CSV,325010,32500,11,10,0,5608,0,0.000000e+00,0.000000e+00,203720671232.0,210217746432.0,1303580.5,52.08,0.14
BER: END_SEQ #11 [LOCK] seq_err=0 BER_seq=0.0000e+00 | lock=11 slip=0 BER_cond=0.0000e+00 BER_cum=0.0000e+00
BER: SYNC #12 (gated)
CSV,330010,33000,12,11,0,5631,0,0.000000e+00,0.000000e+00,193666646016.0,220095283200.0,1976745.6,50.47,0.56
CSV,335010,33500,12,11,0,5731,0,0.000000e+00,0.000000e+00,219818131456.0,208888856576.0,1263126.4,52.41,0.22
CSV,340010,34000,12,11,0,5831,0,0.000000e+00,0.000000e+00,247036837888.0,172147294208.0,1211262.9,53.10,1.57
CSV,345010,34500,12,11,0,5931,0,0.000000e+00,0.000000e+00,215789355008.0,196620304384.0,1197341.1,52.56,0.40
CSV,350010,35000,12,11,0,6031,0,0.000000e+00,0.000000e+00,194983919616.0,223840370688.0,1220101.0,52.64,0.60
CSV,355010,35500,12,11,0,6131,0,0.000000e+00,0.000000e+00,209654382592.0,220237234176.0,1014882.6,53.36,0.21
BER: END_SEQ #12 [LOCK] seq_err=0 BER_seq=0.0000e+00 | lock=12 slip=0 BER_cond=0.0000e+00 BER_cum=0.0000e+00
BER: SYNC #13 (gated)
CSV,360010,36000,13,12,0,6154,0,0.000000e+00,0.000000e+00,193674739712.0,214872047616.0,2113009.0,50.07,0.45
CSV,365010,36500,13,12,0,6254,0,0.000000e+00,0.000000e+00,228388405248.0,185510739968.0,1250500.5,52.62,0.90
CSV,370010,37000,13,12,0,6354,0,0.000000e+00,0.000000e+00,244580597760.0,178050449408.0,1181052.8,53.16,1.38
CSV,375010,37500,13,12,0,6454,0,0.000000e+00,0.000000e+00,217877118976.0,211539050496.0,1234519.1,52.47,0.13
CSV,380010,38000,13,12,0,6554,0,0.000000e+00,0.000000e+00,206222311424.0,210645434368.0,1353196.2,51.92,0.09
BER: END_SEQ #13 [LOCK] seq_err=0 BER_seq=0.0000e+00 | lock=13 slip=0 BER_cond=0.0000e+00 BER_cum=0.0000e+00
CSV,385010,38500,13,13,0,6643,0,0.000000e+00,0.000000e+00,191213223936.0,221446815744.0,1406762.2,51.97,0.64
BER: SYNC #14 (gated)
CSV,390010,39000,14,13,0,6677,0,0.000000e+00,0.000000e+00,204267913216.0,207833202688.0,1977535.8,50.22,0.08
CSV,395010,39500,14,13,0,6777,0,0.000000e+00,0.000000e+00,249829310464.0,183209918464.0,1429153.0,52.43,1.35
CSV,400010,40000,14,13,0,6877,0,0.000000e+00,0.000000e+00,211756924928.0,205498744832.0,1308457.1,52.09,0.13
CSV,405010,40500,14,13,0,6976,0,0.000000e+00,0.000000e+00,205457342464.0,207284453376.0,1141648.4,52.59,0.04
CSV,410010,41000,14,13,0,7076,0,0.000000e+00,0.000000e+00,216381865984.0,202453139456.0,1240002.8,52.42,0.29
BER: END_SEQ #14 [LOCK] seq_err=0 BER_seq=0.0000e+00 | lock=14 slip=0 BER_cond=0.0000e+00 BER_cum=0.0000e+00
CSV,415010,41500,14,14,0,7154,0,0.000000e+00,0.000000e+00,203321163776.0,224378896384.0,1354695.9,52.19,0.43
BER: SYNC #15 (gated)
CSV,420010,42000,15,14,0,7199,0,0.000000e+00,0.000000e+00,207389507584.0,207704178688.0,1771561.5,50.69,0.01
CSV,425010,42500,15,14,0,7299,0,0.000000e+00,0.000000e+00,249380208640.0,168260943872.0,1196577.0,53.19,1.71
CSV,430010,43000,15,14,0,7399,0,0.000000e+00,0.000000e+00,204124553216.0,213238218752.0,1272897.9,52.24,0.19
CSV,435010,43500,15,14,0,7499,0,0.000000e+00,0.000000e+00,218888912896.0,213467627520.0,1130340.1,52.87,0.11
CSV,440010,44000,15,14,0,7599,0,0.000000e+00,0.000000e+00,203627003904.0,215800119296.0,1449150.9,51.73,0.25
BER: END_SEQ #15 [LOCK] seq_err=0 BER_seq=0.0000e+00 | lock=15 slip=0 BER_cond=0.0000e+00 BER_cum=0.0000e+00
CSV,445010,44500,15,15,0,7665,0,0.000000e+00,0.000000e+00,201122889728.0,208768401408.0,1774311.1,50.71,0.16
BER: SYNC #16 (gated)
CSV,450010,45000,16,15,0,7722,0,0.000000e+00,0.000000e+00,203348803584.0,210231099392.0,1620362.9,51.13,0.14
CSV,455010,45500,16,15,0,7822,0,0.000000e+00,0.000000e+00,260497784832.0,172693700608.0,1337632.0,52.89,1.79
CSV,460010,46000,16,15,0,7922,0,0.000000e+00,0.000000e+00,217828655104.0,203650383872.0,1215587.8,52.53,0.29
CSV,465010,46500,16,15,0,8022,0,0.000000e+00,0.000000e+00,191270731776.0,221650386944.0,1164278.1,52.80,0.64
CSV,470010,47000,16,15,0,8122,0,0.000000e+00,0.000000e+00,223565037568.0,194661187584.0,1248808.6,52.53,0.60
BER: END_SEQ #16 [LOCK] seq_err=0 BER_seq=0.0000e+00 | lock=16 slip=0 BER_cond=0.0000e+00 BER_cum=0.0000e+00
CSV,475010,47500,16,16,0,8176,0,0.000000e+00,0.000000e+00,196498784256.0,231750795264.0,1666602.2,51.43,0.72
BER: SYNC #17 (gated)
CSV,480010,48000,17,16,0,8245,0,0.000000e+00,0.000000e+00,200328478720.0,221080633344.0,1404453.2,51.97,0.43
CSV,485010,48500,17,16,0,8345,0,0.000000e+00,0.000000e+00,259136782336.0,158882922496.0,1266770.5,53.11,2.12
CSV,490010,49000,17,16,0,8445,0,0.000000e+00,0.000000e+00,220068413440.0,197157011456.0,1190128.0,52.67,0.48
CSV,495010,49500,17,16,0,8545,0,0.000000e+00,0.000000e+00,199777255424.0,229231230976.0,1245610.5,52.65,0.60
CSV,500010,50000,17,16,0,8645,0,0.000000e+00,0.000000e+00,223313281024.0,199381745664.0,1334642.2,52.24,0.49
BER: END_SEQ #17 [LOCK] seq_err=0 BER_seq=0.0000e+00 | lock=17 slip=0 BER_cond=0.0000e+00 BER_cum=0.0000e+00
CSV,505010,50500,17,17,0,8687,0,0.000000e+00,0.000000e+00,182205448192.0,221040541696.0,1942530.1,50.56,0.84
BER: SYNC #18 (gated)
CSV,510010,51000,18,17,0,8767,0,0.000000e+00,0.000000e+00,201556721664.0,215014309888.0,1271727.2,52.28,0.28
CSV,515010,51500,18,17,0,8867,0,0.000000e+00,0.000000e+00,254731812864.0,177204543488.0,1273270.4,53.01,1.58
CSV,520010,52000,18,17,0,8967,0,0.000000e+00,0.000000e+00,235449090048.0,188539437056.0,1369335.5,52.35,0.96
CSV,525010,52500,18,17,0,9067,0,0.000000e+00,0.000000e+00,179168952320.0,231973289984.0,1166545.2,52.99,1.12
CSV,530010,53000,18,17,0,9167,0,0.000000e+00,0.000000e+00,218366410752.0,198450069504.0,1148300.8,52.79,0.42
BER: END_SEQ #18 [LOCK] seq_err=0 BER_seq=0.0000e+00 | lock=18 slip=0 BER_cond=0.0000e+00 BER_cum=0.0000e+00
CSV,535010,53500,18,18,0,9198,0,0.000000e+00,0.000000e+00,193753071616.0,232385052672.0,1947116.9,50.77,0.79
BER: SYNC #19 (gated)
CSV,540010,54000,19,18,0,9290,0,0.000000e+00,0.000000e+00,221413294080.0,203496603648.0,1279859.8,52.38,0.37
CSV,545010,54500,19,18,0,9390,0,0.000000e+00,0.000000e+00,252943056896.0,164828577792.0,1244565.1,53.08,1.86
CSV,550010,55000,19,18,0,9490,0,0.000000e+00,0.000000e+00,210463916032.0,205817741312.0,1283121.0,52.15,0.10
CSV,555010,55500,19,18,0,9590,0,0.000000e+00,0.000000e+00,210312904704.0,216660393984.0,1257891.5,52.36,0.13
CSV,560010,56000,19,18,0,9690,0,0.000000e+00,0.000000e+00,211179978752.0,213518614528.0,1205911.5,52.48,0.05
BER: END_SEQ #19 [LOCK] seq_err=0 BER_seq=0.0000e+00 | lock=19 slip=0 BER_cond=0.0000e+00 BER_cum=0.0000e+00
BER: SYNC #20 (gated)
CSV,565010,56500,20,19,0,9713,0,0.000000e+00,0.000000e+00,188533358592.0,214886580224.0,1921970.1,50.48,0.57
CSV,570010,57000,20,19,0,9813,0,0.000000e+00,0.000000e+00,200680505344.0,215390470144.0,1170779.4,52.65,0.31
CSV,575010,57500,20,19,0,9913,0,0.000000e+00,0.000000e+00,271317942272.0,161024933888.0,1261738.4,53.33,2.27
CSV,580010,58000,20,19,0,10013,0,0.000000e+00,0.000000e+00,211433046016.0,214323822592.0,1109932.0,52.86,0.06
CSV,585010,58500,20,19,0,10113,0,0.000000e+00,0.000000e+00,200371535872.0,212111294464.0,1242714.1,52.32,0.25
CSV,590010,59000,20,19,0,10213,0,0.000000e+00,0.000000e+00,206819328000.0,210973048832.0,1139109.8,52.68,0.09
BER: END_SEQ #20 [LOCK] seq_err=0 BER_seq=0.0000e+00 | lock=20 slip=0 BER_cond=0.0000e+00 BER_cum=0.0000e+00
BER: SYNC #21 (gated)
CSV,595010,59500,21,20,0,10236,0,0.000000e+00,0.000000e+00,186204438528.0,232846884864.0,2031236.0,50.59,0.97
CSV,600010,60000,21,20,0,10336,0,0.000000e+00,0.000000e+00,229482397696.0,197503205376.0,1326512.9,52.38,0.65
CSV,605010,60500,21,20,0,10435,0,0.000000e+00,0.000000e+00,242221744128.0,175746695168.0,1183296.2,53.11,1.39
CSV,610010,61000,21,20,0,10535,0,0.000000e+00,0.000000e+00,218369785856.0,196823973888.0,1311093.1,52.22,0.45
CSV,615010,61500,21,20,0,10635,0,0.000000e+00,0.000000e+00,206662336512.0,217976455168.0,1209218.9,52.56,0.23
BER: END_SEQ #21 [LOCK] seq_err=0 BER_seq=0.0000e+00 | lock=21 slip=0 BER_cond=0.0000e+00 BER_cum=0.0000e+00
CSV,620010,62000,21,21,0,10731,0,0.000000e+00,0.000000e+00,199135641600.0,227720167424.0,1086725.5,53.21,0.58
BER: SYNC #22 (gated)
CSV,625010,62500,22,21,0,10758,0,0.000000e+00,0.000000e+00,192400130048.0,214052503552.0,2083030.6,50.12,0.46
CSV,630010,63000,22,21,0,10858,0,0.000000e+00,0.000000e+00,241955880960.0,175086993408.0,1095492.1,53.44,1.40
CSV,635010,63500,22,21,0,10958,0,0.000000e+00,0.000000e+00,230061015040.0,195957342208.0,1276634.6,52.56,0.70
CSV,640010,64000,22,21,0,11058,0,0.000000e+00,0.000000e+00,213023637504.0,215616618496.0,1055987.9,53.10,0.05
CSV,645010,64500,22,21,0,11158,0,0.000000e+00,0.000000e+00,207862644736.0,207365406720.0,1224834.4,52.30,0.01
BER: END_SEQ #22 [LOCK] seq_err=0 BER_seq=0.0000e+00 | lock=22 slip=0 BER_cond=0.0000e+00 BER_cum=0.0000e+00
CSV,650010,65000,22,22,0,11242,0,0.000000e+00,0.000000e+00,195721134080.0,217255772160.0,1416368.0,51.86,0.45
BER: SYNC #23 (gated)
CSV,655010,65500,23,22,0,11281,0,0.000000e+00,0.000000e+00,211529515008.0,205850722304.0,1846193.2,50.59,0.12
CSV,660010,66000,23,22,0,11381,0,0.000000e+00,0.000000e+00,247619502080.0,184044716032.0,1231227.4,53.03,1.29
CSV,665010,66500,23,22,0,11481,0,0.000000e+00,0.000000e+00,207451914240.0,207729704960.0,1241151.4,52.24,0.01
CSV,670010,67000,23,22,0,11581,0,0.000000e+00,0.000000e+00,218169147392.0,197842911232.0,1197533.8,52.61,0.42
CSV,675010,67500,23,22,0,11681,0,0.000000e+00,0.000000e+00,204674777088.0,217569017856.0,1244441.1,52.43,0.27
BER: END_SEQ #23 [LOCK] seq_err=0 BER_seq=0.0000e+00 | lock=23 slip=0 BER_cond=0.0000e+00 BER_cum=0.0000e+00
CSV,680010,68000,23,23,0,11753,0,0.000000e+00,0.000000e+00,203727831040.0,222683004928.0,1477098.1,51.78,0.39
BER: SYNC #24 (gated)
CSV,685010,68500,24,23,0,11804,0,0.000000e+00,0.000000e+00,204342247424.0,208071704576.0,1757841.0,50.73,0.08
CSV,690010,69000,24,23,0,11904,0,0.000000e+00,0.000000e+00,251531870208.0,167922253824.0,1013926.8,53.95,1.75
CSV,695010,69500,24,23,0,12004,0,0.000000e+00,0.000000e+00,204075155456.0,216242307072.0,1313204.4,52.17,0.25
CSV,700010,70000,24,23,0,12104,0,0.000000e+00,0.000000e+00,218207911936.0,211068370944.0,1291230.8,52.28,0.14
CSV,705010,70500,24,23,0,12204,0,0.000000e+00,0.000000e+00,210678382592.0,205751549952.0,1471691.2,51.56,0.10
BER: END_SEQ #24 [LOCK] seq_err=0 BER_seq=0.0000e+00 | lock=24 slip=0 BER_cond=0.0000e+00 BER_cum=0.0000e+00
CSV,710010,71000,24,24,0,12264,0,0.000000e+00,0.000000e+00,194597273600.0,214465806336.0,1657416.9,51.12,0.42
BER: SYNC #25 (gated)
CSV,715010,71500,25,24,0,12326,0,0.000000e+00,0.000000e+00,203318591488.0,215044521984.0,1476663.9,51.63,0.24
CSV,720010,72000,25,24,0,12426,0,0.000000e+00,0.000000e+00,266995564544.0,167034601472.0,1286974.9,53.17,2.04
CSV,725010,72500,25,24,0,12526,0,0.000000e+00,0.000000e+00,216322539520.0,201525542912.0,1176594.9,52.64,0.31
CSV,730010,73000,25,24,0,12626,0,0.000000e+00,0.000000e+00,196142383104.0,216203739136.0,1276713.5,52.29,0.42
CSV,735010,73500,25,24,0,12726,0,0.000000e+00,0.000000e+00,214501703680.0,205827817472.0,1173316.1,52.62,0.18
BER: END_SEQ #25 [LOCK] seq_err=0 BER_seq=0.0000e+00 | lock=25 slip=0 BER_cond=0.0000e+00 BER_cum=0.0000e+00
CSV,740010,74000,25,25,0,12775,0,0.000000e+00,0.000000e+00,198973259776.0,227279634432.0,1830778.4,50.94,0.58
BER: SYNC #26 (gated)
CSV,745010,74500,26,25,0,12849,0,0.000000e+00,0.000000e+00,201517219840.0,216680808448.0,1292153.0,52.25,0.32
CSV,750010,75000,26,25,0,12949,0,0.000000e+00,0.000000e+00,254799642624.0,162211872768.0,1288666.5,52.96,1.96
CSV,755010,75500,26,25,0,13049,0,0.000000e+00,0.000000e+00,224125616128.0,196322934784.0,1430076.4,51.95,0.58
CSV,760010,76000,26,25,0,13149,0,0.000000e+00,0.000000e+00,191278006272.0,236601229312.0,1166901.5,53.07,0.92
CSV,765010,76500,26,25,0,13249,0,0.000000e+00,0.000000e+00,222746165248.0,196926357504.0,1304691.2,52.32,0.54
BER: END_SEQ #26 [LOCK] seq_err=0 BER_seq=0.0000e+00 | lock=26 slip=0 BER_cond=0.0000e+00 BER_cum=0.0000e+00
CSV,770010,77000,26,26,0,13286,0,0.000000e+00,0.000000e+00,189179756544.0,213276344320.0,2058947.6,50.15,0.52
BER: SYNC #27 (gated)
CSV,775010,77500,27,26,0,13372,0,0.000000e+00,0.000000e+00,209060626432.0,211731185664.0,1161140.2,52.61,0.06
CSV,780010,78000,27,26,0,13472,0,0.000000e+00,0.000000e+00,255305023488.0,177696079872.0,1204036.1,53.26,1.57
CSV,785010,78500,27,26,0,13572,0,0.000000e+00,0.000000e+00,216221630464.0,203526455296.0,1319752.2,52.14,0.26
CSV,790010,79000,27,26,0,13672,0,0.000000e+00,0.000000e+00,200579514368.0,212011974656.0,1241758.5,52.32,0.24
CSV,795010,79500,27,26,0,13772,0,0.000000e+00,0.000000e+00,207337783296.0,210749980672.0,1154228.2,52.61,0.07
BER: END_SEQ #27 [LOCK] seq_err=0 BER_seq=0.0000e+00 | lock=27 slip=0 BER_cond=0.0000e+00 BER_cum=0.0000e+00
CSV,800010,80000,27,27,0,13797,0,0.000000e+00,0.000000e+00,195304538112.0,232861319168.0,1975573.9,50.71,0.76
BER: SYNC #28 (gated)
CSV,805010,80500,28,27,0,13895,0,0.000000e+00,0.000000e+00,217373802496.0,203539546112.0,1236975.0,52.45,0.29
CSV,810010,81000,28,27,0,13994,0,0.000000e+00,0.000000e+00,259068149760.0,157794975744.0,1162863.2,53.48,2.15
CSV,815010,81500,28,27,0,14094,0,0.000000e+00,0.000000e+00,207356411904.0,210612682752.0,1353348.5,51.92,0.07
CSV,820010,82000,28,27,0,14194,0,0.000000e+00,0.000000e+00,209852104704.0,219253702656.0,1293958.2,52.29,0.19
CSV,825010,82500,28,27,0,14294,0,0.000000e+00,0.000000e+00,204802408448.0,216521654272.0,1361220.2,52.02,0.24
BER: END_SEQ #28 [LOCK] seq_err=0 BER_seq=0.0000e+00 | lock=28 slip=0 BER_cond=0.0000e+00 BER_cum=0.0000e+00
BER: SYNC #29 (gated)
CSV,830010,83000,29,28,0,14317,0,0.000000e+00,0.000000e+00,189575544832.0,213095809024.0,2035772.2,50.20,0.51
CSV,835010,83500,29,28,0,14417,0,0.000000e+00,0.000000e+00,211539099648.0,206208434176.0,1442775.5,51.66,0.11
CSV,840010,84000,29,28,0,14517,0,0.000000e+00,0.000000e+00,256210567168.0,177042309120.0,1256745.5,53.09,1.61
CSV,845010,84500,29,28,0,14617,0,0.000000e+00,0.000000e+00,220326346752.0,200192688128.0,1154460.4,52.81,0.42
CSV,850010,85000,29,28,0,14717,0,0.000000e+00,0.000000e+00,192350846976.0,217527746560.0,1336845.8,52.11,0.53
CSV,855010,85500,29,28,0,14817,0,0.000000e+00,0.000000e+00,202802495488.0,213860663296.0,899783.6,53.76,0.23
BER: END_SEQ #29 [LOCK] seq_err=0 BER_seq=0.0000e+00 | lock=29 slip=0 BER_cond=0.0000e+00 BER_cum=0.0000e+00
BER: SYNC #30 (gated)
CSV,860010,86000,30,29,0,14840,0,0.000000e+00,0.000000e+00,201252454400.0,221153001472.0,2090047.2,50.25,0.41
CSV,865010,86500,30,29,0,14940,0,0.000000e+00,0.000000e+00,227555688448.0,192555679744.0,1285836.5,52.48,0.73
CSV,870010,87000,30,29,0,15040,0,0.000000e+00,0.000000e+00,243070468096.0,171012079616.0,1128761.4,53.33,1.53
CSV,875010,87500,30,29,0,15140,0,0.000000e+00,0.000000e+00,206946123776.0,207849390080.0,1232091.1,52.27,0.02
CSV,880010,88000,30,29,0,15240,0,0.000000e+00,0.000000e+00,212014301184.0,214311305216.0,1339654.8,52.04,0.05
BER: END_SEQ #30 [LOCK] seq_err=0 BER_seq=0.0000e+00 | lock=30 slip=0 BER_cond=0.0000e+00 BER_cum=0.0000e+00
CSV,885010,88500,30,30,0,15330,0,0.000000e+00,0.000000e+00,195268378624.0,222765137920.0,1355667.6,52.16,0.57
BER: SYNC #31 (gated)
CSV,890010,89000,31,30,0,15363,0,0.000000e+00,0.000000e+00,200095383552.0,203062132736.0,2037044.4,49.99,0.06
CSV,895010,89500,31,30,0,15463,0,0.000000e+00,0.000000e+00,241186570240.0,175179005952.0,1308894.2,52.65,1.39
CSV,900010,90000,31,30,0,15563,0,0.000000e+00,0.000000e+00,215953489920.0,209132716032.0,1354368.9,52.03,0.14
CSV,905010,90500,31,30,0,15663,0,0.000000e+00,0.000000e+00,213903687680.0,208381263872.0,1140396.9,52.73,0.11
CSV,910010,91000,31,30,0,15762,0,0.000000e+00,0.000000e+00,213191540736.0,197209899008.0,1217430.2,52.43,0.34
BER: END_SEQ #31 [LOCK] seq_err=0 BER_seq=0.0000e+00 | lock=31 slip=0 BER_cond=0.0000e+00 BER_cum=0.0000e+00
CSV,915010,91500,31,31,0,15841,0,0.000000e+00,0.000000e+00,191268487168.0,219134705664.0,1358908.2,52.08,0.59
BER: SYNC #32 (gated)
CSV,920010,92000,32,31,0,15885,0,0.000000e+00,0.000000e+00,213665464320.0,207534571520.0,1759356.0,50.84,0.13
CSV,925010,92500,32,31,0,15985,0,0.000000e+00,0.000000e+00,250985381888.0,174386036736.0,1169865.6,53.32,1.58
CSV,930010,93000,32,31,0,16085,0,0.000000e+00,0.000000e+00,202587701248.0,206942502912.0,1311574.6,51.98,0.09
CSV,935010,93500,32,31,0,16185,0,0.000000e+00,0.000000e+00,211768213504.0,203686084608.0,1243341.2,52.31,0.17
CSV,940010,94000,32,31,0,16285,0,0.000000e+00,0.000000e+00,205015957504.0,218506903552.0,1363040.1,52.05,0.28
BER: END_SEQ #32 [LOCK] seq_err=0 BER_seq=0.0000e+00 | lock=32 slip=0 BER_cond=0.0000e+00 BER_cum=0.0000e+00
CSV,945010,94500,32,32,0,16352,0,0.000000e+00,0.000000e+00,206080753664.0,214378954752.0,1465828.9,51.65,0.17
BER: SYNC #33 (gated)
CSV,950010,95000,33,32,0,16408,0,0.000000e+00,0.000000e+00,203422515200.0,206229225472.0,1629317.6,51.02,0.06
CSV,955010,95500,33,32,0,16508,0,0.000000e+00,0.000000e+00,250724761600.0,166593036288.0,1193174.4,53.22,1.78
CSV,960010,96000,33,32,0,16608,0,0.000000e+00,0.000000e+00,217038618624.0,207496413184.0,1239782.5,52.43,0.20
CSV,965010,96500,33,32,0,16708,0,0.000000e+00,0.000000e+00,197208178688.0,226563997696.0,1230833.0,52.65,0.60
CSV,970010,97000,33,32,0,16808,0,0.000000e+00,0.000000e+00,222811127808.0,190381309952.0,1164702.6,52.82,0.68
BER: END_SEQ #33 [LOCK] seq_err=0 BER_seq=0.0000e+00 | lock=33 slip=0 BER_cond=0.0000e+00 BER_cum=0.0000e+00
CSV,975010,97500,33,33,0,16863,0,0.000000e+00,0.000000e+00,187636580352.0,218892402688.0,1675732.0,51.16,0.67
BER: SYNC #34 (gated)
CSV,980010,98000,34,33,0,16931,0,0.000000e+00,0.000000e+00,201108783104.0,220320497664.0,1472348.5,51.75,0.40
CSV,985010,98500,34,33,0,17031,0,0.000000e+00,0.000000e+00,265651060736.0,163115794432.0,1284735.1,53.15,2.12
CSV,990010,99000,34,33,0,17131,0,0.000000e+00,0.000000e+00,214873440256.0,199258161152.0,1197908.8,52.54,0.33
CSV,995010,99500,34,33,0,17231,0,0.000000e+00,0.000000e+00,195481763840.0,216964186112.0,1386278.6,51.95,0.45
CSV,1000010,100000,34,33,0,17331,0,0.000000e+00,0.000000e+00,223703629824.0,199478394880.0,1221431.5,52.63,0.50
BER: END_SEQ #34 [LOCK] seq_err=0 BER_seq=0.0000e+00 | lock=34 slip=0 BER_cond=0.0000e+00 BER_cum=0.0000e+00
CSV,1005010,100500,34,34,0,17374,0,0.000000e+00,0.000000e+00,191388549120.0,228212326400.0,1863541.9,50.88,0.76
BER: SYNC #35 (gated)
CSV,1010010,101000,35,34,0,17454,0,0.000000e+00,0.000000e+00,197442732032.0,216513937408.0,1208444.8,52.53,0.40
CSV,1015010,101500,35,34,0,17553,0,0.000000e+00,0.000000e+00,250582974464.0,166082396160.0,1190797.6,53.23,1.79
CSV,1020010,102000,35,34,0,17653,0,0.000000e+00,0.000000e+00,232128937984.0,190478401536.0,1213061.6,52.82,0.86
CSV,1025010,102500,35,34,0,17753,0,0.000000e+00,0.000000e+00,188213116928.0,236627509248.0,1158486.2,53.10,0.99
CSV,1030010,103000,35,34,0,17853,0,0.000000e+00,0.000000e+00,216409489408.0,198802014208.0,1155528.5,52.72,0.37
BER: END_SEQ #35 [LOCK] seq_err=0 BER_seq=0.0000e+00 | lock=35 slip=0 BER_cond=0.0000e+00 BER_cum=0.0000e+00
CSV,1035010,103500,35,35,0,17885,0,0.000000e+00,0.000000e+00,182150676480.0,219646361600.0,1954922.0,50.51,0.81
BER: SYNC #36 (gated)
CSV,1040010,104000,36,35,0,17976,0,0.000000e+00,0.000000e+00,221479698432.0,202002382848.0,1225974.6,52.57,0.40
CSV,1045010,104500,36,35,0,18076,0,0.000000e+00,0.000000e+00,257256488960.0,172257394688.0,1294751.8,52.98,1.74
CSV,1050010,105000,36,35,0,18176,0,0.000000e+00,0.000000e+00,210618253312.0,203608686592.0,1123870.6,52.73,0.15
CSV,1055010,105500,36,35,0,18276,0,0.000000e+00,0.000000e+00,204313329664.0,206785560576.0,1214195.4,52.31,0.05
CSV,1060010,106000,36,35,0,18376,0,0.000000e+00,0.000000e+00,211621052416.0,209467981824.0,1200814.8,52.46,0.04
BER: END_SEQ #36 [LOCK] seq_err=0 BER_seq=0.0000e+00 | lock=36 slip=0 BER_cond=0.0000e+00 BER_cum=0.0000e+00
BER: SYNC #37 (gated)
CSV,1065010,106500,37,36,0,18399,0,0.000000e+00,0.000000e+00,195470327808.0,229813862400.0,2057379.6,50.48,0.70
CSV,1070010,107000,37,36,0,18499,0,0.000000e+00,0.000000e+00,204877512704.0,210602000384.0,1110485.5,52.78,0.12
CSV,1075010,107500,37,36,0,18599,0,0.000000e+00,0.000000e+00,260621336576.0,156250292224.0,1204868.0,53.35,2.22
CSV,1080010,108000,37,36,0,18699,0,0.000000e+00,0.000000e+00,209048027136.0,211984351232.0,1159995.0,52.62,0.06
CSV,1085010,108500,37,36,0,18799,0,0.000000e+00,0.000000e+00,208152330240.0,219331739648.0,1278324.5,52.34,0.23
CSV,1090010,109000,37,36,0,18899,0,0.000000e+00,0.000000e+00,211746668544.0,205880213504.0,1182145.8,52.53,0.12
BER: END_SEQ #37 [LOCK] seq_err=0 BER_seq=0.0000e+00 | lock=37 slip=0 BER_cond=0.0000e+00 BER_cum=0.0000e+00
BER: SYNC #38 (gated)
CSV,1095010,109500,38,37,0,18922,0,0.000000e+00,0.000000e+00,173061570560.0,227243851776.0,1999663.1,50.56,1.18
CSV,1100010,110000,38,37,0,19022,0,0.000000e+00,0.000000e+00,226397519872.0,193655488512.0,1240795.1,52.61,0.68
CSV,1105010,110500,38,37,0,19122,0,0.000000e+00,0.000000e+00,254011310080.0,177257758720.0,1162169.8,53.40,1.56
CSV,1110010,111000,38,37,0,19222,0,0.000000e+00,0.000000e+00,215685971968.0,201692299264.0,1239055.5,52.41,0.29
CSV,1115010,111500,38,37,0,19321,0,0.000000e+00,0.000000e+00,200248147968.0,211604799488.0,1185618.8,52.52,0.24
BER: END_SEQ #38 [LOCK] seq_err=0 BER_seq=0.0000e+00 | lock=38 slip=0 BER_cond=0.0000e+00 BER_cum=0.0000e+00
CSV,1120010,112000,38,38,0,19418,0,0.000000e+00,0.000000e+00,195940843520.0,222580654080.0,1049815.2,53.26,0.55
BER: SYNC #39 (gated)
CSV,1125010,112500,39,38,0,19444,0,0.000000e+00,0.000000e+00,203841896448.0,223559778304.0,2077308.6,50.32,0.40
CSV,1130010,113000,39,38,0,19544,0,0.000000e+00,0.000000e+00,242763956224.0,177563500544.0,1109472.8,53.40,1.36
CSV,1135010,113500,39,38,0,19644,0,0.000000e+00,0.000000e+00,227873964032.0,185755795456.0,1271582.9,52.53,0.89
CSV,1140010,114000,39,38,0,19744,0,0.000000e+00,0.000000e+00,208712286208.0,210080104448.0,1062833.5,52.96,0.03
CSV,1145010,114500,39,38,0,19844,0,0.000000e+00,0.000000e+00,213828173824.0,215797563392.0,1262996.2,52.33,0.04
BER: END_SEQ #39 [LOCK] seq_err=0 BER_seq=0.0000e+00 | lock=39 slip=0 BER_cond=0.0000e+00 BER_cum=0.0000e+00
CSV,1150010,115000,39,39,0,19929,0,0.000000e+00,0.000000e+00,198688374784.0,218150535168.0,1379776.5,51.99,0.41
BER: SYNC #40 (gated)
CSV,1155010,115500,40,39,0,19967,0,0.000000e+00,0.000000e+00,205703856128.0,199783120896.0,1880616.6,50.39,0.13
CSV,1160010,116000,40,39,0,20067,0,0.000000e+00,0.000000e+00,244128497664.0,176480665600.0,1242013.1,52.93,1.41
CSV,1165010,116500,40,39,0,20167,0,0.000000e+00,0.000000e+00,213764341760.0,215796056064.0,1211715.0,52.51,0.04
CSV,1170010,117000,40,39,0,20267,0,0.000000e+00,0.000000e+00,219832631296.0,200764358656.0,1259298.5,52.42,0.39
CSV,1175010,117500,40,39,0,20367,0,0.000000e+00,0.000000e+00,199412727808.0,211627737088.0,1341822.0,51.98,0.26
BER: END_SEQ #40 [LOCK] seq_err=0 BER_seq=0.0000e+00 | lock=40 slip=0 BER_cond=0.0000e+00 BER_cum=0.0000e+00
CSV,1180010,118000,40,40,0,20440,0,0.000000e+00,0.000000e+00,200843624448.0,214962880512.0,1387684.2,51.90,0.30
BER: SYNC #41 (gated)
CSV,1185010,118500,41,40,0,20490,0,0.000000e+00,0.000000e+00,212354777088.0,214287761408.0,1799853.8,50.76,0.04
CSV,1190010,119000,41,40,0,20590,0,0.000000e+00,0.000000e+00,251137425408.0,173633110016.0,1081982.0,53.66,1.60
CSV,1195010,119500,41,40,0,20690,0,0.000000e+00,0.000000e+00,203524931584.0,206721335296.0,1381883.9,51.75,0.07
CSV,1200010,120000,41,40,0,20790,0,0.000000e+00,0.000000e+00,211929382912.0,205729300480.0,1184001.2,52.53,0.13
CSV,1205010,120500,41,40,0,20890,0,0.000000e+00,0.000000e+00,213163606016.0,215889264640.0,1120335.5,52.85,0.06
BER: END_SEQ #41 [LOCK] seq_err=0 BER_seq=0.0000e+00 | lock=41 slip=0 BER_cond=0.0000e+00 BER_cum=0.0000e+00
CSV,1210010,121000,41,41,0,20951,0,0.000000e+00,0.000000e+00,202093199360.0,214106308608.0,1648295.5,51.14,0.25
BER: SYNC #42 (gated)
CSV,1215010,121500,42,41,0,21012,0,0.000000e+00,0.000000e+00,199616200704.0,210379194368.0,1447154.9,51.62,0.23
CSV,1220010,122000,42,41,0,21112,0,0.000000e+00,0.000000e+00,256135725056.0,164185538560.0,1285942.0,52.99,1.93
CSV,1225010,122500,42,41,0,21212,0,0.000000e+00,0.000000e+00,222430773248.0,207894085632.0,1206756.9,52.66,0.29
CSV,1230010,123000,42,41,0,21312,0,0.000000e+00,0.000000e+00,202323165184.0,219937226752.0,1175763.2,52.72,0.36
CSV,1235010,123500,42,41,0,21412,0,0.000000e+00,0.000000e+00,213807038464.0,198622986240.0,1453847.1,51.68,0.32
BER: END_SEQ #42 [LOCK] seq_err=0 BER_seq=0.0000e+00 | lock=42 slip=0 BER_cond=0.0000e+00 BER_cum=0.0000e+00
CSV,1240010,124000,42,42,0,21462,0,0.000000e+00,0.000000e+00,188880355328.0,220951658496.0,1848497.0,50.77,0.68
BER: SYNC #43 (gated)
CSV,1245010,124500,43,42,0,21535,0,0.000000e+00,0.000000e+00,203436638208.0,223322095616.0,1292207.4,52.38,0.41
CSV,1250010,125000,43,42,0,21635,0,0.000000e+00,0.000000e+00,259808247808.0,166631686144.0,1301964.5,53.00,1.93
CSV,1255010,125500,43,42,0,21735,0,0.000000e+00,0.000000e+00,225375551488.0,189404168192.0,1229609.2,52.63,0.76
CSV,1260010,126000,43,42,0,21835,0,0.000000e+00,0.000000e+00,181786968064.0,231403962368.0,1176988.6,52.94,1.05
CSV,1265010,126500,43,42,0,21935,0,0.000000e+00,0.000000e+00,228814716928.0,198715752448.0,1097603.9,53.19,0.61
BER: END_SEQ #43 [LOCK] seq_err=0 BER_seq=0.0000e+00 | lock=43 slip=0 BER_cond=0.0000e+00 BER_cum=0.0000e+00
CSV,1270010,127000,43,43,0,21973,0,0.000000e+00,0.000000e+00,194935455744.0,221008379904.0,2088090.6,50.25,0.55
BER: SYNC #44 (gated)
CSV,1275010,127500,44,43,0,22058,0,0.000000e+00,0.000000e+00,206406516736.0,208849272832.0,1106027.9,52.76,0.05
CSV,1280010,128000,44,43,0,22158,0,0.000000e+00,0.000000e+00,247162257408.0,171602460672.0,1328801.8,52.70,1.58
CSV,1285010,128500,44,43,0,22258,0,0.000000e+00,0.000000e+00,224829440000.0,202720821248.0,1422458.2,51.99,0.45
CSV,1290010,129000,44,43,0,22358,0,0.000000e+00,0.000000e+00,202814783488.0,220149792768.0,1264515.8,52.41,0.36
CSV,1295010,129500,44,43,0,22458,0,0.000000e+00,0.000000e+00,209628692480.0,204541313024.0,1358624.8,51.88,0.11
BER: END_SEQ #44 [LOCK] seq_err=0 BER_seq=0.0000e+00 | lock=44 slip=0 BER_cond=0.0000e+00 BER_cum=0.0000e+00
CSV,1300010,130000,44,44,0,22484,0,0.000000e+00,0.000000e+00,183951867904.0,220442755072.0,2048652.9,50.32,0.79
BER: SYNC #45 (gated)
CSV,1305010,130500,45,44,0,22581,0,0.000000e+00,0.000000e+00,216760532992.0,210395742208.0,1122656.4,52.86,0.13
CSV,1310010,131000,45,44,0,22681,0,0.000000e+00,0.000000e+00,265773678592.0,163629563904.0,1334771.5,52.99,2.11
CSV,1315010,131500,45,44,0,22780,0,0.000000e+00,0.000000e+00,206036287488.0,207920332800.0,1194353.8,52.41,0.04
CSV,1320010,132000,45,44,0,22880,0,0.000000e+00,0.000000e+00,205204897792.0,207111651328.0,1325830.5,51.94,0.04
CSV,1325010,132500,45,44,0,22980,0,0.000000e+00,0.000000e+00,207353839616.0,217373081600.0,1087818.4,53.01,0.20
BER: END_SEQ #45 [LOCK] seq_err=0 BER_seq=0.0000e+00 | lock=45 slip=0 BER_cond=0.0000e+00 BER_cum=0.0000e+00
BER: SYNC #46 (gated)
CSV,1330010,133000,46,45,0,23003,0,0.000000e+00,0.000000e+00,196999249920.0,224106561536.0,2104916.2,50.27,0.56
CSV,1335010,133500,46,45,0,23103,0,0.000000e+00,0.000000e+00,210723913728.0,204438929408.0,1158022.8,52.60,0.13
CSV,1340010,134000,46,45,0,23203,0,0.000000e+00,0.000000e+00,251066482688.0,166597689344.0,1274368.1,52.94,1.78
CSV,1345010,134500,46,45,0,23303,0,0.000000e+00,0.000000e+00,218045759488.0,206555693056.0,1357976.6,52.06,0.24
CSV,1350010,135000,46,45,0,23403,0,0.000000e+00,0.000000e+00,204647464960.0,220448948224.0,1167554.1,52.76,0.32
CSV,1355010,135500,46,45,0,23503,0,0.000000e+00,0.000000e+00,203252957184.0,215396171776.0,1311704.6,52.15,0.25
BER: END_SEQ #46 [LOCK] seq_err=0 BER_seq=0.0000e+00 | lock=46 slip=0 BER_cond=0.0000e+00 BER_cum=0.0000e+00
BER: SYNC #47 (gated)
CSV,1360010,136000,47,46,0,23526,0,0.000000e+00,0.000000e+00,190833852416.0,211438157824.0,1993006.0,50.26,0.45
CSV,1365010,136500,47,46,0,23626,0,0.000000e+00,0.000000e+00,228903124992.0,196663918592.0,1299566.1,52.46,0.66
CSV,1370010,137000,47,46,0,23726,0,0.000000e+00,0.000000e+00,250534002688.0,179889487872.0,1215798.4,53.14,1.44
CSV,1375010,137500,47,46,0,23826,0,0.000000e+00,0.000000e+00,206654521344.0,209359831040.0,1225635.8,52.33,0.06
CSV,1380010,138000,47,46,0,23926,0,0.000000e+00,0.000000e+00,205552730112.0,208096968704.0,1176407.6,52.48,0.05
BER: END_SEQ #47 [LOCK] seq_err=0 BER_seq=0.0000e+00 | lock=47 slip=0 BER_cond=0.0000e+00 BER_cum=0.0000e+00
CSV,1385010,138500,47,47,0,24017,0,0.000000e+00,0.000000e+00,200232075264.0,221568892928.0,1245949.8,52.50,0.44
BER: SYNC #48 (gated)
CSV,1390010,139000,48,47,0,24049,0,0.000000e+00,0.000000e+00,209178640384.0,218404061184.0,1920794.2,50.56,0.19
CSV,1395010,139500,48,47,0,24149,0,0.000000e+00,0.000000e+00,243351994368.0,175771860992.0,1244177.2,52.91,1.41
CSV,1400010,140000,48,47,0,24249,0,0.000000e+00,0.000000e+00,209597431808.0,203496620032.0,1297851.6,52.08,0.13
CSV,1405010,140500,48,47,0,24349,0,0.000000e+00,0.000000e+00,214598959104.0,207560294400.0,1273962.1,52.26,0.14
CSV,1410010,141000,48,47,0,24449,0,0.000000e+00,0.000000e+00,227127263232.0,203849072640.0,1186545.9,52.82,0.47
BER: END_SEQ #48 [LOCK] seq_err=0 BER_seq=0.0000e+00 | lock=48 slip=0 BER_cond=0.0000e+00 BER_cum=0.0000e+00
CSV,1415010,141500,48,48,0,24528,0,0.000000e+00,0.000000e+00,192779714560.0,222697635840.0,1565353.8,51.53,0.63
BER: SYNC #49 (gated)
CSV,1420010,142000,49,48,0,24571,0,0.000000e+00,0.000000e+00,206882406400.0,200121696256.0,1813567.1,50.57,0.14
CSV,1425010,142500,49,48,0,24671,0,0.000000e+00,0.000000e+00,250117521408.0,175769780224.0,1181438.0,53.26,1.53
CSV,1430010,143000,49,48,0,24771,0,0.000000e+00,0.000000e+00,208851353600.0,220064530432.0,1286505.1,52.33,0.23
CSV,1435010,143500,49,48,0,24871,0,0.000000e+00,0.000000e+00,217490980864.0,201737633792.0,1262719.5,52.36,0.33
CSV,1440010,144000,49,48,0,24971,0,0.000000e+00,0.000000e+00,197154029568.0,215689953280.0,1177140.6,52.63,0.39
BER: END_SEQ #49 [LOCK] seq_err=0 BER_seq=0.0000e+00 | lock=49 slip=0 BER_cond=0.0000e+00 BER_cum=0.0000e+00
CSV,1445010,144500,49,49,0,25039,0,0.000000e+00,0.000000e+00,207001862144.0,212619231232.0,1559757.5,51.35,0.12
BER: SYNC #50 (gated)
CSV,1450010,145000,50,49,0,25094,0,0.000000e+00,0.000000e+00,215475437568.0,213240315904.0,1677661.5,51.09,0.05
CSV,1455010,145500,50,49,0,25194,0,0.000000e+00,0.000000e+00,251737145344.0,170452779008.0,1274291.1,52.96,1.69
CSV,1460010,146000,50,49,0,25294,0,0.000000e+00,0.000000e+00,209513676800.0,204305760256.0,1254935.6,52.23,0.11
CSV,1465010,146500,50,49,0,25394,0,0.000000e+00,0.000000e+00,198024495104.0,221461495808.0,1292614.8,52.34,0.49
CSV,1470010,147000,50,49,0,25494,0,0.000000e+00,0.000000e+00,229274140672.0,202160422912.0,1450760.6,51.99,0.55
BER: END_SEQ #50 [LOCK] seq_err=0 BER_seq=0.0000e+00 | lock=50 slip=0 BER_cond=0.0000e+00 BER_cum=0.0000e+00
CSV,1475010,147500,50,50,0,25550,0,0.000000e+00,0.000000e+00,191421808640.0,220594946048.0,1796039.6,50.89,0.62
BER: SYNC #51 (gated)
CSV,1480010,148000,51,50,0,25617,0,0.000000e+00,0.000000e+00,199067123712.0,213415510016.0,1359849.4,51.96,0.30
CSV,1485010,148500,51,50,0,25717,0,0.000000e+00,0.000000e+00,262953861120.0,160355926016.0,1273046.6,53.15,2.15
CSV,1490010,149000,51,50,0,25817,0,0.000000e+00,0.000000e+00,223763054592.0,207946596352.0,1156454.6,52.87,0.32
CSV,1495010,149500,51,50,0,25917,0,0.000000e+00,0.000000e+00,195566862336.0,223142592512.0,1306335.0,52.33,0.57
CSV,1500010,150000,51,50,0,26017,0,0.000000e+00,0.000000e+00,219145699328.0,194814050304.0,1243778.8,52.46,0.51
BER: END_SEQ #51 [LOCK] seq_err=0 BER_seq=0.0000e+00 | lock=51 slip=0 BER_cond=0.0000e+00 BER_cum=0.0000e+00
CSV,1505010,150500,51,51,0,26061,0,0.000000e+00,0.000000e+00,186956349440.0,224657014784.0,1876370.4,50.78,0.80

=========================================
=== END OF TEST (duration=25 min) ===
=========================================
FINAL: syncs=51 lock=51 slip=0 slip_rate=0.0000
FINAL: bits_cum=26061 err_cum=0 BER_cum=0.0000e+00
FINAL: bits_lock=26061 err_lock=0 BER_cond=0.0000e+00
=========================================
=== STOP LOGGING NOW ===
=========================================
