

=== RX BOOT - BER TEST MODE ===
MOD=OOK (20 kHz carrier, adaptive threshold)
BPS_MODE=20 (HALF_SAMPLES=2000, 10000 samples/bit @ 200000 Hz)
Expect: 64-bit preamble + Barker13 (1F35h, gated by 8 preamble bits = 0x55) + 511-bit PRBS-9
Noise floor band: 5000 Hz; lock threshold: BER<0.10
Auto-stop: test will halt 25 min after the first sync.
RX: edge-tracking sync, center-3 voting
Starting decoder...

CSV,5011,500,0,0,0,0,0,0.000000e+00,0.000000e+00,543540.6,175387328512.0,408813.3,56.32,55.09
BER: SYNC #1 (gated)
CSV,10011,1000,1,0,0,91,0,0.000000e+00,0.000000e+00,420122.2,152507367424.0,330927.6,56.64,55.60
CSV,15011,1500,1,0,0,191,0,0.000000e+00,0.000000e+00,453345.7,126351392768.0,340545.6,55.69,54.45
CSV,20011,2000,1,0,0,291,0,0.000000e+00,0.000000e+00,464154.6,151139975168.0,363862.3,56.18,55.13
CSV,25011,2500,1,0,0,391,0,0.000000e+00,0.000000e+00,450571.7,155070201856.0,333280.2,56.68,55.37
CSV,30011,3000,1,0,0,491,0,0.000000e+00,0.000000e+00,451881.2,157814095872.0,329808.4,56.80,55.43
BER: END_SEQ #1 [LOCK] seq_err=0 BER_seq=0.0000e+00 | lock=1 slip=0 BER_cond=0.0000e+00 BER_cum=0.0000e+00
BER: SYNC #2 (gated)
CSV,35011,3500,2,1,0,514,0,0.000000e+00,0.000000e+00,567094.5,164824760320.0,387910.3,56.28,54.63
CSV,40011,4000,2,1,0,614,0,0.000000e+00,0.000000e+00,443010.9,154885931008.0,312285.9,56.95,55.44
CSV,45011,4500,2,1,0,714,0,0.000000e+00,0.000000e+00,411696.0,115534815232.0,277529.8,56.19,54.48
CSV,50011,5000,2,1,0,814,0,0.000000e+00,0.000000e+00,450392.0,157578084352.0,291565.0,57.33,55.44
CSV,55011,5500,2,1,0,914,0,0.000000e+00,0.000000e+00,480100.2,157478600704.0,346018.9,56.58,55.16
CSV,60011,6000,2,1,0,1014,0,0.000000e+00,0.000000e+00,446755.4,150592454656.0,306980.3,56.91,55.28
BER: END_SEQ #2 [LOCK] seq_err=0 BER_seq=0.0000e+00 | lock=2 slip=0 BER_cond=0.0000e+00 BER_cum=0.0000e+00
BER: SYNC #3 (gated)
CSV,65011,6500,3,2,0,1037,0,0.000000e+00,0.000000e+00,578420.4,165150343168.0,402977.1,56.13,54.56
CSV,70011,7000,3,2,0,1137,0,0.000000e+00,0.000000e+00,452326.8,142630617088.0,325040.8,56.42,54.99
CSV,75011,7500,3,2,0,1237,0,0.000000e+00,0.000000e+00,405236.2,126190575616.0,302041.2,56.21,54.93
CSV,80011,8000,3,2,0,1337,0,0.000000e+00,0.000000e+00,427073.7,142868496384.0,329047.4,56.38,55.24
CSV,85011,8500,3,2,0,1437,0,0.000000e+00,0.000000e+00,459920.8,152847220736.0,340316.1,56.52,55.22
BER: END_SEQ #3 [LOCK] seq_err=0 BER_seq=0.0000e+00 | lock=3 slip=0 BER_cond=0.0000e+00 BER_cum=0.0000e+00
CSV,90011,9000,3,3,0,1533,0,0.000000e+00,0.000000e+00,443834.2,162803990528.0,308761.5,57.22,55.64
BER: SYNC #4 (gated)
CSV,95011,9500,4,3,0,1560,0,0.000000e+00,0.000000e+00,567201.9,156920168448.0,413695.1,55.79,54.42
CSV,100011,10000,4,3,0,1659,0,0.000000e+00,0.000000e+00,451752.1,124852961280.0,294917.0,56.27,54.41
CSV,105011,10500,4,3,0,1760,0,0.000000e+00,0.000000e+00,433569.1,132596432896.0,314246.9,56.25,54.85
CSV,110011,11000,4,3,0,1859,0,0.000000e+00,0.000000e+00,435317.8,152794906624.0,322620.2,56.75,55.45
CSV,115011,11500,4,3,0,1959,0,0.000000e+00,0.000000e+00,441119.6,151235084288.0,325666.2,56.67,55.35
BER: END_SEQ #4 [LOCK] seq_err=0 BER_seq=0.0000e+00 | lock=4 slip=0 BER_cond=0.0000e+00 BER_cum=0.0000e+00
CSV,120011,12000,4,4,0,2044,0,0.000000e+00,0.000000e+00,509672.0,152856772608.0,345736.2,56.46,54.77
BER: SYNC #5 (gated)
CSV,125011,12500,5,4,0,2082,0,0.000000e+00,0.000000e+00,500696.0,142021705728.0,359392.2,55.97,54.53
CSV,130011,13000,5,4,0,2182,0,0.000000e+00,0.000000e+00,418785.2,127125766144.0,321661.1,55.97,54.82
CSV,135011,13500,5,4,0,2282,0,0.000000e+00,0.000000e+00,464423.8,150909992960.0,351758.5,56.32,55.12
CSV,140011,14000,5,4,0,2382,0,0.000000e+00,0.000000e+00,404691.2,140203442176.0,317080.3,56.46,55.40
CSV,145011,14500,5,4,0,2482,0,0.000000e+00,0.000000e+00,455397.5,149876867072.0,365429.6,56.13,55.17
BER: END_SEQ #5 [LOCK] seq_err=0 BER_seq=0.0000e+00 | lock=5 slip=0 BER_cond=0.0000e+00 BER_cum=0.0000e+00
CSV,150011,15000,5,5,0,2555,0,0.000000e+00,0.000000e+00,474086.6,154297516032.0,306844.1,57.01,55.13
BER: SYNC #6 (gated)
CSV,155011,15500,6,5,0,2605,0,0.000000e+00,0.000000e+00,466597.5,150654943232.0,315960.1,56.78,55.09
CSV,160011,16000,6,5,0,2705,0,0.000000e+00,0.000000e+00,401034.9,119799308288.0,277440.3,56.35,54.75
CSV,165011,16500,6,5,0,2805,0,0.000000e+00,0.000000e+00,450622.4,146046812160.0,312997.3,56.69,55.11
CSV,170011,17000,6,5,0,2905,0,0.000000e+00,0.000000e+00,428819.0,146358665216.0,311435.2,56.72,55.33
CSV,175011,17500,6,5,0,3005,0,0.000000e+00,0.000000e+00,448495.2,149263728640.0,302871.9,56.93,55.22
BER: END_SEQ #6 [LOCK] seq_err=0 BER_seq=0.0000e+00 | lock=6 slip=0 BER_cond=0.0000e+00 BER_cum=0.0000e+00
CSV,180011,18000,6,6,0,3066,0,0.000000e+00,0.000000e+00,518034.0,147838615552.0,397867.5,55.70,54.55
BER: SYNC #7 (gated)
CSV,185011,18500,7,6,0,3128,0,0.000000e+00,0.000000e+00,444451.6,147420266496.0,342561.9,56.34,55.21
CSV,190011,19000,7,6,0,3228,0,0.000000e+00,0.000000e+00,396397.5,116268498944.0,299658.6,55.89,54.67
CSV,195011,19500,7,6,0,3327,0,0.000000e+00,0.000000e+00,411475.2,144928210944.0,255205.8,57.54,55.47
CSV,200011,20000,7,6,0,3428,0,0.000000e+00,0.000000e+00,455522.7,152079269888.0,314745.9,56.84,55.24
CSV,205011,20500,7,6,0,3528,0,0.000000e+00,0.000000e+00,443119.0,138840457216.0,321597.0,56.35,54.96
BER: END_SEQ #7 [LOCK] seq_err=0 BER_seq=0.0000e+00 | lock=7 slip=0 BER_cond=0.0000e+00 BER_cum=0.0000e+00
CSV,210011,21000,7,7,0,3577,0,0.000000e+00,0.000000e+00,501374.2,155894104064.0,395437.0,55.96,54.93
BER: SYNC #8 (gated)
CSV,215011,21500,8,7,0,3650,0,0.000000e+00,0.000000e+00,425616.7,155615019008.0,344261.2,56.55,55.63
CSV,220011,22000,8,7,0,3750,0,0.000000e+00,0.000000e+00,356218.4,113604681728.0,291131.6,55.91,55.04
CSV,225011,22500,8,7,0,3850,0,0.000000e+00,0.000000e+00,403825.3,131521273856.0,315790.3,56.20,55.13
CSV,230011,23000,8,7,0,3950,0,0.000000e+00,0.000000e+00,434898.2,162984312832.0,307374.8,57.24,55.74
CSV,235011,23500,8,7,0,4050,0,0.000000e+00,0.000000e+00,389935.1,140253282304.0,333806.8,56.23,55.56
BER: END_SEQ #8 [LOCK] seq_err=0 BER_seq=0.0000e+00 | lock=8 slip=0 BER_cond=0.0000e+00 BER_cum=0.0000e+00
CSV,240011,24000,8,8,0,4088,0,0.000000e+00,0.000000e+00,534713.9,149548154880.0,395186.7,55.78,54.47
BER: SYNC #9 (gated)
CSV,245011,24500,9,8,0,4173,0,0.000000e+00,0.000000e+00,430387.7,144841015296.0,310982.0,56.68,55.27
CSV,250011,25000,9,8,0,4273,0,0.000000e+00,0.000000e+00,369808.1,120803729408.0,288597.0,56.22,55.14
CSV,255011,25500,9,8,0,4373,0,0.000000e+00,0.000000e+00,418708.3,141961822208.0,315172.3,56.54,55.30
CSV,260011,26000,9,8,0,4473,0,0.000000e+00,0.000000e+00,418353.2,150623289344.0,305132.1,56.93,55.56
CSV,265011,26500,9,8,0,4573,0,0.000000e+00,0.000000e+00,415997.4,142255702016.0,322325.1,56.45,55.34
BER: END_SEQ #9 [LOCK] seq_err=0 BER_seq=0.0000e+00 | lock=9 slip=0 BER_cond=0.0000e+00 BER_cum=0.0000e+00
CSV,270011,27000,9,9,0,4599,0,0.000000e+00,0.000000e+00,526816.1,156194340864.0,359541.4,56.38,54.72
BER: SYNC #10 (gated)
CSV,275011,27500,10,9,0,4696,0,0.000000e+00,0.000000e+00,443213.9,146395037696.0,289837.9,57.03,55.19
CSV,280011,28000,10,9,0,4796,0,0.000000e+00,0.000000e+00,390467.3,110939062272.0,276659.8,56.03,54.53
CSV,285011,28500,10,9,0,4896,0,0.000000e+00,0.000000e+00,411522.0,144216965120.0,312470.5,56.64,55.45
CSV,290011,29000,10,9,0,4996,0,0.000000e+00,0.000000e+00,435527.8,145476501504.0,318332.4,56.60,55.24
CSV,295011,29500,10,9,0,5096,0,0.000000e+00,0.000000e+00,437814.1,152269406208.0,302661.8,57.02,55.41
BER: END_SEQ #10 [LOCK] seq_err=0 BER_seq=0.0000e+00 | lock=10 slip=0 BER_cond=0.0000e+00 BER_cum=0.0000e+00
BER: SYNC #11 (gated)
CSV,300011,30000,11,10,0,5119,0,0.000000e+00,0.000000e+00,526716.9,151743856640.0,354455.2,56.32,54.60
CSV,305011,30500,11,10,0,5219,0,0.000000e+00,0.000000e+00,436319.5,140507119616.0,293188.6,56.81,55.08
CSV,310011,31000,11,10,0,5319,0,0.000000e+00,0.000000e+00,379898.6,116223000576.0,280374.5,56.18,54.86
CSV,315011,31500,11,10,0,5418,0,0.000000e+00,0.000000e+00,431609.2,143513042944.0,289888.6,56.95,55.22
CSV,320011,32000,11,10,0,5518,0,0.000000e+00,0.000000e+00,420579.1,149777956864.0,304801.3,56.91,55.52
CSV,325011,32500,11,10,0,5618,0,0.000000e+00,0.000000e+00,418645.3,147051315200.0,270665.3,57.35,55.46
BER: END_SEQ #11 [LOCK] seq_err=0 BER_seq=0.0000e+00 | lock=11 slip=0 BER_cond=0.0000e+00 BER_cum=0.0000e+00
BER: SYNC #12 (gated)
CSV,330011,33000,12,11,0,5641,0,0.000000e+00,0.000000e+00,555434.3,147208290304.0,403840.3,55.62,54.23
CSV,335011,33500,12,11,0,5741,0,0.000000e+00,0.000000e+00,403486.8,137519169536.0,306501.7,56.52,55.33
CSV,340011,34000,12,11,0,5841,0,0.000000e+00,0.000000e+00,381640.6,121047638016.0,263757.7,56.62,55.01
CSV,345011,34500,12,11,0,5941,0,0.000000e+00,0.000000e+00,410622.5,143891398656.0,265987.5,57.33,55.45
CSV,350011,35000,12,11,0,6041,0,0.000000e+00,0.000000e+00,418595.9,145124458496.0,315208.7,56.63,55.40
BER: END_SEQ #12 [LOCK] seq_err=0 BER_seq=0.0000e+00 | lock=12 slip=0 BER_cond=0.0000e+00 BER_cum=0.0000e+00
CSV,355011,35500,12,12,0,6132,0,0.000000e+00,0.000000e+00,391330.6,156223913984.0,296750.2,57.21,56.01
BER: SYNC #13 (gated)
CSV,360011,36000,13,12,0,6164,0,0.000000e+00,0.000000e+00,531691.6,146987827200.0,385551.4,55.81,54.42
CSV,365011,36500,13,12,0,6264,0,0.000000e+00,0.000000e+00,346415.1,120965087232.0,269598.6,56.52,55.43
CSV,370011,37000,13,12,0,6364,0,0.000000e+00,0.000000e+00,430395.4,141786447872.0,283897.8,56.98,55.18
CSV,375011,37500,13,12,0,6464,0,0.000000e+00,0.000000e+00,376902.9,146603786240.0,281508.9,57.17,55.90
CSV,380011,38000,13,12,0,6564,0,0.000000e+00,0.000000e+00,450213.8,138270375936.0,308988.3,56.51,54.87
BER: END_SEQ #13 [LOCK] seq_err=0 BER_seq=0.0000e+00 | lock=13 slip=0 BER_cond=0.0000e+00 BER_cum=0.0000e+00
CSV,385011,38500,13,13,0,6643,0,0.000000e+00,0.000000e+00,433400.2,152046862336.0,332290.7,56.60,55.45
BER: SYNC #14 (gated)
CSV,390011,39000,14,13,0,6687,0,0.000000e+00,0.000000e+00,490445.2,139583176704.0,338201.7,56.16,54.54
CSV,395011,39500,14,13,0,6787,0,0.000000e+00,0.000000e+00,398824.1,122516234240.0,280878.5,56.40,54.87
CSV,400011,40000,14,13,0,6886,0,0.000000e+00,0.000000e+00,461550.6,149189312512.0,315199.7,56.75,55.10
CSV,405011,40500,14,13,0,6986,0,0.000000e+00,0.000000e+00,383657.5,138584522752.0,306449.3,56.55,55.58
CSV,410011,41000,14,13,0,7087,0,0.000000e+00,0.000000e+00,438075.9,149148942336.0,309363.0,56.83,55.32
BER: END_SEQ #14 [LOCK] seq_err=0 BER_seq=0.0000e+00 | lock=14 slip=0 BER_cond=0.0000e+00 BER_cum=0.0000e+00
CSV,415011,41500,14,14,0,7154,0,0.000000e+00,0.000000e+00,515044.2,148624572416.0,351526.6,56.26,54.60
BER: SYNC #15 (gated)
CSV,420011,42000,15,14,0,7209,0,0.000000e+00,0.000000e+00,445227.4,146330189824.0,347579.3,56.24,55.17
CSV,425011,42500,15,14,0,7309,0,0.000000e+00,0.000000e+00,390838.0,116190953472.0,286066.9,56.09,54.73
CSV,430011,43000,15,14,0,7409,0,0.000000e+00,0.000000e+00,429846.1,140924895232.0,300818.7,56.71,55.16
CSV,435011,43500,15,14,0,7509,0,0.000000e+00,0.000000e+00,441773.6,155908521984.0,292252.0,57.27,55.48
CSV,440011,44000,15,14,0,7609,0,0.000000e+00,0.000000e+00,440864.0,137442705408.0,306155.4,56.52,54.94
BER: END_SEQ #15 [LOCK] seq_err=0 BER_seq=0.0000e+00 | lock=15 slip=0 BER_cond=0.0000e+00 BER_cum=0.0000e+00
CSV,445011,44500,15,15,0,7665,0,0.000000e+00,0.000000e+00,464759.9,151088136192.0,356355.8,56.27,55.12
BER: SYNC #16 (gated)
CSV,450011,45000,16,15,0,7732,0,0.000000e+00,0.000000e+00,447158.5,148418969600.0,351690.2,56.25,55.21
CSV,455011,45500,16,15,0,7832,0,0.000000e+00,0.000000e+00,355190.2,112976175104.0,284329.5,55.99,55.03
CSV,460011,46000,16,15,0,7932,0,0.000000e+00,0.000000e+00,407880.4,142033321984.0,328148.9,56.36,55.42
CSV,465011,46500,16,15,0,8032,0,0.000000e+00,0.000000e+00,439820.2,151520886784.0,315549.6,56.81,55.37
CSV,470011,47000,16,15,0,8132,0,0.000000e+00,0.000000e+00,403747.8,135080804352.0,321748.7,56.23,55.24
BER: END_SEQ #16 [LOCK] seq_err=0 BER_seq=0.0000e+00 | lock=16 slip=0 BER_cond=0.0000e+00 BER_cum=0.0000e+00
CSV,475011,47500,16,16,0,8176,0,0.000000e+00,0.000000e+00,496840.4,157882564608.0,376788.3,56.22,55.02
BER: SYNC #17 (gated)
CSV,480011,48000,17,16,0,8255,0,0.000000e+00,0.000000e+00,459579.7,151543169024.0,325144.2,56.68,55.18
CSV,485011,48500,17,16,0,8355,0,0.000000e+00,0.000000e+00,376848.9,115353370624.0,302249.4,55.82,54.86
CSV,490011,49000,17,16,0,8455,0,0.000000e+00,0.000000e+00,395329.5,128803528704.0,307948.2,56.21,55.13
CSV,495011,49500,17,16,0,8555,0,0.000000e+00,0.000000e+00,423642.9,163977461760.0,333619.2,56.92,55.88
CSV,500011,50000,17,16,0,8655,0,0.000000e+00,0.000000e+00,389508.8,139619713024.0,294909.9,56.75,55.54
BER: END_SEQ #17 [LOCK] seq_err=0 BER_seq=0.0000e+00 | lock=17 slip=0 BER_cond=0.0000e+00 BER_cum=0.0000e+00
CSV,505011,50500,17,17,0,8687,0,0.000000e+00,0.000000e+00,537250.4,152378589184.0,390059.6,55.92,54.53
BER: SYNC #18 (gated)
CSV,510011,51000,18,17,0,8777,0,0.000000e+00,0.000000e+00,414217.0,138339909632.0,277123.5,56.98,55.24
CSV,515011,51500,18,17,0,8877,0,0.000000e+00,0.000000e+00,404163.9,117467029504.0,293923.8,56.02,54.63
CSV,520011,52000,18,17,0,8977,0,0.000000e+00,0.000000e+00,441126.0,145119133696.0,341372.4,56.28,55.17
CSV,525011,52500,18,17,0,9077,0,0.000000e+00,0.000000e+00,424543.5,143756656640.0,334937.4,56.33,55.30
CSV,530011,53000,18,17,0,9177,0,0.000000e+00,0.000000e+00,448240.8,139887837184.0,295685.0,56.75,54.94
BER: END_SEQ #18 [LOCK] seq_err=0 BER_seq=0.0000e+00 | lock=18 slip=0 BER_cond=0.0000e+00 BER_cum=0.0000e+00
BER: SYNC #19 (gated)
CSV,535011,53500,19,18,0,9200,0,0.000000e+00,0.000000e+00,546818.8,157392355328.0,378686.3,56.19,54.59
CSV,540011,54000,19,18,0,9300,0,0.000000e+00,0.000000e+00,417785.8,147526500352.0,330073.8,56.50,55.48
CSV,545011,54500,19,18,0,9400,0,0.000000e+00,0.000000e+00,377807.5,110901952512.0,294037.0,55.77,54.68
CSV,550011,55000,19,18,0,9500,0,0.000000e+00,0.000000e+00,440700.4,142090534912.0,335213.5,56.27,55.08
CSV,555011,55500,19,18,0,9600,0,0.000000e+00,0.000000e+00,426787.2,148085260288.0,328152.9,56.54,55.40
CSV,560011,56000,19,18,0,9700,0,0.000000e+00,0.000000e+00,368303.6,146024382464.0,282557.9,57.13,55.98
BER: END_SEQ #19 [LOCK] seq_err=0 BER_seq=0.0000e+00 | lock=19 slip=0 BER_cond=0.0000e+00 BER_cum=0.0000e+00
BER: SYNC #20 (gated)
CSV,565011,56500,20,19,0,9723,0,0.000000e+00,0.000000e+00,559295.3,159564824576.0,411099.6,55.89,54.55
CSV,570011,57000,20,19,0,9823,0,0.000000e+00,0.000000e+00,386507.4,133757280256.0,308406.2,56.37,55.39
CSV,575011,57500,20,19,0,9923,0,0.000000e+00,0.000000e+00,390913.8,120354996224.0,298281.2,56.06,54.88
CSV,580011,58000,20,19,0,10023,0,0.000000e+00,0.000000e+00,420058.9,143346728960.0,324212.9,56.46,55.33
CSV,585011,58500,20,19,0,10123,0,0.000000e+00,0.000000e+00,421886.9,147805339648.0,318942.0,56.66,55.44
BER: END_SEQ #20 [LOCK] seq_err=0 BER_seq=0.0000e+00 | lock=20 slip=0 BER_cond=0.0000e+00 BER_cum=0.0000e+00
CSV,590011,59000,20,20,0,10220,0,0.000000e+00,0.000000e+00,405487.3,150309765120.0,313048.7,56.81,55.69
BER: SYNC #21 (gated)
CSV,595011,59500,21,20,0,10246,0,0.000000e+00,0.000000e+00,531943.8,147896696832.0,360366.2,56.13,54.44
CSV,600011,60000,21,20,0,10346,0,0.000000e+00,0.000000e+00,448691.1,128622297088.0,286482.1,56.52,54.57
CSV,605011,60500,21,20,0,10445,0,0.000000e+00,0.000000e+00,405117.8,127493906432.0,313438.8,56.09,54.98
CSV,610011,61000,21,20,0,10546,0,0.000000e+00,0.000000e+00,423880.9,143260860416.0,324036.8,56.46,55.29
CSV,615011,61500,21,20,0,10645,0,0.000000e+00,0.000000e+00,414107.5,144775233536.0,329421.0,56.43,55.44
BER: END_SEQ #21 [LOCK] seq_err=0 BER_seq=0.0000e+00 | lock=21 slip=0 BER_cond=0.0000e+00 BER_cum=0.0000e+00
CSV,620011,62000,21,21,0,10731,0,0.000000e+00,0.000000e+00,469610.4,154475806720.0,316227.8,56.89,55.17
BER: SYNC #22 (gated)
CSV,625011,62500,22,21,0,10768,0,0.000000e+00,0.000000e+00,508692.1,141195198464.0,352739.9,56.02,54.43
CSV,630011,63000,22,21,0,10868,0,0.000000e+00,0.000000e+00,377185.9,120372805632.0,302291.4,56.00,55.04
CSV,635011,63500,22,21,0,10968,0,0.000000e+00,0.000000e+00,428620.1,143331000320.0,342044.0,56.22,55.24
CSV,640011,64000,22,21,0,11068,0,0.000000e+00,0.000000e+00,418730.4,144387899392.0,294062.0,56.91,55.38
CSV,645011,64500,22,21,0,11168,0,0.000000e+00,0.000000e+00,430675.0,147216236544.0,326622.0,56.54,55.34
BER: END_SEQ #22 [LOCK] seq_err=0 BER_seq=0.0000e+00 | lock=22 slip=0 BER_cond=0.0000e+00 BER_cum=0.0000e+00
CSV,650011,65000,22,22,0,11242,0,0.000000e+00,0.000000e+00,439106.5,146773917696.0,327784.5,56.51,55.24
BER: SYNC #23 (gated)
CSV,655011,65500,23,22,0,11291,0,0.000000e+00,0.000000e+00,480647.9,142811070464.0,337955.7,56.26,54.73
CSV,660011,66000,23,22,0,11391,0,0.000000e+00,0.000000e+00,369807.0,121220186112.0,313474.6,55.87,55.16
CSV,665011,66500,23,22,0,11491,0,0.000000e+00,0.000000e+00,431620.0,145526407168.0,338953.7,56.33,55.28
CSV,670011,67000,23,22,0,11591,0,0.000000e+00,0.000000e+00,392480.1,143147876352.0,305288.3,56.71,55.62
CSV,675011,67500,23,22,0,11691,0,0.000000e+00,0.000000e+00,425508.9,142207991808.0,345506.6,56.14,55.24
BER: END_SEQ #23 [LOCK] seq_err=0 BER_seq=0.0000e+00 | lock=23 slip=0 BER_cond=0.0000e+00 BER_cum=0.0000e+00
CSV,680011,68000,23,23,0,11753,0,0.000000e+00,0.000000e+00,486491.7,154088554496.0,353992.8,56.39,55.01
BER: SYNC #24 (gated)
CSV,685011,68500,24,23,0,11814,0,0.000000e+00,0.000000e+00,479497.7,147197198336.0,317653.8,56.66,54.87
CSV,690011,69000,24,23,0,11914,0,0.000000e+00,0.000000e+00,402017.0,114669887488.0,281162.2,56.10,54.55
CSV,695011,69500,24,23,0,12014,0,0.000000e+00,0.000000e+00,447267.1,138977673216.0,327270.7,56.28,54.92
CSV,700011,70000,24,23,0,12114,0,0.000000e+00,0.000000e+00,400131.8,151561453568.0,301681.4,57.01,55.78
CSV,705011,70500,24,23,0,12213,0,0.000000e+00,0.000000e+00,454302.3,140357746688.0,356637.8,55.95,54.90
BER: END_SEQ #24 [LOCK] seq_err=0 BER_seq=0.0000e+00 | lock=24 slip=0 BER_cond=0.0000e+00 BER_cum=0.0000e+00
CSV,710011,71000,24,24,0,12264,0,0.000000e+00,0.000000e+00,506936.7,152025153536.0,356164.9,56.30,54.77
BER: SYNC #25 (gated)
CSV,715011,71500,25,24,0,12336,0,0.000000e+00,0.000000e+00,429710.8,150333161472.0,304459.5,56.94,55.44
CSV,720011,72000,25,24,0,12436,0,0.000000e+00,0.000000e+00,403706.6,115936190464.0,305189.0,55.80,54.58
CSV,725011,72500,25,24,0,12536,0,0.000000e+00,0.000000e+00,407969.1,133322604544.0,344799.2,55.87,55.14
CSV,730011,73000,25,24,0,12636,0,0.000000e+00,0.000000e+00,459154.9,160592822272.0,327829.8,56.90,55.44
CSV,735011,73500,25,24,0,12736,0,0.000000e+00,0.000000e+00,393940.1,132003733504.0,294601.9,56.51,55.25
BER: END_SEQ #25 [LOCK] seq_err=0 BER_seq=0.0000e+00 | lock=25 slip=0 BER_cond=0.0000e+00 BER_cum=0.0000e+00
CSV,740011,74000,25,25,0,12775,0,0.000000e+00,0.000000e+00,547630.3,155623374848.0,372368.8,56.21,54.54
BER: SYNC #26 (gated)
CSV,745011,74500,26,25,0,12859,0,0.000000e+00,0.000000e+00,378718.8,148538769408.0,305572.0,56.87,55.94
CSV,750011,75000,26,25,0,12959,0,0.000000e+00,0.000000e+00,380183.0,118010355712.0,284729.0,56.17,54.92
CSV,755011,75500,26,25,0,13059,0,0.000000e+00,0.000000e+00,396468.3,133737963520.0,326086.5,56.13,55.28
CSV,760011,76000,26,25,0,13159,0,0.000000e+00,0.000000e+00,418405.0,154837090304.0,300368.5,57.12,55.68
CSV,765011,76500,26,25,0,13259,0,0.000000e+00,0.000000e+00,418230.1,144545431552.0,307815.8,56.72,55.39
BER: END_SEQ #26 [LOCK] seq_err=0 BER_seq=0.0000e+00 | lock=26 slip=0 BER_cond=0.0000e+00 BER_cum=0.0000e+00
CSV,770011,77000,26,26,0,13286,0,0.000000e+00,0.000000e+00,507220.9,152178475008.0,390571.2,55.91,54.77
BER: SYNC #27 (gated)
CSV,775011,77500,27,26,0,13382,0,0.000000e+00,0.000000e+00,425689.5,138256728064.0,280868.5,56.92,55.12
CSV,780011,78000,27,26,0,13482,0,0.000000e+00,0.000000e+00,384450.1,111993708544.0,294069.5,55.81,54.64
CSV,785011,78500,27,26,0,13582,0,0.000000e+00,0.000000e+00,424142.7,147030622208.0,310290.8,56.76,55.40
CSV,790011,79000,27,26,0,13682,0,0.000000e+00,0.000000e+00,451539.2,142300315648.0,334191.3,56.29,54.99
CSV,795011,79500,27,26,0,13782,0,0.000000e+00,0.000000e+00,429266.9,146116820992.0,281662.4,57.15,55.32
BER: END_SEQ #27 [LOCK] seq_err=0 BER_seq=0.0000e+00 | lock=27 slip=0 BER_cond=0.0000e+00 BER_cum=0.0000e+00
BER: SYNC #28 (gated)
CSV,800011,80000,28,27,0,13805,0,0.000000e+00,0.000000e+00,536090.6,152512167936.0,361076.8,56.26,54.54
CSV,805011,80500,28,27,0,13904,0,0.000000e+00,0.000000e+00,387198.0,144156114944.0,290642.2,56.95,55.71
CSV,810011,81000,28,27,0,14005,0,0.000000e+00,0.000000e+00,403807.5,114129641472.0,292230.5,55.92,54.51
CSV,815011,81500,28,27,0,14105,0,0.000000e+00,0.000000e+00,444692.5,139083530240.0,332960.2,56.21,54.95
CSV,820011,82000,28,27,0,14204,0,0.000000e+00,0.000000e+00,445590.0,148578172928.0,325781.4,56.59,55.23
CSV,825011,82500,28,27,0,14304,0,0.000000e+00,0.000000e+00,408068.3,149895888896.0,292778.5,57.09,55.65
BER: END_SEQ #28 [LOCK] seq_err=0 BER_seq=0.0000e+00 | lock=28 slip=0 BER_cond=0.0000e+00 BER_cum=0.0000e+00
BER: SYNC #29 (gated)
CSV,830011,83000,29,28,0,14327,0,0.000000e+00,0.000000e+00,520009.6,147186057216.0,363613.4,56.07,54.52
CSV,835011,83500,29,28,0,14427,0,0.000000e+00,0.000000e+00,388263.7,131480035328.0,284744.3,56.64,55.30
CSV,840011,84000,29,28,0,14527,0,0.000000e+00,0.000000e+00,397855.5,123045494784.0,328909.0,55.73,54.90
CSV,845011,84500,29,28,0,14627,0,0.000000e+00,0.000000e+00,419424.9,146844844032.0,298704.3,56.92,55.44
CSV,850011,85000,29,28,0,14727,0,0.000000e+00,0.000000e+00,428684.3,143837560832.0,308086.5,56.69,55.26
BER: END_SEQ #29 [LOCK] seq_err=0 BER_seq=0.0000e+00 | lock=29 slip=0 BER_cond=0.0000e+00 BER_cum=0.0000e+00
CSV,855011,85500,29,29,0,14819,0,0.000000e+00,0.000000e+00,398140.9,149486845952.0,302928.2,56.93,55.75
BER: SYNC #30 (gated)
CSV,860011,86000,30,29,0,14850,0,0.000000e+00,0.000000e+00,537806.8,145483513856.0,384613.8,55.78,54.32
CSV,865011,86500,30,29,0,14950,0,0.000000e+00,0.000000e+00,386260.6,124890832896.0,276650.7,56.55,55.10
CSV,870011,87000,30,29,0,15050,0,0.000000e+00,0.000000e+00,441408.2,138876846080.0,351307.6,55.97,54.98
CSV,875011,87500,30,29,0,15150,0,0.000000e+00,0.000000e+00,389473.8,139735252992.0,297260.9,56.72,55.55
CSV,880011,88000,30,29,0,15250,0,0.000000e+00,0.000000e+00,440489.4,137711419392.0,324990.6,56.27,54.95
BER: END_SEQ #30 [LOCK] seq_err=0 BER_seq=0.0000e+00 | lock=30 slip=0 BER_cond=0.0000e+00 BER_cum=0.0000e+00
CSV,885011,88500,30,30,0,15330,0,0.000000e+00,0.000000e+00,485336.2,156073607168.0,343007.2,56.58,55.07
BER: SYNC #31 (gated)
CSV,890011,89000,31,30,0,15373,0,0.000000e+00,0.000000e+00,458241.1,133675958272.0,308299.7,56.37,54.65
CSV,895011,89500,31,30,0,15473,0,0.000000e+00,0.000000e+00,384479.7,118002573312.0,296806.8,55.99,54.87
CSV,900011,90000,31,30,0,15573,0,0.000000e+00,0.000000e+00,425734.5,143233400832.0,295406.3,56.86,55.27
CSV,905011,90500,31,30,0,15673,0,0.000000e+00,0.000000e+00,387156.2,138855596032.0,258243.6,57.31,55.55
CSV,910011,91000,31,30,0,15772,0,0.000000e+00,0.000000e+00,433083.0,145125621760.0,313958.4,56.65,55.25
BER: END_SEQ #31 [LOCK] seq_err=0 BER_seq=0.0000e+00 | lock=31 slip=0 BER_cond=0.0000e+00 BER_cum=0.0000e+00
CSV,915011,91500,31,31,0,15841,0,0.000000e+00,0.000000e+00,444915.6,139522949120.0,300051.9,56.67,54.96
BER: SYNC #32 (gated)
CSV,920011,92000,32,31,0,15896,0,0.000000e+00,0.000000e+00,450417.4,136543715328.0,327009.0,56.21,54.82
CSV,925011,92500,32,31,0,15995,0,0.000000e+00,0.000000e+00,338012.7,119005224960.0,255784.8,56.68,55.47
CSV,930011,93000,32,31,0,16095,0,0.000000e+00,0.000000e+00,410562.1,137858449408.0,280285.8,56.92,55.26
CSV,935011,93500,32,31,0,16195,0,0.000000e+00,0.000000e+00,414858.2,143316533248.0,272428.6,57.21,55.38
CSV,940011,94000,32,31,0,16295,0,0.000000e+00,0.000000e+00,407957.3,132339531776.0,267684.2,56.94,55.11
BER: END_SEQ #32 [LOCK] seq_err=0 BER_seq=0.0000e+00 | lock=32 slip=0 BER_cond=0.0000e+00 BER_cum=0.0000e+00
CSV,945011,94500,32,32,0,16352,0,0.000000e+00,0.000000e+00,424548.6,150866608128.0,292457.8,57.13,55.51
BER: SYNC #33 (gated)
CSV,950011,95000,33,32,0,16418,0,0.000000e+00,0.000000e+00,450185.8,144653271040.0,300765.4,56.82,55.07
CSV,955011,95500,33,32,0,16518,0,0.000000e+00,0.000000e+00,353317.8,105033334784.0,257029.5,56.11,54.73
CSV,960011,96000,33,32,0,16618,0,0.000000e+00,0.000000e+00,386497.3,134352084992.0,253450.5,57.24,55.41
CSV,965011,96500,33,32,0,16718,0,0.000000e+00,0.000000e+00,397988.5,150703587328.0,279066.6,57.32,55.78
CSV,970011,97000,33,32,0,16818,0,0.000000e+00,0.000000e+00,389159.1,135835803648.0,266327.2,57.08,55.43
BER: END_SEQ #33 [LOCK] seq_err=0 BER_seq=0.0000e+00 | lock=33 slip=0 BER_cond=0.0000e+00 BER_cum=0.0000e+00
CSV,975011,97500,33,33,0,16863,0,0.000000e+00,0.000000e+00,554077.1,148456800256.0,411108.6,55.58,54.28
BER: SYNC #34 (gated)
CSV,980011,98000,34,33,0,16941,0,0.000000e+00,0.000000e+00,423244.0,147862552576.0,299320.4,56.94,55.43
CSV,985011,98500,34,33,0,17041,0,0.000000e+00,0.000000e+00,400899.6,116201742336.0,293813.4,55.97,54.62
CSV,990011,99000,34,33,0,17141,0,0.000000e+00,0.000000e+00,422443.9,132538802176.0,271969.5,56.88,54.97
CSV,995011,99500,34,33,0,17241,0,0.000000e+00,0.000000e+00,426706.8,156533063680.0,332598.0,56.73,55.64
CSV,1000011,100000,34,33,0,17341,0,0.000000e+00,0.000000e+00,424112.2,134322733056.0,300255.6,56.51,55.01
BER: END_SEQ #34 [LOCK] seq_err=0 BER_seq=0.0000e+00 | lock=34 slip=0 BER_cond=0.0000e+00 BER_cum=0.0000e+00
CSV,1005011,100500,34,34,0,17374,0,0.000000e+00,0.000000e+00,508947.2,158345740288.0,376475.8,56.24,54.93
BER: SYNC #35 (gated)
CSV,1010011,101000,35,34,0,17463,0,0.000000e+00,0.000000e+00,386968.7,142897332224.0,278857.8,57.10,55.67
CSV,1015011,101500,35,34,0,17564,0,0.000000e+00,0.000000e+00,360715.5,113488830464.0,270899.1,56.22,54.98
CSV,1020011,102000,35,34,0,17664,0,0.000000e+00,0.000000e+00,417033.1,139676876800.0,282458.7,56.94,55.25
CSV,1025011,102500,35,34,0,17763,0,0.000000e+00,0.000000e+00,437795.3,146767282176.0,317716.1,56.65,55.25
CSV,1030011,103000,35,34,0,17863,0,0.000000e+00,0.000000e+00,380825.5,140031590400.0,288791.7,56.86,55.66
BER: END_SEQ #35 [LOCK] seq_err=0 BER_seq=0.0000e+00 | lock=35 slip=0 BER_cond=0.0000e+00 BER_cum=0.0000e+00
BER: SYNC #36 (gated)
CSV,1035011,103500,36,35,0,17886,0,0.000000e+00,0.000000e+00,543851.2,153134907392.0,384382.1,56.00,54.50
CSV,1040011,104000,36,35,0,17986,0,0.000000e+00,0.000000e+00,424253.2,140023431168.0,287198.9,56.88,55.19
CSV,1045011,104500,36,35,0,18086,0,0.000000e+00,0.000000e+00,364828.7,114109505536.0,291263.1,55.93,54.95
CSV,1050011,105000,36,35,0,18186,0,0.000000e+00,0.000000e+00,389965.6,142903607296.0,298229.4,56.80,55.64
CSV,1055011,105500,36,35,0,18286,0,0.000000e+00,0.000000e+00,427831.5,146038702080.0,314797.0,56.66,55.33
CSV,1060011,106000,36,35,0,18386,0,0.000000e+00,0.000000e+00,413396.8,140118212608.0,294621.2,56.77,55.30
BER: END_SEQ #36 [LOCK] seq_err=0 BER_seq=0.0000e+00 | lock=36 slip=0 BER_cond=0.0000e+00 BER_cum=0.0000e+00
BER: SYNC #37 (gated)
CSV,1065011,106500,37,36,0,18409,0,0.000000e+00,0.000000e+00,523671.9,159542657024.0,377445.3,56.26,54.84
CSV,1070011,107000,37,36,0,18509,0,0.000000e+00,0.000000e+00,462903.7,138940317696.0,326766.6,56.29,54.77
CSV,1075011,107500,37,36,0,18609,0,0.000000e+00,0.000000e+00,375235.1,116608794624.0,278432.2,56.22,54.92
CSV,1080011,108000,37,36,0,18709,0,0.000000e+00,0.000000e+00,421691.4,134576021504.0,281086.2,56.80,55.04
CSV,1085011,108500,37,36,0,18809,0,0.000000e+00,0.000000e+00,398360.9,150867869696.0,322082.3,56.71,55.78
BER: END_SEQ #37 [LOCK] seq_err=0 BER_seq=0.0000e+00 | lock=37 slip=0 BER_cond=0.0000e+00 BER_cum=0.0000e+00
CSV,1090011,109000,37,37,0,18907,0,0.000000e+00,0.000000e+00,442149.9,153141215232.0,318568.9,56.82,55.40
BER: SYNC #38 (gated)
CSV,1095011,109500,38,37,0,18932,0,0.000000e+00,0.000000e+00,542646.8,142928871424.0,371562.7,55.85,54.21
CSV,1100011,110000,38,37,0,19032,0,0.000000e+00,0.000000e+00,363140.4,124936757248.0,286970.4,56.39,55.37
CSV,1105011,110500,38,37,0,19132,0,0.000000e+00,0.000000e+00,416272.4,128239042560.0,282652.8,56.57,54.89
CSV,1110011,111000,38,37,0,19232,0,0.000000e+00,0.000000e+00,396948.2,143827107840.0,280529.8,57.10,55.59
CSV,1115011,111500,38,37,0,19332,0,0.000000e+00,0.000000e+00,431869.1,145564499968.0,318758.8,56.60,55.28
BER: END_SEQ #38 [LOCK] seq_err=0 BER_seq=0.0000e+00 | lock=38 slip=0 BER_cond=0.0000e+00 BER_cum=0.0000e+00
CSV,1120011,112000,38,38,0,19418,0,0.000000e+00,0.000000e+00,413550.4,147848200192.0,338545.1,56.40,55.53
BER: SYNC #39 (gated)
CSV,1125011,112500,39,38,0,19454,0,0.000000e+00,0.000000e+00,486427.3,140903907328.0,333572.9,56.26,54.62
CSV,1130011,113000,39,38,0,19554,0,0.000000e+00,0.000000e+00,378597.4,124436684800.0,300510.8,56.17,55.17
CSV,1135011,113500,39,38,0,19654,0,0.000000e+00,0.000000e+00,414008.4,139910479872.0,300856.6,56.67,55.29
CSV,1140011,114000,39,38,0,19754,0,0.000000e+00,0.000000e+00,384601.9,139702976512.0,294024.3,56.77,55.60
CSV,1145011,114500,39,38,0,19854,0,0.000000e+00,0.000000e+00,433062.1,144240164864.0,304383.0,56.76,55.23
BER: END_SEQ #39 [LOCK] seq_err=0 BER_seq=0.0000e+00 | lock=39 slip=0 BER_cond=0.0000e+00 BER_cum=0.0000e+00
CSV,1150011,115000,39,39,0,19929,0,0.000000e+00,0.000000e+00,444956.6,150653124608.0,348644.0,56.36,55.30
BER: SYNC #40 (gated)
CSV,1155011,115500,40,39,0,19977,0,0.000000e+00,0.000000e+00,474630.9,141184729088.0,343510.4,56.14,54.73
CSV,1160011,116000,40,39,0,20077,0,0.000000e+00,0.000000e+00,375577.6,113643880448.0,263821.1,56.34,54.81
CSV,1165011,116500,40,39,0,20177,0,0.000000e+00,0.000000e+00,466411.6,145474797568.0,318264.4,56.60,54.94
CSV,1170011,117000,40,39,0,20277,0,0.000000e+00,0.000000e+00,388809.0,145319362560.0,286954.1,57.05,55.73
CSV,1175011,117500,40,39,0,20377,0,0.000000e+00,0.000000e+00,442774.4,141337870336.0,305706.7,56.65,55.04
BER: END_SEQ #40 [LOCK] seq_err=0 BER_seq=0.0000e+00 | lock=40 slip=0 BER_cond=0.0000e+00 BER_cum=0.0000e+00
CSV,1180011,118000,40,40,0,20440,0,0.000000e+00,0.000000e+00,488241.1,143638151168.0,318122.7,56.55,54.69
BER: SYNC #41 (gated)
CSV,1185011,118500,41,40,0,20500,0,0.000000e+00,0.000000e+00,456059.6,142552137728.0,360992.9,55.96,54.95
CSV,1190011,119000,41,40,0,20600,0,0.000000e+00,0.000000e+00,404752.2,120627142656.0,288188.3,56.22,54.74
CSV,1195011,119500,41,40,0,20700,0,0.000000e+00,0.000000e+00,419089.1,137525379072.0,271208.8,57.05,55.16
CSV,1200011,120000,41,40,0,20800,0,0.000000e+00,0.000000e+00,428059.8,144696180736.0,286333.1,57.04,55.29
CSV,1205011,120500,41,40,0,20900,0,0.000000e+00,0.000000e+00,415097.9,137310781440.0,287522.2,56.79,55.20
BER: END_SEQ #41 [LOCK] seq_err=0 BER_seq=0.0000e+00 | lock=41 slip=0 BER_cond=0.0000e+00 BER_cum=0.0000e+00
CSV,1210011,121000,41,41,0,20951,0,0.000000e+00,0.000000e+00,480145.5,154977402880.0,368866.8,56.23,55.09
BER: SYNC #42 (gated)
CSV,1215011,121500,42,41,0,21023,0,0.000000e+00,0.000000e+00,394130.8,151443521536.0,312018.8,56.86,55.85
CSV,1220011,122000,42,41,0,21122,0,0.000000e+00,0.000000e+00,375728.0,107400413184.0,290581.7,55.68,54.56
CSV,1225011,122500,42,41,0,21222,0,0.000000e+00,0.000000e+00,379874.5,131218620416.0,266493.2,56.92,55.38
CSV,1230011,123000,42,41,0,21322,0,0.000000e+00,0.000000e+00,459341.5,160162775040.0,321751.9,56.97,55.42
CSV,1235011,123500,42,41,0,21422,0,0.000000e+00,0.000000e+00,400624.9,131552329728.0,291663.6,56.54,55.16
BER: END_SEQ #42 [LOCK] seq_err=0 BER_seq=0.0000e+00 | lock=42 slip=0 BER_cond=0.0000e+00 BER_cum=0.0000e+00
CSV,1240011,124000,42,42,0,21462,0,0.000000e+00,0.000000e+00,500294.4,147536461824.0,382754.8,55.86,54.70
BER: SYNC #43 (gated)
CSV,1245011,124500,43,42,0,21545,0,0.000000e+00,0.000000e+00,441522.9,145873190912.0,295825.3,56.93,55.19
CSV,1250011,125000,43,42,0,21645,0,0.000000e+00,0.000000e+00,378266.4,119819419648.0,293603.3,56.11,55.01
CSV,1255011,125500,43,42,0,21745,0,0.000000e+00,0.000000e+00,410187.8,131775111168.0,312880.7,56.24,55.07
CSV,1260011,126000,43,42,0,21845,0,0.000000e+00,0.000000e+00,411917.7,151357915136.0,302481.2,56.99,55.65
CSV,1265011,126500,43,42,0,21945,0,0.000000e+00,0.000000e+00,440662.2,138352394240.0,311543.6,56.47,54.97
BER: END_SEQ #43 [LOCK] seq_err=0 BER_seq=0.0000e+00 | lock=43 slip=0 BER_cond=0.0000e+00 BER_cum=0.0000e+00
CSV,1270011,127000,43,43,0,21973,0,0.000000e+00,0.000000e+00,538626.3,157614718976.0,363212.3,56.37,54.66
BER: SYNC #44 (gated)
CSV,1275011,127500,44,43,0,22068,0,0.000000e+00,0.000000e+00,415468.5,138524884992.0,333359.8,56.19,55.23
CSV,1280011,128000,44,43,0,22168,0,0.000000e+00,0.000000e+00,379217.6,109566558208.0,280249.0,55.92,54.61
CSV,1285011,128500,44,43,0,22268,0,0.000000e+00,0.000000e+00,417747.6,140659556352.0,321310.4,56.41,55.27
CSV,1290011,129000,44,43,0,22368,0,0.000000e+00,0.000000e+00,453900.9,148501037056.0,306565.9,56.85,55.15
CSV,1295011,129500,44,43,0,22468,0,0.000000e+00,0.000000e+00,417610.6,144922869760.0,301069.7,56.82,55.40
BER: END_SEQ #44 [LOCK] seq_err=0 BER_seq=0.0000e+00 | lock=44 slip=0 BER_cond=0.0000e+00 BER_cum=0.0000e+00
BER: SYNC #45 (gated)
CSV,1300011,130000,45,44,0,22491,0,0.000000e+00,0.000000e+00,541832.4,146940526592.0,392163.0,55.74,54.33
CSV,1305011,130500,45,44,0,22591,0,0.000000e+00,0.000000e+00,375722.2,142597586944.0,304537.0,56.70,55.79
CSV,1310011,131000,45,44,0,22691,0,0.000000e+00,0.000000e+00,375533.6,115614089216.0,300517.0,55.85,54.88
CSV,1315011,131500,45,44,0,22791,0,0.000000e+00,0.000000e+00,414628.8,141793263616.0,313574.7,56.55,55.34
CSV,1320011,132000,45,44,0,22891,0,0.000000e+00,0.000000e+00,432024.5,146861522944.0,323438.1,56.57,55.31
CSV,1325011,132500,45,44,0,22991,0,0.000000e+00,0.000000e+00,346235.5,143222276096.0,304194.2,56.73,56.17
BER: END_SEQ #45 [LOCK] seq_err=0 BER_seq=0.0000e+00 | lock=45 slip=0 BER_cond=0.0000e+00 BER_cum=0.0000e+00
BER: SYNC #46 (gated)
CSV,1330011,133000,46,45,0,23013,0,0.000000e+00,0.000000e+00,522700.6,153457360896.0,388887.6,55.96,54.68
CSV,1335011,133500,46,45,0,23113,0,0.000000e+00,0.000000e+00,390092.1,133874008064.0,292187.9,56.61,55.36
CSV,1340011,134000,46,45,0,23213,0,0.000000e+00,0.000000e+00,384650.3,117993897984.0,258964.2,56.59,54.87
CSV,1345011,134500,46,45,0,23313,0,0.000000e+00,0.000000e+00,397788.7,138869669888.0,322199.0,56.34,55.43
CSV,1350011,135000,46,45,0,23413,0,0.000000e+00,0.000000e+00,404819.6,146034655232.0,286990.7,57.07,55.57
BER: END_SEQ #46 [LOCK] seq_err=0 BER_seq=0.0000e+00 | lock=46 slip=0 BER_cond=0.0000e+00 BER_cum=0.0000e+00
CSV,1355011,135500,46,46,0,23506,0,0.000000e+00,0.000000e+00,410645.4,153277005824.0,313787.1,56.89,55.72
BER: SYNC #47 (gated)
CSV,1360011,136000,47,46,0,23536,0,0.000000e+00,0.000000e+00,538236.8,143100510208.0,359352.3,56.00,54.25
CSV,1365011,136500,47,46,0,23636,0,0.000000e+00,0.000000e+00,420986.5,119327563776.0,294110.2,56.08,54.52
CSV,1370011,137000,47,46,0,23736,0,0.000000e+00,0.000000e+00,424561.0,137897000960.0,312683.2,56.44,55.12
CSV,1375011,137500,47,46,0,23836,0,0.000000e+00,0.000000e+00,402848.0,142132510720.0,320141.5,56.47,55.48
CSV,1380011,138000,47,46,0,23936,0,0.000000e+00,0.000000e+00,408011.9,137158664192.0,317550.1,56.35,55.27
BER: END_SEQ #47 [LOCK] seq_err=0 BER_seq=0.0000e+00 | lock=47 slip=0 BER_cond=0.0000e+00 BER_cum=0.0000e+00
CSV,1385011,138500,47,47,0,24017,0,0.000000e+00,0.000000e+00,440347.7,147707625472.0,288677.4,57.09,55.26
BER: SYNC #48 (gated)
CSV,1390011,139000,48,47,0,24059,0,0.000000e+00,0.000000e+00,485788.3,139541315584.0,363421.8,55.84,54.58
CSV,1395011,139500,48,47,0,24159,0,0.000000e+00,0.000000e+00,381087.2,122863632384.0,282485.3,56.38,55.08
CSV,1400011,140000,48,47,0,24259,0,0.000000e+00,0.000000e+00,437261.8,141315506176.0,356263.8,55.98,55.09
CSV,1405011,140500,48,47,0,24359,0,0.000000e+00,0.000000e+00,405013.1,135716552704.0,297871.0,56.59,55.25
CSV,1410011,141000,48,47,0,24459,0,0.000000e+00,0.000000e+00,427986.7,149341962240.0,319397.2,56.70,55.43
BER: END_SEQ #48 [LOCK] seq_err=0 BER_seq=0.0000e+00 | lock=48 slip=0 BER_cond=0.0000e+00 BER_cum=0.0000e+00
CSV,1415011,141500,48,48,0,24528,0,0.000000e+00,0.000000e+00,437890.7,144512696320.0,331790.6,56.39,55.19
BER: SYNC #49 (gated)
CSV,1420011,142000,49,48,0,24581,0,0.000000e+00,0.000000e+00,457580.6,137147695104.0,311292.4,56.44,54.77
CSV,1425011,142500,49,48,0,24681,0,0.000000e+00,0.000000e+00,347900.9,115191193600.0,280507.4,56.13,55.20
CSV,1430011,143000,49,48,0,24781,0,0.000000e+00,0.000000e+00,404476.0,139163549696.0,280957.3,56.95,55.37
CSV,1435011,143500,49,48,0,24881,0,0.000000e+00,0.000000e+00,412055.6,144100851712.0,247810.1,57.65,55.44
CSV,1440011,144000,49,48,0,24981,0,0.000000e+00,0.000000e+00,418608.7,134789046272.0,336023.9,56.03,55.08
BER: END_SEQ #49 [LOCK] seq_err=0 BER_seq=0.0000e+00 | lock=49 slip=0 BER_cond=0.0000e+00 BER_cum=0.0000e+00
CSV,1445011,144500,49,49,0,25039,0,0.000000e+00,0.000000e+00,460374.9,142417969152.0,319331.7,56.49,54.90
BER: SYNC #50 (gated)
CSV,1450011,145000,50,49,0,25104,0,0.000000e+00,0.000000e+00,441324.3,143564554240.0,263759.9,57.36,55.12
CSV,1455011,145500,50,49,0,25204,0,0.000000e+00,0.000000e+00,344604.2,106908614656.0,227006.4,56.73,54.92
CSV,1460011,146000,50,49,0,25304,0,0.000000e+00,0.000000e+00,398833.3,132429078528.0,277597.3,56.79,55.21
CSV,1465011,146500,50,49,0,25404,0,0.000000e+00,0.000000e+00,380669.6,141193150464.0,274948.6,57.11,55.69
CSV,1470011,147000,50,49,0,25504,0,0.000000e+00,0.000000e+00,428155.0,132608999424.0,295610.2,56.52,54.91
BER: END_SEQ #50 [LOCK] seq_err=0 BER_seq=0.0000e+00 | lock=50 slip=0 BER_cond=0.0000e+00 BER_cum=0.0000e+00
CSV,1475011,147500,50,50,0,25550,0,0.000000e+00,0.000000e+00,507000.7,148634533888.0,335124.1,56.47,54.67
BER: SYNC #51 (gated)
CSV,1480011,148000,51,50,0,25627,0,0.000000e+00,0.000000e+00,408634.8,143528181760.0,271568.9,57.23,55.46
CSV,1485011,148500,51,50,0,25727,0,0.000000e+00,0.000000e+00,397409.3,110061035520.0,314053.9,55.45,54.42
CSV,1490011,149000,51,50,0,25827,0,0.000000e+00,0.000000e+00,406519.9,128588193792.0,335189.6,55.84,55.00
CSV,1495011,149500,51,50,0,25927,0,0.000000e+00,0.000000e+00,457977.7,154235731968.0,285588.0,57.32,55.27
CSV,1500011,150000,51,50,0,26027,0,0.000000e+00,0.000000e+00,392263.0,128951894016.0,259102.8,56.97,55.17
BER: END_SEQ #51 [LOCK] seq_err=0 BER_seq=0.0000e+00 | lock=51 slip=0 BER_cond=0.0000e+00 BER_cum=0.0000e+00
CSV,1505011,150500,51,51,0,26061,0,0.000000e+00,0.000000e+00,523833.7,141203718144.0,354053.4,56.01,54.31

=========================================
=== END OF TEST (duration=25 min) ===
=========================================
FINAL: syncs=51 lock=51 slip=0 slip_rate=0.0000
FINAL: bits_cum=26061 err_cum=0 BER_cum=0.0000e+00
FINAL: bits_lock=26061 err_lock=0 BER_cond=0.0000e+00
=========================================
=== STOP LOGGING NOW ===
=========================================
