

=== RX BOOT - BER TEST MODE ===
MOD=OOK (20 kHz carrier, adaptive threshold)
BPS_MODE=40 (HALF_SAMPLES=1000, 5000 samples/bit @ 200000 Hz)
Expect: 64-bit preamble + Barker13 (1F35h, gated by 8 preamble bits = 0x55) + 511-bit PRBS-9
Noise floor band: 5000 Hz; lock threshold: BER<0.10
Auto-stop: test will halt 25 min after the first sync.
RX: edge-tracking sync, center-3 voting
Starting decoder...

BER: SYNC #1 (gated)
CSV,5008,1000,1,0,0,41,0,0.000000e+00,0.000000e+00,513361.8,54526357504.0,506224.6,50.32,50.26
CSV,10008,2000,1,0,0,241,0,0.000000e+00,0.000000e+00,436916.3,50155667456.0,327674.0,51.85,50.60
CSV,15008,3000,1,0,0,441,0,0.000000e+00,0.000000e+00,453013.2,55276486656.0,330842.8,52.23,50.86
BER: END_SEQ #1 [LOCK] seq_err=0 BER_seq=0.0000e+00 | lock=1 slip=0 BER_cond=0.0000e+00 BER_cum=0.0000e+00
BER: SYNC #2 (gated)
CSV,20008,4000,2,1,0,564,0,0.000000e+00,0.000000e+00,500206.3,54052347904.0,353944.9,51.84,50.34
CSV,25008,5000,2,1,0,764,0,0.000000e+00,0.000000e+00,456260.9,50829426688.0,322486.2,51.98,50.47
CSV,30008,6000,2,1,0,964,0,0.000000e+00,0.000000e+00,468306.6,53932945408.0,299063.0,52.56,50.61
BER: END_SEQ #2 [LOCK] seq_err=0 BER_seq=0.0000e+00 | lock=2 slip=0 BER_cond=0.0000e+00 BER_cum=0.0000e+00
BER: SYNC #3 (gated)
CSV,35008,7000,3,2,0,1086,0,0.000000e+00,0.000000e+00,515425.5,57531518976.0,325734.8,52.47,50.48
CSV,40008,8000,3,2,0,1286,0,0.000000e+00,0.000000e+00,460394.7,46876487680.0,299064.6,51.95,50.08
CSV,45008,9000,3,2,0,1486,0,0.000000e+00,0.000000e+00,468748.5,55672389632.0,307927.7,52.57,50.75
BER: END_SEQ #3 [LOCK] seq_err=0 BER_seq=0.0000e+00 | lock=3 slip=0 BER_cond=0.0000e+00 BER_cum=0.0000e+00
BER: SYNC #4 (gated)
CSV,50008,10000,4,3,0,1609,0,0.000000e+00,0.000000e+00,535878.9,56497754112.0,338171.2,52.23,50.23
CSV,55008,11000,4,3,0,1809,0,0.000000e+00,0.000000e+00,436978.2,47543377920.0,273112.9,52.41,50.37
CSV,60008,12000,4,3,0,2009,0,0.000000e+00,0.000000e+00,433239.3,55799099392.0,285351.2,52.91,51.10
BER: END_SEQ #4 [LOCK] seq_err=0 BER_seq=0.0000e+00 | lock=4 slip=0 BER_cond=0.0000e+00 BER_cum=0.0000e+00
BER: SYNC #5 (gated)
CSV,65008,13000,5,4,0,2132,0,0.000000e+00,0.000000e+00,517583.8,56686153728.0,342277.8,52.19,50.39
CSV,70008,14000,5,4,0,2332,0,0.000000e+00,0.000000e+00,454292.8,48748724224.0,300645.1,52.10,50.31
CSV,75008,15000,5,4,0,2532,0,0.000000e+00,0.000000e+00,506342.0,54899113984.0,290398.2,52.77,50.35
BER: END_SEQ #5 [LOCK] seq_err=0 BER_seq=0.0000e+00 | lock=5 slip=0 BER_cond=0.0000e+00 BER_cum=0.0000e+00
BER: SYNC #6 (gated)
CSV,80008,16000,6,5,0,2654,0,0.000000e+00,0.000000e+00,519991.8,56152408064.0,353004.8,52.02,50.33
CSV,85008,17000,6,5,0,2854,0,0.000000e+00,0.000000e+00,411728.8,48334204928.0,259025.6,52.71,50.70
CSV,90008,18000,6,5,0,3054,0,0.000000e+00,0.000000e+00,437300.4,56063438848.0,277994.8,53.05,51.08
BER: END_SEQ #6 [LOCK] seq_err=0 BER_seq=0.0000e+00 | lock=6 slip=0 BER_cond=0.0000e+00 BER_cum=0.0000e+00
BER: SYNC #7 (gated)
CSV,95008,19000,7,6,0,3177,0,0.000000e+00,0.000000e+00,532062.5,55673204736.0,347452.0,52.05,50.20
CSV,100008,20000,7,6,0,3377,0,0.000000e+00,0.000000e+00,427045.1,48583991296.0,298550.4,52.11,50.56
BER: END_SEQ #7 [LOCK] seq_err=0 BER_seq=0.0000e+00 | lock=7 slip=0 BER_cond=0.0000e+00 BER_cum=0.0000e+00
CSV,105008,21000,7,7,0,3577,0,0.000000e+00,0.000000e+00,435993.5,57424998400.0,288876.7,52.98,51.20
BER: SYNC #8 (gated)
CSV,110008,22000,8,7,0,3700,0,0.000000e+00,0.000000e+00,534677.2,52565045248.0,355888.5,51.69,49.93
CSV,115008,23000,8,7,0,3900,0,0.000000e+00,0.000000e+00,436028.1,50410328064.0,275717.8,52.62,50.63
BER: END_SEQ #8 [LOCK] seq_err=0 BER_seq=0.0000e+00 | lock=8 slip=0 BER_cond=0.0000e+00 BER_cum=0.0000e+00
CSV,120008,24000,8,8,0,4088,0,0.000000e+00,0.000000e+00,487796.3,57119301632.0,285950.6,53.00,50.69
BER: SYNC #9 (gated)
CSV,125008,25000,9,8,0,4223,0,0.000000e+00,0.000000e+00,513463.0,50228903936.0,329915.7,51.83,49.90
CSV,130008,26000,9,8,0,4422,0,0.000000e+00,0.000000e+00,470274.6,54081744896.0,314432.4,52.36,50.61
BER: END_SEQ #9 [LOCK] seq_err=0 BER_seq=0.0000e+00 | lock=9 slip=0 BER_cond=0.0000e+00 BER_cum=0.0000e+00
CSV,135008,27000,9,9,0,4599,0,0.000000e+00,0.000000e+00,449774.0,55506407424.0,305507.4,52.59,50.91
BER: SYNC #10 (gated)
CSV,140008,28000,10,9,0,4745,0,0.000000e+00,0.000000e+00,507573.8,49397235712.0,320894.6,51.87,49.88
CSV,145008,29000,10,9,0,4945,0,0.000000e+00,0.000000e+00,448313.8,54976331776.0,307644.8,52.52,50.89
BER: END_SEQ #10 [LOCK] seq_err=0 BER_seq=0.0000e+00 | lock=10 slip=0 BER_cond=0.0000e+00 BER_cum=0.0000e+00
CSV,150008,30000,10,10,0,5110,0,0.000000e+00,0.000000e+00,484086.2,55827865600.0,325123.4,52.35,50.62
BER: SYNC #11 (gated)
CSV,155008,31000,11,10,0,5268,0,0.000000e+00,0.000000e+00,486691.4,49172508672.0,309048.8,52.02,50.04
CSV,160008,32000,11,10,0,5468,0,0.000000e+00,0.000000e+00,476350.7,55743270912.0,311264.6,52.53,50.68
BER: END_SEQ #11 [LOCK] seq_err=0 BER_seq=0.0000e+00 | lock=11 slip=0 BER_cond=0.0000e+00 BER_cum=0.0000e+00
CSV,165008,33000,11,11,0,5621,0,0.000000e+00,0.000000e+00,539453.9,54784393216.0,326271.7,52.25,50.07
BER: SYNC #12 (gated)
CSV,170008,34000,12,11,0,5791,0,0.000000e+00,0.000000e+00,461592.3,50444402688.0,303929.4,52.20,50.39
CSV,175008,35000,12,11,0,5991,0,0.000000e+00,0.000000e+00,473626.8,54702936064.0,328362.4,52.22,50.63
BER: END_SEQ #12 [LOCK] seq_err=0 BER_seq=0.0000e+00 | lock=12 slip=0 BER_cond=0.0000e+00 BER_cum=0.0000e+00
CSV,180008,36000,12,12,0,6132,0,0.000000e+00,0.000000e+00,509602.8,54896431104.0,364134.9,51.78,50.32
BER: SYNC #13 (gated)
CSV,185008,37000,13,12,0,6313,0,0.000000e+00,0.000000e+00,428147.5,50436608000.0,296335.1,52.31,50.71
CSV,190008,38000,13,12,0,6513,0,0.000000e+00,0.000000e+00,466708.0,55425695744.0,308955.1,52.54,50.75
BER: END_SEQ #13 [LOCK] seq_err=0 BER_seq=0.0000e+00 | lock=13 slip=0 BER_cond=0.0000e+00 BER_cum=0.0000e+00
CSV,195008,39000,13,13,0,6643,0,0.000000e+00,0.000000e+00,534235.9,54962552832.0,334315.2,52.16,50.12
BER: SYNC #14 (gated)
CSV,200008,40000,14,13,0,6836,0,0.000000e+00,0.000000e+00,430884.7,48413765632.0,296645.1,52.13,50.51
CSV,205008,41000,14,13,0,7036,0,0.000000e+00,0.000000e+00,492847.8,54550724608.0,322938.3,52.28,50.44
BER: END_SEQ #14 [LOCK] seq_err=0 BER_seq=0.0000e+00 | lock=14 slip=0 BER_cond=0.0000e+00 BER_cum=0.0000e+00
BER: SYNC #15 (gated)
CSV,210008,42000,15,14,0,7159,0,0.000000e+00,0.000000e+00,542970.4,56351211520.0,326233.7,52.37,50.16
CSV,215008,43000,15,14,0,7359,0,0.000000e+00,0.000000e+00,462249.4,48617287680.0,303856.9,52.04,50.22
CSV,220008,44000,15,14,0,7559,0,0.000000e+00,0.000000e+00,437414.6,56026775552.0,317268.8,52.47,51.08
BER: END_SEQ #15 [LOCK] seq_err=0 BER_seq=0.0000e+00 | lock=15 slip=0 BER_cond=0.0000e+00 BER_cum=0.0000e+00
BER: SYNC #16 (gated)
CSV,225008,45000,16,15,0,7682,0,0.000000e+00,0.000000e+00,501049.2,56246013952.0,346751.0,52.10,50.50
CSV,230008,46000,16,15,0,7881,0,0.000000e+00,0.000000e+00,457374.5,48974594048.0,289580.3,52.28,50.30
CSV,235008,47000,16,15,0,8081,0,0.000000e+00,0.000000e+00,459465.2,53411295232.0,307273.0,52.40,50.65
BER: END_SEQ #16 [LOCK] seq_err=0 BER_seq=0.0000e+00 | lock=16 slip=0 BER_cond=0.0000e+00 BER_cum=0.0000e+00
BER: SYNC #17 (gated)
CSV,240008,48000,17,16,0,8204,0,0.000000e+00,0.000000e+00,536542.9,57899216896.0,347677.1,52.21,50.33
CSV,245008,49000,17,16,0,8404,0,0.000000e+00,0.000000e+00,463109.1,48196325376.0,299627.4,52.06,50.17
CSV,250008,50000,17,16,0,8604,0,0.000000e+00,0.000000e+00,475181.6,54734462976.0,311500.2,52.45,50.61
BER: END_SEQ #17 [LOCK] seq_err=0 BER_seq=0.0000e+00 | lock=17 slip=0 BER_cond=0.0000e+00 BER_cum=0.0000e+00
BER: SYNC #18 (gated)
CSV,255008,51000,18,17,0,8727,0,0.000000e+00,0.000000e+00,535251.9,54635196416.0,333709.1,52.14,50.09
CSV,260008,52000,18,17,0,8927,0,0.000000e+00,0.000000e+00,480686.3,51112488960.0,299826.6,52.32,50.27
CSV,265008,53000,18,17,0,9127,0,0.000000e+00,0.000000e+00,424670.9,53745172480.0,309380.5,52.40,51.02
BER: END_SEQ #18 [LOCK] seq_err=0 BER_seq=0.0000e+00 | lock=18 slip=0 BER_cond=0.0000e+00 BER_cum=0.0000e+00
BER: SYNC #19 (gated)
CSV,270008,54000,19,18,0,9250,0,0.000000e+00,0.000000e+00,517339.5,55790878720.0,347717.5,52.05,50.33
CSV,275008,55000,19,18,0,9450,0,0.000000e+00,0.000000e+00,448937.6,49446899712.0,301205.7,52.15,50.42
CSV,280008,56000,19,18,0,9649,0,0.000000e+00,0.000000e+00,460891.1,54571053056.0,299540.1,52.61,50.73
BER: END_SEQ #19 [LOCK] seq_err=0 BER_seq=0.0000e+00 | lock=19 slip=0 BER_cond=0.0000e+00 BER_cum=0.0000e+00
BER: SYNC #20 (gated)
CSV,285008,57000,20,19,0,9773,0,0.000000e+00,0.000000e+00,495598.1,55946227712.0,341912.5,52.14,50.53
CSV,290008,58000,20,19,0,9972,0,0.000000e+00,0.000000e+00,432657.7,47960535040.0,270310.5,52.49,50.45
CSV,295008,59000,20,19,0,10172,0,0.000000e+00,0.000000e+00,485922.6,54746800128.0,303622.5,52.56,50.52
BER: END_SEQ #20 [LOCK] seq_err=0 BER_seq=0.0000e+00 | lock=20 slip=0 BER_cond=0.0000e+00 BER_cum=0.0000e+00
BER: SYNC #21 (gated)
CSV,300008,60000,21,20,0,10295,0,0.000000e+00,0.000000e+00,536247.7,57893511168.0,333697.5,52.39,50.33
CSV,305008,61000,21,20,0,10495,0,0.000000e+00,0.000000e+00,442453.1,46340034560.0,274137.7,52.28,50.20
CSV,310008,62000,21,20,0,10695,0,0.000000e+00,0.000000e+00,456823.3,56463253504.0,281803.6,53.02,50.92
BER: END_SEQ #21 [LOCK] seq_err=0 BER_seq=0.0000e+00 | lock=21 slip=0 BER_cond=0.0000e+00 BER_cum=0.0000e+00
BER: SYNC #22 (gated)
CSV,315008,63000,22,21,0,10818,0,0.000000e+00,0.000000e+00,514403.4,55346880512.0,321740.1,52.36,50.32
CSV,320008,64000,22,21,0,11018,0,0.000000e+00,0.000000e+00,416318.6,49729695744.0,287567.6,52.38,50.77
CSV,325008,65000,22,21,0,11218,0,0.000000e+00,0.000000e+00,443665.9,54170468352.0,291579.8,52.69,50.87
BER: END_SEQ #22 [LOCK] seq_err=0 BER_seq=0.0000e+00 | lock=22 slip=0 BER_cond=0.0000e+00 BER_cum=0.0000e+00
BER: SYNC #23 (gated)
CSV,330008,66000,23,22,0,11341,0,0.000000e+00,0.000000e+00,521724.8,57244667904.0,345081.0,52.20,50.40
CSV,335008,67000,23,22,0,11540,0,0.000000e+00,0.000000e+00,452631.2,47233282048.0,281767.1,52.24,50.19
CSV,340008,68000,23,22,0,11740,0,0.000000e+00,0.000000e+00,497248.6,56789385216.0,314084.1,52.57,50.58
BER: END_SEQ #23 [LOCK] seq_err=0 BER_seq=0.0000e+00 | lock=23 slip=0 BER_cond=0.0000e+00 BER_cum=0.0000e+00
BER: SYNC #24 (gated)
CSV,345008,69000,24,23,0,11863,0,0.000000e+00,0.000000e+00,521097.3,54217838592.0,341529.9,52.01,50.17
CSV,350008,70000,24,23,0,12063,0,0.000000e+00,0.000000e+00,435457.1,49464553472.0,286145.4,52.38,50.55
CSV,355008,71000,24,23,0,12263,0,0.000000e+00,0.000000e+00,447163.1,56499679232.0,276959.7,53.10,51.02
BER: END_SEQ #24 [LOCK] seq_err=0 BER_seq=0.0000e+00 | lock=24 slip=0 BER_cond=0.0000e+00 BER_cum=0.0000e+00
BER: SYNC #25 (gated)
CSV,360008,72000,25,24,0,12386,0,0.000000e+00,0.000000e+00,532386.2,53252993024.0,361542.2,51.68,50.00
CSV,365008,73000,25,24,0,12586,0,0.000000e+00,0.000000e+00,428720.3,49397153792.0,270158.5,52.62,50.62
BER: END_SEQ #25 [LOCK] seq_err=0 BER_seq=0.0000e+00 | lock=25 slip=0 BER_cond=0.0000e+00 BER_cum=0.0000e+00
CSV,370008,74000,25,25,0,12775,0,0.000000e+00,0.000000e+00,412931.8,57385615360.0,281207.4,53.10,51.43
BER: SYNC #26 (gated)
CSV,375008,75000,26,25,0,12909,0,0.000000e+00,0.000000e+00,486195.8,49516396544.0,345371.0,51.56,50.08
CSV,380008,76000,26,25,0,13109,0,0.000000e+00,0.000000e+00,467573.6,54999183360.0,291005.5,52.76,50.71
BER: END_SEQ #26 [LOCK] seq_err=0 BER_seq=0.0000e+00 | lock=26 slip=0 BER_cond=0.0000e+00 BER_cum=0.0000e+00
CSV,385008,77000,26,26,0,13286,0,0.000000e+00,0.000000e+00,498191.7,54116982784.0,304598.3,52.50,50.36
BER: SYNC #27 (gated)
CSV,390008,78000,27,26,0,13431,0,0.000000e+00,0.000000e+00,502498.9,49926094848.0,312303.8,52.04,49.97
CSV,395008,79000,27,26,0,13631,0,0.000000e+00,0.000000e+00,466714.7,54051135488.0,300190.8,52.55,50.64
BER: END_SEQ #27 [LOCK] seq_err=0 BER_seq=0.0000e+00 | lock=27 slip=0 BER_cond=0.0000e+00 BER_cum=0.0000e+00
CSV,400008,80000,27,27,0,13797,0,0.000000e+00,0.000000e+00,532671.2,56130301952.0,332483.2,52.27,50.23
BER: SYNC #28 (gated)
CSV,405008,81000,28,27,0,13954,0,0.000000e+00,0.000000e+00,485657.2,48823279616.0,317207.2,51.87,50.02
CSV,410008,82000,28,27,0,14154,0,0.000000e+00,0.000000e+00,452161.3,56194547712.0,275082.5,53.10,50.94
BER: END_SEQ #28 [LOCK] seq_err=0 BER_seq=0.0000e+00 | lock=28 slip=0 BER_cond=0.0000e+00 BER_cum=0.0000e+00
CSV,415008,83000,28,28,0,14308,0,0.000000e+00,0.000000e+00,487547.4,53934141440.0,329189.9,52.14,50.44
BER: SYNC #29 (gated)
CSV,420008,84000,29,28,0,14477,0,0.000000e+00,0.000000e+00,450012.2,50156527616.0,299142.5,52.24,50.47
CSV,425008,85000,29,28,0,14677,0,0.000000e+00,0.000000e+00,461490.2,54275125248.0,267398.4,53.07,50.70
BER: END_SEQ #29 [LOCK] seq_err=0 BER_seq=0.0000e+00 | lock=29 slip=0 BER_cond=0.0000e+00 BER_cum=0.0000e+00
CSV,430008,86000,29,29,0,14819,0,0.000000e+00,0.000000e+00,526303.2,55821983744.0,347744.8,52.06,50.26
BER: SYNC #30 (gated)
CSV,435008,87000,30,29,0,15000,0,0.000000e+00,0.000000e+00,453598.0,50027692032.0,287001.2,52.41,50.43
CSV,440008,88000,30,29,0,15199,0,0.000000e+00,0.000000e+00,463595.7,55315607552.0,311984.6,52.49,50.77
BER: END_SEQ #30 [LOCK] seq_err=0 BER_seq=0.0000e+00 | lock=30 slip=0 BER_cond=0.0000e+00 BER_cum=0.0000e+00
CSV,445008,89000,30,30,0,15330,0,0.000000e+00,0.000000e+00,547498.7,54494904320.0,344282.2,51.99,49.98
BER: SYNC #31 (gated)
CSV,450008,90000,31,30,0,15522,0,0.000000e+00,0.000000e+00,436719.3,48398602240.0,289137.5,52.24,50.45
CSV,455008,91000,31,30,0,15722,0,0.000000e+00,0.000000e+00,457057.7,54084292608.0,319523.6,52.29,50.73
BER: END_SEQ #31 [LOCK] seq_err=0 BER_seq=0.0000e+00 | lock=31 slip=0 BER_cond=0.0000e+00 BER_cum=0.0000e+00
BER: SYNC #32 (gated)
CSV,460008,92000,32,31,0,15845,0,0.000000e+00,0.000000e+00,501236.5,56823422976.0,343571.5,52.19,50.54
CSV,465008,93000,32,31,0,16045,0,0.000000e+00,0.000000e+00,440340.4,48060379136.0,291725.3,52.17,50.38
CSV,470008,94000,32,31,0,16245,0,0.000000e+00,0.000000e+00,444367.9,55924846592.0,314083.3,52.51,51.00
BER: END_SEQ #32 [LOCK] seq_err=0 BER_seq=0.0000e+00 | lock=32 slip=0 BER_cond=0.0000e+00 BER_cum=0.0000e+00
BER: SYNC #33 (gated)
CSV,475008,95000,33,32,0,16368,0,0.000000e+00,0.000000e+00,480760.3,56626192384.0,347346.5,52.12,50.71
CSV,480008,96000,33,32,0,16568,0,0.000000e+00,0.000000e+00,429606.2,48842174464.0,284032.2,52.35,50.56
CSV,485008,97000,33,32,0,16767,0,0.000000e+00,0.000000e+00,469037.6,53403136000.0,319302.2,52.23,50.56
BER: END_SEQ #33 [LOCK] seq_err=0 BER_seq=0.0000e+00 | lock=33 slip=0 BER_cond=0.0000e+00 BER_cum=0.0000e+00
BER: SYNC #34 (gated)
CSV,490008,98000,34,33,0,16890,0,0.000000e+00,0.000000e+00,521290.7,57814921216.0,328801.6,52.45,50.45
CSV,495008,99000,34,33,0,17090,0,0.000000e+00,0.000000e+00,452433.9,47728222208.0,286030.2,52.22,50.23
CSV,500008,100000,34,33,0,17290,0,0.000000e+00,0.000000e+00,466438.2,54886449152.0,294770.4,52.70,50.71
BER: END_SEQ #34 [LOCK] seq_err=0 BER_seq=0.0000e+00 | lock=34 slip=0 BER_cond=0.0000e+00 BER_cum=0.0000e+00
BER: SYNC #35 (gated)
CSV,505008,101000,35,34,0,17413,0,0.000000e+00,0.000000e+00,534958.9,54626562048.0,334964.5,52.12,50.09
CSV,510008,102000,35,34,0,17613,0,0.000000e+00,0.000000e+00,459539.1,50897494016.0,291029.0,52.43,50.44
CSV,515008,103000,35,34,0,17813,0,0.000000e+00,0.000000e+00,444065.3,53658853376.0,287049.2,52.72,50.82
BER: END_SEQ #35 [LOCK] seq_err=0 BER_seq=0.0000e+00 | lock=35 slip=0 BER_cond=0.0000e+00 BER_cum=0.0000e+00
BER: SYNC #36 (gated)
CSV,520008,104000,36,35,0,17936,0,0.000000e+00,0.000000e+00,505382.5,55701344256.0,333321.8,52.23,50.42
CSV,525008,105000,36,35,0,18136,0,0.000000e+00,0.000000e+00,434304.0,49713700864.0,286336.5,52.40,50.59
CSV,530008,106000,36,35,0,18336,0,0.000000e+00,0.000000e+00,449675.9,54073974784.0,286449.4,52.76,50.80
BER: END_SEQ #36 [LOCK] seq_err=0 BER_seq=0.0000e+00 | lock=36 slip=0 BER_cond=0.0000e+00 BER_cum=0.0000e+00
BER: SYNC #37 (gated)
CSV,535008,107000,37,36,0,18459,0,0.000000e+00,0.000000e+00,487648.6,55920226304.0,318021.8,52.45,50.59
CSV,540008,108000,37,36,0,18658,0,0.000000e+00,0.000000e+00,449354.4,47510888448.0,297314.6,52.04,50.24
CSV,545008,109000,37,36,0,18858,0,0.000000e+00,0.000000e+00,477577.3,55163641856.0,294770.4,52.72,50.63
BER: END_SEQ #37 [LOCK] seq_err=0 BER_seq=0.0000e+00 | lock=37 slip=0 BER_cond=0.0000e+00 BER_cum=0.0000e+00
BER: SYNC #38 (gated)
CSV,550008,110000,38,37,0,18981,0,0.000000e+00,0.000000e+00,517754.4,57019285504.0,337667.6,52.28,50.42
CSV,555008,111000,38,37,0,19181,0,0.000000e+00,0.000000e+00,457528.5,46963986432.0,302429.4,51.91,50.11
CSV,560008,112000,38,37,0,19381,0,0.000000e+00,0.000000e+00,491005.2,55807746048.0,302353.1,52.66,50.56
BER: END_SEQ #38 [LOCK] seq_err=0 BER_seq=0.0000e+00 | lock=38 slip=0 BER_cond=0.0000e+00 BER_cum=0.0000e+00
BER: SYNC #39 (gated)
CSV,565008,113000,39,38,0,19504,0,0.000000e+00,0.000000e+00,538509.1,55844941824.0,341411.8,52.14,50.16
CSV,570008,114000,39,38,0,19704,0,0.000000e+00,0.000000e+00,423600.4,48910426112.0,311665.8,51.96,50.62
CSV,575008,115000,39,38,0,19904,0,0.000000e+00,0.000000e+00,471457.0,55335456768.0,324933.0,52.31,50.70
BER: END_SEQ #39 [LOCK] seq_err=0 BER_seq=0.0000e+00 | lock=39 slip=0 BER_cond=0.0000e+00 BER_cum=0.0000e+00
BER: SYNC #40 (gated)
CSV,580008,116000,40,39,0,20027,0,0.000000e+00,0.000000e+00,529295.4,55564800000.0,330700.9,52.25,50.21
CSV,585008,117000,40,39,0,20226,0,0.000000e+00,0.000000e+00,444511.9,48577662976.0,305491.4,52.01,50.39
CSV,590008,118000,40,39,0,20427,0,0.000000e+00,0.000000e+00,423108.1,55868616704.0,323546.5,52.37,51.21
BER: END_SEQ #40 [LOCK] seq_err=0 BER_seq=0.0000e+00 | lock=40 slip=0 BER_cond=0.0000e+00 BER_cum=0.0000e+00
BER: SYNC #41 (gated)
CSV,595008,119000,41,40,0,20549,0,0.000000e+00,0.000000e+00,524302.7,55657095168.0,332720.8,52.23,50.26
CSV,600008,120000,41,40,0,20749,0,0.000000e+00,0.000000e+00,447709.5,48284712960.0,299222.7,52.08,50.33
CSV,605008,121000,41,40,0,20949,0,0.000000e+00,0.000000e+00,438275.7,57284497408.0,301993.6,52.78,51.16
BER: END_SEQ #41 [LOCK] seq_err=0 BER_seq=0.0000e+00 | lock=41 slip=0 BER_cond=0.0000e+00 BER_cum=0.0000e+00
BER: SYNC #42 (gated)
CSV,610008,122000,42,41,0,21072,0,0.000000e+00,0.000000e+00,547157.4,52650958848.0,346397.5,51.82,49.83
CSV,615008,123000,42,41,0,21272,0,0.000000e+00,0.000000e+00,451212.4,50319048704.0,295837.3,52.31,50.47
BER: END_SEQ #42 [LOCK] seq_err=0 BER_seq=0.0000e+00 | lock=42 slip=0 BER_cond=0.0000e+00 BER_cum=0.0000e+00
CSV,620008,124000,42,42,0,21462,0,0.000000e+00,0.000000e+00,473051.9,56350216192.0,289846.6,52.89,50.76
BER: SYNC #43 (gated)
CSV,625008,125000,43,42,0,21595,0,0.000000e+00,0.000000e+00,515437.5,50902687744.0,333320.5,51.84,49.95
CSV,630008,126000,43,42,0,21795,0,0.000000e+00,0.000000e+00,455694.1,53457956864.0,319452.5,52.24,50.69
BER: END_SEQ #43 [LOCK] seq_err=0 BER_seq=0.0000e+00 | lock=43 slip=0 BER_cond=0.0000e+00 BER_cum=0.0000e+00
CSV,635008,127000,43,43,0,21973,0,0.000000e+00,0.000000e+00,453329.1,55632752640.0,297767.4,52.71,50.89
BER: SYNC #44 (gated)
CSV,640008,128000,44,43,0,22118,0,0.000000e+00,0.000000e+00,498344.2,48609361920.0,325229.8,51.75,49.89
CSV,645008,129000,44,43,0,22317,0,0.000000e+00,0.000000e+00,463016.7,54810943488.0,308086.9,52.50,50.73
BER: END_SEQ #44 [LOCK] seq_err=0 BER_seq=0.0000e+00 | lock=44 slip=0 BER_cond=0.0000e+00 BER_cum=0.0000e+00
CSV,650008,130000,44,44,0,22484,0,0.000000e+00,0.000000e+00,493345.7,55439302656.0,318736.2,52.40,50.51
BER: SYNC #45 (gated)
CSV,655008,131000,45,44,0,22640,0,0.000000e+00,0.000000e+00,467175.2,49837338624.0,314210.3,52.00,50.28
CSV,660008,132000,45,44,0,22840,0,0.000000e+00,0.000000e+00,459159.4,55317348352.0,306023.3,52.57,50.81
BER: END_SEQ #45 [LOCK] seq_err=0 BER_seq=0.0000e+00 | lock=45 slip=0 BER_cond=0.0000e+00 BER_cum=0.0000e+00
CSV,665008,133000,45,45,0,22995,0,0.000000e+00,0.000000e+00,538993.0,54737162240.0,327821.8,52.23,50.07
BER: SYNC #46 (gated)
CSV,670008,134000,46,45,0,23163,0,0.000000e+00,0.000000e+00,444151.9,48966545408.0,290117.6,52.27,50.42
CSV,675008,135000,46,45,0,23363,0,0.000000e+00,0.000000e+00,465205.0,55469555712.0,296208.2,52.72,50.76
BER: END_SEQ #46 [LOCK] seq_err=0 BER_seq=0.0000e+00 | lock=46 slip=0 BER_cond=0.0000e+00 BER_cum=0.0000e+00
CSV,680008,136000,46,46,0,23506,0,0.000000e+00,0.000000e+00,543767.3,54647767040.0,325285.4,52.25,50.02
BER: SYNC #47 (gated)
CSV,685008,137000,47,46,0,23686,0,0.000000e+00,0.000000e+00,441342.8,51136561152.0,290783.3,52.45,50.64
CSV,690008,138000,47,46,0,23885,0,0.000000e+00,0.000000e+00,461090.4,54415998976.0,282543.7,52.85,50.72
BER: END_SEQ #47 [LOCK] seq_err=0 BER_seq=0.0000e+00 | lock=47 slip=0 BER_cond=0.0000e+00 BER_cum=0.0000e+00
CSV,695008,139000,47,47,0,24017,0,0.000000e+00,0.000000e+00,492913.3,56054800384.0,336562.2,52.22,50.56
BER: SYNC #48 (gated)
CSV,700008,140000,48,47,0,24208,0,0.000000e+00,0.000000e+00,441855.5,47498874880.0,290569.4,52.13,50.31
CSV,705008,141000,48,47,0,24408,0,0.000000e+00,0.000000e+00,448563.9,54962880512.0,290675.8,52.77,50.88
BER: END_SEQ #48 [LOCK] seq_err=0 BER_seq=0.0000e+00 | lock=48 slip=0 BER_cond=0.0000e+00 BER_cum=0.0000e+00
BER: SYNC #49 (gated)
CSV,710008,142000,49,48,0,24531,0,0.000000e+00,0.000000e+00,543680.1,55573626880.0,349495.2,52.01,50.10
CSV,715008,143000,49,48,0,24731,0,0.000000e+00,0.000000e+00,437944.2,49065943040.0,294550.8,52.22,50.49
CSV,720008,144000,49,48,0,24931,0,0.000000e+00,0.000000e+00,478644.6,54915981312.0,290681.8,52.76,50.60
BER: END_SEQ #49 [LOCK] seq_err=0 BER_seq=0.0000e+00 | lock=49 slip=0 BER_cond=0.0000e+00 BER_cum=0.0000e+00
BER: SYNC #50 (gated)
CSV,725008,145000,50,49,0,25054,0,0.000000e+00,0.000000e+00,539354.8,58131083264.0,355417.8,52.14,50.33
CSV,730008,146000,50,49,0,25254,0,0.000000e+00,0.000000e+00,446507.7,47361904640.0,298177.6,52.01,50.26
CSV,735008,147000,50,49,0,25453,0,0.000000e+00,0.000000e+00,442597.2,55141584896.0,319515.5,52.37,50.95
BER: END_SEQ #50 [LOCK] seq_err=0 BER_seq=0.0000e+00 | lock=50 slip=0 BER_cond=0.0000e+00 BER_cum=0.0000e+00
BER: SYNC #51 (gated)
CSV,740008,148000,51,50,0,25577,0,0.000000e+00,0.000000e+00,511985.9,56497549312.0,347808.2,52.11,50.43
CSV,745008,149000,51,50,0,25776,0,0.000000e+00,0.000000e+00,446040.9,48497389568.0,294821.3,52.16,50.36
CSV,750008,150000,51,50,0,25976,0,0.000000e+00,0.000000e+00,429073.8,54366134272.0,306194.6,52.49,51.03
BER: END_SEQ #51 [LOCK] seq_err=0 BER_seq=0.0000e+00 | lock=51 slip=0 BER_cond=0.0000e+00 BER_cum=0.0000e+00
BER: SYNC #52 (gated)
CSV,755008,151000,52,51,0,26099,0,0.000000e+00,0.000000e+00,479925.0,56094478336.0,356205.9,51.97,50.68
CSV,760008,152000,52,51,0,26299,0,0.000000e+00,0.000000e+00,454401.9,49951920128.0,292871.0,52.32,50.41
CSV,765008,153000,52,51,0,26499,0,0.000000e+00,0.000000e+00,466914.2,54919213056.0,301037.6,52.61,50.70
BER: END_SEQ #52 [LOCK] seq_err=0 BER_seq=0.0000e+00 | lock=52 slip=0 BER_cond=0.0000e+00 BER_cum=0.0000e+00
BER: SYNC #53 (gated)
CSV,770008,154000,53,52,0,26622,0,0.000000e+00,0.000000e+00,531764.1,54457970688.0,332671.2,52.14,50.10
CSV,775008,155000,53,52,0,26822,0,0.000000e+00,0.000000e+00,462809.5,50660831232.0,291286.8,52.40,50.39
CSV,780008,156000,53,52,0,27022,0,0.000000e+00,0.000000e+00,467929.9,53623554048.0,306209.1,52.43,50.59
BER: END_SEQ #53 [LOCK] seq_err=0 BER_seq=0.0000e+00 | lock=53 slip=0 BER_cond=0.0000e+00 BER_cum=0.0000e+00
BER: SYNC #54 (gated)
CSV,785008,157000,54,53,0,27145,0,0.000000e+00,0.000000e+00,524854.5,56801837056.0,335834.4,52.28,50.34
CSV,790008,158000,54,53,0,27344,0,0.000000e+00,0.000000e+00,451082.3,47202963456.0,282180.6,52.23,50.20
CSV,795008,159000,54,53,0,27544,0,0.000000e+00,0.000000e+00,452353.0,55466475520.0,288286.4,52.84,50.89
BER: END_SEQ #54 [LOCK] seq_err=0 BER_seq=0.0000e+00 | lock=54 slip=0 BER_cond=0.0000e+00 BER_cum=0.0000e+00
BER: SYNC #55 (gated)
CSV,800008,160000,55,54,0,27667,0,0.000000e+00,0.000000e+00,508447.7,56618958848.0,324692.6,52.41,50.47
CSV,805008,161000,55,54,0,27867,0,0.000000e+00,0.000000e+00,427284.1,47271473152.0,275829.4,52.34,50.44
CSV,810008,162000,55,54,0,28067,0,0.000000e+00,0.000000e+00,435625.2,55319334912.0,280400.1,52.95,51.04
BER: END_SEQ #55 [LOCK] seq_err=0 BER_seq=0.0000e+00 | lock=55 slip=0 BER_cond=0.0000e+00 BER_cum=0.0000e+00
BER: SYNC #56 (gated)
CSV,815008,163000,56,55,0,28190,0,0.000000e+00,0.000000e+00,518839.1,56855363584.0,337607.0,52.26,50.40
CSV,820008,164000,56,55,0,28390,0,0.000000e+00,0.000000e+00,451908.3,47818305536.0,283279.9,52.27,50.25
CSV,825008,165000,56,55,0,28590,0,0.000000e+00,0.000000e+00,460533.1,56133267456.0,278550.6,53.04,50.86
BER: END_SEQ #56 [LOCK] seq_err=0 BER_seq=0.0000e+00 | lock=56 slip=0 BER_cond=0.0000e+00 BER_cum=0.0000e+00
BER: SYNC #57 (gated)
CSV,830008,166000,57,56,0,28713,0,0.000000e+00,0.000000e+00,524024.3,55341547520.0,344406.4,52.06,50.24
CSV,835008,167000,57,56,0,28913,0,0.000000e+00,0.000000e+00,437309.6,49154375680.0,295011.4,52.22,50.51
CSV,840008,168000,57,56,0,29113,0,0.000000e+00,0.000000e+00,491366.5,54742204416.0,306068.4,52.53,50.47
BER: END_SEQ #57 [LOCK] seq_err=0 BER_seq=0.0000e+00 | lock=57 slip=0 BER_cond=0.0000e+00 BER_cum=0.0000e+00
BER: SYNC #58 (gated)
CSV,845008,169000,58,57,0,29235,0,0.000000e+00,0.000000e+00,521474.8,56278847488.0,343406.3,52.15,50.33
CSV,850008,170000,58,57,0,29435,0,0.000000e+00,0.000000e+00,435398.1,47910670336.0,308250.2,51.92,50.42
CSV,855008,171000,58,57,0,29635,0,0.000000e+00,0.000000e+00,467635.9,57031757824.0,309569.2,52.65,50.86
BER: END_SEQ #58 [LOCK] seq_err=0 BER_seq=0.0000e+00 | lock=58 slip=0 BER_cond=0.0000e+00 BER_cum=0.0000e+00
BER: SYNC #59 (gated)
CSV,860008,172000,59,58,0,29758,0,0.000000e+00,0.000000e+00,557309.3,52735889408.0,354332.0,51.73,49.76
CSV,865008,173000,59,58,0,29958,0,0.000000e+00,0.000000e+00,430930.6,51140272128.0,300230.3,52.31,50.74
BER: END_SEQ #59 [LOCK] seq_err=0 BER_seq=0.0000e+00 | lock=59 slip=0 BER_cond=0.0000e+00 BER_cum=0.0000e+00
CSV,870008,174000,59,59,0,30149,0,0.000000e+00,0.000000e+00,422241.0,55748784128.0,324266.5,52.35,51.21
BER: SYNC #60 (gated)
CSV,875008,175000,60,59,0,30281,0,0.000000e+00,0.000000e+00,508104.8,51284082688.0,322586.9,52.01,50.04
CSV,880008,176000,60,59,0,30481,0,0.000000e+00,0.000000e+00,467193.8,53291634688.0,304552.9,52.43,50.57
BER: END_SEQ #60 [LOCK] seq_err=0 BER_seq=0.0000e+00 | lock=60 slip=0 BER_cond=0.0000e+00 BER_cum=0.0000e+00
CSV,885008,177000,60,60,0,30660,0,0.000000e+00,0.000000e+00,484511.6,55537975296.0,314170.8,52.47,50.59
BER: SYNC #61 (gated)
CSV,890008,178000,61,60,0,30803,0,0.000000e+00,0.000000e+00,496416.6,48802983936.0,325249.7,51.76,49.93
CSV,895008,179000,61,60,0,31003,0,0.000000e+00,0.000000e+00,485869.6,55022215168.0,325796.0,52.28,50.54
BER: END_SEQ #61 [LOCK] seq_err=0 BER_seq=0.0000e+00 | lock=61 slip=0 BER_cond=0.0000e+00 BER_cum=0.0000e+00
CSV,900008,180000,61,61,0,31171,0,0.000000e+00,0.000000e+00,526680.1,55267307520.0,318202.1,52.40,50.21
BER: SYNC #62 (gated)
CSV,905008,181000,62,61,0,31326,0,0.000000e+00,0.000000e+00,479055.2,49903267840.0,321052.6,51.92,50.18
CSV,910008,182000,62,61,0,31526,0,0.000000e+00,0.000000e+00,487090.8,55313362944.0,323466.4,52.33,50.55
BER: END_SEQ #62 [LOCK] seq_err=0 BER_seq=0.0000e+00 | lock=62 slip=0 BER_cond=0.0000e+00 BER_cum=0.0000e+00
CSV,915008,183000,62,62,0,31682,0,0.000000e+00,0.000000e+00,490710.8,55212634112.0,317052.7,52.41,50.51
BER: SYNC #63 (gated)
CSV,920008,184000,63,62,0,31849,0,0.000000e+00,0.000000e+00,461713.3,48671543296.0,313280.1,51.91,50.23
CSV,925008,185000,63,62,0,32049,0,0.000000e+00,0.000000e+00,472587.5,55929401344.0,319566.5,52.43,50.73
BER: END_SEQ #63 [LOCK] seq_err=0 BER_seq=0.0000e+00 | lock=63 slip=0 BER_cond=0.0000e+00 BER_cum=0.0000e+00
CSV,930008,186000,63,63,0,32193,0,0.000000e+00,0.000000e+00,520125.8,54600302592.0,353989.0,51.88,50.21
BER: SYNC #64 (gated)
CSV,935008,187000,64,63,0,32372,0,0.000000e+00,0.000000e+00,445118.5,50601287680.0,293217.6,52.37,50.56
CSV,940008,188000,64,63,0,32572,0,0.000000e+00,0.000000e+00,453991.1,55032594432.0,296874.5,52.68,50.84
BER: END_SEQ #64 [LOCK] seq_err=0 BER_seq=0.0000e+00 | lock=64 slip=0 BER_cond=0.0000e+00 BER_cum=0.0000e+00
CSV,945008,189000,64,64,0,32704,0,0.000000e+00,0.000000e+00,573344.5,55873683456.0,323441.2,52.37,49.89
BER: SYNC #65 (gated)
CSV,950008,190000,65,64,0,32894,0,0.000000e+00,0.000000e+00,412701.7,48243757056.0,288290.3,52.24,50.68
CSV,955008,191000,65,64,0,33094,0,0.000000e+00,0.000000e+00,445844.9,54902919168.0,281395.0,52.90,50.90
BER: END_SEQ #65 [LOCK] seq_err=0 BER_seq=0.0000e+00 | lock=65 slip=0 BER_cond=0.0000e+00 BER_cum=0.0000e+00
BER: SYNC #66 (gated)
CSV,960008,192000,66,65,0,33217,0,0.000000e+00,0.000000e+00,527619.6,55687196672.0,334350.9,52.22,50.23
CSV,965008,193000,66,65,0,33417,0,0.000000e+00,0.000000e+00,457132.0,48858972160.0,293328.4,52.22,50.29
CSV,970008,194000,66,65,0,33617,0,0.000000e+00,0.000000e+00,427993.9,54788128768.0,289525.7,52.77,51.07
BER: END_SEQ #66 [LOCK] seq_err=0 BER_seq=0.0000e+00 | lock=66 slip=0 BER_cond=0.0000e+00 BER_cum=0.0000e+00
BER: SYNC #67 (gated)
CSV,975008,195000,67,66,0,33740,0,0.000000e+00,0.000000e+00,484300.9,57909006336.0,309200.3,52.73,50.78
CSV,980008,196000,67,66,0,33940,0,0.000000e+00,0.000000e+00,452929.7,48070594560.0,294820.2,52.12,50.26
CSV,985008,197000,67,66,0,34140,0,0.000000e+00,0.000000e+00,472493.6,54682230784.0,294454.7,52.69,50.63
BER: END_SEQ #67 [LOCK] seq_err=0 BER_seq=0.0000e+00 | lock=67 slip=0 BER_cond=0.0000e+00 BER_cum=0.0000e+00
BER: SYNC #68 (gated)
CSV,990008,198000,68,67,0,34263,0,0.000000e+00,0.000000e+00,514694.6,56415711232.0,335767.1,52.25,50.40
CSV,995008,199000,68,67,0,34462,0,0.000000e+00,0.000000e+00,448981.7,48219279360.0,303916.4,52.00,50.31
CSV,1000008,200000,68,67,0,34662,0,0.000000e+00,0.000000e+00,467910.7,54923153408.0,288260.1,52.80,50.70
BER: END_SEQ #68 [LOCK] seq_err=0 BER_seq=0.0000e+00 | lock=68 slip=0 BER_cond=0.0000e+00 BER_cum=0.0000e+00
BER: SYNC #69 (gated)
CSV,1005008,201000,69,68,0,34785,0,0.000000e+00,0.000000e+00,557514.7,55386308608.0,332438.9,52.22,49.97
CSV,1010008,202000,69,68,0,34985,0,0.000000e+00,0.000000e+00,440664.3,50381549568.0,322391.4,51.94,50.58
CSV,1015008,203000,69,68,0,35185,0,0.000000e+00,0.000000e+00,443372.6,54576803840.0,308466.0,52.48,50.90
BER: END_SEQ #69 [LOCK] seq_err=0 BER_seq=0.0000e+00 | lock=69 slip=0 BER_cond=0.0000e+00 BER_cum=0.0000e+00
BER: SYNC #70 (gated)
CSV,1020008,204000,70,69,0,35308,0,0.000000e+00,0.000000e+00,502550.5,55485517824.0,352438.8,51.97,50.43
CSV,1025008,205000,70,69,0,35508,0,0.000000e+00,0.000000e+00,440738.9,49768402944.0,320275.4,51.91,50.53
CSV,1030008,206000,70,69,0,35708,0,0.000000e+00,0.000000e+00,439259.5,54473543680.0,324349.3,52.25,50.93
BER: END_SEQ #70 [LOCK] seq_err=0 BER_seq=0.0000e+00 | lock=70 slip=0 BER_cond=0.0000e+00 BER_cum=0.0000e+00
BER: SYNC #71 (gated)
CSV,1035008,207000,71,70,0,35831,0,0.000000e+00,0.000000e+00,481272.0,55633539072.0,341392.4,52.12,50.63
CSV,1040008,208000,71,70,0,36030,0,0.000000e+00,0.000000e+00,454122.8,48575963136.0,299685.1,52.10,50.29
CSV,1045008,209000,71,70,0,36230,0,0.000000e+00,0.000000e+00,473701.7,54401478656.0,320303.5,52.30,50.60
BER: END_SEQ #71 [LOCK] seq_err=0 BER_seq=0.0000e+00 | lock=71 slip=0 BER_cond=0.0000e+00 BER_cum=0.0000e+00
BER: SYNC #72 (gated)
CSV,1050008,210000,72,71,0,36353,0,0.000000e+00,0.000000e+00,511629.8,58208632832.0,334271.5,52.41,50.56
CSV,1055008,211000,72,71,0,36553,0,0.000000e+00,0.000000e+00,460236.0,46121938944.0,270641.2,52.32,50.01
CSV,1060008,212000,72,71,0,36753,0,0.000000e+00,0.000000e+00,485856.8,56053018624.0,299551.7,52.72,50.62
BER: END_SEQ #72 [LOCK] seq_err=0 BER_seq=0.0000e+00 | lock=72 slip=0 BER_cond=0.0000e+00 BER_cum=0.0000e+00
BER: SYNC #73 (gated)
CSV,1065008,213000,73,72,0,36876,0,0.000000e+00,0.000000e+00,537435.8,56244391936.0,339103.4,52.20,50.20
CSV,1070008,214000,73,72,0,37076,0,0.000000e+00,0.000000e+00,437481.8,48400551936.0,270822.4,52.52,50.44
CSV,1075008,215000,73,72,0,37276,0,0.000000e+00,0.000000e+00,441814.9,55708860416.0,288769.7,52.85,51.01
BER: END_SEQ #73 [LOCK] seq_err=0 BER_seq=0.0000e+00 | lock=73 slip=0 BER_cond=0.0000e+00 BER_cum=0.0000e+00
BER: SYNC #74 (gated)
CSV,1080008,216000,74,73,0,37399,0,0.000000e+00,0.000000e+00,512780.4,56329121792.0,337521.3,52.22,50.41
CSV,1085008,217000,74,73,0,37599,0,0.000000e+00,0.000000e+00,434637.4,48157167616.0,279020.3,52.37,50.45
CSV,1090008,218000,74,73,0,37799,0,0.000000e+00,0.000000e+00,420448.8,55872733184.0,277271.1,53.04,51.23
BER: END_SEQ #74 [LOCK] seq_err=0 BER_seq=0.0000e+00 | lock=74 slip=0 BER_cond=0.0000e+00 BER_cum=0.0000e+00
BER: SYNC #75 (gated)
CSV,1095008,219000,75,74,0,37921,0,0.000000e+00,0.000000e+00,526762.4,55284678656.0,349625.6,51.99,50.21
CSV,1100008,220000,75,74,0,38121,0,0.000000e+00,0.000000e+00,434333.0,49238233088.0,284106.3,52.39,50.54
CSV,1105008,221000,75,74,0,38321,0,0.000000e+00,0.000000e+00,434293.0,55703715840.0,288805.0,52.85,51.08
BER: END_SEQ #75 [LOCK] seq_err=0 BER_seq=0.0000e+00 | lock=75 slip=0 BER_cond=0.0000e+00 BER_cum=0.0000e+00
BER: SYNC #76 (gated)
CSV,1110008,222000,76,75,0,38444,0,0.000000e+00,0.000000e+00,531341.6,54555213824.0,367680.3,51.71,50.11
CSV,1115008,223000,76,75,0,38644,0,0.000000e+00,0.000000e+00,457273.8,49967751168.0,296150.8,52.27,50.39
BER: END_SEQ #76 [LOCK] seq_err=0 BER_seq=0.0000e+00 | lock=76 slip=0 BER_cond=0.0000e+00 BER_cum=0.0000e+00
CSV,1120008,224000,76,76,0,38836,0,0.000000e+00,0.000000e+00,499517.2,57079517184.0,325902.5,52.43,50.58
BER: SYNC #77 (gated)
CSV,1125008,225000,77,76,0,38967,0,0.000000e+00,0.000000e+00,514342.1,50184036352.0,328898.8,51.84,49.89
CSV,1130008,226000,77,76,0,39167,0,0.000000e+00,0.000000e+00,457846.3,54101733376.0,323126.8,52.24,50.72
BER: END_SEQ #77 [LOCK] seq_err=0 BER_seq=0.0000e+00 | lock=77 slip=0 BER_cond=0.0000e+00 BER_cum=0.0000e+00
CSV,1135008,227000,77,77,0,39347,0,0.000000e+00,0.000000e+00,497941.7,54903963648.0,309298.7,52.49,50.42
BER: SYNC #78 (gated)
CSV,1140008,228000,78,77,0,39489,0,0.000000e+00,0.000000e+00,513135.7,50035597312.0,334841.5,51.74,49.89
CSV,1145008,229000,78,77,0,39690,0,0.000000e+00,0.000000e+00,475086.6,53822844928.0,321659.2,52.24,50.54
BER: END_SEQ #78 [LOCK] seq_err=0 BER_seq=0.0000e+00 | lock=78 slip=0 BER_cond=0.0000e+00 BER_cum=0.0000e+00
CSV,1150008,230000,78,78,0,39858,0,0.000000e+00,0.000000e+00,468770.7,56319819776.0,319671.3,52.46,50.80
BER: SYNC #79 (gated)
CSV,1155008,231000,79,78,0,40012,0,0.000000e+00,0.000000e+00,472441.5,48657559552.0,325113.2,51.75,50.13
CSV,1160008,232000,79,78,0,40212,0,0.000000e+00,0.000000e+00,470601.0,56017518592.0,328961.5,52.31,50.76
BER: END_SEQ #79 [LOCK] seq_err=0 BER_seq=0.0000e+00 | lock=79 slip=0 BER_cond=0.0000e+00 BER_cum=0.0000e+00
CSV,1165008,233000,79,79,0,40369,0,0.000000e+00,0.000000e+00,492499.5,54093586432.0,324932.5,52.21,50.41
BER: SYNC #80 (gated)
CSV,1170008,234000,80,79,0,40535,0,0.000000e+00,0.000000e+00,474464.6,49875750912.0,308251.0,52.09,50.22
CSV,1175008,235000,80,79,0,40735,0,0.000000e+00,0.000000e+00,461616.2,54518403072.0,293660.1,52.69,50.72
BER: END_SEQ #80 [LOCK] seq_err=0 BER_seq=0.0000e+00 | lock=80 slip=0 BER_cond=0.0000e+00 BER_cum=0.0000e+00
CSV,1180008,236000,80,80,0,40880,0,0.000000e+00,0.000000e+00,556836.2,55664271360.0,346300.4,52.06,50.00
BER: SYNC #81 (gated)
CSV,1185008,237000,81,80,0,41058,0,0.000000e+00,0.000000e+00,436331.6,49451290624.0,283350.2,52.42,50.54
CSV,1190008,238000,81,80,0,41257,0,0.000000e+00,0.000000e+00,475903.2,56146083840.0,303535.3,52.67,50.72
BER: END_SEQ #81 [LOCK] seq_err=0 BER_seq=0.0000e+00 | lock=81 slip=0 BER_cond=0.0000e+00 BER_cum=0.0000e+00
CSV,1195008,239000,81,81,0,41391,0,0.000000e+00,0.000000e+00,549697.2,54341861376.0,342756.8,52.00,49.95
BER: SYNC #82 (gated)
CSV,1200008,240000,82,81,0,41580,0,0.000000e+00,0.000000e+00,450426.6,49656688640.0,284384.7,52.42,50.42
CSV,1205008,241000,82,81,0,41780,0,0.000000e+00,0.000000e+00,468060.8,53745819648.0,316743.2,52.30,50.60
BER: END_SEQ #82 [LOCK] seq_err=0 BER_seq=0.0000e+00 | lock=82 slip=0 BER_cond=0.0000e+00 BER_cum=0.0000e+00
BER: SYNC #83 (gated)
CSV,1210008,242000,83,82,0,41903,0,0.000000e+00,0.000000e+00,495012.3,57157578752.0,354259.6,52.08,50.62
CSV,1215008,243000,83,82,0,42103,0,0.000000e+00,0.000000e+00,437716.3,47521280000.0,291725.0,52.12,50.36
CSV,1220008,244000,83,82,0,42303,0,0.000000e+00,0.000000e+00,452914.8,55959937024.0,302003.8,52.68,50.92
BER: END_SEQ #83 [LOCK] seq_err=0 BER_seq=0.0000e+00 | lock=83 slip=0 BER_cond=0.0000e+00 BER_cum=0.0000e+00
BER: SYNC #84 (gated)
CSV,1225008,245000,84,83,0,42426,0,0.000000e+00,0.000000e+00,514146.4,56191905792.0,349889.2,52.06,50.39
CSV,1230008,246000,84,83,0,42626,0,0.000000e+00,0.000000e+00,418836.1,49571938304.0,304434.9,52.12,50.73
CSV,1235008,247000,84,83,0,42826,0,0.000000e+00,0.000000e+00,501413.8,53754740736.0,319938.9,52.25,50.30
BER: END_SEQ #84 [LOCK] seq_err=0 BER_seq=0.0000e+00 | lock=84 slip=0 BER_cond=0.0000e+00 BER_cum=0.0000e+00
BER: SYNC #85 (gated)
CSV,1240008,248000,85,84,0,42948,0,0.000000e+00,0.000000e+00,526549.6,57241190400.0,344665.5,52.20,50.36
CSV,1245008,249000,85,84,0,43149,0,0.000000e+00,0.000000e+00,469327.2,47666712576.0,306794.5,51.91,50.07
CSV,1250008,250000,85,84,0,43348,0,0.000000e+00,0.000000e+00,474671.3,55701311488.0,297297.6,52.73,50.69
BER: END_SEQ #85 [LOCK] seq_err=0 BER_seq=0.0000e+00 | lock=85 slip=0 BER_cond=0.0000e+00 BER_cum=0.0000e+00
BER: SYNC #86 (gated)
CSV,1255008,251000,86,85,0,43471,0,0.000000e+00,0.000000e+00,545661.1,54416429056.0,333061.9,52.13,49.99
CSV,1260008,252000,86,85,0,43671,0,0.000000e+00,0.000000e+00,460800.4,50751139840.0,291791.2,52.40,50.42
CSV,1265008,253000,86,85,0,43871,0,0.000000e+00,0.000000e+00,446600.5,53773840384.0,292456.2,52.65,50.81
BER: END_SEQ #86 [LOCK] seq_err=0 BER_seq=0.0000e+00 | lock=86 slip=0 BER_cond=0.0000e+00 BER_cum=0.0000e+00
BER: SYNC #87 (gated)
CSV,1270008,254000,87,86,0,43994,0,0.000000e+00,0.000000e+00,514407.3,56497659904.0,334504.0,52.28,50.41
CSV,1275008,255000,87,86,0,44194,0,0.000000e+00,0.000000e+00,447207.2,49233956864.0,287544.3,52.34,50.42
CSV,1280008,256000,87,86,0,44394,0,0.000000e+00,0.000000e+00,445011.8,55256080384.0,286165.2,52.86,50.94
BER: END_SEQ #87 [LOCK] seq_err=0 BER_seq=0.0000e+00 | lock=87 slip=0 BER_cond=0.0000e+00 BER_cum=0.0000e+00
BER: SYNC #88 (gated)
CSV,1285008,257000,88,87,0,44517,0,0.000000e+00,0.000000e+00,509265.5,54373539840.0,322359.2,52.27,50.28
CSV,1290008,258000,88,87,0,44717,0,0.000000e+00,0.000000e+00,446276.1,49740619776.0,282071.6,52.46,50.47
CSV,1295008,259000,88,87,0,44916,0,0.000000e+00,0.000000e+00,472690.7,53734412288.0,284875.7,52.76,50.56
BER: END_SEQ #88 [LOCK] seq_err=0 BER_seq=0.0000e+00 | lock=88 slip=0 BER_cond=0.0000e+00 BER_cum=0.0000e+00
BER: SYNC #89 (gated)
CSV,1300008,260000,89,88,0,45039,0,0.000000e+00,0.000000e+00,526203.9,58868772864.0,329647.1,52.52,50.49
CSV,1305008,261000,89,88,0,45239,0,0.000000e+00,0.000000e+00,467554.5,45701988352.0,297800.2,51.86,49.90
CSV,1310008,262000,89,88,0,45439,0,0.000000e+00,0.000000e+00,478324.6,56050196480.0,304976.5,52.64,50.69
BER: END_SEQ #89 [LOCK] seq_err=0 BER_seq=0.0000e+00 | lock=89 slip=0 BER_cond=0.0000e+00 BER_cum=0.0000e+00
BER: SYNC #90 (gated)
CSV,1315008,263000,90,89,0,45562,0,0.000000e+00,0.000000e+00,540112.6,56225288192.0,333319.7,52.27,50.17
CSV,1320008,264000,90,89,0,45762,0,0.000000e+00,0.000000e+00,448423.1,48320212992.0,318222.3,51.81,50.32
CSV,1325008,265000,90,89,0,45962,0,0.000000e+00,0.000000e+00,455967.1,55344881664.0,311191.3,52.50,50.84
BER: END_SEQ #90 [LOCK] seq_err=0 BER_seq=0.0000e+00 | lock=90 slip=0 BER_cond=0.0000e+00 BER_cum=0.0000e+00
BER: SYNC #91 (gated)
CSV,1330008,266000,91,90,0,46085,0,0.000000e+00,0.000000e+00,536215.4,56391368704.0,351393.1,52.05,50.22
CSV,1335008,267000,91,90,0,46285,0,0.000000e+00,0.000000e+00,443002.6,47773495296.0,306922.9,51.92,50.33
CSV,1340008,268000,91,90,0,46485,0,0.000000e+00,0.000000e+00,430358.6,56127909888.0,316657.9,52.49,51.15
BER: END_SEQ #91 [LOCK] seq_err=0 BER_seq=0.0000e+00 | lock=91 slip=0 BER_cond=0.0000e+00 BER_cum=0.0000e+00
BER: SYNC #92 (gated)
CSV,1345008,269000,92,91,0,46607,0,0.000000e+00,0.000000e+00,543960.8,55597572096.0,341664.2,52.11,50.09
CSV,1350008,270000,92,91,0,46807,0,0.000000e+00,0.000000e+00,450472.8,49045180416.0,306474.7,52.04,50.37
CSV,1355008,271000,92,91,0,47007,0,0.000000e+00,0.000000e+00,427834.8,55592312832.0,297304.3,52.72,51.14
BER: END_SEQ #92 [LOCK] seq_err=0 BER_seq=0.0000e+00 | lock=92 slip=0 BER_cond=0.0000e+00 BER_cum=0.0000e+00
BER: SYNC #93 (gated)
CSV,1360008,272000,93,92,0,47130,0,0.000000e+00,0.000000e+00,523827.7,54688210944.0,357327.9,51.85,50.19
CSV,1365008,273000,93,92,0,47330,0,0.000000e+00,0.000000e+00,471415.9,49215062016.0,288558.1,52.32,50.19
BER: END_SEQ #93 [LOCK] seq_err=0 BER_seq=0.0000e+00 | lock=93 slip=0 BER_cond=0.0000e+00 BER_cum=0.0000e+00
CSV,1370008,274000,93,93,0,47523,0,0.000000e+00,0.000000e+00,467703.2,57187188736.0,299435.8,52.81,50.87
BER: SYNC #94 (gated)
CSV,1375008,275000,94,93,0,47653,0,0.000000e+00,0.000000e+00,522898.7,50666356736.0,348568.8,51.62,49.86
CSV,1380008,276000,94,93,0,47853,0,0.000000e+00,0.000000e+00,465655.4,53493280768.0,287614.7,52.69,50.60
BER: END_SEQ #94 [LOCK] seq_err=0 BER_seq=0.0000e+00 | lock=94 slip=0 BER_cond=0.0000e+00 BER_cum=0.0000e+00
CSV,1385008,277000,94,94,0,48034,0,0.000000e+00,0.000000e+00,493025.2,54871830528.0,324594.9,52.28,50.46
BER: SYNC #95 (gated)
CSV,1390008,278000,95,94,0,48175,0,0.000000e+00,0.000000e+00,501536.0,50202034176.0,320667.9,51.95,50.00
CSV,1395008,279000,95,94,0,48375,0,0.000000e+00,0.000000e+00,453735.9,53459226624.0,315607.3,52.29,50.71
BER: END_SEQ #95 [LOCK] seq_err=0 BER_seq=0.0000e+00 | lock=95 slip=0 BER_cond=0.0000e+00 BER_cum=0.0000e+00
CSV,1400008,280000,95,95,0,48545,0,0.000000e+00,0.000000e+00,469793.2,56474308608.0,352677.6,52.04,50.80
BER: SYNC #96 (gated)
CSV,1405008,281000,96,95,0,48698,0,0.000000e+00,0.000000e+00,471278.8,49057411072.0,302510.8,52.10,50.17
CSV,1410008,282000,96,95,0,48898,0,0.000000e+00,0.000000e+00,475207.8,55886675968.0,325518.4,52.35,50.70
BER: END_SEQ #96 [LOCK] seq_err=0 BER_seq=0.0000e+00 | lock=96 slip=0 BER_cond=0.0000e+00 BER_cum=0.0000e+00
CSV,1415008,283000,96,96,0,49056,0,0.000000e+00,0.000000e+00,468792.1,54193426432.0,333339.5,52.11,50.63
BER: SYNC #97 (gated)
CSV,1420008,284000,97,96,0,49221,0,0.000000e+00,0.000000e+00,459676.8,49479520256.0,302454.5,52.14,50.32
CSV,1425008,285000,97,96,0,49421,0,0.000000e+00,0.000000e+00,468080.1,55025922048.0,312350.4,52.46,50.70
BER: END_SEQ #97 [LOCK] seq_err=0 BER_seq=0.0000e+00 | lock=97 slip=0 BER_cond=0.0000e+00 BER_cum=0.0000e+00
CSV,1430008,286000,97,97,0,49567,0,0.000000e+00,0.000000e+00,538894.2,55897165824.0,348615.2,52.05,50.16
BER: SYNC #98 (gated)
CSV,1435008,287000,98,97,0,49744,0,0.000000e+00,0.000000e+00,424524.3,49796739072.0,286878.2,52.40,50.69
CSV,1440008,288000,98,97,0,49944,0,0.000000e+00,0.000000e+00,441133.0,55881916416.0,295964.1,52.76,51.03
BER: END_SEQ #98 [LOCK] seq_err=0 BER_seq=0.0000e+00 | lock=98 slip=0 BER_cond=0.0000e+00 BER_cum=0.0000e+00
CSV,1445008,289000,98,98,0,50078,0,0.000000e+00,0.000000e+00,572931.6,54039748608.0,347777.8,51.91,49.75
BER: SYNC #99 (gated)
CSV,1450008,290000,99,98,0,50266,0,0.000000e+00,0.000000e+00,429848.9,49516052480.0,281468.4,52.45,50.61
CSV,1455008,291000,99,98,0,50466,0,0.000000e+00,0.000000e+00,479595.2,54223130624.0,304459.8,52.51,50.53
BER: END_SEQ #99 [LOCK] seq_err=0 BER_seq=0.0000e+00 | lock=99 slip=0 BER_cond=0.0000e+00 BER_cum=0.0000e+00
BER: SYNC #100 (gated)
CSV,1460008,292000,100,99,0,50589,0,0.000000e+00,0.000000e+00,555115.9,57341751296.0,360604.2,52.01,50.14
CSV,1465008,293000,100,99,0,50789,0,0.000000e+00,0.000000e+00,451401.9,47787950080.0,283368.3,52.27,50.25
CSV,1470008,294000,100,99,0,50989,0,0.000000e+00,0.000000e+00,451236.2,55793713152.0,314019.7,52.50,50.92
BER: END_SEQ #100 [LOCK] seq_err=0 BER_seq=0.0000e+00 | lock=100 slip=0 BER_cond=0.0000e+00 BER_cum=0.0000e+00
BER: SYNC #101 (gated)
CSV,1475008,295000,101,100,0,51112,0,0.000000e+00,0.000000e+00,510598.2,56170659840.0,341674.9,52.16,50.41
CSV,1480008,296000,101,100,0,51312,0,0.000000e+00,0.000000e+00,436857.1,49202581504.0,302631.7,52.11,50.52
CSV,1485008,297000,101,100,0,51512,0,0.000000e+00,0.000000e+00,481365.5,54755807232.0,309789.5,52.47,50.56
BER: END_SEQ #101 [LOCK] seq_err=0 BER_seq=0.0000e+00 | lock=101 slip=0 BER_cond=0.0000e+00 BER_cum=0.0000e+00
BER: SYNC #102 (gated)
CSV,1490008,298000,102,101,0,51635,0,0.000000e+00,0.000000e+00,496266.8,56489082880.0,345195.5,52.14,50.56
CSV,1495008,299000,102,101,0,51835,0,0.000000e+00,0.000000e+00,439826.8,47748616192.0,306996.5,51.92,50.36
CSV,1500008,300000,102,101,0,52034,0,0.000000e+00,0.000000e+00,489477.2,55025541120.0,313929.8,52.44,50.51
BER: END_SEQ #102 [LOCK] seq_err=0 BER_seq=0.0000e+00 | lock=102 slip=0 BER_cond=0.0000e+00 BER_cum=0.0000e+00

=========================================
=== END OF TEST (duration=25 min) ===
=========================================
FINAL: syncs=102 lock=102 slip=0 slip_rate=0.0000
FINAL: bits_cum=52122 err_cum=0 BER_cum=0.0000e+00
FINAL: bits_lock=52122 err_lock=0 BER_cond=0.0000e+00
=========================================
=== STOP LOGGING NOW ===
=========================================
