

=== RX BOOT - BER TEST MODE ===
MOD=OOK (20 kHz carrier, adaptive threshold)
BPS_MODE=20 (HALF_SAMPLES=2000, 10000 samples/bit @ 200000 Hz)
Expect: 64-bit preamble + Barker13 (1F35h, gated by 8 preamble bits = 0x55) + 511-bit PRBS-9
Noise floor band: 5000 Hz; lock threshold: BER<0.10
Auto-stop: test will halt 25 min after the first sync.
RX: edge-tracking sync, center-3 voting
Starting decoder...

CSV,5011,500,0,0,0,0,0,0.000000e+00,0.000000e+00,12265.3,320909504.0,29328.4,40.39,44.18
CSV,10011,1000,0,0,0,0,0,0.000000e+00,0.000000e+00,13168.7,311503904.0,30848.6,40.04,43.74
BER: SYNC #1 (gated)
CSV,15011,1500,1,0,0,5,0,0.000000e+00,0.000000e+00,15044.5,312380864.0,35389.4,39.46,43.17
CSV,20011,2000,1,0,0,105,0,0.000000e+00,0.000000e+00,20093.1,318550656.0,41331.7,38.87,42.00
CSV,25011,2500,1,0,0,205,0,0.000000e+00,0.000000e+00,26950.2,232501328.0,68198.6,35.33,39.36
CSV,30011,3000,1,0,0,305,0,0.000000e+00,0.000000e+00,25713.9,306710400.0,70449.4,36.39,40.77
CSV,35011,3500,1,0,0,405,0,0.000000e+00,0.000000e+00,31259.4,307974368.0,64836.0,36.77,39.94
CSV,40011,4000,1,0,0,505,0,0.000000e+00,0.000000e+00,28995.2,303932576.0,69819.7,36.39,40.20
BER: END_SEQ #1 [LOCK] seq_err=0 BER_seq=0.0000e+00 | lock=1 slip=0 BER_cond=0.0000e+00 BER_cum=0.0000e+00
BER: SYNC #2 (gated)
CSV,45011,4500,2,1,0,527,0,0.000000e+00,0.000000e+00,29687.3,327336576.0,71016.0,36.64,40.42
CSV,50011,5000,2,1,0,627,0,0.000000e+00,0.000000e+00,25331.4,289261920.0,75701.3,35.82,40.58
CSV,55011,5500,2,1,0,727,0,0.000000e+00,0.000000e+00,28277.7,248238256.0,70220.1,35.48,39.43
CSV,60011,6000,2,1,0,827,0,0.000000e+00,0.000000e+00,24414.7,285694784.0,64650.4,36.45,40.68
CSV,65011,6500,2,1,0,927,0,0.000000e+00,0.000000e+00,27675.2,309057408.0,65192.1,36.76,40.48
BER: END_SEQ #2 [LOCK] seq_err=0 BER_seq=0.0000e+00 | lock=2 slip=0 BER_cond=0.0000e+00 BER_cum=0.0000e+00
CSV,70011,7000,2,2,0,1022,0,0.000000e+00,0.000000e+00,28486.1,332828416.0,67673.1,36.92,40.68
BER: SYNC #3 (gated)
CSV,75011,7500,3,2,0,1050,0,0.000000e+00,0.000000e+00,27310.2,304391904.0,67930.8,36.51,40.47
CSV,80011,8000,3,2,0,1150,0,0.000000e+00,0.000000e+00,28376.8,250255872.0,69058.0,35.59,39.45
CSV,85011,8500,3,2,0,1250,0,0.000000e+00,0.000000e+00,24481.6,281119584.0,63023.0,36.49,40.60
CSV,90011,9000,3,2,0,1350,0,0.000000e+00,0.000000e+00,27162.1,307691264.0,75414.4,36.11,40.54
CSV,95011,9500,3,2,0,1450,0,0.000000e+00,0.000000e+00,25742.5,294482272.0,67582.5,36.39,40.58
BER: END_SEQ #3 [LOCK] seq_err=0 BER_seq=0.0000e+00 | lock=3 slip=0 BER_cond=0.0000e+00 BER_cum=0.0000e+00
CSV,100011,10000,3,3,0,1533,0,0.000000e+00,0.000000e+00,26876.1,309165536.0,74121.5,36.20,40.61
BER: SYNC #4 (gated)
CSV,105011,10500,4,3,0,1573,0,0.000000e+00,0.000000e+00,28695.9,290771456.0,65046.2,36.50,40.06
CSV,110011,11000,4,3,0,1673,0,0.000000e+00,0.000000e+00,30330.5,266206464.0,71031.6,35.74,39.43
CSV,115011,11500,4,3,0,1773,0,0.000000e+00,0.000000e+00,30570.3,293571488.0,68888.3,36.30,39.82
CSV,120011,12000,4,3,0,1873,0,0.000000e+00,0.000000e+00,31194.3,286572032.0,68928.3,36.19,39.63
CSV,125011,12500,4,3,0,1973,0,0.000000e+00,0.000000e+00,31229.3,305793216.0,71722.1,36.30,39.91
BER: END_SEQ #4 [LOCK] seq_err=0 BER_seq=0.0000e+00 | lock=4 slip=0 BER_cond=0.0000e+00 BER_cum=0.0000e+00
CSV,130011,13000,4,4,0,2044,0,0.000000e+00,0.000000e+00,35410.5,313605056.0,67144.7,36.69,39.47
BER: SYNC #5 (gated)
CSV,135011,13500,5,4,0,2095,0,0.000000e+00,0.000000e+00,29356.2,299228896.0,64943.2,36.63,40.08
CSV,140011,14000,5,4,0,2195,0,0.000000e+00,0.000000e+00,27559.2,240227040.0,76343.2,34.98,39.40
CSV,145011,14500,5,4,0,2295,0,0.000000e+00,0.000000e+00,28561.2,303522720.0,80774.0,35.75,40.26
CSV,150011,15000,5,4,0,2395,0,0.000000e+00,0.000000e+00,26190.0,307576256.0,63137.1,36.88,40.70
CSV,155011,15500,5,4,0,2495,0,0.000000e+00,0.000000e+00,27675.5,290474368.0,73455.8,35.97,40.21
BER: END_SEQ #5 [LOCK] seq_err=0 BER_seq=0.0000e+00 | lock=5 slip=0 BER_cond=0.0000e+00 BER_cum=0.0000e+00
CSV,160011,16000,5,5,0,2555,0,0.000000e+00,0.000000e+00,27550.4,305708000.0,65015.5,36.72,40.45
BER: SYNC #6 (gated)
CSV,165011,16500,6,5,0,2618,0,0.000000e+00,0.000000e+00,31306.0,307598304.0,76637.3,36.04,39.92
CSV,170011,17000,6,5,0,2718,0,0.000000e+00,0.000000e+00,33711.6,231059552.0,63105.5,35.64,38.36
CSV,175011,17500,6,5,0,2818,0,0.000000e+00,0.000000e+00,28468.9,293384832.0,69188.4,36.27,40.13
CSV,180011,18000,6,5,0,2918,0,0.000000e+00,0.000000e+00,26981.3,310411904.0,74024.5,36.23,40.61
CSV,185011,18500,6,5,0,3018,0,0.000000e+00,0.000000e+00,28864.0,292106784.0,73827.9,35.97,40.05
BER: END_SEQ #6 [LOCK] seq_err=0 BER_seq=0.0000e+00 | lock=6 slip=0 BER_cond=0.0000e+00 BER_cum=0.0000e+00
CSV,190011,19000,6,6,0,3066,0,0.000000e+00,0.000000e+00,28998.9,322143872.0,65033.6,36.95,40.46
BER: SYNC #7 (gated)
CSV,195011,19500,7,6,0,3141,0,0.000000e+00,0.000000e+00,28191.7,313586784.0,70855.6,36.46,40.46
CSV,200011,20000,7,6,0,3241,0,0.000000e+00,0.000000e+00,27661.5,231418800.0,68337.5,35.30,39.23
CSV,205011,20500,7,6,0,3341,0,0.000000e+00,0.000000e+00,28877.4,276680128.0,70412.6,35.94,39.81
CSV,210011,21000,7,6,0,3441,0,0.000000e+00,0.000000e+00,29208.4,334821312.0,77877.1,36.33,40.59
CSV,215011,21500,7,6,0,3541,0,0.000000e+00,0.000000e+00,32944.9,283160000.0,66439.7,36.30,39.34
BER: END_SEQ #7 [LOCK] seq_err=0 BER_seq=0.0000e+00 | lock=7 slip=0 BER_cond=0.0000e+00 BER_cum=0.0000e+00
CSV,220011,22000,7,7,0,3577,0,0.000000e+00,0.000000e+00,30244.7,309245344.0,66713.9,36.66,40.10
BER: SYNC #8 (gated)
CSV,225011,22500,8,7,0,3664,0,0.000000e+00,0.000000e+00,23322.6,297635968.0,75548.2,35.95,41.06
CSV,230011,23000,8,7,0,3764,0,0.000000e+00,0.000000e+00,26733.3,243913184.0,67750.2,35.56,39.60
CSV,235011,23500,8,7,0,3864,0,0.000000e+00,0.000000e+00,28863.3,300708736.0,71639.6,36.23,40.18
CSV,240011,24000,8,7,0,3963,0,0.000000e+00,0.000000e+00,24668.7,298572800.0,69273.2,36.34,40.83
CSV,245011,24500,8,7,0,4063,0,0.000000e+00,0.000000e+00,28395.8,296997696.0,72358.5,36.13,40.19
BER: END_SEQ #8 [LOCK] seq_err=0 BER_seq=0.0000e+00 | lock=8 slip=0 BER_cond=0.0000e+00 BER_cum=0.0000e+00
CSV,250011,25000,8,8,0,4088,0,0.000000e+00,0.000000e+00,28425.2,322018304.0,67143.0,36.81,40.54
BER: SYNC #9 (gated)
CSV,255011,25500,9,8,0,4186,0,0.000000e+00,0.000000e+00,23844.7,299657376.0,68435.6,36.41,40.99
CSV,260011,26000,9,8,0,4286,0,0.000000e+00,0.000000e+00,25526.0,226331056.0,70729.0,35.05,39.48
CSV,265011,26500,9,8,0,4386,0,0.000000e+00,0.000000e+00,24945.0,294194240.0,65796.2,36.50,40.72
CSV,270011,27000,9,8,0,4486,0,0.000000e+00,0.000000e+00,27035.7,308299552.0,69175.0,36.49,40.57
CSV,275011,27500,9,8,0,4586,0,0.000000e+00,0.000000e+00,25003.3,311657536.0,68186.6,36.60,40.96
BER: END_SEQ #9 [LOCK] seq_err=0 BER_seq=0.0000e+00 | lock=9 slip=0 BER_cond=0.0000e+00 BER_cum=0.0000e+00
BER: SYNC #10 (gated)
CSV,280011,28000,10,9,0,4609,0,0.000000e+00,0.000000e+00,26745.9,309265632.0,67100.5,36.64,40.63
CSV,285011,28500,10,9,0,4709,0,0.000000e+00,0.000000e+00,26148.5,287792000.0,74812.3,35.85,40.42
CSV,290011,29000,10,9,0,4809,0,0.000000e+00,0.000000e+00,22254.7,247108496.0,64626.2,35.82,40.45
CSV,295011,29500,10,9,0,4909,0,0.000000e+00,0.000000e+00,23949.9,290163456.0,59200.5,36.90,40.83
CSV,300011,30000,10,9,0,5009,0,0.000000e+00,0.000000e+00,28086.2,319341728.0,70037.6,36.59,40.56
CSV,305011,30500,10,9,0,5109,0,0.000000e+00,0.000000e+00,26924.1,306720416.0,62834.7,36.89,40.57
BER: END_SEQ #10 [LOCK] seq_err=0 BER_seq=0.0000e+00 | lock=10 slip=0 BER_cond=0.0000e+00 BER_cum=0.0000e+00
BER: SYNC #11 (gated)
CSV,310011,31000,11,10,0,5132,0,0.000000e+00,0.000000e+00,29652.0,304973600.0,65582.5,36.67,40.12
CSV,315011,31500,11,10,0,5232,0,0.000000e+00,0.000000e+00,25260.0,276763328.0,61428.2,36.54,40.40
CSV,320011,32000,11,10,0,5332,0,0.000000e+00,0.000000e+00,28401.8,253911328.0,66523.1,35.82,39.51
CSV,325011,32500,11,10,0,5432,0,0.000000e+00,0.000000e+00,24574.3,292831168.0,58360.0,37.01,40.76
CSV,330011,33000,11,10,0,5532,0,0.000000e+00,0.000000e+00,18927.5,303750560.0,43670.1,38.42,42.05
BER: END_SEQ #11 [LOCK] seq_err=0 BER_seq=0.0000e+00 | lock=11 slip=0 BER_cond=0.0000e+00 BER_cum=0.0000e+00
CSV,335011,33500,11,11,0,5621,0,0.000000e+00,0.000000e+00,14284.4,332943168.0,39871.8,39.22,43.68
BER: SYNC #12 (gated)
CSV,340011,34000,12,11,0,5654,0,0.000000e+00,0.000000e+00,12428.5,308703968.0,24205.0,41.06,43.95
CSV,345011,34500,12,11,0,5754,0,0.000000e+00,0.000000e+00,14089.1,254147392.0,24320.0,40.19,42.56
CSV,350011,35000,12,11,0,5854,0,0.000000e+00,0.000000e+00,12933.4,297464992.0,25407.6,40.68,43.62
CSV,355011,35500,12,11,0,5954,0,0.000000e+00,0.000000e+00,25741.3,305659552.0,56486.0,37.33,40.75
CSV,360011,36000,12,11,0,6054,0,0.000000e+00,0.000000e+00,30384.1,289320448.0,68521.6,36.26,39.79
BER: END_SEQ #12 [LOCK] seq_err=0 BER_seq=0.0000e+00 | lock=12 slip=0 BER_cond=0.0000e+00 BER_cum=0.0000e+00
CSV,365011,36500,12,12,0,6132,0,0.000000e+00,0.000000e+00,31080.3,307274208.0,67548.9,36.58,39.95
BER: SYNC #13 (gated)
CSV,370011,37000,13,12,0,6177,0,0.000000e+00,0.000000e+00,35353.9,291798432.0,66792.5,36.40,39.17
CSV,375011,37500,13,12,0,6277,0,0.000000e+00,0.000000e+00,25285.1,246285568.0,66372.5,35.69,39.89
CSV,380011,38000,13,12,0,6377,0,0.000000e+00,0.000000e+00,27608.5,307653568.0,73287.0,36.23,40.47
CSV,385011,38500,13,12,0,6477,0,0.000000e+00,0.000000e+00,24524.0,293274464.0,58431.0,37.01,40.78
CSV,390011,39000,13,12,0,6577,0,0.000000e+00,0.000000e+00,17460.6,306675744.0,43781.8,38.45,42.45
BER: END_SEQ #13 [LOCK] seq_err=0 BER_seq=0.0000e+00 | lock=13 slip=0 BER_cond=0.0000e+00 BER_cum=0.0000e+00
CSV,395011,39500,13,13,0,6643,0,0.000000e+00,0.000000e+00,12020.3,314974816.0,25149.2,40.98,44.18
BER: SYNC #14 (gated)
CSV,400011,40000,14,13,0,6700,0,0.000000e+00,0.000000e+00,11808.2,315087488.0,22271.8,41.51,44.26
CSV,405011,40500,14,13,0,6800,0,0.000000e+00,0.000000e+00,17078.0,242020032.0,43070.8,37.50,41.51
CSV,410011,41000,14,13,0,6900,0,0.000000e+00,0.000000e+00,21466.4,286335040.0,52945.4,37.33,41.25
CSV,415011,41500,14,13,0,7000,0,0.000000e+00,0.000000e+00,28409.9,322874880.0,77604.9,36.19,40.56
CSV,420011,42000,14,13,0,7100,0,0.000000e+00,0.000000e+00,28216.4,284705984.0,71652.5,35.99,40.04
BER: END_SEQ #14 [LOCK] seq_err=0 BER_seq=0.0000e+00 | lock=14 slip=0 BER_cond=0.0000e+00 BER_cum=0.0000e+00
CSV,425011,42500,14,14,0,7154,0,0.000000e+00,0.000000e+00,30980.0,315959392.0,74963.6,36.25,40.09
BER: SYNC #15 (gated)
CSV,430011,43000,15,14,0,7223,0,0.000000e+00,0.000000e+00,31810.0,308538112.0,66480.8,36.67,39.87
CSV,435011,43500,15,14,0,7323,0,0.000000e+00,0.000000e+00,29720.2,231153056.0,70441.7,35.16,38.91
CSV,440011,44000,15,14,0,7422,0,0.000000e+00,0.000000e+00,27313.0,291397984.0,75593.6,35.86,40.28
CSV,445011,44500,15,14,0,7523,0,0.000000e+00,0.000000e+00,28027.6,318971584.0,78004.7,36.12,40.56
CSV,450011,45000,15,14,0,7623,0,0.000000e+00,0.000000e+00,28681.5,280160864.0,73825.6,35.79,39.90
BER: END_SEQ #15 [LOCK] seq_err=0 BER_seq=0.0000e+00 | lock=15 slip=0 BER_cond=0.0000e+00 BER_cum=0.0000e+00
CSV,455011,45500,15,15,0,7665,0,0.000000e+00,0.000000e+00,25403.5,322689568.0,70322.9,36.62,41.04
BER: SYNC #16 (gated)
CSV,460011,46000,16,15,0,7745,0,0.000000e+00,0.000000e+00,28436.5,317672960.0,75873.3,36.22,40.48
CSV,465011,46500,16,15,0,7845,0,0.000000e+00,0.000000e+00,26558.1,246432496.0,74484.0,35.20,39.68
CSV,470011,47000,16,15,0,7945,0,0.000000e+00,0.000000e+00,24840.2,263641056.0,70511.6,35.73,40.26
CSV,475011,47500,16,15,0,8045,0,0.000000e+00,0.000000e+00,15503.0,339593248.0,37079.8,39.62,43.41
CSV,480011,48000,16,15,0,8145,0,0.000000e+00,0.000000e+00,13088.0,298353408.0,26545.9,40.51,43.58
BER: END_SEQ #16 [LOCK] seq_err=0 BER_seq=0.0000e+00 | lock=16 slip=0 BER_cond=0.0000e+00 BER_cum=0.0000e+00
CSV,485011,48500,16,16,0,8176,0,0.000000e+00,0.000000e+00,14112.9,329537120.0,28566.5,40.62,43.68
BER: SYNC #17 (gated)
CSV,490011,49000,17,16,0,8268,0,0.000000e+00,0.000000e+00,12980.8,289828800.0,23179.8,40.97,43.49
CSV,495011,49500,17,16,0,8368,0,0.000000e+00,0.000000e+00,13931.7,242411312.0,24616.4,39.93,42.41
CSV,500011,50000,17,16,0,8468,0,0.000000e+00,0.000000e+00,15816.3,305588608.0,35190.2,39.39,42.86
CSV,505011,50500,17,16,0,8568,0,0.000000e+00,0.000000e+00,30842.4,306339776.0,78631.9,35.91,39.97
CSV,510011,51000,17,16,0,8668,0,0.000000e+00,0.000000e+00,24418.4,298254944.0,70684.2,36.25,40.87
BER: END_SEQ #17 [LOCK] seq_err=0 BER_seq=0.0000e+00 | lock=17 slip=0 BER_cond=0.0000e+00 BER_cum=0.0000e+00
BER: SYNC #18 (gated)
CSV,515011,51500,18,17,0,8691,0,0.000000e+00,0.000000e+00,30254.6,310036576.0,69868.8,36.47,40.11
CSV,520011,52000,18,17,0,8791,0,0.000000e+00,0.000000e+00,21426.7,319167424.0,54320.4,37.69,41.73
CSV,525011,52500,18,17,0,8891,0,0.000000e+00,0.000000e+00,14383.1,231149616.0,25408.7,39.59,42.06
CSV,530011,53000,18,17,0,8991,0,0.000000e+00,0.000000e+00,12726.4,303043840.0,27147.9,40.48,43.77
CSV,535011,53500,18,17,0,9091,0,0.000000e+00,0.000000e+00,21968.2,309513184.0,48982.0,38.01,41.49
CSV,540011,54000,18,17,0,9191,0,0.000000e+00,0.000000e+00,29840.6,307546080.0,75262.2,36.11,40.13
BER: END_SEQ #18 [LOCK] seq_err=0 BER_seq=0.0000e+00 | lock=18 slip=0 BER_cond=0.0000e+00 BER_cum=0.0000e+00
BER: SYNC #19 (gated)
CSV,545011,54500,19,18,0,9213,0,0.000000e+00,0.000000e+00,25886.6,334032064.0,79708.6,36.22,41.11
CSV,550011,55000,19,18,0,9313,0,0.000000e+00,0.000000e+00,28446.1,275985280.0,75523.5,35.63,39.87
CSV,555011,55500,19,18,0,9414,0,0.000000e+00,0.000000e+00,29820.9,248605664.0,68481.6,35.60,39.21
CSV,560011,56000,19,18,0,9513,0,0.000000e+00,0.000000e+00,33120.5,288384768.0,71645.1,36.05,39.40
CSV,565011,56500,19,18,0,9613,0,0.000000e+00,0.000000e+00,30752.0,312280320.0,66200.2,36.74,40.07
BER: END_SEQ #19 [LOCK] seq_err=0 BER_seq=0.0000e+00 | lock=19 slip=0 BER_cond=0.0000e+00 BER_cum=0.0000e+00
CSV,570011,57000,19,19,0,9709,0,0.000000e+00,0.000000e+00,27049.4,317837184.0,69995.4,36.57,40.70
BER: SYNC #20 (gated)
CSV,575011,57500,20,19,0,9736,0,0.000000e+00,0.000000e+00,34402.9,301975648.0,81972.3,35.66,39.43
CSV,580011,58000,20,19,0,9836,0,0.000000e+00,0.000000e+00,30890.5,256386032.0,74468.1,35.37,39.19
CSV,585011,58500,20,19,0,9936,0,0.000000e+00,0.000000e+00,29866.1,281349824.0,65841.9,36.31,39.74
CSV,590011,59000,20,19,0,10036,0,0.000000e+00,0.000000e+00,28200.6,303064576.0,77967.1,35.90,40.31
CSV,595011,59500,20,19,0,10136,0,0.000000e+00,0.000000e+00,32292.0,294311968.0,72191.5,36.10,39.60
BER: END_SEQ #20 [LOCK] seq_err=0 BER_seq=0.0000e+00 | lock=20 slip=0 BER_cond=0.0000e+00 BER_cum=0.0000e+00
CSV,600011,60000,20,20,0,10220,0,0.000000e+00,0.000000e+00,15980.9,317074624.0,45267.8,38.45,42.98
BER: SYNC #21 (gated)
CSV,605011,60500,21,20,0,10259,0,0.000000e+00,0.000000e+00,32614.7,301509376.0,74140.6,36.09,39.66
CSV,610011,61000,21,20,0,10359,0,0.000000e+00,0.000000e+00,32001.8,257427552.0,66460.7,35.88,39.05
CSV,615011,61500,21,20,0,10459,0,0.000000e+00,0.000000e+00,28652.2,294191872.0,72129.6,36.11,40.11
CSV,620011,62000,21,20,0,10559,0,0.000000e+00,0.000000e+00,29368.5,285745120.0,69746.4,36.12,39.88
CSV,625011,62500,21,20,0,10659,0,0.000000e+00,0.000000e+00,25147.3,314780032.0,74149.9,36.28,40.98
BER: END_SEQ #21 [LOCK] seq_err=0 BER_seq=0.0000e+00 | lock=21 slip=0 BER_cond=0.0000e+00 BER_cum=0.0000e+00
CSV,630011,63000,21,21,0,10731,0,0.000000e+00,0.000000e+00,27016.4,312403872.0,73924.4,36.26,40.63
BER: SYNC #22 (gated)
CSV,635011,63500,22,21,0,10782,0,0.000000e+00,0.000000e+00,22814.8,295256768.0,47402.4,37.94,41.12
CSV,640011,64000,22,21,0,10882,0,0.000000e+00,0.000000e+00,27803.5,243631488.0,76826.2,35.01,39.43
CSV,645011,64500,22,21,0,10982,0,0.000000e+00,0.000000e+00,30821.1,313856384.0,68629.5,36.60,40.08
CSV,650011,65000,22,21,0,11082,0,0.000000e+00,0.000000e+00,26359.1,297592384.0,71675.4,36.18,40.53
CSV,655011,65500,22,21,0,11181,0,0.000000e+00,0.000000e+00,26766.0,290342528.0,73334.6,35.98,40.35
BER: END_SEQ #22 [LOCK] seq_err=0 BER_seq=0.0000e+00 | lock=22 slip=0 BER_cond=0.0000e+00 BER_cum=0.0000e+00
CSV,660011,66000,22,22,0,11242,0,0.000000e+00,0.000000e+00,20827.6,314547744.0,56954.9,37.42,41.79
BER: SYNC #23 (gated)
CSV,665011,66500,23,22,0,11304,0,0.000000e+00,0.000000e+00,17775.2,317679360.0,45615.4,38.43,42.52
CSV,670011,67000,23,22,0,11404,0,0.000000e+00,0.000000e+00,27055.5,233391920.0,68647.9,35.31,39.36
CSV,675011,67500,23,22,0,11504,0,0.000000e+00,0.000000e+00,27240.8,287548000.0,70726.8,36.09,40.23
CSV,680011,68000,23,22,0,11604,0,0.000000e+00,0.000000e+00,22070.6,311333248.0,59732.7,37.17,41.49
CSV,685011,68500,23,22,0,11704,0,0.000000e+00,0.000000e+00,27150.8,298720704.0,72539.4,36.15,40.41
BER: END_SEQ #23 [LOCK] seq_err=0 BER_seq=0.0000e+00 | lock=23 slip=0 BER_cond=0.0000e+00 BER_cum=0.0000e+00
CSV,690011,69000,23,23,0,11753,0,0.000000e+00,0.000000e+00,25113.0,317936384.0,66489.3,36.80,41.02
BER: SYNC #24 (gated)
CSV,695011,69500,24,23,0,11827,0,0.000000e+00,0.000000e+00,25757.1,306418560.0,75209.2,36.10,40.75
CSV,700011,70000,24,23,0,11927,0,0.000000e+00,0.000000e+00,24034.6,232132640.0,65231.1,35.51,39.85
CSV,705011,70500,24,23,0,12027,0,0.000000e+00,0.000000e+00,22937.5,284649984.0,68849.8,36.16,40.94
CSV,710011,71000,24,23,0,12127,0,0.000000e+00,0.000000e+00,22408.9,338318176.0,62100.2,37.36,41.79
CSV,715011,71500,24,23,0,12227,0,0.000000e+00,0.000000e+00,31517.3,278756160.0,66674.6,36.21,39.47
BER: END_SEQ #24 [LOCK] seq_err=0 BER_seq=0.0000e+00 | lock=24 slip=0 BER_cond=0.0000e+00 BER_cum=0.0000e+00
CSV,720011,72000,24,24,0,12264,0,0.000000e+00,0.000000e+00,25685.6,304893056.0,67585.1,36.54,40.74
BER: SYNC #25 (gated)
CSV,725011,72500,25,24,0,12350,0,0.000000e+00,0.000000e+00,24411.6,306106656.0,66540.8,36.63,40.98
CSV,730011,73000,25,24,0,12450,0,0.000000e+00,0.000000e+00,22409.8,253848880.0,65012.7,35.92,40.54
CSV,735011,73500,25,24,0,12550,0,0.000000e+00,0.000000e+00,26224.8,287052192.0,69094.4,36.19,40.39
CSV,740011,74000,25,24,0,12650,0,0.000000e+00,0.000000e+00,30016.0,305523744.0,67137.4,36.58,40.08
CSV,745011,74500,25,24,0,12750,0,0.000000e+00,0.000000e+00,26664.9,301581536.0,70554.7,36.31,40.53
BER: END_SEQ #25 [LOCK] seq_err=0 BER_seq=0.0000e+00 | lock=25 slip=0 BER_cond=0.0000e+00 BER_cum=0.0000e+00
CSV,750011,75000,25,25,0,12775,0,0.000000e+00,0.000000e+00,25798.7,330574720.0,70890.2,36.69,41.08
BER: SYNC #26 (gated)
CSV,755011,75500,26,25,0,12872,0,0.000000e+00,0.000000e+00,25004.7,289575328.0,61359.5,36.74,40.64
CSV,760011,76000,26,25,0,12972,0,0.000000e+00,0.000000e+00,25515.2,226074336.0,67001.9,35.28,39.47
CSV,765011,76500,26,25,0,13072,0,0.000000e+00,0.000000e+00,23914.2,301007232.0,68164.4,36.45,41.00
CSV,770011,77000,26,25,0,13172,0,0.000000e+00,0.000000e+00,26201.3,315250304.0,62158.1,37.05,40.80
CSV,775011,77500,26,25,0,13272,0,0.000000e+00,0.000000e+00,25014.2,309912544.0,72563.2,36.31,40.93
BER: END_SEQ #26 [LOCK] seq_err=0 BER_seq=0.0000e+00 | lock=26 slip=0 BER_cond=0.0000e+00 BER_cum=0.0000e+00
BER: SYNC #27 (gated)
CSV,780011,78000,27,26,0,13295,0,0.000000e+00,0.000000e+00,25276.9,304592480.0,66910.2,36.58,40.81
CSV,785011,78500,27,26,0,13395,0,0.000000e+00,0.000000e+00,23802.5,295482880.0,67461.3,36.41,40.94
CSV,790011,79000,27,26,0,13495,0,0.000000e+00,0.000000e+00,18968.5,255437280.0,51630.1,36.94,41.29
CSV,795011,79500,27,26,0,13595,0,0.000000e+00,0.000000e+00,12229.4,293390912.0,31508.5,39.69,43.80
CSV,800011,80000,27,26,0,13695,0,0.000000e+00,0.000000e+00,14465.5,314472864.0,34507.9,39.60,43.37
CSV,805011,80500,27,26,0,13795,0,0.000000e+00,0.000000e+00,23652.3,309192064.0,63183.1,36.90,41.16
BER: END_SEQ #27 [LOCK] seq_err=0 BER_seq=0.0000e+00 | lock=27 slip=0 BER_cond=0.0000e+00 BER_cum=0.0000e+00
BER: SYNC #28 (gated)
CSV,810011,81000,28,27,0,13818,0,0.000000e+00,0.000000e+00,25971.1,317540640.0,80972.5,35.93,40.87
CSV,815011,81500,28,27,0,13918,0,0.000000e+00,0.000000e+00,26687.3,277908128.0,72293.3,35.85,40.18
CSV,820011,82000,28,27,0,14018,0,0.000000e+00,0.000000e+00,27450.0,246461632.0,65068.1,35.78,39.53
CSV,825011,82500,28,27,0,14118,0,0.000000e+00,0.000000e+00,27409.4,298520448.0,100901.6,34.71,40.37
CSV,830011,83000,28,27,0,14218,0,0.000000e+00,0.000000e+00,27436.7,307838336.0,94921.2,35.11,40.50
BER: END_SEQ #28 [LOCK] seq_err=0 BER_seq=0.0000e+00 | lock=28 slip=0 BER_cond=0.0000e+00 BER_cum=0.0000e+00
CSV,835011,83500,28,28,0,14308,0,0.000000e+00,0.000000e+00,27570.0,323079136.0,74864.5,36.35,40.69
BER: SYNC #29 (gated)
CSV,840011,84000,29,28,0,14341,0,0.000000e+00,0.000000e+00,27182.0,294830176.0,77803.8,35.79,40.35
CSV,845011,84500,29,28,0,14441,0,0.000000e+00,0.000000e+00,30126.1,249768288.0,62170.8,36.04,39.19
CSV,850011,85000,29,28,0,14541,0,0.000000e+00,0.000000e+00,31001.5,300693152.0,72369.9,36.19,39.87
CSV,855011,85500,29,28,0,14640,0,0.000000e+00,0.000000e+00,30453.2,302173440.0,70610.4,36.31,39.97
CSV,860011,86000,29,28,0,14741,0,0.000000e+00,0.000000e+00,28773.3,287323200.0,69091.1,36.19,39.99
BER: END_SEQ #29 [LOCK] seq_err=0 BER_seq=0.0000e+00 | lock=29 slip=0 BER_cond=0.0000e+00 BER_cum=0.0000e+00
CSV,865011,86500,29,29,0,14819,0,0.000000e+00,0.000000e+00,30422.2,314355104.0,70061.3,36.52,40.14
BER: SYNC #30 (gated)
CSV,870011,87000,30,29,0,14863,0,0.000000e+00,0.000000e+00,17153.1,301581248.0,36108.1,39.22,42.45
CSV,875011,87500,30,29,0,14963,0,0.000000e+00,0.000000e+00,28048.9,253960720.0,84570.4,34.78,39.57
CSV,880011,88000,30,29,0,15063,0,0.000000e+00,0.000000e+00,29747.7,301713504.0,75432.2,36.02,40.06
CSV,885011,88500,30,29,0,15163,0,0.000000e+00,0.000000e+00,25405.4,293173504.0,74664.6,35.94,40.62
CSV,890011,89000,30,29,0,15263,0,0.000000e+00,0.000000e+00,26223.4,313388416.0,70319.8,36.49,40.77
BER: END_SEQ #30 [LOCK] seq_err=0 BER_seq=0.0000e+00 | lock=30 slip=0 BER_cond=0.0000e+00 BER_cum=0.0000e+00
CSV,895011,89500,30,30,0,15330,0,0.000000e+00,0.000000e+00,32965.8,308650752.0,73018.1,36.26,39.71
BER: SYNC #31 (gated)
CSV,900011,90000,31,30,0,15386,0,0.000000e+00,0.000000e+00,27111.0,298828928.0,78957.2,35.78,40.42
CSV,905011,90500,31,30,0,15486,0,0.000000e+00,0.000000e+00,25025.6,239529696.0,66346.4,35.58,39.81
CSV,910011,91000,31,30,0,15586,0,0.000000e+00,0.000000e+00,13515.7,299632896.0,31747.1,39.75,43.46
CSV,915011,91500,31,30,0,15686,0,0.000000e+00,0.000000e+00,16523.7,332755168.0,32483.0,40.10,43.04
CSV,920011,92000,31,30,0,15786,0,0.000000e+00,0.000000e+00,16327.2,280605504.0,40670.1,38.39,42.35
BER: END_SEQ #31 [LOCK] seq_err=0 BER_seq=0.0000e+00 | lock=31 slip=0 BER_cond=0.0000e+00 BER_cum=0.0000e+00
CSV,925011,92500,31,31,0,15841,0,0.000000e+00,0.000000e+00,21247.9,319259328.0,50981.1,37.97,41.77
BER: SYNC #32 (gated)
CSV,930011,93000,32,31,0,15909,0,0.000000e+00,0.000000e+00,27004.5,313114112.0,70441.6,36.48,40.64
CSV,935011,93500,32,31,0,16009,0,0.000000e+00,0.000000e+00,19750.5,239846096.0,50141.4,36.80,40.84
CSV,940011,94000,32,31,0,16109,0,0.000000e+00,0.000000e+00,29918.9,288981472.0,73190.4,35.96,39.85
CSV,945011,94500,32,31,0,16209,0,0.000000e+00,0.000000e+00,24442.0,313394752.0,73404.3,36.30,41.08
CSV,950011,95000,32,31,0,16309,0,0.000000e+00,0.000000e+00,25257.6,282979808.0,70283.3,36.05,40.49
BER: END_SEQ #32 [LOCK] seq_err=0 BER_seq=0.0000e+00 | lock=32 slip=0 BER_cond=0.0000e+00 BER_cum=0.0000e+00
CSV,955011,95500,32,32,0,16352,0,0.000000e+00,0.000000e+00,29088.5,334307328.0,78997.9,36.27,40.60
BER: SYNC #33 (gated)
CSV,960011,96000,33,32,0,16432,0,0.000000e+00,0.000000e+00,29753.1,315011264.0,75948.7,36.18,40.25
CSV,965011,96500,33,32,0,16532,0,0.000000e+00,0.000000e+00,30222.2,237588416.0,70726.2,35.26,38.95
CSV,970011,97000,33,32,0,16632,0,0.000000e+00,0.000000e+00,29613.9,270132000.0,69060.2,35.92,39.60
CSV,975011,97500,33,32,0,16731,0,0.000000e+00,0.000000e+00,26591.9,339564640.0,73974.2,36.62,41.06
CSV,980011,98000,33,32,0,16831,0,0.000000e+00,0.000000e+00,29586.8,290431072.0,73197.8,35.99,39.92
BER: END_SEQ #33 [LOCK] seq_err=0 BER_seq=0.0000e+00 | lock=33 slip=0 BER_cond=0.0000e+00 BER_cum=0.0000e+00
CSV,985011,98500,33,33,0,16863,0,0.000000e+00,0.000000e+00,24297.7,319666272.0,58939.1,37.34,41.19
BER: SYNC #34 (gated)
CSV,990011,99000,34,33,0,16954,0,0.000000e+00,0.000000e+00,15058.9,290345568.0,35617.0,39.11,42.85
CSV,995011,99500,34,33,0,17054,0,0.000000e+00,0.000000e+00,23867.4,250890160.0,70402.1,35.52,40.22
CSV,1000011,100000,34,33,0,17154,0,0.000000e+00,0.000000e+00,20476.9,305603968.0,58026.5,37.22,41.74
CSV,1005011,100500,34,33,0,17254,0,0.000000e+00,0.000000e+00,20023.2,307065376.0,42853.5,38.55,41.86
CSV,1010011,101000,34,33,0,17354,0,0.000000e+00,0.000000e+00,18833.7,300541920.0,52923.7,37.54,42.03
BER: END_SEQ #34 [LOCK] seq_err=0 BER_seq=0.0000e+00 | lock=34 slip=0 BER_cond=0.0000e+00 BER_cum=0.0000e+00
BER: SYNC #35 (gated)
CSV,1015011,101500,35,34,0,17377,0,0.000000e+00,0.000000e+00,15333.1,333020416.0,36108.2,39.65,43.37
CSV,1020011,102000,35,34,0,17477,0,0.000000e+00,0.000000e+00,23512.0,310250272.0,68096.7,36.59,41.20
CSV,1025011,102500,35,34,0,17577,0,0.000000e+00,0.000000e+00,27030.3,226032032.0,71632.6,34.99,39.22
CSV,1030011,103000,35,34,0,17677,0,0.000000e+00,0.000000e+00,27719.8,301569984.0,73775.6,36.11,40.37
CSV,1035011,103500,35,34,0,17777,0,0.000000e+00,0.000000e+00,31181.2,310394592.0,74935.5,36.17,39.98
CSV,1040011,104000,35,34,0,17877,0,0.000000e+00,0.000000e+00,30884.5,305788896.0,78192.0,35.92,39.96
BER: END_SEQ #35 [LOCK] seq_err=0 BER_seq=0.0000e+00 | lock=35 slip=0 BER_cond=0.0000e+00 BER_cum=0.0000e+00
BER: SYNC #36 (gated)
CSV,1045011,104500,36,35,0,17900,0,0.000000e+00,0.000000e+00,30929.3,329716768.0,72171.6,36.60,40.28
CSV,1050011,105000,36,35,0,18000,0,0.000000e+00,0.000000e+00,30368.8,275877632.0,75242.7,35.64,39.58
CSV,1055011,105500,36,35,0,18100,0,0.000000e+00,0.000000e+00,29176.2,250445200.0,73299.0,35.34,39.34
CSV,1060011,106000,36,35,0,18199,0,0.000000e+00,0.000000e+00,28182.7,298110816.0,75991.5,35.94,40.24
CSV,1065011,106500,36,35,0,18299,0,0.000000e+00,0.000000e+00,30563.5,306851776.0,82088.7,35.73,40.02
BER: END_SEQ #36 [LOCK] seq_err=0 BER_seq=0.0000e+00 | lock=36 slip=0 BER_cond=0.0000e+00 BER_cum=0.0000e+00
CSV,1070011,107000,36,36,0,18396,0,0.000000e+00,0.000000e+00,26994.3,315597856.0,71997.8,36.42,40.68
BER: SYNC #37 (gated)
CSV,1075011,107500,37,36,0,18423,0,0.000000e+00,0.000000e+00,28954.4,309647776.0,68648.7,36.54,40.29
CSV,1080011,108000,37,36,0,18522,0,0.000000e+00,0.000000e+00,28991.5,264516512.0,68105.8,35.89,39.60
CSV,1085011,108500,37,36,0,18622,0,0.000000e+00,0.000000e+00,32246.2,269518720.0,72953.6,35.68,39.22
CSV,1090011,109000,37,36,0,18722,0,0.000000e+00,0.000000e+00,31249.8,301875072.0,69262.6,36.39,39.85
CSV,1095011,109500,37,36,0,18822,0,0.000000e+00,0.000000e+00,24167.0,302950656.0,78850.1,35.85,40.98
BER: END_SEQ #37 [LOCK] seq_err=0 BER_seq=0.0000e+00 | lock=37 slip=0 BER_cond=0.0000e+00 BER_cum=0.0000e+00
CSV,1100011,110000,37,37,0,18907,0,0.000000e+00,0.000000e+00,27089.9,319982368.0,72512.1,36.45,40.72
BER: SYNC #38 (gated)
CSV,1105011,110500,38,37,0,18945,0,0.000000e+00,0.000000e+00,25377.3,293213984.0,76984.4,35.81,40.63
CSV,1110011,111000,38,37,0,19045,0,0.000000e+00,0.000000e+00,28963.6,251640448.0,77139.7,35.14,39.39
CSV,1115011,111500,38,37,0,19145,0,0.000000e+00,0.000000e+00,26973.3,301954336.0,75978.3,35.99,40.49
CSV,1120011,112000,38,37,0,19245,0,0.000000e+00,0.000000e+00,27693.4,297375232.0,71816.8,36.17,40.31
CSV,1125011,112500,38,37,0,19345,0,0.000000e+00,0.000000e+00,26356.4,311769824.0,75225.0,36.17,40.73
BER: END_SEQ #38 [LOCK] seq_err=0 BER_seq=0.0000e+00 | lock=38 slip=0 BER_cond=0.0000e+00 BER_cum=0.0000e+00
CSV,1130011,113000,38,38,0,19418,0,0.000000e+00,0.000000e+00,27745.5,303139584.0,76105.3,36.00,40.38
BER: SYNC #39 (gated)
CSV,1135011,113500,39,38,0,19468,0,0.000000e+00,0.000000e+00,28849.5,299072768.0,76001.0,35.95,40.16
CSV,1140011,114000,39,38,0,19568,0,0.000000e+00,0.000000e+00,24972.4,253154672.0,71389.2,35.50,40.06
CSV,1145011,114500,39,38,0,19668,0,0.000000e+00,0.000000e+00,27888.7,305556032.0,77989.8,35.93,40.40
CSV,1150011,115000,39,38,0,19768,0,0.000000e+00,0.000000e+00,25771.0,295646496.0,70844.9,36.20,40.60
CSV,1155011,115500,39,38,0,19868,0,0.000000e+00,0.000000e+00,24149.5,300658144.0,71143.3,36.26,40.95
BER: END_SEQ #39 [LOCK] seq_err=0 BER_seq=0.0000e+00 | lock=39 slip=0 BER_cond=0.0000e+00 BER_cum=0.0000e+00
CSV,1160011,116000,39,39,0,19929,0,0.000000e+00,0.000000e+00,25345.0,313336160.0,68090.6,36.63,40.92
BER: SYNC #40 (gated)
CSV,1165011,116500,40,39,0,19991,0,0.000000e+00,0.000000e+00,28349.3,311651424.0,66696.7,36.70,40.41
CSV,1170011,117000,40,39,0,20090,0,0.000000e+00,0.000000e+00,29286.5,235544592.0,70172.5,35.26,39.05
CSV,1175011,117500,40,39,0,20190,0,0.000000e+00,0.000000e+00,29376.3,288702784.0,71870.6,36.04,39.92
CSV,1180011,118000,40,39,0,20290,0,0.000000e+00,0.000000e+00,25210.6,319373024.0,64317.0,36.96,41.03
CSV,1185011,118500,40,39,0,20390,0,0.000000e+00,0.000000e+00,28593.5,293847968.0,71949.5,36.11,40.12
BER: END_SEQ #40 [LOCK] seq_err=0 BER_seq=0.0000e+00 | lock=40 slip=0 BER_cond=0.0000e+00 BER_cum=0.0000e+00
CSV,1190011,119000,40,40,0,20440,0,0.000000e+00,0.000000e+00,23598.4,316920032.0,79177.3,36.02,41.28
BER: SYNC #41 (gated)
CSV,1195011,119500,41,40,0,20513,0,0.000000e+00,0.000000e+00,27304.8,311294560.0,68465.0,36.58,40.57
CSV,1200011,120000,41,40,0,20613,0,0.000000e+00,0.000000e+00,32357.9,240533360.0,75113.9,35.05,38.71
CSV,1205011,120500,41,40,0,20713,0,0.000000e+00,0.000000e+00,30183.6,282454464.0,80813.9,35.43,39.71
CSV,1210011,121000,41,40,0,20813,0,0.000000e+00,0.000000e+00,26798.5,330494496.0,70587.3,36.70,40.91
CSV,1215011,121500,41,40,0,20913,0,0.000000e+00,0.000000e+00,25894.5,278497152.0,75131.1,35.69,40.32
BER: END_SEQ #41 [LOCK] seq_err=0 BER_seq=0.0000e+00 | lock=41 slip=0 BER_cond=0.0000e+00 BER_cum=0.0000e+00
CSV,1220011,122000,41,41,0,20951,0,0.000000e+00,0.000000e+00,26896.4,317920544.0,78638.0,36.07,40.73
BER: SYNC #42 (gated)
CSV,1225011,122500,42,41,0,21036,0,0.000000e+00,0.000000e+00,30312.9,309521664.0,84568.2,35.63,40.09
CSV,1230011,123000,42,41,0,21136,0,0.000000e+00,0.000000e+00,29812.1,247310576.0,79327.3,34.94,39.19
CSV,1235011,123500,42,41,0,21236,0,0.000000e+00,0.000000e+00,28331.7,284229792.0,82559.4,35.37,40.01
CSV,1240011,124000,42,41,0,21336,0,0.000000e+00,0.000000e+00,29035.1,313188064.0,85593.6,35.63,40.33
CSV,1245011,124500,42,41,0,21436,0,0.000000e+00,0.000000e+00,32855.4,303776800.0,76739.8,35.98,39.66
BER: END_SEQ #42 [LOCK] seq_err=0 BER_seq=0.0000e+00 | lock=42 slip=0 BER_cond=0.0000e+00 BER_cum=0.0000e+00
CSV,1250011,125000,42,42,0,21462,0,0.000000e+00,0.000000e+00,28360.9,320288288.0,71661.2,36.50,40.53
BER: SYNC #43 (gated)
CSV,1255011,125500,43,42,0,21559,0,0.000000e+00,0.000000e+00,24284.6,295424960.0,78122.0,35.78,40.85
CSV,1260011,126000,43,42,0,21659,0,0.000000e+00,0.000000e+00,26866.2,230522304.0,88733.5,34.15,39.34
CSV,1265011,126500,43,42,0,21759,0,0.000000e+00,0.000000e+00,31170.8,311576320.0,80805.7,35.86,40.00
CSV,1270011,127000,43,42,0,21859,0,0.000000e+00,0.000000e+00,35208.4,302164608.0,72516.6,36.20,39.34
CSV,1275011,127500,43,42,0,21959,0,0.000000e+00,0.000000e+00,29088.7,307463232.0,73187.8,36.23,40.24
BER: END_SEQ #43 [LOCK] seq_err=0 BER_seq=0.0000e+00 | lock=43 slip=0 BER_cond=0.0000e+00 BER_cum=0.0000e+00
BER: SYNC #44 (gated)
CSV,1280011,128000,44,43,0,21982,0,0.000000e+00,0.000000e+00,31927.3,314390624.0,77938.5,36.06,39.93
CSV,1285011,128500,44,43,0,22081,0,0.000000e+00,0.000000e+00,28973.6,305167264.0,80827.5,35.77,40.23
CSV,1290011,129000,44,43,0,22181,0,0.000000e+00,0.000000e+00,25159.6,244942608.0,74598.3,35.16,39.88
CSV,1295011,129500,44,43,0,22281,0,0.000000e+00,0.000000e+00,31893.9,288832576.0,77490.4,35.71,39.57
CSV,1300011,130000,44,43,0,22381,0,0.000000e+00,0.000000e+00,31251.7,310955968.0,83427.8,35.71,39.98
CSV,1305011,130500,44,43,0,22481,0,0.000000e+00,0.000000e+00,34226.7,317668608.0,77546.7,36.12,39.68
BER: END_SEQ #44 [LOCK] seq_err=0 BER_seq=0.0000e+00 | lock=44 slip=0 BER_cond=0.0000e+00 BER_cum=0.0000e+00
BER: SYNC #45 (gated)
CSV,1310011,131000,45,44,0,22504,0,0.000000e+00,0.000000e+00,28443.2,312860320.0,70564.9,36.47,40.41
CSV,1315011,131500,45,44,0,22604,0,0.000000e+00,0.000000e+00,28010.0,275618816.0,79340.5,35.41,39.93
CSV,1320011,132000,45,44,0,22704,0,0.000000e+00,0.000000e+00,33443.6,250102848.0,73892.2,35.30,38.74
CSV,1325011,132500,45,44,0,22804,0,0.000000e+00,0.000000e+00,32424.0,308594912.0,79867.2,35.87,39.79
CSV,1330011,133000,45,44,0,22904,0,0.000000e+00,0.000000e+00,29608.0,307055360.0,72326.3,36.28,40.16
BER: END_SEQ #45 [LOCK] seq_err=0 BER_seq=0.0000e+00 | lock=45 slip=0 BER_cond=0.0000e+00 BER_cum=0.0000e+00
CSV,1335011,133500,45,45,0,22995,0,0.000000e+00,0.000000e+00,29570.2,312385888.0,78830.8,35.98,40.24
BER: SYNC #46 (gated)
CSV,1340011,134000,46,45,0,23027,0,0.000000e+00,0.000000e+00,27406.2,300480896.0,79014.7,35.80,40.40
CSV,1345011,134500,46,45,0,23127,0,0.000000e+00,0.000000e+00,27617.1,257688288.0,77370.4,35.23,39.70
CSV,1350011,135000,46,45,0,23227,0,0.000000e+00,0.000000e+00,27869.1,301194560.0,81344.3,35.69,40.34
CSV,1355011,135500,46,45,0,23327,0,0.000000e+00,0.000000e+00,30524.1,295434304.0,78017.6,35.78,39.86
CSV,1360011,136000,46,45,0,23427,0,0.000000e+00,0.000000e+00,28069.1,282781824.0,82047.3,35.37,40.03
BER: END_SEQ #46 [LOCK] seq_err=0 BER_seq=0.0000e+00 | lock=46 slip=0 BER_cond=0.0000e+00 BER_cum=0.0000e+00
CSV,1365011,136500,46,46,0,23506,0,0.000000e+00,0.000000e+00,31128.5,321509536.0,84719.3,35.79,40.14
BER: SYNC #47 (gated)
CSV,1370011,137000,47,46,0,23550,0,0.000000e+00,0.000000e+00,31339.3,302733152.0,75263.3,36.04,39.85
CSV,1375011,137500,47,46,0,23649,0,0.000000e+00,0.000000e+00,30620.0,248603808.0,77720.3,35.05,39.10
CSV,1380011,138000,47,46,0,23749,0,0.000000e+00,0.000000e+00,27203.0,303839424.0,77707.9,35.92,40.48
CSV,1385011,138500,47,46,0,23849,0,0.000000e+00,0.000000e+00,35817.3,292961248.0,79478.5,35.67,39.13
CSV,1390011,139000,47,46,0,23949,0,0.000000e+00,0.000000e+00,34546.7,320622208.0,77510.9,36.17,39.68
BER: END_SEQ #47 [LOCK] seq_err=0 BER_seq=0.0000e+00 | lock=47 slip=0 BER_cond=0.0000e+00 BER_cum=0.0000e+00
CSV,1395011,139500,47,47,0,24017,0,0.000000e+00,0.000000e+00,35489.6,302336288.0,86924.8,35.41,39.30
BER: SYNC #48 (gated)
CSV,1400011,140000,48,47,0,24072,0,0.000000e+00,0.000000e+00,42031.7,293977184.0,93580.7,34.97,38.45
CSV,1405011,140500,48,47,0,24172,0,0.000000e+00,0.000000e+00,34319.0,246526432.0,87689.3,34.49,38.56
CSV,1410011,141000,48,47,0,24272,0,0.000000e+00,0.000000e+00,37764.2,306513120.0,81514.7,35.75,39.09
CSV,1415011,141500,48,47,0,24372,0,0.000000e+00,0.000000e+00,34326.6,320986720.0,90681.4,35.49,39.71
CSV,1420011,142000,48,47,0,24472,0,0.000000e+00,0.000000e+00,36951.2,278696832.0,81285.1,35.35,38.78
BER: END_SEQ #48 [LOCK] seq_err=0 BER_seq=0.0000e+00 | lock=48 slip=0 BER_cond=0.0000e+00 BER_cum=0.0000e+00
CSV,1425011,142500,48,48,0,24528,0,0.000000e+00,0.000000e+00,31074.5,319735360.0,74471.2,36.33,40.12
BER: SYNC #49 (gated)
CSV,1430011,143000,49,48,0,24595,0,0.000000e+00,0.000000e+00,42076.4,320141920.0,87059.9,35.66,38.81
CSV,1435011,143500,49,48,0,24695,0,0.000000e+00,0.000000e+00,30022.7,232377600.0,82214.6,34.51,38.89
CSV,1440011,144000,49,48,0,24795,0,0.000000e+00,0.000000e+00,33639.9,286348192.0,86565.8,35.20,39.30
CSV,1445011,144500,49,48,0,24895,0,0.000000e+00,0.000000e+00,26164.8,319242624.0,86982.6,35.65,40.86
CSV,1450011,145000,49,48,0,24995,0,0.000000e+00,0.000000e+00,27571.9,295516512.0,77274.3,35.83,40.30
BER: END_SEQ #49 [LOCK] seq_err=0 BER_seq=0.0000e+00 | lock=49 slip=0 BER_cond=0.0000e+00 BER_cum=0.0000e+00
CSV,1455011,145500,49,49,0,25039,0,0.000000e+00,0.000000e+00,31338.3,326013984.0,81592.4,36.02,40.17
BER: SYNC #50 (gated)
CSV,1460011,146000,50,49,0,25118,0,0.000000e+00,0.000000e+00,28480.7,312225248.0,87380.1,35.53,40.40
CSV,1465011,146500,50,49,0,25218,0,0.000000e+00,0.000000e+00,30554.0,242677664.0,93726.0,34.13,39.00
CSV,1470011,147000,50,49,0,25318,0,0.000000e+00,0.000000e+00,26497.0,279933632.0,64881.2,36.35,40.24
CSV,1475011,147500,50,49,0,25418,0,0.000000e+00,0.000000e+00,27898.4,341708768.0,78566.8,36.38,40.88
CSV,1480011,148000,50,49,0,25518,0,0.000000e+00,0.000000e+00,29871.7,283608896.0,88565.0,35.05,39.77
BER: END_SEQ #50 [LOCK] seq_err=0 BER_seq=0.0000e+00 | lock=50 slip=0 BER_cond=0.0000e+00 BER_cum=0.0000e+00
CSV,1485011,148500,50,50,0,25550,0,0.000000e+00,0.000000e+00,29903.3,320159136.0,71243.9,36.53,40.30
BER: SYNC #51 (gated)
CSV,1490011,149000,51,50,0,25640,0,0.000000e+00,0.000000e+00,31905.8,301996160.0,80485.5,35.74,39.76
CSV,1495011,149500,51,50,0,25740,0,0.000000e+00,0.000000e+00,33238.9,247935136.0,79366.0,34.95,38.73
CSV,1500011,150000,51,50,0,25840,0,0.000000e+00,0.000000e+00,29070.6,295087936.0,77686.2,35.80,40.06
CSV,1505011,150500,51,50,0,25940,0,0.000000e+00,0.000000e+00,27207.7,299128288.0,68783.4,36.38,40.41
CSV,1510011,151000,51,50,0,26040,0,0.000000e+00,0.000000e+00,24888.0,302008832.0,61261.3,36.93,40.84
BER: END_SEQ #51 [LOCK] seq_err=0 BER_seq=0.0000e+00 | lock=51 slip=0 BER_cond=0.0000e+00 BER_cum=0.0000e+00

=========================================
=== END OF TEST (duration=25 min) ===
=========================================
FINAL: syncs=51 lock=51 slip=0 slip_rate=0.0000
FINAL: bits_cum=26061 err_cum=0 BER_cum=0.0000e+00
FINAL: bits_lock=26061 err_lock=0 BER_cond=0.0000e+00
=========================================
=== STOP LOGGING NOW ===
=========================================
