

=== RX BOOT - BER TEST MODE ===
MOD=OOK (20 kHz carrier, adaptive threshold)
BPS_MODE=20 (HALF_SAMPLES=2000, 10000 samples/bit @ 200000 Hz)
Expect: 64-bit preamble + Barker13 (1F35h, gated by 8 preamble bits = 0x55) + 511-bit PRBS-9
Noise floor band: 5000 Hz; lock threshold: BER<0.10
Auto-stop: test will halt 25 min after the first sync.
RX: edge-tracking sync, center-3 voting
Starting decoder...

CSV,5011,500,0,0,0,0,0,0.000000e+00,0.000000e+00,302885.4,74968129536.0,314766.4,53.77,53.94
BER: SYNC #1 (gated)
CSV,10011,1000,1,0,0,76,0,0.000000e+00,0.000000e+00,274186.9,84339990528.0,198944.2,56.27,54.88
CSV,15011,1500,1,0,0,176,0,0.000000e+00,0.000000e+00,234091.2,65467674624.0,170329.1,55.85,54.47
CSV,20011,2000,1,0,0,276,0,0.000000e+00,0.000000e+00,247836.8,78119034880.0,182857.0,56.31,54.99
CSV,25011,2500,1,0,0,376,0,0.000000e+00,0.000000e+00,254031.0,90913267712.0,169573.3,57.29,55.54
CSV,30011,3000,1,0,0,476,0,0.000000e+00,0.000000e+00,227817.5,76719513600.0,160720.2,56.79,55.27
BER: END_SEQ #1 [LOCK] seq_err=0 BER_seq=0.0000e+00 | lock=1 slip=0 BER_cond=0.0000e+00 BER_cum=0.0000e+00
CSV,35011,3500,1,1,0,511,0,0.000000e+00,0.000000e+00,303738.1,86689947648.0,214397.9,56.07,54.55
BER: SYNC #2 (gated)
CSV,40011,4000,2,1,0,599,0,0.000000e+00,0.000000e+00,224731.8,85026373632.0,170880.8,56.97,55.78
CSV,45011,4500,2,1,0,699,0,0.000000e+00,0.000000e+00,207927.9,66871599104.0,164143.5,56.10,55.07
CSV,50011,5000,2,1,0,799,0,0.000000e+00,0.000000e+00,246361.0,80715472896.0,191160.4,56.26,55.15
CSV,55011,5500,2,1,0,899,0,0.000000e+00,0.000000e+00,260472.8,83438780416.0,185900.8,56.52,55.06
CSV,60011,6000,2,1,0,998,0,0.000000e+00,0.000000e+00,258552.2,84571807744.0,165680.7,57.08,55.15
BER: END_SEQ #2 [LOCK] seq_err=0 BER_seq=0.0000e+00 | lock=2 slip=0 BER_cond=0.0000e+00 BER_cum=0.0000e+00
CSV,65011,6500,2,2,0,1022,0,0.000000e+00,0.000000e+00,326261.2,90801561600.0,216346.7,56.23,54.45
BER: SYNC #3 (gated)
CSV,70011,7000,3,2,0,1121,0,0.000000e+00,0.000000e+00,244376.4,80772186112.0,178778.4,56.55,55.19
CSV,75011,7500,3,2,0,1221,0,0.000000e+00,0.000000e+00,241915.3,65241948160.0,158370.6,56.15,54.31
CSV,80011,8000,3,2,0,1321,0,0.000000e+00,0.000000e+00,240379.3,83489210368.0,176504.4,56.75,55.41
CSV,85011,8500,3,2,0,1421,0,0.000000e+00,0.000000e+00,252156.6,88639070208.0,188008.2,56.73,55.46
CSV,90011,9000,3,2,0,1521,0,0.000000e+00,0.000000e+00,224993.6,82824290304.0,172223.2,56.82,55.66
BER: END_SEQ #3 [LOCK] seq_err=0 BER_seq=0.0000e+00 | lock=3 slip=0 BER_cond=0.0000e+00 BER_cum=0.0000e+00
BER: SYNC #4 (gated)
CSV,95011,9500,4,3,0,1544,0,0.000000e+00,0.000000e+00,318246.0,88132100096.0,216684.4,56.09,54.42
CSV,100011,10000,4,3,0,1644,0,0.000000e+00,0.000000e+00,237260.4,83071582208.0,168340.6,56.93,55.44
CSV,105011,10500,4,3,0,1744,0,0.000000e+00,0.000000e+00,224489.8,69456723968.0,155156.1,56.51,54.91
CSV,110011,11000,4,3,0,1844,0,0.000000e+00,0.000000e+00,254789.8,79448080384.0,159000.2,56.99,54.94
CSV,115011,11500,4,3,0,1944,0,0.000000e+00,0.000000e+00,268921.0,89388187648.0,183772.3,56.87,55.22
BER: END_SEQ #4 [LOCK] seq_err=0 BER_seq=0.0000e+00 | lock=4 slip=0 BER_cond=0.0000e+00 BER_cum=0.0000e+00
CSV,120011,12000,4,4,0,2044,0,0.000000e+00,0.000000e+00,255700.8,88760459264.0,154955.6,57.58,55.40
BER: SYNC #5 (gated)
CSV,125011,12500,5,4,0,2067,0,0.000000e+00,0.000000e+00,318269.4,87476600832.0,209780.8,56.20,54.39
CSV,130011,13000,5,4,0,2167,0,0.000000e+00,0.000000e+00,262703.2,74454220800.0,176817.2,56.24,54.52
CSV,135011,13500,5,4,0,2267,0,0.000000e+00,0.000000e+00,245058.3,71684227072.0,184549.1,55.89,54.66
CSV,140011,14000,5,4,0,2367,0,0.000000e+00,0.000000e+00,249566.1,85801189376.0,212265.2,56.07,55.36
CSV,145011,14500,5,4,0,2467,0,0.000000e+00,0.000000e+00,267127.0,88016543744.0,209276.3,56.24,55.18
BER: END_SEQ #5 [LOCK] seq_err=0 BER_seq=0.0000e+00 | lock=5 slip=0 BER_cond=0.0000e+00 BER_cum=0.0000e+00
CSV,150011,15000,5,5,0,2555,0,0.000000e+00,0.000000e+00,234771.3,90108911616.0,200428.8,56.53,55.84
BER: SYNC #6 (gated)
CSV,155011,15500,6,5,0,2589,0,0.000000e+00,0.000000e+00,326217.3,82483773440.0,242003.1,55.33,54.03
CSV,160011,16000,6,5,0,2689,0,0.000000e+00,0.000000e+00,239041.0,75627855872.0,198152.0,55.82,55.00
CSV,165011,16500,6,5,0,2789,0,0.000000e+00,0.000000e+00,269065.5,84952113152.0,198650.6,56.31,54.99
CSV,170011,17000,6,5,0,2889,0,0.000000e+00,0.000000e+00,267245.4,83992248320.0,200457.1,56.22,54.97
CSV,175011,17500,6,5,0,2989,0,0.000000e+00,0.000000e+00,271077.8,83142754304.0,196119.5,56.27,54.87
BER: END_SEQ #6 [LOCK] seq_err=0 BER_seq=0.0000e+00 | lock=6 slip=0 BER_cond=0.0000e+00 BER_cum=0.0000e+00
CSV,180011,18000,6,6,0,3066,0,0.000000e+00,0.000000e+00,283438.0,91423817728.0,194888.6,56.71,55.09
BER: SYNC #7 (gated)
CSV,185011,18500,7,6,0,3112,0,0.000000e+00,0.000000e+00,294549.9,84932927488.0,236896.5,55.55,54.60
CSV,190011,19000,7,6,0,3212,0,0.000000e+00,0.000000e+00,240328.8,67826511872.0,175981.3,55.86,54.51
CSV,195011,19500,7,6,0,3312,0,0.000000e+00,0.000000e+00,261692.9,86548307968.0,205085.6,56.25,55.19
CSV,200011,20000,7,6,0,3412,0,0.000000e+00,0.000000e+00,231869.3,84447690752.0,161664.0,57.18,55.61
CSV,205011,20500,7,6,0,3512,0,0.000000e+00,0.000000e+00,264630.9,88042799104.0,178348.4,56.93,55.22
BER: END_SEQ #7 [LOCK] seq_err=0 BER_seq=0.0000e+00 | lock=7 slip=0 BER_cond=0.0000e+00 BER_cum=0.0000e+00
CSV,210011,21000,7,7,0,3577,0,0.000000e+00,0.000000e+00,280963.8,84670193664.0,202491.0,56.21,54.79
BER: SYNC #8 (gated)
CSV,215011,21500,8,7,0,3635,0,0.000000e+00,0.000000e+00,304943.2,85484617728.0,195075.0,56.42,54.48
CSV,220011,22000,8,7,0,3735,0,0.000000e+00,0.000000e+00,212278.4,68782284800.0,177332.4,55.89,55.11
CSV,225011,22500,8,7,0,3835,0,0.000000e+00,0.000000e+00,242860.0,82919366656.0,175983.8,56.73,55.33
CSV,230011,23000,8,7,0,3935,0,0.000000e+00,0.000000e+00,269299.5,89630801920.0,181818.3,56.93,55.22
CSV,235011,23500,8,7,0,4035,0,0.000000e+00,0.000000e+00,254547.2,79606038528.0,178906.3,56.48,54.95
BER: END_SEQ #8 [LOCK] seq_err=0 BER_seq=0.0000e+00 | lock=8 slip=0 BER_cond=0.0000e+00 BER_cum=0.0000e+00
CSV,240011,24000,8,8,0,4088,0,0.000000e+00,0.000000e+00,305309.6,92006449152.0,213767.7,56.34,54.79
BER: SYNC #9 (gated)
CSV,245011,24500,9,8,0,4157,0,0.000000e+00,0.000000e+00,255918.0,90594607104.0,172860.1,57.19,55.49
CSV,250011,25000,9,8,0,4258,0,0.000000e+00,0.000000e+00,244944.4,66821464064.0,179368.8,55.71,54.36
CSV,255011,25500,9,8,0,4358,0,0.000000e+00,0.000000e+00,268770.9,80257105920.0,172974.7,56.67,54.75
CSV,260011,26000,9,8,0,4457,0,0.000000e+00,0.000000e+00,258738.0,93295108096.0,195770.4,56.78,55.57
CSV,265011,26500,9,8,0,4557,0,0.000000e+00,0.000000e+00,257507.2,81400946688.0,193307.3,56.24,55.00
BER: END_SEQ #9 [LOCK] seq_err=0 BER_seq=0.0000e+00 | lock=9 slip=0 BER_cond=0.0000e+00 BER_cum=0.0000e+00
CSV,270011,27000,9,9,0,4599,0,0.000000e+00,0.000000e+00,330781.8,90767671296.0,244384.8,55.70,54.38
BER: SYNC #10 (gated)
CSV,275011,27500,10,9,0,4680,0,0.000000e+00,0.000000e+00,270678.3,87507501056.0,195058.8,56.52,55.10
CSV,280011,28000,10,9,0,4780,0,0.000000e+00,0.000000e+00,228658.5,71919140864.0,160850.0,56.50,54.98
CSV,285011,28500,10,9,0,4880,0,0.000000e+00,0.000000e+00,245130.4,77439451136.0,165311.5,56.71,55.00
CSV,290011,29000,10,9,0,4980,0,0.000000e+00,0.000000e+00,268371.7,93824802816.0,189264.3,56.95,55.44
CSV,295011,29500,10,9,0,5080,0,0.000000e+00,0.000000e+00,237024.5,79915114496.0,182201.2,56.42,55.28
BER: END_SEQ #10 [LOCK] seq_err=0 BER_seq=0.0000e+00 | lock=10 slip=0 BER_cond=0.0000e+00 BER_cum=0.0000e+00
CSV,300011,30000,10,10,0,5110,0,0.000000e+00,0.000000e+00,330080.7,93886078976.0,255206.1,55.66,54.54
BER: SYNC #11 (gated)
CSV,305011,30500,11,10,0,5203,0,0.000000e+00,0.000000e+00,243388.1,85507940352.0,180890.6,56.75,55.46
CSV,310011,31000,11,10,0,5303,0,0.000000e+00,0.000000e+00,257484.7,66580918272.0,193595.2,55.36,54.13
CSV,315011,31500,11,10,0,5403,0,0.000000e+00,0.000000e+00,266109.0,84394377216.0,203769.0,56.17,55.01
CSV,320011,32000,11,10,0,5503,0,0.000000e+00,0.000000e+00,283885.4,88976941056.0,198483.3,56.52,54.96
CSV,325011,32500,11,10,0,5603,0,0.000000e+00,0.000000e+00,266152.4,88725217280.0,198443.3,56.50,55.23
BER: END_SEQ #11 [LOCK] seq_err=0 BER_seq=0.0000e+00 | lock=11 slip=0 BER_cond=0.0000e+00 BER_cum=0.0000e+00
BER: SYNC #12 (gated)
CSV,330011,33000,12,11,0,5626,0,0.000000e+00,0.000000e+00,344673.3,89005244416.0,268933.5,55.20,54.12
CSV,335011,33500,12,11,0,5726,0,0.000000e+00,0.000000e+00,282760.2,89854935040.0,206827.3,56.38,55.02
CSV,340011,34000,12,11,0,5826,0,0.000000e+00,0.000000e+00,235876.6,64799547392.0,163626.3,55.98,54.39
CSV,345011,34500,12,11,0,5926,0,0.000000e+00,0.000000e+00,251651.9,88090845184.0,169536.1,57.16,55.44
CSV,350011,35000,12,11,0,6026,0,0.000000e+00,0.000000e+00,262551.8,86658293760.0,178048.1,56.87,55.19
CSV,355011,35500,12,11,0,6126,0,0.000000e+00,0.000000e+00,222854.8,85433974784.0,165523.0,57.13,55.84
BER: END_SEQ #12 [LOCK] seq_err=0 BER_seq=0.0000e+00 | lock=12 slip=0 BER_cond=0.0000e+00 BER_cum=0.0000e+00
BER: SYNC #13 (gated)
CSV,360011,36000,13,12,0,6148,0,0.000000e+00,0.000000e+00,339433.4,92496338944.0,231136.9,56.02,54.35
CSV,365011,36500,13,12,0,6248,0,0.000000e+00,0.000000e+00,233348.3,82591047680.0,197559.1,56.21,55.49
CSV,370011,37000,13,12,0,6348,0,0.000000e+00,0.000000e+00,230416.4,70485000192.0,174126.3,56.07,54.86
CSV,375011,37500,13,12,0,6448,0,0.000000e+00,0.000000e+00,261648.7,80798654464.0,183248.0,56.44,54.90
CSV,380011,38000,13,12,0,6548,0,0.000000e+00,0.000000e+00,241704.0,87140081664.0,169386.6,57.11,55.57
BER: END_SEQ #13 [LOCK] seq_err=0 BER_seq=0.0000e+00 | lock=13 slip=0 BER_cond=0.0000e+00 BER_cum=0.0000e+00
CSV,385011,38500,13,13,0,6643,0,0.000000e+00,0.000000e+00,278182.7,94139170816.0,176688.2,57.27,55.29
BER: SYNC #14 (gated)
CSV,390011,39000,14,13,0,6671,0,0.000000e+00,0.000000e+00,324407.7,86629122048.0,221299.1,55.93,54.27
CSV,395011,39500,14,13,0,6771,0,0.000000e+00,0.000000e+00,262494.9,72082472960.0,191876.0,55.75,54.39
CSV,400011,40000,14,13,0,6871,0,0.000000e+00,0.000000e+00,263353.6,80771522560.0,203400.5,55.99,54.87
CSV,405011,40500,14,13,0,6971,0,0.000000e+00,0.000000e+00,236463.4,88407498752.0,186717.6,56.75,55.73
CSV,410011,41000,14,13,0,7071,0,0.000000e+00,0.000000e+00,272611.2,84603486208.0,192046.7,56.44,54.92
BER: END_SEQ #14 [LOCK] seq_err=0 BER_seq=0.0000e+00 | lock=14 slip=0 BER_cond=0.0000e+00 BER_cum=0.0000e+00
CSV,415011,41500,14,14,0,7154,0,0.000000e+00,0.000000e+00,236472.8,88465645568.0,186942.7,56.75,55.73
BER: SYNC #15 (gated)
CSV,420011,42000,15,14,0,7194,0,0.000000e+00,0.000000e+00,316284.1,83272335360.0,222077.5,55.74,54.20
CSV,425011,42500,15,14,0,7294,0,0.000000e+00,0.000000e+00,244969.3,75766611968.0,166514.4,56.58,54.90
CSV,430011,43000,15,14,0,7394,0,0.000000e+00,0.000000e+00,253170.4,84134731776.0,180972.5,56.67,55.22
CSV,435011,43500,15,14,0,7494,0,0.000000e+00,0.000000e+00,242087.6,81812365312.0,169541.6,56.84,55.29
CSV,440011,44000,15,14,0,7594,0,0.000000e+00,0.000000e+00,281836.0,87707312128.0,191824.2,56.60,54.93
BER: END_SEQ #15 [LOCK] seq_err=0 BER_seq=0.0000e+00 | lock=15 slip=0 BER_cond=0.0000e+00 BER_cum=0.0000e+00
CSV,445011,44500,15,15,0,7665,0,0.000000e+00,0.000000e+00,292217.9,89772056576.0,191231.0,56.72,54.87
BER: SYNC #16 (gated)
CSV,450011,45000,16,15,0,7716,0,0.000000e+00,0.000000e+00,289100.4,84989329408.0,203471.2,56.21,54.68
CSV,455011,45500,16,15,0,7816,0,0.000000e+00,0.000000e+00,227707.8,68242853888.0,147698.3,56.65,54.77
CSV,460011,46000,16,15,0,7916,0,0.000000e+00,0.000000e+00,277801.3,87601938432.0,173500.6,57.03,54.99
CSV,465011,46500,16,15,0,8016,0,0.000000e+00,0.000000e+00,244145.5,87860625408.0,174762.0,57.01,55.56
CSV,470011,47000,16,15,0,8116,0,0.000000e+00,0.000000e+00,266122.6,83383230464.0,195025.4,56.31,54.96
BER: END_SEQ #16 [LOCK] seq_err=0 BER_seq=0.0000e+00 | lock=16 slip=0 BER_cond=0.0000e+00 BER_cum=0.0000e+00
CSV,475011,47500,16,16,0,8176,0,0.000000e+00,0.000000e+00,301573.5,88434384896.0,211038.9,56.22,54.67
BER: SYNC #17 (gated)
CSV,480011,48000,17,16,0,8239,0,0.000000e+00,0.000000e+00,280912.4,89504964608.0,199430.6,56.52,55.03
CSV,485011,48500,17,16,0,8339,0,0.000000e+00,0.000000e+00,227735.1,67290963968.0,174454.6,55.86,54.71
CSV,490011,49000,17,16,0,8439,0,0.000000e+00,0.000000e+00,260746.8,84520820736.0,191443.6,56.45,55.11
CSV,495011,49500,17,16,0,8539,0,0.000000e+00,0.000000e+00,273705.6,89263054848.0,192571.6,56.66,55.13
CSV,500011,50000,17,16,0,8639,0,0.000000e+00,0.000000e+00,258312.1,85168455680.0,215184.1,55.97,55.18
BER: END_SEQ #17 [LOCK] seq_err=0 BER_seq=0.0000e+00 | lock=17 slip=0 BER_cond=0.0000e+00 BER_cum=0.0000e+00
CSV,505011,50500,17,17,0,8687,0,0.000000e+00,0.000000e+00,300853.8,93566787584.0,208815.5,56.51,54.93
BER: SYNC #18 (gated)
CSV,510011,51000,18,17,0,8762,0,0.000000e+00,0.000000e+00,254637.3,89197961216.0,185419.3,56.82,55.44
CSV,515011,51500,18,17,0,8862,0,0.000000e+00,0.000000e+00,238056.2,66215837696.0,167040.5,55.98,54.44
CSV,520011,52000,18,17,0,8962,0,0.000000e+00,0.000000e+00,269742.1,80466558976.0,173224.1,56.67,54.75
CSV,525011,52500,18,17,0,9062,0,0.000000e+00,0.000000e+00,269558.9,97568636928.0,202470.0,56.83,55.59
CSV,530011,53000,18,17,0,9162,0,0.000000e+00,0.000000e+00,268221.1,80418816000.0,195716.3,56.14,54.77
BER: END_SEQ #18 [LOCK] seq_err=0 BER_seq=0.0000e+00 | lock=18 slip=0 BER_cond=0.0000e+00 BER_cum=0.0000e+00
CSV,535011,53500,18,18,0,9198,0,0.000000e+00,0.000000e+00,358765.7,89418506240.0,263768.1,55.30,53.97
BER: SYNC #19 (gated)
CSV,540011,54000,19,18,0,9285,0,0.000000e+00,0.000000e+00,274741.2,87203143680.0,190509.8,56.61,55.02
CSV,545011,54500,19,18,0,9385,0,0.000000e+00,0.000000e+00,243225.9,71883743232.0,182365.8,55.96,54.71
CSV,550011,55000,19,18,0,9485,0,0.000000e+00,0.000000e+00,260097.2,85372379136.0,196949.4,56.37,55.16
CSV,555011,55500,19,18,0,9584,0,0.000000e+00,0.000000e+00,262318.8,85986189312.0,195766.9,56.43,55.16
CSV,560011,56000,19,18,0,9684,0,0.000000e+00,0.000000e+00,263488.5,86408937472.0,197391.2,56.41,55.16
BER: END_SEQ #19 [LOCK] seq_err=0 BER_seq=0.0000e+00 | lock=19 slip=0 BER_cond=0.0000e+00 BER_cum=0.0000e+00
CSV,565011,56500,19,19,0,9709,0,0.000000e+00,0.000000e+00,314606.8,95984082944.0,232012.1,56.17,54.84
BER: SYNC #20 (gated)
CSV,570011,57000,20,19,0,9807,0,0.000000e+00,0.000000e+00,243836.9,85492473856.0,197792.9,56.36,55.45
CSV,575011,57500,20,19,0,9907,0,0.000000e+00,0.000000e+00,228466.8,65032355840.0,197431.4,55.18,54.54
CSV,580011,58000,20,19,0,10007,0,0.000000e+00,0.000000e+00,264004.9,85318270976.0,208605.9,56.12,55.09
CSV,585011,58500,20,19,0,10107,0,0.000000e+00,0.000000e+00,284909.8,91819040768.0,208950.7,56.43,55.08
CSV,590011,59000,20,19,0,10207,0,0.000000e+00,0.000000e+00,277369.9,88400576512.0,200986.7,56.43,55.03
BER: END_SEQ #20 [LOCK] seq_err=0 BER_seq=0.0000e+00 | lock=20 slip=0 BER_cond=0.0000e+00 BER_cum=0.0000e+00
BER: SYNC #21 (gated)
CSV,595011,59500,21,20,0,10230,0,0.000000e+00,0.000000e+00,323428.7,88278220800.0,251743.4,55.45,54.36
CSV,600011,60000,21,20,0,10330,0,0.000000e+00,0.000000e+00,250896.5,83919880192.0,213821.0,55.94,55.24
CSV,605011,60500,21,20,0,10430,0,0.000000e+00,0.000000e+00,252649.6,73517228032.0,198382.1,55.69,54.64
CSV,610011,61000,21,20,0,10530,0,0.000000e+00,0.000000e+00,240615.3,83007832064.0,187890.9,56.45,55.38
CSV,615011,61500,21,20,0,10630,0,0.000000e+00,0.000000e+00,270289.1,91114004480.0,189006.7,56.83,55.28
CSV,620011,62000,21,20,0,10730,0,0.000000e+00,0.000000e+00,241671.4,88869617664.0,183384.5,56.85,55.66
BER: END_SEQ #21 [LOCK] seq_err=0 BER_seq=0.0000e+00 | lock=21 slip=0 BER_cond=0.0000e+00 BER_cum=0.0000e+00
BER: SYNC #22 (gated)
CSV,625011,62500,22,21,0,10753,0,0.000000e+00,0.000000e+00,350481.8,91506843648.0,255622.2,55.54,54.17
CSV,630011,63000,22,21,0,10853,0,0.000000e+00,0.000000e+00,251784.2,78858633216.0,192132.0,56.13,54.96
CSV,635011,63500,22,21,0,10953,0,0.000000e+00,0.000000e+00,253413.1,72324726784.0,200684.1,55.57,54.55
CSV,640011,64000,22,21,0,11053,0,0.000000e+00,0.000000e+00,253944.8,85518254080.0,203455.0,56.24,55.27
CSV,645011,64500,22,21,0,11153,0,0.000000e+00,0.000000e+00,251710.5,89092759552.0,208374.8,56.31,55.49
BER: END_SEQ #22 [LOCK] seq_err=0 BER_seq=0.0000e+00 | lock=22 slip=0 BER_cond=0.0000e+00 BER_cum=0.0000e+00
CSV,650011,65000,22,22,0,11242,0,0.000000e+00,0.000000e+00,283743.9,93561708544.0,210299.5,56.48,55.18
BER: SYNC #23 (gated)
CSV,655011,65500,23,22,0,11275,0,0.000000e+00,0.000000e+00,323529.9,85026480128.0,243031.4,55.44,54.20
CSV,660011,66000,23,22,0,11375,0,0.000000e+00,0.000000e+00,251813.2,72707432448.0,175765.8,56.17,54.61
CSV,665011,66500,23,22,0,11475,0,0.000000e+00,0.000000e+00,263804.1,87073447936.0,197313.9,56.45,55.19
CSV,670011,67000,23,22,0,11575,0,0.000000e+00,0.000000e+00,265308.2,88042725376.0,187298.8,56.72,55.21
CSV,675011,67500,23,22,0,11675,0,0.000000e+00,0.000000e+00,270291.8,82855034880.0,203882.3,56.09,54.86
BER: END_SEQ #23 [LOCK] seq_err=0 BER_seq=0.0000e+00 | lock=23 slip=0 BER_cond=0.0000e+00 BER_cum=0.0000e+00
CSV,680011,68000,23,23,0,11753,0,0.000000e+00,0.000000e+00,282994.9,90689126400.0,209572.7,56.36,55.06
BER: SYNC #24 (gated)
CSV,685011,68500,24,23,0,11798,0,0.000000e+00,0.000000e+00,312049.9,87593238528.0,211842.2,56.16,54.48
CSV,690011,69000,24,23,0,11898,0,0.000000e+00,0.000000e+00,222296.2,72048394240.0,167224.0,56.34,55.11
CSV,695011,69500,24,23,0,11998,0,0.000000e+00,0.000000e+00,282181.7,87068909568.0,196763.1,56.46,54.89
CSV,700011,70000,24,23,0,12098,0,0.000000e+00,0.000000e+00,257233.1,84797972480.0,185560.5,56.60,55.18
CSV,705011,70500,24,23,0,12198,0,0.000000e+00,0.000000e+00,289102.2,89964208128.0,222835.7,56.06,54.93
BER: END_SEQ #24 [LOCK] seq_err=0 BER_seq=0.0000e+00 | lock=24 slip=0 BER_cond=0.0000e+00 BER_cum=0.0000e+00
CSV,710011,71000,24,24,0,12264,0,0.000000e+00,0.000000e+00,280697.5,89002590208.0,202419.1,56.43,55.01
BER: SYNC #25 (gated)
CSV,715011,71500,25,24,0,12321,0,0.000000e+00,0.000000e+00,282672.0,86232367104.0,212983.5,56.07,54.84
CSV,720011,72000,25,24,0,12421,0,0.000000e+00,0.000000e+00,236261.3,68341620736.0,188640.7,55.59,54.61
CSV,725011,72500,25,24,0,12521,0,0.000000e+00,0.000000e+00,265299.3,84875075584.0,174231.9,56.88,55.05
CSV,730011,73000,25,24,0,12621,0,0.000000e+00,0.000000e+00,257530.8,93960863744.0,219066.5,56.32,55.62
CSV,735011,73500,25,24,0,12721,0,0.000000e+00,0.000000e+00,283449.7,79398830080.0,198475.4,56.02,54.47
BER: END_SEQ #25 [LOCK] seq_err=0 BER_seq=0.0000e+00 | lock=25 slip=0 BER_cond=0.0000e+00 BER_cum=0.0000e+00
CSV,740011,74000,25,25,0,12775,0,0.000000e+00,0.000000e+00,331265.7,92135686144.0,236989.3,55.90,54.44
BER: SYNC #26 (gated)
CSV,745011,74500,26,25,0,12844,0,0.000000e+00,0.000000e+00,282862.6,91998617600.0,210441.1,56.41,55.12
CSV,750011,75000,26,25,0,12944,0,0.000000e+00,0.000000e+00,247582.6,68239253504.0,175186.5,55.91,54.40
CSV,755011,75500,26,25,0,13043,0,0.000000e+00,0.000000e+00,246807.1,81118306304.0,193219.5,56.23,55.17
CSV,760011,76000,26,25,0,13144,0,0.000000e+00,0.000000e+00,271094.4,91337031680.0,189876.2,56.82,55.28
CSV,765011,76500,26,25,0,13244,0,0.000000e+00,0.000000e+00,245880.2,83083329536.0,185152.4,56.52,55.29
BER: END_SEQ #26 [LOCK] seq_err=0 BER_seq=0.0000e+00 | lock=26 slip=0 BER_cond=0.0000e+00 BER_cum=0.0000e+00
CSV,770011,77000,26,26,0,13286,0,0.000000e+00,0.000000e+00,320056.2,95151054848.0,235701.0,56.06,54.73
BER: SYNC #27 (gated)
CSV,775011,77500,27,26,0,13366,0,0.000000e+00,0.000000e+00,246708.3,89303957504.0,192488.2,56.66,55.59
CSV,780011,78000,27,26,0,13466,0,0.000000e+00,0.000000e+00,221785.4,70704660480.0,180972.4,55.92,55.04
CSV,785011,78500,27,26,0,13566,0,0.000000e+00,0.000000e+00,262055.0,78844764160.0,205327.7,55.84,54.78
CSV,790011,79000,27,26,0,13666,0,0.000000e+00,0.000000e+00,303641.3,99509944320.0,217004.7,56.61,55.16
CSV,795011,79500,27,26,0,13766,0,0.000000e+00,0.000000e+00,266510.4,82807848960.0,194179.4,56.30,54.92
BER: END_SEQ #27 [LOCK] seq_err=0 BER_seq=0.0000e+00 | lock=27 slip=0 BER_cond=0.0000e+00 BER_cum=0.0000e+00
CSV,800011,80000,27,27,0,13797,0,0.000000e+00,0.000000e+00,340976.6,92207235072.0,247081.0,55.72,54.32
BER: SYNC #28 (gated)
CSV,805011,80500,28,27,0,13889,0,0.000000e+00,0.000000e+00,240584.0,84188200960.0,199218.1,56.26,55.44
CSV,810011,81000,28,27,0,13989,0,0.000000e+00,0.000000e+00,249582.9,71684243456.0,183857.6,55.91,54.58
CSV,815011,81500,28,27,0,14089,0,0.000000e+00,0.000000e+00,265800.6,85781823488.0,202357.0,56.27,55.09
CSV,820011,82000,28,27,0,14189,0,0.000000e+00,0.000000e+00,262231.7,87298465792.0,189924.1,56.62,55.22
CSV,825011,82500,28,27,0,14289,0,0.000000e+00,0.000000e+00,256351.6,88724463616.0,190640.0,56.68,55.39
BER: END_SEQ #28 [LOCK] seq_err=0 BER_seq=0.0000e+00 | lock=28 slip=0 BER_cond=0.0000e+00 BER_cum=0.0000e+00
BER: SYNC #29 (gated)
CSV,830011,83000,29,28,0,14312,0,0.000000e+00,0.000000e+00,349321.7,94690992128.0,261174.7,55.59,54.33
CSV,835011,83500,29,28,0,14412,0,0.000000e+00,0.000000e+00,273575.0,89861693440.0,196030.7,56.61,55.16
CSV,840011,84000,29,28,0,14512,0,0.000000e+00,0.000000e+00,225169.5,64231702528.0,188400.2,55.33,54.55
CSV,845011,84500,29,28,0,14612,0,0.000000e+00,0.000000e+00,259938.4,89297428480.0,210017.4,56.29,55.36
CSV,850011,85000,29,28,0,14711,0,0.000000e+00,0.000000e+00,269557.2,92272230400.0,207089.1,56.49,55.34
CSV,855011,85500,29,28,0,14812,0,0.000000e+00,0.000000e+00,244967.5,88652423168.0,199927.5,56.47,55.59
BER: END_SEQ #29 [LOCK] seq_err=0 BER_seq=0.0000e+00 | lock=29 slip=0 BER_cond=0.0000e+00 BER_cum=0.0000e+00
BER: SYNC #30 (gated)
CSV,860011,86000,30,29,0,14834,0,0.000000e+00,0.000000e+00,345862.2,94476312576.0,254083.5,55.70,54.36
CSV,865011,86500,30,29,0,14934,0,0.000000e+00,0.000000e+00,263785.0,82131951616.0,194400.5,56.26,54.93
CSV,870011,87000,30,29,0,15034,0,0.000000e+00,0.000000e+00,247205.9,76445081600.0,181998.0,56.23,54.90
CSV,875011,87500,30,29,0,15134,0,0.000000e+00,0.000000e+00,273128.9,83645587456.0,183912.4,56.58,54.86
CSV,880011,88000,30,29,0,15234,0,0.000000e+00,0.000000e+00,264517.6,89811779584.0,179352.6,57.00,55.31
BER: END_SEQ #30 [LOCK] seq_err=0 BER_seq=0.0000e+00 | lock=30 slip=0 BER_cond=0.0000e+00 BER_cum=0.0000e+00
CSV,885011,88500,30,30,0,15330,0,0.000000e+00,0.000000e+00,283973.0,95116943360.0,185541.0,57.10,55.25
BER: SYNC #31 (gated)
CSV,890011,89000,31,30,0,15357,0,0.000000e+00,0.000000e+00,365084.8,94830927872.0,260793.4,55.61,54.15
CSV,895011,89500,31,30,0,15457,0,0.000000e+00,0.000000e+00,264755.6,75043930112.0,174756.7,56.33,54.52
CSV,900011,90000,31,30,0,15557,0,0.000000e+00,0.000000e+00,271056.1,80002203648.0,198854.3,56.05,54.70
CSV,905011,90500,31,30,0,15657,0,0.000000e+00,0.000000e+00,248766.8,89622921216.0,192293.9,56.68,55.57
CSV,910011,91000,31,30,0,15757,0,0.000000e+00,0.000000e+00,272429.6,90964574208.0,206800.8,56.43,55.24
BER: END_SEQ #31 [LOCK] seq_err=0 BER_seq=0.0000e+00 | lock=31 slip=0 BER_cond=0.0000e+00 BER_cum=0.0000e+00
CSV,915011,91500,31,31,0,15841,0,0.000000e+00,0.000000e+00,249083.6,92931792896.0,213458.8,56.39,55.72
BER: SYNC #32 (gated)
CSV,920011,92000,32,31,0,15880,0,0.000000e+00,0.000000e+00,302581.1,85175951360.0,224214.5,55.80,54.49
CSV,925011,92500,32,31,0,15980,0,0.000000e+00,0.000000e+00,236429.8,76064727040.0,175382.6,56.37,55.07
CSV,930011,93000,32,31,0,16080,0,0.000000e+00,0.000000e+00,293663.0,91737792512.0,194585.0,56.73,54.95
CSV,935011,93500,32,31,0,16180,0,0.000000e+00,0.000000e+00,266923.1,84918362112.0,193394.9,56.43,55.03
CSV,940011,94000,32,31,0,16280,0,0.000000e+00,0.000000e+00,284726.0,90319503360.0,205038.1,56.44,55.01
BER: END_SEQ #32 [LOCK] seq_err=0 BER_seq=0.0000e+00 | lock=32 slip=0 BER_cond=0.0000e+00 BER_cum=0.0000e+00
CSV,945011,94500,32,32,0,16352,0,0.000000e+00,0.000000e+00,302033.3,93196345344.0,210149.1,56.47,54.89
BER: SYNC #33 (gated)
CSV,950011,95000,33,32,0,16403,0,0.000000e+00,0.000000e+00,320930.8,91707539456.0,219240.2,56.21,54.56
CSV,955011,95500,33,32,0,16502,0,0.000000e+00,0.000000e+00,248223.6,72722087936.0,172091.1,56.26,54.67
CSV,960011,96000,33,32,0,16603,0,0.000000e+00,0.000000e+00,299616.1,90643750912.0,201541.2,56.53,54.81
CSV,965011,96500,33,32,0,16703,0,0.000000e+00,0.000000e+00,257470.1,88964145152.0,217322.5,56.12,55.38
CSV,970011,97000,33,32,0,16802,0,0.000000e+00,0.000000e+00,271492.6,92042067968.0,209117.2,56.44,55.30
BER: END_SEQ #33 [LOCK] seq_err=0 BER_seq=0.0000e+00 | lock=33 slip=0 BER_cond=0.0000e+00 BER_cum=0.0000e+00
CSV,975011,97500,33,33,0,16863,0,0.000000e+00,0.000000e+00,318310.5,93841981440.0,231533.0,56.08,54.70
BER: SYNC #34 (gated)
CSV,980011,98000,34,33,0,16925,0,0.000000e+00,0.000000e+00,289922.9,91725299712.0,205966.0,56.49,55.00
CSV,985011,98500,34,33,0,17025,0,0.000000e+00,0.000000e+00,228999.5,69886271488.0,180747.8,55.87,54.85
CSV,990011,99000,34,33,0,17125,0,0.000000e+00,0.000000e+00,263925.2,90070269952.0,190905.3,56.74,55.33
CSV,995011,99500,34,33,0,17225,0,0.000000e+00,0.000000e+00,284470.8,95349366784.0,196513.4,56.86,55.25
CSV,1000011,100000,34,33,0,17325,0,0.000000e+00,0.000000e+00,267498.4,87156531200.0,217046.1,56.04,55.13
BER: END_SEQ #34 [LOCK] seq_err=0 BER_seq=0.0000e+00 | lock=34 slip=0 BER_cond=0.0000e+00 BER_cum=0.0000e+00
CSV,1005011,100500,34,34,0,17374,0,0.000000e+00,0.000000e+00,328380.8,95196381184.0,222688.9,56.31,54.62
BER: SYNC #35 (gated)
CSV,1010011,101000,35,34,0,17448,0,0.000000e+00,0.000000e+00,266131.2,96113713152.0,185515.6,57.14,55.58
CSV,1015011,101500,35,34,0,17548,0,0.000000e+00,0.000000e+00,261429.7,71546667008.0,189568.3,55.77,54.37
CSV,1020011,102000,35,34,0,17648,0,0.000000e+00,0.000000e+00,290349.0,83577389056.0,203230.2,56.14,54.59
CSV,1025011,102500,35,34,0,17748,0,0.000000e+00,0.000000e+00,278205.0,99789135872.0,212159.3,56.72,55.55
CSV,1030011,103000,35,34,0,17848,0,0.000000e+00,0.000000e+00,295174.1,87353229312.0,208369.0,56.22,54.71
BER: END_SEQ #35 [LOCK] seq_err=0 BER_seq=0.0000e+00 | lock=35 slip=0 BER_cond=0.0000e+00 BER_cum=0.0000e+00
CSV,1035011,103500,35,35,0,17885,0,0.000000e+00,0.000000e+00,357943.6,93934510080.0,267966.5,55.45,54.19
BER: SYNC #36 (gated)
CSV,1040011,104000,36,35,0,17971,0,0.000000e+00,0.000000e+00,285966.9,90389528576.0,201055.6,56.53,55.00
CSV,1045011,104500,36,35,0,18071,0,0.000000e+00,0.000000e+00,248519.3,74587865088.0,176877.6,56.25,54.77
CSV,1050011,105000,36,35,0,18171,0,0.000000e+00,0.000000e+00,277310.5,89977585664.0,196791.8,56.60,55.11
CSV,1055011,105500,36,35,0,18270,0,0.000000e+00,0.000000e+00,277410.4,93865492480.0,199899.3,56.72,55.29
CSV,1060011,106000,36,35,0,18371,0,0.000000e+00,0.000000e+00,258869.5,90095149056.0,197769.7,56.59,55.42
BER: END_SEQ #36 [LOCK] seq_err=0 BER_seq=0.0000e+00 | lock=36 slip=0 BER_cond=0.0000e+00 BER_cum=0.0000e+00
CSV,1065011,106500,36,36,0,18396,0,0.000000e+00,0.000000e+00,325605.5,96354058240.0,235183.7,56.12,54.71
BER: SYNC #37 (gated)
CSV,1070011,107000,37,36,0,18493,0,0.000000e+00,0.000000e+00,248609.2,90253099008.0,194338.1,56.67,55.60
CSV,1075011,107500,37,36,0,18593,0,0.000000e+00,0.000000e+00,242110.8,70380511232.0,200115.9,55.46,54.63
CSV,1080011,108000,37,36,0,18693,0,0.000000e+00,0.000000e+00,279556.4,90144923648.0,223873.3,56.05,55.08
CSV,1085011,108500,37,36,0,18793,0,0.000000e+00,0.000000e+00,298650.6,91502428160.0,217099.4,56.25,54.86
CSV,1090011,109000,37,36,0,18893,0,0.000000e+00,0.000000e+00,269358.0,95341887488.0,209314.9,56.58,55.49
BER: END_SEQ #37 [LOCK] seq_err=0 BER_seq=0.0000e+00 | lock=37 slip=0 BER_cond=0.0000e+00 BER_cum=0.0000e+00
BER: SYNC #38 (gated)
CSV,1095011,109500,38,37,0,18916,0,0.000000e+00,0.000000e+00,343852.5,95497502720.0,267333.0,55.53,54.44
CSV,1100011,110000,38,37,0,19016,0,0.000000e+00,0.000000e+00,269996.7,88418492416.0,215974.8,56.12,55.15
CSV,1105011,110500,38,37,0,19116,0,0.000000e+00,0.000000e+00,254598.7,73386221568.0,190876.9,55.85,54.60
CSV,1110011,111000,38,37,0,19216,0,0.000000e+00,0.000000e+00,269093.9,88324308992.0,204632.7,56.35,55.16
CSV,1115011,111500,38,37,0,19316,0,0.000000e+00,0.000000e+00,289185.2,96415711232.0,216288.6,56.49,55.23
CSV,1120011,112000,38,37,0,19416,0,0.000000e+00,0.000000e+00,259310.1,92747866112.0,175006.5,57.24,55.53
BER: END_SEQ #38 [LOCK] seq_err=0 BER_seq=0.0000e+00 | lock=38 slip=0 BER_cond=0.0000e+00 BER_cum=0.0000e+00
BER: SYNC #39 (gated)
CSV,1125011,112500,39,38,0,19439,0,0.000000e+00,0.000000e+00,360315.1,91876376576.0,271473.4,55.29,54.07
CSV,1130011,113000,39,38,0,19539,0,0.000000e+00,0.000000e+00,264149.8,85255995392.0,219024.0,55.90,55.09
CSV,1135011,113500,39,38,0,19639,0,0.000000e+00,0.000000e+00,268648.1,76468207616.0,203513.5,55.75,54.54
CSV,1140011,114000,39,38,0,19739,0,0.000000e+00,0.000000e+00,267330.6,90264059904.0,203075.5,56.48,55.28
CSV,1145011,114500,39,38,0,19839,0,0.000000e+00,0.000000e+00,273068.5,90847780864.0,204930.0,56.47,55.22
BER: END_SEQ #39 [LOCK] seq_err=0 BER_seq=0.0000e+00 | lock=39 slip=0 BER_cond=0.0000e+00 BER_cum=0.0000e+00
CSV,1150011,115000,39,39,0,19929,0,0.000000e+00,0.000000e+00,261835.1,98797101056.0,213959.1,56.64,55.77
BER: SYNC #40 (gated)
CSV,1155011,115500,40,39,0,19961,0,0.000000e+00,0.000000e+00,319770.8,93283647488.0,250623.1,55.71,54.65
CSV,1160011,116000,40,39,0,20061,0,0.000000e+00,0.000000e+00,240421.1,76797984768.0,192057.6,56.02,55.04
CSV,1165011,116500,40,39,0,20161,0,0.000000e+00,0.000000e+00,276674.6,89542926336.0,224158.1,56.01,55.10
CSV,1170011,117000,40,39,0,20261,0,0.000000e+00,0.000000e+00,277648.4,90804658176.0,178646.0,57.06,55.15
CSV,1175011,117500,40,39,0,20361,0,0.000000e+00,0.000000e+00,265931.1,88779431936.0,185326.9,56.80,55.24
BER: END_SEQ #40 [LOCK] seq_err=0 BER_seq=0.0000e+00 | lock=40 slip=0 BER_cond=0.0000e+00 BER_cum=0.0000e+00
CSV,1180011,118000,40,40,0,20440,0,0.000000e+00,0.000000e+00,313494.4,95993643008.0,213043.0,56.54,54.86
BER: SYNC #41 (gated)
CSV,1185011,118500,41,40,0,20484,0,0.000000e+00,0.000000e+00,315378.7,87072022528.0,226509.3,55.85,54.41
CSV,1190011,119000,41,40,0,20584,0,0.000000e+00,0.000000e+00,261541.3,76566052864.0,193741.5,55.97,54.66
CSV,1195011,119500,41,40,0,20684,0,0.000000e+00,0.000000e+00,292812.2,94602813440.0,212192.8,56.49,55.09
CSV,1200011,120000,41,40,0,20784,0,0.000000e+00,0.000000e+00,252347.5,88792932352.0,183980.3,56.84,55.46
CSV,1205011,120500,41,40,0,20884,0,0.000000e+00,0.000000e+00,289997.7,93484097536.0,213928.9,56.40,55.08
BER: END_SEQ #41 [LOCK] seq_err=0 BER_seq=0.0000e+00 | lock=41 slip=0 BER_cond=0.0000e+00 BER_cum=0.0000e+00
CSV,1210011,121000,41,41,0,20951,0,0.000000e+00,0.000000e+00,302299.2,93981188096.0,234114.2,56.04,54.93
BER: SYNC #42 (gated)
CSV,1215011,121500,42,41,0,21007,0,0.000000e+00,0.000000e+00,335991.7,93851762688.0,230377.6,56.10,54.46
CSV,1220011,122000,42,41,0,21107,0,0.000000e+00,0.000000e+00,244876.4,73247916032.0,194598.7,55.76,54.76
CSV,1225011,122500,42,41,0,21207,0,0.000000e+00,0.000000e+00,269946.4,88982716416.0,213006.5,56.21,55.18
CSV,1230011,123000,42,41,0,21307,0,0.000000e+00,0.000000e+00,286274.9,98880266240.0,216651.3,56.59,55.38
CSV,1235011,123500,42,41,0,21407,0,0.000000e+00,0.000000e+00,279932.6,87111974912.0,205720.1,56.27,54.93
BER: END_SEQ #42 [LOCK] seq_err=0 BER_seq=0.0000e+00 | lock=42 slip=0 BER_cond=0.0000e+00 BER_cum=0.0000e+00
CSV,1240011,124000,42,42,0,21462,0,0.000000e+00,0.000000e+00,326344.3,96122118144.0,242619.1,55.98,54.69
BER: SYNC #43 (gated)
CSV,1245011,124500,43,42,0,21530,0,0.000000e+00,0.000000e+00,270019.0,94482186240.0,208695.5,56.56,55.44
CSV,1250011,125000,43,42,0,21630,0,0.000000e+00,0.000000e+00,268358.8,70952894464.0,189133.2,55.74,54.22
CSV,1255011,125500,43,42,0,21730,0,0.000000e+00,0.000000e+00,299827.2,91217002496.0,190852.2,56.79,54.83
CSV,1260011,126000,43,42,0,21829,0,0.000000e+00,0.000000e+00,278284.5,96016621568.0,202219.4,56.77,55.38
CSV,1265011,126500,43,42,0,21929,0,0.000000e+00,0.000000e+00,302215.8,85979709440.0,204727.0,56.23,54.54
BER: END_SEQ #43 [LOCK] seq_err=0 BER_seq=0.0000e+00 | lock=43 slip=0 BER_cond=0.0000e+00 BER_cum=0.0000e+00
CSV,1270011,127000,43,43,0,21973,0,0.000000e+00,0.000000e+00,371537.1,99811295232.0,269741.8,55.68,54.29
BER: SYNC #44 (gated)
CSV,1275011,127500,44,43,0,22052,0,0.000000e+00,0.000000e+00,296974.0,98356281344.0,211097.0,56.68,55.20
CSV,1280011,128000,44,43,0,22152,0,0.000000e+00,0.000000e+00,259952.5,73935454208.0,193166.9,55.83,54.54
CSV,1285011,128500,44,43,0,22252,0,0.000000e+00,0.000000e+00,261879.5,82413879296.0,208253.0,55.97,54.98
CSV,1290011,129000,44,43,0,22352,0,0.000000e+00,0.000000e+00,289191.6,103360618496.0,205786.4,57.01,55.53
CSV,1295011,129500,44,43,0,22452,0,0.000000e+00,0.000000e+00,269251.8,90792755200.0,213831.8,56.28,55.28
BER: END_SEQ #44 [LOCK] seq_err=0 BER_seq=0.0000e+00 | lock=44 slip=0 BER_cond=0.0000e+00 BER_cum=0.0000e+00
CSV,1300011,130000,44,44,0,22484,0,0.000000e+00,0.000000e+00,346308.4,98064441344.0,252778.7,55.89,54.52
BER: SYNC #45 (gated)
CSV,1305011,130500,45,44,0,22575,0,0.000000e+00,0.000000e+00,256785.4,86932725760.0,188890.5,56.63,55.30
CSV,1310011,131000,45,44,0,22675,0,0.000000e+00,0.000000e+00,250929.8,74334609408.0,190093.8,55.92,54.72
CSV,1315011,131500,45,44,0,22775,0,0.000000e+00,0.000000e+00,267019.5,93117595648.0,192928.4,56.84,55.42
CSV,1320011,132000,45,44,0,22875,0,0.000000e+00,0.000000e+00,305560.0,92036702208.0,223393.1,56.15,54.79
CSV,1325011,132500,45,44,0,22975,0,0.000000e+00,0.000000e+00,291368.0,89892454400.0,197544.1,56.58,54.89
BER: END_SEQ #45 [LOCK] seq_err=0 BER_seq=0.0000e+00 | lock=45 slip=0 BER_cond=0.0000e+00 BER_cum=0.0000e+00
BER: SYNC #46 (gated)
CSV,1330011,133000,46,45,0,22998,0,0.000000e+00,0.000000e+00,371875.0,98080145408.0,260665.1,55.75,54.21
CSV,1335011,133500,46,45,0,23098,0,0.000000e+00,0.000000e+00,276616.6,94946181120.0,188263.5,57.03,55.36
CSV,1340011,134000,46,45,0,23198,0,0.000000e+00,0.000000e+00,253496.2,68917125120.0,156922.4,56.43,54.34
CSV,1345011,134500,46,45,0,23298,0,0.000000e+00,0.000000e+00,267117.8,90291740672.0,173022.9,57.18,55.29
CSV,1350011,135000,46,45,0,23398,0,0.000000e+00,0.000000e+00,284778.0,93280731136.0,191888.9,56.87,55.15
CSV,1355011,135500,46,45,0,23498,0,0.000000e+00,0.000000e+00,255417.9,92202254336.0,163010.9,57.53,55.57
BER: END_SEQ #46 [LOCK] seq_err=0 BER_seq=0.0000e+00 | lock=46 slip=0 BER_cond=0.0000e+00 BER_cum=0.0000e+00
BER: SYNC #47 (gated)
CSV,1360011,136000,47,46,0,23521,0,0.000000e+00,0.000000e+00,344995.2,100785987584.0,226113.4,56.49,54.66
CSV,1365011,136500,47,46,0,23620,0,0.000000e+00,0.000000e+00,273301.4,83994468352.0,197006.8,56.30,54.88
CSV,1370011,137000,47,46,0,23720,0,0.000000e+00,0.000000e+00,258237.3,76467544064.0,187488.4,56.11,54.71
CSV,1375011,137500,47,46,0,23820,0,0.000000e+00,0.000000e+00,287643.8,91489148928.0,202681.7,56.55,55.03
CSV,1380011,138000,47,46,0,23920,0,0.000000e+00,0.000000e+00,283317.0,94648721408.0,212987.0,56.48,55.24
BER: END_SEQ #47 [LOCK] seq_err=0 BER_seq=0.0000e+00 | lock=47 slip=0 BER_cond=0.0000e+00 BER_cum=0.0000e+00
CSV,1385011,138500,47,47,0,24017,0,0.000000e+00,0.000000e+00,250471.2,96798605312.0,193040.3,57.00,55.87
BER: SYNC #48 (gated)
CSV,1390011,139000,48,47,0,24043,0,0.000000e+00,0.000000e+00,356146.3,94395015168.0,262608.0,55.56,54.23
CSV,1395011,139500,48,47,0,24143,0,0.000000e+00,0.000000e+00,243759.3,81085620224.0,178429.9,56.57,55.22
CSV,1400011,140000,48,47,0,24243,0,0.000000e+00,0.000000e+00,273314.8,82374180864.0,197368.3,56.21,54.79
CSV,1405011,140500,48,47,0,24343,0,0.000000e+00,0.000000e+00,276654.9,91056824320.0,187617.2,56.86,55.17
CSV,1410011,141000,48,47,0,24443,0,0.000000e+00,0.000000e+00,278009.1,91443896320.0,191613.5,56.79,55.17
BER: END_SEQ #48 [LOCK] seq_err=0 BER_seq=0.0000e+00 | lock=48 slip=0 BER_cond=0.0000e+00 BER_cum=0.0000e+00
CSV,1415011,141500,48,48,0,24528,0,0.000000e+00,0.000000e+00,309491.1,97360322560.0,189319.3,57.11,54.98
BER: SYNC #49 (gated)
CSV,1420011,142000,49,48,0,24566,0,0.000000e+00,0.000000e+00,305642.4,89352822784.0,205446.0,56.38,54.66
CSV,1425011,142500,49,48,0,24666,0,0.000000e+00,0.000000e+00,252327.7,76196823040.0,163016.9,56.70,54.80
CSV,1430011,143000,49,48,0,24766,0,0.000000e+00,0.000000e+00,282761.3,91343667200.0,181990.8,57.01,55.09
CSV,1435011,143500,49,48,0,24866,0,0.000000e+00,0.000000e+00,253524.9,90157654016.0,189192.7,56.78,55.51
CSV,1440011,144000,49,48,0,24966,0,0.000000e+00,0.000000e+00,284617.9,94141374464.0,214932.2,56.41,55.20
BER: END_SEQ #49 [LOCK] seq_err=0 BER_seq=0.0000e+00 | lock=49 slip=0 BER_cond=0.0000e+00 BER_cum=0.0000e+00
CSV,1445011,144500,49,49,0,25039,0,0.000000e+00,0.000000e+00,290536.5,92071239680.0,205468.0,56.51,55.01
BER: SYNC #50 (gated)
CSV,1450011,145000,50,49,0,25089,0,0.000000e+00,0.000000e+00,331814.4,90552311808.0,215949.9,56.23,54.36
CSV,1455011,145500,50,49,0,25189,0,0.000000e+00,0.000000e+00,224000.5,77795319808.0,149301.4,57.17,55.41
CSV,1460011,146000,50,49,0,25289,0,0.000000e+00,0.000000e+00,283806.7,92402597888.0,183344.0,57.02,55.13
CSV,1465011,146500,50,49,0,25388,0,0.000000e+00,0.000000e+00,257840.1,89547636736.0,169042.4,57.24,55.41
CSV,1470011,147000,50,49,0,25489,0,0.000000e+00,0.000000e+00,268689.7,91046780928.0,197834.5,56.63,55.30
BER: END_SEQ #50 [LOCK] seq_err=0 BER_seq=0.0000e+00 | lock=50 slip=0 BER_cond=0.0000e+00 BER_cum=0.0000e+00
CSV,1475011,147500,50,50,0,25550,0,0.000000e+00,0.000000e+00,278361.0,96372768768.0,182825.2,57.22,55.39
BER: SYNC #51 (gated)
CSV,1480011,148000,51,50,0,25611,0,0.000000e+00,0.000000e+00,282084.5,94442192896.0,190429.6,56.95,55.25
CSV,1485011,148500,51,50,0,25711,0,0.000000e+00,0.000000e+00,249973.9,71586824192.0,178366.5,56.04,54.57
CSV,1490011,149000,51,50,0,25811,0,0.000000e+00,0.000000e+00,271970.4,88021680128.0,168000.8,57.19,55.10
CSV,1495011,149500,51,50,0,25911,0,0.000000e+00,0.000000e+00,272630.3,97130250240.0,190112.6,57.08,55.52
CSV,1500011,150000,51,50,0,26011,0,0.000000e+00,0.000000e+00,304727.7,89123536896.0,204106.8,56.40,54.66
BER: END_SEQ #51 [LOCK] seq_err=0 BER_seq=0.0000e+00 | lock=51 slip=0 BER_cond=0.0000e+00 BER_cum=0.0000e+00
CSV,1505011,150500,51,51,0,26061,0,0.000000e+00,0.000000e+00,335477.1,95955812352.0,234119.8,56.13,54.56

=========================================
=== END OF TEST (duration=25 min) ===
=========================================
FINAL: syncs=51 lock=51 slip=0 slip_rate=0.0000
FINAL: bits_cum=26061 err_cum=0 BER_cum=0.0000e+00
FINAL: bits_lock=26061 err_lock=0 BER_cond=0.0000e+00
=========================================
=== STOP LOGGING NOW ===
=========================================
