

=== RX BOOT - BER TEST MODE ===
MOD=OOK (20 kHz carrier, adaptive threshold)
BPS_MODE=20 (HALF_SAMPLES=2000, 10000 samples/bit @ 200000 Hz)
Expect: 64-bit preamble + Barker13 (1F35h, gated by 8 preamble bits = 0x55) + 511-bit PRBS-9
Noise floor band: 5000 Hz; lock threshold: BER<0.10
Auto-stop: test will halt 25 min after the first sync.
RX: edge-tracking sync, center-3 voting
Starting decoder...

CSV,5011,500,0,0,0,0,0,0.000000e+00,0.000000e+00,534564.4,167902085120.0,363535.2,56.65,54.97
BER: SYNC #1 (gated)
CSV,10011,1000,1,0,0,81,0,0.000000e+00,0.000000e+00,488447.0,183440506880.0,313074.7,57.68,55.75
CSV,15011,1500,1,0,0,181,0,0.000000e+00,0.000000e+00,432820.0,144125739008.0,279737.6,57.12,55.22
CSV,20011,2000,1,0,0,281,0,0.000000e+00,0.000000e+00,489801.8,153073795072.0,327635.4,56.70,54.95
CSV,25011,2500,1,0,0,381,0,0.000000e+00,0.000000e+00,516418.8,193658732544.0,297230.0,58.14,55.74
CSV,30011,3000,1,0,0,481,0,0.000000e+00,0.000000e+00,483292.6,168455028736.0,287172.9,57.68,55.42
BER: END_SEQ #1 [LOCK] seq_err=0 BER_seq=0.0000e+00 | lock=1 slip=0 BER_cond=0.0000e+00 BER_cum=0.0000e+00
CSV,35011,3500,1,1,0,511,0,0.000000e+00,0.000000e+00,613391.8,184845058048.0,369011.8,57.00,54.79
BER: SYNC #2 (gated)
CSV,40011,4000,2,1,0,604,0,0.000000e+00,0.000000e+00,403678.2,166727155712.0,293773.9,57.54,56.16
CSV,45011,4500,2,1,0,704,0,0.000000e+00,0.000000e+00,427924.1,134657581056.0,289517.8,56.68,54.98
CSV,50011,5000,2,1,0,804,0,0.000000e+00,0.000000e+00,467319.8,175027453952.0,273420.1,58.06,55.73
CSV,55011,5500,2,1,0,904,0,0.000000e+00,0.000000e+00,499771.0,177467015168.0,310474.3,57.57,55.50
CSV,60011,6000,2,1,0,1004,0,0.000000e+00,0.000000e+00,435871.1,172196626432.0,299800.7,57.59,55.97
BER: END_SEQ #2 [LOCK] seq_err=0 BER_seq=0.0000e+00 | lock=2 slip=0 BER_cond=0.0000e+00 BER_cum=0.0000e+00
BER: SYNC #3 (gated)
CSV,65011,6500,3,2,0,1027,0,0.000000e+00,0.000000e+00,580656.2,177050730496.0,375403.7,56.74,54.84
CSV,70011,7000,3,2,0,1127,0,0.000000e+00,0.000000e+00,504417.9,185522585600.0,289228.0,58.07,55.66
CSV,75011,7500,3,2,0,1227,0,0.000000e+00,0.000000e+00,406057.0,129650319360.0,269057.8,56.83,55.04
CSV,80011,8000,3,2,0,1327,0,0.000000e+00,0.000000e+00,442162.8,172438372352.0,302956.3,57.55,55.91
CSV,85011,8500,3,2,0,1427,0,0.000000e+00,0.000000e+00,489955.0,175807889408.0,314434.9,57.48,55.55
CSV,90011,9000,3,2,0,1526,0,0.000000e+00,0.000000e+00,474460.6,178261508096.0,273430.4,58.14,55.75
BER: END_SEQ #3 [LOCK] seq_err=0 BER_seq=0.0000e+00 | lock=3 slip=0 BER_cond=0.0000e+00 BER_cum=0.0000e+00
BER: SYNC #4 (gated)
CSV,95011,9500,4,3,0,1549,0,0.000000e+00,0.000000e+00,605888.5,188655583232.0,365449.4,57.13,54.93
CSV,100011,10000,4,3,0,1649,0,0.000000e+00,0.000000e+00,507302.4,160785104896.0,298609.7,57.31,55.01
CSV,105011,10500,4,3,0,1749,0,0.000000e+00,0.000000e+00,433121.7,143256436736.0,282632.8,57.05,55.20
CSV,110011,11000,4,3,0,1849,0,0.000000e+00,0.000000e+00,487395.0,169902899200.0,292468.6,57.64,55.42
CSV,115011,11500,4,3,0,1949,0,0.000000e+00,0.000000e+00,465200.1,177643945984.0,296985.0,57.77,55.82
BER: END_SEQ #4 [LOCK] seq_err=0 BER_seq=0.0000e+00 | lock=4 slip=0 BER_cond=0.0000e+00 BER_cum=0.0000e+00
CSV,120011,12000,4,4,0,2044,0,0.000000e+00,0.000000e+00,494782.7,185382305792.0,274329.8,58.30,55.74
BER: SYNC #5 (gated)
CSV,125011,12500,5,4,0,2072,0,0.000000e+00,0.000000e+00,589733.4,174417821696.0,386992.2,56.54,54.71
CSV,130011,13000,5,4,0,2172,0,0.000000e+00,0.000000e+00,393813.5,150490955776.0,290809.3,57.14,55.82
CSV,135011,13500,5,4,0,2272,0,0.000000e+00,0.000000e+00,490412.7,163855581184.0,332275.6,56.93,55.24
CSV,140011,14000,5,4,0,2372,0,0.000000e+00,0.000000e+00,466919.0,172253954048.0,289960.8,57.74,55.67
CSV,145011,14500,5,4,0,2472,0,0.000000e+00,0.000000e+00,481871.2,168481243136.0,296331.5,57.55,55.44
BER: END_SEQ #5 [LOCK] seq_err=0 BER_seq=0.0000e+00 | lock=5 slip=0 BER_cond=0.0000e+00 BER_cum=0.0000e+00
CSV,150011,15000,5,5,0,2555,0,0.000000e+00,0.000000e+00,478144.1,183957536768.0,321245.9,57.58,55.85
BER: SYNC #6 (gated)
CSV,155011,15500,6,5,0,2595,0,0.000000e+00,0.000000e+00,558986.6,171596087296.0,346084.8,56.95,54.87
CSV,160011,16000,6,5,0,2695,0,0.000000e+00,0.000000e+00,415420.4,146844434432.0,285707.0,57.11,55.48
CSV,165011,16500,6,5,0,2795,0,0.000000e+00,0.000000e+00,471981.2,167049363456.0,308262.5,57.34,55.49
CSV,170011,17000,6,5,0,2895,0,0.000000e+00,0.000000e+00,427636.4,168353890304.0,278083.4,57.82,55.95
CSV,175011,17500,6,5,0,2995,0,0.000000e+00,0.000000e+00,480635.0,178915491840.0,309760.4,57.62,55.71
BER: END_SEQ #6 [LOCK] seq_err=0 BER_seq=0.0000e+00 | lock=6 slip=0 BER_cond=0.0000e+00 BER_cum=0.0000e+00
CSV,180011,18000,6,6,0,3066,0,0.000000e+00,0.000000e+00,515663.2,174277263360.0,325537.9,57.29,55.29
BER: SYNC #7 (gated)
CSV,185011,18500,7,6,0,3117,0,0.000000e+00,0.000000e+00,580283.4,169270804480.0,322221.2,57.20,54.65
CSV,190011,19000,7,6,0,3217,0,0.000000e+00,0.000000e+00,421720.4,141003816960.0,249663.9,57.52,55.24
CSV,195011,19500,7,6,0,3317,0,0.000000e+00,0.000000e+00,538814.5,178826772480.0,338222.2,57.23,55.21
CSV,200011,20000,7,6,0,3417,0,0.000000e+00,0.000000e+00,423744.7,170247471104.0,272245.3,57.96,56.04
CSV,205011,20500,7,6,0,3517,0,0.000000e+00,0.000000e+00,491323.9,163742318592.0,314263.7,57.17,55.23
BER: END_SEQ #7 [LOCK] seq_err=0 BER_seq=0.0000e+00 | lock=7 slip=0 BER_cond=0.0000e+00 BER_cum=0.0000e+00
CSV,210011,21000,7,7,0,3577,0,0.000000e+00,0.000000e+00,559087.4,180096090112.0,302693.3,57.75,55.08
BER: SYNC #8 (gated)
CSV,215011,21500,8,7,0,3640,0,0.000000e+00,0.000000e+00,499484.4,180673331200.0,300290.3,57.79,55.58
CSV,220011,22000,8,7,0,3740,0,0.000000e+00,0.000000e+00,435920.3,128382967808.0,258416.8,56.96,54.69
CSV,225011,22500,8,7,0,3840,0,0.000000e+00,0.000000e+00,454460.0,164675534848.0,320433.4,57.11,55.59
CSV,230011,23000,8,7,0,3940,0,0.000000e+00,0.000000e+00,513535.3,180816330752.0,305470.8,57.72,55.47
CSV,235011,23500,8,7,0,4040,0,0.000000e+00,0.000000e+00,450052.5,173294108672.0,272904.4,58.03,55.86
BER: END_SEQ #8 [LOCK] seq_err=0 BER_seq=0.0000e+00 | lock=8 slip=0 BER_cond=0.0000e+00 BER_cum=0.0000e+00
CSV,240011,24000,8,8,0,4088,0,0.000000e+00,0.000000e+00,580883.4,178416484352.0,354304.4,57.02,54.87
BER: SYNC #9 (gated)
CSV,245011,24500,9,8,0,4163,0,0.000000e+00,0.000000e+00,458450.7,175373795328.0,290189.8,57.81,55.83
CSV,250011,25000,9,8,0,4263,0,0.000000e+00,0.000000e+00,395803.8,136039735296.0,255322.7,57.27,55.36
CSV,255011,25500,9,8,0,4363,0,0.000000e+00,0.000000e+00,464639.7,166315065344.0,324170.6,57.10,55.54
CSV,260011,26000,9,8,0,4463,0,0.000000e+00,0.000000e+00,490177.5,189721362432.0,280761.7,58.30,55.88
CSV,265011,26500,9,8,0,4563,0,0.000000e+00,0.000000e+00,471248.2,157056958464.0,299432.8,57.20,55.23
BER: END_SEQ #9 [LOCK] seq_err=0 BER_seq=0.0000e+00 | lock=9 slip=0 BER_cond=0.0000e+00 BER_cum=0.0000e+00
CSV,270011,27000,9,9,0,4599,0,0.000000e+00,0.000000e+00,587590.0,181601533952.0,364136.8,56.98,54.90
BER: SYNC #10 (gated)
CSV,275011,27500,10,9,0,4686,0,0.000000e+00,0.000000e+00,479480.4,176199860224.0,247255.1,58.53,55.65
CSV,280011,28000,10,9,0,4785,0,0.000000e+00,0.000000e+00,407656.3,137726296064.0,251263.5,57.39,55.29
CSV,285011,28500,10,9,0,4886,0,0.000000e+00,0.000000e+00,473114.0,165341839360.0,295310.7,57.48,55.43
CSV,290011,29000,10,9,0,4985,0,0.000000e+00,0.000000e+00,473564.6,172477087744.0,317472.9,57.35,55.61
CSV,295011,29500,10,9,0,5085,0,0.000000e+00,0.000000e+00,515434.5,177720279040.0,301347.2,57.71,55.38
BER: END_SEQ #10 [LOCK] seq_err=0 BER_seq=0.0000e+00 | lock=10 slip=0 BER_cond=0.0000e+00 BER_cum=0.0000e+00
CSV,300011,30000,10,10,0,5110,0,0.000000e+00,0.000000e+00,617426.8,184123621376.0,375367.5,56.91,54.75
BER: SYNC #11 (gated)
CSV,305011,30500,11,10,0,5208,0,0.000000e+00,0.000000e+00,423859.2,166976159744.0,258664.1,58.10,55.95
CSV,310011,31000,11,10,0,5308,0,0.000000e+00,0.000000e+00,450914.1,131271360512.0,275305.3,56.78,54.64
CSV,315011,31500,11,10,0,5408,0,0.000000e+00,0.000000e+00,464639.8,174337458176.0,325029.2,57.29,55.74
CSV,320011,32000,11,10,0,5508,0,0.000000e+00,0.000000e+00,519659.5,177511759872.0,308313.9,57.60,55.34
CSV,325011,32500,11,10,0,5608,0,0.000000e+00,0.000000e+00,443713.2,172927500288.0,277574.6,57.94,55.91
BER: END_SEQ #11 [LOCK] seq_err=0 BER_seq=0.0000e+00 | lock=11 slip=0 BER_cond=0.0000e+00 BER_cum=0.0000e+00
BER: SYNC #12 (gated)
CSV,330011,33000,12,11,0,5631,0,0.000000e+00,0.000000e+00,594157.8,178653085696.0,368012.6,56.86,54.78
CSV,335011,33500,12,11,0,5731,0,0.000000e+00,0.000000e+00,447747.7,172893356032.0,284866.1,57.83,55.87
CSV,340011,34000,12,11,0,5831,0,0.000000e+00,0.000000e+00,405458.5,142482554880.0,279665.6,57.07,55.46
CSV,345011,34500,12,11,0,5931,0,0.000000e+00,0.000000e+00,471840.0,161390280704.0,312831.9,57.13,55.34
CSV,350011,35000,12,11,0,6031,0,0.000000e+00,0.000000e+00,507373.9,182305374208.0,298301.9,57.86,55.55
CSV,355011,35500,12,11,0,6131,0,0.000000e+00,0.000000e+00,407241.8,180662157312.0,263715.7,58.36,56.47
BER: END_SEQ #12 [LOCK] seq_err=0 BER_seq=0.0000e+00 | lock=12 slip=0 BER_cond=0.0000e+00 BER_cum=0.0000e+00
BER: SYNC #13 (gated)
CSV,360011,36000,13,12,0,6154,0,0.000000e+00,0.000000e+00,609004.8,177421221888.0,380441.7,56.69,54.64
CSV,365011,36500,13,12,0,6254,0,0.000000e+00,0.000000e+00,464873.1,152050630656.0,266520.9,57.56,55.15
CSV,370011,37000,13,12,0,6354,0,0.000000e+00,0.000000e+00,447249.1,144256811008.0,290868.8,56.95,55.09
CSV,375011,37500,13,12,0,6454,0,0.000000e+00,0.000000e+00,437658.5,173095895040.0,274974.1,57.99,55.97
CSV,380011,38000,13,12,0,6553,0,0.000000e+00,0.000000e+00,489608.0,173085245440.0,291152.1,57.74,55.48
BER: END_SEQ #13 [LOCK] seq_err=0 BER_seq=0.0000e+00 | lock=13 slip=0 BER_cond=0.0000e+00 BER_cum=0.0000e+00
CSV,385011,38500,13,13,0,6643,0,0.000000e+00,0.000000e+00,508820.8,180005978112.0,310352.4,57.63,55.49
BER: SYNC #14 (gated)
CSV,390011,39000,14,13,0,6676,0,0.000000e+00,0.000000e+00,556219.6,168279425024.0,333828.8,57.03,54.81
CSV,395011,39500,14,13,0,6776,0,0.000000e+00,0.000000e+00,444475.9,148888174592.0,243429.1,57.86,55.25
CSV,400011,40000,14,13,0,6876,0,0.000000e+00,0.000000e+00,479056.4,170847469568.0,286249.8,57.76,55.52
CSV,405011,40500,14,13,0,6976,0,0.000000e+00,0.000000e+00,503973.6,170685841408.0,286489.0,57.75,55.30
CSV,410011,41000,14,13,0,7076,0,0.000000e+00,0.000000e+00,480914.5,165111480320.0,306326.9,57.32,55.36
BER: END_SEQ #14 [LOCK] seq_err=0 BER_seq=0.0000e+00 | lock=14 slip=0 BER_cond=0.0000e+00 BER_cum=0.0000e+00
CSV,415011,41500,14,14,0,7154,0,0.000000e+00,0.000000e+00,521543.0,185747439616.0,307413.3,57.81,55.52
BER: SYNC #15 (gated)
CSV,420011,42000,15,14,0,7199,0,0.000000e+00,0.000000e+00,512819.2,173498449920.0,316858.2,57.38,55.29
CSV,425011,42500,15,14,0,7299,0,0.000000e+00,0.000000e+00,394255.4,139531960320.0,252263.0,57.43,55.49
CSV,430011,43000,15,14,0,7399,0,0.000000e+00,0.000000e+00,502327.8,172585582592.0,332820.9,57.15,55.36
CSV,435011,43500,15,14,0,7499,0,0.000000e+00,0.000000e+00,435874.9,173066027008.0,275326.1,57.98,55.99
CSV,440011,44000,15,14,0,7599,0,0.000000e+00,0.000000e+00,508505.5,178140774400.0,308512.3,57.61,55.44
BER: END_SEQ #15 [LOCK] seq_err=0 BER_seq=0.0000e+00 | lock=15 slip=0 BER_cond=0.0000e+00 BER_cum=0.0000e+00
CSV,445011,44500,15,15,0,7665,0,0.000000e+00,0.000000e+00,457425.8,171156242432.0,285063.0,57.78,55.73
BER: SYNC #16 (gated)
CSV,450011,45000,16,15,0,7722,0,0.000000e+00,0.000000e+00,551514.1,170261348352.0,334000.0,57.07,54.90
CSV,455011,45500,16,15,0,7822,0,0.000000e+00,0.000000e+00,428275.1,139911299072.0,258254.3,57.34,55.14
CSV,460011,46000,16,15,0,7922,0,0.000000e+00,0.000000e+00,476870.5,168079147008.0,291543.0,57.61,55.47
CSV,465011,46500,16,15,0,8022,0,0.000000e+00,0.000000e+00,464794.6,180748877824.0,297164.4,57.84,55.90
CSV,470011,47000,16,15,0,8122,0,0.000000e+00,0.000000e+00,462967.0,157421879296.0,260573.4,57.81,55.32
BER: END_SEQ #16 [LOCK] seq_err=0 BER_seq=0.0000e+00 | lock=16 slip=0 BER_cond=0.0000e+00 BER_cum=0.0000e+00
CSV,475011,47500,16,16,0,8176,0,0.000000e+00,0.000000e+00,611262.9,188918743040.0,376190.2,57.01,54.90
BER: SYNC #17 (gated)
CSV,480011,48000,17,16,0,8245,0,0.000000e+00,0.000000e+00,478457.9,184029921280.0,290611.3,58.02,55.85
CSV,485011,48500,17,16,0,8345,0,0.000000e+00,0.000000e+00,468756.0,130678054912.0,277735.3,56.73,54.45
CSV,490011,49000,17,16,0,8444,0,0.000000e+00,0.000000e+00,486184.0,161902313472.0,251619.2,58.09,55.22
CSV,495011,49500,17,16,0,8545,0,0.000000e+00,0.000000e+00,474169.1,185335955456.0,308873.1,57.78,55.92
CSV,500011,50000,17,16,0,8644,0,0.000000e+00,0.000000e+00,466963.1,166039486464.0,284937.9,57.65,55.51
BER: END_SEQ #17 [LOCK] seq_err=0 BER_seq=0.0000e+00 | lock=17 slip=0 BER_cond=0.0000e+00 BER_cum=0.0000e+00
CSV,505011,50500,17,17,0,8687,0,0.000000e+00,0.000000e+00,634571.6,181703901184.0,371936.3,56.89,54.57
BER: SYNC #18 (gated)
CSV,510011,51000,18,17,0,8767,0,0.000000e+00,0.000000e+00,455849.3,175330656256.0,277892.2,58.00,55.85
CSV,515011,51500,18,17,0,8867,0,0.000000e+00,0.000000e+00,378279.7,142372192256.0,237809.5,57.77,55.76
CSV,520011,52000,18,17,0,8967,0,0.000000e+00,0.000000e+00,495071.4,156828450816.0,276701.1,57.53,55.01
CSV,525011,52500,18,17,0,9067,0,0.000000e+00,0.000000e+00,505791.1,189991550976.0,314443.1,57.81,55.75
CSV,530011,53000,18,17,0,9167,0,0.000000e+00,0.000000e+00,437068.0,162902835200.0,274035.6,57.74,55.71
BER: END_SEQ #18 [LOCK] seq_err=0 BER_seq=0.0000e+00 | lock=18 slip=0 BER_cond=0.0000e+00 BER_cum=0.0000e+00
CSV,535011,53500,18,18,0,9198,0,0.000000e+00,0.000000e+00,588695.6,187174715392.0,370646.7,57.03,55.02
BER: SYNC #19 (gated)
CSV,540011,54000,19,18,0,9290,0,0.000000e+00,0.000000e+00,444636.4,168748564480.0,251090.9,58.27,55.79
CSV,545011,54500,19,18,0,9390,0,0.000000e+00,0.000000e+00,421099.1,136218247168.0,266696.6,57.08,55.10
CSV,550011,55000,19,18,0,9490,0,0.000000e+00,0.000000e+00,450302.3,166823510016.0,289922.1,57.60,55.69
CSV,555011,55500,19,18,0,9590,0,0.000000e+00,0.000000e+00,467436.4,173382008832.0,285724.1,57.83,55.69
CSV,560011,56000,19,18,0,9690,0,0.000000e+00,0.000000e+00,466259.6,176794714112.0,275256.4,58.08,55.79
BER: END_SEQ #19 [LOCK] seq_err=0 BER_seq=0.0000e+00 | lock=19 slip=0 BER_cond=0.0000e+00 BER_cum=0.0000e+00
BER: SYNC #20 (gated)
CSV,565011,56500,20,19,0,9713,0,0.000000e+00,0.000000e+00,605876.9,178101305344.0,377831.9,56.73,54.68
CSV,570011,57000,20,19,0,9813,0,0.000000e+00,0.000000e+00,515346.0,174856355840.0,308049.0,57.54,55.31
CSV,575011,57500,20,19,0,9913,0,0.000000e+00,0.000000e+00,424431.3,128966262784.0,243955.0,57.23,54.83
CSV,580011,58000,20,19,0,10012,0,0.000000e+00,0.000000e+00,480135.4,177067671552.0,270420.1,58.16,55.67
CSV,585011,58500,20,19,0,10112,0,0.000000e+00,0.000000e+00,469473.1,175364112384.0,296963.5,57.71,55.72
CSV,590011,59000,20,19,0,10213,0,0.000000e+00,0.000000e+00,478747.0,171405443072.0,285091.8,57.79,55.54
BER: END_SEQ #20 [LOCK] seq_err=0 BER_seq=0.0000e+00 | lock=20 slip=0 BER_cond=0.0000e+00 BER_cum=0.0000e+00
BER: SYNC #21 (gated)
CSV,595011,59500,21,20,0,10235,0,0.000000e+00,0.000000e+00,622375.9,188909895680.0,376928.0,57.00,54.82
CSV,600011,60000,21,20,0,10335,0,0.000000e+00,0.000000e+00,436320.7,164477042688.0,275282.7,57.76,55.76
CSV,605011,60500,21,20,0,10435,0,0.000000e+00,0.000000e+00,431469.2,144259792896.0,262500.8,57.40,55.24
CSV,610011,61000,21,20,0,10535,0,0.000000e+00,0.000000e+00,469015.0,160881950720.0,254955.2,58.00,55.35
CSV,615011,61500,21,20,0,10635,0,0.000000e+00,0.000000e+00,464025.9,176141975552.0,312888.3,57.50,55.79
BER: END_SEQ #21 [LOCK] seq_err=0 BER_seq=0.0000e+00 | lock=21 slip=0 BER_cond=0.0000e+00 BER_cum=0.0000e+00
CSV,620011,62000,21,21,0,10731,0,0.000000e+00,0.000000e+00,425963.9,187322449920.0,281345.5,58.23,56.43
BER: SYNC #22 (gated)
CSV,625011,62500,22,21,0,10758,0,0.000000e+00,0.000000e+00,614430.6,177576361984.0,370611.4,56.80,54.61
CSV,630011,63000,22,21,0,10858,0,0.000000e+00,0.000000e+00,405105.2,143227404288.0,260347.8,57.40,55.48
CSV,635011,63500,22,21,0,10958,0,0.000000e+00,0.000000e+00,476927.2,156381528064.0,281686.8,57.44,55.16
CSV,640011,64000,22,21,0,11058,0,0.000000e+00,0.000000e+00,427128.1,176950706176.0,273023.1,58.12,56.17
CSV,645011,64500,22,21,0,11158,0,0.000000e+00,0.000000e+00,467942.5,171491377152.0,283203.5,57.82,55.64
BER: END_SEQ #22 [LOCK] seq_err=0 BER_seq=0.0000e+00 | lock=22 slip=0 BER_cond=0.0000e+00 BER_cum=0.0000e+00
CSV,650011,65000,22,22,0,11242,0,0.000000e+00,0.000000e+00,492326.5,177592926208.0,309502.1,57.59,55.57
BER: SYNC #23 (gated)
CSV,655011,65500,23,22,0,11281,0,0.000000e+00,0.000000e+00,579629.3,165930532864.0,354908.1,56.70,54.57
CSV,660011,66000,23,22,0,11381,0,0.000000e+00,0.000000e+00,448993.2,150749855744.0,280223.5,57.31,55.26
CSV,665011,66500,23,22,0,11481,0,0.000000e+00,0.000000e+00,508142.7,173097631744.0,286478.0,57.81,55.32
CSV,670011,67000,23,22,0,11581,0,0.000000e+00,0.000000e+00,442108.1,161931526144.0,281007.8,57.61,55.64
CSV,675011,67500,23,22,0,11681,0,0.000000e+00,0.000000e+00,497122.7,175499886592.0,292745.3,57.78,55.48
BER: END_SEQ #23 [LOCK] seq_err=0 BER_seq=0.0000e+00 | lock=23 slip=0 BER_cond=0.0000e+00 BER_cum=0.0000e+00
CSV,680011,68000,23,23,0,11753,0,0.000000e+00,0.000000e+00,523971.5,183606820864.0,313008.9,57.68,55.45
BER: SYNC #24 (gated)
CSV,685011,68500,24,23,0,11804,0,0.000000e+00,0.000000e+00,567754.3,172687147008.0,369245.5,56.70,54.83
CSV,690011,69000,24,23,0,11903,0,0.000000e+00,0.000000e+00,421090.2,136929361920.0,259673.8,57.22,55.12
CSV,695011,69500,24,23,0,12004,0,0.000000e+00,0.000000e+00,488545.2,173881081856.0,282955.2,57.89,55.51
CSV,700011,70000,24,23,0,12103,0,0.000000e+00,0.000000e+00,472443.4,172935708672.0,281661.4,57.88,55.64
CSV,705011,70500,24,23,0,12203,0,0.000000e+00,0.000000e+00,484029.9,170403905536.0,279923.9,57.84,55.47
BER: END_SEQ #24 [LOCK] seq_err=0 BER_seq=0.0000e+00 | lock=24 slip=0 BER_cond=0.0000e+00 BER_cum=0.0000e+00
CSV,710011,71000,24,24,0,12264,0,0.000000e+00,0.000000e+00,534600.3,173878296576.0,371967.2,56.70,55.12
BER: SYNC #25 (gated)
CSV,715011,71500,25,24,0,12326,0,0.000000e+00,0.000000e+00,485157.6,172540067840.0,297603.5,57.63,55.51
CSV,720011,72000,25,24,0,12426,0,0.000000e+00,0.000000e+00,409618.2,135429300224.0,274894.4,56.93,55.19
CSV,725011,72500,25,24,0,12526,0,0.000000e+00,0.000000e+00,426275.3,167114211328.0,248821.4,58.27,55.93
CSV,730011,73000,25,24,0,12626,0,0.000000e+00,0.000000e+00,504683.2,177633165312.0,310685.8,57.57,55.47
CSV,735011,73500,25,24,0,12726,0,0.000000e+00,0.000000e+00,476279.3,165447647232.0,294903.5,57.49,55.41
BER: END_SEQ #25 [LOCK] seq_err=0 BER_seq=0.0000e+00 | lock=25 slip=0 BER_cond=0.0000e+00 BER_cum=0.0000e+00
CSV,740011,74000,25,25,0,12775,0,0.000000e+00,0.000000e+00,572967.6,185548374016.0,362068.8,57.10,55.10
BER: SYNC #26 (gated)
CSV,745011,74500,26,25,0,12849,0,0.000000e+00,0.000000e+00,461182.2,180524433408.0,299521.3,57.80,55.93
CSV,750011,75000,26,25,0,12949,0,0.000000e+00,0.000000e+00,437665.4,133402730496.0,260283.0,57.10,54.84
CSV,755011,75500,26,25,0,13049,0,0.000000e+00,0.000000e+00,478071.5,158125555712.0,285282.1,57.44,55.20
CSV,760011,76000,26,25,0,13149,0,0.000000e+00,0.000000e+00,464802.2,193131806720.0,289266.8,58.25,56.19
CSV,765011,76500,26,25,0,13249,0,0.000000e+00,0.000000e+00,512978.3,164597088256.0,302217.9,57.36,55.06
BER: END_SEQ #26 [LOCK] seq_err=0 BER_seq=0.0000e+00 | lock=26 slip=0 BER_cond=0.0000e+00 BER_cum=0.0000e+00
CSV,770011,77000,26,26,0,13286,0,0.000000e+00,0.000000e+00,606406.1,173593657344.0,367323.5,56.74,54.57
BER: SYNC #27 (gated)
CSV,775011,77500,27,26,0,13372,0,0.000000e+00,0.000000e+00,413408.5,171345444864.0,302175.0,57.54,56.17
CSV,780011,78000,27,26,0,13472,0,0.000000e+00,0.000000e+00,450126.3,144304390144.0,274833.2,57.20,55.06
CSV,785011,78500,27,26,0,13572,0,0.000000e+00,0.000000e+00,494725.9,168325857280.0,290452.5,57.63,55.32
CSV,790011,79000,27,26,0,13671,0,0.000000e+00,0.000000e+00,508585.4,174594998272.0,290295.3,57.79,55.36
CSV,795011,79500,27,26,0,13772,0,0.000000e+00,0.000000e+00,476511.6,169468379136.0,314852.0,57.31,55.51
BER: END_SEQ #27 [LOCK] seq_err=0 BER_seq=0.0000e+00 | lock=27 slip=0 BER_cond=0.0000e+00 BER_cum=0.0000e+00
CSV,800011,80000,27,27,0,13797,0,0.000000e+00,0.000000e+00,597986.4,186179076096.0,372821.3,56.98,54.93
BER: SYNC #28 (gated)
CSV,805011,80500,28,27,0,13894,0,0.000000e+00,0.000000e+00,383189.1,168474705920.0,282987.6,57.75,56.43
CSV,810011,81000,28,27,0,13994,0,0.000000e+00,0.000000e+00,424782.2,129070333952.0,289045.4,56.50,54.83
CSV,815011,81500,28,27,0,14094,0,0.000000e+00,0.000000e+00,450504.3,168742682624.0,273261.8,57.91,55.74
CSV,820011,82000,28,27,0,14194,0,0.000000e+00,0.000000e+00,477301.2,174638809088.0,329216.9,57.25,55.63
CSV,825011,82500,28,27,0,14294,0,0.000000e+00,0.000000e+00,432828.2,177325834240.0,288213.4,57.89,56.12
BER: END_SEQ #28 [LOCK] seq_err=0 BER_seq=0.0000e+00 | lock=28 slip=0 BER_cond=0.0000e+00 BER_cum=0.0000e+00
BER: SYNC #29 (gated)
CSV,830011,83000,29,28,0,14317,0,0.000000e+00,0.000000e+00,581382.1,174421377024.0,375403.6,56.67,54.77
CSV,835011,83500,29,28,0,14417,0,0.000000e+00,0.000000e+00,489956.9,165680431104.0,313253.3,57.23,55.29
CSV,840011,84000,29,28,0,14517,0,0.000000e+00,0.000000e+00,410864.6,140311838720.0,249492.2,57.50,55.33
CSV,845011,84500,29,28,0,14617,0,0.000000e+00,0.000000e+00,468953.0,167575633920.0,312138.7,57.30,55.53
CSV,850011,85000,29,28,0,14717,0,0.000000e+00,0.000000e+00,481769.1,178234949632.0,302270.2,57.71,55.68
CSV,855011,85500,29,28,0,14817,0,0.000000e+00,0.000000e+00,454296.4,175106490368.0,279893.0,57.96,55.86
BER: END_SEQ #29 [LOCK] seq_err=0 BER_seq=0.0000e+00 | lock=29 slip=0 BER_cond=0.0000e+00 BER_cum=0.0000e+00
BER: SYNC #30 (gated)
CSV,860011,86000,30,29,0,14840,0,0.000000e+00,0.000000e+00,621484.6,177055219712.0,378191.1,56.70,54.55
CSV,865011,86500,30,29,0,14940,0,0.000000e+00,0.000000e+00,488907.9,161869512704.0,296798.1,57.37,55.20
CSV,870011,87000,30,29,0,15040,0,0.000000e+00,0.000000e+00,435588.7,141097353216.0,306450.3,56.63,55.10
CSV,875011,87500,30,29,0,15140,0,0.000000e+00,0.000000e+00,470913.2,170035347456.0,301604.5,57.51,55.58
CSV,880011,88000,30,29,0,15240,0,0.000000e+00,0.000000e+00,457471.4,173682671616.0,299928.2,57.63,55.79
BER: END_SEQ #30 [LOCK] seq_err=0 BER_seq=0.0000e+00 | lock=30 slip=0 BER_cond=0.0000e+00 BER_cum=0.0000e+00
CSV,885011,88500,30,30,0,15330,0,0.000000e+00,0.000000e+00,514945.6,187116732416.0,271867.9,58.38,55.60
BER: SYNC #31 (gated)
CSV,890011,89000,31,30,0,15362,0,0.000000e+00,0.000000e+00,572081.9,169323249664.0,385830.5,56.42,54.71
CSV,895011,89500,31,30,0,15462,0,0.000000e+00,0.000000e+00,392598.6,142359887872.0,263820.6,57.32,55.59
CSV,900011,90000,31,30,0,15562,0,0.000000e+00,0.000000e+00,475608.0,168184053760.0,299905.0,57.49,55.49
CSV,905011,90500,31,30,0,15662,0,0.000000e+00,0.000000e+00,464115.7,173006831616.0,294205.3,57.69,55.71
CSV,910011,91000,31,30,0,15762,0,0.000000e+00,0.000000e+00,456447.4,163502080000.0,288520.2,57.53,55.54
BER: END_SEQ #31 [LOCK] seq_err=0 BER_seq=0.0000e+00 | lock=31 slip=0 BER_cond=0.0000e+00 BER_cum=0.0000e+00
CSV,915011,91500,31,31,0,15841,0,0.000000e+00,0.000000e+00,485645.3,179683508224.0,328192.2,57.38,55.68
BER: SYNC #32 (gated)
CSV,920011,92000,32,31,0,15885,0,0.000000e+00,0.000000e+00,527890.4,166643351552.0,335906.3,56.96,54.99
CSV,925011,92500,32,31,0,15985,0,0.000000e+00,0.000000e+00,404824.0,145988501504.0,268886.6,57.35,55.57
CSV,930011,93000,32,31,0,16085,0,0.000000e+00,0.000000e+00,487469.4,173117784064.0,320513.1,57.32,55.50
CSV,935011,93500,32,31,0,16185,0,0.000000e+00,0.000000e+00,437480.9,165615452160.0,274023.3,57.81,55.78
CSV,940011,94000,32,31,0,16285,0,0.000000e+00,0.000000e+00,489872.1,176761094144.0,330313.8,57.28,55.57
BER: END_SEQ #32 [LOCK] seq_err=0 BER_seq=0.0000e+00 | lock=32 slip=0 BER_cond=0.0000e+00 BER_cum=0.0000e+00
CSV,945011,94500,32,32,0,16352,0,0.000000e+00,0.000000e+00,524367.9,177015799808.0,321553.4,57.41,55.28
BER: SYNC #33 (gated)
CSV,950011,95000,33,32,0,16408,0,0.000000e+00,0.000000e+00,570579.5,171797348352.0,304958.8,57.51,54.79
CSV,955011,95500,33,32,0,16508,0,0.000000e+00,0.000000e+00,437387.3,136013430784.0,255052.8,57.27,54.93
CSV,960011,96000,33,32,0,16608,0,0.000000e+00,0.000000e+00,504631.2,166992609280.0,333259.5,57.00,55.20
CSV,965011,96500,33,32,0,16708,0,0.000000e+00,0.000000e+00,465214.7,186481426432.0,298636.5,57.95,56.03
CSV,970011,97000,33,32,0,16808,0,0.000000e+00,0.000000e+00,477943.0,159009652736.0,305247.9,57.17,55.22
BER: END_SEQ #33 [LOCK] seq_err=0 BER_seq=0.0000e+00 | lock=33 slip=0 BER_cond=0.0000e+00 BER_cum=0.0000e+00
CSV,975011,97500,33,33,0,16863,0,0.000000e+00,0.000000e+00,580289.1,178549653504.0,318522.3,57.49,54.88
BER: SYNC #34 (gated)
CSV,980011,98000,34,33,0,16931,0,0.000000e+00,0.000000e+00,474042.1,177525948416.0,280986.7,58.01,55.73
CSV,985011,98500,34,33,0,17031,0,0.000000e+00,0.000000e+00,426432.4,134147358720.0,283463.2,56.75,54.98
CSV,990011,99000,34,33,0,17131,0,0.000000e+00,0.000000e+00,453224.6,165212389376.0,321566.9,57.11,55.62
CSV,995011,99500,34,33,0,17230,0,0.000000e+00,0.000000e+00,512007.8,176713728000.0,309983.0,57.56,55.38
CSV,1000011,100000,34,33,0,17330,0,0.000000e+00,0.000000e+00,423624.1,160225869824.0,265429.3,57.81,55.78
BER: END_SEQ #34 [LOCK] seq_err=0 BER_seq=0.0000e+00 | lock=34 slip=0 BER_cond=0.0000e+00 BER_cum=0.0000e+00
CSV,1005011,100500,34,34,0,17374,0,0.000000e+00,0.000000e+00,616294.6,189461708800.0,386376.5,56.91,54.88
BER: SYNC #35 (gated)
CSV,1010011,101000,35,34,0,17453,0,0.000000e+00,0.000000e+00,450293.0,179955335168.0,285772.0,57.99,56.02
CSV,1015011,101500,35,34,0,17553,0,0.000000e+00,0.000000e+00,403729.8,136222957568.0,263795.5,57.13,55.28
CSV,1020011,102000,35,34,0,17653,0,0.000000e+00,0.000000e+00,451014.5,153782059008.0,319482.1,56.82,55.33
CSV,1025011,102500,35,34,0,17753,0,0.000000e+00,0.000000e+00,490820.4,194757132288.0,288259.7,58.30,55.99
CSV,1030011,103000,35,34,0,17853,0,0.000000e+00,0.000000e+00,449471.3,164709318656.0,303090.1,57.35,55.64
BER: END_SEQ #35 [LOCK] seq_err=0 BER_seq=0.0000e+00 | lock=35 slip=0 BER_cond=0.0000e+00 BER_cum=0.0000e+00
CSV,1035011,103500,35,35,0,17885,0,0.000000e+00,0.000000e+00,579922.9,179013615616.0,367478.3,56.88,54.90
BER: SYNC #36 (gated)
CSV,1040011,104000,36,35,0,17976,0,0.000000e+00,0.000000e+00,469602.6,162363670528.0,258710.7,57.98,55.39
CSV,1045011,104500,36,35,0,18076,0,0.000000e+00,0.000000e+00,452141.2,141050019840.0,274898.8,57.10,54.94
CSV,1050011,105000,36,35,0,18176,0,0.000000e+00,0.000000e+00,456550.8,170858938368.0,279549.5,57.86,55.73
CSV,1055011,105500,36,35,0,18276,0,0.000000e+00,0.000000e+00,491219.3,170759454720.0,323373.9,57.23,55.41
CSV,1060011,106000,36,35,0,18376,0,0.000000e+00,0.000000e+00,487732.0,168959885312.0,283700.8,57.75,55.40
BER: END_SEQ #36 [LOCK] seq_err=0 BER_seq=0.0000e+00 | lock=36 slip=0 BER_cond=0.0000e+00 BER_cum=0.0000e+00
BER: SYNC #37 (gated)
CSV,1065011,106500,37,36,0,18399,0,0.000000e+00,0.000000e+00,628223.8,187650834432.0,365231.7,57.11,54.75
CSV,1070011,107000,37,36,0,18499,0,0.000000e+00,0.000000e+00,450719.3,175689728000.0,274118.6,58.07,55.91
CSV,1075011,107500,37,36,0,18599,0,0.000000e+00,0.000000e+00,434603.2,129137942528.0,262797.2,56.91,54.73
CSV,1080011,108000,37,36,0,18699,0,0.000000e+00,0.000000e+00,494276.8,170877648896.0,331750.5,57.12,55.39
CSV,1085011,108500,37,36,0,18799,0,0.000000e+00,0.000000e+00,492910.6,178329501696.0,297898.1,57.77,55.58
CSV,1090011,109000,37,36,0,18899,0,0.000000e+00,0.000000e+00,437843.0,171219238912.0,270843.6,58.01,55.92
BER: END_SEQ #37 [LOCK] seq_err=0 BER_seq=0.0000e+00 | lock=37 slip=0 BER_cond=0.0000e+00 BER_cum=0.0000e+00
BER: SYNC #38 (gated)
CSV,1095011,109500,38,37,0,18922,0,0.000000e+00,0.000000e+00,602583.0,187501035520.0,363908.2,57.12,54.93
CSV,1100011,110000,38,37,0,19021,0,0.000000e+00,0.000000e+00,428172.3,156352708608.0,281321.8,57.45,55.62
CSV,1105011,110500,38,37,0,19121,0,0.000000e+00,0.000000e+00,435459.2,142816641024.0,283506.1,57.02,55.16
CSV,1110011,111000,38,37,0,19221,0,0.000000e+00,0.000000e+00,459073.3,167055130624.0,308906.8,57.33,55.61
CSV,1115011,111500,38,37,0,19321,0,0.000000e+00,0.000000e+00,486597.7,173053313024.0,287958.0,57.79,55.51
BER: END_SEQ #38 [LOCK] seq_err=0 BER_seq=0.0000e+00 | lock=38 slip=0 BER_cond=0.0000e+00 BER_cum=0.0000e+00
CSV,1120011,112000,38,38,0,19418,0,0.000000e+00,0.000000e+00,424386.5,179029852160.0,268574.9,58.24,56.25
BER: SYNC #39 (gated)
CSV,1125011,112500,39,38,0,19444,0,0.000000e+00,0.000000e+00,605422.3,177725210624.0,369126.3,56.83,54.68
CSV,1130011,113000,39,38,0,19544,0,0.000000e+00,0.000000e+00,478384.2,149920710656.0,249728.1,57.78,54.96
CSV,1135011,113500,39,38,0,19644,0,0.000000e+00,0.000000e+00,467049.2,151728766976.0,295772.3,57.10,55.12
CSV,1140011,114000,39,38,0,19744,0,0.000000e+00,0.000000e+00,456562.6,170731257856.0,285402.6,57.77,55.73
CSV,1145011,114500,39,38,0,19844,0,0.000000e+00,0.000000e+00,469541.5,173049167872.0,301290.4,57.59,55.66
BER: END_SEQ #39 [LOCK] seq_err=0 BER_seq=0.0000e+00 | lock=39 slip=0 BER_cond=0.0000e+00 BER_cum=0.0000e+00
CSV,1150011,115000,39,39,0,19929,0,0.000000e+00,0.000000e+00,543855.2,182234365952.0,316033.8,57.61,55.25
BER: SYNC #40 (gated)
CSV,1155011,115500,40,39,0,19967,0,0.000000e+00,0.000000e+00,532006.3,165176639488.0,308422.8,57.29,54.92
CSV,1160011,116000,40,39,0,20067,0,0.000000e+00,0.000000e+00,465943.9,143002812416.0,261613.9,57.38,54.87
CSV,1165011,116500,40,39,0,20167,0,0.000000e+00,0.000000e+00,464521.6,173316063232.0,338699.4,57.09,55.72
CSV,1170011,117000,40,39,0,20267,0,0.000000e+00,0.000000e+00,455363.7,169141567488.0,270541.3,57.96,55.70
CSV,1175011,117500,40,39,0,20367,0,0.000000e+00,0.000000e+00,500992.0,175171518464.0,318219.5,57.41,55.44
BER: END_SEQ #40 [LOCK] seq_err=0 BER_seq=0.0000e+00 | lock=40 slip=0 BER_cond=0.0000e+00 BER_cum=0.0000e+00
CSV,1180011,118000,40,40,0,20440,0,0.000000e+00,0.000000e+00,481209.6,173522124800.0,294152.4,57.71,55.57
BER: SYNC #41 (gated)
CSV,1185011,118500,41,40,0,20490,0,0.000000e+00,0.000000e+00,533149.4,171621908480.0,340468.3,57.02,55.08
CSV,1190011,119000,41,40,0,20590,0,0.000000e+00,0.000000e+00,405300.9,146072027136.0,259220.9,57.51,55.57
CSV,1195011,119500,41,40,0,20690,0,0.000000e+00,0.000000e+00,480262.6,170863132672.0,333625.6,57.09,55.51
CSV,1200011,120000,41,40,0,20789,0,0.000000e+00,0.000000e+00,454982.7,166963953664.0,277070.5,57.80,55.65
CSV,1205011,120500,41,40,0,20890,0,0.000000e+00,0.000000e+00,478034.9,170788732928.0,299027.7,57.57,55.53
BER: END_SEQ #41 [LOCK] seq_err=0 BER_seq=0.0000e+00 | lock=41 slip=0 BER_cond=0.0000e+00 BER_cum=0.0000e+00
CSV,1210011,121000,41,41,0,20951,0,0.000000e+00,0.000000e+00,538531.6,178801377280.0,345369.2,57.14,55.21
BER: SYNC #42 (gated)
CSV,1215011,121500,42,41,0,21012,0,0.000000e+00,0.000000e+00,510068.6,172781731840.0,283119.6,57.86,55.30
CSV,1220011,122000,42,41,0,21112,0,0.000000e+00,0.000000e+00,438530.9,133266857984.0,259783.9,57.10,54.83
CSV,1225011,122500,42,41,0,21212,0,0.000000e+00,0.000000e+00,498239.2,165553422336.0,316328.7,57.19,55.22
CSV,1230011,123000,42,41,0,21312,0,0.000000e+00,0.000000e+00,441286.9,182621356032.0,280183.7,58.14,56.17
CSV,1235011,123500,42,41,0,21412,0,0.000000e+00,0.000000e+00,539139.6,165348950016.0,314637.9,57.21,54.87
BER: END_SEQ #42 [LOCK] seq_err=0 BER_seq=0.0000e+00 | lock=42 slip=0 BER_cond=0.0000e+00 BER_cum=0.0000e+00
CSV,1240011,124000,42,42,0,21462,0,0.000000e+00,0.000000e+00,572300.6,179544080384.0,328672.0,57.37,54.97
BER: SYNC #43 (gated)
CSV,1245011,124500,43,42,0,21535,0,0.000000e+00,0.000000e+00,468938.6,178062802944.0,280285.5,58.03,55.79
CSV,1250011,125000,43,42,0,21635,0,0.000000e+00,0.000000e+00,435653.7,138491297792.0,268120.4,57.13,55.02
CSV,1255011,125500,43,42,0,21735,0,0.000000e+00,0.000000e+00,458009.0,156207824896.0,304293.4,57.10,55.33
CSV,1260011,126000,43,42,0,21835,0,0.000000e+00,0.000000e+00,533187.2,189755752448.0,312803.7,57.83,55.51
CSV,1265011,126500,43,42,0,21935,0,0.000000e+00,0.000000e+00,424441.6,159315705856.0,274467.6,57.64,55.74
BER: END_SEQ #43 [LOCK] seq_err=0 BER_seq=0.0000e+00 | lock=43 slip=0 BER_cond=0.0000e+00 BER_cum=0.0000e+00
CSV,1270011,127000,43,43,0,21973,0,0.000000e+00,0.000000e+00,627506.8,186139197440.0,386808.2,56.82,54.72
BER: SYNC #44 (gated)
CSV,1275011,127500,44,43,0,22058,0,0.000000e+00,0.000000e+00,411178.3,173525565440.0,267530.8,58.12,56.25
CSV,1280011,128000,44,43,0,22158,0,0.000000e+00,0.000000e+00,431678.4,139923079168.0,259965.8,57.31,55.11
CSV,1285011,128500,44,43,0,22258,0,0.000000e+00,0.000000e+00,446555.4,161954430976.0,321082.2,57.03,55.60
CSV,1290011,129000,44,43,0,22358,0,0.000000e+00,0.000000e+00,464600.0,183433838592.0,282417.6,58.13,55.96
CSV,1295011,129500,44,43,0,22457,0,0.000000e+00,0.000000e+00,459530.6,169992044544.0,286157.8,57.74,55.68
BER: END_SEQ #44 [LOCK] seq_err=0 BER_seq=0.0000e+00 | lock=44 slip=0 BER_cond=0.0000e+00 BER_cum=0.0000e+00
CSV,1300011,130000,44,44,0,22484,0,0.000000e+00,0.000000e+00,564153.8,179759513600.0,355403.7,57.04,55.03
BER: SYNC #45 (gated)
CSV,1305011,130500,45,44,0,22581,0,0.000000e+00,0.000000e+00,485523.8,167326334976.0,263131.2,58.03,55.37
CSV,1310011,131000,45,44,0,22680,0,0.000000e+00,0.000000e+00,423560.6,134025388032.0,238003.0,57.51,55.00
CSV,1315011,131500,45,44,0,22780,0,0.000000e+00,0.000000e+00,468697.3,171903778816.0,286873.7,57.78,55.64
CSV,1320011,132000,45,44,0,22880,0,0.000000e+00,0.000000e+00,494030.0,168489304064.0,322924.9,57.17,55.33
CSV,1325011,132500,45,44,0,22980,0,0.000000e+00,0.000000e+00,483717.7,174383955968.0,285449.6,57.86,55.57
BER: END_SEQ #45 [LOCK] seq_err=0 BER_seq=0.0000e+00 | lock=45 slip=0 BER_cond=0.0000e+00 BER_cum=0.0000e+00
BER: SYNC #46 (gated)
CSV,1330011,133000,46,45,0,23003,0,0.000000e+00,0.000000e+00,608618.2,183748952064.0,359675.8,57.08,54.80
CSV,1335011,133500,46,45,0,23103,0,0.000000e+00,0.000000e+00,441708.6,168743993344.0,247522.9,58.34,55.82
CSV,1340011,134000,46,45,0,23203,0,0.000000e+00,0.000000e+00,439489.6,135020740608.0,259716.0,57.16,54.87
CSV,1345011,134500,46,45,0,23303,0,0.000000e+00,0.000000e+00,501627.8,164207886336.0,314504.7,57.18,55.15
CSV,1350011,135000,46,45,0,23403,0,0.000000e+00,0.000000e+00,482235.2,179450068992.0,297997.3,57.80,55.71
CSV,1355011,135500,46,45,0,23503,0,0.000000e+00,0.000000e+00,439338.9,176947200000.0,257809.0,58.37,56.05
BER: END_SEQ #46 [LOCK] seq_err=0 BER_seq=0.0000e+00 | lock=46 slip=0 BER_cond=0.0000e+00 BER_cum=0.0000e+00
BER: SYNC #47 (gated)
CSV,1360011,136000,47,46,0,23526,0,0.000000e+00,0.000000e+00,583047.6,172640534528.0,372090.6,56.66,54.71
CSV,1365011,136500,47,46,0,23626,0,0.000000e+00,0.000000e+00,423180.2,156770238464.0,255674.3,57.88,55.69
CSV,1370011,137000,47,46,0,23726,0,0.000000e+00,0.000000e+00,442933.7,146849726464.0,289669.4,57.05,55.21
CSV,1375011,137500,47,46,0,23826,0,0.000000e+00,0.000000e+00,469007.1,173828784128.0,302552.2,57.59,55.69
CSV,1380011,138000,47,46,0,23926,0,0.000000e+00,0.000000e+00,495864.2,169565077504.0,284400.6,57.75,55.34
BER: END_SEQ #47 [LOCK] seq_err=0 BER_seq=0.0000e+00 | lock=47 slip=0 BER_cond=0.0000e+00 BER_cum=0.0000e+00
CSV,1385011,138500,47,47,0,24017,0,0.000000e+00,0.000000e+00,431571.7,175926870016.0,289061.6,57.84,56.10
BER: SYNC #48 (gated)
CSV,1390011,139000,48,47,0,24049,0,0.000000e+00,0.000000e+00,598905.9,174518009856.0,360796.0,56.85,54.64
CSV,1395011,139500,48,47,0,24148,0,0.000000e+00,0.000000e+00,428619.4,146428837888.0,238030.6,57.89,55.34
CSV,1400011,140000,48,47,0,24249,0,0.000000e+00,0.000000e+00,485739.3,165323685888.0,308190.2,57.30,55.32
CSV,1405011,140500,48,47,0,24349,0,0.000000e+00,0.000000e+00,446093.7,165038211072.0,270239.5,57.86,55.68
CSV,1410011,141000,48,47,0,24448,0,0.000000e+00,0.000000e+00,487405.8,162393374720.0,300232.5,57.33,55.23
BER: END_SEQ #48 [LOCK] seq_err=0 BER_seq=0.0000e+00 | lock=48 slip=0 BER_cond=0.0000e+00 BER_cum=0.0000e+00
CSV,1415011,141500,48,48,0,24528,0,0.000000e+00,0.000000e+00,559269.4,182704996352.0,336114.7,57.35,55.14
BER: SYNC #49 (gated)
CSV,1420011,142000,49,48,0,24571,0,0.000000e+00,0.000000e+00,514260.2,162113437696.0,301075.9,57.31,54.99
CSV,1425011,142500,49,48,0,24671,0,0.000000e+00,0.000000e+00,430866.9,139314659328.0,247301.8,57.51,55.10
CSV,1430011,143000,49,48,0,24771,0,0.000000e+00,0.000000e+00,497905.8,174403256320.0,328146.5,57.25,55.44
CSV,1435011,143500,49,48,0,24871,0,0.000000e+00,0.000000e+00,447669.3,166636404736.0,282100.9,57.71,55.71
CSV,1440011,144000,49,48,0,24971,0,0.000000e+00,0.000000e+00,504580.9,173051592704.0,310309.6,57.46,55.35
BER: END_SEQ #49 [LOCK] seq_err=0 BER_seq=0.0000e+00 | lock=49 slip=0 BER_cond=0.0000e+00 BER_cum=0.0000e+00
CSV,1445011,144500,49,49,0,25039,0,0.000000e+00,0.000000e+00,477444.8,167781826560.0,282913.9,57.73,55.46
BER: SYNC #50 (gated)
CSV,1450011,145000,50,49,0,25094,0,0.000000e+00,0.000000e+00,525098.1,167609909248.0,321748.3,57.17,55.04
CSV,1455011,145500,50,49,0,25194,0,0.000000e+00,0.000000e+00,382073.5,141933395968.0,243238.7,57.66,55.70
CSV,1460011,146000,50,49,0,25294,0,0.000000e+00,0.000000e+00,459819.0,165761859584.0,314338.9,57.22,55.57
CSV,1465011,146500,50,49,0,25394,0,0.000000e+00,0.000000e+00,501380.1,176927080448.0,284912.2,57.93,55.48
CSV,1470011,147000,50,49,0,25494,0,0.000000e+00,0.000000e+00,443099.0,160744636416.0,278775.6,57.61,55.60
BER: END_SEQ #50 [LOCK] seq_err=0 BER_seq=0.0000e+00 | lock=50 slip=0 BER_cond=0.0000e+00 BER_cum=0.0000e+00
CSV,1475011,147500,50,50,0,25550,0,0.000000e+00,0.000000e+00,532066.5,184223350784.0,356273.9,57.14,55.39
BER: SYNC #51 (gated)
CSV,1480011,148000,51,50,0,25617,0,0.000000e+00,0.000000e+00,488072.4,174556561408.0,292889.6,57.75,55.53
CSV,1485011,148500,51,50,0,25717,0,0.000000e+00,0.000000e+00,443546.6,128219529216.0,272707.8,56.72,54.61
CSV,1490011,149000,51,50,0,25817,0,0.000000e+00,0.000000e+00,481429.7,165425299456.0,296033.0,57.47,55.36
CSV,1495011,149500,51,50,0,25917,0,0.000000e+00,0.000000e+00,449679.1,185503612928.0,294496.0,57.99,56.15
CSV,1500011,150000,51,50,0,26016,0,0.000000e+00,0.000000e+00,485513.7,159867764736.0,283603.0,57.51,55.18
BER: END_SEQ #51 [LOCK] seq_err=0 BER_seq=0.0000e+00 | lock=51 slip=0 BER_cond=0.0000e+00 BER_cum=0.0000e+00
CSV,1505011,150500,51,51,0,26061,0,0.000000e+00,0.000000e+00,592629.4,177840979968.0,369834.7,56.82,54.77

=========================================
=== END OF TEST (duration=25 min) ===
=========================================
FINAL: syncs=51 lock=51 slip=0 slip_rate=0.0000
FINAL: bits_cum=26061 err_cum=0 BER_cum=0.0000e+00
FINAL: bits_lock=26061 err_lock=0 BER_cond=0.0000e+00
=========================================
=== STOP LOGGING NOW ===
=========================================
15/07/2026 15:03:50 -> COM8 Connection unexpectedly lost. Attempting to reconnect automatically...
