

=== RX BOOT - BER TEST MODE ===
BPS_MODE=20 (HALF_SAMPLES=2000, 10000 samples/bit @ 200000 Hz)
Expect: 64-bit preamble + Barker13 (1F35h, gated by 8 preamble bits = 0x55) + 511-bit PRBS-9
Noise floor band: 5000 Hz; lock threshold: BER<0.10
Auto-stop: test will halt 25 min after the first sync.
RX: edge-tracking sync, center-3 voting
Starting decoder...

CSV,5010,500,0,0,0,0,0,0.000000e+00,0.000000e+00,192923074560.0,166690471936.0,1620924.0,50.76,0.63
BER: SYNC #1 (gated)
CSV,10010,1000,1,0,0,81,0,0.000000e+00,0.000000e+00,179097534464.0,174957707264.0,1219528.6,51.67,0.10
CSV,15010,1500,1,0,0,181,0,0.000000e+00,0.000000e+00,218926301184.0,139715543040.0,1077526.1,53.08,1.95
CSV,20010,2000,1,0,0,281,0,0.000000e+00,0.000000e+00,209514004480.0,157617651712.0,1302711.4,52.06,1.24
CSV,25010,2500,1,0,0,381,0,0.000000e+00,0.000000e+00,166800556032.0,195521691648.0,1187342.0,52.17,0.69
CSV,30010,3000,1,0,0,481,0,0.000000e+00,0.000000e+00,195969810432.0,161828126720.0,1127146.1,52.40,0.83
BER: END_SEQ #1 [LOCK] seq_err=0 BER_seq=0.0000e+00 | lock=1 slip=0 BER_cond=0.0000e+00 BER_cum=0.0000e+00
CSV,35010,3500,1,1,0,511,0,0.000000e+00,0.000000e+00,162906128384.0,182244196352.0,1757257.0,50.16,0.49
BER: SYNC #2 (gated)
CSV,40010,4000,2,1,0,604,0,0.000000e+00,0.000000e+00,194298544128.0,170324852736.0,1135814.1,52.33,0.57
CSV,45010,4500,2,1,0,704,0,0.000000e+00,0.000000e+00,235256528896.0,137909682176.0,1158001.2,53.08,2.32
CSV,50010,5000,2,1,0,804,0,0.000000e+00,0.000000e+00,186321141760.0,169196437504.0,1088911.1,52.33,0.42
CSV,55010,5500,2,1,0,904,0,0.000000e+00,0.000000e+00,179400704000.0,173147766784.0,1075716.1,52.22,0.15
CSV,60010,6000,2,1,0,1004,0,0.000000e+00,0.000000e+00,186807926784.0,174864138240.0,1233238.4,51.80,0.29
BER: END_SEQ #2 [LOCK] seq_err=0 BER_seq=0.0000e+00 | lock=2 slip=0 BER_cond=0.0000e+00 BER_cum=0.0000e+00
BER: SYNC #3 (gated)
CSV,65010,6500,3,2,0,1027,0,0.000000e+00,0.000000e+00,179237273600.0,182741843968.0,1866532.6,49.91,0.08
CSV,70010,7000,3,2,0,1127,0,0.000000e+00,0.000000e+00,175932571648.0,177819516928.0,1093387.0,52.11,0.05
CSV,75010,7500,3,2,0,1227,0,0.000000e+00,0.000000e+00,234019897344.0,126530519040.0,1096764.5,53.29,2.67
CSV,80010,8000,3,2,0,1327,0,0.000000e+00,0.000000e+00,186468515840.0,173087014912.0,1149254.2,52.10,0.32
CSV,85010,8500,3,2,0,1427,0,0.000000e+00,0.000000e+00,185206947840.0,179713785856.0,1169850.1,52.00,0.13
CSV,90010,9000,3,2,0,1527,0,0.000000e+00,0.000000e+00,184861278208.0,173124321280.0,1091800.8,52.29,0.28
BER: END_SEQ #3 [LOCK] seq_err=0 BER_seq=0.0000e+00 | lock=3 slip=0 BER_cond=0.0000e+00 BER_cum=0.0000e+00
BER: SYNC #4 (gated)
CSV,95010,9500,4,3,0,1549,0,0.000000e+00,0.000000e+00,161113899008.0,180419706880.0,1904508.1,49.77,0.49
CSV,100010,10000,4,3,0,1649,0,0.000000e+00,0.000000e+00,197916377088.0,162254651392.0,1291544.4,51.85,0.86
CSV,105010,10500,4,3,0,1749,0,0.000000e+00,0.000000e+00,224593608704.0,146745327616.0,1118667.5,53.03,1.85
CSV,110010,11000,4,3,0,1849,0,0.000000e+00,0.000000e+00,192843825152.0,164372398080.0,1154633.9,52.23,0.69
CSV,115010,11500,4,3,0,1949,0,0.000000e+00,0.000000e+00,181079179264.0,172566495232.0,1093910.5,52.19,0.21
BER: END_SEQ #4 [LOCK] seq_err=0 BER_seq=0.0000e+00 | lock=4 slip=0 BER_cond=0.0000e+00 BER_cum=0.0000e+00
CSV,120010,12000,4,4,0,2044,0,0.000000e+00,0.000000e+00,170769907712.0,186573357056.0,1039931.9,52.54,0.38
BER: SYNC #5 (gated)
CSV,125010,12500,5,4,0,2072,0,0.000000e+00,0.000000e+00,183545053184.0,181094973440.0,1798963.6,50.09,0.06
CSV,130010,13000,5,4,0,2172,0,0.000000e+00,0.000000e+00,216465948672.0,145376051200.0,999586.3,53.36,1.73
CSV,135010,13500,5,4,0,2272,0,0.000000e+00,0.000000e+00,195431006208.0,157823500288.0,1251806.2,51.93,0.93
CSV,140010,14000,5,4,0,2372,0,0.000000e+00,0.000000e+00,186907967488.0,170780573696.0,1021331.1,52.62,0.39
CSV,145010,14500,5,4,0,2472,0,0.000000e+00,0.000000e+00,193570816000.0,173693190144.0,1150197.5,52.26,0.47
BER: END_SEQ #5 [LOCK] seq_err=0 BER_seq=0.0000e+00 | lock=5 slip=0 BER_cond=0.0000e+00 BER_cum=0.0000e+00
CSV,150010,15000,5,5,0,2555,0,0.000000e+00,0.000000e+00,174387265536.0,179732758528.0,1207864.2,51.73,0.13
BER: SYNC #6 (gated)
CSV,155010,15500,6,5,0,2595,0,0.000000e+00,0.000000e+00,181658763264.0,162131640320.0,1643843.4,50.43,0.49
CSV,160010,16000,6,5,0,2695,0,0.000000e+00,0.000000e+00,212088864768.0,145515233280.0,1067299.5,52.98,1.64
CSV,165010,16500,6,5,0,2795,0,0.000000e+00,0.000000e+00,191321669632.0,172113723392.0,1119531.8,52.33,0.46
CSV,170010,17000,6,5,0,2895,0,0.000000e+00,0.000000e+00,192830947328.0,165720604672.0,996707.0,52.87,0.66
CSV,175010,17500,6,5,0,2995,0,0.000000e+00,0.000000e+00,177129668608.0,172718358528.0,1125478.6,51.97,0.11
BER: END_SEQ #6 [LOCK] seq_err=0 BER_seq=0.0000e+00 | lock=6 slip=0 BER_cond=0.0000e+00 BER_cum=0.0000e+00
CSV,180010,18000,6,6,0,3066,0,0.000000e+00,0.000000e+00,178842468352.0,175114567680.0,1388367.0,51.10,0.09
BER: SYNC #7 (gated)
CSV,185010,18500,7,6,0,3118,0,0.000000e+00,0.000000e+00,188196782080.0,175629172736.0,1515769.1,50.94,0.30
CSV,190010,19000,7,6,0,3218,0,0.000000e+00,0.000000e+00,226437496832.0,139882921984.0,1040932.4,53.38,2.09
CSV,195010,19500,7,6,0,3317,0,0.000000e+00,0.000000e+00,177007853568.0,173444890624.0,1244277.4,51.53,0.09
CSV,200010,20000,7,6,0,3417,0,0.000000e+00,0.000000e+00,184707416064.0,172047794176.0,1018573.4,52.58,0.31
CSV,205010,20500,7,6,0,3517,0,0.000000e+00,0.000000e+00,196390174720.0,169836478464.0,1257048.6,51.94,0.63
BER: END_SEQ #7 [LOCK] seq_err=0 BER_seq=0.0000e+00 | lock=7 slip=0 BER_cond=0.0000e+00 BER_cum=0.0000e+00
CSV,210010,21000,7,7,0,3577,0,0.000000e+00,0.000000e+00,175484682240.0,179166593024.0,1571508.9,50.57,0.09
BER: SYNC #8 (gated)
CSV,215010,21500,8,7,0,3640,0,0.000000e+00,0.000000e+00,174256603136.0,175271804928.0,1257891.4,51.44,0.03
CSV,220010,22000,8,7,0,3740,0,0.000000e+00,0.000000e+00,233735946240.0,127589875712.0,1118958.9,53.20,2.63
CSV,225010,22500,8,7,0,3840,0,0.000000e+00,0.000000e+00,194085732352.0,171127357440.0,1110717.6,52.42,0.55
CSV,230010,23000,8,7,0,3940,0,0.000000e+00,0.000000e+00,178183028736.0,181185806336.0,1182722.9,51.85,0.07
CSV,235010,23500,8,7,0,4040,0,0.000000e+00,0.000000e+00,185850036224.0,166541049856.0,1224788.4,51.81,0.48
BER: END_SEQ #8 [LOCK] seq_err=0 BER_seq=0.0000e+00 | lock=8 slip=0 BER_cond=0.0000e+00 BER_cum=0.0000e+00
CSV,240010,24000,8,8,0,4088,0,0.000000e+00,0.000000e+00,169682485248.0,177088888832.0,1713467.5,50.14,0.19
BER: SYNC #9 (gated)
CSV,245010,24500,9,8,0,4163,0,0.000000e+00,0.000000e+00,182202302464.0,180310343680.0,1183216.0,51.87,0.05
CSV,250010,25000,9,8,0,4263,0,0.000000e+00,0.000000e+00,230492012544.0,136406663168.0,1166861.1,52.96,2.28
CSV,255010,25500,9,8,0,4363,0,0.000000e+00,0.000000e+00,194878963712.0,158590599168.0,1005754.2,52.87,0.89
CSV,260010,26000,9,8,0,4463,0,0.000000e+00,0.000000e+00,162175844352.0,187957477376.0,1127518.0,52.22,0.64
CSV,265010,26500,9,8,0,4563,0,0.000000e+00,0.000000e+00,202700292096.0,161681670144.0,1073655.1,52.76,0.98
BER: END_SEQ #9 [LOCK] seq_err=0 BER_seq=0.0000e+00 | lock=9 slip=0 BER_cond=0.0000e+00 BER_cum=0.0000e+00
CSV,270010,27000,9,9,0,4599,0,0.000000e+00,0.000000e+00,172213338112.0,182257762304.0,1756796.5,50.16,0.25
BER: SYNC #10 (gated)
CSV,275010,27500,10,9,0,4686,0,0.000000e+00,0.000000e+00,183094427648.0,171070898176.0,1077422.0,52.30,0.29
CSV,280010,28000,10,9,0,4786,0,0.000000e+00,0.000000e+00,221842014208.0,135015317504.0,1156339.8,52.83,2.16
CSV,285010,28500,10,9,0,4886,0,0.000000e+00,0.000000e+00,189983932416.0,169572794368.0,1079595.0,52.45,0.49
CSV,290010,29000,10,9,0,4986,0,0.000000e+00,0.000000e+00,187510849536.0,175169650688.0,1104091.5,52.30,0.30
CSV,295010,29500,10,9,0,5086,0,0.000000e+00,0.000000e+00,182435004416.0,170357211136.0,1027707.9,52.49,0.30
BER: END_SEQ #10 [LOCK] seq_err=0 BER_seq=0.0000e+00 | lock=10 slip=0 BER_cond=0.0000e+00 BER_cum=0.0000e+00
CSV,300010,30000,10,10,0,5110,0,0.000000e+00,0.000000e+00,162455683072.0,181601435648.0,1857201.6,49.90,0.48
BER: SYNC #11 (gated)
CSV,305010,30500,11,10,0,5208,0,0.000000e+00,0.000000e+00,192341114880.0,171152080896.0,1038501.8,52.68,0.51
CSV,310010,31000,11,10,0,5308,0,0.000000e+00,0.000000e+00,236724862976.0,133953347584.0,1061148.8,53.48,2.47
CSV,315010,31500,11,10,0,5408,0,0.000000e+00,0.000000e+00,186386268160.0,168620621824.0,1032693.7,52.56,0.44
CSV,320010,32000,11,10,0,5508,0,0.000000e+00,0.000000e+00,175153037312.0,176229105664.0,1081959.8,52.12,0.03
CSV,325010,32500,11,10,0,5608,0,0.000000e+00,0.000000e+00,185588989952.0,176302505984.0,890114.6,53.19,0.22
BER: END_SEQ #11 [LOCK] seq_err=0 BER_seq=0.0000e+00 | lock=11 slip=0 BER_cond=0.0000e+00 BER_cum=0.0000e+00
BER: SYNC #12 (gated)
CSV,330010,33000,12,11,0,5631,0,0.000000e+00,0.000000e+00,177911808000.0,185150963712.0,1867548.9,49.96,0.17
CSV,335010,33500,12,11,0,5731,0,0.000000e+00,0.000000e+00,189919264768.0,166549241856.0,1146943.4,52.19,0.57
CSV,340010,34000,12,11,0,5831,0,0.000000e+00,0.000000e+00,218913980416.0,140637913088.0,1148374.9,52.80,1.92
CSV,345010,34500,12,11,0,5931,0,0.000000e+00,0.000000e+00,196697899008.0,165028282368.0,1221167.9,52.07,0.76
CSV,350010,35000,12,11,0,6031,0,0.000000e+00,0.000000e+00,177509384192.0,187210235904.0,1211480.4,51.89,0.23
CSV,355010,35500,12,11,0,6131,0,0.000000e+00,0.000000e+00,181231550464.0,177440161792.0,1048845.9,52.38,0.09
BER: END_SEQ #12 [LOCK] seq_err=0 BER_seq=0.0000e+00 | lock=12 slip=0 BER_cond=0.0000e+00 BER_cum=0.0000e+00
BER: SYNC #13 (gated)
CSV,360010,36000,13,12,0,6154,0,0.000000e+00,0.000000e+00,169435660288.0,173026754560.0,1881295.9,49.64,0.09
CSV,365010,36500,13,12,0,6254,0,0.000000e+00,0.000000e+00,207156101120.0,155951038464.0,1211852.9,52.33,1.23
CSV,370010,37000,13,12,0,6354,0,0.000000e+00,0.000000e+00,222108991488.0,150210314240.0,1095877.4,53.07,1.70
CSV,375010,37500,13,12,0,6454,0,0.000000e+00,0.000000e+00,188838068224.0,169413459968.0,1047648.2,52.56,0.47
CSV,380010,38000,13,12,0,6554,0,0.000000e+00,0.000000e+00,181817098240.0,171768233984.0,1147915.6,52.00,0.25
BER: END_SEQ #13 [LOCK] seq_err=0 BER_seq=0.0000e+00 | lock=13 slip=0 BER_cond=0.0000e+00 BER_cum=0.0000e+00
CSV,385010,38500,13,13,0,6643,0,0.000000e+00,0.000000e+00,173697056768.0,184156520448.0,1361854.8,51.31,0.25
BER: SYNC #14 (gated)
CSV,390010,39000,14,13,0,6677,0,0.000000e+00,0.000000e+00,189612998656.0,176733388800.0,1696768.9,50.48,0.31
CSV,395010,39500,14,13,0,6777,0,0.000000e+00,0.000000e+00,217179029504.0,145543626752.0,1053536.5,53.14,1.74
CSV,400010,40000,14,13,0,6876,0,0.000000e+00,0.000000e+00,185339019264.0,166093815808.0,1156546.2,52.05,0.48
CSV,405010,40500,14,13,0,6976,0,0.000000e+00,0.000000e+00,184781946880.0,170789797888.0,1073682.8,52.36,0.34
CSV,410010,41000,14,13,0,7076,0,0.000000e+00,0.000000e+00,197231362048.0,168849342464.0,1186145.4,52.21,0.67
BER: END_SEQ #14 [LOCK] seq_err=0 BER_seq=0.0000e+00 | lock=14 slip=0 BER_cond=0.0000e+00 BER_cum=0.0000e+00
CSV,415010,41500,14,14,0,7154,0,0.000000e+00,0.000000e+00,174310064128.0,179593150464.0,1352521.9,51.23,0.13
BER: SYNC #15 (gated)
CSV,420010,42000,15,14,0,7199,0,0.000000e+00,0.000000e+00,180474839040.0,166661849088.0,1734612.5,50.17,0.35
CSV,425010,42500,15,14,0,7299,0,0.000000e+00,0.000000e+00,223593529344.0,139376295936.0,1199929.0,52.70,2.05
CSV,430010,43000,15,14,0,7399,0,0.000000e+00,0.000000e+00,187506753536.0,179484884992.0,1185931.5,51.99,0.19
CSV,435010,43500,15,14,0,7499,0,0.000000e+00,0.000000e+00,190038130688.0,170257235968.0,1160468.1,52.14,0.48
CSV,440010,44000,15,14,0,7599,0,0.000000e+00,0.000000e+00,176820404224.0,172417286144.0,1082831.9,52.13,0.11
BER: END_SEQ #15 [LOCK] seq_err=0 BER_seq=0.0000e+00 | lock=15 slip=0 BER_cond=0.0000e+00 BER_cum=0.0000e+00
CSV,445010,44500,15,15,0,7665,0,0.000000e+00,0.000000e+00,180544503808.0,172778799104.0,1366032.2,51.21,0.19
BER: SYNC #16 (gated)
CSV,450010,45000,16,15,0,7722,0,0.000000e+00,0.000000e+00,186608041984.0,176472047616.0,1425632.2,51.17,0.24
CSV,455010,45500,16,15,0,7822,0,0.000000e+00,0.000000e+00,226417082368.0,136523472896.0,1035369.1,53.40,2.20
CSV,460010,46000,16,15,0,7922,0,0.000000e+00,0.000000e+00,189348478976.0,162199535616.0,1155145.9,52.15,0.67
CSV,465010,46500,16,15,0,8022,0,0.000000e+00,0.000000e+00,170967187456.0,180973469696.0,1028748.2,52.45,0.25
CSV,470010,47000,16,15,0,8122,0,0.000000e+00,0.000000e+00,203873927168.0,162082013184.0,1180587.8,52.37,1.00
BER: END_SEQ #16 [LOCK] seq_err=0 BER_seq=0.0000e+00 | lock=16 slip=0 BER_cond=0.0000e+00 BER_cum=0.0000e+00
CSV,475010,47500,16,16,0,8176,0,0.000000e+00,0.000000e+00,167409467392.0,182569058304.0,1507859.4,50.83,0.38
BER: SYNC #17 (gated)
CSV,480010,48000,17,16,0,8245,0,0.000000e+00,0.000000e+00,173211041792.0,176213606400.0,1180143.6,51.74,0.07
CSV,485010,48500,17,16,0,8345,0,0.000000e+00,0.000000e+00,231873462272.0,131020906496.0,1177128.1,52.94,2.48
CSV,490010,49000,17,16,0,8445,0,0.000000e+00,0.000000e+00,201841934336.0,166431965184.0,1162193.6,52.40,0.84
CSV,495010,49500,17,16,0,8545,0,0.000000e+00,0.000000e+00,174842511360.0,184572215296.0,1041901.1,52.48,0.24
CSV,500010,50000,17,16,0,8644,0,0.000000e+00,0.000000e+00,194689695744.0,160801046528.0,1031810.9,52.76,0.83
BER: END_SEQ #17 [LOCK] seq_err=0 BER_seq=0.0000e+00 | lock=17 slip=0 BER_cond=0.0000e+00 BER_cum=0.0000e+00
CSV,505010,50500,17,17,0,8687,0,0.000000e+00,0.000000e+00,164264263680.0,183276978176.0,1766425.0,50.16,0.48
BER: SYNC #18 (gated)
CSV,510010,51000,18,17,0,8767,0,0.000000e+00,0.000000e+00,184928845824.0,181504049152.0,1163957.0,52.01,0.08
CSV,515010,51500,18,17,0,8867,0,0.000000e+00,0.000000e+00,224980697088.0,143799484416.0,1056433.1,53.28,1.94
CSV,520010,52000,18,17,0,8967,0,0.000000e+00,0.000000e+00,205466828800.0,151384276992.0,1219858.4,52.26,1.33
CSV,525010,52500,18,17,0,9067,0,0.000000e+00,0.000000e+00,160801030144.0,191707496448.0,1083421.2,52.48,0.76
CSV,530010,53000,18,17,0,9167,0,0.000000e+00,0.000000e+00,199720108032.0,167499448320.0,1224033.9,52.13,0.76
BER: END_SEQ #18 [LOCK] seq_err=0 BER_seq=0.0000e+00 | lock=18 slip=0 BER_cond=0.0000e+00 BER_cum=0.0000e+00
CSV,535010,53500,18,18,0,9198,0,0.000000e+00,0.000000e+00,169116368896.0,187095171072.0,1796186.5,50.18,0.44
BER: SYNC #19 (gated)
CSV,540010,54000,19,18,0,9290,0,0.000000e+00,0.000000e+00,193519124480.0,162989932544.0,1128963.4,52.34,0.75
CSV,545010,54500,19,18,0,9390,0,0.000000e+00,0.000000e+00,225396260864.0,135945027584.0,1086516.8,53.17,2.20
CSV,550010,55000,19,18,0,9490,0,0.000000e+00,0.000000e+00,192239255552.0,172557615104.0,1096917.8,52.44,0.47
CSV,555010,55500,19,18,0,9590,0,0.000000e+00,0.000000e+00,186525433856.0,177034510336.0,1169580.5,52.03,0.23
CSV,560010,56000,19,18,0,9690,0,0.000000e+00,0.000000e+00,183490805760.0,171395055616.0,1240763.9,51.70,0.30
BER: END_SEQ #19 [LOCK] seq_err=0 BER_seq=0.0000e+00 | lock=19 slip=0 BER_cond=0.0000e+00 BER_cum=0.0000e+00
BER: SYNC #20 (gated)
CSV,565010,56500,20,19,0,9713,0,0.000000e+00,0.000000e+00,166923436032.0,175386443776.0,1765452.8,49.97,0.21
CSV,570010,57000,20,19,0,9813,0,0.000000e+00,0.000000e+00,182882156544.0,179077824512.0,1109165.1,52.17,0.09
CSV,575010,57500,20,19,0,9913,0,0.000000e+00,0.000000e+00,239830859776.0,129347231744.0,1084388.8,53.45,2.68
CSV,580010,58000,20,19,0,10013,0,0.000000e+00,0.000000e+00,182918397952.0,169957851136.0,1027419.1,52.51,0.32
CSV,585010,58500,20,19,0,10113,0,0.000000e+00,0.000000e+00,177135697920.0,171666456576.0,1144705.0,51.90,0.14
CSV,590010,59000,20,19,0,10213,0,0.000000e+00,0.000000e+00,186574356480.0,173608812544.0,978154.8,52.80,0.31
BER: END_SEQ #20 [LOCK] seq_err=0 BER_seq=0.0000e+00 | lock=20 slip=0 BER_cond=0.0000e+00 BER_cum=0.0000e+00
BER: SYNC #21 (gated)
CSV,595010,59500,21,20,0,10236,0,0.000000e+00,0.000000e+00,167400685568.0,190989516800.0,1826954.1,50.19,0.57
CSV,600010,60000,21,20,0,10336,0,0.000000e+00,0.000000e+00,198436225024.0,156588408832.0,1149966.8,52.37,1.03
CSV,605010,60500,21,20,0,10435,0,0.000000e+00,0.000000e+00,215132766208.0,142483324928.0,1130025.6,52.80,1.79
CSV,610010,61000,21,20,0,10535,0,0.000000e+00,0.000000e+00,197770035200.0,164751540224.0,1117631.1,52.48,0.79
CSV,615010,61500,21,20,0,10635,0,0.000000e+00,0.000000e+00,185642582016.0,180444987392.0,1060440.1,52.43,0.12
BER: END_SEQ #21 [LOCK] seq_err=0 BER_seq=0.0000e+00 | lock=21 slip=0 BER_cond=0.0000e+00 BER_cum=0.0000e+00
CSV,620010,62000,21,21,0,10731,0,0.000000e+00,0.000000e+00,172533366784.0,183022419968.0,981618.4,52.71,0.26
BER: SYNC #22 (gated)
CSV,625010,62500,22,21,0,10758,0,0.000000e+00,0.000000e+00,169856172032.0,173928480768.0,1842155.8,49.75,0.10
CSV,630010,63000,22,21,0,10858,0,0.000000e+00,0.000000e+00,218301120512.0,146391318528.0,965971.1,53.54,1.74
CSV,635010,63500,22,21,0,10958,0,0.000000e+00,0.000000e+00,207164538880.0,161833648128.0,1167292.6,52.49,1.07
CSV,640010,64000,22,21,0,11058,0,0.000000e+00,0.000000e+00,184594989056.0,172628590592.0,983859.1,52.73,0.29
CSV,645010,64500,22,21,0,11158,0,0.000000e+00,0.000000e+00,183602331648.0,167576829952.0,1130672.0,52.11,0.40
BER: END_SEQ #22 [LOCK] seq_err=0 BER_seq=0.0000e+00 | lock=22 slip=0 BER_cond=0.0000e+00 BER_cum=0.0000e+00
CSV,650010,65000,22,22,0,11242,0,0.000000e+00,0.000000e+00,177304879104.0,179226689536.0,1158934.6,51.89,0.05
BER: SYNC #23 (gated)
CSV,655010,65500,23,22,0,11281,0,0.000000e+00,0.000000e+00,192872185856.0,172791595008.0,1614153.4,50.77,0.48
CSV,660010,66000,23,22,0,11381,0,0.000000e+00,0.000000e+00,215093936128.0,145696096256.0,1153451.5,52.71,1.69
CSV,665010,66500,23,22,0,11481,0,0.000000e+00,0.000000e+00,182231187456.0,168445444096.0,1102140.5,52.18,0.34
CSV,670010,67000,23,22,0,11581,0,0.000000e+00,0.000000e+00,196021567488.0,163183542272.0,1038433.5,52.76,0.80
CSV,675010,67500,23,22,0,11681,0,0.000000e+00,0.000000e+00,185458065408.0,179611271168.0,1153264.5,52.06,0.14
BER: END_SEQ #23 [LOCK] seq_err=0 BER_seq=0.0000e+00 | lock=23 slip=0 BER_cond=0.0000e+00 BER_cum=0.0000e+00
CSV,680010,68000,23,23,0,11753,0,0.000000e+00,0.000000e+00,175446097920.0,176172285952.0,1342739.2,51.18,0.02
BER: SYNC #24 (gated)
CSV,685010,68500,24,23,0,11804,0,0.000000e+00,0.000000e+00,178776162304.0,167495647232.0,1484535.4,50.81,0.28
CSV,690010,69000,24,23,0,11904,0,0.000000e+00,0.000000e+00,224952320000.0,138395238400.0,1008803.8,53.48,2.11
CSV,695010,69500,24,23,0,12004,0,0.000000e+00,0.000000e+00,185571852288.0,179442696192.0,1185566.1,51.95,0.15
CSV,700010,70000,24,23,0,12104,0,0.000000e+00,0.000000e+00,188559638528.0,168406761472.0,1016089.2,52.69,0.49
CSV,705010,70500,24,23,0,12203,0,0.000000e+00,0.000000e+00,184293212160.0,165065359360.0,1221970.4,51.78,0.48
BER: END_SEQ #24 [LOCK] seq_err=0 BER_seq=0.0000e+00 | lock=24 slip=0 BER_cond=0.0000e+00 BER_cum=0.0000e+00
CSV,710010,71000,24,24,0,12264,0,0.000000e+00,0.000000e+00,174473412608.0,176062185472.0,1466406.8,50.79,0.04
BER: SYNC #25 (gated)
CSV,715010,71500,25,24,0,12326,0,0.000000e+00,0.000000e+00,183729422336.0,177053122560.0,1324091.5,51.42,0.16
CSV,720010,72000,25,24,0,12426,0,0.000000e+00,0.000000e+00,231108378624.0,131099271168.0,1111889.2,53.18,2.46
CSV,725010,72500,25,24,0,12526,0,0.000000e+00,0.000000e+00,189444653056.0,162750038016.0,1105926.4,52.34,0.66
CSV,730010,73000,25,24,0,12626,0,0.000000e+00,0.000000e+00,175175221248.0,178256281600.0,1138118.8,51.95,0.08
CSV,735010,73500,25,24,0,12726,0,0.000000e+00,0.000000e+00,193794736128.0,170040786944.0,1262875.2,51.86,0.57
BER: END_SEQ #25 [LOCK] seq_err=0 BER_seq=0.0000e+00 | lock=25 slip=0 BER_cond=0.0000e+00 BER_cum=0.0000e+00
CSV,740010,74000,25,25,0,12775,0,0.000000e+00,0.000000e+00,170175234048.0,179867123712.0,1686591.5,50.28,0.24
BER: SYNC #26 (gated)
CSV,745010,74500,26,25,0,12849,0,0.000000e+00,0.000000e+00,176324263936.0,175456878592.0,1165093.1,51.80,0.02
CSV,750010,75000,26,25,0,12949,0,0.000000e+00,0.000000e+00,227108093952.0,133560688640.0,1163369.1,52.91,2.31
CSV,755010,75500,26,25,0,13049,0,0.000000e+00,0.000000e+00,203013242880.0,163517988864.0,994783.4,53.10,0.94
CSV,760010,76000,26,25,0,13149,0,0.000000e+00,0.000000e+00,165377474560.0,189646356480.0,1079667.1,52.45,0.59
CSV,765010,76500,26,25,0,13249,0,0.000000e+00,0.000000e+00,194833055744.0,158263640064.0,1110373.6,52.44,0.90
BER: END_SEQ #26 [LOCK] seq_err=0 BER_seq=0.0000e+00 | lock=26 slip=0 BER_cond=0.0000e+00 BER_cum=0.0000e+00
CSV,770010,77000,26,26,0,13286,0,0.000000e+00,0.000000e+00,169682223104.0,174675787776.0,1801329.2,49.87,0.13
BER: SYNC #27 (gated)
CSV,775010,77500,27,26,0,13372,0,0.000000e+00,0.000000e+00,188462137344.0,174640807936.0,1163287.8,52.10,0.33
CSV,780010,78000,27,26,0,13472,0,0.000000e+00,0.000000e+00,222033264640.0,140772229120.0,1117361.4,52.98,1.98
CSV,785010,78500,27,26,0,13572,0,0.000000e+00,0.000000e+00,188689924096.0,162626289664.0,1091140.2,52.38,0.65
CSV,790010,79000,27,26,0,13672,0,0.000000e+00,0.000000e+00,178139840512.0,172416483328.0,1069978.1,52.21,0.14
CSV,795010,79500,27,26,0,13772,0,0.000000e+00,0.000000e+00,186800947200.0,174133493760.0,1031769.5,52.58,0.30
BER: END_SEQ #27 [LOCK] seq_err=0 BER_seq=0.0000e+00 | lock=27 slip=0 BER_cond=0.0000e+00 BER_cum=0.0000e+00
CSV,800010,80000,27,27,0,13797,0,0.000000e+00,0.000000e+00,167366066176.0,183651909632.0,1781526.6,50.13,0.40
BER: SYNC #28 (gated)
CSV,805010,80500,28,27,0,13894,0,0.000000e+00,0.000000e+00,189229613056.0,161792720896.0,995520.2,52.79,0.68
CSV,810010,81000,28,27,0,13994,0,0.000000e+00,0.000000e+00,228652220416.0,127984377856.0,1074388.2,53.28,2.52
CSV,815010,81500,28,27,0,14094,0,0.000000e+00,0.000000e+00,186362281984.0,172114149376.0,1059731.2,52.45,0.35
CSV,820010,82000,28,27,0,14194,0,0.000000e+00,0.000000e+00,182590586880.0,174657142784.0,1042690.4,52.43,0.19
CSV,825010,82500,28,27,0,14294,0,0.000000e+00,0.000000e+00,177819025408.0,172523782144.0,850378.7,53.20,0.13
BER: END_SEQ #28 [LOCK] seq_err=0 BER_seq=0.0000e+00 | lock=28 slip=0 BER_cond=0.0000e+00 BER_cum=0.0000e+00
BER: SYNC #29 (gated)
CSV,830010,83000,29,28,0,14317,0,0.000000e+00,0.000000e+00,167458783232.0,172322914304.0,1832816.2,49.73,0.12
CSV,835010,83500,29,28,0,14417,0,0.000000e+00,0.000000e+00,189911777280.0,169420701696.0,1042708.6,52.60,0.50
CSV,840010,84000,29,28,0,14517,0,0.000000e+00,0.000000e+00,224046235648.0,141253197824.0,1071687.2,53.20,2.00
CSV,845010,84500,29,28,0,14617,0,0.000000e+00,0.000000e+00,191042289664.0,159742410752.0,1189251.4,52.06,0.78
CSV,850010,85000,29,28,0,14717,0,0.000000e+00,0.000000e+00,170199334912.0,175966486528.0,1092871.4,52.07,0.14
CSV,855010,85500,29,28,0,14817,0,0.000000e+00,0.000000e+00,181689319424.0,175759687680.0,925438.1,52.93,0.14
BER: END_SEQ #29 [LOCK] seq_err=0 BER_seq=0.0000e+00 | lock=29 slip=0 BER_cond=0.0000e+00 BER_cum=0.0000e+00
BER: SYNC #30 (gated)
CSV,860010,86000,30,29,0,14840,0,0.000000e+00,0.000000e+00,178555437056.0,179611746304.0,1819455.2,49.94,0.03
CSV,865010,86500,30,29,0,14940,0,0.000000e+00,0.000000e+00,198703415296.0,153735397376.0,1159759.6,52.34,1.11
CSV,870010,87000,30,29,0,15040,0,0.000000e+00,0.000000e+00,216280072192.0,139364663296.0,1045844.8,53.16,1.91
CSV,875010,87500,30,29,0,15140,0,0.000000e+00,0.000000e+00,186450329600.0,171995201536.0,1066315.8,52.43,0.35
CSV,880010,88000,30,29,0,15240,0,0.000000e+00,0.000000e+00,188325658624.0,175486042112.0,1052973.9,52.52,0.31
BER: END_SEQ #30 [LOCK] seq_err=0 BER_seq=0.0000e+00 | lock=30 slip=0 BER_cond=0.0000e+00 BER_cum=0.0000e+00
CSV,885010,88500,30,30,0,15330,0,0.000000e+00,0.000000e+00,170576576512.0,180892057600.0,1319230.5,51.37,0.26
BER: SYNC #31 (gated)
CSV,890010,89000,31,30,0,15363,0,0.000000e+00,0.000000e+00,177385783296.0,166245154816.0,1739685.4,50.08,0.28
CSV,895010,89500,31,30,0,15463,0,0.000000e+00,0.000000e+00,217254313984.0,145238130688.0,1058043.5,53.12,1.75
CSV,900010,90000,31,30,0,15563,0,0.000000e+00,0.000000e+00,192905658368.0,173054181376.0,1161810.0,52.20,0.47
CSV,905010,90500,31,30,0,15663,0,0.000000e+00,0.000000e+00,187819622400.0,168532410368.0,1170544.6,52.05,0.47
CSV,910010,91000,31,30,0,15762,0,0.000000e+00,0.000000e+00,189537943552.0,162474098688.0,1179363.8,52.06,0.67
BER: END_SEQ #31 [LOCK] seq_err=0 BER_seq=0.0000e+00 | lock=31 slip=0 BER_cond=0.0000e+00 BER_cum=0.0000e+00
CSV,915010,91500,31,31,0,15841,0,0.000000e+00,0.000000e+00,173132709888.0,182824697856.0,1389319.9,51.19,0.24
BER: SYNC #32 (gated)
CSV,920010,92000,32,31,0,15885,0,0.000000e+00,0.000000e+00,193079803904.0,172754321408.0,1705136.4,50.54,0.48
CSV,925010,92500,32,31,0,15985,0,0.000000e+00,0.000000e+00,220670541824.0,140942934016.0,1095263.8,53.04,1.95
CSV,930010,93000,32,31,0,16085,0,0.000000e+00,0.000000e+00,179671793664.0,169991815168.0,1136308.1,51.99,0.24
CSV,935010,93500,32,31,0,16185,0,0.000000e+00,0.000000e+00,190810734592.0,167977205760.0,1102793.0,52.38,0.55
CSV,940010,94000,32,31,0,16285,0,0.000000e+00,0.000000e+00,183978164224.0,181508603904.0,1080146.8,52.31,0.06
BER: END_SEQ #32 [LOCK] seq_err=0 BER_seq=0.0000e+00 | lock=32 slip=0 BER_cond=0.0000e+00 BER_cum=0.0000e+00
CSV,945010,94500,32,32,0,16352,0,0.000000e+00,0.000000e+00,180046200832.0,172594118656.0,1347556.9,51.26,0.18
BER: SYNC #33 (gated)
CSV,950010,95000,33,32,0,16408,0,0.000000e+00,0.000000e+00,180041334784.0,168014086144.0,1428198.2,51.01,0.30
CSV,955010,95500,33,32,0,16508,0,0.000000e+00,0.000000e+00,224696090624.0,137847767040.0,1158034.5,52.88,2.12
CSV,960010,96000,33,32,0,16608,0,0.000000e+00,0.000000e+00,194949480448.0,171037704192.0,1130921.9,52.36,0.57
CSV,965010,96500,33,32,0,16708,0,0.000000e+00,0.000000e+00,172336185344.0,182097723392.0,1077474.0,52.28,0.24
CSV,970010,97000,33,32,0,16808,0,0.000000e+00,0.000000e+00,197202591744.0,155449409536.0,1049664.9,52.74,1.03
BER: END_SEQ #33 [LOCK] seq_err=0 BER_seq=0.0000e+00 | lock=33 slip=0 BER_cond=0.0000e+00 BER_cum=0.0000e+00
CSV,975010,97500,33,33,0,16863,0,0.000000e+00,0.000000e+00,168986509312.0,180895449088.0,1583508.5,50.58,0.30
BER: SYNC #34 (gated)
CSV,980010,98000,34,33,0,16931,0,0.000000e+00,0.000000e+00,180989313024.0,182085664768.0,1292554.2,51.49,0.03
CSV,985010,98500,34,33,0,17031,0,0.000000e+00,0.000000e+00,233228304384.0,131509534720.0,1025579.1,53.57,2.49
CSV,990010,99000,34,33,0,17131,0,0.000000e+00,0.000000e+00,190133600256.0,162426748928.0,1047929.1,52.59,0.68
CSV,995010,99500,34,33,0,17231,0,0.000000e+00,0.000000e+00,175267020800.0,178239258624.0,1097178.4,52.11,0.07
CSV,1000010,100000,34,33,0,17331,0,0.000000e+00,0.000000e+00,201521987584.0,165869158400.0,960869.1,53.22,0.85
BER: END_SEQ #34 [LOCK] seq_err=0 BER_seq=0.0000e+00 | lock=34 slip=0 BER_cond=0.0000e+00 BER_cum=0.0000e+00
CSV,1005010,100500,34,34,0,17374,0,0.000000e+00,0.000000e+00,166064914432.0,183459332096.0,1694504.1,50.34,0.43
BER: SYNC #35 (gated)
CSV,1010010,101000,35,34,0,17453,0,0.000000e+00,0.000000e+00,174771126272.0,177179426816.0,1167386.8,51.81,0.06
CSV,1015010,101500,35,34,0,17553,0,0.000000e+00,0.000000e+00,224137363456.0,136776032256.0,1121970.2,53.01,2.15
CSV,1020010,102000,35,34,0,17653,0,0.000000e+00,0.000000e+00,207962439680.0,157561765888.0,1212269.9,52.34,1.21
CSV,1025010,102500,35,34,0,17753,0,0.000000e+00,0.000000e+00,164118478848.0,189423239168.0,1139466.1,52.21,0.62
CSV,1030010,103000,35,34,0,17853,0,0.000000e+00,0.000000e+00,190429560832.0,160934658048.0,1118658.0,52.31,0.73
BER: END_SEQ #35 [LOCK] seq_err=0 BER_seq=0.0000e+00 | lock=35 slip=0 BER_cond=0.0000e+00 BER_cum=0.0000e+00
CSV,1035010,103500,35,35,0,17885,0,0.000000e+00,0.000000e+00,162760474624.0,179928875008.0,1767207.8,50.08,0.44
BER: SYNC #36 (gated)
CSV,1040010,104000,36,35,0,17976,0,0.000000e+00,0.000000e+00,198288293888.0,165533220864.0,1086013.2,52.61,0.78
CSV,1045010,104500,36,35,0,18076,0,0.000000e+00,0.000000e+00,224765149184.0,137344581632.0,1123158.6,53.01,2.14
CSV,1050010,105000,36,35,0,18176,0,0.000000e+00,0.000000e+00,185087918080.0,165307957248.0,1079802.5,52.34,0.49
CSV,1055010,105500,36,35,0,18276,0,0.000000e+00,0.000000e+00,181853388800.0,169770631168.0,1100262.2,52.18,0.30
CSV,1060010,106000,36,35,0,18376,0,0.000000e+00,0.000000e+00,190096326656.0,172432752640.0,1178182.8,52.08,0.42
BER: END_SEQ #36 [LOCK] seq_err=0 BER_seq=0.0000e+00 | lock=36 slip=0 BER_cond=0.0000e+00 BER_cum=0.0000e+00
BER: SYNC #37 (gated)
CSV,1065010,106500,37,36,0,18399,0,0.000000e+00,0.000000e+00,169342402560.0,183318364160.0,1861894.9,49.93,0.34
CSV,1070010,107000,37,36,0,18499,0,0.000000e+00,0.000000e+00,180386627584.0,170923098112.0,1081285.2,52.22,0.23
CSV,1075010,107500,37,36,0,18599,0,0.000000e+00,0.000000e+00,231406551040.0,127785648128.0,1067110.0,53.36,2.58
CSV,1080010,108000,37,36,0,18699,0,0.000000e+00,0.000000e+00,187279392768.0,174545862656.0,1130490.4,52.19,0.31
CSV,1085010,108500,37,36,0,18799,0,0.000000e+00,0.000000e+00,181446737920.0,174991540224.0,1179423.2,51.87,0.16
CSV,1090010,109000,37,36,0,18899,0,0.000000e+00,0.000000e+00,185651249152.0,165993971712.0,1106154.9,52.25,0.49
BER: END_SEQ #37 [LOCK] seq_err=0 BER_seq=0.0000e+00 | lock=37 slip=0 BER_cond=0.0000e+00 BER_cum=0.0000e+00
BER: SYNC #38 (gated)
CSV,1095010,109500,38,37,0,18922,0,0.000000e+00,0.000000e+00,153221513216.0,184972394496.0,1851004.1,50.00,0.82
CSV,1100010,110000,38,37,0,19022,0,0.000000e+00,0.000000e+00,201896837120.0,158994300928.0,1223107.4,52.18,1.04
CSV,1105010,110500,38,37,0,19122,0,0.000000e+00,0.000000e+00,222198349824.0,142126776320.0,1091879.5,53.09,1.94
CSV,1110010,111000,38,37,0,19222,0,0.000000e+00,0.000000e+00,188628434944.0,160912818176.0,1096282.6,52.36,0.69
CSV,1115010,111500,38,37,0,19321,0,0.000000e+00,0.000000e+00,176519757824.0,171681529856.0,1069525.4,52.18,0.12
BER: END_SEQ #38 [LOCK] seq_err=0 BER_seq=0.0000e+00 | lock=38 slip=0 BER_cond=0.0000e+00 BER_cum=0.0000e+00
CSV,1120010,112000,38,38,0,19418,0,0.000000e+00,0.000000e+00,173887864832.0,181517533184.0,942814.2,52.84,0.19
BER: SYNC #39 (gated)
CSV,1125010,112500,39,38,0,19444,0,0.000000e+00,0.000000e+00,178200297472.0,178501353472.0,1842747.9,49.86,0.01
CSV,1130010,113000,39,38,0,19544,0,0.000000e+00,0.000000e+00,211370573824.0,141901250560.0,993323.9,53.28,1.73
CSV,1135010,113500,39,38,0,19644,0,0.000000e+00,0.000000e+00,200414724096.0,148353089536.0,1246607.9,52.06,1.31
CSV,1140010,114000,39,38,0,19744,0,0.000000e+00,0.000000e+00,185112084480.0,171678728192.0,979432.7,52.76,0.33
CSV,1145010,114500,39,38,0,19844,0,0.000000e+00,0.000000e+00,187632222208.0,174185775104.0,1153704.9,52.11,0.32
BER: END_SEQ #39 [LOCK] seq_err=0 BER_seq=0.0000e+00 | lock=39 slip=0 BER_cond=0.0000e+00 BER_cum=0.0000e+00
CSV,1150010,115000,39,39,0,19929,0,0.000000e+00,0.000000e+00,173320683520.0,175236136960.0,1163127.1,51.78,0.05
BER: SYNC #40 (gated)
CSV,1155010,115500,40,39,0,19967,0,0.000000e+00,0.000000e+00,180709572608.0,160500678656.0,1600487.6,50.53,0.52
CSV,1160010,116000,40,39,0,20067,0,0.000000e+00,0.000000e+00,215721164800.0,143170437120.0,1121721.9,52.84,1.78
CSV,1165010,116500,40,39,0,20167,0,0.000000e+00,0.000000e+00,187679457280.0,172929007616.0,1076582.0,52.41,0.36
CSV,1170010,117000,40,39,0,20267,0,0.000000e+00,0.000000e+00,191765643264.0,161108033536.0,993231.6,52.86,0.76
CSV,1175010,117500,40,39,0,20367,0,0.000000e+00,0.000000e+00,176628891648.0,172228853760.0,1108875.8,52.02,0.11
BER: END_SEQ #40 [LOCK] seq_err=0 BER_seq=0.0000e+00 | lock=40 slip=0 BER_cond=0.0000e+00 BER_cum=0.0000e+00
CSV,1180010,118000,40,40,0,20440,0,0.000000e+00,0.000000e+00,179789398016.0,176537157632.0,1387150.4,51.13,0.08
BER: SYNC #41 (gated)
CSV,1185010,118500,41,40,0,20490,0,0.000000e+00,0.000000e+00,188913942528.0,175822422016.0,1482405.8,51.05,0.31
CSV,1190010,119000,41,40,0,20590,0,0.000000e+00,0.000000e+00,221342760960.0,141011173376.0,1035534.3,53.30,1.96
CSV,1195010,119500,41,40,0,20690,0,0.000000e+00,0.000000e+00,180841545728.0,170114990080.0,1201035.9,51.78,0.27
CSV,1200010,120000,41,40,0,20790,0,0.000000e+00,0.000000e+00,189881942016.0,169296216064.0,1039302.8,52.62,0.50
CSV,1205010,120500,41,40,0,20890,0,0.000000e+00,0.000000e+00,190055792640.0,177191731200.0,1197568.0,52.01,0.30
BER: END_SEQ #41 [LOCK] seq_err=0 BER_seq=0.0000e+00 | lock=41 slip=0 BER_cond=0.0000e+00 BER_cum=0.0000e+00
CSV,1210010,121000,41,41,0,20951,0,0.000000e+00,0.000000e+00,178094440448.0,174715551744.0,1537270.6,50.64,0.08
BER: SYNC #42 (gated)
CSV,1215010,121500,42,41,0,21012,0,0.000000e+00,0.000000e+00,177515773952.0,172261343232.0,1368572.5,51.13,0.13
CSV,1220010,122000,42,41,0,21112,0,0.000000e+00,0.000000e+00,228752769024.0,135852556288.0,1136980.0,53.04,2.26
CSV,1225010,122500,42,41,0,21212,0,0.000000e+00,0.000000e+00,197965283328.0,170152558592.0,1107029.0,52.52,0.66
CSV,1230010,123000,42,41,0,21312,0,0.000000e+00,0.000000e+00,177722654720.0,178677039104.0,1146479.0,51.93,0.02
CSV,1235010,123500,42,41,0,21412,0,0.000000e+00,0.000000e+00,189076373504.0,162386214912.0,1243930.0,51.82,0.66
BER: END_SEQ #42 [LOCK] seq_err=0 BER_seq=0.0000e+00 | lock=42 slip=0 BER_cond=0.0000e+00 BER_cum=0.0000e+00
CSV,1240010,124000,42,42,0,21462,0,0.000000e+00,0.000000e+00,168842117120.0,181929263104.0,1711391.8,50.27,0.32
BER: SYNC #43 (gated)
CSV,1245010,124500,43,42,0,21535,0,0.000000e+00,0.000000e+00,181519384576.0,183293706240.0,1205741.9,51.82,0.04
CSV,1250010,125000,43,42,0,21635,0,0.000000e+00,0.000000e+00,228856774656.0,134904135680.0,1197504.8,52.81,2.30
CSV,1255010,125500,43,42,0,21735,0,0.000000e+00,0.000000e+00,199295664128.0,153609469952.0,1013132.6,52.94,1.13
CSV,1260010,126000,43,42,0,21835,0,0.000000e+00,0.000000e+00,161552908288.0,190048092160.0,1090330.5,52.41,0.71
CSV,1265010,126500,43,42,0,21935,0,0.000000e+00,0.000000e+00,203898159104.0,163899932672.0,1077753.1,52.77,0.95
BER: END_SEQ #43 [LOCK] seq_err=0 BER_seq=0.0000e+00 | lock=43 slip=0 BER_cond=0.0000e+00 BER_cum=0.0000e+00
CSV,1270010,127000,43,43,0,21973,0,0.000000e+00,0.000000e+00,171479908352.0,179649445888.0,1810180.1,49.97,0.20
BER: SYNC #44 (gated)
CSV,1275010,127500,44,43,0,22058,0,0.000000e+00,0.000000e+00,183275323392.0,171570151424.0,1085580.8,52.27,0.29
CSV,1280010,128000,44,43,0,22158,0,0.000000e+00,0.000000e+00,220807675904.0,141229834240.0,1139829.6,52.87,1.94
CSV,1285010,128500,44,43,0,22258,0,0.000000e+00,0.000000e+00,200890843136.0,168012775424.0,1124424.8,52.52,0.78
CSV,1290010,129000,44,43,0,22358,0,0.000000e+00,0.000000e+00,179010879488.0,180332838912.0,1101680.9,52.14,0.03
CSV,1295010,129500,44,43,0,22458,0,0.000000e+00,0.000000e+00,186240040960.0,167398342656.0,1052510.9,52.48,0.46
BER: END_SEQ #44 [LOCK] seq_err=0 BER_seq=0.0000e+00 | lock=44 slip=0 BER_cond=0.0000e+00 BER_cum=0.0000e+00
CSV,1300010,130000,44,44,0,22484,0,0.000000e+00,0.000000e+00,164370792448.0,182045442048.0,1905534.1,49.80,0.44
BER: SYNC #45 (gated)
CSV,1305010,130500,45,44,0,22581,0,0.000000e+00,0.000000e+00,193858682880.0,173040238592.0,1011686.9,52.82,0.49
CSV,1310010,131000,45,44,0,22681,0,0.000000e+00,0.000000e+00,235606261760.0,133449662464.0,1085841.8,53.36,2.47
CSV,1315010,131500,45,44,0,22780,0,0.000000e+00,0.000000e+00,183220273152.0,171041980416.0,1017467.4,52.55,0.30
CSV,1320010,132000,45,44,0,22880,0,0.000000e+00,0.000000e+00,183463886848.0,171724406784.0,1104884.4,52.20,0.29
CSV,1325010,132500,45,44,0,22980,0,0.000000e+00,0.000000e+00,185824870400.0,180802699264.0,895221.8,53.17,0.12
BER: END_SEQ #45 [LOCK] seq_err=0 BER_seq=0.0000e+00 | lock=45 slip=0 BER_cond=0.0000e+00 BER_cum=0.0000e+00
BER: SYNC #46 (gated)
CSV,1330010,133000,46,45,0,23003,0,0.000000e+00,0.000000e+00,173583597568.0,183641833472.0,1887499.5,49.88,0.24
CSV,1335010,133500,46,45,0,23103,0,0.000000e+00,0.000000e+00,187236057088.0,168167587840.0,1110087.6,52.27,0.47
CSV,1340010,134000,46,45,0,23203,0,0.000000e+00,0.000000e+00,224366919680.0,137273573376.0,1123436.9,53.00,2.13
CSV,1345010,134500,46,45,0,23303,0,0.000000e+00,0.000000e+00,194954100736.0,170466770944.0,1287391.0,51.80,0.58
CSV,1350010,135000,46,45,0,23403,0,0.000000e+00,0.000000e+00,180801617920.0,179636027392.0,1176092.2,51.87,0.03
CSV,1355010,135500,46,45,0,23503,0,0.000000e+00,0.000000e+00,180425965568.0,175114780672.0,1032940.4,52.42,0.13
BER: END_SEQ #46 [LOCK] seq_err=0 BER_seq=0.0000e+00 | lock=46 slip=0 BER_cond=0.0000e+00 BER_cum=0.0000e+00
BER: SYNC #47 (gated)
CSV,1360010,136000,47,46,0,23526,0,0.000000e+00,0.000000e+00,170093281280.0,173848543232.0,1870443.0,49.68,0.09
CSV,1365010,136500,47,46,0,23626,0,0.000000e+00,0.000000e+00,204418580480.0,161680850944.0,1186295.2,52.36,1.02
CSV,1370010,137000,47,46,0,23726,0,0.000000e+00,0.000000e+00,221792387072.0,146316754944.0,1043731.7,53.27,1.81
CSV,1375010,137500,47,46,0,23826,0,0.000000e+00,0.000000e+00,182959439872.0,170981621760.0,1061713.6,52.36,0.29
CSV,1380010,138000,47,46,0,23926,0,0.000000e+00,0.000000e+00,182603939840.0,171131666432.0,1090220.6,52.24,0.28
BER: END_SEQ #47 [LOCK] seq_err=0 BER_seq=0.0000e+00 | lock=47 slip=0 BER_cond=0.0000e+00 BER_cum=0.0000e+00
CSV,1385010,138500,47,47,0,24017,0,0.000000e+00,0.000000e+00,178468274176.0,182986440704.0,1333460.8,51.37,0.11
BER: SYNC #48 (gated)
CSV,1390010,139000,48,47,0,24049,0,0.000000e+00,0.000000e+00,185115049984.0,178105270272.0,1736024.5,50.28,0.17
CSV,1395010,139500,48,47,0,24149,0,0.000000e+00,0.000000e+00,215662411776.0,144509206528.0,1034555.6,53.19,1.74
CSV,1400010,140000,48,47,0,24249,0,0.000000e+00,0.000000e+00,186158596096.0,166553010176.0,1179982.8,51.98,0.48
CSV,1405010,140500,48,47,0,24349,0,0.000000e+00,0.000000e+00,190696374272.0,171161337856.0,1156280.4,52.17,0.47
CSV,1410010,141000,48,47,0,24449,0,0.000000e+00,0.000000e+00,201045196800.0,165315575808.0,1187300.0,52.29,0.85
BER: END_SEQ #48 [LOCK] seq_err=0 BER_seq=0.0000e+00 | lock=48 slip=0 BER_cond=0.0000e+00 BER_cum=0.0000e+00
CSV,1415010,141500,48,48,0,24528,0,0.000000e+00,0.000000e+00,170278666240.0,180668252160.0,1321568.9,51.36,0.26
BER: SYNC #49 (gated)
CSV,1420010,142000,49,48,0,24571,0,0.000000e+00,0.000000e+00,183054909440.0,163185459200.0,1786607.8,50.11,0.50
CSV,1425010,142500,49,48,0,24671,0,0.000000e+00,0.000000e+00,221563338752.0,143278112768.0,1113303.2,52.99,1.89
CSV,1430010,143000,49,48,0,24771,0,0.000000e+00,0.000000e+00,184660246528.0,178495733760.0,1199288.1,51.87,0.15
CSV,1435010,143500,49,48,0,24871,0,0.000000e+00,0.000000e+00,191688327168.0,164654776320.0,1137215.5,52.27,0.66
CSV,1440010,144000,49,48,0,24971,0,0.000000e+00,0.000000e+00,174360870912.0,175347580928.0,1140571.8,51.87,0.02
BER: END_SEQ #49 [LOCK] seq_err=0 BER_seq=0.0000e+00 | lock=49 slip=0 BER_cond=0.0000e+00 BER_cum=0.0000e+00
CSV,1445010,144500,49,49,0,25039,0,0.000000e+00,0.000000e+00,183333208064.0,174383759360.0,1374361.6,51.25,0.22
BER: SYNC #50 (gated)
CSV,1450010,145000,50,49,0,25094,0,0.000000e+00,0.000000e+00,190706434048.0,174745993216.0,1440820.0,51.22,0.38
CSV,1455010,145500,50,49,0,25194,0,0.000000e+00,0.000000e+00,222681300992.0,139536252928.0,1044354.6,53.29,2.03
CSV,1460010,146000,50,49,0,25294,0,0.000000e+00,0.000000e+00,185320161280.0,166556811264.0,1231833.0,51.77,0.46
CSV,1465010,146500,50,49,0,25394,0,0.000000e+00,0.000000e+00,175029583872.0,179955204096.0,1024923.4,52.44,0.12
CSV,1470010,147000,50,49,0,25494,0,0.000000e+00,0.000000e+00,202147184640.0,163697213440.0,1136214.9,52.50,0.92
BER: END_SEQ #50 [LOCK] seq_err=0 BER_seq=0.0000e+00 | lock=50 slip=0 BER_cond=0.0000e+00 BER_cum=0.0000e+00
CSV,1475010,147500,50,50,0,25550,0,0.000000e+00,0.000000e+00,168707964928.0,179305381888.0,1569188.2,50.58,0.26
BER: SYNC #51 (gated)
CSV,1480010,148000,51,50,0,25617,0,0.000000e+00,0.000000e+00,176334127104.0,174000160768.0,1298575.8,51.33,0.06
CSV,1485010,148500,51,50,0,25717,0,0.000000e+00,0.000000e+00,232899985408.0,131371532288.0,1099414.5,53.26,2.49
CSV,1490010,149000,51,50,0,25817,0,0.000000e+00,0.000000e+00,197665980416.0,169801924608.0,1112977.9,52.49,0.66
CSV,1495010,149500,51,50,0,25917,0,0.000000e+00,0.000000e+00,172265897984.0,181397979136.0,1069999.2,52.29,0.22
CSV,1500010,150000,51,50,0,26017,0,0.000000e+00,0.000000e+00,193012383744.0,158633852928.0,1005808.8,52.83,0.85
BER: END_SEQ #51 [LOCK] seq_err=0 BER_seq=0.0000e+00 | lock=51 slip=0 BER_cond=0.0000e+00 BER_cum=0.0000e+00
CSV,1505010,150500,51,51,0,26061,0,0.000000e+00,0.000000e+00,164603772928.0,182316433408.0,1718299.2,50.26,0.44

=========================================
=== END OF TEST (duration=25 min) ===
=========================================
FINAL: syncs=51 lock=51 slip=0 slip_rate=0.0000
FINAL: bits_cum=26061 err_cum=0 BER_cum=0.0000e+00
FINAL: bits_lock=26061 err_lock=0 BER_cond=0.0000e+00
=========================================
=== STOP LOGGING NOW ===
=========================================
