

=== RX BOOT - BER TEST MODE ===
MOD=OOK (20 kHz carrier, adaptive threshold)
BPS_MODE=40 (HALF_SAMPLES=1000, 5000 samples/bit @ 200000 Hz)
Expect: 64-bit preamble + Barker13 (1F35h, gated by 8 preamble bits = 0x55) + 511-bit PRBS-9
Noise floor band: 5000 Hz; lock threshold: BER<0.10
Auto-stop: test will halt 25 min after the first sync.
RX: edge-tracking sync, center-3 voting
Starting decoder...

CSV,5008,1000,0,0,0,0,0,0.000000e+00,0.000000e+00,2228.7,96314.2,3991.6,13.83,16.36
CSV,10008,2000,0,0,0,0,0,0.000000e+00,0.000000e+00,2377.0,88149.1,5210.6,12.28,15.69
CSV,15008,3000,0,0,0,0,0,0.000000e+00,0.000000e+00,2812.1,111730.2,6361.6,12.45,15.99
CSV,20008,4000,0,0,0,0,0,0.000000e+00,0.000000e+00,2368.5,123331.9,5253.8,13.71,17.17
CSV,25008,5000,0,0,0,0,0,0.000000e+00,0.000000e+00,2652.7,157661.9,5034.5,14.96,17.74
BER: SYNC #1 (gated)
CSV,30008,6000,1,0,0,83,28,3.373494e-01,0.000000e+00,2615.1,143835.9,5265.8,14.36,17.40
CSV,35008,7000,1,0,0,276,128,4.637681e-01,0.000000e+00,2583.9,120359.5,5189.2,13.65,16.68
CSV,40008,8000,1,0,0,475,233,4.905263e-01,0.000000e+00,2894.1,152249.3,5757.3,14.22,17.21
BER: END_SEQ #1 [SLIP] seq_err=253 BER_seq=4.9511e-01 | lock=0 slip=1 BER_cond=0.0000e+00 BER_cum=4.9511e-01
CSV,45008,9000,1,0,1,511,253,4.951076e-01,0.000000e+00,3952.5,132610.4,8211.4,12.08,15.26
CSV,50008,10000,1,0,1,511,253,4.951076e-01,0.000000e+00,3050.6,126721.2,5695.7,13.47,16.18
CSV,55008,11000,1,0,1,511,253,4.951076e-01,0.000000e+00,2904.7,181244.1,6072.1,14.75,17.95
CSV,60008,12000,1,0,1,511,253,4.951076e-01,0.000000e+00,2955.7,197143.2,5986.1,15.18,18.24
CSV,65008,13000,1,0,1,511,253,4.951076e-01,0.000000e+00,2951.4,122818.3,5427.2,13.55,16.19
CSV,70008,14000,1,0,1,511,253,4.951076e-01,0.000000e+00,2850.1,154109.4,5934.1,14.14,17.33
CSV,75008,15000,1,0,1,511,253,4.951076e-01,0.000000e+00,3028.7,156544.5,5585.8,14.48,17.13
CSV,80008,16000,1,0,1,511,253,4.951076e-01,0.000000e+00,2910.6,169710.4,6036.1,14.49,17.66
CSV,85008,17000,1,0,1,511,253,4.951076e-01,0.000000e+00,3037.2,158974.1,6031.9,14.21,17.19
BER: SYNC #2 (gated)
CSV,90008,18000,2,0,1,640,293,4.578125e-01,0.000000e+00,2958.2,121893.7,5718.0,13.29,16.15
CSV,95008,19000,2,0,1,834,388,4.652278e-01,0.000000e+00,2655.7,125164.1,5753.6,13.38,16.73
BER: END_SEQ #2 [SLIP] seq_err=233 BER_seq=4.5597e-01 | lock=0 slip=2 BER_cond=0.0000e+00 BER_cum=4.7554e-01
CSV,100008,20000,2,0,2,1022,486,4.755382e-01,0.000000e+00,3158.0,147453.0,5974.9,13.92,16.69
BER: SYNC #3 (gated)
CSV,105008,21000,3,0,2,1160,554,4.775862e-01,0.000000e+00,2972.5,148208.4,5780.0,14.09,16.98
CSV,110008,22000,3,0,2,1360,659,4.845588e-01,0.000000e+00,3203.5,164138.8,5779.6,14.53,17.10
BER: END_SEQ #3 [SLIP] seq_err=261 BER_seq=5.1076e-01 | lock=0 slip=3 BER_cond=0.0000e+00 BER_cum=4.8728e-01
CSV,115008,23000,3,0,3,1533,747,4.872798e-01,0.000000e+00,3211.9,130697.7,6317.6,13.16,16.10
CSV,120008,24000,3,0,3,1533,747,4.872798e-01,0.000000e+00,2928.9,114775.4,5541.8,13.16,15.93
CSV,125008,25000,3,0,3,1533,747,4.872798e-01,0.000000e+00,3113.7,135325.1,5788.9,13.69,16.38
CSV,130008,26000,3,0,3,1533,747,4.872798e-01,0.000000e+00,2874.3,140632.5,6036.4,13.67,16.90
CSV,135008,27000,3,0,3,1533,747,4.872798e-01,0.000000e+00,3201.1,141448.3,6580.5,13.32,16.45
CSV,140008,28000,3,0,3,1533,747,4.872798e-01,0.000000e+00,3034.5,165272.0,6476.2,14.07,17.36
CSV,145008,29000,3,0,3,1533,747,4.872798e-01,0.000000e+00,2941.9,129458.3,5981.8,13.35,16.44
CSV,150008,30000,3,0,3,1533,747,4.872798e-01,0.000000e+00,2812.8,117019.4,6209.5,12.75,16.19
CSV,155008,31000,3,0,3,1533,747,4.872798e-01,0.000000e+00,2784.2,136720.0,6244.5,13.40,16.91
CSV,160008,32000,3,0,3,1533,747,4.872798e-01,0.000000e+00,2988.2,146719.6,5738.0,14.08,16.91
CSV,165008,33000,3,0,3,1533,747,4.872798e-01,0.000000e+00,3217.2,140779.1,6571.4,13.31,16.41
CSV,170008,34000,3,0,3,1533,747,4.872798e-01,0.000000e+00,3265.1,156028.4,6627.5,13.72,16.79
BER: SYNC #4 (gated)
CSV,175008,35000,4,0,3,1534,747,4.869622e-01,0.000000e+00,2918.0,126481.4,5839.8,13.36,16.37
CSV,180008,36000,4,0,3,1729,842,4.869867e-01,0.000000e+00,2950.9,110075.5,6146.3,12.53,15.72
CSV,185008,37000,4,0,3,1921,947,4.929724e-01,0.000000e+00,3202.7,125052.1,6069.4,13.14,15.92
BER: END_SEQ #4 [SLIP] seq_err=259 BER_seq=5.0685e-01 | lock=0 slip=4 BER_cond=0.0000e+00 BER_cum=4.9217e-01
CSV,190008,38000,4,0,4,2044,1006,4.921722e-01,0.000000e+00,3135.3,138585.1,6649.8,13.19,16.45
CSV,195008,39000,4,0,4,2044,1006,4.921722e-01,0.000000e+00,4123.9,123006.8,8924.5,11.39,14.75
CSV,200008,40000,4,0,4,2044,1006,4.921722e-01,0.000000e+00,3239.8,140575.5,7241.2,12.88,16.37
BER: SYNC #5 (gated)
CSV,205008,41000,5,0,4,2068,1006,4.864604e-01,0.000000e+00,3122.6,176977.9,6617.0,14.27,17.53
CSV,210008,42000,5,0,4,2264,1080,4.770318e-01,0.000000e+00,3327.8,168555.5,6521.8,14.12,17.05
CSV,215008,43000,5,0,4,2460,1178,4.788618e-01,0.000000e+00,3018.1,175492.4,6356.8,14.41,17.65
BER: END_SEQ #5 [SLIP] seq_err=222 BER_seq=4.3444e-01 | lock=0 slip=5 BER_cond=0.0000e+00 BER_cum=4.8063e-01
BER: SYNC #6 (gated)
CSV,220008,44000,6,0,5,2589,1241,4.793357e-01,0.000000e+00,3381.7,159971.3,7026.6,13.57,16.75
CSV,225008,45000,6,0,5,2781,1337,4.807623e-01,0.000000e+00,2960.4,140789.9,5903.6,13.77,16.77
CSV,230008,46000,6,0,5,2981,1440,4.830594e-01,0.000000e+00,2938.0,157700.2,6369.4,13.94,17.30
BER: END_SEQ #6 [SLIP] seq_err=254 BER_seq=4.9706e-01 | lock=0 slip=6 BER_cond=0.0000e+00 BER_cum=4.8337e-01
CSV,235008,47000,6,0,6,3066,1482,4.833660e-01,0.000000e+00,3205.3,160157.3,6237.4,14.10,16.99
CSV,240008,48000,6,0,6,3066,1482,4.833660e-01,0.000000e+00,2990.2,159508.5,6618.1,13.82,17.27
CSV,245008,49000,6,0,6,3066,1482,4.833660e-01,0.000000e+00,2985.3,182253.5,5949.1,14.86,17.86
BER: SYNC #7 (gated)
CSV,250008,50000,7,0,6,3124,1482,4.743918e-01,0.000000e+00,3117.9,164734.5,6402.3,14.10,17.23
CSV,255008,51000,7,0,6,3316,1578,4.758745e-01,0.000000e+00,2979.3,125252.3,6076.9,13.14,16.24
CSV,260008,52000,7,0,6,3515,1681,4.782361e-01,0.000000e+00,2904.4,140415.5,5756.7,13.87,16.84
BER: END_SEQ #7 [SLIP] seq_err=227 BER_seq=4.4423e-01 | lock=0 slip=7 BER_cond=0.0000e+00 BER_cum=4.7777e-01
BER: SYNC #8 (gated)
CSV,265008,53000,8,0,7,3646,1738,4.766868e-01,0.000000e+00,3299.0,149253.5,6496.7,13.61,16.56
CSV,270008,54000,8,0,7,3839,1826,4.756447e-01,0.000000e+00,3033.9,123817.7,6233.4,12.98,16.11
CSV,275008,55000,8,0,7,4035,1933,4.790582e-01,0.000000e+00,3007.7,145563.9,6329.4,13.62,16.85
BER: END_SEQ #8 [SLIP] seq_err=251 BER_seq=4.9119e-01 | lock=0 slip=8 BER_cond=0.0000e+00 BER_cum=4.7945e-01
CSV,280008,56000,8,0,8,4088,1960,4.794520e-01,0.000000e+00,3316.4,157749.1,6284.2,14.00,16.77
CSV,285008,57000,8,0,8,4088,1960,4.794520e-01,0.000000e+00,3118.4,132985.3,6096.8,13.39,16.30
CSV,290008,58000,8,0,8,4088,1960,4.794520e-01,0.000000e+00,3054.7,160166.5,6642.8,13.82,17.20
BER: SYNC #9 (gated)
CSV,295008,59000,9,0,8,4182,1996,4.772836e-01,0.000000e+00,3076.7,169302.9,6412.0,14.22,17.41
CSV,300008,60000,9,0,8,4377,2093,4.781814e-01,0.000000e+00,3110.6,154297.7,6518.4,13.74,16.96
CSV,305008,61000,9,0,8,4575,2198,4.804372e-01,0.000000e+00,3050.3,142232.3,6391.6,13.47,16.69
BER: END_SEQ #9 [SLIP] seq_err=252 BER_seq=4.9315e-01 | lock=0 slip=9 BER_cond=0.0000e+00 BER_cum=4.8097e-01
CSV,310008,62000,9,0,9,4599,2212,4.809741e-01,0.000000e+00,3158.6,144535.6,6507.6,13.47,16.60
CSV,315008,63000,9,0,9,4599,2212,4.809741e-01,0.000000e+00,2891.9,116872.6,6402.8,12.61,16.07
CSV,320008,64000,9,0,9,4599,2212,4.809741e-01,0.000000e+00,3245.5,153098.8,6427.1,13.77,16.74
BER: SYNC #10 (gated)
CSV,325008,65000,10,0,9,4715,2263,4.799576e-01,0.000000e+00,2524.1,251017.4,4410.1,17.55,19.98
CSV,330008,66000,10,0,9,4910,2360,4.806517e-01,0.000000e+00,2516.5,239791.1,4082.3,17.69,19.79
CSV,335008,67000,10,0,9,5103,2454,4.808936e-01,0.000000e+00,2484.5,272621.8,4147.0,18.18,20.40
BER: END_SEQ #10 [SLIP] seq_err=245 BER_seq=4.7945e-01 | lock=0 slip=10 BER_cond=0.0000e+00 BER_cum=4.8082e-01
BER: SYNC #11 (gated)
CSV,340008,68000,11,0,10,5236,2504,4.782276e-01,0.000000e+00,2620.4,243471.5,4269.2,17.56,19.68
CSV,345008,69000,11,0,10,5434,2593,4.771807e-01,0.000000e+00,2496.1,255139.8,4309.6,17.72,20.10
BER: END_SEQ #11 [SLIP] seq_err=232 BER_seq=4.5401e-01 | lock=0 slip=11 BER_cond=0.0000e+00 BER_cum=4.7838e-01
CSV,350008,70000,11,0,11,5621,2689,4.783846e-01,0.000000e+00,2821.0,290761.9,4755.9,17.86,20.13
BER: SYNC #12 (gated)
CSV,355008,71000,12,0,11,5758,2739,4.756860e-01,0.000000e+00,2533.6,230761.9,4555.5,17.05,19.59
CSV,360008,72000,12,0,11,5952,2841,4.773186e-01,0.000000e+00,3043.9,128712.1,6228.9,13.15,16.26
BER: END_SEQ #12 [SLIP] seq_err=247 BER_seq=4.8337e-01 | lock=0 slip=12 BER_cond=0.0000e+00 BER_cum=4.7880e-01
CSV,365008,73000,12,0,12,6132,2936,4.787997e-01,0.000000e+00,3432.0,127327.8,6450.5,12.95,15.69
CSV,370008,74000,12,0,12,6132,2936,4.787997e-01,0.000000e+00,3052.2,117063.2,6122.9,12.81,15.84
CSV,375008,75000,12,0,12,6132,2936,4.787997e-01,0.000000e+00,3244.6,125942.0,6343.4,12.98,15.89
CSV,380008,76000,12,0,12,6132,2936,4.787997e-01,0.000000e+00,2838.9,165527.5,5956.5,14.44,17.66
BER: SYNC #13 (gated)
CSV,385008,77000,13,0,12,6290,3017,4.796502e-01,0.000000e+00,2756.5,214578.6,4939.5,16.38,18.91
CSV,390008,78000,13,0,12,6489,3127,4.818924e-01,0.000000e+00,2560.9,239375.3,5287.7,16.56,19.71
BER: END_SEQ #13 [SLIP] seq_err=269 BER_seq=5.2642e-01 | lock=0 slip=13 BER_cond=0.0000e+00 BER_cum=4.8246e-01
CSV,395008,79000,13,0,13,6643,3205,4.824627e-01,0.000000e+00,3019.5,176622.9,5812.6,14.83,17.67
BER: SYNC #14 (gated)
CSV,400008,80000,14,0,13,6813,3278,4.811390e-01,0.000000e+00,3309.3,126503.2,6415.0,12.95,15.82
CSV,405008,81000,14,0,13,7007,3383,4.828029e-01,0.000000e+00,3278.8,139735.0,7109.1,12.93,16.30
BER: END_SEQ #14 [SLIP] seq_err=250 BER_seq=4.8924e-01 | lock=0 slip=14 BER_cond=0.0000e+00 BER_cum=4.8295e-01
CSV,410008,82000,14,0,14,7154,3455,4.829466e-01,0.000000e+00,3352.9,140294.2,7039.1,13.00,16.22
CSV,415008,83000,14,0,14,7154,3455,4.829466e-01,0.000000e+00,3281.8,129448.3,6800.8,12.80,15.96
CSV,420008,84000,14,0,14,7154,3455,4.829466e-01,0.000000e+00,3505.8,139713.5,6802.3,13.13,16.00
BER: SYNC #15 (gated)
CSV,425008,85000,15,0,14,7154,3455,4.829466e-01,0.000000e+00,2960.2,121111.7,6043.4,13.02,16.12
CSV,430008,86000,15,0,14,7348,3550,4.831247e-01,0.000000e+00,3064.8,93859.4,6202.0,11.80,14.86
CSV,435008,87000,15,0,14,7546,3649,4.835674e-01,0.000000e+00,2957.4,105330.5,5997.3,12.45,15.52
BER: END_SEQ #15 [SLIP] seq_err=251 BER_seq=4.9119e-01 | lock=0 slip=15 BER_cond=0.0000e+00 BER_cum=4.8350e-01
BER: SYNC #16 (gated)
CSV,440008,88000,16,0,15,7676,3709,4.831944e-01,0.000000e+00,3387.9,107106.7,6481.5,12.18,15.00
CSV,445008,89000,16,0,15,7869,3799,4.827805e-01,0.000000e+00,2985.9,94243.6,6278.9,11.76,14.99
CSV,450008,90000,16,0,15,8064,3902,4.838790e-01,0.000000e+00,2962.3,107383.0,6496.5,12.18,15.59
BER: END_SEQ #16 [SLIP] seq_err=251 BER_seq=4.9119e-01 | lock=0 slip=16 BER_cond=0.0000e+00 BER_cum=4.8398e-01
BER: SYNC #17 (gated)
CSV,455008,91000,17,0,16,8199,3957,4.826198e-01,0.000000e+00,3121.8,151844.9,6191.1,13.90,16.87
CSV,460008,92000,17,0,16,8395,4037,4.808815e-01,0.000000e+00,2756.5,186549.1,5127.5,15.61,18.30
CSV,465008,93000,17,0,16,8590,4131,4.809080e-01,0.000000e+00,2737.8,217622.6,4892.8,16.48,19.00
BER: END_SEQ #17 [SLIP] seq_err=223 BER_seq=4.3640e-01 | lock=0 slip=17 BER_cond=0.0000e+00 BER_cum=4.8118e-01
BER: SYNC #18 (gated)
CSV,470008,94000,18,0,17,8722,4180,4.792479e-01,0.000000e+00,2793.0,223541.2,4905.8,16.59,19.03
CSV,475008,95000,18,0,17,8918,4250,4.765643e-01,0.000000e+00,2651.5,209658.5,4644.1,16.55,18.98
CSV,480008,96000,18,0,17,9114,4336,4.757516e-01,0.000000e+00,2514.3,236051.2,4694.3,17.01,19.73
BER: END_SEQ #18 [SLIP] seq_err=196 BER_seq=3.8356e-01 | lock=0 slip=18 BER_cond=0.0000e+00 BER_cum=4.7576e-01
CSV,485008,97000,18,0,18,9198,4376,4.757556e-01,0.000000e+00,2465.9,250246.6,3903.5,18.07,20.06
CSV,490008,98000,18,0,18,9198,4376,4.757556e-01,0.000000e+00,2438.0,203127.6,4117.5,16.93,19.21
CSV,495008,99000,18,0,18,9198,4376,4.757556e-01,0.000000e+00,2393.0,203266.3,3870.3,17.20,19.29
BER: SYNC #19 (gated)
CSV,500008,100000,19,0,18,9256,4379,4.730985e-01,0.000000e+00,2475.8,219601.1,3849.4,17.56,19.48
CSV,505008,101000,19,0,18,9454,4478,4.736619e-01,0.000000e+00,2367.1,183661.9,4084.6,16.53,18.90
CSV,510008,102000,19,0,18,9650,4576,4.741969e-01,0.000000e+00,2453.2,209779.5,4059.6,17.13,19.32
BER: END_SEQ #19 [SLIP] seq_err=231 BER_seq=4.5205e-01 | lock=0 slip=19 BER_cond=0.0000e+00 BER_cum=4.7451e-01
CSV,515008,103000,19,0,19,9709,4607,4.745082e-01,0.000000e+00,2688.6,226244.1,4094.9,17.42,19.25
CSV,520008,104000,19,0,19,9709,4607,4.745082e-01,0.000000e+00,2346.3,180476.8,3994.8,16.55,18.86
CSV,525008,105000,19,0,19,9709,4607,4.745082e-01,0.000000e+00,2501.7,196227.1,4049.7,16.85,18.95
BER: SYNC #20 (gated)
CSV,530008,106000,20,0,19,9789,4647,4.747165e-01,0.000000e+00,2691.6,216323.1,4575.5,16.75,19.05
CSV,535008,107000,20,0,19,9983,4741,4.749073e-01,0.000000e+00,2447.7,180923.1,4085.3,16.46,18.69
CSV,540008,108000,20,0,19,10181,4845,4.758865e-01,0.000000e+00,2648.3,211433.2,4229.4,16.99,19.02
BER: END_SEQ #20 [SLIP] seq_err=255 BER_seq=4.9902e-01 | lock=0 slip=20 BER_cond=0.0000e+00 BER_cum=4.7573e-01
BER: SYNC #21 (gated)
CSV,545008,109000,21,0,20,10311,4902,4.754146e-01,0.000000e+00,2841.5,213699.5,4676.3,16.60,18.76
CSV,550008,110000,21,0,20,10506,4990,4.749667e-01,0.000000e+00,2463.1,189193.6,4071.0,16.67,18.85
CSV,555008,111000,21,0,20,10703,5085,4.751004e-01,0.000000e+00,2585.6,206683.5,4202.7,16.92,19.03
BER: END_SEQ #21 [SLIP] seq_err=237 BER_seq=4.6380e-01 | lock=0 slip=21 BER_cond=0.0000e+00 BER_cum=4.7517e-01
BER: SYNC #22 (gated)
CSV,560008,112000,22,0,21,10833,5138,4.742915e-01,0.000000e+00,2744.5,209706.3,4354.1,16.83,18.83
CSV,565008,113000,22,0,21,11030,5231,4.742520e-01,0.000000e+00,2484.3,180039.7,5045.0,15.53,18.60
CSV,570008,114000,22,0,21,11228,5328,4.745280e-01,0.000000e+00,2633.4,212574.4,4495.7,16.75,19.07
BER: END_SEQ #22 [SLIP] seq_err=237 BER_seq=4.6380e-01 | lock=0 slip=22 BER_cond=0.0000e+00 BER_cum=4.7465e-01
CSV,575008,115000,22,0,22,11242,5336,4.746486e-01,0.000000e+00,2868.1,213614.4,4697.1,16.58,18.72
CSV,580008,116000,22,0,22,11242,5336,4.746486e-01,0.000000e+00,2659.0,196136.0,4829.9,16.09,18.68
CSV,585008,117000,22,0,22,11242,5336,4.746486e-01,0.000000e+00,2603.2,232436.2,4505.0,17.13,19.51
BER: SYNC #23 (gated)
CSV,590008,118000,23,0,22,11369,5367,4.720732e-01,0.000000e+00,2687.9,213136.1,4648.3,16.61,18.99
CSV,595008,119000,23,0,22,11564,5460,4.721550e-01,0.000000e+00,2546.4,217341.1,4257.7,17.08,19.31
BER: END_SEQ #23 [SLIP] seq_err=225 BER_seq=4.4031e-01 | lock=0 slip=23 BER_cond=0.0000e+00 BER_cum=4.7316e-01
CSV,600008,120000,23,0,23,11753,5561,4.731558e-01,0.000000e+00,2607.1,200435.4,4698.0,16.30,18.86
BER: SYNC #24 (gated)
CSV,605008,121000,24,0,23,11888,5623,4.729980e-01,0.000000e+00,2533.8,175529.5,4141.7,16.27,18.41
CSV,610008,122000,24,0,23,12083,5717,4.731441e-01,0.000000e+00,2562.0,182832.3,4074.8,16.52,18.53
BER: END_SEQ #24 [SLIP] seq_err=248 BER_seq=4.8532e-01 | lock=0 slip=24 BER_cond=0.0000e+00 BER_cum=4.7366e-01
CSV,615008,123000,24,0,24,12264,5809,4.736628e-01,0.000000e+00,2644.7,197857.9,4513.6,16.42,18.74
CSV,620008,124000,24,0,24,12264,5809,4.736628e-01,0.000000e+00,2440.0,168109.5,4514.9,15.71,18.38
CSV,625008,125000,24,0,24,12264,5809,4.736628e-01,0.000000e+00,2502.3,190038.4,4457.0,16.30,18.81
CSV,630008,126000,24,0,24,12264,5809,4.736628e-01,0.000000e+00,2444.3,193229.3,4167.5,16.66,18.98
BER: SYNC #25 (gated)
CSV,635008,127000,25,0,24,12426,5859,4.715113e-01,0.000000e+00,2448.1,175040.5,4351.5,16.05,18.54
CSV,640008,128000,25,0,24,12622,5959,4.721122e-01,0.000000e+00,2421.6,190954.0,4289.0,16.49,18.97
BER: END_SEQ #25 [SLIP] seq_err=236 BER_seq=4.6184e-01 | lock=0 slip=25 BER_cond=0.0000e+00 BER_cum=4.7319e-01
CSV,645008,129000,25,0,25,12775,6045,4.731898e-01,0.000000e+00,3324.9,133994.1,7199.5,12.70,16.05
BER: SYNC #26 (gated)
CSV,650008,130000,26,0,25,12941,6126,4.733792e-01,0.000000e+00,3276.5,93890.9,6380.4,11.68,14.57
CSV,655008,131000,26,0,25,13139,6231,4.742370e-01,0.000000e+00,2709.7,201228.2,5323.8,15.77,18.71
BER: END_SEQ #26 [SLIP] seq_err=263 BER_seq=5.1468e-01 | lock=0 slip=26 BER_cond=0.0000e+00 BER_cum=4.7479e-01
CSV,660008,132000,26,0,26,13286,6308,4.747855e-01,0.000000e+00,2765.0,204518.7,4687.2,16.40,18.69
BER: SYNC #27 (gated)
CSV,665008,133000,27,0,26,13472,6394,4.746140e-01,0.000000e+00,2687.6,194002.6,4897.5,15.98,18.58
CSV,670008,134000,27,0,26,13667,6494,4.751591e-01,0.000000e+00,3172.5,130051.4,6309.6,13.14,16.13
BER: END_SEQ #27 [SLIP] seq_err=256 BER_seq=5.0098e-01 | lock=0 slip=27 BER_cond=0.0000e+00 BER_cum=4.7576e-01
CSV,675008,135000,27,0,27,13797,6564,4.757556e-01,0.000000e+00,3526.8,111797.2,5731.9,12.90,15.01
BER: SYNC #28 (gated)
CSV,680008,136000,28,0,27,13993,6668,4.765240e-01,0.000000e+00,3124.6,93586.2,6330.9,11.70,14.76
CSV,685008,137000,28,0,27,14186,6744,4.753983e-01,0.000000e+00,2970.4,110045.3,6263.8,12.45,15.69
BER: END_SEQ #28 [SLIP] seq_err=251 BER_seq=4.9119e-01 | lock=0 slip=28 BER_cond=0.0000e+00 BER_cum=4.7631e-01
CSV,690008,138000,28,0,28,14308,6815,4.763070e-01,0.000000e+00,3104.4,104240.1,6202.4,12.25,15.26
CSV,695008,139000,28,0,28,14308,6815,4.763070e-01,0.000000e+00,2963.4,105592.1,6305.1,12.24,15.52
CSV,700008,140000,28,0,28,14308,6815,4.763070e-01,0.000000e+00,2595.3,201796.0,4468.9,16.55,18.91
BER: SYNC #29 (gated)
CSV,705008,141000,29,0,28,14330,6815,4.755757e-01,0.000000e+00,2591.2,219269.7,4192.3,17.19,19.27
CSV,710008,142000,29,0,28,14525,6907,4.755250e-01,0.000000e+00,2545.6,178160.5,4251.7,16.22,18.45
CSV,715008,143000,29,0,28,14725,7009,4.759932e-01,0.000000e+00,2250.2,213135.8,4036.3,17.23,19.76
BER: END_SEQ #29 [SLIP] seq_err=243 BER_seq=4.7554e-01 | lock=0 slip=29 BER_cond=0.0000e+00 BER_cum=4.7628e-01
BER: SYNC #30 (gated)
CSV,720008,144000,30,0,29,14853,7058,4.751902e-01,0.000000e+00,2818.0,210481.1,4088.3,17.12,18.73
CSV,725008,145000,30,0,29,15050,7091,4.711628e-01,0.000000e+00,2202.6,192268.0,3687.7,17.17,19.41
CSV,730008,146000,30,0,29,15247,7193,4.717650e-01,0.000000e+00,2319.5,196898.6,3747.1,17.21,19.29
BER: END_SEQ #30 [SLIP] seq_err=175 BER_seq=3.4247e-01 | lock=0 slip=30 BER_cond=0.0000e+00 BER_cum=4.7182e-01
CSV,735008,147000,30,0,30,15330,7233,4.718200e-01,0.000000e+00,2475.0,212945.6,4360.3,16.89,19.35
CSV,740008,148000,30,0,30,15330,7233,4.718200e-01,0.000000e+00,2378.8,191561.6,3622.4,17.23,19.06
CSV,745008,149000,30,0,30,15330,7233,4.718200e-01,0.000000e+00,2492.3,209083.0,4110.6,17.06,19.24
BER: SYNC #31 (gated)
CSV,750008,150000,31,0,30,15387,7233,4.700722e-01,0.000000e+00,2513.2,205141.0,3963.2,17.14,19.12
CSV,755008,151000,31,0,30,15585,7275,4.667950e-01,0.000000e+00,2242.1,178708.0,4102.0,16.39,19.01
CSV,760008,152000,31,0,30,15777,7373,4.673259e-01,0.000000e+00,2441.4,205069.8,4120.9,16.97,19.24
BER: END_SEQ #31 [SLIP] seq_err=164 BER_seq=3.2094e-01 | lock=0 slip=31 BER_cond=0.0000e+00 BER_cum=4.6695e-01
BER: SYNC #32 (gated)
CSV,765008,153000,32,0,31,15910,7397,4.649277e-01,0.000000e+00,2711.3,219325.9,4405.5,16.97,19.08
CSV,770008,154000,32,0,31,16105,7482,4.645762e-01,0.000000e+00,2230.9,176080.2,4315.5,16.11,18.97
CSV,775008,155000,32,0,31,16303,7584,4.651905e-01,0.000000e+00,2371.6,209836.0,4300.1,16.88,19.47
BER: END_SEQ #32 [SLIP] seq_err=210 BER_seq=4.1096e-01 | lock=0 slip=32 BER_cond=0.0000e+00 BER_cum=4.6520e-01
BER: SYNC #33 (gated)
CSV,780008,156000,33,0,32,16431,7639,4.649139e-01,0.000000e+00,2439.7,216499.9,4676.2,16.66,19.48
CSV,785008,157000,33,0,32,16630,7742,4.655442e-01,0.000000e+00,2468.2,174367.3,4318.5,16.06,18.49
CSV,790008,158000,33,0,32,16824,7842,4.661198e-01,0.000000e+00,2339.1,211845.0,3995.9,17.24,19.57
BER: END_SEQ #33 [SLIP] seq_err=257 BER_seq=5.0294e-01 | lock=0 slip=33 BER_cond=0.0000e+00 BER_cum=4.6635e-01
CSV,795008,159000,33,0,33,16863,7864,4.663464e-01,0.000000e+00,2721.6,212439.0,4575.4,16.67,18.92
CSV,800008,160000,33,0,33,16863,7864,4.663464e-01,0.000000e+00,2279.4,180384.0,3924.0,16.62,18.98
CSV,805008,161000,33,0,33,16863,7864,4.663464e-01,0.000000e+00,2534.3,207952.4,3982.7,17.18,19.14
BER: SYNC #34 (gated)
CSV,810008,162000,34,0,33,16966,7873,4.640457e-01,0.000000e+00,2416.6,210787.4,4067.8,17.14,19.41
CSV,815008,163000,34,0,33,17163,7958,4.636719e-01,0.000000e+00,2468.8,185474.2,4007.1,16.65,18.76
CSV,820008,164000,34,0,33,17359,8062,4.644277e-01,0.000000e+00,2449.1,202704.2,4335.7,16.70,19.18
BER: END_SEQ #34 [SLIP] seq_err=206 BER_seq=4.0313e-01 | lock=0 slip=34 BER_cond=0.0000e+00 BER_cum=4.6449e-01
CSV,825008,165000,34,0,34,17374,8070,4.644872e-01,0.000000e+00,2596.0,213291.6,4546.2,16.71,19.15
CSV,830008,166000,34,0,34,17374,8070,4.644872e-01,0.000000e+00,2324.6,185371.9,3823.4,16.86,19.02
CSV,835008,167000,34,0,34,17374,8070,4.644872e-01,0.000000e+00,3017.7,146064.9,5773.1,14.03,16.85
CSV,840008,168000,34,0,34,17374,8070,4.644872e-01,0.000000e+00,3405.4,93411.5,6565.0,11.53,14.38
CSV,845008,169000,34,0,34,17374,8070,4.644872e-01,0.000000e+00,3244.1,86936.0,6467.4,11.28,14.28
CSV,850008,170000,34,0,34,17374,8070,4.644872e-01,0.000000e+00,3267.6,73247.9,7019.3,10.19,13.51
BER: SYNC #35 (gated)
CSV,855008,171000,35,0,34,17512,8122,4.637963e-01,0.000000e+00,3091.0,95211.4,6730.7,11.51,14.89
CSV,860008,172000,35,0,34,17708,8224,4.644229e-01,0.000000e+00,3257.8,175624.6,6103.7,14.59,17.32
BER: END_SEQ #35 [SLIP] seq_err=243 BER_seq=4.7554e-01 | lock=0 slip=35 BER_cond=0.0000e+00 BER_cum=4.6480e-01
CSV,865008,173000,35,0,35,17885,8313,4.648029e-01,0.000000e+00,4053.7,188192.3,8153.4,13.63,16.67
BER: SYNC #36 (gated)
CSV,870008,174000,36,0,35,18034,8368,4.640124e-01,0.000000e+00,2964.7,148272.0,6448.2,13.62,16.99
CSV,875008,175000,36,0,35,18230,8449,4.634668e-01,0.000000e+00,3003.0,209397.2,6574.0,15.03,18.43
BER: END_SEQ #36 [SLIP] seq_err=222 BER_seq=4.3444e-01 | lock=0 slip=36 BER_cond=0.0000e+00 BER_cum=4.6396e-01
CSV,880008,176000,36,0,36,18396,8535,4.639595e-01,0.000000e+00,3459.9,210210.2,7049.7,14.74,17.84
BER: SYNC #37 (gated)
CSV,885008,177000,37,0,36,18555,8607,4.638642e-01,0.000000e+00,3147.0,200683.8,6340.0,15.00,18.05
CSV,890008,178000,37,0,36,18751,8714,4.647219e-01,0.000000e+00,3221.3,222460.0,6600.8,15.28,18.39
BER: END_SEQ #37 [SLIP] seq_err=247 BER_seq=4.8337e-01 | lock=0 slip=37 BER_cond=0.0000e+00 BER_cum=4.6448e-01
CSV,895008,179000,37,0,37,18907,8782,4.644841e-01,0.000000e+00,4309.7,213758.8,8128.1,14.20,16.95
CSV,900008,180000,37,0,37,18907,8782,4.644841e-01,0.000000e+00,3873.3,138318.0,7621.6,12.59,15.53
CSV,905008,181000,37,0,37,18907,8782,4.644841e-01,0.000000e+00,3294.7,225385.1,6598.6,15.33,18.35
CSV,910008,182000,37,0,37,18907,8782,4.644841e-01,0.000000e+00,3204.8,217835.1,6984.2,14.94,18.32
BER: SYNC #38 (gated)
CSV,915008,183000,38,0,37,19091,8842,4.631502e-01,0.000000e+00,3578.9,222410.6,7578.4,14.68,17.93
CSV,920008,184000,38,0,37,19286,8928,4.629265e-01,0.000000e+00,3350.0,245348.0,6916.8,15.50,18.65
BER: END_SEQ #38 [SLIP] seq_err=214 BER_seq=4.1879e-01 | lock=0 slip=38 BER_cond=0.0000e+00 BER_cum=4.6328e-01
CSV,925008,185000,38,0,38,19418,8996,4.632815e-01,0.000000e+00,3362.6,191542.2,7255.2,14.22,17.56
BER: SYNC #39 (gated)
CSV,930008,186000,39,0,38,19614,9078,4.628327e-01,0.000000e+00,3059.2,144031.7,6220.3,13.65,16.73
CSV,935008,187000,39,0,38,19811,9182,4.634799e-01,0.000000e+00,2885.6,165046.2,6327.2,14.16,17.57
BER: END_SEQ #39 [SLIP] seq_err=245 BER_seq=4.7945e-01 | lock=0 slip=39 BER_cond=0.0000e+00 BER_cum=4.6370e-01
BER: SYNC #40 (gated)
CSV,940008,188000,40,0,39,19938,9241,4.634868e-01,0.000000e+00,3138.6,163406.0,6000.7,14.35,17.17
CSV,945008,189000,40,0,39,20134,9333,4.635442e-01,0.000000e+00,2897.4,148514.0,6157.7,13.82,17.10
CSV,950008,190000,40,0,39,20329,9436,4.641645e-01,0.000000e+00,3051.5,160388.5,6441.0,13.96,17.21
BER: END_SEQ #40 [SLIP] seq_err=253 BER_seq=4.9511e-01 | lock=0 slip=40 BER_cond=0.0000e+00 BER_cum=4.6448e-01
BER: SYNC #41 (gated)
CSV,955008,191000,41,0,40,20461,9494,4.640047e-01,0.000000e+00,3243.5,171673.3,6410.0,14.28,17.24
CSV,960008,192000,41,0,40,20654,9572,4.634453e-01,0.000000e+00,2919.6,140386.3,5962.9,13.72,16.82
CSV,965008,193000,41,0,40,20850,9671,4.638369e-01,0.000000e+00,2853.9,163917.3,6324.1,14.14,17.59
BER: END_SEQ #41 [SLIP] seq_err=226 BER_seq=4.4227e-01 | lock=0 slip=41 BER_cond=0.0000e+00 BER_cum=4.6394e-01
CSV,970008,194000,41,0,41,20951,9720,4.639397e-01,0.000000e+00,3177.4,163126.6,6237.1,14.18,17.10
CSV,975008,195000,41,0,41,20951,9720,4.639397e-01,0.000000e+00,2860.2,153002.8,6080.1,14.01,17.28
CSV,980008,196000,41,0,41,20951,9720,4.639397e-01,0.000000e+00,2949.3,156155.8,6014.3,14.14,17.24
CSV,985008,197000,41,0,41,20951,9720,4.639397e-01,0.000000e+00,2993.5,173077.9,6061.4,14.56,17.62
CSV,990008,198000,41,0,41,20951,9720,4.639397e-01,0.000000e+00,3061.9,149711.9,6073.7,13.92,16.89
CSV,995008,199000,41,0,41,20951,9720,4.639397e-01,0.000000e+00,2959.4,168069.5,5926.7,14.53,17.54
BER: SYNC #42 (gated)
CSV,1000008,200000,42,0,41,21006,9731,4.632486e-01,0.000000e+00,3100.1,169141.4,6316.8,14.28,17.37
CSV,1005008,201000,42,0,41,21197,9825,4.635090e-01,0.000000e+00,2992.5,150509.2,5584.7,14.31,17.02
CSV,1010008,202000,42,0,41,21395,9927,4.639869e-01,0.000000e+00,2990.7,291472.9,5795.6,17.02,19.89
BER: END_SEQ #42 [SLIP] seq_err=232 BER_seq=4.5401e-01 | lock=0 slip=42 BER_cond=0.0000e+00 BER_cum=4.6370e-01
BER: SYNC #43 (gated)
CSV,1015008,203000,43,0,42,21530,9953,4.622852e-01,0.000000e+00,2828.3,474107.3,4857.3,19.89,22.24
CSV,1020008,204000,43,0,42,21727,10019,4.611313e-01,0.000000e+00,2329.6,383075.4,3967.8,19.85,22.16
CSV,1025008,205000,43,0,42,21926,10123,4.616893e-01,0.000000e+00,2467.4,480577.7,4010.2,20.79,22.90
BER: END_SEQ #43 [SLIP] seq_err=197 BER_seq=3.8552e-01 | lock=0 slip=43 BER_cond=0.0000e+00 BER_cum=4.6189e-01
BER: SYNC #44 (gated)
CSV,1030008,206000,44,0,43,22053,10150,4.602548e-01,0.000000e+00,2848.7,474813.3,4445.8,20.29,22.22
CSV,1035008,207000,44,0,43,22252,10178,4.573971e-01,0.000000e+00,2327.3,400531.9,4085.0,19.91,22.36
CSV,1040008,208000,44,0,43,22447,10280,4.579677e-01,0.000000e+00,2402.9,466431.6,4125.1,20.53,22.88
BER: END_SEQ #44 [SLIP] seq_err=150 BER_seq=2.9354e-01 | lock=0 slip=44 BER_cond=0.0000e+00 BER_cum=4.5806e-01
BER: SYNC #45 (gated)
CSV,1045008,209000,45,0,44,22573,10339,4.580251e-01,0.000000e+00,2667.7,466113.2,4212.6,20.44,22.42
CSV,1050008,210000,45,0,44,22772,10443,4.585895e-01,0.000000e+00,2460.9,402666.5,3781.8,20.27,22.14
CSV,1055008,211000,45,0,44,22969,10548,4.592277e-01,0.000000e+00,2372.2,460282.7,4157.2,20.44,22.88
BER: END_SEQ #45 [SLIP] seq_err=263 BER_seq=5.1468e-01 | lock=0 slip=45 BER_cond=0.0000e+00 BER_cum=4.5932e-01
BER: SYNC #46 (gated)
CSV,1060008,212000,46,0,45,23096,10609,4.593436e-01,0.000000e+00,2880.1,469114.3,4530.6,20.15,22.12
CSV,1065008,213000,46,0,45,23294,10707,4.596463e-01,0.000000e+00,2499.1,408393.0,3936.0,20.16,22.13
CSV,1070008,214000,46,0,45,23488,10801,4.598518e-01,0.000000e+00,2371.3,441681.3,4237.8,20.18,22.70
BER: END_SEQ #46 [SLIP] seq_err=247 BER_seq=4.8337e-01 | lock=0 slip=46 BER_cond=0.0000e+00 BER_cum=4.5984e-01
BER: SYNC #47 (gated)
CSV,1075008,215000,47,0,46,23619,10830,4.585291e-01,0.000000e+00,2616.3,452947.4,4804.3,19.74,22.38
CSV,1080008,216000,47,0,46,23816,10931,4.589772e-01,0.000000e+00,2560.7,390236.1,4702.8,19.19,21.83
CSV,1085008,217000,47,0,46,24015,11033,4.594212e-01,0.000000e+00,2466.5,462267.2,4259.4,20.36,22.73
BER: END_SEQ #47 [SLIP] seq_err=225 BER_seq=4.4031e-01 | lock=0 slip=47 BER_cond=0.0000e+00 BER_cum=4.5942e-01
BER: SYNC #48 (gated)
CSV,1090008,218000,48,0,47,24141,11082,4.590531e-01,0.000000e+00,2943.8,405235.1,4097.3,19.95,21.39
CSV,1095008,219000,48,0,47,24338,11177,4.592407e-01,0.000000e+00,2846.0,248101.9,5736.1,16.36,19.40
BER: END_SEQ #48 [SLIP] seq_err=235 BER_seq=4.5988e-01 | lock=0 slip=48 BER_cond=0.0000e+00 BER_cum=4.5943e-01
CSV,1100008,220000,48,0,48,24528,11269,4.594341e-01,0.000000e+00,3183.9,168784.3,6605.0,14.07,17.24
CSV,1105008,221000,48,0,48,24528,11269,4.594341e-01,0.000000e+00,3010.9,152219.9,6487.7,13.70,17.04
CSV,1110008,222000,48,0,48,24528,11269,4.594341e-01,0.000000e+00,3142.7,161264.1,6440.9,13.99,17.10
CSV,1115008,223000,48,0,48,24528,11269,4.594341e-01,0.000000e+00,3221.3,171848.0,6390.4,14.30,17.27
BER: SYNC #49 (gated)
CSV,1120008,224000,49,0,48,24675,11328,4.590881e-01,0.000000e+00,3267.8,148901.0,6359.5,13.69,16.59
CSV,1125008,225000,49,0,48,24871,11421,4.592095e-01,0.000000e+00,3143.3,161189.3,6393.1,14.02,17.10
BER: END_SEQ #49 [SLIP] seq_err=241 BER_seq=4.7162e-01 | lock=0 slip=49 BER_cond=0.0000e+00 BER_cum=4.5968e-01
CSV,1130008,226000,49,0,49,25039,11510,4.596829e-01,0.000000e+00,3534.8,165350.9,6573.8,14.01,16.70
BER: SYNC #50 (gated)
CSV,1135008,227000,50,0,49,25195,11579,4.595753e-01,0.000000e+00,3149.0,149409.3,6741.8,13.46,16.76
CSV,1140008,228000,50,0,49,25389,11670,4.596479e-01,0.000000e+00,3168.0,159067.2,6331.0,14.00,17.01
BER: END_SEQ #50 [SLIP] seq_err=240 BER_seq=4.6967e-01 | lock=0 slip=50 BER_cond=0.0000e+00 BER_cum=4.5988e-01
CSV,1145008,229000,50,0,50,25550,11750,4.598826e-01,0.000000e+00,3369.4,163986.1,6546.1,13.99,16.87
CSV,1150008,230000,50,0,50,25550,11750,4.598826e-01,0.000000e+00,3088.9,150350.4,6305.4,13.77,16.87
CSV,1155008,231000,50,0,50,25550,11750,4.598826e-01,0.000000e+00,3119.0,160548.1,6495.6,13.93,17.12
CSV,1160008,232000,50,0,50,25550,11750,4.598826e-01,0.000000e+00,2753.1,161260.1,6351.0,14.05,17.68
BER: SYNC #51 (gated)
CSV,1165008,233000,51,0,50,25730,11795,4.584143e-01,0.000000e+00,3195.9,159736.1,6712.2,13.77,16.99
CSV,1170008,234000,51,0,50,25930,11899,4.588893e-01,0.000000e+00,3172.6,172343.5,7103.5,13.85,17.35
BER: END_SEQ #51 [SLIP] seq_err=218 BER_seq=4.2661e-01 | lock=0 slip=51 BER_cond=0.0000e+00 BER_cum=4.5923e-01
CSV,1175008,235000,51,0,51,26061,11968,4.592303e-01,0.000000e+00,3137.7,180564.3,6711.0,14.30,17.60
BER: SYNC #52 (gated)
CSV,1180008,236000,52,0,51,26253,12050,4.589952e-01,0.000000e+00,3081.5,158049.0,6438.3,13.90,17.10
CSV,1185008,237000,52,0,51,26451,12144,4.591131e-01,0.000000e+00,3274.4,178973.3,6256.3,14.56,17.38
BER: END_SEQ #52 [SLIP] seq_err=246 BER_seq=4.8141e-01 | lock=0 slip=52 BER_cond=0.0000e+00 BER_cum=4.5966e-01
BER: SYNC #53 (gated)
CSV,1190008,238000,53,0,52,26581,12214,4.595011e-01,0.000000e+00,3378.0,187479.2,7004.5,14.28,17.44
CSV,1195008,239000,53,0,52,26774,12307,4.596623e-01,0.000000e+00,3146.1,162886.5,7020.6,13.66,17.14
CSV,1200008,240000,53,0,52,26970,12416,4.603634e-01,0.000000e+00,3752.3,213031.8,9302.1,13.60,17.54
BER: END_SEQ #53 [SLIP] seq_err=260 BER_seq=5.0881e-01 | lock=0 slip=53 BER_cond=0.0000e+00 BER_cum=4.6058e-01
BER: SYNC #54 (gated)
CSV,1205008,241000,54,0,53,27103,12474,4.602443e-01,0.000000e+00,3357.5,328877.0,6038.1,17.36,19.91
CSV,1210008,242000,54,0,53,27299,12525,4.588080e-01,0.000000e+00,3155.8,284621.8,6004.4,16.76,19.55
CSV,1215008,243000,54,0,53,27494,12629,4.593366e-01,0.000000e+00,3478.3,208227.7,6739.4,14.90,17.77
BER: END_SEQ #54 [SLIP] seq_err=208 BER_seq=4.0705e-01 | lock=0 slip=54 BER_cond=0.0000e+00 BER_cum=4.5959e-01
BER: SYNC #55 (gated)
CSV,1220008,244000,55,0,54,27626,12682,4.590603e-01,0.000000e+00,3403.0,216113.3,7011.8,14.89,18.03
CSV,1225008,245000,55,0,54,27823,12739,4.578586e-01,0.000000e+00,3230.9,198584.0,6396.6,14.92,17.89
CSV,1230008,246000,55,0,54,28021,12842,4.582991e-01,0.000000e+00,3558.9,205219.2,6748.8,14.83,17.61
BER: END_SEQ #55 [SLIP] seq_err=200 BER_seq=3.9139e-01 | lock=0 slip=55 BER_cond=0.0000e+00 BER_cum=4.5835e-01
CSV,1235008,247000,55,0,55,28105,12882,4.583526e-01,0.000000e+00,3853.5,206600.3,6989.1,14.71,17.29
CSV,1240008,248000,55,0,55,28105,12882,4.583526e-01,0.000000e+00,3769.5,173347.7,6866.1,14.02,16.63
CSV,1245008,249000,55,0,55,28105,12882,4.583526e-01,0.000000e+00,3771.0,177296.9,6399.6,14.43,16.72
BER: SYNC #56 (gated)
CSV,1250008,250000,56,0,55,28158,12901,4.581646e-01,0.000000e+00,4026.2,161113.2,6874.6,13.70,16.02
CSV,1255008,251000,56,0,55,28356,13005,4.586331e-01,0.000000e+00,3900.4,135567.7,6943.8,12.91,15.41
CSV,1260008,252000,56,0,55,28553,13109,4.591111e-01,0.000000e+00,4268.5,143592.3,6913.1,13.17,15.27
BER: END_SEQ #56 [SLIP] seq_err=260 BER_seq=5.0881e-01 | lock=0 slip=56 BER_cond=0.0000e+00 BER_cum=4.5925e-01
BER: SYNC #57 (gated)
CSV,1265008,253000,57,0,56,28680,13173,4.593096e-01,0.000000e+00,4524.5,146636.4,7115.7,13.14,15.11
CSV,1270008,254000,57,0,56,28875,13270,4.595671e-01,0.000000e+00,3944.8,119287.9,6792.6,12.45,14.81
CSV,1275008,255000,57,0,56,29071,13372,4.599773e-01,0.000000e+00,4131.4,132168.8,6592.0,13.02,15.05
BER: END_SEQ #57 [SLIP] seq_err=251 BER_seq=4.9119e-01 | lock=0 slip=57 BER_cond=0.0000e+00 BER_cum=4.5981e-01
BER: SYNC #58 (gated)
CSV,1280008,256000,58,0,57,29204,13417,4.594234e-01,0.000000e+00,4423.9,133892.3,7249.0,12.66,14.81
CSV,1285008,257000,58,0,57,29400,13521,4.598980e-01,0.000000e+00,4169.4,110443.8,6538.2,12.28,14.23
CSV,1290008,258000,58,0,57,29598,13615,4.599973e-01,0.000000e+00,4376.5,134410.7,6989.4,12.84,14.87
BER: END_SEQ #58 [SLIP] seq_err=243 BER_seq=4.7554e-01 | lock=0 slip=58 BER_cond=0.0000e+00 BER_cum=4.6009e-01
CSV,1295008,259000,58,0,58,29638,13636,4.600850e-01,0.000000e+00,4563.9,131076.7,7200.6,12.60,14.58
CSV,1300008,260000,58,0,58,29638,13636,4.600850e-01,0.000000e+00,4108.5,246980.2,7153.1,15.38,17.79
CSV,1305008,261000,58,0,58,29638,13636,4.600850e-01,0.000000e+00,3523.4,327705.3,6385.5,17.10,19.69
BER: SYNC #59 (gated)
CSV,1310008,262000,59,0,58,29739,13646,4.588587e-01,0.000000e+00,3724.2,317606.3,5497.0,17.62,19.31
CSV,1315008,263000,59,0,58,29934,13731,4.587092e-01,0.000000e+00,3426.5,269718.1,5786.6,16.68,18.96
CSV,1320008,264000,59,0,58,30131,13824,4.587966e-01,0.000000e+00,3494.9,315372.0,5527.8,17.56,19.55
BER: END_SEQ #59 [SLIP] seq_err=198 BER_seq=3.8748e-01 | lock=0 slip=59 BER_cond=0.0000e+00 BER_cum=4.5885e-01
BER: SYNC #60 (gated)
CSV,1325008,265000,60,0,59,30260,13884,4.588235e-01,0.000000e+00,3917.7,311222.9,5893.1,17.23,19.00
CSV,1330008,266000,60,0,59,30457,13977,4.589093e-01,0.000000e+00,3533.5,284637.1,5398.5,17.22,19.06
CSV,1335008,267000,60,0,59,30651,14065,4.588757e-01,0.000000e+00,3617.7,315376.3,5589.7,17.51,19.40
BER: END_SEQ #60 [SLIP] seq_err=235 BER_seq=4.5988e-01 | lock=0 slip=60 BER_cond=0.0000e+00 BER_cum=4.5887e-01
BER: SYNC #61 (gated)
CSV,1340008,268000,61,0,60,30783,14109,4.583374e-01,0.000000e+00,3848.6,302154.8,5791.5,17.17,18.95
CSV,1345008,269000,61,0,60,30979,14213,4.587947e-01,0.000000e+00,3618.3,309693.4,6464.9,16.80,19.32
BER: END_SEQ #61 [SLIP] seq_err=244 BER_seq=4.7750e-01 | lock=0 slip=61 BER_cond=0.0000e+00 BER_cum=4.5918e-01
CSV,1350008,270000,61,0,61,31171,14313,4.591768e-01,0.000000e+00,3951.7,345909.8,6476.7,17.28,19.42
CSV,1355008,271000,61,0,61,31171,14313,4.591768e-01,0.000000e+00,4155.3,299699.1,8287.0,15.58,18.58
CSV,1360008,272000,61,0,61,31171,14313,4.591768e-01,0.000000e+00,3990.7,327032.1,7759.6,16.25,19.14
CSV,1365008,273000,61,0,61,31171,14313,4.591768e-01,0.000000e+00,4733.7,239251.4,9005.4,14.24,17.04
BER: SYNC #62 (gated)
CSV,1370008,274000,62,0,61,31317,14379,4.591436e-01,0.000000e+00,5257.9,163296.6,9691.6,12.27,14.92
CSV,1375008,275000,62,0,61,31513,14483,4.595881e-01,0.000000e+00,6929.9,198170.1,21617.9,9.62,14.56
BER: END_SEQ #62 [SLIP] seq_err=255 BER_seq=4.9902e-01 | lock=0 slip=62 BER_cond=0.0000e+00 BER_cum=4.5982e-01
CSV,1380008,276000,62,0,62,31682,14568,4.598195e-01,0.000000e+00,5656.9,200672.3,9687.9,13.16,15.50
BER: SYNC #63 (gated)
CSV,1385008,277000,63,0,62,31838,14621,4.592311e-01,0.000000e+00,4095.7,152680.0,6851.0,13.48,15.71
CSV,1390008,278000,63,0,62,32036,14725,4.596392e-01,0.000000e+00,4025.7,149876.2,6986.7,13.31,15.71
BER: END_SEQ #63 [SLIP] seq_err=236 BER_seq=4.6184e-01 | lock=0 slip=63 BER_cond=0.0000e+00 BER_cum=4.5985e-01
CSV,1395008,279000,63,0,63,32193,14804,4.598515e-01,0.000000e+00,4206.2,151450.7,6575.2,13.62,15.56
BER: SYNC #64 (gated)
CSV,1400008,280000,64,0,63,32361,14861,4.592256e-01,0.000000e+00,4325.2,129321.7,7020.2,12.65,14.76
CSV,1405008,281000,64,0,63,32557,14963,4.595940e-01,0.000000e+00,4206.2,160434.5,6616.6,13.85,15.81
BER: END_SEQ #64 [SLIP] seq_err=234 BER_seq=4.5793e-01 | lock=0 slip=64 BER_cond=0.0000e+00 BER_cum=4.5982e-01
CSV,1410008,282000,64,0,64,32704,15038,4.598214e-01,0.000000e+00,4321.0,182006.8,7429.4,13.89,16.25
BER: SYNC #65 (gated)
CSV,1415008,283000,65,0,64,32885,15123,4.598753e-01,0.000000e+00,3916.1,201161.6,6619.8,14.83,17.11
CSV,1420008,284000,65,0,64,33083,15228,4.602968e-01,0.000000e+00,3545.4,361339.7,5493.4,18.18,20.08
BER: END_SEQ #65 [SLIP] seq_err=252 BER_seq=4.9315e-01 | lock=0 slip=65 BER_cond=0.0000e+00 BER_cum=4.6033e-01
CSV,1425008,285000,65,0,65,33215,15290,4.603342e-01,0.000000e+00,3839.4,397095.2,6508.2,17.85,20.15
CSV,1430008,286000,65,0,65,33215,15290,4.603342e-01,0.000000e+00,3390.1,353329.7,5662.7,17.95,20.18
CSV,1435008,287000,65,0,65,33215,15290,4.603342e-01,0.000000e+00,3429.5,416743.9,5658.9,18.67,20.85
BER: SYNC #66 (gated)
CSV,1440008,288000,66,0,65,33223,15290,4.602233e-01,0.000000e+00,3356.4,419758.8,5462.9,18.86,20.97
CSV,1445008,289000,66,0,65,33415,15354,4.594942e-01,0.000000e+00,3710.8,210488.0,7252.8,14.63,17.54
CSV,1450008,290000,66,0,65,33613,15456,4.598221e-01,0.000000e+00,3345.5,385739.7,5890.2,18.16,20.62
BER: END_SEQ #66 [SLIP] seq_err=226 BER_seq=4.4227e-01 | lock=0 slip=66 BER_cond=0.0000e+00 BER_cum=4.6006e-01
BER: SYNC #67 (gated)
CSV,1455008,291000,67,0,66,33745,15516,4.598015e-01,0.000000e+00,3543.4,429531.1,5540.8,18.89,20.84
CSV,1460008,292000,67,0,66,33938,15614,4.600742e-01,0.000000e+00,3355.0,286607.4,6651.2,16.34,19.32
CSV,1465008,293000,67,0,66,34137,15723,4.605853e-01,0.000000e+00,3835.9,198522.5,7147.1,14.44,17.14
BER: END_SEQ #67 [SLIP] seq_err=254 BER_seq=4.9706e-01 | lock=0 slip=67 BER_cond=0.0000e+00 BER_cum=4.6061e-01
BER: SYNC #68 (gated)
CSV,1470008,294000,68,0,67,34268,15770,4.601961e-01,0.000000e+00,4332.4,196614.5,8157.6,13.82,16.57
CSV,1475008,295000,68,0,67,34463,15852,4.599716e-01,0.000000e+00,4232.5,191990.4,7628.1,14.01,16.57
CSV,1480008,296000,68,0,67,34660,15953,4.602712e-01,0.000000e+00,4070.7,219544.8,7811.6,14.49,17.32
BER: END_SEQ #68 [SLIP] seq_err=216 BER_seq=4.2270e-01 | lock=0 slip=68 BER_cond=0.0000e+00 BER_cum=4.6006e-01
BER: SYNC #69 (gated)
CSV,1485008,297000,69,0,68,34791,15986,4.594867e-01,0.000000e+00,4072.2,212836.2,7568.0,14.49,17.18
CSV,1490008,298000,69,0,68,34987,16065,4.591706e-01,0.000000e+00,4156.6,192499.5,7066.5,14.35,16.66
CSV,1495008,299000,69,0,68,35182,16150,4.590416e-01,0.000000e+00,3961.5,175201.4,6796.2,14.11,16.46
BER: END_SEQ #69 [SLIP] seq_err=201 BER_seq=3.9335e-01 | lock=0 slip=69 BER_cond=0.0000e+00 BER_cum=4.5909e-01
CSV,1500008,300000,69,0,69,35259,16187,4.590885e-01,0.000000e+00,4434.3,167906.4,7602.3,13.44,15.78
CSV,1505008,301000,69,0,69,35259,16187,4.590885e-01,0.000000e+00,4419.6,138593.2,7615.0,12.60,14.96
CSV,1510008,302000,69,0,69,35259,16187,4.590885e-01,0.000000e+00,4291.3,154001.4,7225.6,13.29,15.55
BER: SYNC #70 (gated)
CSV,1515008,303000,70,0,69,35322,16215,4.590623e-01,0.000000e+00,4122.9,166132.0,7068.4,13.71,16.05
CSV,1520008,304000,70,0,69,35519,16321,4.595006e-01,0.000000e+00,3970.4,153032.9,6746.8,13.56,15.86
CSV,1525008,305000,70,0,69,35715,16418,4.596948e-01,0.000000e+00,3986.7,177861.2,7086.0,14.00,16.49
BER: END_SEQ #70 [SLIP] seq_err=257 BER_seq=5.0294e-01 | lock=0 slip=70 BER_cond=0.0000e+00 BER_cum=4.5971e-01

=========================================
=== END OF TEST (duration=25 min) ===
=========================================
FINAL: syncs=70 lock=0 slip=70 slip_rate=1.0000
FINAL: bits_cum=35770 err_cum=16444 BER_cum=4.5971e-01
FINAL: bits_lock=0 err_lock=0 BER_cond=0.0000e+00
=========================================
=== STOP LOGGING NOW ===
=========================================
