

=== RX BOOT - BER TEST MODE ===
MOD=OOK (20 kHz carrier, adaptive threshold)
BPS_MODE=20 (HALF_SAMPLES=2000, 10000 samples/bit @ 200000 Hz)
Expect: 64-bit preamble + Barker13 (1F35h, gated by 8 preamble bits = 0x55) + 511-bit PRBS-9
Noise floor band: 5000 Hz; lock threshold: BER<0.10
Auto-stop: test will halt 25 min after the first sync.
RX: edge-tracking sync, center-3 voting
Starting decoder...

CSV,5011,500,0,0,0,0,0,0.000000e+00,0.000000e+00,27377.1,301621312.0,77116.0,35.92,40.42
CSV,10011,1000,0,0,0,0,0,0.000000e+00,0.000000e+00,29900.9,314145536.0,70183.5,36.51,40.21
CSV,15011,1500,0,0,0,0,0,0.000000e+00,0.000000e+00,30298.9,306134016.0,82026.6,35.72,40.04
CSV,20011,2000,0,0,0,0,0,0.000000e+00,0.000000e+00,30641.3,338133952.0,71279.7,36.76,40.43
BER: SYNC #1 (gated)
CSV,25011,2500,1,0,0,40,0,0.000000e+00,0.000000e+00,32496.8,319629664.0,69541.9,36.62,39.93
CSV,30011,3000,1,0,0,140,0,0.000000e+00,0.000000e+00,30705.2,274903456.0,70579.7,35.91,39.52
CSV,35011,3500,1,0,0,240,0,0.000000e+00,0.000000e+00,27607.8,313983072.0,64736.4,36.86,40.56
CSV,40011,4000,1,0,0,340,0,0.000000e+00,0.000000e+00,28668.2,312294464.0,70703.3,36.45,40.37
CSV,45011,4500,1,0,0,440,0,0.000000e+00,0.000000e+00,26950.6,336669152.0,67083.7,37.01,40.97
BER: END_SEQ #1 [LOCK] seq_err=0 BER_seq=0.0000e+00 | lock=1 slip=0 BER_cond=0.0000e+00 BER_cum=0.0000e+00
CSV,50011,5000,1,1,0,511,0,0.000000e+00,0.000000e+00,28863.1,328146496.0,81111.1,36.07,40.56
BER: SYNC #2 (gated)
CSV,55011,5500,2,1,0,563,0,0.000000e+00,0.000000e+00,32652.5,316098976.0,73108.6,36.36,39.86
CSV,60011,6000,2,1,0,663,0,0.000000e+00,0.000000e+00,29751.5,260142960.0,70658.9,35.66,39.42
CSV,65011,6500,2,1,0,763,0,0.000000e+00,0.000000e+00,28754.3,338791232.0,72421.7,36.70,40.71
CSV,70011,7000,2,1,0,863,0,0.000000e+00,0.000000e+00,31020.8,324602080.0,73285.2,36.46,40.20
CSV,75011,7500,2,1,0,962,0,0.000000e+00,0.000000e+00,28584.4,307964448.0,74073.6,36.19,40.32
BER: END_SEQ #2 [LOCK] seq_err=0 BER_seq=0.0000e+00 | lock=2 slip=0 BER_cond=0.0000e+00 BER_cum=0.0000e+00
CSV,80011,8000,2,2,0,1022,0,0.000000e+00,0.000000e+00,27723.7,332416352.0,68999.6,36.83,40.79
BER: SYNC #3 (gated)
CSV,85011,8500,3,2,0,1085,0,0.000000e+00,0.000000e+00,26484.9,343071808.0,73377.8,36.70,41.12
CSV,90011,9000,3,2,0,1185,0,0.000000e+00,0.000000e+00,27053.4,243905712.0,70708.9,35.38,39.55
CSV,95011,9500,3,2,0,1285,0,0.000000e+00,0.000000e+00,27025.1,311478560.0,66533.8,36.70,40.62
CSV,100011,10000,3,2,0,1385,0,0.000000e+00,0.000000e+00,26808.8,334730112.0,66802.8,37.00,40.96
CSV,105011,10500,3,2,0,1485,0,0.000000e+00,0.000000e+00,26108.6,322360096.0,67357.1,36.80,40.92
BER: END_SEQ #3 [LOCK] seq_err=0 BER_seq=0.0000e+00 | lock=3 slip=0 BER_cond=0.0000e+00 BER_cum=0.0000e+00
CSV,110011,11000,3,3,0,1533,0,0.000000e+00,0.000000e+00,28959.8,337416224.0,70974.5,36.77,40.66
BER: SYNC #4 (gated)
CSV,115011,11500,4,3,0,1608,0,0.000000e+00,0.000000e+00,32122.2,327286304.0,63095.7,37.15,40.08
CSV,120011,12000,4,3,0,1708,0,0.000000e+00,0.000000e+00,27569.0,248521888.0,62398.9,36.00,39.55
CSV,125011,12500,4,3,0,1808,0,0.000000e+00,0.000000e+00,24808.3,305322720.0,66067.5,36.65,40.90
CSV,130011,13000,4,3,0,1908,0,0.000000e+00,0.000000e+00,22961.0,359375872.0,72646.8,36.94,41.95
CSV,135011,13500,4,3,0,2008,0,0.000000e+00,0.000000e+00,25075.3,294455712.0,63892.6,36.64,40.70
BER: END_SEQ #4 [LOCK] seq_err=0 BER_seq=0.0000e+00 | lock=4 slip=0 BER_cond=0.0000e+00 BER_cum=0.0000e+00
CSV,140011,14000,4,4,0,2044,0,0.000000e+00,0.000000e+00,23702.5,326403136.0,69743.4,36.70,41.39
BER: SYNC #5 (gated)
CSV,145011,14500,5,4,0,2131,0,0.000000e+00,0.000000e+00,25765.9,324252832.0,69062.1,36.72,41.00
CSV,150011,15000,5,4,0,2231,0,0.000000e+00,0.000000e+00,26448.1,261736768.0,69157.5,35.78,39.95
CSV,155011,15500,5,4,0,2331,0,0.000000e+00,0.000000e+00,25264.7,310298240.0,68092.0,36.59,40.89
CSV,160011,16000,5,4,0,2431,0,0.000000e+00,0.000000e+00,24307.1,315040128.0,66657.0,36.75,41.13
CSV,165011,16500,5,4,0,2531,0,0.000000e+00,0.000000e+00,24895.3,318729280.0,66531.8,36.80,41.07
BER: END_SEQ #5 [LOCK] seq_err=0 BER_seq=0.0000e+00 | lock=5 slip=0 BER_cond=0.0000e+00 BER_cum=0.0000e+00
CSV,170011,17000,5,5,0,2555,0,0.000000e+00,0.000000e+00,25237.2,349229792.0,66933.6,37.17,41.41
BER: SYNC #6 (gated)
CSV,175011,17500,6,5,0,2654,0,0.000000e+00,0.000000e+00,26117.6,306847680.0,68465.8,36.51,40.70
CSV,180011,18000,6,5,0,2754,0,0.000000e+00,0.000000e+00,26498.1,237508160.0,69559.2,35.33,39.52
CSV,185011,18500,6,5,0,2853,0,0.000000e+00,0.000000e+00,27827.4,315032096.0,73668.9,36.31,40.54
CSV,190011,19000,6,5,0,2953,0,0.000000e+00,0.000000e+00,27179.2,336275264.0,74247.7,36.56,40.92
CSV,195011,19500,6,5,0,3053,0,0.000000e+00,0.000000e+00,26219.9,319416704.0,66504.9,36.82,40.86
BER: END_SEQ #6 [LOCK] seq_err=0 BER_seq=0.0000e+00 | lock=6 slip=0 BER_cond=0.0000e+00 BER_cum=0.0000e+00
BER: SYNC #7 (gated)
CSV,200011,20000,7,6,0,3076,0,0.000000e+00,0.000000e+00,26239.8,322916032.0,67557.1,36.79,40.90
CSV,205011,20500,7,6,0,3176,0,0.000000e+00,0.000000e+00,30093.0,307289088.0,68374.5,36.53,40.09
CSV,210011,21000,7,6,0,3276,0,0.000000e+00,0.000000e+00,27887.2,268475360.0,71311.9,35.76,39.84
CSV,215011,21500,7,6,0,3376,0,0.000000e+00,0.000000e+00,27540.2,302878688.0,64430.9,36.72,40.41
CSV,220011,22000,7,6,0,3476,0,0.000000e+00,0.000000e+00,28054.7,331498432.0,71836.0,36.64,40.72
CSV,225011,22500,7,6,0,3576,0,0.000000e+00,0.000000e+00,28067.0,321683168.0,68900.3,36.69,40.59
BER: END_SEQ #7 [LOCK] seq_err=0 BER_seq=0.0000e+00 | lock=7 slip=0 BER_cond=0.0000e+00 BER_cum=0.0000e+00
BER: SYNC #8 (gated)
CSV,230011,23000,8,7,0,3599,0,0.000000e+00,0.000000e+00,29738.6,335016768.0,76541.5,36.41,40.52
CSV,235011,23500,8,7,0,3699,0,0.000000e+00,0.000000e+00,27673.7,285626400.0,65668.0,36.38,40.14
CSV,240011,24000,8,7,0,3799,0,0.000000e+00,0.000000e+00,25100.8,262848896.0,63339.1,36.18,40.20
CSV,245011,24500,8,7,0,3899,0,0.000000e+00,0.000000e+00,28814.9,308421984.0,68582.4,36.53,40.30
CSV,250011,25000,8,7,0,3999,0,0.000000e+00,0.000000e+00,28252.2,324446688.0,71770.4,36.55,40.60
BER: END_SEQ #8 [LOCK] seq_err=0 BER_seq=0.0000e+00 | lock=8 slip=0 BER_cond=0.0000e+00 BER_cum=0.0000e+00
CSV,255011,25500,8,8,0,4088,0,0.000000e+00,0.000000e+00,28362.8,339910400.0,65335.2,37.16,40.79
BER: SYNC #9 (gated)
CSV,260011,26000,9,8,0,4122,0,0.000000e+00,0.000000e+00,25429.3,307038016.0,56216.4,37.37,40.82
CSV,265011,26500,9,8,0,4222,0,0.000000e+00,0.000000e+00,27098.3,264963440.0,66705.3,35.99,39.90
CSV,270011,27000,9,8,0,4322,0,0.000000e+00,0.000000e+00,26292.6,317268224.0,68250.1,36.67,40.82
CSV,275011,27500,9,8,0,4422,0,0.000000e+00,0.000000e+00,29267.9,320273248.0,67372.6,36.77,40.39
CSV,280011,28000,9,8,0,4522,0,0.000000e+00,0.000000e+00,27505.7,300659040.0,76831.8,35.93,40.39
BER: END_SEQ #9 [LOCK] seq_err=0 BER_seq=0.0000e+00 | lock=9 slip=0 BER_cond=0.0000e+00 BER_cum=0.0000e+00
CSV,285011,28500,9,9,0,4599,0,0.000000e+00,0.000000e+00,32239.5,325630144.0,69567.8,36.70,40.04
BER: SYNC #10 (gated)
CSV,290011,29000,10,9,0,4644,0,0.000000e+00,0.000000e+00,29990.3,317607296.0,75679.7,36.23,40.25
CSV,295011,29500,10,9,0,4744,0,0.000000e+00,0.000000e+00,31193.3,260776368.0,70291.0,35.69,39.22
CSV,300011,30000,10,9,0,4844,0,0.000000e+00,0.000000e+00,31446.1,316700512.0,67498.5,36.71,40.03
CSV,305011,30500,10,9,0,4944,0,0.000000e+00,0.000000e+00,29769.7,306882976.0,79855.9,35.85,40.13
CSV,310011,31000,10,9,0,5044,0,0.000000e+00,0.000000e+00,30759.5,324821312.0,73035.2,36.48,40.24
BER: END_SEQ #10 [LOCK] seq_err=0 BER_seq=0.0000e+00 | lock=10 slip=0 BER_cond=0.0000e+00 BER_cum=0.0000e+00
CSV,315011,31500,10,10,0,5110,0,0.000000e+00,0.000000e+00,29576.9,321636928.0,69501.7,36.65,40.36
BER: SYNC #11 (gated)
CSV,320011,32000,11,10,0,5167,0,0.000000e+00,0.000000e+00,28693.8,317585440.0,66283.5,36.80,40.44
CSV,325011,32500,11,10,0,5267,0,0.000000e+00,0.000000e+00,28870.1,247358912.0,69931.0,35.49,39.33
CSV,330011,33000,11,10,0,5367,0,0.000000e+00,0.000000e+00,30651.9,304332544.0,76847.6,35.98,39.97
CSV,335011,33500,11,10,0,5467,0,0.000000e+00,0.000000e+00,29582.1,340565024.0,68260.1,36.98,40.61
CSV,340011,34000,11,10,0,5567,0,0.000000e+00,0.000000e+00,28062.9,291945344.0,64834.7,36.53,40.17
BER: END_SEQ #11 [LOCK] seq_err=0 BER_seq=0.0000e+00 | lock=11 slip=0 BER_cond=0.0000e+00 BER_cum=0.0000e+00
CSV,345011,34500,11,11,0,5621,0,0.000000e+00,0.000000e+00,31914.9,329808064.0,67876.3,36.87,40.14
BER: SYNC #12 (gated)
CSV,350011,35000,12,11,0,5690,0,0.000000e+00,0.000000e+00,28989.8,325882016.0,74527.9,36.41,40.51
CSV,355011,35500,12,11,0,5790,0,0.000000e+00,0.000000e+00,27116.7,249813680.0,62770.2,36.00,39.64
CSV,360011,36000,12,11,0,5890,0,0.000000e+00,0.000000e+00,28879.7,294011616.0,71411.6,36.15,40.08
CSV,365011,36500,12,11,0,5990,0,0.000000e+00,0.000000e+00,26998.8,331615744.0,66602.1,36.97,40.89
CSV,370011,37000,12,11,0,6090,0,0.000000e+00,0.000000e+00,23322.5,296570496.0,66010.8,36.53,41.04
BER: END_SEQ #12 [LOCK] seq_err=0 BER_seq=0.0000e+00 | lock=12 slip=0 BER_cond=0.0000e+00 BER_cum=0.0000e+00
CSV,375011,37500,12,12,0,6132,0,0.000000e+00,0.000000e+00,26503.9,348876000.0,69099.1,37.03,41.19
BER: SYNC #13 (gated)
CSV,380011,38000,13,12,0,6212,0,0.000000e+00,0.000000e+00,26766.4,321550176.0,65345.9,36.92,40.80
CSV,385011,38500,13,12,0,6313,0,0.000000e+00,0.000000e+00,25648.1,255218848.0,66180.0,35.86,39.98
CSV,390011,39000,13,12,0,6412,0,0.000000e+00,0.000000e+00,26758.8,277836000.0,62439.7,36.48,40.16
CSV,395011,39500,13,12,0,6512,0,0.000000e+00,0.000000e+00,29240.0,358783744.0,69546.7,37.13,40.89
CSV,400011,40000,13,12,0,6612,0,0.000000e+00,0.000000e+00,27792.7,300450144.0,62301.4,36.83,40.34
BER: END_SEQ #13 [LOCK] seq_err=0 BER_seq=0.0000e+00 | lock=13 slip=0 BER_cond=0.0000e+00 BER_cum=0.0000e+00
CSV,405011,40500,13,13,0,6643,0,0.000000e+00,0.000000e+00,24702.0,329197504.0,69862.9,36.73,41.25
BER: SYNC #14 (gated)
CSV,410011,41000,14,13,0,6735,0,0.000000e+00,0.000000e+00,28439.6,296613440.0,68667.5,36.35,40.18
CSV,415011,41500,14,13,0,6835,0,0.000000e+00,0.000000e+00,25972.5,255976048.0,68259.4,35.74,39.94
CSV,420011,42000,14,13,0,6935,0,0.000000e+00,0.000000e+00,26999.7,313109056.0,66893.8,36.70,40.64
CSV,425011,42500,14,13,0,7035,0,0.000000e+00,0.000000e+00,25977.5,316740832.0,65547.8,36.84,40.86
CSV,430011,43000,14,13,0,7135,0,0.000000e+00,0.000000e+00,23638.9,314647264.0,66568.0,36.75,41.24
BER: END_SEQ #14 [LOCK] seq_err=0 BER_seq=0.0000e+00 | lock=14 slip=0 BER_cond=0.0000e+00 BER_cum=0.0000e+00
BER: SYNC #15 (gated)
CSV,435011,43500,15,14,0,7158,0,0.000000e+00,0.000000e+00,27699.8,334430816.0,70293.2,36.77,40.82
CSV,440011,44000,15,14,0,7258,0,0.000000e+00,0.000000e+00,25893.5,329542496.0,68346.1,36.83,41.05
CSV,445011,44500,15,14,0,7358,0,0.000000e+00,0.000000e+00,26677.7,230560832.0,68136.5,35.29,39.37
CSV,450011,45000,15,14,0,7458,0,0.000000e+00,0.000000e+00,23297.1,311350464.0,62989.8,36.94,41.26
CSV,455011,45500,15,14,0,7558,0,0.000000e+00,0.000000e+00,25219.8,326746048.0,74035.5,36.45,41.12
CSV,460011,46000,15,14,0,7658,0,0.000000e+00,0.000000e+00,25644.9,322604896.0,62015.2,37.16,41.00
BER: END_SEQ #15 [LOCK] seq_err=0 BER_seq=0.0000e+00 | lock=15 slip=0 BER_cond=0.0000e+00 BER_cum=0.0000e+00
BER: SYNC #16 (gated)
CSV,465011,46500,16,15,0,7681,0,0.000000e+00,0.000000e+00,24775.3,337431936.0,64014.7,37.22,41.34
CSV,470011,47000,16,15,0,7781,0,0.000000e+00,0.000000e+00,26330.3,289236896.0,67219.5,36.34,40.41
CSV,475011,47500,16,15,0,7881,0,0.000000e+00,0.000000e+00,23172.9,268406960.0,66274.0,36.07,40.64
CSV,480011,48000,16,15,0,7980,0,0.000000e+00,0.000000e+00,27156.5,306091552.0,68354.5,36.51,40.52
CSV,485011,48500,16,15,0,8080,0,0.000000e+00,0.000000e+00,28463.8,320379552.0,80936.1,35.98,40.51
BER: END_SEQ #16 [LOCK] seq_err=0 BER_seq=0.0000e+00 | lock=16 slip=0 BER_cond=0.0000e+00 BER_cum=0.0000e+00
CSV,490011,49000,16,16,0,8176,0,0.000000e+00,0.000000e+00,26900.5,331974144.0,66130.0,37.01,40.91
BER: SYNC #17 (gated)
CSV,495011,49500,17,16,0,8203,0,0.000000e+00,0.000000e+00,31172.9,326168032.0,70059.8,36.68,40.20
CSV,500011,50000,17,16,0,8303,0,0.000000e+00,0.000000e+00,31838.2,274393024.0,71767.3,35.82,39.35
CSV,505011,50500,17,16,0,8403,0,0.000000e+00,0.000000e+00,31159.4,287636928.0,76155.7,35.77,39.65
CSV,510011,51000,17,16,0,8503,0,0.000000e+00,0.000000e+00,23785.1,317565248.0,77613.1,36.12,41.26
CSV,515011,51500,17,16,0,8603,0,0.000000e+00,0.000000e+00,32917.2,311345600.0,83157.4,35.73,39.76
BER: END_SEQ #17 [LOCK] seq_err=0 BER_seq=0.0000e+00 | lock=17 slip=0 BER_cond=0.0000e+00 BER_cum=0.0000e+00
CSV,520011,52000,17,17,0,8687,0,0.000000e+00,0.000000e+00,30540.1,336924032.0,69038.9,36.88,40.43
BER: SYNC #18 (gated)
CSV,525011,52500,18,17,0,8726,0,0.000000e+00,0.000000e+00,33565.2,306253024.0,79254.7,35.87,39.60
CSV,530011,53000,18,17,0,8826,0,0.000000e+00,0.000000e+00,34083.5,265706544.0,81794.5,35.12,38.92
CSV,535011,53500,18,17,0,8926,0,0.000000e+00,0.000000e+00,32996.1,313410080.0,79241.7,35.97,39.78
CSV,540011,54000,18,17,0,9026,0,0.000000e+00,0.000000e+00,36992.5,309464576.0,83247.5,35.70,39.22
CSV,545011,54500,18,17,0,9126,0,0.000000e+00,0.000000e+00,33875.3,321483264.0,84055.4,35.83,39.77
BER: END_SEQ #18 [LOCK] seq_err=0 BER_seq=0.0000e+00 | lock=18 slip=0 BER_cond=0.0000e+00 BER_cum=0.0000e+00
CSV,550011,55000,18,18,0,9198,0,0.000000e+00,0.000000e+00,27125.5,323011648.0,76666.0,36.25,40.76
BER: SYNC #19 (gated)
CSV,555011,55500,19,18,0,9249,0,0.000000e+00,0.000000e+00,30488.6,311552896.0,82060.6,35.79,40.09
CSV,560011,56000,19,18,0,9349,0,0.000000e+00,0.000000e+00,31743.1,260416800.0,75975.1,35.35,39.14
CSV,565011,56500,19,18,0,9449,0,0.000000e+00,0.000000e+00,29694.5,325578400.0,79318.7,36.13,40.40
CSV,570011,57000,19,18,0,9549,0,0.000000e+00,0.000000e+00,25421.3,309220128.0,76520.8,36.06,40.85
CSV,575011,57500,19,18,0,9649,0,0.000000e+00,0.000000e+00,28458.4,307073440.0,76457.4,36.04,40.33
BER: END_SEQ #19 [LOCK] seq_err=0 BER_seq=0.0000e+00 | lock=19 slip=0 BER_cond=0.0000e+00 BER_cum=0.0000e+00
CSV,580011,58000,19,19,0,9709,0,0.000000e+00,0.000000e+00,31638.0,337627296.0,80847.4,36.21,40.28
BER: SYNC #20 (gated)
CSV,585011,58500,20,19,0,9772,0,0.000000e+00,0.000000e+00,29962.0,326141888.0,78193.8,36.20,40.37
CSV,590011,59000,20,19,0,9871,0,0.000000e+00,0.000000e+00,28396.2,239223344.0,78512.7,34.84,39.26
CSV,595011,59500,20,19,0,9971,0,0.000000e+00,0.000000e+00,24623.5,301715296.0,70239.3,36.33,40.88
CSV,600011,60000,20,19,0,10071,0,0.000000e+00,0.000000e+00,26915.8,333179968.0,72284.5,36.64,40.93
CSV,605011,60500,20,19,0,10171,0,0.000000e+00,0.000000e+00,30016.6,314297920.0,71605.7,36.42,40.20
BER: END_SEQ #20 [LOCK] seq_err=0 BER_seq=0.0000e+00 | lock=20 slip=0 BER_cond=0.0000e+00 BER_cum=0.0000e+00
CSV,610011,61000,20,20,0,10220,0,0.000000e+00,0.000000e+00,28210.6,329446464.0,78051.8,36.25,40.67
BER: SYNC #21 (gated)
CSV,615011,61500,21,20,0,10294,0,0.000000e+00,0.000000e+00,26061.5,321170368.0,74385.6,36.35,40.91
CSV,620011,62000,21,20,0,10394,0,0.000000e+00,0.000000e+00,27388.0,251650928.0,71153.2,35.49,39.63
CSV,625011,62500,21,20,0,10494,0,0.000000e+00,0.000000e+00,26472.8,301889952.0,73889.2,36.11,40.57
CSV,630011,63000,21,20,0,10594,0,0.000000e+00,0.000000e+00,29646.4,348663616.0,72308.2,36.83,40.70
CSV,635011,63500,21,20,0,10694,0,0.000000e+00,0.000000e+00,29519.8,289657760.0,77764.2,35.71,39.92
BER: END_SEQ #21 [LOCK] seq_err=0 BER_seq=0.0000e+00 | lock=21 slip=0 BER_cond=0.0000e+00 BER_cum=0.0000e+00
CSV,640011,64000,21,21,0,10731,0,0.000000e+00,0.000000e+00,26998.0,330115168.0,70331.9,36.72,40.87
BER: SYNC #22 (gated)
CSV,645011,64500,22,21,0,10817,0,0.000000e+00,0.000000e+00,27756.4,326432128.0,71434.5,36.60,40.70
CSV,650011,65000,22,21,0,10917,0,0.000000e+00,0.000000e+00,25962.8,257741056.0,65955.3,35.92,39.97
CSV,655011,65500,22,21,0,11017,0,0.000000e+00,0.000000e+00,26282.1,301692320.0,74632.6,36.07,40.60
CSV,660011,66000,22,21,0,11117,0,0.000000e+00,0.000000e+00,26689.2,322266528.0,71224.7,36.56,40.82
CSV,665011,66500,22,21,0,11217,0,0.000000e+00,0.000000e+00,27548.1,324116384.0,68493.3,36.75,40.71
BER: END_SEQ #22 [LOCK] seq_err=0 BER_seq=0.0000e+00 | lock=22 slip=0 BER_cond=0.0000e+00 BER_cum=0.0000e+00
CSV,670011,67000,22,22,0,11242,0,0.000000e+00,0.000000e+00,28452.4,336287104.0,77945.8,36.35,40.73
BER: SYNC #23 (gated)
CSV,675011,67500,23,22,0,11340,0,0.000000e+00,0.000000e+00,26970.5,303656448.0,71754.2,36.27,40.51
CSV,680011,68000,23,22,0,11440,0,0.000000e+00,0.000000e+00,23630.4,240470784.0,70411.1,35.33,40.08
CSV,685011,68500,23,22,0,11540,0,0.000000e+00,0.000000e+00,25649.5,326838368.0,64477.1,37.05,41.05
CSV,690011,69000,23,22,0,11640,0,0.000000e+00,0.000000e+00,28166.0,323921824.0,77822.9,36.19,40.61
CSV,695011,69500,23,22,0,11740,0,0.000000e+00,0.000000e+00,25268.1,321697440.0,75024.2,36.32,41.05
BER: END_SEQ #23 [LOCK] seq_err=0 BER_seq=0.0000e+00 | lock=23 slip=0 BER_cond=0.0000e+00 BER_cum=0.0000e+00
BER: SYNC #24 (gated)
CSV,700011,70000,24,23,0,11762,0,0.000000e+00,0.000000e+00,26445.6,323748096.0,69535.3,36.68,40.88
CSV,705011,70500,24,23,0,11862,0,0.000000e+00,0.000000e+00,25200.4,317620768.0,69708.3,36.59,41.01
CSV,710011,71000,24,23,0,11962,0,0.000000e+00,0.000000e+00,23871.5,260788752.0,69859.0,35.72,40.38
CSV,715011,71500,24,23,0,12062,0,0.000000e+00,0.000000e+00,25028.8,297032096.0,78438.3,35.78,40.74
CSV,720011,72000,24,23,0,12162,0,0.000000e+00,0.000000e+00,27385.4,331619296.0,69110.7,36.81,40.83
CSV,725011,72500,24,23,0,12262,0,0.000000e+00,0.000000e+00,25305.8,331829152.0,76278.9,36.39,41.18
BER: END_SEQ #24 [LOCK] seq_err=0 BER_seq=0.0000e+00 | lock=24 slip=0 BER_cond=0.0000e+00 BER_cum=0.0000e+00
BER: SYNC #25 (gated)
CSV,730011,73000,25,24,0,12285,0,0.000000e+00,0.000000e+00,25377.5,327547200.0,61795.4,37.24,41.11
CSV,735011,73500,25,24,0,12385,0,0.000000e+00,0.000000e+00,26565.6,285878528.0,81154.1,35.47,40.32
CSV,740011,74000,25,24,0,12485,0,0.000000e+00,0.000000e+00,24381.6,260409360.0,72157.7,35.57,40.29
CSV,745011,74500,25,24,0,12585,0,0.000000e+00,0.000000e+00,26021.2,319121536.0,67786.3,36.73,40.89
CSV,750011,75000,25,24,0,12685,0,0.000000e+00,0.000000e+00,26997.8,320991744.0,74131.4,36.36,40.75
BER: END_SEQ #25 [LOCK] seq_err=0 BER_seq=0.0000e+00 | lock=25 slip=0 BER_cond=0.0000e+00 BER_cum=0.0000e+00
CSV,755011,75500,25,25,0,12775,0,0.000000e+00,0.000000e+00,27426.4,333879328.0,71637.0,36.68,40.85
BER: SYNC #26 (gated)
CSV,760011,76000,26,25,0,12808,0,0.000000e+00,0.000000e+00,25739.4,309321792.0,70844.1,36.40,40.80
CSV,765011,76500,26,25,0,12908,0,0.000000e+00,0.000000e+00,25507.4,271603456.0,77638.8,35.44,40.27
CSV,770011,77000,26,25,0,13008,0,0.000000e+00,0.000000e+00,23288.2,315413600.0,71442.3,36.45,41.32
CSV,775011,77500,26,25,0,13108,0,0.000000e+00,0.000000e+00,25966.8,307259552.0,71495.3,36.33,40.73
CSV,780011,78000,26,25,0,13208,0,0.000000e+00,0.000000e+00,26993.5,300066848.0,75869.1,35.97,40.46
BER: END_SEQ #26 [LOCK] seq_err=0 BER_seq=0.0000e+00 | lock=26 slip=0 BER_cond=0.0000e+00 BER_cum=0.0000e+00
CSV,785011,78500,26,26,0,13286,0,0.000000e+00,0.000000e+00,26913.8,338512512.0,76357.6,36.47,41.00
BER: SYNC #27 (gated)
CSV,790011,79000,27,26,0,13331,0,0.000000e+00,0.000000e+00,27469.6,317995264.0,79768.6,36.01,40.64
CSV,795011,79500,27,26,0,13431,0,0.000000e+00,0.000000e+00,25214.7,260228128.0,63033.6,36.16,40.14
CSV,800011,80000,27,26,0,13530,0,0.000000e+00,0.000000e+00,24348.6,311213760.0,70555.7,36.45,41.07
CSV,805011,80500,27,26,0,13630,0,0.000000e+00,0.000000e+00,26364.1,313892704.0,72024.7,36.39,40.76
CSV,810011,81000,27,26,0,13730,0,0.000000e+00,0.000000e+00,26449.9,332200480.0,65071.1,37.08,40.99
BER: END_SEQ #27 [LOCK] seq_err=0 BER_seq=0.0000e+00 | lock=27 slip=0 BER_cond=0.0000e+00 BER_cum=0.0000e+00
CSV,815011,81500,27,27,0,13797,0,0.000000e+00,0.000000e+00,27512.5,317471104.0,67162.1,36.75,40.62
BER: SYNC #28 (gated)
CSV,820011,82000,28,27,0,13853,0,0.000000e+00,0.000000e+00,25936.3,308603456.0,69770.9,36.46,40.75
CSV,825011,82500,28,27,0,13953,0,0.000000e+00,0.000000e+00,25345.1,253630688.0,69669.2,35.61,40.00
CSV,830011,83000,28,27,0,14053,0,0.000000e+00,0.000000e+00,26672.1,314878080.0,71213.2,36.46,40.72
CSV,835011,83500,28,27,0,14153,0,0.000000e+00,0.000000e+00,26675.8,337633760.0,68590.0,36.92,41.02
CSV,840011,84000,28,27,0,14253,0,0.000000e+00,0.000000e+00,26714.5,286004800.0,73530.8,35.90,40.30
BER: END_SEQ #28 [LOCK] seq_err=0 BER_seq=0.0000e+00 | lock=28 slip=0 BER_cond=0.0000e+00 BER_cum=0.0000e+00
CSV,845011,84500,28,28,0,14308,0,0.000000e+00,0.000000e+00,24717.5,335902240.0,78292.5,36.32,41.33
BER: SYNC #29 (gated)
CSV,850011,85000,29,28,0,14376,0,0.000000e+00,0.000000e+00,34037.7,335567968.0,69135.5,36.86,39.94
CSV,855011,85500,29,28,0,14476,0,0.000000e+00,0.000000e+00,25589.8,241974544.0,73554.8,35.17,39.76
CSV,860011,86000,29,28,0,14576,0,0.000000e+00,0.000000e+00,27494.1,297804352.0,68306.8,36.39,40.35
CSV,865011,86500,29,28,0,14676,0,0.000000e+00,0.000000e+00,27112.6,326606496.0,74904.0,36.40,40.81
CSV,870011,87000,29,28,0,14776,0,0.000000e+00,0.000000e+00,25785.8,305362048.0,70116.2,36.39,40.73
BER: END_SEQ #29 [LOCK] seq_err=0 BER_seq=0.0000e+00 | lock=29 slip=0 BER_cond=0.0000e+00 BER_cum=0.0000e+00
CSV,875011,87500,29,29,0,14819,0,0.000000e+00,0.000000e+00,26702.3,336104384.0,78037.4,36.34,41.00
BER: SYNC #30 (gated)
CSV,880011,88000,30,29,0,14899,0,0.000000e+00,0.000000e+00,27187.2,323696288.0,72555.8,36.49,40.76
CSV,885011,88500,30,29,0,14999,0,0.000000e+00,0.000000e+00,32936.4,252943728.0,74006.6,35.34,38.85
CSV,890011,89000,30,29,0,15099,0,0.000000e+00,0.000000e+00,23971.0,291967264.0,69972.7,36.20,40.86
CSV,895011,89500,30,29,0,15198,0,0.000000e+00,0.000000e+00,25221.6,351972032.0,72760.8,36.85,41.45
CSV,900011,90000,30,29,0,15299,0,0.000000e+00,0.000000e+00,24618.2,300832000.0,71584.8,36.24,40.87
BER: END_SEQ #30 [LOCK] seq_err=0 BER_seq=0.0000e+00 | lock=30 slip=0 BER_cond=0.0000e+00 BER_cum=0.0000e+00
CSV,905011,90500,30,30,0,15330,0,0.000000e+00,0.000000e+00,28743.7,331651456.0,76866.2,36.35,40.62
BER: SYNC #31 (gated)
CSV,910011,91000,31,30,0,15421,0,0.000000e+00,0.000000e+00,27721.2,303877568.0,73228.5,36.18,40.40
CSV,915011,91500,31,30,0,15521,0,0.000000e+00,0.000000e+00,30540.9,257610144.0,72301.2,35.52,39.26
CSV,920011,92000,31,30,0,15621,0,0.000000e+00,0.000000e+00,30496.3,307586784.0,77342.7,36.00,40.04
CSV,925011,92500,31,30,0,15721,0,0.000000e+00,0.000000e+00,33170.5,310728032.0,75876.5,36.12,39.72
CSV,930011,93000,31,30,0,15821,0,0.000000e+00,0.000000e+00,29594.7,317627808.0,68583.6,36.66,40.31
BER: END_SEQ #31 [LOCK] seq_err=0 BER_seq=0.0000e+00 | lock=31 slip=0 BER_cond=0.0000e+00 BER_cum=0.0000e+00
BER: SYNC #32 (gated)
CSV,935011,93500,32,31,0,15844,0,0.000000e+00,0.000000e+00,28356.8,339845120.0,80394.6,36.26,40.79
CSV,940011,94000,32,31,0,15944,0,0.000000e+00,0.000000e+00,27844.2,314415328.0,73197.8,36.33,40.53
CSV,945011,94500,32,31,0,16044,0,0.000000e+00,0.000000e+00,26708.8,234601936.0,73327.8,35.05,39.44
CSV,950011,95000,32,31,0,16144,0,0.000000e+00,0.000000e+00,26978.0,318303072.0,71496.6,36.49,40.72
CSV,955011,95500,32,31,0,16244,0,0.000000e+00,0.000000e+00,27389.9,327708256.0,80410.1,36.10,40.78
CSV,960011,96000,32,31,0,16344,0,0.000000e+00,0.000000e+00,27056.1,312833184.0,80028.6,35.92,40.63
BER: END_SEQ #32 [LOCK] seq_err=0 BER_seq=0.0000e+00 | lock=32 slip=0 BER_cond=0.0000e+00 BER_cum=0.0000e+00
BER: SYNC #33 (gated)
CSV,965011,96500,33,32,0,16367,0,0.000000e+00,0.000000e+00,28838.6,342313440.0,73880.9,36.66,40.74
CSV,970011,97000,33,32,0,16467,0,0.000000e+00,0.000000e+00,24950.6,294397792.0,63304.0,36.68,40.72
CSV,975011,97500,33,32,0,16567,0,0.000000e+00,0.000000e+00,15027.6,270897440.0,39795.2,38.33,42.56
CSV,980011,98000,33,32,0,16667,0,0.000000e+00,0.000000e+00,26006.3,303756288.0,66057.7,36.63,40.67
CSV,985011,98500,33,32,0,16767,0,0.000000e+00,0.000000e+00,23941.1,318113184.0,69438.3,36.61,41.23
BER: END_SEQ #33 [LOCK] seq_err=0 BER_seq=0.0000e+00 | lock=33 slip=0 BER_cond=0.0000e+00 BER_cum=0.0000e+00
CSV,990011,99000,33,33,0,16863,0,0.000000e+00,0.000000e+00,25927.4,337617728.0,69127.6,36.89,41.15
BER: SYNC #34 (gated)
CSV,995011,99500,34,33,0,16890,0,0.000000e+00,0.000000e+00,29383.5,334640864.0,74604.3,36.52,40.56
CSV,1000011,100000,34,33,0,16989,0,0.000000e+00,0.000000e+00,30696.3,265302320.0,81583.6,35.12,39.37
CSV,1005011,100500,34,33,0,17090,0,0.000000e+00,0.000000e+00,29446.0,279439840.0,71836.7,35.90,39.77
CSV,1010011,101000,34,33,0,17190,0,0.000000e+00,0.000000e+00,29074.6,314580864.0,77366.6,36.09,40.34
CSV,1015011,101500,34,33,0,17289,0,0.000000e+00,0.000000e+00,30511.0,324831008.0,73871.9,36.43,40.27
BER: END_SEQ #34 [LOCK] seq_err=0 BER_seq=0.0000e+00 | lock=34 slip=0 BER_cond=0.0000e+00 BER_cum=0.0000e+00
CSV,1020011,102000,34,34,0,17374,0,0.000000e+00,0.000000e+00,18358.0,336311328.0,36545.6,39.64,42.63
BER: SYNC #35 (gated)
CSV,1025011,102500,35,34,0,17412,0,0.000000e+00,0.000000e+00,14396.9,304716192.0,33900.4,39.54,43.26
CSV,1030011,103000,35,34,0,17512,0,0.000000e+00,0.000000e+00,16672.2,266191168.0,46046.4,37.62,42.03
CSV,1035011,103500,35,34,0,17612,0,0.000000e+00,0.000000e+00,15242.8,328542880.0,32326.2,40.07,43.34
CSV,1040011,104000,35,34,0,17712,0,0.000000e+00,0.000000e+00,15165.5,306296352.0,39537.7,38.89,43.05
CSV,1045011,104500,35,34,0,17812,0,0.000000e+00,0.000000e+00,19013.0,323107328.0,48003.9,38.28,42.30
BER: END_SEQ #35 [LOCK] seq_err=0 BER_seq=0.0000e+00 | lock=35 slip=0 BER_cond=0.0000e+00 BER_cum=0.0000e+00
CSV,1050011,105000,35,35,0,17885,0,0.000000e+00,0.000000e+00,25731.7,321708128.0,69715.2,36.64,40.97
BER: SYNC #36 (gated)
CSV,1055011,105500,36,35,0,17935,0,0.000000e+00,0.000000e+00,22978.6,319629184.0,78716.4,36.09,41.43
CSV,1060011,106000,36,35,0,18035,0,0.000000e+00,0.000000e+00,27128.1,263197632.0,78752.4,35.24,39.87
CSV,1065011,106500,36,35,0,18135,0,0.000000e+00,0.000000e+00,31738.7,312477472.0,66264.6,36.74,39.93
CSV,1070011,107000,36,35,0,18235,0,0.000000e+00,0.000000e+00,25108.5,307522208.0,64970.8,36.75,40.88
CSV,1075011,107500,36,35,0,18335,0,0.000000e+00,0.000000e+00,14079.3,323212896.0,40395.9,39.03,43.61
BER: END_SEQ #36 [LOCK] seq_err=0 BER_seq=0.0000e+00 | lock=36 slip=0 BER_cond=0.0000e+00 BER_cum=0.0000e+00
CSV,1080011,108000,36,36,0,18396,0,0.000000e+00,0.000000e+00,31849.8,324613024.0,66467.6,36.89,40.08
BER: SYNC #37 (gated)
CSV,1085011,108500,37,36,0,18458,0,0.000000e+00,0.000000e+00,27321.9,318108704.0,72013.3,36.45,40.66
CSV,1090011,109000,37,36,0,18558,0,0.000000e+00,0.000000e+00,27594.2,242658704.0,74307.9,35.14,39.44
CSV,1095011,109500,37,36,0,18658,0,0.000000e+00,0.000000e+00,22926.0,306916320.0,77809.2,35.96,41.27
CSV,1100011,110000,37,36,0,18758,0,0.000000e+00,0.000000e+00,24652.1,338710624.0,75212.9,36.54,41.38
CSV,1105011,110500,37,36,0,18858,0,0.000000e+00,0.000000e+00,15725.5,305382208.0,38712.5,38.97,42.88
BER: END_SEQ #37 [LOCK] seq_err=0 BER_seq=0.0000e+00 | lock=37 slip=0 BER_cond=0.0000e+00 BER_cum=0.0000e+00
CSV,1110011,111000,37,37,0,18907,0,0.000000e+00,0.000000e+00,16425.0,331919008.0,40543.7,39.13,43.06
BER: SYNC #38 (gated)
CSV,1115011,111500,38,37,0,18980,0,0.000000e+00,0.000000e+00,15946.4,338315392.0,37409.9,39.56,43.27
CSV,1120011,112000,38,37,0,19080,0,0.000000e+00,0.000000e+00,13349.8,258479168.0,36594.0,38.49,42.87
CSV,1125011,112500,38,37,0,19180,0,0.000000e+00,0.000000e+00,13763.3,294272512.0,31957.9,39.64,43.30
CSV,1130011,113000,38,37,0,19280,0,0.000000e+00,0.000000e+00,17359.4,352767424.0,42790.0,39.16,43.08
CSV,1135011,113500,38,37,0,19380,0,0.000000e+00,0.000000e+00,14045.0,300479520.0,35823.4,39.24,43.30
BER: END_SEQ #38 [LOCK] seq_err=0 BER_seq=0.0000e+00 | lock=38 slip=0 BER_cond=0.0000e+00 BER_cum=0.0000e+00
CSV,1140011,114000,38,38,0,19418,0,0.000000e+00,0.000000e+00,15200.7,343273952.0,36517.1,39.73,43.54
BER: SYNC #39 (gated)
CSV,1145011,114500,39,38,0,19503,0,0.000000e+00,0.000000e+00,12168.0,324798112.0,35506.1,39.61,44.26
CSV,1150011,115000,39,38,0,19603,0,0.000000e+00,0.000000e+00,15253.0,260573312.0,41493.4,37.98,42.33
CSV,1155011,115500,39,38,0,19703,0,0.000000e+00,0.000000e+00,23696.0,301689536.0,58817.8,37.10,41.05
CSV,1160011,116000,39,38,0,19803,0,0.000000e+00,0.000000e+00,13702.2,339262592.0,39577.2,39.33,43.94
CSV,1165011,116500,39,38,0,19903,0,0.000000e+00,0.000000e+00,12971.7,319063552.0,35551.2,39.53,43.91
BER: END_SEQ #39 [LOCK] seq_err=0 BER_seq=0.0000e+00 | lock=39 slip=0 BER_cond=0.0000e+00 BER_cum=0.0000e+00
CSV,1170011,117000,39,39,0,19929,0,0.000000e+00,0.000000e+00,22073.7,333559904.0,57226.4,37.66,41.79
BER: SYNC #40 (gated)
CSV,1175011,117500,40,39,0,20026,0,0.000000e+00,0.000000e+00,11398.7,311122176.0,26460.9,40.70,44.36
CSV,1180011,118000,40,39,0,20126,0,0.000000e+00,0.000000e+00,11492.4,255519168.0,27339.2,39.71,43.47
CSV,1185011,118500,40,39,0,20226,0,0.000000e+00,0.000000e+00,14456.0,325202816.0,26561.0,40.88,43.52
CSV,1190011,119000,40,39,0,20326,0,0.000000e+00,0.000000e+00,11308.7,320609440.0,28278.4,40.55,44.53
CSV,1195011,119500,40,39,0,20426,0,0.000000e+00,0.000000e+00,12551.2,327849440.0,26321.8,40.95,44.17
BER: END_SEQ #40 [LOCK] seq_err=0 BER_seq=0.0000e+00 | lock=40 slip=0 BER_cond=0.0000e+00 BER_cum=0.0000e+00
BER: SYNC #41 (gated)
CSV,1200011,120000,41,40,0,20449,0,0.000000e+00,0.000000e+00,12343.4,348483840.0,29213.6,40.77,44.51
CSV,1205011,120500,41,40,0,20549,0,0.000000e+00,0.000000e+00,11389.3,320860192.0,28200.9,40.56,44.50
CSV,1210011,121000,41,40,0,20649,0,0.000000e+00,0.000000e+00,12051.5,255412224.0,28360.7,39.55,43.26
CSV,1215011,121500,41,40,0,20748,0,0.000000e+00,0.000000e+00,12925.4,309166464.0,29228.2,40.24,43.79
CSV,1220011,122000,41,40,0,20848,0,0.000000e+00,0.000000e+00,11914.4,339578144.0,28989.1,40.69,44.55
CSV,1225011,122500,41,40,0,20948,0,0.000000e+00,0.000000e+00,12910.8,331742400.0,28321.0,40.69,44.10
BER: END_SEQ #41 [LOCK] seq_err=0 BER_seq=0.0000e+00 | lock=41 slip=0 BER_cond=0.0000e+00 BER_cum=0.0000e+00
BER: SYNC #42 (gated)
CSV,1230011,123000,42,41,0,20971,0,0.000000e+00,0.000000e+00,12587.5,325256000.0,27229.4,40.77,44.12
CSV,1235011,123500,42,41,0,21071,0,0.000000e+00,0.000000e+00,11632.4,294020000.0,24882.2,40.72,44.03
CSV,1240011,124000,42,41,0,21171,0,0.000000e+00,0.000000e+00,12837.5,272526944.0,27055.4,40.03,43.27
CSV,1245011,124500,42,41,0,21271,0,0.000000e+00,0.000000e+00,12923.0,327117728.0,28343.9,40.62,44.03
CSV,1250011,125000,42,41,0,21371,0,0.000000e+00,0.000000e+00,12716.8,320132544.0,29871.8,40.30,44.01
BER: END_SEQ #42 [LOCK] seq_err=0 BER_seq=0.0000e+00 | lock=42 slip=0 BER_cond=0.0000e+00 BER_cum=0.0000e+00
CSV,1255011,125500,42,42,0,21462,0,0.000000e+00,0.000000e+00,27539.7,330023936.0,75674.8,36.40,40.79
BER: SYNC #43 (gated)
CSV,1260011,126000,43,42,0,21494,0,0.000000e+00,0.000000e+00,26709.2,318615808.0,74348.9,36.32,40.77
CSV,1265011,126500,43,42,0,21594,0,0.000000e+00,0.000000e+00,16267.5,275194464.0,40272.6,38.35,42.28
CSV,1270011,127000,43,42,0,21694,0,0.000000e+00,0.000000e+00,12995.8,314766080.0,26268.2,40.79,43.84
CSV,1275011,127500,43,42,0,21794,0,0.000000e+00,0.000000e+00,11907.2,312174016.0,28142.2,40.45,44.19
CSV,1280011,128000,43,42,0,21894,0,0.000000e+00,0.000000e+00,13470.6,304787264.0,29237.4,40.18,43.55
BER: END_SEQ #43 [LOCK] seq_err=0 BER_seq=0.0000e+00 | lock=43 slip=0 BER_cond=0.0000e+00 BER_cum=0.0000e+00
CSV,1285011,128500,43,43,0,21973,0,0.000000e+00,0.000000e+00,13009.8,350113696.0,26849.6,41.15,44.30
BER: SYNC #44 (gated)
CSV,1290011,129000,44,43,0,22017,0,0.000000e+00,0.000000e+00,12730.7,313040992.0,26766.9,40.68,43.91
CSV,1295011,129500,44,43,0,22117,0,0.000000e+00,0.000000e+00,13340.4,263216224.0,29374.8,39.52,42.95
CSV,1300011,130000,44,43,0,22217,0,0.000000e+00,0.000000e+00,11288.7,327748224.0,25922.2,41.02,44.63
CSV,1305011,130500,44,43,0,22316,0,0.000000e+00,0.000000e+00,13240.3,321119008.0,27374.5,40.69,43.85
CSV,1310011,131000,44,43,0,22417,0,0.000000e+00,0.000000e+00,12532.2,333399616.0,26465.7,41.00,44.25
BER: END_SEQ #44 [LOCK] seq_err=0 BER_seq=0.0000e+00 | lock=44 slip=0 BER_cond=0.0000e+00 BER_cum=0.0000e+00
CSV,1315011,131500,44,44,0,22484,0,0.000000e+00,0.000000e+00,12452.2,316176096.0,27338.1,40.63,44.05
BER: SYNC #45 (gated)
CSV,1320011,132000,45,44,0,22540,0,0.000000e+00,0.000000e+00,13507.1,317364032.0,28079.4,40.53,43.71
CSV,1325011,132500,45,44,0,22639,0,0.000000e+00,0.000000e+00,17548.6,266583104.0,48246.4,37.42,41.82
CSV,1330011,133000,45,44,0,22739,0,0.000000e+00,0.000000e+00,25902.3,313462336.0,72964.4,36.33,40.83
CSV,1335011,133500,45,44,0,22839,0,0.000000e+00,0.000000e+00,15798.4,336766208.0,36220.7,39.68,43.29
CSV,1340011,134000,45,44,0,22939,0,0.000000e+00,0.000000e+00,18956.9,297174688.0,41518.0,38.55,41.95
BER: END_SEQ #45 [LOCK] seq_err=0 BER_seq=0.0000e+00 | lock=45 slip=0 BER_cond=0.0000e+00 BER_cum=0.0000e+00
CSV,1345011,134500,45,45,0,22995,0,0.000000e+00,0.000000e+00,18352.1,349104832.0,54213.7,38.09,42.79
BER: SYNC #46 (gated)
CSV,1350011,135000,46,45,0,23062,0,0.000000e+00,0.000000e+00,24118.2,332989600.0,72623.0,36.61,41.40
CSV,1355011,135500,46,45,0,23162,0,0.000000e+00,0.000000e+00,26439.7,239509856.0,77468.7,34.90,39.57
CSV,1360011,136000,46,45,0,23262,0,0.000000e+00,0.000000e+00,21447.1,304579264.0,60050.9,37.05,41.52
CSV,1365011,136500,46,45,0,23362,0,0.000000e+00,0.000000e+00,30209.5,342984896.0,71724.0,36.80,40.55
CSV,1370011,137000,46,45,0,23462,0,0.000000e+00,0.000000e+00,28869.1,303609344.0,72454.7,36.22,40.22
BER: END_SEQ #46 [LOCK] seq_err=0 BER_seq=0.0000e+00 | lock=46 slip=0 BER_cond=0.0000e+00 BER_cum=0.0000e+00
CSV,1375011,137500,46,46,0,23506,0,0.000000e+00,0.000000e+00,29368.3,336894240.0,72491.9,36.67,40.60
BER: SYNC #47 (gated)
CSV,1380011,138000,47,46,0,23585,0,0.000000e+00,0.000000e+00,31066.5,327398912.0,96697.5,35.30,40.23
CSV,1385011,138500,47,46,0,23685,0,0.000000e+00,0.000000e+00,25135.7,259731040.0,68366.7,35.80,40.14
CSV,1390011,139000,47,46,0,23785,0,0.000000e+00,0.000000e+00,26185.9,292863104.0,74120.7,35.97,40.49
CSV,1395011,139500,47,46,0,23885,0,0.000000e+00,0.000000e+00,25484.5,353501600.0,75132.0,36.73,41.42
CSV,1400011,140000,47,46,0,23985,0,0.000000e+00,0.000000e+00,26080.6,299115040.0,75279.0,35.99,40.60
BER: END_SEQ #47 [LOCK] seq_err=0 BER_seq=0.0000e+00 | lock=47 slip=0 BER_cond=0.0000e+00 BER_cum=0.0000e+00
CSV,1405011,140500,47,47,0,24017,0,0.000000e+00,0.000000e+00,20902.5,350265088.0,47359.7,38.69,42.24
BER: SYNC #48 (gated)
CSV,1410011,141000,48,47,0,24107,0,0.000000e+00,0.000000e+00,15057.1,318589856.0,35519.4,39.53,43.25
CSV,1415011,141500,48,47,0,24207,0,0.000000e+00,0.000000e+00,21343.4,254982496.0,60871.9,36.22,40.77
CSV,1420011,142000,48,47,0,24307,0,0.000000e+00,0.000000e+00,22708.8,310146592.0,59054.3,37.20,41.35
CSV,1425011,142500,48,47,0,24407,0,0.000000e+00,0.000000e+00,13741.5,327160576.0,38637.4,39.28,43.77
CSV,1430011,143000,48,47,0,24507,0,0.000000e+00,0.000000e+00,11984.2,322512224.0,23579.1,41.36,44.30
BER: END_SEQ #48 [LOCK] seq_err=0 BER_seq=0.0000e+00 | lock=48 slip=0 BER_cond=0.0000e+00 BER_cum=0.0000e+00
BER: SYNC #49 (gated)
CSV,1435011,143500,49,48,0,24530,0,0.000000e+00,0.000000e+00,12712.3,341405056.0,31814.1,40.31,44.29
CSV,1440011,144000,49,48,0,24630,0,0.000000e+00,0.000000e+00,12821.8,318253760.0,33553.9,39.77,43.95
CSV,1445011,144500,49,48,0,24730,0,0.000000e+00,0.000000e+00,13024.8,250375136.0,32864.1,38.82,42.84
CSV,1450011,145000,49,48,0,24830,0,0.000000e+00,0.000000e+00,12317.7,325511328.0,25169.0,41.12,44.22
CSV,1455011,145500,49,48,0,24930,0,0.000000e+00,0.000000e+00,11733.3,328123648.0,27897.4,40.70,44.47
CSV,1460011,146000,49,48,0,25030,0,0.000000e+00,0.000000e+00,11528.6,316631552.0,26712.4,40.74,44.39
BER: END_SEQ #49 [LOCK] seq_err=0 BER_seq=0.0000e+00 | lock=49 slip=0 BER_cond=0.0000e+00 BER_cum=0.0000e+00
BER: SYNC #50 (gated)
CSV,1465011,146500,50,49,0,25053,0,0.000000e+00,0.000000e+00,13378.8,358507584.0,26241.8,41.36,44.28
CSV,1470011,147000,50,49,0,25153,0,0.000000e+00,0.000000e+00,12332.2,311410464.0,30716.9,40.06,44.02
CSV,1475011,147500,50,49,0,25253,0,0.000000e+00,0.000000e+00,10928.4,266950432.0,27748.0,39.83,43.88
CSV,1480011,148000,50,49,0,25353,0,0.000000e+00,0.000000e+00,12797.4,310919680.0,29671.1,40.20,43.86
CSV,1485011,148500,50,49,0,25453,0,0.000000e+00,0.000000e+00,13927.6,330690272.0,29015.5,40.57,43.76
BER: END_SEQ #50 [LOCK] seq_err=0 BER_seq=0.0000e+00 | lock=50 slip=0 BER_cond=0.0000e+00 BER_cum=0.0000e+00
CSV,1490011,149000,50,50,0,25550,0,0.000000e+00,0.000000e+00,12546.7,345235904.0,34725.5,39.97,44.40
BER: SYNC #51 (gated)
CSV,1495011,149500,51,50,0,25576,0,0.000000e+00,0.000000e+00,14252.8,336571776.0,31892.4,40.23,43.73
CSV,1500011,150000,51,50,0,25676,0,0.000000e+00,0.000000e+00,14303.1,277766784.0,32416.0,39.33,42.88
CSV,1505011,150500,51,50,0,25776,0,0.000000e+00,0.000000e+00,14408.4,283145184.0,32501.1,39.40,42.93
CSV,1510011,151000,51,50,0,25876,0,0.000000e+00,0.000000e+00,13171.3,330122912.0,28272.6,40.67,43.99
CSV,1515011,151500,51,50,0,25975,0,0.000000e+00,0.000000e+00,13234.7,329753664.0,31916.1,40.14,43.96
BER: END_SEQ #51 [LOCK] seq_err=0 BER_seq=0.0000e+00 | lock=51 slip=0 BER_cond=0.0000e+00 BER_cum=0.0000e+00
CSV,1520011,152000,51,51,0,26061,0,0.000000e+00,0.000000e+00,13873.0,333463104.0,32692.1,40.09,43.81

=========================================
=== END OF TEST (duration=25 min) ===
=========================================
FINAL: syncs=51 lock=51 slip=0 slip_rate=0.0000
FINAL: bits_cum=26061 err_cum=0 BER_cum=0.0000e+00
FINAL: bits_lock=26061 err_lock=0 BER_cond=0.0000e+00
=========================================
=== STOP LOGGING NOW ===
=========================================
