

=== RX BOOT - BER TEST MODE ===
BPS_MODE=20 (HALF_SAMPLES=2000, 10000 samples/bit @ 200000 Hz)
Expect: 64-bit preamble + Barker13 (1F35h, gated by 8 preamble bits = 0x55) + 511-bit PRBS-9
Noise floor band: 5000 Hz; lock threshold: BER<0.10
Auto-stop: test will halt 25 min after the first sync.
RX: edge-tracking sync, center-3 voting
Starting decoder...

CSV,5010,500,0,0,0,0,0,0.000000e+00,0.000000e+00,208717119488.0,214630203392.0,1861193.4,50.62,0.12
BER: SYNC #1 (gated)
CSV,10010,1000,1,0,0,86,0,0.000000e+00,0.000000e+00,209640587264.0,207895986176.0,1093899.0,52.82,0.04
CSV,15010,1500,1,0,0,186,0,0.000000e+00,0.000000e+00,248235032576.0,163704422400.0,1245161.0,53.00,1.81
CSV,20010,2000,1,0,0,286,0,0.000000e+00,0.000000e+00,210174509056.0,198761594880.0,1275520.9,52.17,0.24
CSV,25010,2500,1,0,0,386,0,0.000000e+00,0.000000e+00,209261740032.0,210898108416.0,1189759.8,52.49,0.03
CSV,30010,3000,1,0,0,486,0,0.000000e+00,0.000000e+00,209748099072.0,209436573696.0,1218643.2,52.36,0.01
BER: END_SEQ #1 [LOCK] seq_err=0 BER_seq=0.0000e+00 | lock=1 slip=0 BER_cond=0.0000e+00 BER_cum=0.0000e+00
CSV,35010,3500,1,1,0,511,0,0.000000e+00,0.000000e+00,181858435072.0,216816304128.0,2018537.6,50.31,0.76
BER: SYNC #2 (gated)
CSV,40010,4000,2,1,0,609,0,0.000000e+00,0.000000e+00,213010612224.0,199189823488.0,1082924.9,52.94,0.29
CSV,45010,4500,2,1,0,709,0,0.000000e+00,0.000000e+00,266205511680.0,160614023168.0,1168411.9,53.58,2.19
CSV,50010,5000,2,1,0,809,0,0.000000e+00,0.000000e+00,213054554112.0,208365584384.0,1300593.4,52.14,0.10
CSV,55010,5500,2,1,0,909,0,0.000000e+00,0.000000e+00,199046905856.0,210440011776.0,1278588.6,52.16,0.24
CSV,60010,6000,2,1,0,1009,0,0.000000e+00,0.000000e+00,202703159296.0,209931567104.0,1237987.9,52.29,0.15
BER: END_SEQ #2 [LOCK] seq_err=0 BER_seq=0.0000e+00 | lock=2 slip=0 BER_cond=0.0000e+00 BER_cum=0.0000e+00
BER: SYNC #3 (gated)
CSV,65010,6500,3,2,0,1032,0,0.000000e+00,0.000000e+00,198543540224.0,217298632704.0,2082591.6,50.18,0.39
CSV,70010,7000,3,2,0,1132,0,0.000000e+00,0.000000e+00,217231720448.0,206070906880.0,1223822.0,52.49,0.23
CSV,75010,7500,3,2,0,1232,0,0.000000e+00,0.000000e+00,246676996096.0,168693399552.0,1144251.2,53.34,1.65
CSV,80010,8000,3,2,0,1332,0,0.000000e+00,0.000000e+00,218751205376.0,192659701760.0,1288003.2,52.30,0.55
CSV,85010,8500,3,2,0,1432,0,0.000000e+00,0.000000e+00,197171593216.0,222849777664.0,1337601.1,52.22,0.53
CSV,90010,9000,3,2,0,1532,0,0.000000e+00,0.000000e+00,209049812992.0,217790660608.0,1250451.6,52.41,0.18
BER: END_SEQ #3 [LOCK] seq_err=0 BER_seq=0.0000e+00 | lock=3 slip=0 BER_cond=0.0000e+00 BER_cum=0.0000e+00
BER: SYNC #4 (gated)
CSV,95010,9500,4,3,0,1555,0,0.000000e+00,0.000000e+00,192990281728.0,210329174016.0,2035573.6,50.14,0.37
CSV,100010,10000,4,3,0,1654,0,0.000000e+00,0.000000e+00,227592323072.0,185261817856.0,1293182.5,52.45,0.89
CSV,105010,10500,4,3,0,1754,0,0.000000e+00,0.000000e+00,248081481728.0,176622583808.0,1184984.6,53.21,1.48
CSV,110010,11000,4,3,0,1854,0,0.000000e+00,0.000000e+00,217026150400.0,210014224384.0,1216798.1,52.51,0.14
CSV,115010,11500,4,3,0,1954,0,0.000000e+00,0.000000e+00,206981726208.0,206733967360.0,1245583.1,52.21,0.01
BER: END_SEQ #4 [LOCK] seq_err=0 BER_seq=0.0000e+00 | lock=4 slip=0 BER_cond=0.0000e+00 BER_cum=0.0000e+00
CSV,120010,12000,4,4,0,2044,0,0.000000e+00,0.000000e+00,192400080896.0,218232897536.0,1138577.4,52.83,0.55
BER: SYNC #5 (gated)
CSV,125010,12500,5,4,0,2077,0,0.000000e+00,0.000000e+00,206316994560.0,207257387008.0,1988366.4,50.18,0.02
CSV,130010,13000,5,4,0,2177,0,0.000000e+00,0.000000e+00,250575863808.0,180374765568.0,1280283.9,52.92,1.43
CSV,135010,13500,5,4,0,2277,0,0.000000e+00,0.000000e+00,211725434880.0,204039454720.0,1291733.6,52.15,0.16
CSV,140010,14000,5,4,0,2377,0,0.000000e+00,0.000000e+00,208309878784.0,204503531520.0,1167567.8,52.51,0.08
CSV,145010,14500,5,4,0,2477,0,0.000000e+00,0.000000e+00,218375143424.0,200829599744.0,1200325.0,52.60,0.36
BER: END_SEQ #5 [LOCK] seq_err=0 BER_seq=0.0000e+00 | lock=5 slip=0 BER_cond=0.0000e+00 BER_cum=0.0000e+00
CSV,150010,15000,5,5,0,2555,0,0.000000e+00,0.000000e+00,201530589184.0,224518537216.0,1436866.0,51.94,0.47
BER: SYNC #6 (gated)
CSV,155010,15500,6,5,0,2600,0,0.000000e+00,0.000000e+00,208903110656.0,203189174272.0,1810101.5,50.62,0.12
CSV,160010,16000,6,5,0,2700,0,0.000000e+00,0.000000e+00,248364318720.0,167853277184.0,1053852.0,53.72,1.70
CSV,165010,16500,6,5,0,2800,0,0.000000e+00,0.000000e+00,207316254720.0,208811360256.0,1376425.6,51.81,0.03
CSV,170010,17000,6,5,0,2900,0,0.000000e+00,0.000000e+00,219120599040.0,209290756096.0,1132608.5,52.87,0.20
CSV,175010,17500,6,5,0,3000,0,0.000000e+00,0.000000e+00,203221073920.0,210747883520.0,1183261.2,52.51,0.16
BER: END_SEQ #6 [LOCK] seq_err=0 BER_seq=0.0000e+00 | lock=6 slip=0 BER_cond=0.0000e+00 BER_cum=0.0000e+00
CSV,180010,18000,6,6,0,3066,0,0.000000e+00,0.000000e+00,199524270080.0,207742107648.0,1472922.8,51.49,0.18
BER: SYNC #7 (gated)
CSV,185010,18500,7,6,0,3123,0,0.000000e+00,0.000000e+00,206323777536.0,206726299648.0,1571711.0,51.19,0.01
CSV,190010,19000,7,6,0,3223,0,0.000000e+00,0.000000e+00,259748626432.0,171934564352.0,1335779.5,52.89,1.79
CSV,195010,19500,7,6,0,3323,0,0.000000e+00,0.000000e+00,217430900736.0,199963934720.0,1305662.9,52.21,0.36
CSV,200010,20000,7,6,0,3422,0,0.000000e+00,0.000000e+00,191999983616.0,218805141504.0,1272566.0,52.35,0.57
CSV,205010,20500,7,6,0,3522,0,0.000000e+00,0.000000e+00,225869250560.0,191346278400.0,1290072.4,52.43,0.72
BER: END_SEQ #7 [LOCK] seq_err=0 BER_seq=0.0000e+00 | lock=7 slip=0 BER_cond=0.0000e+00 BER_cum=0.0000e+00
CSV,210010,21000,7,7,0,3577,0,0.000000e+00,0.000000e+00,196917264384.0,229152079872.0,1729049.2,51.22,0.66
BER: SYNC #8 (gated)
CSV,215010,21500,8,7,0,3645,0,0.000000e+00,0.000000e+00,200798371840.0,217964478464.0,1428421.0,51.84,0.36
CSV,220010,22000,8,7,0,3745,0,0.000000e+00,0.000000e+00,260780916736.0,156753838080.0,1333650.9,52.91,2.21
CSV,225010,22500,8,7,0,3845,0,0.000000e+00,0.000000e+00,220250112000.0,197105254400.0,1173352.2,52.73,0.48
CSV,230010,23000,8,7,0,3945,0,0.000000e+00,0.000000e+00,203099832320.0,224387973120.0,1172468.1,52.82,0.43
CSV,235010,23500,8,7,0,4045,0,0.000000e+00,0.000000e+00,224138493952.0,198360465408.0,1308252.2,52.34,0.53
BER: END_SEQ #8 [LOCK] seq_err=0 BER_seq=0.0000e+00 | lock=8 slip=0 BER_cond=0.0000e+00 BER_cum=0.0000e+00
CSV,240010,24000,8,8,0,4088,0,0.000000e+00,0.000000e+00,183377739776.0,219409317888.0,2150310.8,50.09,0.78
BER: SYNC #9 (gated)
CSV,245010,24500,9,8,0,4168,0,0.000000e+00,0.000000e+00,201501835264.0,214667493376.0,1194863.9,52.54,0.27
CSV,250010,25000,9,8,0,4268,0,0.000000e+00,0.000000e+00,258661384192.0,173865500672.0,1163756.2,53.47,1.73
CSV,255010,25500,9,8,0,4368,0,0.000000e+00,0.000000e+00,234910924800.0,188678520832.0,1248078.0,52.75,0.95
CSV,260010,26000,9,8,0,4468,0,0.000000e+00,0.000000e+00,182016442368.0,229299421184.0,1313955.4,52.42,1.00
CSV,265010,26500,9,8,0,4568,0,0.000000e+00,0.000000e+00,218742669312.0,198352666624.0,1346692.8,52.11,0.42
BER: END_SEQ #9 [LOCK] seq_err=0 BER_seq=0.0000e+00 | lock=9 slip=0 BER_cond=0.0000e+00 BER_cum=0.0000e+00
CSV,270010,27000,9,9,0,4599,0,0.000000e+00,0.000000e+00,195704258560.0,229718736896.0,2111368.2,50.37,0.70
BER: SYNC #10 (gated)
CSV,275010,27500,10,9,0,4691,0,0.000000e+00,0.000000e+00,224398147584.0,199202570240.0,1400671.0,52.05,0.52
CSV,280010,28000,10,9,0,4791,0,0.000000e+00,0.000000e+00,252745498624.0,164709679104.0,1243818.4,53.08,1.86
CSV,285010,28500,10,9,0,4891,0,0.000000e+00,0.000000e+00,211842580480.0,203950981120.0,1197447.9,52.48,0.16
CSV,290010,29000,10,9,0,4991,0,0.000000e+00,0.000000e+00,213852962816.0,213401108480.0,1309784.9,52.13,0.01
CSV,295010,29500,10,9,0,5091,0,0.000000e+00,0.000000e+00,212435812352.0,211006603264.0,1203768.5,52.47,0.03
BER: END_SEQ #10 [LOCK] seq_err=0 BER_seq=0.0000e+00 | lock=10 slip=0 BER_cond=0.0000e+00 BER_cum=0.0000e+00
BER: SYNC #11 (gated)
CSV,300010,30000,11,10,0,5113,0,0.000000e+00,0.000000e+00,187572322304.0,215330127872.0,1981908.4,50.36,0.60
CSV,305010,30500,11,10,0,5213,0,0.000000e+00,0.000000e+00,203409850368.0,210555486208.0,1196885.1,52.45,0.15
CSV,310010,31000,11,10,0,5313,0,0.000000e+00,0.000000e+00,271922921472.0,159124652032.0,1273300.8,53.30,2.33
CSV,315010,31500,11,10,0,5413,0,0.000000e+00,0.000000e+00,212226736128.0,212193673216.0,1233041.4,52.36,0.00
CSV,320010,32000,11,10,0,5513,0,0.000000e+00,0.000000e+00,200860303360.0,209651515392.0,1318195.9,52.02,0.19
CSV,325010,32500,11,10,0,5613,0,0.000000e+00,0.000000e+00,208980574208.0,204751110144.0,1103519.0,52.77,0.09
BER: END_SEQ #11 [LOCK] seq_err=0 BER_seq=0.0000e+00 | lock=11 slip=0 BER_cond=0.0000e+00 BER_cum=0.0000e+00
BER: SYNC #12 (gated)
CSV,330010,33000,12,11,0,5636,0,0.000000e+00,0.000000e+00,184695226368.0,231506886656.0,2091642.2,50.44,0.98
CSV,335010,33500,12,11,0,5736,0,0.000000e+00,0.000000e+00,230428377088.0,195318628352.0,1189024.1,52.87,0.72
CSV,340010,34000,12,11,0,5836,0,0.000000e+00,0.000000e+00,244618772480.0,171395399680.0,1255872.8,52.90,1.54
CSV,345010,34500,12,11,0,5936,0,0.000000e+00,0.000000e+00,216813223936.0,195311927296.0,1191167.4,52.60,0.45
CSV,350010,35000,12,11,0,6036,0,0.000000e+00,0.000000e+00,206735343616.0,214443999232.0,1208652.5,52.49,0.16
BER: END_SEQ #12 [LOCK] seq_err=0 BER_seq=0.0000e+00 | lock=12 slip=0 BER_cond=0.0000e+00 BER_cum=0.0000e+00
CSV,355010,35500,12,12,0,6132,0,0.000000e+00,0.000000e+00,199819689984.0,224152879104.0,1149812.1,52.90,0.50
BER: SYNC #13 (gated)
CSV,360010,36000,13,12,0,6159,0,0.000000e+00,0.000000e+00,193125892096.0,211379388416.0,1976156.4,50.29,0.39
CSV,365010,36500,13,12,0,6259,0,0.000000e+00,0.000000e+00,242501582848.0,173133037568.0,1237504.5,52.92,1.46
CSV,370010,37000,13,12,0,6359,0,0.000000e+00,0.000000e+00,232483979264.0,189474373632.0,1284262.9,52.58,0.89
CSV,375010,37500,13,12,0,6459,0,0.000000e+00,0.000000e+00,214195716096.0,212293107712.0,1192715.8,52.54,0.04
CSV,380010,38000,13,12,0,6559,0,0.000000e+00,0.000000e+00,206930853888.0,206272888832.0,1276501.2,52.10,0.01
BER: END_SEQ #13 [LOCK] seq_err=0 BER_seq=0.0000e+00 | lock=13 slip=0 BER_cond=0.0000e+00 BER_cum=0.0000e+00
CSV,385010,38500,13,13,0,6643,0,0.000000e+00,0.000000e+00,196132749312.0,214110175232.0,1497433.6,51.55,0.38
BER: SYNC #14 (gated)
CSV,390010,39000,14,13,0,6682,0,0.000000e+00,0.000000e+00,211262324736.0,202941693952.0,1809520.1,50.67,0.17
CSV,395010,39500,14,13,0,6782,0,0.000000e+00,0.000000e+00,250266812416.0,180084998144.0,1188341.1,53.23,1.43
CSV,400010,40000,14,13,0,6882,0,0.000000e+00,0.000000e+00,207181561856.0,205767835648.0,1247543.1,52.20,0.03
CSV,405010,40500,14,13,0,6981,0,0.000000e+00,0.000000e+00,219329544192.0,193439940608.0,1275404.4,52.35,0.55
CSV,410010,41000,14,13,0,7081,0,0.000000e+00,0.000000e+00,203993268224.0,212688584704.0,1339518.4,52.01,0.18
BER: END_SEQ #14 [LOCK] seq_err=0 BER_seq=0.0000e+00 | lock=14 slip=0 BER_cond=0.0000e+00 BER_cum=0.0000e+00
CSV,415010,41500,14,14,0,7154,0,0.000000e+00,0.000000e+00,204638437376.0,220781461504.0,1687378.4,51.17,0.33
BER: SYNC #15 (gated)
CSV,420010,42000,15,14,0,7204,0,0.000000e+00,0.000000e+00,205740998656.0,205487226880.0,1685326.1,50.87,0.01
CSV,425010,42500,15,14,0,7304,0,0.000000e+00,0.000000e+00,250573684736.0,166061375488.0,1207385.0,53.17,1.79
CSV,430010,43000,15,14,0,7404,0,0.000000e+00,0.000000e+00,205221609472.0,211205734400.0,1270652.4,52.21,0.12
CSV,435010,43500,15,14,0,7504,0,0.000000e+00,0.000000e+00,218992443392.0,210120884224.0,1119344.6,52.91,0.18
CSV,440010,44000,15,14,0,7604,0,0.000000e+00,0.000000e+00,210388074496.0,204903874560.0,1272307.4,52.18,0.11
BER: END_SEQ #15 [LOCK] seq_err=0 BER_seq=0.0000e+00 | lock=15 slip=0 BER_cond=0.0000e+00 BER_cum=0.0000e+00
CSV,445010,44500,15,15,0,7665,0,0.000000e+00,0.000000e+00,196737155072.0,210103730176.0,1554604.5,51.31,0.29
BER: SYNC #16 (gated)
CSV,450010,45000,16,15,0,7727,0,0.000000e+00,0.000000e+00,203313430528.0,211874545664.0,1503115.5,51.49,0.18
CSV,455010,45500,16,15,0,7827,0,0.000000e+00,0.000000e+00,266455498752.0,166892486656.0,1372694.8,52.88,2.03
CSV,460010,46000,16,15,0,7927,0,0.000000e+00,0.000000e+00,217815023616.0,200357134336.0,1237286.2,52.46,0.36
CSV,465010,46500,16,15,0,8027,0,0.000000e+00,0.000000e+00,196612964352.0,215168335872.0,1196705.9,52.55,0.39
CSV,470010,47000,16,15,0,8127,0,0.000000e+00,0.000000e+00,215998038016.0,201093103616.0,1181573.9,52.62,0.31
BER: END_SEQ #16 [LOCK] seq_err=0 BER_seq=0.0000e+00 | lock=16 slip=0 BER_cond=0.0000e+00 BER_cum=0.0000e+00
CSV,475010,47500,16,16,0,8176,0,0.000000e+00,0.000000e+00,200526987264.0,226997501952.0,1843287.5,50.90,0.54
BER: SYNC #17 (gated)
CSV,480010,48000,17,16,0,8250,0,0.000000e+00,0.000000e+00,201671966720.0,217390186496.0,1365302.1,52.02,0.33
CSV,485010,48500,17,16,0,8350,0,0.000000e+00,0.000000e+00,256074399744.0,160714145792.0,1163805.1,53.42,2.02
CSV,490010,49000,17,16,0,8450,0,0.000000e+00,0.000000e+00,225949286400.0,191275728896.0,1255027.2,52.55,0.72
CSV,495010,49500,17,16,0,8550,0,0.000000e+00,0.000000e+00,192255459328.0,234369515520.0,1156268.9,53.07,0.86
CSV,500010,50000,17,16,0,8650,0,0.000000e+00,0.000000e+00,224213516288.0,196420878336.0,1108349.8,53.06,0.57
BER: END_SEQ #17 [LOCK] seq_err=0 BER_seq=0.0000e+00 | lock=17 slip=0 BER_cond=0.0000e+00 BER_cum=0.0000e+00
CSV,505010,50500,17,17,0,8687,0,0.000000e+00,0.000000e+00,191025283072.0,210138644480.0,1966053.0,50.29,0.41
BER: SYNC #18 (gated)
CSV,510010,51000,18,17,0,8772,0,0.000000e+00,0.000000e+00,208589078528.0,208335388672.0,1091480.5,52.81,0.01
CSV,515010,51500,18,17,0,8872,0,0.000000e+00,0.000000e+00,255364775936.0,176525164544.0,1314422.8,52.88,1.60
CSV,520010,52000,18,17,0,8972,0,0.000000e+00,0.000000e+00,220819357696.0,200912175104.0,1381704.5,52.04,0.41
CSV,525010,52500,18,17,0,9072,0,0.000000e+00,0.000000e+00,200449982464.0,212083163136.0,1200735.4,52.47,0.25
CSV,530010,53000,18,17,0,9172,0,0.000000e+00,0.000000e+00,209084465152.0,206690091008.0,1231631.4,52.30,0.05
BER: END_SEQ #18 [LOCK] seq_err=0 BER_seq=0.0000e+00 | lock=18 slip=0 BER_cond=0.0000e+00 BER_cum=0.0000e+00
CSV,535010,53500,18,18,0,9198,0,0.000000e+00,0.000000e+00,195394158592.0,229392711680.0,2005294.9,50.58,0.70
BER: SYNC #19 (gated)
CSV,540010,54000,19,18,0,9295,0,0.000000e+00,0.000000e+00,218270400512.0,204304105472.0,1206659.0,52.57,0.29
CSV,545010,54500,19,18,0,9395,0,0.000000e+00,0.000000e+00,260618027008.0,155721433088.0,1216052.6,53.31,2.24
CSV,550010,55000,19,18,0,9495,0,0.000000e+00,0.000000e+00,206912700416.0,207217524736.0,1248387.2,52.20,0.01
CSV,555010,55500,19,18,0,9595,0,0.000000e+00,0.000000e+00,212094763008.0,214816194560.0,1193727.2,52.55,0.06
CSV,560010,56000,19,18,0,9695,0,0.000000e+00,0.000000e+00,207622193152.0,215066656768.0,1310948.5,52.15,0.15
BER: END_SEQ #19 [LOCK] seq_err=0 BER_seq=0.0000e+00 | lock=19 slip=0 BER_cond=0.0000e+00 BER_cum=0.0000e+00
BER: SYNC #20 (gated)
CSV,565010,56500,20,19,0,9718,0,0.000000e+00,0.000000e+00,189301260288.0,213099380736.0,2069482.5,50.13,0.51
CSV,570010,57000,20,19,0,9818,0,0.000000e+00,0.000000e+00,211635372032.0,202524082176.0,1224680.5,52.38,0.19
CSV,575010,57500,20,19,0,9918,0,0.000000e+00,0.000000e+00,258112421888.0,172137480192.0,1154335.0,53.49,1.76
CSV,580010,58000,20,19,0,10018,0,0.000000e+00,0.000000e+00,221890068480.0,203294785536.0,1326831.5,52.23,0.38
CSV,585010,58500,20,19,0,10118,0,0.000000e+00,0.000000e+00,196443471872.0,215085416448.0,1288486.0,52.23,0.39
CSV,590010,59000,20,19,0,10218,0,0.000000e+00,0.000000e+00,203666554880.0,213564784640.0,1249918.5,52.33,0.21
BER: END_SEQ #20 [LOCK] seq_err=0 BER_seq=0.0000e+00 | lock=20 slip=0 BER_cond=0.0000e+00 BER_cum=0.0000e+00
BER: SYNC #21 (gated)
CSV,595010,59500,21,20,0,10241,0,0.000000e+00,0.000000e+00,200180219904.0,216429543424.0,2101566.5,50.13,0.34
CSV,600010,60000,21,20,0,10341,0,0.000000e+00,0.000000e+00,230776029184.0,195686940672.0,1357662.0,52.30,0.72
CSV,605010,60500,21,20,0,10440,0,0.000000e+00,0.000000e+00,247395352576.0,170007527424.0,1191908.8,53.17,1.63
CSV,610010,61000,21,20,0,10540,0,0.000000e+00,0.000000e+00,206551597056.0,207003844608.0,1271846.9,52.12,0.01
CSV,615010,61500,21,20,0,10640,0,0.000000e+00,0.000000e+00,211993739264.0,211015909376.0,1196171.2,52.49,0.02
BER: END_SEQ #21 [LOCK] seq_err=0 BER_seq=0.0000e+00 | lock=21 slip=0 BER_cond=0.0000e+00 BER_cum=0.0000e+00
CSV,620010,62000,21,21,0,10731,0,0.000000e+00,0.000000e+00,201011773440.0,224492994560.0,1180416.2,52.79,0.48
BER: SYNC #22 (gated)
CSV,625010,62500,22,21,0,10763,0,0.000000e+00,0.000000e+00,202300211200.0,204836519936.0,1902134.1,50.32,0.05
CSV,630010,63000,22,21,0,10863,0,0.000000e+00,0.000000e+00,243167526912.0,173668597760.0,1270096.9,52.82,1.46
CSV,635010,63500,22,21,0,10963,0,0.000000e+00,0.000000e+00,215694213120.0,206394736640.0,1345831.0,52.05,0.19
CSV,640010,64000,22,21,0,11063,0,0.000000e+00,0.000000e+00,218678820864.0,208836788224.0,1137091.5,52.84,0.20
CSV,645010,64500,22,21,0,11163,0,0.000000e+00,0.000000e+00,217883443200.0,196472946688.0,1291187.4,52.27,0.45
BER: END_SEQ #22 [LOCK] seq_err=0 BER_seq=0.0000e+00 | lock=22 slip=0 BER_cond=0.0000e+00 BER_cum=0.0000e+00
CSV,650010,65000,22,22,0,11242,0,0.000000e+00,0.000000e+00,191996805120.0,217224216576.0,1428118.6,51.82,0.54
BER: SYNC #23 (gated)
CSV,655010,65500,23,22,0,11286,0,0.000000e+00,0.000000e+00,212134789120.0,203225088000.0,1837076.0,50.62,0.19
CSV,660010,66000,23,22,0,11386,0,0.000000e+00,0.000000e+00,255199363072.0,176302047232.0,1128294.2,53.54,1.61
CSV,665010,66500,23,22,0,11486,0,0.000000e+00,0.000000e+00,203342168064.0,210032017408.0,1249755.2,52.25,0.14
CSV,670010,67000,23,22,0,11586,0,0.000000e+00,0.000000e+00,214246735872.0,199663632384.0,1168887.1,52.63,0.31
CSV,675010,67500,23,22,0,11686,0,0.000000e+00,0.000000e+00,201769418752.0,216102436864.0,1176966.9,52.64,0.30
BER: END_SEQ #23 [LOCK] seq_err=0 BER_seq=0.0000e+00 | lock=23 slip=0 BER_cond=0.0000e+00 BER_cum=0.0000e+00
CSV,680010,68000,23,23,0,11753,0,0.000000e+00,0.000000e+00,212026687488.0,212829470720.0,1496762.2,51.53,0.02
BER: SYNC #24 (gated)
CSV,685010,68500,24,23,0,11809,0,0.000000e+00,0.000000e+00,206435041280.0,205395820544.0,1709640.9,50.82,0.02
CSV,690010,69000,24,23,0,11909,0,0.000000e+00,0.000000e+00,251255980032.0,164046372864.0,1251587.4,53.03,1.85
CSV,695010,69500,24,23,0,12009,0,0.000000e+00,0.000000e+00,213601665024.0,204122718208.0,1306984.4,52.13,0.20
CSV,700010,70000,24,23,0,12109,0,0.000000e+00,0.000000e+00,200706506752.0,224742129664.0,1285963.9,52.42,0.49
CSV,705010,70500,24,23,0,12209,0,0.000000e+00,0.000000e+00,225127301120.0,191164465152.0,1485313.9,51.81,0.71
BER: END_SEQ #24 [LOCK] seq_err=0 BER_seq=0.0000e+00 | lock=24 slip=0 BER_cond=0.0000e+00 BER_cum=0.0000e+00
CSV,710010,71000,24,24,0,12264,0,0.000000e+00,0.000000e+00,188836610048.0,216458002432.0,1778261.4,50.85,0.59
BER: SYNC #25 (gated)
CSV,715010,71500,25,24,0,12331,0,0.000000e+00,0.000000e+00,199601913856.0,215004725248.0,1403027.8,51.85,0.32
CSV,720010,72000,25,24,0,12431,0,0.000000e+00,0.000000e+00,268356681728.0,163334455296.0,1249055.8,53.32,2.16
CSV,725010,72500,25,24,0,12531,0,0.000000e+00,0.000000e+00,217275170816.0,199599996928.0,1195125.0,52.60,0.37
CSV,730010,73000,25,24,0,12631,0,0.000000e+00,0.000000e+00,194703622144.0,214892986368.0,1218243.8,52.46,0.43
CSV,735010,73500,25,24,0,12731,0,0.000000e+00,0.000000e+00,221729406976.0,195185131520.0,1371896.4,52.09,0.55
BER: END_SEQ #25 [LOCK] seq_err=0 BER_seq=0.0000e+00 | lock=25 slip=0 BER_cond=0.0000e+00 BER_cum=0.0000e+00
CSV,740010,74000,25,25,0,12775,0,0.000000e+00,0.000000e+00,195348201472.0,229751488512.0,2033981.2,50.53,0.70
BER: SYNC #26 (gated)
CSV,745010,74500,26,25,0,12854,0,0.000000e+00,0.000000e+00,202269687808.0,215734337536.0,1239514.1,52.41,0.28
CSV,750010,75000,26,25,0,12954,0,0.000000e+00,0.000000e+00,251999928320.0,164411260928.0,1167854.4,53.34,1.85
CSV,755010,75500,26,25,0,13054,0,0.000000e+00,0.000000e+00,230736543744.0,187518238720.0,1167410.0,52.96,0.90
CSV,760010,76000,26,25,0,13154,0,0.000000e+00,0.000000e+00,189258825728.0,236745310208.0,1343570.0,52.46,0.97
CSV,765010,76500,26,25,0,13254,0,0.000000e+00,0.000000e+00,221280681984.0,198868926464.0,1194428.8,52.68,0.46
BER: END_SEQ #26 [LOCK] seq_err=0 BER_seq=0.0000e+00 | lock=26 slip=0 BER_cond=0.0000e+00 BER_cum=0.0000e+00
CSV,770010,77000,26,26,0,13286,0,0.000000e+00,0.000000e+00,182554722304.0,217893339136.0,1982692.6,50.41,0.77
BER: SYNC #27 (gated)
CSV,775010,77500,27,26,0,13377,0,0.000000e+00,0.000000e+00,218277642240.0,198438371328.0,1353246.4,52.08,0.41
CSV,780010,78000,27,26,0,13477,0,0.000000e+00,0.000000e+00,258896478208.0,171996708864.0,1334535.2,52.88,1.78
CSV,785010,78500,27,26,0,13577,0,0.000000e+00,0.000000e+00,214457073664.0,204540329984.0,1182412.9,52.59,0.21
CSV,790010,79000,27,26,0,13677,0,0.000000e+00,0.000000e+00,205263192064.0,205513293824.0,1233516.9,52.22,0.01
CSV,795010,79500,27,26,0,13777,0,0.000000e+00,0.000000e+00,211810353152.0,203102846976.0,1157522.1,52.62,0.18
BER: END_SEQ #27 [LOCK] seq_err=0 BER_seq=0.0000e+00 | lock=27 slip=0 BER_cond=0.0000e+00 BER_cum=0.0000e+00
BER: SYNC #28 (gated)
CSV,800010,80000,28,27,0,13800,0,0.000000e+00,0.000000e+00,194918957056.0,228316299264.0,2041157.1,50.49,0.69
CSV,805010,80500,28,27,0,13900,0,0.000000e+00,0.000000e+00,210084544512.0,209648418816.0,1151389.6,52.61,0.01
CSV,810010,81000,28,27,0,13999,0,0.000000e+00,0.000000e+00,259823550464.0,157247586304.0,1210189.5,53.32,2.18
CSV,815010,81500,28,27,0,14099,0,0.000000e+00,0.000000e+00,208220143616.0,207242428416.0,1190611.8,52.43,0.02
CSV,820010,82000,28,27,0,14199,0,0.000000e+00,0.000000e+00,209048911872.0,216801312768.0,1272409.4,52.31,0.16
CSV,825010,82500,28,27,0,14299,0,0.000000e+00,0.000000e+00,216164532224.0,206957576192.0,1029057.0,53.22,0.19
BER: END_SEQ #28 [LOCK] seq_err=0 BER_seq=0.0000e+00 | lock=28 slip=0 BER_cond=0.0000e+00 BER_cum=0.0000e+00
BER: SYNC #29 (gated)
CSV,830010,83000,29,28,0,14322,0,0.000000e+00,0.000000e+00,174201372672.0,226869297152.0,2035611.8,50.47,1.15
CSV,835010,83500,29,28,0,14422,0,0.000000e+00,0.000000e+00,223119622144.0,191310299136.0,1212794.4,52.65,0.67
CSV,840010,84000,29,28,0,14522,0,0.000000e+00,0.000000e+00,253807951872.0,174355136512.0,1231083.0,53.14,1.63
CSV,845010,84500,29,28,0,14622,0,0.000000e+00,0.000000e+00,220036743168.0,202657972224.0,1323161.5,52.21,0.36
CSV,850010,85000,29,28,0,14722,0,0.000000e+00,0.000000e+00,201361408000.0,210173804544.0,1163043.1,52.57,0.19
BER: END_SEQ #29 [LOCK] seq_err=0 BER_seq=0.0000e+00 | lock=29 slip=0 BER_cond=0.0000e+00 BER_cum=0.0000e+00
CSV,855010,85500,29,29,0,14819,0,0.000000e+00,0.000000e+00,196103733248.0,218606501888.0,1175630.5,52.69,0.47
BER: SYNC #30 (gated)
CSV,860010,86000,30,29,0,14845,0,0.000000e+00,0.000000e+00,200357707776.0,216720179200.0,1964581.6,50.43,0.34
CSV,865010,86500,30,29,0,14945,0,0.000000e+00,0.000000e+00,245862547456.0,181114355712.0,1254815.8,52.92,1.33
CSV,870010,87000,30,29,0,15045,0,0.000000e+00,0.000000e+00,231286472704.0,182736011264.0,1233808.8,52.73,1.02
CSV,875010,87500,30,29,0,15145,0,0.000000e+00,0.000000e+00,207098150912.0,206970961920.0,1201586.0,52.36,0.00
CSV,880010,88000,30,29,0,15245,0,0.000000e+00,0.000000e+00,211002261504.0,210714378240.0,1164713.9,52.58,0.01
BER: END_SEQ #30 [LOCK] seq_err=0 BER_seq=0.0000e+00 | lock=30 slip=0 BER_cond=0.0000e+00 BER_cum=0.0000e+00
CSV,885010,88500,30,30,0,15330,0,0.000000e+00,0.000000e+00,202881400832.0,219743797248.0,1498036.5,51.66,0.35
BER: SYNC #31 (gated)
CSV,890010,89000,31,30,0,15368,0,0.000000e+00,0.000000e+00,207853420544.0,198744539136.0,1873221.4,50.45,0.19
CSV,895010,89500,31,30,0,15468,0,0.000000e+00,0.000000e+00,242395430912.0,172478185472.0,1188932.5,53.09,1.48
CSV,900010,90000,31,30,0,15568,0,0.000000e+00,0.000000e+00,210681626624.0,209503649792.0,1197841.9,52.45,0.02
CSV,905010,90500,31,30,0,15668,0,0.000000e+00,0.000000e+00,222209785856.0,204024070144.0,1327161.0,52.24,0.37
CSV,910010,91000,31,30,0,15768,0,0.000000e+00,0.000000e+00,201839001600.0,209371512832.0,1292698.1,52.09,0.16
BER: END_SEQ #31 [LOCK] seq_err=0 BER_seq=0.0000e+00 | lock=31 slip=0 BER_cond=0.0000e+00 BER_cum=0.0000e+00
CSV,915010,91500,31,31,0,15841,0,0.000000e+00,0.000000e+00,199610499072.0,207849504768.0,1632534.1,51.05,0.18
BER: SYNC #32 (gated)
CSV,920010,92000,32,31,0,15890,0,0.000000e+00,0.000000e+00,207942811648.0,208237150208.0,1644737.0,51.02,0.01
CSV,925010,92500,32,31,0,15990,0,0.000000e+00,0.000000e+00,256539000832.0,175169912832.0,1200594.4,53.30,1.66
CSV,930010,93000,32,31,0,16090,0,0.000000e+00,0.000000e+00,206879965184.0,206845345792.0,1330853.9,51.92,0.00
CSV,935010,93500,32,31,0,16190,0,0.000000e+00,0.000000e+00,210107154432.0,204343640064.0,1137851.8,52.66,0.12
CSV,940010,94000,32,31,0,16290,0,0.000000e+00,0.000000e+00,211671875584.0,208104439808.0,1265510.8,52.23,0.07
BER: END_SEQ #32 [LOCK] seq_err=0 BER_seq=0.0000e+00 | lock=32 slip=0 BER_cond=0.0000e+00 BER_cum=0.0000e+00
CSV,945010,94500,32,32,0,16352,0,0.000000e+00,0.000000e+00,207045705728.0,217556189184.0,1598785.1,51.34,0.22
BER: SYNC #33 (gated)
CSV,950010,95000,33,32,0,16413,0,0.000000e+00,0.000000e+00,204885950464.0,209868357632.0,1506265.8,51.44,0.10
CSV,955010,95500,33,32,0,16513,0,0.000000e+00,0.000000e+00,253827792896.0,162173698048.0,1320945.5,52.84,1.95
CSV,960010,96000,33,32,0,16613,0,0.000000e+00,0.000000e+00,218535936000.0,201697411072.0,1217996.2,52.54,0.35
CSV,965010,96500,33,32,0,16713,0,0.000000e+00,0.000000e+00,208064659456.0,220013428736.0,1198397.8,52.64,0.24
CSV,970010,97000,33,32,0,16813,0,0.000000e+00,0.000000e+00,216499798016.0,198861406208.0,1151385.4,52.74,0.37
BER: END_SEQ #33 [LOCK] seq_err=0 BER_seq=0.0000e+00 | lock=33 slip=0 BER_cond=0.0000e+00 BER_cum=0.0000e+00
CSV,975010,97500,33,33,0,16863,0,0.000000e+00,0.000000e+00,185296027648.0,218669219840.0,1818566.0,50.80,0.72
BER: SYNC #34 (gated)
CSV,980010,98000,34,33,0,16936,0,0.000000e+00,0.000000e+00,200038694912.0,217805684736.0,1375502.8,52.00,0.37
CSV,985010,98500,34,33,0,17036,0,0.000000e+00,0.000000e+00,264664416256.0,168124940288.0,1165559.2,53.56,1.97
CSV,990010,99000,34,33,0,17136,0,0.000000e+00,0.000000e+00,230597361664.0,188662644736.0,1225714.8,52.74,0.87
CSV,995010,99500,34,33,0,17236,0,0.000000e+00,0.000000e+00,179359186944.0,231165247488.0,1156649.4,53.01,1.10
CSV,1000010,100000,34,33,0,17336,0,0.000000e+00,0.000000e+00,226741288960.0,191191285760.0,1097632.5,53.15,0.74
BER: END_SEQ #34 [LOCK] seq_err=0 BER_seq=0.0000e+00 | lock=34 slip=0 BER_cond=0.0000e+00 BER_cum=0.0000e+00
CSV,1005010,100500,34,34,0,17374,0,0.000000e+00,0.000000e+00,200516059136.0,226265120768.0,1999138.0,50.54,0.52
BER: SYNC #35 (gated)
CSV,1010010,101000,35,34,0,17459,0,0.000000e+00,0.000000e+00,209316790272.0,208917970944.0,1211762.0,52.37,0.01
CSV,1015010,101500,35,34,0,17558,0,0.000000e+00,0.000000e+00,246643228672.0,169139421184.0,1283287.5,52.84,1.64
CSV,1020010,102000,35,34,0,17658,0,0.000000e+00,0.000000e+00,222438686720.0,193789231104.0,1380828.1,52.07,0.60
CSV,1025010,102500,35,34,0,17758,0,0.000000e+00,0.000000e+00,204777619456.0,222515249152.0,1246862.8,52.52,0.36
CSV,1030010,103000,35,34,0,17858,0,0.000000e+00,0.000000e+00,214240133120.0,205376389120.0,1263673.0,52.29,0.18
BER: END_SEQ #35 [LOCK] seq_err=0 BER_seq=0.0000e+00 | lock=35 slip=0 BER_cond=0.0000e+00 BER_cum=0.0000e+00
CSV,1035010,103500,35,35,0,17885,0,0.000000e+00,0.000000e+00,183016767488.0,218264076288.0,1943811.4,50.50,0.76
BER: SYNC #36 (gated)
CSV,1040010,104000,36,35,0,17981,0,0.000000e+00,0.000000e+00,214985031680.0,203318951936.0,1250199.4,52.35,0.24
CSV,1045010,104500,36,35,0,18081,0,0.000000e+00,0.000000e+00,269087309824.0,163404972032.0,1200161.0,53.51,2.17
CSV,1050010,105000,36,35,0,18181,0,0.000000e+00,0.000000e+00,210163548160.0,210085756928.0,1218998.6,52.37,0.00
CSV,1055010,105500,36,35,0,18281,0,0.000000e+00,0.000000e+00,205217775616.0,205044793344.0,1251111.9,52.15,0.00
CSV,1060010,106000,36,35,0,18381,0,0.000000e+00,0.000000e+00,203813732352.0,213237006336.0,1262541.8,52.28,0.20
BER: END_SEQ #36 [LOCK] seq_err=0 BER_seq=0.0000e+00 | lock=36 slip=0 BER_cond=0.0000e+00 BER_cum=0.0000e+00
BER: SYNC #37 (gated)
CSV,1065010,106500,37,36,0,18404,0,0.000000e+00,0.000000e+00,199655997440.0,224563150848.0,2070389.0,50.35,0.51
CSV,1070010,107000,37,36,0,18504,0,0.000000e+00,0.000000e+00,214972022784.0,206064467968.0,1233916.9,52.41,0.18
CSV,1075010,107500,37,36,0,18604,0,0.000000e+00,0.000000e+00,251832156160.0,165205164032.0,1167871.9,53.34,1.83
CSV,1080010,108000,37,36,0,18704,0,0.000000e+00,0.000000e+00,212916240384.0,202171023360.0,1328144.0,52.05,0.22
CSV,1085010,108500,37,36,0,18804,0,0.000000e+00,0.000000e+00,208533028864.0,218634190848.0,1310703.6,52.22,0.21
CSV,1090010,109000,37,36,0,18904,0,0.000000e+00,0.000000e+00,207721185280.0,215742676992.0,1266241.9,52.31,0.16
BER: END_SEQ #37 [LOCK] seq_err=0 BER_seq=0.0000e+00 | lock=37 slip=0 BER_cond=0.0000e+00 BER_cum=0.0000e+00
BER: SYNC #38 (gated)
CSV,1095010,109500,38,37,0,18927,0,0.000000e+00,0.000000e+00,192151011328.0,210335645696.0,2053974.4,50.10,0.39
CSV,1100010,110000,38,37,0,19027,0,0.000000e+00,0.000000e+00,225546469376.0,191027412992.0,1345475.9,52.24,0.72
CSV,1105010,110500,38,37,0,19127,0,0.000000e+00,0.000000e+00,250421084160.0,178657132544.0,1158074.4,53.35,1.47
CSV,1110010,111000,38,37,0,19227,0,0.000000e+00,0.000000e+00,212113063936.0,211426525184.0,1169682.4,52.58,0.01
CSV,1115010,111500,38,37,0,19326,0,0.000000e+00,0.000000e+00,206991523840.0,206175944704.0,1238392.4,52.23,0.02
BER: END_SEQ #38 [LOCK] seq_err=0 BER_seq=0.0000e+00 | lock=38 slip=0 BER_cond=0.0000e+00 BER_cum=0.0000e+00
CSV,1120010,112000,38,38,0,19418,0,0.000000e+00,0.000000e+00,197869240320.0,215866228736.0,1155412.0,52.71,0.38
BER: SYNC #39 (gated)
CSV,1125010,112500,39,38,0,19449,0,0.000000e+00,0.000000e+00,205312081920.0,214798270464.0,1984223.0,50.34,0.20
CSV,1130010,113000,39,38,0,19549,0,0.000000e+00,0.000000e+00,249441730560.0,179265273856.0,1277799.0,52.91,1.43
CSV,1135010,113500,39,38,0,19649,0,0.000000e+00,0.000000e+00,212199096320.0,202361569280.0,1308272.9,52.10,0.21
CSV,1140010,114000,39,38,0,19749,0,0.000000e+00,0.000000e+00,211799392256.0,203610619904.0,1190915.1,52.50,0.17
CSV,1145010,114500,39,38,0,19849,0,0.000000e+00,0.000000e+00,224179191808.0,200344879104.0,1196714.4,52.73,0.49
BER: END_SEQ #39 [LOCK] seq_err=0 BER_seq=0.0000e+00 | lock=39 slip=0 BER_cond=0.0000e+00 BER_cum=0.0000e+00
CSV,1150010,115000,39,39,0,19929,0,0.000000e+00,0.000000e+00,199276265472.0,224721158144.0,1346969.0,52.22,0.52
BER: SYNC #40 (gated)
CSV,1155010,115500,40,39,0,19972,0,0.000000e+00,0.000000e+00,210969657344.0,198859423744.0,1867990.4,50.53,0.26
CSV,1160010,116000,40,39,0,20072,0,0.000000e+00,0.000000e+00,246701785088.0,172426919936.0,1018570.8,53.84,1.56
CSV,1165010,116500,40,39,0,20172,0,0.000000e+00,0.000000e+00,207091761152.0,217080954880.0,1378771.4,51.97,0.20
CSV,1170010,117000,40,39,0,20272,0,0.000000e+00,0.000000e+00,223723634688.0,206407991296.0,1209230.2,52.67,0.35
CSV,1175010,117500,40,39,0,20372,0,0.000000e+00,0.000000e+00,201762095104.0,213097545728.0,1210542.8,52.46,0.24
BER: END_SEQ #40 [LOCK] seq_err=0 BER_seq=0.0000e+00 | lock=40 slip=0 BER_cond=0.0000e+00 BER_cum=0.0000e+00
CSV,1180010,118000,40,40,0,20440,0,0.000000e+00,0.000000e+00,202219880448.0,208008134656.0,1493222.1,51.44,0.12
BER: SYNC #41 (gated)
CSV,1185010,118500,41,40,0,20495,0,0.000000e+00,0.000000e+00,213141274624.0,205567705088.0,1577905.9,51.31,0.16
CSV,1190010,119000,41,40,0,20595,0,0.000000e+00,0.000000e+00,256522977280.0,175380955136.0,1332910.5,52.84,1.65
CSV,1195010,119500,41,40,0,20695,0,0.000000e+00,0.000000e+00,212062601216.0,203862818816.0,1281965.8,52.19,0.17
CSV,1200010,120000,41,40,0,20795,0,0.000000e+00,0.000000e+00,197331943424.0,216288477184.0,1208707.6,52.53,0.40
CSV,1205010,120500,41,40,0,20895,0,0.000000e+00,0.000000e+00,224639041536.0,197095718912.0,1263301.2,52.50,0.57
BER: END_SEQ #41 [LOCK] seq_err=0 BER_seq=0.0000e+00 | lock=41 slip=0 BER_cond=0.0000e+00 BER_cum=0.0000e+00
CSV,1210010,121000,41,41,0,20951,0,0.000000e+00,0.000000e+00,199567392768.0,225833418752.0,1737004.6,51.14,0.54
BER: SYNC #42 (gated)
CSV,1215010,121500,42,41,0,21018,0,0.000000e+00,0.000000e+00,203513872384.0,212563525632.0,1418271.8,51.76,0.19
CSV,1220010,122000,42,41,0,21117,0,0.000000e+00,0.000000e+00,260542136320.0,156232433664.0,1284495.6,53.07,2.22
CSV,1225010,122500,42,41,0,21217,0,0.000000e+00,0.000000e+00,218845118464.0,201063071744.0,1266868.8,52.37,0.37
CSV,1230010,123000,42,41,0,21317,0,0.000000e+00,0.000000e+00,202291888128.0,224897695744.0,1200941.1,52.72,0.46
CSV,1235010,123500,42,41,0,21417,0,0.000000e+00,0.000000e+00,221080289280.0,196826054656.0,1243728.9,52.50,0.50
BER: END_SEQ #42 [LOCK] seq_err=0 BER_seq=0.0000e+00 | lock=42 slip=0 BER_cond=0.0000e+00 BER_cum=0.0000e+00
CSV,1240010,124000,42,42,0,21462,0,0.000000e+00,0.000000e+00,185237405696.0,217512230912.0,2055637.0,50.25,0.70
BER: SYNC #43 (gated)
CSV,1245010,124500,43,42,0,21540,0,0.000000e+00,0.000000e+00,203967627264.0,215777001472.0,1289302.6,52.24,0.24
CSV,1250010,125000,43,42,0,21640,0,0.000000e+00,0.000000e+00,262739771392.0,171499405312.0,1241707.2,53.26,1.85
CSV,1255010,125500,43,42,0,21740,0,0.000000e+00,0.000000e+00,229857263616.0,190860492800.0,1251156.8,52.64,0.81
CSV,1260010,126000,43,42,0,21840,0,0.000000e+00,0.000000e+00,181678833664.0,230718783488.0,1304644.4,52.48,1.04
CSV,1265010,126500,43,42,0,21940,0,0.000000e+00,0.000000e+00,224127205376.0,196812636160.0,1458758.0,51.87,0.56
BER: END_SEQ #43 [LOCK] seq_err=0 BER_seq=0.0000e+00 | lock=43 slip=0 BER_cond=0.0000e+00 BER_cum=0.0000e+00
CSV,1270010,127000,43,43,0,21973,0,0.000000e+00,0.000000e+00,197210341376.0,230932054016.0,1999366.0,50.63,0.69
BER: SYNC #44 (gated)
CSV,1275010,127500,44,43,0,22063,0,0.000000e+00,0.000000e+00,216819384320.0,205477380096.0,1257188.4,52.37,0.23
CSV,1280010,128000,44,43,0,22163,0,0.000000e+00,0.000000e+00,252865003520.0,165257084928.0,1327833.4,52.80,1.85
CSV,1285010,128500,44,43,0,22263,0,0.000000e+00,0.000000e+00,214002417664.0,206576173056.0,1165093.4,52.64,0.15
CSV,1290010,129000,44,43,0,22363,0,0.000000e+00,0.000000e+00,215481237504.0,215720853504.0,1223497.4,52.46,0.00
CSV,1295010,129500,44,43,0,22463,0,0.000000e+00,0.000000e+00,219218608128.0,202002956288.0,1179100.6,52.69,0.36
BER: END_SEQ #44 [LOCK] seq_err=0 BER_seq=0.0000e+00 | lock=44 slip=0 BER_cond=0.0000e+00 BER_cum=0.0000e+00
BER: SYNC #45 (gated)
CSV,1300010,130000,45,44,0,22486,0,0.000000e+00,0.000000e+00,179450970112.0,222636081152.0,1931955.9,50.62,0.94
CSV,1305010,130500,45,44,0,22586,0,0.000000e+00,0.000000e+00,214083944448.0,205481672704.0,1277198.1,52.24,0.18
CSV,1310010,131000,45,44,0,22686,0,0.000000e+00,0.000000e+00,266257367040.0,170250567680.0,1325811.0,53.03,1.94
CSV,1315010,131500,45,44,0,22786,0,0.000000e+00,0.000000e+00,216458739712.0,206427717632.0,1126243.0,52.84,0.21
CSV,1320010,132000,45,44,0,22885,0,0.000000e+00,0.000000e+00,201687777280.0,211659325440.0,1249543.6,52.29,0.21
CSV,1325010,132500,45,44,0,22985,0,0.000000e+00,0.000000e+00,214181707776.0,205480427520.0,1059325.2,53.06,0.18
BER: END_SEQ #45 [LOCK] seq_err=0 BER_seq=0.0000e+00 | lock=45 slip=0 BER_cond=0.0000e+00 BER_cum=0.0000e+00
BER: SYNC #46 (gated)
CSV,1330010,133000,46,45,0,23008,0,0.000000e+00,0.000000e+00,187504050176.0,237747568640.0,2121901.2,50.49,1.03
CSV,1335010,133500,46,45,0,23108,0,0.000000e+00,0.000000e+00,223895994368.0,199567523840.0,1163397.8,52.84,0.50
CSV,1340010,134000,46,45,0,23208,0,0.000000e+00,0.000000e+00,248381554688.0,170211229696.0,1248038.9,52.99,1.64
CSV,1345010,134500,46,45,0,23308,0,0.000000e+00,0.000000e+00,219064418304.0,198112477184.0,1165981.8,52.74,0.44
CSV,1350010,135000,46,45,0,23408,0,0.000000e+00,0.000000e+00,208936206336.0,220340436992.0,1150956.4,52.82,0.23
BER: END_SEQ #46 [LOCK] seq_err=0 BER_seq=0.0000e+00 | lock=46 slip=0 BER_cond=0.0000e+00 BER_cum=0.0000e+00
CSV,1355010,135500,46,46,0,23506,0,0.000000e+00,0.000000e+00,203885068288.0,220765208576.0,1001188.4,53.43,0.35
BER: SYNC #47 (gated)
CSV,1360010,136000,47,46,0,23531,0,0.000000e+00,0.000000e+00,195391160320.0,208920592384.0,2076043.2,50.03,0.29
CSV,1365010,136500,47,46,0,23631,0,0.000000e+00,0.000000e+00,237866762240.0,181585477632.0,1280003.6,52.69,1.17
CSV,1370010,137000,47,46,0,23731,0,0.000000e+00,0.000000e+00,241988993024.0,189538762752.0,1303972.2,52.69,1.06
CSV,1375010,137500,47,46,0,23831,0,0.000000e+00,0.000000e+00,215921524736.0,209592795136.0,1251681.5,52.37,0.13
CSV,1380010,138000,47,46,0,23931,0,0.000000e+00,0.000000e+00,204308414464.0,210110414848.0,1218915.9,52.36,0.12
BER: END_SEQ #47 [LOCK] seq_err=0 BER_seq=0.0000e+00 | lock=47 slip=0 BER_cond=0.0000e+00 BER_cum=0.0000e+00
CSV,1385010,138500,47,47,0,24017,0,0.000000e+00,0.000000e+00,198501515264.0,215383556096.0,1330000.9,52.09,0.35
BER: SYNC #48 (gated)
CSV,1390010,139000,48,47,0,24054,0,0.000000e+00,0.000000e+00,215342710784.0,206847426560.0,1887579.9,50.57,0.17
CSV,1395010,139500,48,47,0,24154,0,0.000000e+00,0.000000e+00,249719128064.0,179111903232.0,1198455.0,53.19,1.44
CSV,1400010,140000,48,47,0,24254,0,0.000000e+00,0.000000e+00,210609045504.0,202687348736.0,1267265.5,52.21,0.17
CSV,1405010,140500,48,47,0,24354,0,0.000000e+00,0.000000e+00,212835729408.0,203305811968.0,1193353.2,52.51,0.20
CSV,1410010,141000,48,47,0,24454,0,0.000000e+00,0.000000e+00,212185645056.0,211941523456.0,1238423.5,52.34,0.00
BER: END_SEQ #48 [LOCK] seq_err=0 BER_seq=0.0000e+00 | lock=48 slip=0 BER_cond=0.0000e+00 BER_cum=0.0000e+00
CSV,1415010,141500,48,48,0,24528,0,0.000000e+00,0.000000e+00,203437457408.0,220183543808.0,1700342.9,51.12,0.34
BER: SYNC #49 (gated)
CSV,1420010,142000,49,48,0,24576,0,0.000000e+00,0.000000e+00,205186760704.0,204776177664.0,1640040.6,50.97,0.01
CSV,1425010,142500,49,48,0,24676,0,0.000000e+00,0.000000e+00,253407526912.0,165514706944.0,1171741.0,53.35,1.85
CSV,1430010,143000,49,48,0,24776,0,0.000000e+00,0.000000e+00,211436322816.0,211144720384.0,1311387.4,52.07,0.01
CSV,1435010,143500,49,48,0,24876,0,0.000000e+00,0.000000e+00,215375052800.0,212400914432.0,1318814.4,52.13,0.06
CSV,1440010,144000,49,48,0,24976,0,0.000000e+00,0.000000e+00,210941591552.0,204123947008.0,1363143.0,51.90,0.14
BER: END_SEQ #49 [LOCK] seq_err=0 BER_seq=0.0000e+00 | lock=49 slip=0 BER_cond=0.0000e+00 BER_cum=0.0000e+00
CSV,1445010,144500,49,49,0,25039,0,0.000000e+00,0.000000e+00,197364105216.0,212119158784.0,1742085.4,50.86,0.31
BER: SYNC #50 (gated)
CSV,1450010,145000,50,49,0,25099,0,0.000000e+00,0.000000e+00,210224349184.0,210240929792.0,1615011.5,51.15,0.00
CSV,1455010,145500,50,49,0,25199,0,0.000000e+00,0.000000e+00,258308947968.0,174131445760.0,1237612.0,53.20,1.71
CSV,1460010,146000,50,49,0,25299,0,0.000000e+00,0.000000e+00,217640484864.0,199136886784.0,1207907.8,52.56,0.39
CSV,1465010,146500,50,49,0,25399,0,0.000000e+00,0.000000e+00,202818273280.0,212314587136.0,1179364.2,52.55,0.20
CSV,1470010,147000,50,49,0,25499,0,0.000000e+00,0.000000e+00,219989688320.0,202337681408.0,1306094.9,52.26,0.36
BER: END_SEQ #50 [LOCK] seq_err=0 BER_seq=0.0000e+00 | lock=50 slip=0 BER_cond=0.0000e+00 BER_cum=0.0000e+00
CSV,1475010,147500,50,50,0,25550,0,0.000000e+00,0.000000e+00,197937528832.0,227470245888.0,1740690.9,51.16,0.60
BER: SYNC #51 (gated)
CSV,1480010,148000,51,50,0,25622,0,0.000000e+00,0.000000e+00,196747329536.0,219698282496.0,1367305.1,52.06,0.48
CSV,1485010,148500,51,50,0,25722,0,0.000000e+00,0.000000e+00,260577722368.0,159269093376.0,1316681.9,52.96,2.14
CSV,1490010,149000,51,50,0,25822,0,0.000000e+00,0.000000e+00,230149898240.0,192394493952.0,1281056.9,52.54,0.78
CSV,1495010,149500,51,50,0,25922,0,0.000000e+00,0.000000e+00,191840075776.0,237527187456.0,1201769.9,52.96,0.93
CSV,1500010,150000,51,50,0,26022,0,0.000000e+00,0.000000e+00,226940878848.0,191700729856.0,1101468.2,53.14,0.73
BER: END_SEQ #51 [LOCK] seq_err=0 BER_seq=0.0000e+00 | lock=51 slip=0 BER_cond=0.0000e+00 BER_cum=0.0000e+00
CSV,1505010,150500,51,51,0,26061,0,0.000000e+00,0.000000e+00,187744452608.0,214614671360.0,2079798.0,50.14,0.58

=========================================
=== END OF TEST (duration=25 min) ===
=========================================
FINAL: syncs=51 lock=51 slip=0 slip_rate=0.0000
FINAL: bits_cum=26061 err_cum=0 BER_cum=0.0000e+00
FINAL: bits_lock=26061 err_lock=0 BER_cond=0.0000e+00
=========================================
=== STOP LOGGING NOW ===
=========================================
