

=== RX BOOT - BER TEST MODE ===
MOD=OOK (20 kHz carrier, adaptive threshold)
BPS_MODE=20 (HALF_SAMPLES=2000, 10000 samples/bit @ 200000 Hz)
Expect: 64-bit preamble + Barker13 (1F35h, gated by 8 preamble bits = 0x55) + 511-bit PRBS-9
Noise floor band: 5000 Hz; lock threshold: BER<0.10
Auto-stop: test will halt 25 min after the first sync.
RX: edge-tracking sync, center-3 voting
Starting decoder...

CSV,5011,500,0,0,0,0,0,0.000000e+00,0.000000e+00,558675.9,165574737920.0,450014.9,55.66,54.72
BER: SYNC #1 (gated)
CSV,10011,1000,1,0,0,79,0,0.000000e+00,0.000000e+00,500132.1,185949716480.0,287392.3,58.11,55.70
CSV,15011,1500,1,0,0,179,0,0.000000e+00,0.000000e+00,439399.2,148608679936.0,267472.3,57.45,55.29
CSV,20011,2000,1,0,0,279,0,0.000000e+00,0.000000e+00,481819.5,163045277696.0,296979.0,57.40,55.29
CSV,25011,2500,1,0,0,379,0,0.000000e+00,0.000000e+00,546731.8,197765152768.0,336227.5,57.70,55.58
CSV,30011,3000,1,0,0,479,0,0.000000e+00,0.000000e+00,436842.2,170434232320.0,296913.1,57.59,55.91
BER: END_SEQ #1 [LOCK] seq_err=0 BER_seq=0.0000e+00 | lock=1 slip=0 BER_cond=0.0000e+00 BER_cum=0.0000e+00
CSV,35011,3500,1,1,0,511,0,0.000000e+00,0.000000e+00,603094.1,198885146624.0,388446.4,57.09,55.18
BER: SYNC #2 (gated)
CSV,40011,4000,2,1,0,602,0,0.000000e+00,0.000000e+00,426723.1,173369344000.0,276953.5,57.97,56.09
CSV,45011,4500,2,1,0,702,0,0.000000e+00,0.000000e+00,455235.1,142371831808.0,272393.1,57.18,54.95
CSV,50011,5000,2,1,0,802,0,0.000000e+00,0.000000e+00,508242.0,175627091968.0,295798.8,57.74,55.39
CSV,55011,5500,2,1,0,902,0,0.000000e+00,0.000000e+00,534028.7,184341315584.0,325559.6,57.53,55.38
CSV,60011,6000,2,1,0,1002,0,0.000000e+00,0.000000e+00,501339.4,179995377664.0,295942.2,57.84,55.55
BER: END_SEQ #2 [LOCK] seq_err=0 BER_seq=0.0000e+00 | lock=2 slip=0 BER_cond=0.0000e+00 BER_cum=0.0000e+00
BER: SYNC #3 (gated)
CSV,65011,6500,3,2,0,1025,0,0.000000e+00,0.000000e+00,651211.8,188999024640.0,393928.8,56.81,54.63
CSV,70011,7000,3,2,0,1125,0,0.000000e+00,0.000000e+00,473366.3,179568263168.0,297656.5,57.81,55.79
CSV,75011,7500,3,2,0,1225,0,0.000000e+00,0.000000e+00,463966.5,141669646336.0,267249.4,57.24,54.85
CSV,80011,8000,3,2,0,1325,0,0.000000e+00,0.000000e+00,487768.1,182989668352.0,288988.0,58.02,55.74
CSV,85011,8500,3,2,0,1425,0,0.000000e+00,0.000000e+00,537293.4,182289547264.0,320727.4,57.55,55.31
CSV,90011,9000,3,2,0,1525,0,0.000000e+00,0.000000e+00,499294.4,176359309312.0,278808.5,58.01,55.48
BER: END_SEQ #3 [LOCK] seq_err=0 BER_seq=0.0000e+00 | lock=3 slip=0 BER_cond=0.0000e+00 BER_cum=0.0000e+00
BER: SYNC #4 (gated)
CSV,95011,9500,4,3,0,1547,0,0.000000e+00,0.000000e+00,640576.9,203789123584.0,385487.3,57.23,55.03
CSV,100011,10000,4,3,0,1647,0,0.000000e+00,0.000000e+00,527822.1,169956278272.0,272140.9,57.96,55.08
CSV,105011,10500,4,3,0,1747,0,0.000000e+00,0.000000e+00,480356.2,146809077760.0,288868.5,57.06,54.85
CSV,110011,11000,4,3,0,1847,0,0.000000e+00,0.000000e+00,488941.3,171814535168.0,309182.9,57.45,55.46
CSV,115011,11500,4,3,0,1947,0,0.000000e+00,0.000000e+00,487273.0,187998240768.0,279754.2,58.27,55.86
BER: END_SEQ #4 [LOCK] seq_err=0 BER_seq=0.0000e+00 | lock=4 slip=0 BER_cond=0.0000e+00 BER_cum=0.0000e+00
CSV,120011,12000,4,4,0,2044,0,0.000000e+00,0.000000e+00,468307.4,194429747200.0,279713.7,58.42,56.18
BER: SYNC #5 (gated)
CSV,125011,12500,5,4,0,2070,0,0.000000e+00,0.000000e+00,638978.4,182633136128.0,397000.0,56.63,54.56
CSV,130011,13000,5,4,0,2170,0,0.000000e+00,0.000000e+00,467198.8,152601133056.0,316698.2,56.83,55.14
CSV,135011,13500,5,4,0,2270,0,0.000000e+00,0.000000e+00,489127.2,164171923456.0,302102.7,57.35,55.26
CSV,140011,14000,5,4,0,2370,0,0.000000e+00,0.000000e+00,453730.8,184604491776.0,291281.8,58.02,56.09
CSV,145011,14500,5,4,0,2470,0,0.000000e+00,0.000000e+00,530390.9,179019972608.0,296888.5,57.80,55.28
BER: END_SEQ #5 [LOCK] seq_err=0 BER_seq=0.0000e+00 | lock=5 slip=0 BER_cond=0.0000e+00 BER_cum=0.0000e+00
CSV,150011,15000,5,5,0,2555,0,0.000000e+00,0.000000e+00,490097.3,186105790464.0,340146.1,57.38,55.79
BER: SYNC #6 (gated)
CSV,155011,15500,6,5,0,2593,0,0.000000e+00,0.000000e+00,576052.9,177472290816.0,354122.7,57.00,54.89
CSV,160011,16000,6,5,0,2693,0,0.000000e+00,0.000000e+00,436014.8,156308488192.0,300603.1,57.16,55.54
CSV,165011,16500,6,5,0,2793,0,0.000000e+00,0.000000e+00,488498.9,179829751808.0,310164.5,57.63,55.66
CSV,170011,17000,6,5,0,2893,0,0.000000e+00,0.000000e+00,493319.2,172949651456.0,291721.7,57.73,55.45
CSV,175011,17500,6,5,0,2993,0,0.000000e+00,0.000000e+00,518226.1,186816479232.0,339289.2,57.41,55.57
BER: END_SEQ #6 [LOCK] seq_err=0 BER_seq=0.0000e+00 | lock=6 slip=0 BER_cond=0.0000e+00 BER_cum=0.0000e+00
CSV,180011,18000,6,6,0,3066,0,0.000000e+00,0.000000e+00,561682.6,188887646208.0,340831.0,57.44,55.27
BER: SYNC #7 (gated)
CSV,185011,18500,7,6,0,3115,0,0.000000e+00,0.000000e+00,540453.1,178448171008.0,317814.7,57.49,55.19
CSV,190011,19000,7,6,0,3216,0,0.000000e+00,0.000000e+00,422542.7,147425280000.0,260100.8,57.53,55.43
CSV,195011,19500,7,6,0,3316,0,0.000000e+00,0.000000e+00,530012.6,182468132864.0,307265.4,57.74,55.37
CSV,200011,20000,7,6,0,3415,0,0.000000e+00,0.000000e+00,493323.3,182940745728.0,285813.2,58.06,55.69
CSV,205011,20500,7,6,0,3515,0,0.000000e+00,0.000000e+00,513730.7,180073512960.0,331278.2,57.35,55.45
BER: END_SEQ #7 [LOCK] seq_err=0 BER_seq=0.0000e+00 | lock=7 slip=0 BER_cond=0.0000e+00 BER_cum=0.0000e+00
CSV,210011,21000,7,7,0,3577,0,0.000000e+00,0.000000e+00,620887.9,183374397440.0,352684.8,57.16,54.70
BER: SYNC #8 (gated)
CSV,215011,21500,8,7,0,3638,0,0.000000e+00,0.000000e+00,515759.7,185452789760.0,316364.8,57.68,55.56
CSV,220011,22000,8,7,0,3738,0,0.000000e+00,0.000000e+00,467484.8,148141047808.0,283176.1,57.19,55.01
CSV,225011,22500,8,7,0,3838,0,0.000000e+00,0.000000e+00,511021.5,175014150144.0,297124.2,57.70,55.35
CSV,230011,23000,8,7,0,3938,0,0.000000e+00,0.000000e+00,505209.2,185554780160.0,315530.0,57.69,55.65
CSV,235011,23500,8,7,0,4038,0,0.000000e+00,0.000000e+00,501406.2,175993503744.0,289173.0,57.84,55.45
BER: END_SEQ #8 [LOCK] seq_err=0 BER_seq=0.0000e+00 | lock=8 slip=0 BER_cond=0.0000e+00 BER_cum=0.0000e+00
CSV,240011,24000,8,8,0,4088,0,0.000000e+00,0.000000e+00,611860.9,198448742400.0,378242.5,57.20,55.11
BER: SYNC #9 (gated)
CSV,245011,24500,9,8,0,4161,0,0.000000e+00,0.000000e+00,514915.0,188736405504.0,348519.2,57.34,55.64
CSV,250011,25000,9,8,0,4261,0,0.000000e+00,0.000000e+00,495107.7,139997609984.0,308504.2,56.57,54.51
CSV,255011,25500,9,8,0,4361,0,0.000000e+00,0.000000e+00,482796.3,165809602560.0,326021.1,57.06,55.36
CSV,260011,26000,9,8,0,4461,0,0.000000e+00,0.000000e+00,502434.2,207909470208.0,333523.2,57.95,56.17
CSV,265011,26500,9,8,0,4561,0,0.000000e+00,0.000000e+00,543285.7,168518238208.0,315785.0,57.27,54.92
BER: END_SEQ #9 [LOCK] seq_err=0 BER_seq=0.0000e+00 | lock=9 slip=0 BER_cond=0.0000e+00 BER_cum=0.0000e+00
CSV,270011,27000,9,9,0,4599,0,0.000000e+00,0.000000e+00,675047.6,186517635072.0,413795.2,56.54,54.41
BER: SYNC #10 (gated)
CSV,275011,27500,10,9,0,4684,0,0.000000e+00,0.000000e+00,504990.9,184058822656.0,298966.8,57.89,55.62
CSV,280011,28000,10,9,0,4783,0,0.000000e+00,0.000000e+00,477988.2,154789429248.0,271959.7,57.55,55.10
CSV,285011,28500,10,9,0,4884,0,0.000000e+00,0.000000e+00,491756.7,171466260480.0,318193.8,57.31,55.42
CSV,290011,29000,10,9,0,4983,0,0.000000e+00,0.000000e+00,490900.0,187837415424.0,289973.6,58.11,55.83
CSV,295011,29500,10,9,0,5083,0,0.000000e+00,0.000000e+00,515655.6,179291701248.0,325948.0,57.40,55.41
BER: END_SEQ #10 [LOCK] seq_err=0 BER_seq=0.0000e+00 | lock=10 slip=0 BER_cond=0.0000e+00 BER_cum=0.0000e+00
CSV,300011,30000,10,10,0,5110,0,0.000000e+00,0.000000e+00,616171.8,202118021120.0,356521.0,57.54,55.16
BER: SYNC #11 (gated)
CSV,305011,30500,11,10,0,5206,0,0.000000e+00,0.000000e+00,513336.8,178836865024.0,268851.7,58.23,55.42
CSV,310011,31000,11,10,0,5306,0,0.000000e+00,0.000000e+00,443305.6,137235275776.0,261860.2,57.19,54.91
CSV,315011,31500,11,10,0,5406,0,0.000000e+00,0.000000e+00,507236.9,183686283264.0,327595.0,57.49,55.59
CSV,320011,32000,11,10,0,5506,0,0.000000e+00,0.000000e+00,507557.2,188306276352.0,316165.7,57.75,55.69
CSV,325011,32500,11,10,0,5606,0,0.000000e+00,0.000000e+00,474345.3,187825553408.0,281134.0,58.25,55.98
BER: END_SEQ #11 [LOCK] seq_err=0 BER_seq=0.0000e+00 | lock=11 slip=0 BER_cond=0.0000e+00 BER_cum=0.0000e+00
BER: SYNC #12 (gated)
CSV,330011,33000,12,11,0,5629,0,0.000000e+00,0.000000e+00,619458.1,188237021184.0,408248.6,56.64,54.83
CSV,335011,33500,12,11,0,5729,0,0.000000e+00,0.000000e+00,511935.7,179547406336.0,305346.1,57.69,55.45
CSV,340011,34000,12,11,0,5829,0,0.000000e+00,0.000000e+00,466150.1,151796776960.0,284324.4,57.27,55.13
CSV,345011,34500,12,11,0,5929,0,0.000000e+00,0.000000e+00,483811.8,178666389504.0,334687.2,57.27,55.67
CSV,350011,35000,12,11,0,6029,0,0.000000e+00,0.000000e+00,514883.1,185370198016.0,330074.5,57.49,55.56
CSV,355011,35500,12,11,0,6129,0,0.000000e+00,0.000000e+00,443457.4,187962802176.0,282756.2,58.23,56.27
BER: END_SEQ #12 [LOCK] seq_err=0 BER_seq=0.0000e+00 | lock=12 slip=0 BER_cond=0.0000e+00 BER_cum=0.0000e+00
BER: SYNC #13 (gated)
CSV,360011,36000,13,12,0,6152,0,0.000000e+00,0.000000e+00,655898.2,193778155520.0,416933.4,56.67,54.70
CSV,365011,36500,13,12,0,6252,0,0.000000e+00,0.000000e+00,496717.4,169129607168.0,280576.0,57.80,55.32
CSV,370011,37000,13,12,0,6352,0,0.000000e+00,0.000000e+00,459548.7,151196336128.0,287204.7,57.21,55.17
CSV,375011,37500,13,12,0,6452,0,0.000000e+00,0.000000e+00,498972.2,182893428736.0,310472.3,57.70,55.64
CSV,380011,38000,13,12,0,6552,0,0.000000e+00,0.000000e+00,485668.3,188084715520.0,303590.1,57.92,55.88
BER: END_SEQ #13 [LOCK] seq_err=0 BER_seq=0.0000e+00 | lock=13 slip=0 BER_cond=0.0000e+00 BER_cum=0.0000e+00
CSV,385011,38500,13,13,0,6643,0,0.000000e+00,0.000000e+00,484885.3,191780945920.0,312134.4,57.88,55.97
BER: SYNC #14 (gated)
CSV,390011,39000,14,13,0,6674,0,0.000000e+00,0.000000e+00,632201.5,180806893568.0,402561.3,56.52,54.56
CSV,395011,39500,14,13,0,6774,0,0.000000e+00,0.000000e+00,452151.4,153108086784.0,297157.3,57.12,55.30
CSV,400011,40000,14,13,0,6874,0,0.000000e+00,0.000000e+00,529974.8,182522101760.0,317202.8,57.60,55.37
CSV,405011,40500,14,13,0,6974,0,0.000000e+00,0.000000e+00,461343.7,180199555072.0,308732.8,57.66,55.92
CSV,410011,41000,14,13,0,7074,0,0.000000e+00,0.000000e+00,476557.3,169006465024.0,318741.1,57.24,55.50
BER: END_SEQ #14 [LOCK] seq_err=0 BER_seq=0.0000e+00 | lock=14 slip=0 BER_cond=0.0000e+00 BER_cum=0.0000e+00
CSV,415011,41500,14,14,0,7154,0,0.000000e+00,0.000000e+00,564361.1,191625347072.0,341358.6,57.49,55.31
BER: SYNC #15 (gated)
CSV,420011,42000,15,14,0,7197,0,0.000000e+00,0.000000e+00,580273.5,179562430464.0,333809.5,57.31,54.91
CSV,425011,42500,15,14,0,7297,0,0.000000e+00,0.000000e+00,435516.4,154037878784.0,252374.3,57.86,55.49
CSV,430011,43000,15,14,0,7397,0,0.000000e+00,0.000000e+00,550083.8,183096672256.0,345962.8,57.24,55.22
CSV,435011,43500,15,14,0,7497,0,0.000000e+00,0.000000e+00,455129.9,173877968896.0,283865.4,57.87,55.82
CSV,440011,44000,15,14,0,7597,0,0.000000e+00,0.000000e+00,514987.1,191815778304.0,318296.6,57.80,55.71
BER: END_SEQ #15 [LOCK] seq_err=0 BER_seq=0.0000e+00 | lock=15 slip=0 BER_cond=0.0000e+00 BER_cum=0.0000e+00
CSV,445011,44500,15,15,0,7665,0,0.000000e+00,0.000000e+00,562691.4,185995051008.0,362952.6,57.10,55.19
BER: SYNC #16 (gated)
CSV,450011,45000,16,15,0,7720,0,0.000000e+00,0.000000e+00,544632.3,176827695104.0,330153.2,57.29,55.11
CSV,455011,45500,16,15,0,7820,0,0.000000e+00,0.000000e+00,472474.2,147895549952.0,293805.6,57.02,54.96
CSV,460011,46000,16,15,0,7920,0,0.000000e+00,0.000000e+00,504070.3,182397304832.0,302017.1,57.81,55.59
CSV,465011,46500,16,15,0,8020,0,0.000000e+00,0.000000e+00,464275.6,192910278656.0,319810.2,57.80,56.19
CSV,470011,47000,16,15,0,8120,0,0.000000e+00,0.000000e+00,497994.1,169503326208.0,340061.1,56.98,55.32
BER: END_SEQ #16 [LOCK] seq_err=0 BER_seq=0.0000e+00 | lock=16 slip=0 BER_cond=0.0000e+00 BER_cum=0.0000e+00
CSV,475011,47500,16,16,0,8176,0,0.000000e+00,0.000000e+00,571552.2,190523047936.0,344778.0,57.42,55.23
BER: SYNC #17 (gated)
CSV,480011,48000,17,16,0,8243,0,0.000000e+00,0.000000e+00,572309.2,189743366144.0,307287.2,57.91,55.21
CSV,485011,48500,17,16,0,8342,0,0.000000e+00,0.000000e+00,461646.0,142289911808.0,283536.6,57.01,54.89
CSV,490011,49000,17,16,0,8442,0,0.000000e+00,0.000000e+00,509028.5,174010466304.0,302625.3,57.60,55.34
CSV,495011,49500,17,16,0,8543,0,0.000000e+00,0.000000e+00,499418.9,191679447040.0,320465.9,57.77,55.84
CSV,500011,50000,17,16,0,8642,0,0.000000e+00,0.000000e+00,512744.0,174945845248.0,297567.1,57.69,55.33
BER: END_SEQ #17 [LOCK] seq_err=0 BER_seq=0.0000e+00 | lock=17 slip=0 BER_cond=0.0000e+00 BER_cum=0.0000e+00
CSV,505011,50500,17,17,0,8687,0,0.000000e+00,0.000000e+00,670768.2,196843601920.0,405834.6,56.86,54.68
BER: SYNC #18 (gated)
CSV,510011,51000,18,17,0,8765,0,0.000000e+00,0.000000e+00,517717.7,185935069184.0,330520.6,57.50,55.55
CSV,515011,51500,18,17,0,8865,0,0.000000e+00,0.000000e+00,470802.7,143613214720.0,277871.2,57.13,54.84
CSV,520011,52000,18,17,0,8965,0,0.000000e+00,0.000000e+00,491878.6,168973598720.0,284100.3,57.74,55.36
CSV,525011,52500,18,17,0,9065,0,0.000000e+00,0.000000e+00,507475.4,207209611264.0,291142.8,58.52,56.11
CSV,530011,53000,18,17,0,9165,0,0.000000e+00,0.000000e+00,551861.5,170651140096.0,324272.8,57.21,54.90
BER: END_SEQ #18 [LOCK] seq_err=0 BER_seq=0.0000e+00 | lock=18 slip=0 BER_cond=0.0000e+00 BER_cum=0.0000e+00
CSV,535011,53500,18,18,0,9198,0,0.000000e+00,0.000000e+00,642297.9,192781369344.0,381346.2,57.04,54.77
BER: SYNC #19 (gated)
CSV,540011,54000,19,18,0,9288,0,0.000000e+00,0.000000e+00,489815.8,179991543808.0,310054.0,57.64,55.65
CSV,545011,54500,19,18,0,9388,0,0.000000e+00,0.000000e+00,486384.3,150136340480.0,289168.6,57.15,54.90
CSV,550011,55000,19,18,0,9488,0,0.000000e+00,0.000000e+00,504126.6,178195660800.0,325407.0,57.38,55.48
CSV,555011,55500,19,18,0,9588,0,0.000000e+00,0.000000e+00,523093.2,180756234240.0,330458.8,57.38,55.39
CSV,560011,56000,19,18,0,9688,0,0.000000e+00,0.000000e+00,506366.9,178485100544.0,300744.7,57.73,55.47
BER: END_SEQ #19 [LOCK] seq_err=0 BER_seq=0.0000e+00 | lock=19 slip=0 BER_cond=0.0000e+00 BER_cum=0.0000e+00
BER: SYNC #20 (gated)
CSV,565011,56500,20,19,0,9711,0,0.000000e+00,0.000000e+00,673062.9,203959255040.0,396355.3,57.11,54.81
CSV,570011,57000,20,19,0,9811,0,0.000000e+00,0.000000e+00,450116.4,179039928320.0,273840.9,58.15,56.00
CSV,575011,57500,20,19,0,9911,0,0.000000e+00,0.000000e+00,479510.6,141342113792.0,276007.1,57.09,54.69
CSV,580011,58000,20,19,0,10011,0,0.000000e+00,0.000000e+00,481400.1,181713354752.0,277915.7,58.15,55.77
CSV,585011,58500,20,19,0,10110,0,0.000000e+00,0.000000e+00,524028.9,191799984128.0,335402.1,57.57,55.63
CSV,590011,59000,20,19,0,10210,0,0.000000e+00,0.000000e+00,510820.9,180050821120.0,304235.8,57.72,55.47
BER: END_SEQ #20 [LOCK] seq_err=0 BER_seq=0.0000e+00 | lock=20 slip=0 BER_cond=0.0000e+00 BER_cum=0.0000e+00
BER: SYNC #21 (gated)
CSV,595011,59500,21,20,0,10234,0,0.000000e+00,0.000000e+00,644427.2,198747553792.0,400629.1,56.96,54.89
CSV,600011,60000,21,20,0,10333,0,0.000000e+00,0.000000e+00,490115.0,173503168512.0,334468.7,57.15,55.49
CSV,605011,60500,21,20,0,10433,0,0.000000e+00,0.000000e+00,437168.1,154794590208.0,277464.4,57.47,55.49
CSV,610011,61000,21,20,0,10533,0,0.000000e+00,0.000000e+00,529021.3,174483357696.0,307895.9,57.53,55.18
CSV,615011,61500,21,20,0,10633,0,0.000000e+00,0.000000e+00,516632.6,185940180992.0,308603.2,57.80,55.56
BER: END_SEQ #21 [LOCK] seq_err=0 BER_seq=0.0000e+00 | lock=21 slip=0 BER_cond=0.0000e+00 BER_cum=0.0000e+00
CSV,620011,62000,21,21,0,10731,0,0.000000e+00,0.000000e+00,485598.3,192546193408.0,303978.0,58.02,55.98
BER: SYNC #22 (gated)
CSV,625011,62500,22,21,0,10756,0,0.000000e+00,0.000000e+00,613029.2,193336180736.0,395514.5,56.89,54.99
CSV,630011,63000,22,21,0,10856,0,0.000000e+00,0.000000e+00,422365.2,159761678336.0,294013.0,57.35,55.78
CSV,635011,63500,22,21,0,10956,0,0.000000e+00,0.000000e+00,513126.8,159619383296.0,344716.1,56.66,54.93
CSV,640011,64000,22,21,0,11056,0,0.000000e+00,0.000000e+00,486406.5,181919776768.0,305268.9,57.75,55.73
CSV,645011,64500,22,21,0,11156,0,0.000000e+00,0.000000e+00,510165.1,190710497280.0,286867.2,58.23,55.73
BER: END_SEQ #22 [LOCK] seq_err=0 BER_seq=0.0000e+00 | lock=22 slip=0 BER_cond=0.0000e+00 BER_cum=0.0000e+00
CSV,650011,65000,22,22,0,11242,0,0.000000e+00,0.000000e+00,494745.0,190233460736.0,307934.4,57.91,55.85
BER: SYNC #23 (gated)
CSV,655011,65500,23,22,0,11279,0,0.000000e+00,0.000000e+00,597498.2,174452473856.0,371452.7,56.72,54.65
CSV,660011,66000,23,22,0,11379,0,0.000000e+00,0.000000e+00,434023.3,153821216768.0,267865.2,57.59,55.50
CSV,665011,66500,23,22,0,11479,0,0.000000e+00,0.000000e+00,512850.5,184617648128.0,315468.0,57.67,55.56
CSV,670011,67000,23,22,0,11579,0,0.000000e+00,0.000000e+00,498798.5,178955845632.0,299879.8,57.76,55.55
CSV,675011,67500,23,22,0,11679,0,0.000000e+00,0.000000e+00,491033.5,179696877568.0,312860.8,57.59,55.63
BER: END_SEQ #23 [LOCK] seq_err=0 BER_seq=0.0000e+00 | lock=23 slip=0 BER_cond=0.0000e+00 BER_cum=0.0000e+00
CSV,680011,68000,23,23,0,11753,0,0.000000e+00,0.000000e+00,538100.4,189289857024.0,355444.9,57.26,55.46
BER: SYNC #24 (gated)
CSV,685011,68500,24,23,0,11802,0,0.000000e+00,0.000000e+00,537744.8,185965756416.0,338606.4,57.40,55.39
CSV,690011,69000,24,23,0,11902,0,0.000000e+00,0.000000e+00,416398.6,146999033856.0,278595.7,57.22,55.48
CSV,695011,69500,24,23,0,12001,0,0.000000e+00,0.000000e+00,492680.3,178864488448.0,291171.8,57.88,55.60
CSV,700011,70000,24,23,0,12102,0,0.000000e+00,0.000000e+00,512045.5,180555710464.0,317740.9,57.55,55.47
CSV,705011,70500,24,23,0,12201,0,0.000000e+00,0.000000e+00,535075.3,182976675840.0,319654.1,57.58,55.34
BER: END_SEQ #24 [LOCK] seq_err=0 BER_seq=0.0000e+00 | lock=24 slip=0 BER_cond=0.0000e+00 BER_cum=0.0000e+00
CSV,710011,71000,24,24,0,12264,0,0.000000e+00,0.000000e+00,484852.4,187038875648.0,341847.2,57.38,55.86
BER: SYNC #25 (gated)
CSV,715011,71500,25,24,0,12324,0,0.000000e+00,0.000000e+00,594870.3,178320736256.0,354554.2,57.02,54.77
CSV,720011,72000,25,24,0,12424,0,0.000000e+00,0.000000e+00,423116.0,145942085632.0,296565.8,56.92,55.38
CSV,725011,72500,25,24,0,12524,0,0.000000e+00,0.000000e+00,494655.2,178694373376.0,323027.9,57.43,55.58
CSV,730011,73000,25,24,0,12624,0,0.000000e+00,0.000000e+00,470771.9,186871578624.0,286129.1,58.15,55.99
CSV,735011,73500,25,24,0,12724,0,0.000000e+00,0.000000e+00,514069.8,170987356160.0,347239.2,56.92,55.22
BER: END_SEQ #25 [LOCK] seq_err=0 BER_seq=0.0000e+00 | lock=25 slip=0 BER_cond=0.0000e+00 BER_cum=0.0000e+00
CSV,740011,74000,25,25,0,12775,0,0.000000e+00,0.000000e+00,578102.6,190994038784.0,359718.5,57.25,55.19
BER: SYNC #26 (gated)
CSV,745011,74500,26,25,0,12847,0,0.000000e+00,0.000000e+00,532272.4,194681569280.0,299310.9,58.13,55.63
CSV,750011,75000,26,25,0,12947,0,0.000000e+00,0.000000e+00,469109.9,141148553216.0,280944.7,57.01,54.78
CSV,755011,75500,26,25,0,13047,0,0.000000e+00,0.000000e+00,484198.6,163980378112.0,287604.9,57.56,55.30
CSV,760011,76000,26,25,0,13147,0,0.000000e+00,0.000000e+00,484096.9,199503298560.0,311723.0,58.06,56.15
CSV,765011,76500,26,25,0,13247,0,0.000000e+00,0.000000e+00,497594.7,170463641600.0,290686.7,57.68,55.35
BER: END_SEQ #26 [LOCK] seq_err=0 BER_seq=0.0000e+00 | lock=26 slip=0 BER_cond=0.0000e+00 BER_cum=0.0000e+00
CSV,770011,77000,26,26,0,13286,0,0.000000e+00,0.000000e+00,663695.2,190101225472.0,417051.2,56.59,54.57
BER: SYNC #27 (gated)
CSV,775011,77500,27,26,0,13370,0,0.000000e+00,0.000000e+00,507900.3,182179217408.0,310106.9,57.69,55.55
CSV,780011,78000,27,26,0,13470,0,0.000000e+00,0.000000e+00,475782.9,147039961088.0,278902.2,57.22,54.90
CSV,785011,78500,27,26,0,13570,0,0.000000e+00,0.000000e+00,485832.2,168966160384.0,263763.9,58.07,55.41
CSV,790011,79000,27,26,0,13669,0,0.000000e+00,0.000000e+00,513998.2,192534921216.0,310074.2,57.93,55.74
CSV,795011,79500,27,26,0,13770,0,0.000000e+00,0.000000e+00,496759.5,174551597056.0,285032.4,57.87,55.46
BER: END_SEQ #27 [LOCK] seq_err=0 BER_seq=0.0000e+00 | lock=27 slip=0 BER_cond=0.0000e+00 BER_cum=0.0000e+00
CSV,800011,80000,27,27,0,13797,0,0.000000e+00,0.000000e+00,638082.5,189310074880.0,396527.8,56.79,54.72
BER: SYNC #28 (gated)
CSV,805011,80500,28,27,0,13892,0,0.000000e+00,0.000000e+00,435848.1,175853928448.0,303589.2,57.63,56.06
CSV,810011,81000,28,27,0,13992,0,0.000000e+00,0.000000e+00,465374.9,140413812736.0,282878.2,56.96,54.80
CSV,815011,81500,28,27,0,14092,0,0.000000e+00,0.000000e+00,501211.6,177583996928.0,310975.6,57.57,55.49
CSV,820011,82000,28,27,0,14192,0,0.000000e+00,0.000000e+00,521984.2,179150356480.0,316418.6,57.53,55.36
CSV,825011,82500,28,27,0,14292,0,0.000000e+00,0.000000e+00,480713.0,185573588992.0,297405.9,57.95,55.87
BER: END_SEQ #28 [LOCK] seq_err=0 BER_seq=0.0000e+00 | lock=28 slip=0 BER_cond=0.0000e+00 BER_cum=0.0000e+00
BER: SYNC #29 (gated)
CSV,830011,83000,29,28,0,14315,0,0.000000e+00,0.000000e+00,644785.4,192085196800.0,392826.1,56.89,54.74
CSV,835011,83500,29,28,0,14415,0,0.000000e+00,0.000000e+00,463732.7,176288661504.0,318556.0,57.43,55.80
CSV,840011,84000,29,28,0,14515,0,0.000000e+00,0.000000e+00,422920.6,140202557440.0,284122.2,56.93,55.20
CSV,845011,84500,29,28,0,14615,0,0.000000e+00,0.000000e+00,516966.8,178970443776.0,341569.9,57.19,55.39
CSV,850011,85000,29,28,0,14715,0,0.000000e+00,0.000000e+00,495347.9,189602480128.0,302770.0,57.97,55.83
CSV,855011,85500,29,28,0,14815,0,0.000000e+00,0.000000e+00,444335.3,181235957760.0,282275.5,58.08,56.11
BER: END_SEQ #29 [LOCK] seq_err=0 BER_seq=0.0000e+00 | lock=29 slip=0 BER_cond=0.0000e+00 BER_cum=0.0000e+00
BER: SYNC #30 (gated)
CSV,860011,86000,30,29,0,14838,0,0.000000e+00,0.000000e+00,626850.9,183995613184.0,388148.3,56.76,54.68
CSV,865011,86500,30,29,0,14938,0,0.000000e+00,0.000000e+00,461606.6,168072364032.0,287992.3,57.66,55.61
CSV,870011,87000,30,29,0,15038,0,0.000000e+00,0.000000e+00,442935.6,154979516416.0,283795.0,57.37,55.44
CSV,875011,87500,30,29,0,15138,0,0.000000e+00,0.000000e+00,484485.8,175842623488.0,311810.4,57.51,55.60
CSV,880011,88000,30,29,0,15238,0,0.000000e+00,0.000000e+00,498758.7,177685790720.0,299118.0,57.74,55.52
BER: END_SEQ #30 [LOCK] seq_err=0 BER_seq=0.0000e+00 | lock=30 slip=0 BER_cond=0.0000e+00 BER_cum=0.0000e+00
CSV,885011,88500,30,30,0,15330,0,0.000000e+00,0.000000e+00,440745.5,192121520128.0,302416.3,58.03,56.39
BER: SYNC #31 (gated)
CSV,890011,89000,31,30,0,15360,0,0.000000e+00,0.000000e+00,612779.4,187386298368.0,350088.2,57.29,54.85
CSV,895011,89500,31,30,0,15460,0,0.000000e+00,0.000000e+00,427907.8,150454910976.0,274737.8,57.38,55.46
CSV,900011,90000,31,30,0,15561,0,0.000000e+00,0.000000e+00,493498.6,169986801664.0,288391.4,57.70,55.37
CSV,905011,90500,31,30,0,15661,0,0.000000e+00,0.000000e+00,456967.5,176810704896.0,287057.4,57.90,55.88
CSV,910011,91000,31,30,0,15760,0,0.000000e+00,0.000000e+00,477366.3,177070276608.0,294268.6,57.79,55.69
BER: END_SEQ #31 [LOCK] seq_err=0 BER_seq=0.0000e+00 | lock=31 slip=0 BER_cond=0.0000e+00 BER_cum=0.0000e+00
CSV,915011,91500,31,31,0,15841,0,0.000000e+00,0.000000e+00,534311.4,188095037440.0,334598.0,57.50,55.47
BER: SYNC #32 (gated)
CSV,920011,92000,32,31,0,15883,0,0.000000e+00,0.000000e+00,556498.4,168396636160.0,344890.4,56.89,54.81
CSV,925011,92500,32,31,0,15983,0,0.000000e+00,0.000000e+00,459493.9,152095948800.0,283605.8,57.29,55.20
CSV,930011,93000,32,31,0,16083,0,0.000000e+00,0.000000e+00,513315.2,185614139392.0,300205.2,57.91,55.58
CSV,935011,93500,32,31,0,16183,0,0.000000e+00,0.000000e+00,459240.7,172125405184.0,300622.2,57.58,55.74
CSV,940011,94000,32,31,0,16283,0,0.000000e+00,0.000000e+00,519290.6,182641836032.0,306378.8,57.75,55.46
BER: END_SEQ #32 [LOCK] seq_err=0 BER_seq=0.0000e+00 | lock=32 slip=0 BER_cond=0.0000e+00 BER_cum=0.0000e+00
CSV,945011,94500,32,32,0,16352,0,0.000000e+00,0.000000e+00,586102.6,181103951872.0,349231.6,57.15,54.90
BER: SYNC #33 (gated)
CSV,950011,95000,33,32,0,16406,0,0.000000e+00,0.000000e+00,530322.7,180131250176.0,343329.3,57.20,55.31
CSV,955011,95500,33,32,0,16506,0,0.000000e+00,0.000000e+00,481645.7,147409371136.0,282536.5,57.17,54.86
CSV,960011,96000,33,32,0,16606,0,0.000000e+00,0.000000e+00,499834.6,176483057664.0,327145.8,57.32,55.48
CSV,965011,96500,33,32,0,16706,0,0.000000e+00,0.000000e+00,495787.5,185210519552.0,329645.6,57.50,55.72
CSV,970011,97000,33,32,0,16806,0,0.000000e+00,0.000000e+00,488218.4,176561750016.0,303888.1,57.64,55.58
BER: END_SEQ #33 [LOCK] seq_err=0 BER_seq=0.0000e+00 | lock=33 slip=0 BER_cond=0.0000e+00 BER_cum=0.0000e+00
CSV,975011,97500,33,33,0,16863,0,0.000000e+00,0.000000e+00,621525.6,185433194496.0,349714.6,57.24,54.75
BER: SYNC #34 (gated)
CSV,980011,98000,34,33,0,16929,0,0.000000e+00,0.000000e+00,486337.3,184656625664.0,296691.8,57.94,55.79
CSV,985011,98500,34,33,0,17029,0,0.000000e+00,0.000000e+00,459874.7,136825094144.0,301008.9,56.58,54.74
CSV,990011,99000,34,33,0,17128,0,0.000000e+00,0.000000e+00,491136.7,177789255680.0,348069.3,57.08,55.59
CSV,995011,99500,34,33,0,17228,0,0.000000e+00,0.000000e+00,535223.2,187430191104.0,316948.4,57.72,55.44
CSV,1000011,100000,34,33,0,17328,0,0.000000e+00,0.000000e+00,475957.4,169547251712.0,296698.2,57.57,55.52
BER: END_SEQ #34 [LOCK] seq_err=0 BER_seq=0.0000e+00 | lock=34 slip=0 BER_cond=0.0000e+00 BER_cum=0.0000e+00
CSV,1005011,100500,34,34,0,17374,0,0.000000e+00,0.000000e+00,606789.6,188146122752.0,379247.0,56.96,54.91
BER: SYNC #35 (gated)
CSV,1010011,101000,35,34,0,17451,0,0.000000e+00,0.000000e+00,458595.3,190528110592.0,285568.6,58.24,56.19
CSV,1015011,101500,35,34,0,17551,0,0.000000e+00,0.000000e+00,423375.9,141623541760.0,271678.8,57.17,55.24
CSV,1020011,102000,35,34,0,17651,0,0.000000e+00,0.000000e+00,472076.0,163001237504.0,311149.9,57.19,55.38
CSV,1025011,102500,35,34,0,17751,0,0.000000e+00,0.000000e+00,535804.6,198017351680.0,322244.4,57.89,55.68
CSV,1030011,103000,35,34,0,17851,0,0.000000e+00,0.000000e+00,465397.8,174291959808.0,292905.9,57.75,55.73
BER: END_SEQ #35 [LOCK] seq_err=0 BER_seq=0.0000e+00 | lock=35 slip=0 BER_cond=0.0000e+00 BER_cum=0.0000e+00
CSV,1035011,103500,35,35,0,17885,0,0.000000e+00,0.000000e+00,597507.5,189879549952.0,374197.6,57.05,55.02
BER: SYNC #36 (gated)
CSV,1040011,104000,36,35,0,17974,0,0.000000e+00,0.000000e+00,486836.1,176679829504.0,272965.2,58.11,55.60
CSV,1045011,104500,36,35,0,18074,0,0.000000e+00,0.000000e+00,430801.6,141471236096.0,270252.2,57.19,55.16
CSV,1050011,105000,36,35,0,18174,0,0.000000e+00,0.000000e+00,479176.6,180964507648.0,318503.3,57.54,55.77
CSV,1055011,105500,36,35,0,18274,0,0.000000e+00,0.000000e+00,482318.0,181084176384.0,306209.7,57.72,55.75
CSV,1060011,106000,36,35,0,18374,0,0.000000e+00,0.000000e+00,465269.8,173580681216.0,296133.5,57.68,55.72
BER: END_SEQ #36 [LOCK] seq_err=0 BER_seq=0.0000e+00 | lock=36 slip=0 BER_cond=0.0000e+00 BER_cum=0.0000e+00
BER: SYNC #37 (gated)
CSV,1065011,106500,37,36,0,18397,0,0.000000e+00,0.000000e+00,632537.2,193170735104.0,409940.2,56.73,54.85
CSV,1070011,107000,37,36,0,18497,0,0.000000e+00,0.000000e+00,515852.7,180940619776.0,325932.2,57.44,55.45
CSV,1075011,107500,37,36,0,18597,0,0.000000e+00,0.000000e+00,447068.0,138480713728.0,276006.3,57.00,54.91
CSV,1080011,108000,37,36,0,18697,0,0.000000e+00,0.000000e+00,474752.8,174460354560.0,315196.3,57.43,55.65
CSV,1085011,108500,37,36,0,18797,0,0.000000e+00,0.000000e+00,520488.9,186041466880.0,317316.1,57.68,55.53
CSV,1090011,109000,37,36,0,18897,0,0.000000e+00,0.000000e+00,500543.6,182039838720.0,293223.1,57.93,55.61
BER: END_SEQ #37 [LOCK] seq_err=0 BER_seq=0.0000e+00 | lock=37 slip=0 BER_cond=0.0000e+00 BER_cum=0.0000e+00
BER: SYNC #38 (gated)
CSV,1095011,109500,38,37,0,18920,0,0.000000e+00,0.000000e+00,627253.4,198543523840.0,389627.7,57.07,55.00
CSV,1100011,110000,38,37,0,19020,0,0.000000e+00,0.000000e+00,551450.7,171962302464.0,324286.3,57.25,54.94
CSV,1105011,110500,38,37,0,19120,0,0.000000e+00,0.000000e+00,458318.1,147598180352.0,282832.2,57.18,55.08
CSV,1110011,111000,38,37,0,19219,0,0.000000e+00,0.000000e+00,534795.5,173790052352.0,351179.5,56.94,55.12
CSV,1115011,111500,38,37,0,19319,0,0.000000e+00,0.000000e+00,463426.2,190097080320.0,302060.0,57.99,56.13
BER: END_SEQ #38 [LOCK] seq_err=0 BER_seq=0.0000e+00 | lock=38 slip=0 BER_cond=0.0000e+00 BER_cum=0.0000e+00
CSV,1120011,112000,38,38,0,19418,0,0.000000e+00,0.000000e+00,521071.8,185443303424.0,274004.8,58.30,55.51
BER: SYNC #39 (gated)
CSV,1125011,112500,39,38,0,19442,0,0.000000e+00,0.000000e+00,611964.6,178978127872.0,360212.1,56.96,54.66
CSV,1130011,113000,39,38,0,19542,0,0.000000e+00,0.000000e+00,491531.2,161540325376.0,279462.8,57.62,55.17
CSV,1135011,113500,39,38,0,19642,0,0.000000e+00,0.000000e+00,454671.5,159232163840.0,279886.2,57.55,55.44
CSV,1140011,114000,39,38,0,19742,0,0.000000e+00,0.000000e+00,516780.6,174240759808.0,303508.9,57.59,55.28
CSV,1145011,114500,39,38,0,19842,0,0.000000e+00,0.000000e+00,488706.5,181246181376.0,298890.4,57.83,55.69
BER: END_SEQ #39 [LOCK] seq_err=0 BER_seq=0.0000e+00 | lock=39 slip=0 BER_cond=0.0000e+00 BER_cum=0.0000e+00
CSV,1150011,115000,39,39,0,19929,0,0.000000e+00,0.000000e+00,529815.2,188680945664.0,334872.3,57.51,55.52
BER: SYNC #40 (gated)
CSV,1155011,115500,40,39,0,19965,0,0.000000e+00,0.000000e+00,551161.9,179925024768.0,329475.7,57.37,55.14
CSV,1160011,116000,40,39,0,20065,0,0.000000e+00,0.000000e+00,424903.1,148809121792.0,257139.4,57.62,55.44
CSV,1165011,116500,40,39,0,20165,0,0.000000e+00,0.000000e+00,462721.3,172984549376.0,281845.1,57.88,55.73
CSV,1170011,117000,40,39,0,20265,0,0.000000e+00,0.000000e+00,492877.6,177421107200.0,298346.5,57.74,55.56
CSV,1175011,117500,40,39,0,20365,0,0.000000e+00,0.000000e+00,466661.3,182011412480.0,289460.5,57.99,55.91
BER: END_SEQ #40 [LOCK] seq_err=0 BER_seq=0.0000e+00 | lock=40 slip=0 BER_cond=0.0000e+00 BER_cum=0.0000e+00
CSV,1180011,118000,40,40,0,20440,0,0.000000e+00,0.000000e+00,518517.2,179671859200.0,347791.5,57.13,55.40
BER: SYNC #41 (gated)
CSV,1185011,118500,41,40,0,20488,0,0.000000e+00,0.000000e+00,534797.6,174156070912.0,314136.5,57.44,55.13
CSV,1190011,119000,41,40,0,20588,0,0.000000e+00,0.000000e+00,415719.1,144880975872.0,253923.3,57.56,55.42
CSV,1195011,119500,41,40,0,20687,0,0.000000e+00,0.000000e+00,488918.8,186442153984.0,290875.0,58.07,55.81
CSV,1200011,120000,41,40,0,20788,0,0.000000e+00,0.000000e+00,483131.3,175407595520.0,321687.8,57.37,55.60
CSV,1205011,120500,41,40,0,20887,0,0.000000e+00,0.000000e+00,493221.9,177318658048.0,281311.7,58.00,55.56
BER: END_SEQ #41 [LOCK] seq_err=0 BER_seq=0.0000e+00 | lock=41 slip=0 BER_cond=0.0000e+00 BER_cum=0.0000e+00
CSV,1210011,121000,41,41,0,20951,0,0.000000e+00,0.000000e+00,572953.2,185038913536.0,375893.9,56.92,55.09
BER: SYNC #42 (gated)
CSV,1215011,121500,42,41,0,21010,0,0.000000e+00,0.000000e+00,527537.2,184205606912.0,313688.9,57.69,55.43
CSV,1220011,122000,42,41,0,21110,0,0.000000e+00,0.000000e+00,461615.6,145565548544.0,305771.4,56.78,54.99
CSV,1225011,122500,42,41,0,21210,0,0.000000e+00,0.000000e+00,502518.0,170051829760.0,294052.0,57.62,55.29
CSV,1230011,123000,42,41,0,21310,0,0.000000e+00,0.000000e+00,494215.0,185860227072.0,329391.8,57.51,55.75
CSV,1235011,123500,42,41,0,21410,0,0.000000e+00,0.000000e+00,513630.6,177238343680.0,308163.2,57.60,55.38
BER: END_SEQ #42 [LOCK] seq_err=0 BER_seq=0.0000e+00 | lock=42 slip=0 BER_cond=0.0000e+00 BER_cum=0.0000e+00
CSV,1240011,124000,42,42,0,21462,0,0.000000e+00,0.000000e+00,639820.4,186662223872.0,392301.5,56.77,54.65
BER: SYNC #43 (gated)
CSV,1245011,124500,43,42,0,21533,0,0.000000e+00,0.000000e+00,492849.8,186840023040.0,319734.4,57.67,55.79
CSV,1250011,125000,43,42,0,21633,0,0.000000e+00,0.000000e+00,472164.9,140104269824.0,293747.8,56.78,54.72
CSV,1255011,125500,43,42,0,21733,0,0.000000e+00,0.000000e+00,522507.4,170306551808.0,351446.7,56.85,55.13
CSV,1260011,126000,43,42,0,21833,0,0.000000e+00,0.000000e+00,488201.0,194661400576.0,294611.1,58.20,56.01
CSV,1265011,126500,43,42,0,21933,0,0.000000e+00,0.000000e+00,478467.8,162735128576.0,320536.3,57.06,55.32
BER: END_SEQ #43 [LOCK] seq_err=0 BER_seq=0.0000e+00 | lock=43 slip=0 BER_cond=0.0000e+00 BER_cum=0.0000e+00
CSV,1270011,127000,43,43,0,21973,0,0.000000e+00,0.000000e+00,654906.1,192013877248.0,384776.3,56.98,54.67
BER: SYNC #44 (gated)
CSV,1275011,127500,44,43,0,22056,0,0.000000e+00,0.000000e+00,479896.8,188777988096.0,324037.3,57.65,55.95
CSV,1280011,128000,44,43,0,22156,0,0.000000e+00,0.000000e+00,427192.5,144515678208.0,274293.8,57.22,55.29
CSV,1285011,128500,44,43,0,22256,0,0.000000e+00,0.000000e+00,511941.5,163003547648.0,352635.8,56.65,55.03
CSV,1290011,129000,44,43,0,22356,0,0.000000e+00,0.000000e+00,488043.6,194973810688.0,282587.2,58.39,56.02
CSV,1295011,129500,44,43,0,22456,0,0.000000e+00,0.000000e+00,462883.5,176001515520.0,292208.5,57.80,55.80
BER: END_SEQ #44 [LOCK] seq_err=0 BER_seq=0.0000e+00 | lock=44 slip=0 BER_cond=0.0000e+00 BER_cum=0.0000e+00
CSV,1300011,130000,44,44,0,22484,0,0.000000e+00,0.000000e+00,603379.9,189864378368.0,375079.9,57.04,54.98
BER: SYNC #45 (gated)
CSV,1305011,130500,45,44,0,22578,0,0.000000e+00,0.000000e+00,478272.0,170149330944.0,299561.8,57.54,55.51
CSV,1310011,131000,45,44,0,22679,0,0.000000e+00,0.000000e+00,405406.8,139250302976.0,262433.4,57.25,55.36
CSV,1315011,131500,45,44,0,22778,0,0.000000e+00,0.000000e+00,505241.9,180495974400.0,324043.2,57.46,55.53
CSV,1320011,132000,45,44,0,22878,0,0.000000e+00,0.000000e+00,488910.2,181034729472.0,284295.3,58.04,55.69
CSV,1325011,132500,45,44,0,22978,0,0.000000e+00,0.000000e+00,469130.7,177788731392.0,291801.5,57.85,55.79
BER: END_SEQ #45 [LOCK] seq_err=0 BER_seq=0.0000e+00 | lock=45 slip=0 BER_cond=0.0000e+00 BER_cum=0.0000e+00
BER: SYNC #46 (gated)
CSV,1330011,133000,46,45,0,23001,0,0.000000e+00,0.000000e+00,613550.5,186902167552.0,371647.9,57.01,54.84
CSV,1335011,133500,46,45,0,23101,0,0.000000e+00,0.000000e+00,512136.0,185458130944.0,280765.9,58.20,55.59
CSV,1340011,134000,46,45,0,23201,0,0.000000e+00,0.000000e+00,437176.0,138958290944.0,258131.2,57.31,55.02
CSV,1345011,134500,46,45,0,23301,0,0.000000e+00,0.000000e+00,465098.8,173446414336.0,294785.7,57.70,55.72
CSV,1350011,135000,46,45,0,23401,0,0.000000e+00,0.000000e+00,521735.4,186304790528.0,307439.4,57.82,55.53
CSV,1355011,135500,46,45,0,23501,0,0.000000e+00,0.000000e+00,487801.8,183839309824.0,282143.4,58.14,55.76
BER: END_SEQ #46 [LOCK] seq_err=0 BER_seq=0.0000e+00 | lock=46 slip=0 BER_cond=0.0000e+00 BER_cum=0.0000e+00
BER: SYNC #47 (gated)
CSV,1360011,136000,47,46,0,23524,0,0.000000e+00,0.000000e+00,627908.9,188799614976.0,365356.4,57.13,54.78
CSV,1365011,136500,47,46,0,23624,0,0.000000e+00,0.000000e+00,520845.4,165260148736.0,282243.5,57.68,55.01
CSV,1370011,137000,47,46,0,23724,0,0.000000e+00,0.000000e+00,452598.0,147567673344.0,262836.9,57.49,55.13
CSV,1375011,137500,47,46,0,23824,0,0.000000e+00,0.000000e+00,492384.9,179894370304.0,257580.9,58.44,55.63
CSV,1380011,138000,47,46,0,23924,0,0.000000e+00,0.000000e+00,471763.3,180117553152.0,295310.9,57.85,55.82
BER: END_SEQ #47 [LOCK] seq_err=0 BER_seq=0.0000e+00 | lock=47 slip=0 BER_cond=0.0000e+00 BER_cum=0.0000e+00
CSV,1385011,138500,47,47,0,24017,0,0.000000e+00,0.000000e+00,526984.0,187448737792.0,302471.2,57.92,55.51
BER: SYNC #48 (gated)
CSV,1390011,139000,48,47,0,24047,0,0.000000e+00,0.000000e+00,633863.4,180902019072.0,372604.7,56.86,54.55
CSV,1395011,139500,48,47,0,24147,0,0.000000e+00,0.000000e+00,413409.3,154564526080.0,250350.4,57.91,55.73
CSV,1400011,140000,48,47,0,24247,0,0.000000e+00,0.000000e+00,495290.6,169669361664.0,281802.3,57.80,55.35
CSV,1405011,140500,48,47,0,24347,0,0.000000e+00,0.000000e+00,487621.9,173674004480.0,277566.8,57.96,55.52
CSV,1410011,141000,48,47,0,24447,0,0.000000e+00,0.000000e+00,502697.5,174298890240.0,321027.4,57.35,55.40
BER: END_SEQ #48 [LOCK] seq_err=0 BER_seq=0.0000e+00 | lock=48 slip=0 BER_cond=0.0000e+00 BER_cum=0.0000e+00
CSV,1415011,141500,48,48,0,24528,0,0.000000e+00,0.000000e+00,474465.7,191436521472.0,328879.3,57.65,56.06
BER: SYNC #49 (gated)
CSV,1420011,142000,49,48,0,24569,0,0.000000e+00,0.000000e+00,591090.7,176900702208.0,369248.3,56.80,54.76
CSV,1425011,142500,49,48,0,24669,0,0.000000e+00,0.000000e+00,412469.8,149798486016.0,281590.7,57.26,55.60
CSV,1430011,143000,49,48,0,24769,0,0.000000e+00,0.000000e+00,506945.1,177763074048.0,295041.8,57.80,55.45
CSV,1435011,143500,49,48,0,24869,0,0.000000e+00,0.000000e+00,447789.9,176448946176.0,289229.2,57.85,55.96
CSV,1440011,144000,49,48,0,24969,0,0.000000e+00,0.000000e+00,532590.8,188245180416.0,319413.5,57.70,55.48
BER: END_SEQ #49 [LOCK] seq_err=0 BER_seq=0.0000e+00 | lock=49 slip=0 BER_cond=0.0000e+00 BER_cum=0.0000e+00
CSV,1445011,144500,49,49,0,25039,0,0.000000e+00,0.000000e+00,521361.9,177976623104.0,348956.0,57.08,55.33
BER: SYNC #50 (gated)
CSV,1450011,145000,50,49,0,25092,0,0.000000e+00,0.000000e+00,536267.3,171897241600.0,324372.0,57.24,55.06
CSV,1455011,145500,50,49,0,25192,0,0.000000e+00,0.000000e+00,450709.4,150333308928.0,273230.2,57.41,55.23
CSV,1460011,146000,50,49,0,25292,0,0.000000e+00,0.000000e+00,516514.1,182065610752.0,308709.0,57.71,55.47
CSV,1465011,146500,50,49,0,25392,0,0.000000e+00,0.000000e+00,467838.7,181572206592.0,311456.7,57.66,55.89
CSV,1470011,147000,50,49,0,25492,0,0.000000e+00,0.000000e+00,500311.4,170465034240.0,299596.4,57.55,55.32
BER: END_SEQ #50 [LOCK] seq_err=0 BER_seq=0.0000e+00 | lock=50 slip=0 BER_cond=0.0000e+00 BER_cum=0.0000e+00
CSV,1475011,147500,50,50,0,25550,0,0.000000e+00,0.000000e+00,603113.4,189662822400.0,350764.1,57.33,54.98
BER: SYNC #51 (gated)
CSV,1480011,148000,51,50,0,25615,0,0.000000e+00,0.000000e+00,532708.9,189940006912.0,295014.5,58.09,55.52
CSV,1485011,148500,51,50,0,25715,0,0.000000e+00,0.000000e+00,476770.1,131917586432.0,283851.8,56.67,54.42
CSV,1490011,149000,51,50,0,25815,0,0.000000e+00,0.000000e+00,494427.4,173074710528.0,320520.9,57.32,55.44
CSV,1495011,149500,51,50,0,25915,0,0.000000e+00,0.000000e+00,490584.1,188259500032.0,310583.4,57.83,55.84
CSV,1500011,150000,51,50,0,26014,0,0.000000e+00,0.000000e+00,481642.5,175721332736.0,284109.9,57.91,55.62
BER: END_SEQ #51 [LOCK] seq_err=0 BER_seq=0.0000e+00 | lock=51 slip=0 BER_cond=0.0000e+00 BER_cum=0.0000e+00
CSV,1505011,150500,51,51,0,26061,0,0.000000e+00,0.000000e+00,664643.0,184466014208.0,367600.8,57.01,54.43

=========================================
=== END OF TEST (duration=25 min) ===
=========================================
FINAL: syncs=51 lock=51 slip=0 slip_rate=0.0000
FINAL: bits_cum=26061 err_cum=0 BER_cum=0.0000e+00
FINAL: bits_lock=26061 err_lock=0 BER_cond=0.0000e+00
=========================================
=== STOP LOGGING NOW ===
=========================================
