

=== RX BOOT - BER TEST MODE ===
MOD=OOK (20 kHz carrier, adaptive threshold)
BPS_MODE=100 (HALF_SAMPLES=400, 2000 samples/bit @ 200000 Hz)
Expect: 64-bit preamble + Barker13 (1F35h, gated by 8 preamble bits = 0x55) + 511-bit PRBS-9
Noise floor band: 5000 Hz; lock threshold: BER<0.10
Auto-stop: test will halt 25 min after the first sync.
RX: edge-tracking sync, center-3 voting
Starting decoder...

CSV,5006,2500,0,0,0,0,0,0.000000e+00,0.000000e+00,782.8,29851.9,1204.0,13.94,15.81
BER: SYNC #1 (gated)
CSV,10006,5000,1,0,0,380,195,5.131579e-01,0.000000e+00,968.1,30708.4,1324.6,13.65,15.01
BER: END_SEQ #1 [SLIP] seq_err=260 BER_seq=5.0881e-01 | lock=0 slip=1 BER_cond=0.0000e+00 BER_cum=5.0881e-01
CSV,15006,7500,1,0,1,511,260,5.088063e-01,0.000000e+00,948.4,17911.0,1253.3,11.55,12.76
CSV,20006,10000,1,0,1,511,260,5.088063e-01,0.000000e+00,713.9,16541.2,1044.8,12.00,13.65
CSV,25006,12500,1,0,1,511,260,5.088063e-01,0.000000e+00,997.9,7079.2,1641.6,6.35,8.51
CSV,30006,15000,1,0,1,511,260,5.088063e-01,0.000000e+00,989.7,8174.1,1619.8,7.03,9.17
CSV,35006,17500,1,0,1,511,260,5.088063e-01,0.000000e+00,813.0,10377.1,1088.6,9.79,11.06
CSV,40006,20000,1,0,1,511,260,5.088063e-01,0.000000e+00,713.9,10373.4,928.8,10.48,11.62
CSV,45006,22500,1,0,1,511,260,5.088063e-01,0.000000e+00,715.5,10304.9,929.3,10.45,11.58
BER: SYNC #2 (gated)
CSV,50006,25000,2,0,1,767,324,4.224250e-01,0.000000e+00,733.2,10042.9,877.5,10.59,11.37
BER: END_SEQ #2 [SLIP] seq_err=201 BER_seq=3.9335e-01 | lock=0 slip=2 BER_cond=0.0000e+00 BER_cum=4.5108e-01
CSV,55006,27500,2,0,2,1022,461,4.510763e-01,0.000000e+00,779.7,10059.2,952.7,10.24,11.11
CSV,60006,30000,2,0,2,1022,461,4.510763e-01,0.000000e+00,700.8,9896.6,878.8,10.52,11.50
CSV,65006,32500,2,0,2,1022,461,4.510763e-01,0.000000e+00,754.0,9517.2,953.4,9.99,11.01
CSV,70006,35000,2,0,2,1022,461,4.510763e-01,0.000000e+00,731.9,9664.5,908.4,10.27,11.21
CSV,75006,37500,2,0,2,1022,461,4.510763e-01,0.000000e+00,682.4,9376.4,855.6,10.40,11.38
BER: SYNC #3 (gated)
CSV,80006,40000,3,0,2,1337,592,4.427823e-01,0.000000e+00,778.5,9165.0,962.2,9.79,10.71
BER: END_SEQ #3 [SLIP] seq_err=235 BER_seq=4.5988e-01 | lock=0 slip=3 BER_cond=0.0000e+00 BER_cum=4.5401e-01
BER: SYNC #4 (gated)
CSV,85006,42500,4,0,3,1758,800,4.550626e-01,0.000000e+00,816.1,8923.3,979.5,9.60,10.39
BER: END_SEQ #4 [SLIP] seq_err=254 BER_seq=4.9706e-01 | lock=0 slip=4 BER_cond=0.0000e+00 BER_cum=4.6477e-01
BER: SYNC #5 (gated)
CSV,90006,45000,5,0,4,2186,998,4.565416e-01,0.000000e+00,841.0,8823.8,1135.1,8.91,10.21
BER: END_SEQ #5 [SLIP] seq_err=236 BER_seq=4.6184e-01 | lock=0 slip=5 BER_cond=0.0000e+00 BER_cum=4.6419e-01
CSV,95006,47500,5,0,5,2555,1186,4.641879e-01,0.000000e+00,912.3,7618.1,1361.4,7.48,9.22
CSV,100006,50000,5,0,5,2555,1186,4.641879e-01,0.000000e+00,984.1,6089.1,1592.8,5.82,7.92
BER: SYNC #6 (gated)
CSV,105006,52500,6,0,5,3011,1409,4.679509e-01,0.000000e+00,947.3,6564.3,1523.9,6.34,8.41
BER: END_SEQ #6 [SLIP] seq_err=243 BER_seq=4.7554e-01 | lock=0 slip=6 BER_cond=0.0000e+00 BER_cum=4.6608e-01
BER: SYNC #7 (gated)
CSV,110006,55000,7,0,6,3438,1585,4.610238e-01,0.000000e+00,1050.5,6722.2,1659.1,6.08,8.06
BER: END_SEQ #7 [SLIP] seq_err=229 BER_seq=4.4814e-01 | lock=0 slip=7 BER_cond=0.0000e+00 BER_cum=4.6352e-01
CSV,115006,57500,7,0,7,3577,1658,4.635169e-01,0.000000e+00,984.4,8266.6,1411.8,7.68,9.24
BER: SYNC #8 (gated)
CSV,120006,60000,8,0,7,3773,1752,4.643520e-01,0.000000e+00,1027.2,6450.8,1649.1,5.92,7.98
BER: END_SEQ #8 [SLIP] seq_err=261 BER_seq=5.1076e-01 | lock=0 slip=8 BER_cond=0.0000e+00 BER_cum=4.6942e-01
CSV,125006,62500,8,0,8,4088,1919,4.694227e-01,0.000000e+00,1086.6,6882.9,1682.8,6.12,8.02
BER: SYNC #9 (gated)
CSV,130006,65000,9,0,8,4113,1920,4.668126e-01,0.000000e+00,998.0,6810.4,1658.1,6.14,8.34
BER: END_SEQ #9 [SLIP] seq_err=244 BER_seq=4.7750e-01 | lock=0 slip=9 BER_cond=0.0000e+00 BER_cum=4.7032e-01
CSV,135006,67500,9,0,9,4599,2163,4.703196e-01,0.000000e+00,1105.9,6848.6,1682.4,6.10,7.92
BER: SYNC #10 (gated)
CSV,140006,70000,10,0,9,5034,2380,4.727851e-01,0.000000e+00,1032.8,7012.6,1584.8,6.46,8.32
BER: END_SEQ #10 [SLIP] seq_err=255 BER_seq=4.9902e-01 | lock=0 slip=10 BER_cond=0.0000e+00 BER_cum=4.7319e-01
BER: SYNC #11 (gated)
CSV,145006,72500,11,0,10,5455,2593,4.753437e-01,0.000000e+00,1062.6,7434.7,1552.4,6.80,8.45
BER: END_SEQ #11 [SLIP] seq_err=259 BER_seq=5.0685e-01 | lock=0 slip=11 BER_cond=0.0000e+00 BER_cum=4.7625e-01
BER: SYNC #12 (gated)
CSV,150006,75000,12,0,11,5880,2794,4.751701e-01,0.000000e+00,898.1,11223.2,1100.4,10.09,10.97
BER: END_SEQ #12 [SLIP] seq_err=120 BER_seq=2.3483e-01 | lock=0 slip=12 BER_cond=0.0000e+00 BER_cum=4.5613e-01
BER: SYNC #13 (gated)
CSV,155006,77500,13,0,12,6303,2829,4.488339e-01,0.000000e+00,887.7,11769.4,978.6,10.80,11.22
BER: END_SEQ #13 [SLIP] seq_err=212 BER_seq=4.1487e-01 | lock=0 slip=13 BER_cond=0.0000e+00 BER_cum=4.5296e-01
BER: SYNC #14 (gated)
CSV,160006,80000,14,0,13,6725,3052,4.538290e-01,0.000000e+00,905.6,11671.3,1041.0,10.50,11.10
BER: END_SEQ #14 [SLIP] seq_err=262 BER_seq=5.1272e-01 | lock=0 slip=14 BER_cond=0.0000e+00 BER_cum=4.5723e-01
CSV,165006,82500,14,0,14,7154,3271,4.572267e-01,0.000000e+00,828.1,10920.6,996.0,10.40,11.20
CSV,170006,85000,14,0,14,7154,3271,4.572267e-01,0.000000e+00,779.2,10410.3,925.5,10.51,11.26
CSV,175006,87500,14,0,14,7154,3271,4.572267e-01,0.000000e+00,966.4,6691.8,1590.3,6.24,8.40
CSV,180006,90000,14,0,14,7154,3271,4.572267e-01,0.000000e+00,1005.2,6387.3,1590.1,6.04,8.03
CSV,185006,92500,14,0,14,7154,3271,4.572267e-01,0.000000e+00,929.9,7836.2,1463.5,7.29,9.26
BER: SYNC #15 (gated)
CSV,190006,95000,15,0,14,7295,3336,4.572995e-01,0.000000e+00,858.2,8804.4,1199.3,8.66,10.11
BER: END_SEQ #15 [SLIP] seq_err=254 BER_seq=4.9706e-01 | lock=0 slip=15 BER_cond=0.0000e+00 BER_cum=4.5988e-01
BER: SYNC #16 (gated)
CSV,195006,97500,16,0,15,7719,3527,4.569245e-01,0.000000e+00,1026.3,6720.5,1565.4,6.33,8.16
BER: END_SEQ #16 [SLIP] seq_err=249 BER_seq=4.8728e-01 | lock=0 slip=16 BER_cond=0.0000e+00 BER_cum=4.6159e-01
CSV,200006,100000,16,0,16,8176,3774,4.615949e-01,0.000000e+00,1001.9,6410.8,1781.5,5.56,8.06
CSV,205006,102500,16,0,16,8176,3774,4.615949e-01,0.000000e+00,930.6,6115.3,1576.7,5.89,8.18
BER: SYNC #17 (gated)
CSV,210006,105000,17,0,16,8546,3939,4.609174e-01,0.000000e+00,972.6,6363.1,1631.4,5.91,8.16
BER: END_SEQ #17 [SLIP] seq_err=231 BER_seq=4.5205e-01 | lock=0 slip=17 BER_cond=0.0000e+00 BER_cum=4.6103e-01
CSV,215006,107500,17,0,17,8687,4005,4.610337e-01,0.000000e+00,1059.1,6174.2,1535.2,6.04,7.66
BER: SYNC #18 (gated)
CSV,220006,110000,18,0,17,8887,4074,4.584224e-01,0.000000e+00,962.4,7832.9,1472.0,7.26,9.11
BER: END_SEQ #18 [SLIP] seq_err=220 BER_seq=4.3053e-01 | lock=0 slip=18 BER_cond=0.0000e+00 BER_cum=4.5934e-01
CSV,225006,112500,18,0,18,9198,4225,4.593390e-01,0.000000e+00,1070.3,7628.8,1576.8,6.85,8.53
CSV,230006,115000,18,0,18,9198,4225,4.593390e-01,0.000000e+00,913.9,7928.1,1354.4,7.67,9.38
CSV,235006,117500,18,0,18,9198,4225,4.593390e-01,0.000000e+00,814.1,8176.6,1128.2,8.60,10.02
BER: SYNC #19 (gated)
CSV,240006,120000,19,0,18,9628,4433,4.604279e-01,0.000000e+00,832.1,7718.6,1105.1,8.44,9.67
BER: END_SEQ #19 [SLIP] seq_err=247 BER_seq=4.8337e-01 | lock=0 slip=19 BER_cond=0.0000e+00 BER_cum=4.6060e-01
BER: SYNC #20 (gated)
CSV,245006,122500,20,0,19,10056,4474,4.449085e-01,0.000000e+00,854.3,7901.2,1211.5,8.14,9.66
BER: END_SEQ #20 [SLIP] seq_err=80 BER_seq=1.5656e-01 | lock=0 slip=20 BER_cond=0.0000e+00 BER_cum=4.4540e-01
BER: SYNC #21 (gated)
CSV,250006,125000,21,0,20,10478,4609,4.398740e-01,0.000000e+00,911.6,7120.2,1253.4,7.54,8.93
BER: END_SEQ #21 [SLIP] seq_err=187 BER_seq=3.6595e-01 | lock=0 slip=21 BER_cond=0.0000e+00 BER_cum=4.4162e-01
CSV,255006,127500,21,0,21,10731,4739,4.416178e-01,0.000000e+00,830.9,7269.1,1285.7,7.52,9.42
BER: SYNC #22 (gated)
CSV,260006,130000,22,0,21,10812,4745,4.388642e-01,0.000000e+00,841.6,7232.6,1199.7,7.80,9.34
BER: END_SEQ #22 [SLIP] seq_err=219 BER_seq=4.2857e-01 | lock=0 slip=22 BER_cond=0.0000e+00 BER_cum=4.4102e-01
CSV,265006,132500,22,0,22,11242,4958,4.410247e-01,0.000000e+00,861.5,7030.0,1190.9,7.71,9.12
CSV,270006,135000,22,0,22,11242,4958,4.410247e-01,0.000000e+00,789.0,6136.6,1263.1,6.87,8.91
BER: SYNC #23 (gated)
CSV,275006,137500,23,0,22,11642,5158,4.430510e-01,0.000000e+00,846.1,6457.2,1191.8,7.34,8.83
BER: END_SEQ #23 [SLIP] seq_err=256 BER_seq=5.0098e-01 | lock=0 slip=23 BER_cond=0.0000e+00 BER_cum=4.4363e-01
BER: SYNC #24 (gated)
CSV,280006,140000,24,0,23,12063,5318,4.408522e-01,0.000000e+00,884.9,6320.2,1276.6,6.95,8.54
BER: END_SEQ #24 [SLIP] seq_err=206 BER_seq=4.0313e-01 | lock=0 slip=24 BER_cond=0.0000e+00 BER_cum=4.4194e-01
CSV,285006,142500,24,0,24,12264,5420,4.419439e-01,0.000000e+00,905.3,5958.7,1340.5,6.48,8.18
CSV,290006,145000,24,0,24,12264,5420,4.419439e-01,0.000000e+00,895.8,5360.7,1465.3,5.63,7.77
CSV,295006,147500,24,0,24,12264,5420,4.419439e-01,0.000000e+00,962.5,5654.9,1558.2,5.60,7.69
CSV,300006,150000,24,0,24,12264,5420,4.419439e-01,0.000000e+00,898.6,5599.7,1521.9,5.66,7.95
CSV,305006,152500,24,0,24,12264,5420,4.419439e-01,0.000000e+00,847.0,6606.4,1238.1,7.27,8.92
CSV,310006,155000,24,0,24,12264,5420,4.419439e-01,0.000000e+00,770.6,6760.9,1144.2,7.71,9.43
BER: SYNC #25 (gated)
CSV,315006,157500,25,0,24,12549,5533,4.409116e-01,0.000000e+00,814.2,6593.3,1220.0,7.33,9.08
BER: END_SEQ #25 [SLIP] seq_err=228 BER_seq=4.4618e-01 | lock=0 slip=25 BER_cond=0.0000e+00 BER_cum=4.4211e-01
CSV,320006,160000,25,0,25,12775,5648,4.421135e-01,0.000000e+00,923.7,6262.6,1397.7,6.51,8.31
CSV,325006,162500,25,0,25,12775,5648,4.421135e-01,0.000000e+00,865.9,6293.1,1344.0,6.70,8.61
CSV,330006,165000,25,0,25,12775,5648,4.421135e-01,0.000000e+00,782.2,6548.5,1245.6,7.21,9.23
CSV,335006,167500,25,0,25,12775,5648,4.421135e-01,0.000000e+00,830.9,6360.7,1152.3,7.42,8.84
CSV,340006,170000,25,0,25,12775,5648,4.421135e-01,0.000000e+00,818.5,6561.6,1287.2,7.07,9.04
CSV,345006,172500,25,0,25,12775,5648,4.421135e-01,0.000000e+00,779.0,6654.7,1202.7,7.43,9.32
BER: SYNC #26 (gated)
CSV,350006,175000,26,0,25,13031,5687,4.364208e-01,0.000000e+00,821.3,6576.0,1156.8,7.55,9.03
BER: END_SEQ #26 [SLIP] seq_err=172 BER_seq=3.3659e-01 | lock=0 slip=26 BER_cond=0.0000e+00 BER_cum=4.3806e-01
CSV,355006,177500,26,0,26,13286,5820,4.380551e-01,0.000000e+00,920.1,6625.0,1269.8,7.17,8.57
CSV,360006,180000,26,0,26,13286,5820,4.380551e-01,0.000000e+00,864.8,6755.8,1283.5,7.21,8.93
CSV,365006,182500,26,0,26,13286,5820,4.380551e-01,0.000000e+00,826.6,7090.0,1209.3,7.68,9.33
CSV,370006,185000,26,0,26,13286,5820,4.380551e-01,0.000000e+00,951.3,5634.6,1587.9,5.50,7.73
BER: SYNC #27 (gated)
CSV,375006,187500,27,0,26,13683,6011,4.393042e-01,0.000000e+00,935.0,5951.1,1483.9,6.03,8.04
BER: END_SEQ #27 [SLIP] seq_err=247 BER_seq=4.8337e-01 | lock=0 slip=27 BER_cond=0.0000e+00 BER_cum=4.3973e-01
CSV,380006,190000,27,0,27,13797,6067,4.397333e-01,0.000000e+00,977.2,5904.8,1566.3,5.76,7.81
CSV,385006,192500,27,0,27,13797,6067,4.397333e-01,0.000000e+00,912.2,5972.5,1550.6,5.86,8.16
CSV,390006,195000,27,0,27,13797,6067,4.397333e-01,0.000000e+00,932.0,5870.9,1507.8,5.90,7.99
BER: SYNC #28 (gated)
CSV,395006,197500,28,0,27,13848,6086,4.394858e-01,0.000000e+00,962.1,5760.4,1730.7,5.22,7.77
BER: END_SEQ #28 [SLIP] seq_err=245 BER_seq=4.7945e-01 | lock=0 slip=28 BER_cond=0.0000e+00 BER_cum=4.4115e-01
CSV,400006,200000,28,0,28,14308,6312,4.411518e-01,0.000000e+00,1046.2,5535.8,1729.5,5.05,7.24
CSV,405006,202500,28,0,28,14308,6312,4.411518e-01,0.000000e+00,1005.9,5331.1,1588.3,5.26,7.24
BER: SYNC #29 (gated)
CSV,410006,205000,29,0,28,14672,6493,4.425436e-01,0.000000e+00,956.5,5350.7,1600.0,5.24,7.48
BER: END_SEQ #29 [SLIP] seq_err=264 BER_seq=5.1663e-01 | lock=0 slip=29 BER_cond=0.0000e+00 BER_cum=4.4375e-01
CSV,415006,207500,29,0,29,14819,6576,4.437546e-01,0.000000e+00,1072.2,5435.3,1869.9,4.63,7.05
CSV,420006,210000,29,0,29,14819,6576,4.437546e-01,0.000000e+00,1032.0,5418.7,1757.4,4.89,7.20
CSV,425006,212500,29,0,29,14819,6576,4.437546e-01,0.000000e+00,1010.0,6022.7,1642.3,5.64,7.75
BER: SYNC #30 (gated)
CSV,430006,215000,30,0,29,14840,6584,4.436658e-01,0.000000e+00,946.2,5475.3,1729.5,5.00,7.62
CSV,435006,217500,30,0,29,15327,6831,4.456841e-01,0.000000e+00,1014.2,5438.5,1591.9,5.34,7.29
BER: END_SEQ #30 [SLIP] seq_err=256 BER_seq=5.0098e-01 | lock=0 slip=30 BER_cond=0.0000e+00 BER_cum=4.4566e-01
BER: SYNC #31 (gated)
CSV,440006,220000,31,0,30,15754,7041,4.469341e-01,0.000000e+00,1070.6,5523.2,1810.4,4.84,7.13
BER: END_SEQ #31 [SLIP] seq_err=246 BER_seq=4.8141e-01 | lock=0 slip=31 BER_cond=0.0000e+00 BER_cum=4.4682e-01
BER: SYNC #32 (gated)
CSV,445006,222500,32,0,31,16177,7236,4.473017e-01,0.000000e+00,1106.7,5405.6,1731.7,4.94,6.89
BER: END_SEQ #32 [SLIP] seq_err=238 BER_seq=4.6575e-01 | lock=0 slip=32 BER_cond=0.0000e+00 BER_cum=4.4741e-01
CSV,450006,225000,32,0,32,16352,7316,4.474070e-01,0.000000e+00,1027.7,5270.3,1718.1,4.87,7.10
CSV,455006,227500,32,0,32,16352,7316,4.474070e-01,0.000000e+00,975.9,5255.9,1627.2,5.09,7.31
CSV,460006,230000,32,0,32,16352,7316,4.474070e-01,0.000000e+00,984.1,4999.0,1749.9,4.56,7.06
CSV,465006,232500,32,0,32,16352,7316,4.474070e-01,0.000000e+00,965.6,4651.7,1683.9,4.41,6.83
CSV,470006,235000,32,0,32,16352,7316,4.474070e-01,0.000000e+00,909.4,4452.5,1567.0,4.54,6.90
BER: SYNC #33 (gated)
CSV,475006,237500,33,0,32,16748,7497,4.476355e-01,0.000000e+00,994.8,4201.5,1635.3,4.10,6.26
BER: END_SEQ #33 [SLIP] seq_err=239 BER_seq=4.6771e-01 | lock=0 slip=33 BER_cond=0.0000e+00 BER_cum=4.4802e-01
BER: SYNC #34 (gated)
CSV,480006,240000,34,0,33,17165,7694,4.482377e-01,0.000000e+00,1003.5,4136.8,1655.5,3.98,6.15
BER: END_SEQ #34 [SLIP] seq_err=253 BER_seq=4.9511e-01 | lock=0 slip=34 BER_cond=0.0000e+00 BER_cum=4.4941e-01
CSV,485006,242500,34,0,34,17374,7808,4.494072e-01,0.000000e+00,1004.3,4296.1,1665.5,4.12,6.31
CSV,490006,245000,34,0,34,17374,7808,4.494072e-01,0.000000e+00,967.8,4277.4,1676.8,4.07,6.45
CSV,495006,247500,34,0,34,17374,7808,4.494072e-01,0.000000e+00,938.1,4205.5,1656.0,4.05,6.52
CSV,500006,250000,34,0,34,17374,7808,4.494072e-01,0.000000e+00,918.7,4127.0,1653.3,3.97,6.52
CSV,505006,252500,34,0,34,17374,7808,4.494072e-01,0.000000e+00,894.5,3939.5,1590.8,3.94,6.44
CSV,510006,255000,34,0,34,17374,7808,4.494072e-01,0.000000e+00,883.1,3918.6,1606.0,3.87,6.47
CSV,515006,257500,34,0,34,17374,7808,4.494072e-01,0.000000e+00,871.5,3943.0,1527.3,4.12,6.56
CSV,520006,260000,34,0,34,17374,7808,4.494072e-01,0.000000e+00,906.6,3829.5,1538.0,3.96,6.26
CSV,525006,262500,34,0,34,17374,7808,4.494072e-01,0.000000e+00,886.3,4079.4,1652.3,3.93,6.63
CSV,530006,265000,34,0,34,17374,7808,4.494072e-01,0.000000e+00,935.2,3928.6,1646.2,3.78,6.23
CSV,535006,267500,34,0,34,17374,7808,4.494072e-01,0.000000e+00,887.8,3892.7,1578.0,3.92,6.42
CSV,540006,270000,34,0,34,17374,7808,4.494072e-01,0.000000e+00,932.4,3839.6,1612.4,3.77,6.15
CSV,545006,272500,34,0,34,17374,7808,4.494072e-01,0.000000e+00,920.7,3784.2,1698.6,3.48,6.14
CSV,550006,275000,34,0,34,17374,7808,4.494072e-01,0.000000e+00,914.7,3835.6,1575.8,3.86,6.23
CSV,555006,277500,34,0,34,17374,7808,4.494072e-01,0.000000e+00,915.1,3720.0,1713.8,3.37,6.09
CSV,560006,280000,34,0,34,17374,7808,4.494072e-01,0.000000e+00,910.3,3833.2,1583.0,3.84,6.24
CSV,565006,282500,34,0,34,17374,7808,4.494072e-01,0.000000e+00,929.5,3696.8,1641.5,3.53,6.00
CSV,570006,285000,34,0,34,17374,7808,4.494072e-01,0.000000e+00,905.4,3527.1,1665.5,3.26,5.91
CSV,575006,287500,34,0,34,17374,7808,4.494072e-01,0.000000e+00,911.0,3677.9,1669.5,3.43,6.06
CSV,580006,290000,34,0,34,17374,7808,4.494072e-01,0.000000e+00,900.0,3641.2,1686.2,3.34,6.07
CSV,585006,292500,34,0,34,17374,7808,4.494072e-01,0.000000e+00,900.6,3704.0,1563.8,3.74,6.14
CSV,590006,295000,34,0,34,17374,7808,4.494072e-01,0.000000e+00,934.1,3521.9,1629.9,3.35,5.76
CSV,595006,297500,34,0,34,17374,7808,4.494072e-01,0.000000e+00,897.8,3323.7,1594.4,3.19,5.68
CSV,600006,300000,34,0,34,17374,7808,4.494072e-01,0.000000e+00,893.2,3316.7,1707.6,2.88,5.70
CSV,605006,302500,34,0,34,17374,7808,4.494072e-01,0.000000e+00,864.6,3129.9,1555.3,3.04,5.59
CSV,610006,305000,34,0,34,17374,7808,4.494072e-01,0.000000e+00,950.9,3166.8,1611.1,2.93,5.22
CSV,615006,307500,34,0,34,17374,7808,4.494072e-01,0.000000e+00,889.6,3063.4,1635.6,2.73,5.37
CSV,620006,310000,34,0,34,17374,7808,4.494072e-01,0.000000e+00,908.6,3288.6,1633.5,3.04,5.59
CSV,625006,312500,34,0,34,17374,7808,4.494072e-01,0.000000e+00,926.8,3341.7,1734.1,2.85,5.57
CSV,630006,315000,34,0,34,17374,7808,4.494072e-01,0.000000e+00,884.2,3263.7,1651.8,2.96,5.67
CSV,635006,317500,34,0,34,17374,7808,4.494072e-01,0.000000e+00,928.8,3399.1,1698.5,3.01,5.63
CSV,640006,320000,34,0,34,17374,7808,4.494072e-01,0.000000e+00,892.8,3285.1,1540.2,3.29,5.66
CSV,645006,322500,34,0,34,17374,7808,4.494072e-01,0.000000e+00,908.5,3369.0,1615.1,3.19,5.69
CSV,650006,325000,34,0,34,17374,7808,4.494072e-01,0.000000e+00,906.9,3434.2,1505.4,3.58,5.78
CSV,655006,327500,34,0,34,17374,7808,4.494072e-01,0.000000e+00,883.9,3396.5,1612.7,3.23,5.85
CSV,660006,330000,34,0,34,17374,7808,4.494072e-01,0.000000e+00,878.4,3574.5,1537.0,3.67,6.10
CSV,665006,332500,34,0,34,17374,7808,4.494072e-01,0.000000e+00,909.3,3293.1,1584.3,3.18,5.59
CSV,670006,335000,34,0,34,17374,7808,4.494072e-01,0.000000e+00,882.2,3244.8,1570.1,3.15,5.66
CSV,675006,337500,34,0,34,17374,7808,4.494072e-01,0.000000e+00,890.4,3334.4,1553.2,3.32,5.73
CSV,680006,340000,34,0,34,17374,7808,4.494072e-01,0.000000e+00,887.6,3406.2,1622.1,3.22,5.84
CSV,685006,342500,34,0,34,17374,7808,4.494072e-01,0.000000e+00,898.8,3547.9,1625.9,3.39,5.96
CSV,690006,345000,34,0,34,17374,7808,4.494072e-01,0.000000e+00,886.5,3347.6,1692.7,2.96,5.77
CSV,695006,347500,34,0,34,17374,7808,4.494072e-01,0.000000e+00,905.5,3494.3,1559.4,3.50,5.86
CSV,700006,350000,34,0,34,17374,7808,4.494072e-01,0.000000e+00,917.9,3576.3,1514.1,3.73,5.91
CSV,705006,352500,34,0,34,17374,7808,4.494072e-01,0.000000e+00,912.8,3534.8,1726.0,3.11,5.88
CSV,710006,355000,34,0,34,17374,7808,4.494072e-01,0.000000e+00,895.3,3590.8,1616.2,3.47,6.03
CSV,715006,357500,34,0,34,17374,7808,4.494072e-01,0.000000e+00,850.1,3489.9,1654.4,3.24,6.13
CSV,720006,360000,34,0,34,17374,7808,4.494072e-01,0.000000e+00,879.4,3489.6,1616.1,3.34,5.99
CSV,725006,362500,34,0,34,17374,7808,4.494072e-01,0.000000e+00,873.0,3570.3,1643.9,3.37,6.12
CSV,730006,365000,34,0,34,17374,7808,4.494072e-01,0.000000e+00,862.9,3566.7,1528.7,3.68,6.16
CSV,735006,367500,34,0,34,17374,7808,4.494072e-01,0.000000e+00,901.0,3407.6,1622.0,3.22,5.78
CSV,740006,370000,34,0,34,17374,7808,4.494072e-01,0.000000e+00,865.8,3441.3,1524.7,3.54,5.99
BER: SYNC #35 (gated)
CSV,745006,372500,35,0,34,17706,7975,4.504123e-01,0.000000e+00,893.6,3573.2,1480.0,3.83,6.02
BER: END_SEQ #35 [SLIP] seq_err=269 BER_seq=5.2642e-01 | lock=0 slip=35 BER_cond=0.0000e+00 BER_cum=4.5161e-01
CSV,750006,375000,35,0,35,17885,8077,4.516075e-01,0.000000e+00,1000.3,3710.5,1650.0,3.52,5.69
CSV,755006,377500,35,0,35,17885,8077,4.516075e-01,0.000000e+00,906.8,3533.2,1568.0,3.53,5.91
CSV,760006,380000,35,0,35,17885,8077,4.516075e-01,0.000000e+00,904.5,3762.1,1635.2,3.62,6.19
CSV,765006,382500,35,0,35,17885,8077,4.516075e-01,0.000000e+00,950.7,3743.0,1616.2,3.65,5.95
CSV,770006,385000,35,0,35,17885,8077,4.516075e-01,0.000000e+00,930.0,3640.5,1716.0,3.27,5.93
CSV,775006,387500,35,0,35,17885,8077,4.516075e-01,0.000000e+00,914.2,3860.5,1546.5,3.97,6.26
CSV,780006,390000,35,0,35,17885,8077,4.516075e-01,0.000000e+00,945.0,4164.2,1663.9,3.98,6.44
CSV,785006,392500,35,0,35,17885,8077,4.516075e-01,0.000000e+00,912.0,4379.2,1706.2,4.09,6.81
CSV,790006,395000,35,0,35,17885,8077,4.516075e-01,0.000000e+00,958.7,4341.8,1578.8,4.39,6.56
CSV,795006,397500,35,0,35,17885,8077,4.516075e-01,0.000000e+00,948.2,4689.0,1624.2,4.60,6.94
CSV,800006,400000,35,0,35,17885,8077,4.516075e-01,0.000000e+00,877.6,4372.5,1672.3,4.17,6.97
BER: SYNC #36 (gated)
CSV,805006,402500,36,0,35,18323,8300,4.529826e-01,0.000000e+00,920.2,4367.5,1681.3,4.15,6.76
BER: END_SEQ #36 [SLIP] seq_err=259 BER_seq=5.0685e-01 | lock=0 slip=36 BER_cond=0.0000e+00 BER_cum=4.5314e-01
CSV,810006,405000,36,0,36,18396,8336,4.531420e-01,0.000000e+00,1014.1,4609.9,1674.8,4.40,6.58
CSV,815006,407500,36,0,36,18396,8336,4.531420e-01,0.000000e+00,954.8,4531.1,1616.1,4.48,6.76
BER: SYNC #37 (gated)
CSV,820006,410000,37,0,36,18592,8430,4.534208e-01,0.000000e+00,980.3,4586.0,1481.0,4.91,6.70
BER: END_SEQ #37 [SLIP] seq_err=228 BER_seq=4.4618e-01 | lock=0 slip=37 BER_cond=0.0000e+00 BER_cum=4.5295e-01
CSV,825006,412500,37,0,37,18907,8564,4.529539e-01,0.000000e+00,1038.1,5038.3,1657.4,4.83,6.86
CSV,830006,415000,37,0,37,18907,8564,4.529539e-01,0.000000e+00,976.6,4489.4,1655.9,4.33,6.62
CSV,835006,417500,37,0,37,18907,8564,4.529539e-01,0.000000e+00,927.3,4735.4,1662.5,4.55,7.08
CSV,840006,420000,37,0,37,18907,8564,4.529539e-01,0.000000e+00,964.4,4651.4,1566.8,4.73,6.83
CSV,845006,422500,37,0,37,18907,8564,4.529539e-01,0.000000e+00,938.2,4368.2,1681.4,4.15,6.68
CSV,850006,425000,37,0,37,18907,8564,4.529539e-01,0.000000e+00,912.9,4589.3,1596.8,4.58,7.01
CSV,855006,427500,37,0,37,18907,8564,4.529539e-01,0.000000e+00,950.6,4752.8,1636.3,4.63,6.99
CSV,860006,430000,37,0,37,18907,8564,4.529539e-01,0.000000e+00,927.4,4893.9,1594.0,4.87,7.22
CSV,865006,432500,37,0,37,18907,8564,4.529539e-01,0.000000e+00,965.2,4771.6,1613.5,4.71,6.94
CSV,870006,435000,37,0,37,18907,8564,4.529539e-01,0.000000e+00,980.5,4757.0,1604.1,4.72,6.86
CSV,875006,437500,37,0,37,18907,8564,4.529539e-01,0.000000e+00,964.8,4976.8,1667.3,4.75,7.13
CSV,880006,440000,37,0,37,18907,8564,4.529539e-01,0.000000e+00,946.1,4601.9,1602.9,4.58,6.87
CSV,885006,442500,37,0,37,18907,8564,4.529539e-01,0.000000e+00,886.7,4544.0,1604.2,4.52,7.10
CSV,890006,445000,37,0,37,18907,8564,4.529539e-01,0.000000e+00,941.0,4403.6,1650.1,4.26,6.70
CSV,895006,447500,37,0,37,18907,8564,4.529539e-01,0.000000e+00,937.0,4583.9,1599.9,4.57,6.89
CSV,900006,450000,37,0,37,18907,8564,4.529539e-01,0.000000e+00,865.5,4066.0,1626.3,3.98,6.72
CSV,905006,452500,37,0,37,18907,8564,4.529539e-01,0.000000e+00,907.2,4085.1,1633.8,3.98,6.54
BER: SYNC #38 (gated)
CSV,910006,455000,38,0,37,19265,8740,4.536725e-01,0.000000e+00,935.3,4133.3,1700.9,3.86,6.45
BER: END_SEQ #38 [SLIP] seq_err=263 BER_seq=5.1468e-01 | lock=0 slip=38 BER_cond=0.0000e+00 BER_cum=4.5458e-01
CSV,915006,457500,38,0,38,19418,8827,4.545782e-01,0.000000e+00,995.2,4179.6,1581.7,4.22,6.23
CSV,920006,460000,38,0,38,19418,8827,4.545782e-01,0.000000e+00,970.0,4038.7,1656.5,3.87,6.19
CSV,925006,462500,38,0,38,19418,8827,4.545782e-01,0.000000e+00,939.1,4382.8,1622.0,4.32,6.69
CSV,930006,465000,38,0,38,19418,8827,4.545782e-01,0.000000e+00,910.6,4000.3,1632.1,3.89,6.43
CSV,935006,467500,38,0,38,19418,8827,4.545782e-01,0.000000e+00,906.3,3866.8,1653.5,3.69,6.30
CSV,940006,470000,38,0,38,19418,8827,4.545782e-01,0.000000e+00,876.1,3804.3,1633.7,3.67,6.38
CSV,945006,472500,38,0,38,19418,8827,4.545782e-01,0.000000e+00,916.4,3930.3,1613.3,3.87,6.32
CSV,950006,475000,38,0,38,19418,8827,4.545782e-01,0.000000e+00,957.6,3828.5,1601.6,3.78,6.02
CSV,955006,477500,38,0,38,19418,8827,4.545782e-01,0.000000e+00,916.7,3915.3,1681.9,3.67,6.31
CSV,960006,480000,38,0,38,19418,8827,4.545782e-01,0.000000e+00,910.5,4204.5,1527.8,4.40,6.64
CSV,965006,482500,38,0,38,19418,8827,4.545782e-01,0.000000e+00,948.5,4376.7,1803.6,3.85,6.64
CSV,970006,485000,38,0,38,19418,8827,4.545782e-01,0.000000e+00,1074.3,3435.2,2070.2,2.20,5.05
CSV,975006,487500,38,0,38,19418,8827,4.545782e-01,0.000000e+00,898.4,3635.3,1561.0,3.67,6.07
CSV,980006,490000,38,0,38,19418,8827,4.545782e-01,0.000000e+00,879.9,3961.9,1666.3,3.76,6.53
CSV,985006,492500,38,0,38,19418,8827,4.545782e-01,0.000000e+00,902.9,3220.5,1588.9,3.07,5.52
CSV,990006,495000,38,0,38,19418,8827,4.545782e-01,0.000000e+00,894.8,4253.3,1607.8,4.22,6.77
CSV,995006,497500,38,0,38,19418,8827,4.545782e-01,0.000000e+00,928.1,4293.1,1657.0,4.13,6.65
CSV,1000006,500000,38,0,38,19418,8827,4.545782e-01,0.000000e+00,937.1,3062.5,1619.2,2.77,5.14
CSV,1005006,502500,38,0,38,19418,8827,4.545782e-01,0.000000e+00,933.8,3185.7,1662.0,2.83,5.33
CSV,1010006,505000,38,0,38,19418,8827,4.545782e-01,0.000000e+00,936.3,3024.8,1677.5,2.56,5.09
CSV,1015006,507500,38,0,38,19418,8827,4.545782e-01,0.000000e+00,932.9,3718.0,1572.9,3.74,6.00
CSV,1020006,510000,38,0,38,19418,8827,4.545782e-01,0.000000e+00,968.1,3625.6,1742.2,3.18,5.73
CSV,1025006,512500,38,0,38,19418,8827,4.545782e-01,0.000000e+00,957.9,3139.9,1856.3,2.28,5.16
CSV,1030006,515000,38,0,38,19418,8827,4.545782e-01,0.000000e+00,874.7,2978.9,1563.1,2.80,5.32
CSV,1035006,517500,38,0,38,19418,8827,4.545782e-01,0.000000e+00,1048.3,3030.5,1889.3,2.05,4.61
CSV,1040006,520000,38,0,38,19418,8827,4.545782e-01,0.000000e+00,1115.2,4705.1,2040.2,3.63,6.25
CSV,1045006,522500,38,0,38,19418,8827,4.545782e-01,0.000000e+00,941.9,4290.6,1737.4,3.93,6.59
BER: SYNC #39 (gated)
CSV,1050006,525000,39,0,38,19661,8922,4.537918e-01,0.000000e+00,879.7,4225.6,1554.3,4.34,6.82
BER: END_SEQ #39 [SLIP] seq_err=223 BER_seq=4.3640e-01 | lock=0 slip=39 BER_cond=0.0000e+00 BER_cum=4.5411e-01
CSV,1055006,527500,39,0,39,19929,9050,4.541121e-01,0.000000e+00,894.4,3970.6,1714.1,3.65,6.47
BER: SYNC #40 (gated)
CSV,1060006,530000,40,0,39,20000,9075,4.537500e-01,0.000000e+00,910.5,4367.9,1507.8,4.62,6.81
BER: END_SEQ #40 [SLIP] seq_err=256 BER_seq=5.0098e-01 | lock=0 slip=40 BER_cond=0.0000e+00 BER_cum=4.5528e-01
CSV,1065006,532500,40,0,40,20440,9306,4.552838e-01,0.000000e+00,948.4,5130.9,1619.9,5.01,7.33
CSV,1070006,535000,40,0,40,20440,9306,4.552838e-01,0.000000e+00,931.1,5011.5,1797.6,4.45,7.31
CSV,1075006,537500,40,0,40,20440,9306,4.552838e-01,0.000000e+00,876.5,3887.9,1642.7,3.74,6.47
CSV,1080006,540000,40,0,40,20440,9306,4.552838e-01,0.000000e+00,935.9,4543.5,1696.9,4.28,6.86
CSV,1085006,542500,40,0,40,20440,9306,4.552838e-01,0.000000e+00,899.5,4462.5,1511.6,4.70,6.96
CSV,1090006,545000,40,0,40,20440,9306,4.552838e-01,0.000000e+00,937.8,3110.9,1739.8,2.52,5.21
CSV,1095006,547500,40,0,40,20440,9306,4.552838e-01,0.000000e+00,917.9,3777.1,1589.5,3.76,6.14
CSV,1100006,550000,40,0,40,20440,9306,4.552838e-01,0.000000e+00,1027.9,3292.3,2139.8,1.87,5.06
CSV,1105006,552500,40,0,40,20440,9306,4.552838e-01,0.000000e+00,877.9,3929.8,1661.6,3.74,6.51
CSV,1110006,555000,40,0,40,20440,9306,4.552838e-01,0.000000e+00,872.7,4200.4,1477.6,4.54,6.82
CSV,1115006,557500,40,0,40,20440,9306,4.552838e-01,0.000000e+00,1219.3,4258.9,2543.2,2.24,5.43
CSV,1120006,560000,40,0,40,20440,9306,4.552838e-01,0.000000e+00,965.2,5617.8,1858.1,4.80,7.65
BER: SYNC #41 (gated)
CSV,1125006,562500,41,0,40,20539,9355,4.554749e-01,0.000000e+00,905.7,5608.3,1667.8,5.27,7.92
BER: END_SEQ #41 [SLIP] seq_err=246 BER_seq=4.8141e-01 | lock=0 slip=41 BER_cond=0.0000e+00 BER_cum=4.5592e-01
BER: SYNC #42 (gated)
CSV,1130006,565000,42,0,41,20965,9554,4.557119e-01,0.000000e+00,942.7,5413.1,1824.9,4.72,7.59
CSV,1135006,567500,42,0,41,21450,9792,4.565035e-01,0.000000e+00,895.1,5052.0,1652.2,4.85,7.52
BER: END_SEQ #42 [SLIP] seq_err=247 BER_seq=4.8337e-01 | lock=0 slip=42 BER_cond=0.0000e+00 BER_cum=4.5657e-01
CSV,1140006,570000,42,0,42,21462,9799,4.565744e-01,0.000000e+00,989.7,5131.2,1709.2,4.77,7.15
CSV,1145006,572500,42,0,42,21462,9799,4.565744e-01,0.000000e+00,893.5,5086.0,1688.7,4.79,7.55
CSV,1150006,575000,42,0,42,21462,9799,4.565744e-01,0.000000e+00,921.1,6594.6,1520.3,6.37,8.55
BER: SYNC #43 (gated)
CSV,1155006,577500,43,0,42,21619,9868,4.564503e-01,0.000000e+00,752.6,9071.0,1013.4,9.52,10.81
BER: END_SEQ #43 [SLIP] seq_err=255 BER_seq=4.9902e-01 | lock=0 slip=43 BER_cond=0.0000e+00 BER_cum=4.5756e-01
CSV,1160006,580000,43,0,43,21973,10054,4.575616e-01,0.000000e+00,759.8,11532.0,939.2,10.89,11.81
CSV,1165006,582500,43,0,43,21973,10054,4.575616e-01,0.000000e+00,736.8,9550.4,1053.2,9.58,11.13
CSV,1170006,585000,43,0,43,21973,10054,4.575616e-01,0.000000e+00,982.5,5291.1,1687.5,4.96,7.31
CSV,1175006,587500,43,0,43,21973,10054,4.575616e-01,0.000000e+00,920.3,5429.4,1663.5,5.14,7.71
CSV,1180006,590000,43,0,43,21973,10054,4.575616e-01,0.000000e+00,969.2,5558.6,1689.2,5.17,7.59
CSV,1185006,592500,43,0,43,21973,10054,4.575616e-01,0.000000e+00,930.8,5482.5,1728.1,5.01,7.70
CSV,1190006,595000,43,0,43,21973,10054,4.575616e-01,0.000000e+00,969.4,5528.2,1675.4,5.18,7.56
CSV,1195006,597500,43,0,43,21973,10054,4.575616e-01,0.000000e+00,875.7,4876.3,1645.4,4.72,7.46
CSV,1200006,600000,43,0,43,21973,10054,4.575616e-01,0.000000e+00,848.6,5149.4,1540.2,5.24,7.83
CSV,1205006,602500,43,0,43,21973,10054,4.575616e-01,0.000000e+00,683.5,8066.5,921.1,9.42,10.72
CSV,1210006,605000,43,0,43,21973,10054,4.575616e-01,0.000000e+00,656.1,8417.2,908.7,9.67,11.08
CSV,1215006,607500,43,0,43,21973,10054,4.575616e-01,0.000000e+00,678.8,7854.0,896.8,9.42,10.63
CSV,1220006,610000,43,0,43,21973,10054,4.575616e-01,0.000000e+00,651.4,7887.7,884.7,9.50,10.83
CSV,1225006,612500,43,0,43,21973,10054,4.575616e-01,0.000000e+00,698.9,8464.0,900.5,9.73,10.83
CSV,1230006,615000,43,0,43,21973,10054,4.575616e-01,0.000000e+00,709.5,8431.7,956.3,9.45,10.75
CSV,1235006,617500,43,0,43,21973,10054,4.575616e-01,0.000000e+00,700.8,8031.0,937.2,9.33,10.59
BER: SYNC #44 (gated)
CSV,1240006,620000,44,0,43,22394,10247,4.575779e-01,0.000000e+00,948.4,5419.2,1706.0,5.02,7.57
BER: END_SEQ #44 [SLIP] seq_err=234 BER_seq=4.5793e-01 | lock=0 slip=44 BER_cond=0.0000e+00 BER_cum=4.5757e-01
BER: SYNC #45 (gated)
CSV,1245006,622500,45,0,44,22818,10408,4.561311e-01,0.000000e+00,1021.5,5446.2,1732.3,4.97,7.27
BER: END_SEQ #45 [SLIP] seq_err=210 BER_seq=4.1096e-01 | lock=0 slip=45 BER_cond=0.0000e+00 BER_cum=4.5653e-01
BER: SYNC #46 (gated)
CSV,1250006,625000,46,0,45,23238,10618,4.569240e-01,0.000000e+00,947.6,5406.2,1730.5,4.95,7.56
BER: END_SEQ #46 [SLIP] seq_err=265 BER_seq=5.1859e-01 | lock=0 slip=46 BER_cond=0.0000e+00 BER_cum=4.5788e-01
CSV,1255006,627500,46,0,46,23506,10763,4.578831e-01,0.000000e+00,1056.5,5536.9,1898.4,4.65,7.19
BER: SYNC #47 (gated)
CSV,1260006,630000,47,0,46,23576,10780,4.572447e-01,0.000000e+00,956.9,5767.9,1699.5,5.31,7.80
BER: END_SEQ #47 [SLIP] seq_err=229 BER_seq=4.4814e-01 | lock=0 slip=47 BER_cond=0.0000e+00 BER_cum=4.5768e-01
CSV,1265006,632500,47,0,47,24017,10992,4.576758e-01,0.000000e+00,1008.0,5327.7,1744.1,4.85,7.23
CSV,1270006,635000,47,0,47,24017,10992,4.576758e-01,0.000000e+00,917.9,5160.5,1657.5,4.93,7.50
CSV,1275006,637500,47,0,47,24017,10992,4.576758e-01,0.000000e+00,942.0,4972.9,1711.4,4.63,7.23
BER: SYNC #48 (gated)
CSV,1280006,640000,48,0,47,24320,11140,4.580592e-01,0.000000e+00,906.1,5115.0,1603.4,5.04,7.52
BER: END_SEQ #48 [SLIP] seq_err=240 BER_seq=4.6967e-01 | lock=0 slip=48 BER_cond=0.0000e+00 BER_cum=4.5793e-01
CSV,1285006,642500,48,0,48,24528,11232,4.579256e-01,0.000000e+00,1005.2,5071.8,1750.8,4.62,7.03
CSV,1290006,645000,48,0,48,24528,11232,4.579256e-01,0.000000e+00,902.2,5451.7,1607.2,5.30,7.81
CSV,1295006,647500,48,0,48,24528,11232,4.579256e-01,0.000000e+00,928.2,5290.4,1610.4,5.17,7.56
CSV,1300006,650000,48,0,48,24528,11232,4.579256e-01,0.000000e+00,949.0,5298.9,1759.9,4.79,7.47
CSV,1305006,652500,48,0,48,24528,11232,4.579256e-01,0.000000e+00,976.3,5321.3,1631.7,5.13,7.36
CSV,1310006,655000,48,0,48,24528,11232,4.579256e-01,0.000000e+00,948.3,5488.0,1708.0,5.07,7.62
CSV,1315006,657500,48,0,48,24528,11232,4.579256e-01,0.000000e+00,933.7,5273.8,1657.6,5.03,7.52
CSV,1320006,660000,48,0,48,24528,11232,4.579256e-01,0.000000e+00,908.4,5555.9,1696.5,5.15,7.86
CSV,1325006,662500,48,0,48,24528,11232,4.579256e-01,0.000000e+00,905.9,5561.5,1710.3,5.12,7.88
CSV,1330006,665000,48,0,48,24528,11232,4.579256e-01,0.000000e+00,954.4,5464.5,1666.5,5.16,7.58
CSV,1335006,667500,48,0,48,24528,11232,4.579256e-01,0.000000e+00,931.1,5349.8,1640.2,5.13,7.59
CSV,1340006,670000,48,0,48,24528,11232,4.579256e-01,0.000000e+00,958.9,5537.6,1662.6,5.23,7.62
CSV,1345006,672500,48,0,48,24528,11232,4.579256e-01,0.000000e+00,960.8,5430.3,1671.2,5.12,7.52
CSV,1350006,675000,48,0,48,24528,11232,4.579256e-01,0.000000e+00,921.6,5526.6,1659.5,5.22,7.78
CSV,1355006,677500,48,0,48,24528,11232,4.579256e-01,0.000000e+00,952.2,5326.7,1685.4,5.00,7.48
BER: SYNC #49 (gated)
CSV,1360006,680000,49,0,48,24595,11267,4.581012e-01,0.000000e+00,943.0,5795.5,1689.8,5.35,7.89
BER: END_SEQ #49 [SLIP] seq_err=263 BER_seq=5.1468e-01 | lock=0 slip=49 BER_cond=0.0000e+00 BER_cum=4.5908e-01
CSV,1365006,682500,49,0,49,25039,11495,4.590838e-01,0.000000e+00,1022.2,5349.7,1648.3,5.11,7.19
CSV,1370006,685000,49,0,49,25039,11495,4.590838e-01,0.000000e+00,965.6,5241.5,1725.4,4.83,7.35
CSV,1375006,687500,49,0,49,25039,11495,4.590838e-01,0.000000e+00,938.6,5528.7,1627.0,5.31,7.70
CSV,1380006,690000,49,0,49,25039,11495,4.590838e-01,0.000000e+00,931.9,5408.3,1681.4,5.07,7.64
CSV,1385006,692500,49,0,49,25039,11495,4.590838e-01,0.000000e+00,907.6,5757.9,1610.6,5.53,8.02
CSV,1390006,695000,49,0,49,25039,11495,4.590838e-01,0.000000e+00,924.3,5470.2,1721.3,5.02,7.72
BER: SYNC #50 (gated)
CSV,1395006,697500,50,0,49,25082,11514,4.590543e-01,0.000000e+00,969.9,5282.9,1670.2,5.00,7.36
BER: END_SEQ #50 [SLIP] seq_err=216 BER_seq=4.2270e-01 | lock=0 slip=50 BER_cond=0.0000e+00 BER_cum=4.5836e-01
CSV,1400006,700000,50,0,50,25550,11711,4.583562e-01,0.000000e+00,960.6,5403.5,1774.4,4.84,7.50
CSV,1405006,702500,50,0,50,25550,11711,4.583562e-01,0.000000e+00,885.4,5208.6,1677.5,4.92,7.70
CSV,1410006,705000,50,0,50,25550,11711,4.583562e-01,0.000000e+00,930.7,5297.5,1687.7,4.97,7.55
CSV,1415006,707500,50,0,50,25550,11711,4.583562e-01,0.000000e+00,956.0,5349.1,1699.6,4.98,7.48
CSV,1420006,710000,50,0,50,25550,11711,4.583562e-01,0.000000e+00,946.3,5249.2,1713.8,4.86,7.44
BER: SYNC #51 (gated)
CSV,1425006,712500,51,0,50,25647,11761,4.585721e-01,0.000000e+00,941.2,5699.4,1713.7,5.22,7.82
BER: END_SEQ #51 [SLIP] seq_err=267 BER_seq=5.2250e-01 | lock=0 slip=51 BER_cond=0.0000e+00 BER_cum=4.5961e-01
CSV,1430006,715000,51,0,51,26061,11978,4.596140e-01,0.000000e+00,957.0,5476.9,1624.9,5.28,7.58
CSV,1435006,717500,51,0,51,26061,11978,4.596140e-01,0.000000e+00,892.6,5362.7,1621.7,5.19,7.79
CSV,1440006,720000,51,0,51,26061,11978,4.596140e-01,0.000000e+00,873.6,5243.8,1670.5,4.97,7.78
BER: SYNC #52 (gated)
CSV,1445006,722500,52,0,51,26387,12136,4.599234e-01,0.000000e+00,940.6,5492.1,1688.9,5.12,7.66
BER: END_SEQ #52 [SLIP] seq_err=242 BER_seq=4.7358e-01 | lock=0 slip=52 BER_cond=0.0000e+00 BER_cum=4.5988e-01
CSV,1450006,725000,52,0,52,26572,12220,4.598826e-01,0.000000e+00,1000.9,5267.0,1709.0,4.89,7.21
CSV,1455006,727500,52,0,52,26572,12220,4.598826e-01,0.000000e+00,926.2,5514.3,1677.8,5.17,7.75
CSV,1460006,730000,52,0,52,26572,12220,4.598826e-01,0.000000e+00,909.9,5650.8,1702.3,5.21,7.93
CSV,1465006,732500,52,0,52,26572,12220,4.598826e-01,0.000000e+00,950.3,5325.0,1634.0,5.13,7.48
CSV,1470006,735000,52,0,52,26572,12220,4.598826e-01,0.000000e+00,913.9,5378.5,1636.3,5.17,7.70
CSV,1475006,737500,52,0,52,26572,12220,4.598826e-01,0.000000e+00,894.9,5563.6,1535.9,5.59,7.94
CSV,1480006,740000,52,0,52,26572,12220,4.598826e-01,0.000000e+00,941.1,5224.8,1638.0,5.04,7.44
CSV,1485006,742500,52,0,52,26572,12220,4.598826e-01,0.000000e+00,915.2,5532.1,1635.2,5.29,7.81
BER: SYNC #53 (gated)
CSV,1490006,745000,53,0,52,26698,12285,4.601468e-01,0.000000e+00,928.5,5401.7,1686.5,5.06,7.65
BER: END_SEQ #53 [SLIP] seq_err=257 BER_seq=5.0294e-01 | lock=0 slip=53 BER_cond=0.0000e+00 BER_cum=4.6069e-01
CSV,1495006,747500,53,0,53,27083,12477,4.606949e-01,0.000000e+00,994.0,5398.0,1680.3,5.07,7.35
CSV,1500006,750000,53,0,53,27083,12477,4.606949e-01,0.000000e+00,907.9,5229.7,1588.3,5.18,7.60
CSV,1505006,752500,53,0,53,27083,12477,4.606949e-01,0.000000e+00,898.1,5139.4,1626.8,5.00,7.58

=========================================
=== END OF TEST (duration=25 min) ===
=========================================
FINAL: syncs=53 lock=0 slip=53 slip_rate=1.0000
FINAL: bits_cum=27083 err_cum=12477 BER_cum=4.6069e-01
FINAL: bits_lock=0 err_lock=0 BER_cond=0.0000e+00
=========================================
=== STOP LOGGING NOW ===
=========================================
