

=== RX BOOT - BER TEST MODE ===
BPS_MODE=40 (HALF_SAMPLES=1000, 5000 samples/bit @ 200000 Hz)
Expect: 64-bit preamble + Barker13 (1F35h, gated by 8 preamble bits = 0x55) + 511-bit PRBS-9
Noise floor band: 5000 Hz; lock threshold: BER<0.10
Auto-stop: test will halt 25 min after the first sync.
RX: edge-tracking sync, center-3 voting
Starting decoder...

BER: SYNC #1 (gated)
CSV,5007,1000,1,0,0,171,0,0.000000e+00,0.000000e+00,53363.4,93568.6,6697.3,11.45,2.44
CSV,10007,2000,1,0,0,371,0,0.000000e+00,0.000000e+00,46178.3,88851.1,6873.6,11.11,2.84
BER: END_SEQ #1 [LOCK] seq_err=10 BER_seq=1.9569e-02 | lock=1 slip=0 BER_cond=1.9569e-02 BER_cum=1.9569e-02
CSV,15007,3000,1,1,0,511,10,1.956947e-02,1.956947e-02,45805.1,84968.0,7920.0,10.31,2.68
BER: SYNC #2 (gated)
CSV,20007,4000,2,1,0,693,10,1.443001e-02,1.956947e-02,50735.7,80527.6,7250.8,10.46,2.01
CSV,25007,5000,2,1,0,893,10,1.119821e-02,1.956947e-02,45859.1,87716.1,7181.8,10.87,2.82
BER: END_SEQ #2 [SLIP] seq_err=60 BER_seq=1.1742e-01 | lock=1 slip=1 BER_cond=1.9569e-02 BER_cum=6.8493e-02
CSV,30007,6000,2,1,1,1022,70,6.849315e-02,1.956947e-02,49026.9,102472.0,7495.8,11.36,3.20
BER: SYNC #3 (gated)
CSV,35007,7000,3,1,1,1216,70,5.756579e-02,1.956947e-02,62023.6,117807.3,4123.7,14.56,2.79
CSV,40007,8000,3,1,1,1416,70,4.943503e-02,1.956947e-02,56098.1,132964.4,3944.3,15.28,3.75
BER: END_SEQ #3 [LOCK] seq_err=0 BER_seq=0.0000e+00 | lock=2 slip=1 BER_cond=9.7847e-03 BER_cum=4.5662e-02
BER: SYNC #4 (gated)
CSV,45007,9000,4,2,1,1539,70,4.548408e-02,9.784736e-03,52555.9,136883.4,3674.1,15.71,4.16
CSV,50007,10000,4,2,1,1739,70,4.025302e-02,9.784736e-03,62691.2,118123.5,3777.7,14.95,2.75
CSV,55007,11000,4,2,1,1939,70,3.610108e-02,9.784736e-03,54723.5,134974.0,4023.6,15.26,3.92
BER: END_SEQ #4 [LOCK] seq_err=0 BER_seq=0.0000e+00 | lock=3 slip=1 BER_cond=6.5232e-03 BER_cum=3.4247e-02
BER: SYNC #5 (gated)
CSV,60007,12000,5,3,1,2062,70,3.394762e-02,6.523157e-03,55196.8,137119.0,3727.7,15.66,3.95
CSV,65007,13000,5,3,1,2260,102,4.513275e-02,6.523157e-03,57264.8,101728.9,5079.6,13.02,2.50
CSV,70007,14000,5,3,1,2460,206,8.373984e-02,6.523157e-03,46433.3,84240.9,7359.2,10.59,2.59
BER: END_SEQ #5 [SLIP] seq_err=180 BER_seq=3.5225e-01 | lock=3 slip=2 BER_cond=6.5232e-03 BER_cum=9.7847e-02
BER: SYNC #6 (gated)
CSV,75007,15000,6,3,2,2584,250,9.674922e-02,6.523157e-03,41894.9,90034.6,7505.4,10.79,3.32
CSV,80007,16000,6,3,2,2784,250,8.979885e-02,6.523157e-03,49657.1,76893.9,7791.4,9.94,1.90
CSV,85007,17000,6,3,2,2982,276,9.255533e-02,6.523157e-03,46071.5,84195.3,7298.0,10.62,2.62
BER: END_SEQ #6 [SLIP] seq_err=67 BER_seq=1.3112e-01 | lock=3 slip=3 BER_cond=6.5232e-03 BER_cum=1.0339e-01
BER: SYNC #7 (gated)
CSV,90007,18000,7,3,3,3107,317,1.020277e-01,6.523157e-03,44998.2,87765.6,7523.9,10.67,2.90
CSV,95007,19000,7,3,3,3307,317,9.585727e-02,6.523157e-03,47594.1,77373.8,7344.7,10.23,2.11
CSV,100007,20000,7,3,3,3507,317,9.039064e-02,6.523157e-03,45621.2,87973.0,7388.3,10.76,2.85
BER: END_SEQ #7 [LOCK] seq_err=0 BER_seq=0.0000e+00 | lock=4 slip=3 BER_cond=4.8924e-03 BER_cum=8.8622e-02
BER: SYNC #8 (gated)
CSV,105007,21000,8,4,3,3630,317,8.732782e-02,4.892368e-03,45000.7,84258.5,8063.1,10.19,2.72
CSV,110007,22000,8,4,3,3829,372,9.715331e-02,4.892368e-03,51088.2,79104.5,7169.9,10.43,1.90
CSV,115007,23000,8,4,3,4029,477,1.183917e-01,4.892368e-03,45900.7,85855.0,7040.3,10.86,2.72
BER: END_SEQ #8 [SLIP] seq_err=183 BER_seq=3.5812e-01 | lock=4 slip=4 BER_cond=4.8924e-03 BER_cum=1.2231e-01
BER: SYNC #9 (gated)
CSV,120007,24000,9,4,4,4152,500,1.204239e-01,4.892368e-03,44376.2,88953.5,7181.3,10.93,3.02
CSV,125007,25000,9,4,4,4352,500,1.148897e-01,4.892368e-03,51478.0,74702.2,7391.9,10.05,1.62
CSV,130007,26000,9,4,4,4552,500,1.098418e-01,4.892368e-03,44615.9,87673.5,7307.2,10.79,2.93
BER: END_SEQ #9 [LOCK] seq_err=0 BER_seq=0.0000e+00 | lock=5 slip=4 BER_cond=3.9139e-03 BER_cum=1.0872e-01
BER: SYNC #10 (gated)
CSV,135007,27000,10,5,4,4675,500,1.069519e-01,3.913894e-03,42350.2,87159.2,6789.9,11.08,3.13
CSV,140007,28000,10,5,4,4875,500,1.025641e-01,3.913894e-03,50933.4,73742.3,7439.7,9.96,1.61
CSV,145007,29000,10,5,4,5075,500,9.852216e-02,3.913894e-03,42766.5,87237.6,6974.5,10.97,3.10
BER: END_SEQ #10 [LOCK] seq_err=0 BER_seq=0.0000e+00 | lock=6 slip=4 BER_cond=3.2616e-03 BER_cum=9.7847e-02
BER: SYNC #11 (gated)
CSV,150007,30000,11,6,4,5198,500,9.619084e-02,3.261579e-03,41872.0,85004.1,6582.9,11.11,3.08
CSV,155007,31000,11,6,4,5398,500,9.262690e-02,3.261579e-03,49030.6,75169.5,7081.4,10.26,1.86
CSV,160007,32000,11,6,4,5598,500,8.931761e-02,3.261579e-03,43951.9,83152.7,7526.6,10.43,2.77
BER: END_SEQ #11 [LOCK] seq_err=0 BER_seq=0.0000e+00 | lock=7 slip=4 BER_cond=2.7956e-03 BER_cum=8.8952e-02
CSV,165007,33000,11,7,4,5621,500,8.895215e-02,2.795639e-03,42295.3,83687.7,7045.1,10.75,2.96
CSV,170007,34000,11,7,4,5621,500,8.895215e-02,2.795639e-03,47687.4,72043.9,6934.0,10.17,1.79
CSV,175007,35000,11,7,4,5621,500,8.895215e-02,2.795639e-03,41438.6,83480.3,6987.1,10.77,3.04
BER: SYNC #12 (gated)
CSV,180007,36000,12,7,4,5731,511,8.916420e-02,2.795639e-03,41840.4,82003.8,7032.3,10.67,2.92
CSV,185007,37000,12,7,4,5931,614,1.035239e-01,2.795639e-03,47654.9,74434.6,6993.7,10.27,1.94
CSV,190007,38000,12,7,4,6131,712,1.161311e-01,2.795639e-03,39852.8,85565.4,7220.6,10.74,3.32
BER: END_SEQ #12 [SLIP] seq_err=213 BER_seq=4.1683e-01 | lock=7 slip=5 BER_cond=2.7956e-03 BER_cum=1.1628e-01
BER: SYNC #13 (gated)
CSV,195007,39000,13,7,5,6255,713,1.139888e-01,2.795639e-03,44563.3,78406.5,7073.0,10.45,2.45
CSV,200007,40000,13,7,5,6453,788,1.221137e-01,2.795639e-03,45765.2,74966.7,6928.2,10.34,2.14
BER: END_SEQ #13 [SLIP] seq_err=160 BER_seq=3.1311e-01 | lock=7 slip=6 BER_cond=2.7956e-03 BER_cum=1.3142e-01
CSV,205007,41000,13,7,6,6643,873,1.314165e-01,2.795639e-03,41325.2,83694.8,7237.7,10.63,3.06
BER: SYNC #14 (gated)
CSV,210007,42000,14,7,6,6778,873,1.287991e-01,2.795639e-03,44824.3,76400.2,6857.1,10.47,2.32
CSV,215007,43000,14,7,6,6976,977,1.400516e-01,2.795639e-03,42668.7,82494.8,7019.4,10.70,2.86
BER: END_SEQ #14 [SLIP] seq_err=184 BER_seq=3.6008e-01 | lock=7 slip=7 BER_cond=2.7956e-03 BER_cum=1.4775e-01
CSV,220007,44000,14,7,7,7154,1057,1.477495e-01,2.795639e-03,41226.8,84597.1,7067.7,10.78,3.12
BER: SYNC #15 (gated)
CSV,225007,45000,15,7,7,7300,1057,1.447945e-01,2.795639e-03,46763.9,76243.1,6970.6,10.39,2.12
CSV,230007,46000,15,7,7,7500,1057,1.409333e-01,2.795639e-03,42144.8,85826.4,6830.3,10.99,3.09
BER: END_SEQ #15 [SLIP] seq_err=78 BER_seq=1.5264e-01 | lock=7 slip=8 BER_cond=2.7956e-03 BER_cum=1.4808e-01
CSV,235007,47000,15,7,8,7665,1135,1.480757e-01,2.795639e-03,42386.6,84914.6,7408.1,10.59,3.02
BER: SYNC #16 (gated)
CSV,240007,48000,16,7,8,7823,1135,1.450850e-01,2.795639e-03,47192.1,75364.4,6928.5,10.37,2.03
CSV,245007,49000,16,7,8,8022,1143,1.424832e-01,2.795639e-03,45034.8,82914.8,6693.1,10.93,2.65
BER: END_SEQ #16 [SLIP] seq_err=84 BER_seq=1.6438e-01 | lock=7 slip=9 BER_cond=2.7956e-03 BER_cum=1.4909e-01
CSV,250007,50000,16,7,9,8176,1219,1.490949e-01,2.795639e-03,45137.9,84529.0,7048.6,10.79,2.72
BER: SYNC #17 (gated)
CSV,255007,51000,17,7,9,8346,1219,1.460580e-01,2.795639e-03,53309.8,84233.0,9367.3,9.54,1.99
CSV,260007,52000,17,7,9,8546,1219,1.426398e-01,2.795639e-03,52942.7,111180.3,6730.5,12.18,3.22
BER: END_SEQ #17 [LOCK] seq_err=34 BER_seq=6.6536e-02 | lock=8 slip=9 BER_cond=1.0763e-02 BER_cum=1.4424e-01
CSV,265007,53000,17,8,9,8687,1253,1.442385e-01,1.076321e-02,47860.7,96646.1,7715.4,10.98,3.05
BER: SYNC #18 (gated)
CSV,270007,54000,18,8,9,8868,1253,1.412945e-01,1.076321e-02,51546.3,85493.1,6853.4,10.96,2.20
CSV,275007,55000,18,8,9,9067,1325,1.461343e-01,1.076321e-02,46746.1,87899.9,7419.9,10.74,2.74
BER: END_SEQ #18 [SLIP] seq_err=133 BER_seq=2.6027e-01 | lock=8 slip=10 BER_cond=1.0763e-02 BER_cum=1.5068e-01
CSV,280007,56000,18,8,10,9198,1386,1.506849e-01,1.076321e-02,46871.2,88676.0,7638.3,10.65,2.77
BER: SYNC #19 (gated)
CSV,285007,57000,19,8,10,9391,1386,1.475881e-01,1.076321e-02,53686.3,78883.1,7126.6,10.44,1.67
CSV,290007,58000,19,8,10,9591,1386,1.445105e-01,1.076321e-02,47290.5,88712.7,6694.5,11.22,2.73
BER: END_SEQ #19 [LOCK] seq_err=0 BER_seq=0.0000e+00 | lock=9 slip=10 BER_cond=9.5673e-03 BER_cum=1.4275e-01
BER: SYNC #20 (gated)
CSV,295007,59000,20,9,10,9714,1386,1.426807e-01,9.567297e-03,48173.6,88505.7,6807.2,11.14,2.64
CSV,300007,60000,20,9,10,9914,1386,1.398023e-01,9.567297e-03,54235.8,80601.9,7260.4,10.45,1.72
CSV,305007,61000,20,9,10,10114,1386,1.370378e-01,9.567297e-03,52657.6,104159.9,7003.0,11.72,2.96
BER: END_SEQ #20 [LOCK] seq_err=0 BER_seq=0.0000e+00 | lock=10 slip=10 BER_cond=8.6106e-03 BER_cum=1.3562e-01
BER: SYNC #21 (gated)
CSV,310007,62000,21,10,10,10237,1386,1.353912e-01,8.610567e-03,55809.7,132105.0,4202.3,14.97,3.74
CSV,315007,63000,21,10,10,10437,1386,1.327968e-01,8.610567e-03,68063.1,118288.6,3915.5,14.80,2.40
CSV,320007,64000,21,10,10,10636,1386,1.303121e-01,8.610567e-03,58697.6,114845.4,5166.0,13.47,2.91
BER: END_SEQ #21 [LOCK] seq_err=0 BER_seq=0.0000e+00 | lock=11 slip=10 BER_cond=7.8278e-03 BER_cum=1.2916e-01
BER: SYNC #22 (gated)
CSV,325007,65000,22,11,10,10759,1386,1.288224e-01,7.827789e-03,49361.0,94256.9,7717.4,10.87,2.81
CSV,330007,66000,22,11,10,10959,1386,1.264714e-01,7.827789e-03,56834.9,83066.6,7241.3,10.60,1.65
CSV,335007,67000,22,11,10,11159,1386,1.242047e-01,7.827789e-03,56269.7,96522.3,7052.6,11.36,2.34
BER: END_SEQ #22 [LOCK] seq_err=0 BER_seq=0.0000e+00 | lock=12 slip=10 BER_cond=7.1755e-03 BER_cum=1.2329e-01
BER: SYNC #23 (gated)
CSV,340007,68000,23,12,10,11282,1386,1.228506e-01,7.175473e-03,60062.9,135050.7,3471.3,15.90,3.52
CSV,345007,69000,23,12,10,11482,1386,1.207107e-01,7.175473e-03,67731.0,122242.7,3755.4,15.13,2.56
CSV,350007,70000,23,12,10,11682,1386,1.186441e-01,7.175473e-03,59489.5,132367.9,6402.6,13.15,3.47
BER: END_SEQ #23 [LOCK] seq_err=0 BER_seq=0.0000e+00 | lock=13 slip=10 BER_cond=6.6235e-03 BER_cum=1.1793e-01
BER: SYNC #24 (gated)
CSV,355007,71000,24,13,10,11805,1386,1.174079e-01,6.623514e-03,63158.7,138081.5,3836.4,15.56,3.40
CSV,360007,72000,24,13,10,12005,1386,1.154519e-01,6.623514e-03,69201.9,126299.8,3523.2,15.54,2.61
CSV,365007,73000,24,13,10,12205,1386,1.135600e-01,6.623514e-03,65611.5,137611.0,2923.8,16.73,3.22
BER: END_SEQ #24 [LOCK] seq_err=0 BER_seq=0.0000e+00 | lock=14 slip=10 BER_cond=6.1504e-03 BER_cum=1.1301e-01
BER: SYNC #25 (gated)
CSV,370007,74000,25,14,10,12328,1386,1.124270e-01,6.150405e-03,60195.9,148515.2,3263.7,16.58,3.92
CSV,375007,75000,25,14,10,12527,1386,1.106410e-01,6.150405e-03,73731.0,128747.2,3034.6,16.28,2.42
CSV,380007,76000,25,14,10,12727,1386,1.089023e-01,6.150405e-03,66250.2,140086.7,3366.3,16.19,3.25
BER: END_SEQ #25 [LOCK] seq_err=0 BER_seq=0.0000e+00 | lock=15 slip=10 BER_cond=5.7404e-03 BER_cum=1.0849e-01
BER: SYNC #26 (gated)
CSV,385007,77000,26,15,10,12850,1386,1.078599e-01,5.740379e-03,64521.7,150263.7,3600.0,16.21,3.67
CSV,390007,78000,26,15,10,13050,1386,1.062069e-01,5.740379e-03,76913.6,127806.1,3062.6,16.20,2.21
CSV,395007,79000,26,15,10,13250,1386,1.046038e-01,5.740379e-03,65326.6,143572.5,4084.7,15.46,3.42
BER: END_SEQ #26 [LOCK] seq_err=0 BER_seq=0.0000e+00 | lock=16 slip=10 BER_cond=5.3816e-03 BER_cum=1.0432e-01
BER: SYNC #27 (gated)
CSV,400007,80000,27,16,10,13373,1386,1.036417e-01,5.381605e-03,54470.0,100883.5,7698.5,11.17,2.68
CSV,405007,81000,27,16,10,13573,1386,1.021145e-01,5.381605e-03,63850.9,88382.9,7567.7,10.67,1.41
CSV,410007,82000,27,16,10,13773,1386,1.006317e-01,5.381605e-03,55234.7,97273.4,7566.2,11.09,2.46
BER: END_SEQ #27 [LOCK] seq_err=0 BER_seq=0.0000e+00 | lock=17 slip=10 BER_cond=5.0650e-03 BER_cum=1.0046e-01
BER: SYNC #28 (gated)
CSV,415007,83000,28,17,10,13896,1386,9.974093e-02,5.065040e-03,53092.2,100188.8,7512.1,11.25,2.76
CSV,420007,84000,28,17,10,14095,1386,9.833274e-02,5.065040e-03,62577.5,88101.8,7364.5,10.78,1.49
CSV,425007,85000,28,17,10,14295,1386,9.695698e-02,5.065040e-03,56342.5,99737.0,7620.4,11.17,2.48
BER: END_SEQ #28 [LOCK] seq_err=0 BER_seq=0.0000e+00 | lock=18 slip=10 BER_cond=4.7836e-03 BER_cum=9.6869e-02
BER: SYNC #29 (gated)
CSV,430007,86000,29,18,10,14418,1386,9.612983e-02,4.783649e-03,60155.1,120792.6,7353.1,12.16,3.03
CSV,435007,87000,29,18,10,14618,1386,9.481461e-02,4.783649e-03,71816.7,121144.9,6358.1,12.80,2.27
CSV,440007,88000,29,18,10,14818,1386,9.353489e-02,4.783649e-03,54532.2,101931.5,7512.8,11.33,2.72
BER: END_SEQ #29 [LOCK] seq_err=0 BER_seq=0.0000e+00 | lock=19 slip=10 BER_cond=4.5319e-03 BER_cum=9.3529e-02
BER: SYNC #30 (gated)
CSV,445007,89000,30,19,10,14941,1386,9.276488e-02,4.531878e-03,59187.7,94581.6,7294.6,11.13,2.04
CSV,450007,90000,30,19,10,15140,1386,9.154557e-02,4.531878e-03,62150.4,91529.2,7578.7,10.82,1.68
BER: END_SEQ #30 [SLIP] seq_err=94 BER_seq=1.8395e-01 | lock=19 slip=11 BER_cond=4.5319e-03 BER_cum=9.6543e-02
CSV,455007,91000,30,19,11,15330,1480,9.654272e-02,4.531878e-03,56259.5,104199.9,7704.6,11.31,2.68
BER: SYNC #31 (gated)
CSV,460007,92000,31,19,11,15464,1480,9.570616e-02,4.531878e-03,62539.3,90141.8,7968.7,10.54,1.59
CSV,465007,93000,31,19,11,15664,1480,9.448417e-02,4.531878e-03,58996.0,98795.7,7917.9,10.96,2.24
BER: END_SEQ #31 [LOCK] seq_err=0 BER_seq=0.0000e+00 | lock=20 slip=11 BER_cond=4.3053e-03 BER_cum=9.3428e-02
CSV,470007,94000,31,20,11,15841,1480,9.342845e-02,4.305284e-03,60410.5,100869.1,7474.6,11.30,2.23
BER: SYNC #32 (gated)
CSV,475007,95000,32,20,11,15986,1480,9.258101e-02,4.305284e-03,65768.9,94503.1,7324.9,11.11,1.57
CSV,480007,96000,32,20,11,16185,1490,9.206055e-02,4.305284e-03,61458.6,102053.4,7818.9,11.16,2.20
BER: END_SEQ #32 [SLIP] seq_err=93 BER_seq=1.8200e-01 | lock=20 slip=12 BER_cond=4.3053e-03 BER_cum=9.6196e-02
CSV,485007,97000,32,20,12,16352,1573,9.619618e-02,4.305284e-03,59950.6,103858.7,7049.9,11.68,2.39
BER: SYNC #33 (gated)
CSV,490007,98000,33,20,12,16509,1573,9.528136e-02,4.305284e-03,68284.0,95364.9,7333.4,11.14,1.45
CSV,495007,99000,33,20,12,16709,1573,9.414088e-02,4.305284e-03,60188.9,105231.5,7653.8,11.38,2.43
BER: END_SEQ #33 [LOCK] seq_err=0 BER_seq=0.0000e+00 | lock=21 slip=12 BER_cond=4.1003e-03 BER_cum=9.3281e-02
CSV,500007,100000,33,21,12,16863,1573,9.328115e-02,4.100270e-03,61694.7,101541.4,7405.7,11.37,2.16
BER: SYNC #34 (gated)
CSV,505007,101000,34,21,12,17032,1573,9.235556e-02,4.100270e-03,67010.1,94288.4,7431.6,11.03,1.48
CSV,510007,102000,34,21,12,17232,1573,9.128366e-02,4.100270e-03,62651.6,100650.0,7475.5,11.29,2.06
BER: END_SEQ #34 [LOCK] seq_err=0 BER_seq=0.0000e+00 | lock=22 slip=12 BER_cond=3.9139e-03 BER_cum=9.0538e-02
CSV,515007,103000,34,22,12,17374,1573,9.053759e-02,3.913894e-03,59434.1,102777.7,7289.6,11.49,2.38
BER: SYNC #35 (gated)
CSV,520007,104000,35,22,12,17555,1573,8.960410e-02,3.913894e-03,65746.2,96230.1,7298.2,11.20,1.65
CSV,525007,105000,35,22,12,17754,1573,8.859975e-02,3.913894e-03,59967.2,101935.0,6988.8,11.64,2.30
BER: END_SEQ #35 [LOCK] seq_err=0 BER_seq=0.0000e+00 | lock=23 slip=12 BER_cond=3.7437e-03 BER_cum=8.7951e-02
CSV,530007,106000,35,23,12,17885,1573,8.795080e-02,3.743725e-03,61172.2,103748.2,7528.5,11.39,2.29
BER: SYNC #36 (gated)
CSV,535007,107000,36,23,12,18077,1573,8.701665e-02,3.743725e-03,68441.2,89671.5,7129.6,11.00,1.17
CSV,540007,108000,36,23,12,18277,1573,8.606445e-02,3.743725e-03,62440.8,102768.0,6911.0,11.72,2.16
BER: END_SEQ #36 [LOCK] seq_err=0 BER_seq=0.0000e+00 | lock=24 slip=12 BER_cond=3.5877e-03 BER_cum=8.5508e-02
BER: SYNC #37 (gated)
CSV,545007,109000,37,24,12,18400,1573,8.548913e-02,3.587737e-03,57699.0,103413.0,7469.7,11.41,2.53
CSV,550007,110000,37,24,12,18600,1573,8.456989e-02,3.587737e-03,69156.7,90061.1,7339.5,10.89,1.15
CSV,555007,111000,37,24,12,18800,1573,8.367021e-02,3.587737e-03,59771.2,102440.1,7123.0,11.58,2.34
BER: END_SEQ #37 [LOCK] seq_err=0 BER_seq=0.0000e+00 | lock=25 slip=12 BER_cond=3.4442e-03 BER_cum=8.3197e-02
BER: SYNC #38 (gated)
CSV,560007,112000,38,25,12,18923,1573,8.312635e-02,3.444227e-03,59609.1,109309.4,7537.5,11.61,2.63
CSV,565007,113000,38,25,12,19123,1573,8.225697e-02,3.444227e-03,66637.0,91943.9,7221.0,11.05,1.40
CSV,570007,114000,38,25,12,19323,1573,8.140558e-02,3.444227e-03,61592.8,103920.3,6953.2,11.75,2.27
BER: END_SEQ #38 [LOCK] seq_err=0 BER_seq=0.0000e+00 | lock=26 slip=12 BER_cond=3.3118e-03 BER_cum=8.1007e-02
BER: SYNC #39 (gated)
CSV,575007,115000,39,26,12,19445,1573,8.089484e-02,3.311757e-03,57348.3,106746.7,7429.6,11.57,2.70
CSV,580007,116000,39,26,12,19643,1622,8.257394e-02,3.311757e-03,68327.2,89285.9,7449.4,10.79,1.16
CSV,585007,117000,39,26,12,19843,1718,8.657965e-02,3.311757e-03,59995.6,101773.8,7041.9,11.60,2.30
BER: END_SEQ #39 [SLIP] seq_err=187 BER_seq=3.6595e-01 | lock=26 slip=13 BER_cond=3.3118e-03 BER_cum=8.8314e-02
BER: SYNC #40 (gated)
CSV,590007,118000,40,26,13,19968,1760,8.814102e-02,3.311757e-03,60496.5,106034.9,7096.0,11.74,2.44
CSV,595007,119000,40,26,13,20168,1760,8.726696e-02,3.311757e-03,63962.8,95312.5,7575.3,11.00,1.73
CSV,600007,120000,40,26,13,20368,1760,8.641005e-02,3.311757e-03,62400.6,103514.9,7519.2,11.39,2.20
BER: END_SEQ #40 [LOCK] seq_err=0 BER_seq=0.0000e+00 | lock=27 slip=13 BER_cond=3.1891e-03 BER_cum=8.6106e-02
BER: SYNC #41 (gated)
CSV,605007,121000,41,27,13,20491,1760,8.589137e-02,3.189099e-03,57817.9,105065.1,6911.6,11.82,2.59
CSV,610007,122000,41,27,13,20691,1760,8.506114e-02,3.189099e-03,64291.1,95162.6,7136.7,11.25,1.70
CSV,615007,123000,41,27,13,20891,1760,8.424681e-02,3.189099e-03,60657.6,100434.7,7463.6,11.29,2.19
BER: END_SEQ #41 [LOCK] seq_err=0 BER_seq=0.0000e+00 | lock=28 slip=13 BER_cond=3.0752e-03 BER_cum=8.4006e-02
BER: SYNC #42 (gated)
CSV,620007,124000,42,28,13,21014,1760,8.375369e-02,3.075203e-03,59448.7,104868.7,7042.8,11.73,2.47
CSV,625007,125000,42,28,13,21212,1839,8.669621e-02,3.075203e-03,67437.9,89861.7,7429.8,10.83,1.25
CSV,630007,126000,42,28,13,21412,1946,9.088362e-02,3.075203e-03,59176.8,104106.3,7902.5,11.20,2.45
BER: END_SEQ #42 [SLIP] seq_err=205 BER_seq=4.0117e-01 | lock=28 slip=14 BER_cond=3.0752e-03 BER_cum=9.1557e-02
BER: SYNC #43 (gated)
CSV,635007,127000,43,28,14,21536,1965,9.124257e-02,3.075203e-03,56935.7,105858.6,7007.2,11.79,2.69
CSV,640007,128000,43,28,14,21736,1965,9.040302e-02,3.075203e-03,68419.6,87104.3,7482.0,10.66,1.05
CSV,645007,129000,43,28,14,21936,1965,8.957878e-02,3.075203e-03,56843.3,102984.2,7024.5,11.66,2.58
BER: END_SEQ #43 [LOCK] seq_err=0 BER_seq=0.0000e+00 | lock=29 slip=14 BER_cond=2.9692e-03 BER_cum=8.9428e-02
BER: SYNC #44 (gated)
CSV,650007,130000,44,29,14,22059,1965,8.907929e-02,2.969161e-03,56228.8,102616.1,7113.7,11.59,2.61
CSV,655007,131000,44,29,14,22259,1965,8.827890e-02,2.969161e-03,63228.9,91751.4,6929.1,11.22,1.62
CSV,660007,132000,44,29,14,22459,1965,8.749276e-02,2.969161e-03,57203.3,102879.5,7443.5,11.41,2.55
BER: END_SEQ #44 [LOCK] seq_err=0 BER_seq=0.0000e+00 | lock=30 slip=14 BER_cond=2.8702e-03 BER_cum=8.7395e-02
BER: SYNC #45 (gated)
CSV,665007,133000,45,30,14,22582,1965,8.701621e-02,2.870189e-03,55128.1,101503.1,6881.1,11.69,2.65
CSV,670007,134000,45,30,14,22782,1965,8.625230e-02,2.870189e-03,64878.3,92769.5,7080.7,11.17,1.55
CSV,675007,135000,45,30,14,22982,1965,8.550170e-02,2.870189e-03,56302.0,102654.7,7485.3,11.37,2.61
BER: END_SEQ #45 [LOCK] seq_err=0 BER_seq=0.0000e+00 | lock=31 slip=14 BER_cond=2.7776e-03 BER_cum=8.5453e-02
BER: SYNC #46 (gated)
CSV,680007,136000,46,31,14,23104,1965,8.505021e-02,2.777603e-03,56926.2,102244.4,7144.1,11.56,2.54
CSV,685007,137000,46,31,14,23304,1965,8.432029e-02,2.777603e-03,64741.4,91319.1,6547.2,11.45,1.49
CSV,690007,138000,46,31,14,23504,1965,8.360279e-02,2.777603e-03,55137.1,107366.0,7622.6,11.49,2.89
BER: END_SEQ #46 [LOCK] seq_err=0 BER_seq=0.0000e+00 | lock=32 slip=14 BER_cond=2.6908e-03 BER_cum=8.3596e-02
BER: SYNC #47 (gated)
CSV,695007,139000,47,32,14,23627,1965,8.316756e-02,2.690802e-03,59168.1,99549.0,7181.5,11.42,2.26
CSV,700007,140000,47,32,14,23827,1965,8.246947e-02,2.690802e-03,63201.6,94351.5,7398.0,11.06,1.74
BER: END_SEQ #47 [SLIP] seq_err=58 BER_seq=1.1350e-01 | lock=32 slip=15 BER_cond=2.6908e-03 BER_cum=8.4232e-02
CSV,705007,141000,47,32,15,24017,2023,8.423200e-02,2.690802e-03,54623.0,104940.5,7355.2,11.54,2.84
BER: SYNC #48 (gated)
CSV,710007,142000,48,32,15,24150,2023,8.376811e-02,2.690802e-03,60661.1,93295.6,7258.6,11.09,1.87
CSV,715007,143000,48,32,15,24350,2023,8.308008e-02,2.690802e-03,58237.5,99692.2,7405.2,11.29,2.33
BER: END_SEQ #48 [LOCK] seq_err=0 BER_seq=0.0000e+00 | lock=33 slip=15 BER_cond=2.6093e-03 BER_cum=8.2477e-02
CSV,720007,144000,48,33,15,24528,2023,8.247717e-02,2.609263e-03,55507.0,100653.2,6996.9,11.58,2.58
BER: SYNC #49 (gated)
CSV,725007,145000,49,33,15,24672,2023,8.199579e-02,2.609263e-03,63589.2,92146.8,7578.4,10.85,1.61
CSV,730007,146000,49,33,15,24872,2023,8.133645e-02,2.609263e-03,57536.9,99395.5,7311.2,11.33,2.37
BER: END_SEQ #49 [LOCK] seq_err=0 BER_seq=0.0000e+00 | lock=34 slip=15 BER_cond=2.5325e-03 BER_cum=8.0794e-02
CSV,735007,147000,49,34,15,25039,2023,8.079396e-02,2.532520e-03,54723.3,103534.5,6920.9,11.75,2.77
BER: SYNC #50 (gated)
CSV,740007,148000,50,34,15,25195,2023,8.029371e-02,2.532520e-03,60721.0,88793.5,7483.3,10.74,1.65
CSV,745007,149000,50,34,15,25394,2064,8.127904e-02,2.532520e-03,55845.7,100167.1,7596.7,11.20,2.54
BER: END_SEQ #50 [SLIP] seq_err=112 BER_seq=2.1918e-01 | lock=34 slip=16 BER_cond=2.5325e-03 BER_cum=8.3562e-02
CSV,750007,150000,50,34,16,25550,2135,8.356164e-02,2.532520e-03,56781.1,99818.1,7252.6,11.39,2.45
BER: SYNC #51 (gated)
CSV,755007,151000,51,34,16,25718,2135,8.301578e-02,2.532520e-03,61250.3,90585.0,7473.3,10.84,1.70
CSV,760007,152000,51,34,16,25918,2135,8.237518e-02,2.532520e-03,56387.7,98499.2,7194.4,11.36,2.42
BER: END_SEQ #51 [LOCK] seq_err=0 BER_seq=0.0000e+00 | lock=35 slip=16 BER_cond=2.4602e-03 BER_cum=8.1923e-02
CSV,765007,153000,51,35,16,26061,2135,8.192318e-02,2.460162e-03,54241.0,100020.8,7512.9,11.24,2.66
BER: SYNC #52 (gated)
CSV,770007,154000,52,35,16,26241,2135,8.136123e-02,2.460162e-03,59308.2,91788.9,7361.1,10.96,1.90
CSV,775007,155000,52,35,16,26440,2135,8.074886e-02,2.460162e-03,54677.6,100612.7,7191.4,11.46,2.65
BER: END_SEQ #52 [LOCK] seq_err=0 BER_seq=0.0000e+00 | lock=36 slip=16 BER_cond=2.3918e-03 BER_cum=8.0348e-02
CSV,780007,156000,52,36,16,26572,2135,8.034773e-02,2.391824e-03,53910.4,101260.9,7411.5,11.36,2.74
BER: SYNC #53 (gated)
CSV,785007,157000,53,36,16,26763,2135,7.977431e-02,2.391824e-03,62531.7,90774.0,7325.9,10.93,1.62
CSV,790007,158000,53,36,16,26963,2135,7.918258e-02,2.391824e-03,55040.1,97941.5,7333.7,11.26,2.50
BER: END_SEQ #53 [LOCK] seq_err=0 BER_seq=0.0000e+00 | lock=37 slip=16 BER_cond=2.3272e-03 BER_cum=7.8832e-02
BER: SYNC #54 (gated)
CSV,795007,159000,54,37,16,27086,2135,7.882301e-02,2.327180e-03,53606.2,101792.5,7173.9,11.52,2.79
CSV,800007,160000,54,37,16,27286,2135,7.824525e-02,2.327180e-03,61517.6,86912.7,7654.9,10.55,1.50
CSV,805007,161000,54,37,16,27486,2135,7.767591e-02,2.327180e-03,55963.3,99194.4,7093.0,11.46,2.49
BER: END_SEQ #54 [LOCK] seq_err=0 BER_seq=0.0000e+00 | lock=38 slip=16 BER_cond=2.2659e-03 BER_cum=7.7372e-02
BER: SYNC #55 (gated)
CSV,810007,162000,55,38,16,27609,2135,7.732986e-02,2.265939e-03,52223.3,103342.4,7303.3,11.51,2.96
CSV,815007,163000,55,38,16,27808,2163,7.778337e-02,2.265939e-03,61240.8,88117.6,7297.9,10.82,1.58
CSV,820007,164000,55,38,16,28007,2257,8.058700e-02,2.265939e-03,53544.9,97431.0,6978.7,11.45,2.60
BER: END_SEQ #55 [SLIP] seq_err=171 BER_seq=3.3464e-01 | lock=38 slip=17 BER_cond=2.2659e-03 BER_cum=8.2049e-02
BER: SYNC #56 (gated)
CSV,825007,165000,56,38,17,28131,2306,8.197362e-02,2.265939e-03,51611.0,102966.3,7830.1,11.19,3.00
CSV,830007,166000,56,38,17,28330,2360,8.330392e-02,2.265939e-03,61355.8,86199.1,7068.5,10.86,1.48
CSV,835007,167000,56,38,17,28529,2454,8.601774e-02,2.265939e-03,55292.5,96907.0,6970.1,11.43,2.44
BER: END_SEQ #56 [SLIP] seq_err=190 BER_seq=3.7182e-01 | lock=38 slip=18 BER_cond=2.2659e-03 BER_cum=8.7224e-02
BER: SYNC #57 (gated)
CSV,840007,168000,57,38,18,28654,2496,8.710825e-02,2.265939e-03,50610.6,99126.1,7039.1,11.49,2.92
CSV,845007,169000,57,38,18,28854,2496,8.650447e-02,2.265939e-03,58372.9,90593.1,7041.0,11.09,1.91
CSV,850007,170000,57,38,18,29054,2496,8.590899e-02,2.265939e-03,52662.4,95118.1,7388.3,11.10,2.57
BER: END_SEQ #57 [LOCK] seq_err=0 BER_seq=0.0000e+00 | lock=39 slip=18 BER_cond=2.2078e-03 BER_cum=8.5694e-02
BER: SYNC #58 (gated)
CSV,855007,171000,58,39,18,29177,2496,8.554684e-02,2.207838e-03,51845.0,98812.9,6668.0,11.71,2.80
CSV,860007,172000,58,39,18,29377,2496,8.496442e-02,2.207838e-03,57314.1,89819.1,7268.0,10.92,1.95
CSV,865007,173000,58,39,18,29577,2496,8.438990e-02,2.207838e-03,53615.2,96286.5,6994.2,11.39,2.54
BER: END_SEQ #58 [LOCK] seq_err=0 BER_seq=0.0000e+00 | lock=40 slip=18 BER_cond=2.1526e-03 BER_cum=8.4216e-02
BER: SYNC #59 (gated)
CSV,870007,174000,59,40,18,29700,2496,8.404040e-02,2.152642e-03,50382.9,99804.6,7085.0,11.49,2.97
CSV,875007,175000,59,40,18,29900,2496,8.347826e-02,2.152642e-03,59501.9,82453.6,7331.2,10.51,1.42
CSV,880007,176000,59,40,18,30100,2496,8.292359e-02,2.152642e-03,51880.2,96679.1,6608.4,11.65,2.70
BER: END_SEQ #59 [LOCK] seq_err=0 BER_seq=0.0000e+00 | lock=41 slip=18 BER_cond=2.1001e-03 BER_cum=8.2789e-02
BER: SYNC #60 (gated)
CSV,885007,177000,60,41,18,30222,2496,8.258884e-02,2.100138e-03,49501.0,100605.1,6744.7,11.74,3.08
CSV,890007,178000,60,41,18,30422,2496,8.204589e-02,2.100138e-03,60057.4,83165.8,7576.8,10.40,1.41
CSV,895007,179000,60,41,18,30622,2496,8.151002e-02,2.100138e-03,50764.3,98403.8,6947.0,11.51,2.87
BER: END_SEQ #60 [LOCK] seq_err=0 BER_seq=0.0000e+00 | lock=42 slip=18 BER_cond=2.0501e-03 BER_cum=8.1409e-02
BER: SYNC #61 (gated)
CSV,900007,180000,61,42,18,30745,2496,8.118393e-02,2.050135e-03,49800.2,98108.0,7229.6,11.33,2.94
CSV,905007,181000,61,42,18,30945,2496,8.065923e-02,2.050135e-03,58571.9,86549.4,6953.2,10.95,1.70
CSV,910007,182000,61,42,18,31145,2496,8.014128e-02,2.050135e-03,50944.2,97856.1,7471.0,11.17,2.83
BER: END_SEQ #61 [LOCK] seq_err=0 BER_seq=0.0000e+00 | lock=43 slip=18 BER_cond=2.0025e-03 BER_cum=8.0074e-02
BER: SYNC #62 (gated)
CSV,915007,183000,62,43,18,31268,2496,7.982602e-02,2.002458e-03,49646.8,99268.7,7159.0,11.42,3.01
CSV,920007,184000,62,43,18,31468,2496,7.931867e-02,2.002458e-03,57290.5,84537.0,7750.7,10.38,1.69
CSV,925007,185000,62,43,18,31668,2496,7.881773e-02,2.002458e-03,49494.9,95504.7,6641.5,11.58,2.85
BER: END_SEQ #62 [LOCK] seq_err=0 BER_seq=0.0000e+00 | lock=44 slip=18 BER_cond=1.9569e-03 BER_cum=7.8783e-02
BER: SYNC #63 (gated)
CSV,930007,186000,63,44,18,31791,2496,7.851279e-02,1.956947e-03,49347.1,98203.2,6627.6,11.71,2.99
CSV,935007,187000,63,44,18,31990,2496,7.802438e-02,1.956947e-03,56210.1,86300.2,7653.7,10.52,1.86
CSV,940007,188000,63,44,18,32190,2496,7.753961e-02,1.956947e-03,49020.7,96134.0,6982.9,11.39,2.92
BER: END_SEQ #63 [LOCK] seq_err=0 BER_seq=0.0000e+00 | lock=45 slip=18 BER_cond=1.9135e-03 BER_cum=7.7532e-02
CSV,945007,189000,63,45,18,32193,2496,7.753238e-02,1.913460e-03,50461.3,93662.2,6781.8,11.40,2.69
CSV,950007,190000,63,45,18,32193,2496,7.753238e-02,1.913460e-03,54973.0,88775.3,7146.2,10.94,2.08
CSV,955007,191000,63,45,18,32193,2496,7.753238e-02,1.913460e-03,48379.5,100204.5,7041.9,11.53,3.16
BER: SYNC #64 (gated)
CSV,960007,192000,64,45,18,32325,2496,7.721578e-02,1.913460e-03,53077.7,88264.2,7416.7,10.76,2.21
CSV,965007,193000,64,45,18,32525,2496,7.674097e-02,1.913460e-03,51698.4,92577.1,6683.4,11.42,2.53
BER: END_SEQ #64 [LOCK] seq_err=0 BER_seq=0.0000e+00 | lock=46 slip=18 BER_cond=1.8719e-03 BER_cum=7.6321e-02
CSV,970007,194000,64,46,18,32704,2496,7.632094e-02,1.871862e-03,49109.5,97217.0,7610.0,11.06,2.97
BER: SYNC #65 (gated)
CSV,975007,195000,65,46,18,32848,2496,7.598636e-02,1.871862e-03,54365.0,84600.7,7334.8,10.62,1.92
CSV,980007,196000,65,46,18,33048,2496,7.552651e-02,1.871862e-03,49663.0,92065.6,6987.5,11.20,2.68
BER: END_SEQ #65 [LOCK] seq_err=0 BER_seq=0.0000e+00 | lock=47 slip=18 BER_cond=1.8320e-03 BER_cum=7.5147e-02
CSV,985007,197000,65,47,18,33215,2496,7.514677e-02,1.832036e-03,48638.6,94984.3,6924.7,11.37,2.91
BER: SYNC #66 (gated)
CSV,990007,198000,66,47,18,33369,2537,7.602865e-02,1.832036e-03,53547.3,86011.7,6881.6,10.97,2.06
CSV,995007,199000,66,47,18,33569,2643,7.873335e-02,1.832036e-03,47319.9,96373.5,7712.5,10.97,3.09
BER: END_SEQ #66 [SLIP] seq_err=225 BER_seq=4.4031e-01 | lock=47 slip=19 BER_cond=1.8320e-03 BER_cum=8.0680e-02
CSV,1000007,200000,66,47,19,33726,2721,8.067960e-02,1.832036e-03,49935.8,91120.2,7202.4,11.02,2.61
BER: SYNC #67 (gated)
CSV,1005007,201000,67,47,19,33893,2721,8.028206e-02,1.832036e-03,51515.6,82885.6,6862.0,10.82,2.07
CSV,1010007,202000,67,47,19,34093,2721,7.981110e-02,1.832036e-03,47696.5,94727.5,7322.6,11.12,2.98
BER: END_SEQ #67 [SLIP] seq_err=52 BER_seq=1.0176e-01 | lock=47 slip=20 BER_cond=1.8320e-03 BER_cum=8.0994e-02
CSV,1015007,203000,67,47,20,34237,2773,8.099425e-02,1.832036e-03,47373.9,93084.9,7380.2,11.01,2.93
BER: SYNC #68 (gated)
CSV,1020007,204000,68,47,20,34416,2773,8.057299e-02,1.832036e-03,53010.8,84502.9,7108.4,10.75,2.03
CSV,1025007,205000,68,47,20,34616,2773,8.010747e-02,1.832036e-03,47093.9,94193.2,6790.7,11.42,3.01
BER: END_SEQ #68 [LOCK] seq_err=0 BER_seq=0.0000e+00 | lock=48 slip=20 BER_cond=1.7939e-03 BER_cum=7.9803e-02
CSV,1030007,206000,68,48,20,34748,2773,7.980315e-02,1.793868e-03,47417.3,94512.2,6789.3,11.44,3.00
BER: SYNC #69 (gated)
CSV,1035007,207000,69,48,20,34937,2834,8.111744e-02,1.793868e-03,53144.7,82252.6,7490.9,10.41,1.90
CSV,1040007,208000,69,48,20,35137,2940,8.367248e-02,1.793868e-03,48493.0,92524.8,7140.4,11.13,2.81
BER: END_SEQ #69 [SLIP] seq_err=229 BER_seq=4.4814e-01 | lock=48 slip=21 BER_cond=1.7939e-03 BER_cum=8.5141e-02
BER: SYNC #70 (gated)
CSV,1045007,209000,70,48,21,35261,3002,8.513656e-02,1.793868e-03,44958.7,96871.3,7500.1,11.11,3.33
CSV,1050007,210000,70,48,21,35460,3102,8.747885e-02,1.793868e-03,53275.9,83534.6,7179.5,10.66,1.95
CSV,1055007,211000,70,48,21,35660,3207,8.993270e-02,1.793868e-03,45731.6,93370.7,7246.3,11.10,3.10
BER: END_SEQ #70 [SLIP] seq_err=258 BER_seq=5.0489e-01 | lock=48 slip=22 BER_cond=1.7939e-03 BER_cum=9.1138e-02
BER: SYNC #71 (gated)
CSV,1060007,212000,71,48,22,35784,3260,9.110217e-02,1.793868e-03,44087.7,95567.3,6937.4,11.39,3.36
CSV,1065007,213000,71,48,22,35983,3308,9.193230e-02,1.793868e-03,52852.8,82118.5,7137.8,10.61,1.91
CSV,1070007,214000,71,48,22,36183,3414,9.435371e-02,1.793868e-03,48343.6,90678.1,7095.7,11.07,2.73
BER: END_SEQ #71 [SLIP] seq_err=198 BER_seq=3.8748e-01 | lock=48 slip=23 BER_cond=1.7939e-03 BER_cum=9.5312e-02
BER: SYNC #72 (gated)
CSV,1075007,215000,72,48,23,36307,3458,9.524334e-02,1.793868e-03,43602.2,96314.6,6451.2,11.74,3.44
CSV,1080007,216000,72,48,23,36506,3512,9.620336e-02,1.793868e-03,52071.8,83038.1,6826.1,10.85,2.03
CSV,1085007,217000,72,48,23,36704,3612,9.840889e-02,1.793868e-03,46191.4,91956.4,6796.9,11.31,2.99
BER: END_SEQ #72 [SLIP] seq_err=197 BER_seq=3.8552e-01 | lock=48 slip=24 BER_cond=1.7939e-03 BER_cum=9.9342e-02
BER: SYNC #73 (gated)
CSV,1090007,218000,73,48,24,36829,3655,9.924244e-02,1.793868e-03,46784.8,91742.6,6956.2,11.20,2.92
CSV,1095007,219000,73,48,24,37028,3718,1.004105e-01,1.793868e-03,49505.6,85077.1,7314.0,10.66,2.35
CSV,1100007,220000,73,48,24,37228,3822,1.026647e-01,1.793868e-03,47079.9,90261.8,7004.4,11.10,2.83
BER: END_SEQ #73 [SLIP] seq_err=201 BER_seq=3.9335e-01 | lock=48 slip=25 BER_cond=1.7939e-03 BER_cum=1.0337e-01
BER: SYNC #74 (gated)
CSV,1105007,221000,74,48,25,37352,3856,1.032341e-01,1.793868e-03,43497.2,91749.3,7157.5,11.08,3.24
CSV,1110007,222000,74,48,25,37552,3856,1.026843e-01,1.793868e-03,49599.8,83236.9,6837.3,10.85,2.25
CSV,1115007,223000,74,48,25,37752,3856,1.021403e-01,1.793868e-03,44869.1,91028.4,7175.9,11.03,3.07
BER: END_SEQ #74 [LOCK] seq_err=0 BER_seq=0.0000e+00 | lock=49 slip=25 BER_cond=1.7573e-03 BER_cum=1.0197e-01
BER: SYNC #75 (gated)
CSV,1120007,224000,75,49,25,37875,3856,1.018086e-01,1.757259e-03,44433.4,95965.7,6540.8,11.66,3.34
CSV,1125007,225000,75,49,25,38074,3875,1.017755e-01,1.757259e-03,50888.4,81995.6,6969.0,10.71,2.07
CSV,1130007,226000,75,49,25,38274,3981,1.040132e-01,1.757259e-03,45180.6,90839.8,7059.7,11.09,3.03
BER: END_SEQ #75 [SLIP] seq_err=145 BER_seq=2.8376e-01 | lock=49 slip=26 BER_cond=1.7573e-03 BER_cum=1.0440e-01
BER: SYNC #76 (gated)
CSV,1135007,227000,76,49,26,38396,4012,1.044900e-01,1.757259e-03,42748.0,95744.4,6775.5,11.50,3.50
CSV,1140007,228000,76,49,26,38596,4117,1.066691e-01,1.757259e-03,53250.5,76775.3,7394.4,10.16,1.59
CSV,1145007,229000,76,49,26,38796,4222,1.088257e-01,1.757259e-03,43471.0,91913.4,7013.7,11.17,3.25
BER: END_SEQ #76 [SLIP] seq_err=238 BER_seq=4.6575e-01 | lock=49 slip=27 BER_cond=1.7573e-03 BER_cum=1.0915e-01
BER: SYNC #77 (gated)
CSV,1150007,230000,77,49,27,38919,4255,1.093296e-01,1.757259e-03,43113.8,94695.6,6859.1,11.40,3.42
CSV,1155007,231000,77,49,27,39119,4358,1.114037e-01,1.757259e-03,50254.2,79372.7,6900.9,10.61,1.98
CSV,1160007,232000,77,49,27,39319,4462,1.134820e-01,1.757259e-03,43408.9,91447.8,6902.1,11.22,3.24
BER: END_SEQ #77 [SLIP] seq_err=232 BER_seq=4.5401e-01 | lock=49 slip=28 BER_cond=1.7573e-03 BER_cum=1.1363e-01
BER: SYNC #78 (gated)
CSV,1165007,233000,78,49,28,39443,4471,1.133534e-01,1.757259e-03,43295.8,89601.3,6469.4,11.41,3.16
CSV,1170007,234000,78,49,28,39643,4471,1.127816e-01,1.757259e-03,49334.6,79896.3,6673.9,10.78,2.09
CSV,1175007,235000,78,49,28,39843,4471,1.122154e-01,1.757259e-03,43459.9,89836.3,6803.8,11.21,3.15
BER: END_SEQ #78 [LOCK] seq_err=0 BER_seq=0.0000e+00 | lock=50 slip=28 BER_cond=1.7221e-03 BER_cum=1.1217e-01
BER: SYNC #79 (gated)
CSV,1180007,236000,79,50,28,39966,4471,1.118701e-01,1.722113e-03,42895.6,91074.2,6550.3,11.43,3.27
CSV,1185007,237000,79,50,28,40166,4471,1.113131e-01,1.722113e-03,47184.8,82788.9,7359.7,10.51,2.44
CSV,1190007,238000,79,50,28,40365,4471,1.107643e-01,1.722113e-03,42842.8,90976.9,7376.5,10.91,3.27
BER: END_SEQ #79 [LOCK] seq_err=0 BER_seq=0.0000e+00 | lock=51 slip=28 BER_cond=1.6883e-03 BER_cum=1.1075e-01
BER: SYNC #80 (gated)
CSV,1195007,239000,80,51,28,40488,4471,1.104278e-01,1.688347e-03,44516.8,86791.1,6702.3,11.12,2.90
CSV,1200007,240000,80,51,28,40688,4471,1.098850e-01,1.688347e-03,47761.7,83249.7,7055.2,10.72,2.41
BER: END_SEQ #80 [LOCK] seq_err=0 BER_seq=0.0000e+00 | lock=52 slip=28 BER_cond=1.6559e-03 BER_cum=1.0937e-01
CSV,1205007,241000,80,52,28,40880,4471,1.093689e-01,1.655878e-03,44147.5,89401.0,6933.0,11.10,3.06
BER: SYNC #81 (gated)
CSV,1210007,242000,81,52,28,41011,4471,1.090195e-01,1.655878e-03,45703.7,83673.3,7306.2,10.59,2.63
CSV,1215007,243000,81,52,28,41211,4471,1.084905e-01,1.655878e-03,44647.1,88108.3,7388.4,10.76,2.95
BER: END_SEQ #81 [LOCK] seq_err=23 BER_seq=4.5010e-02 | lock=53 slip=28 BER_cond=2.4739e-03 BER_cum=1.0857e-01
CSV,1220007,244000,81,53,28,41391,4494,1.085743e-01,2.473877e-03,42415.9,91946.4,7235.9,11.04,3.36
BER: SYNC #82 (gated)
CSV,1225007,245000,82,53,28,41534,4494,1.082005e-01,2.473877e-03,47994.2,81047.0,7671.7,10.24,2.28
CSV,1230007,246000,82,53,28,41734,4494,1.076820e-01,2.473877e-03,43190.1,88714.3,7495.1,10.73,3.13
BER: END_SEQ #82 [SLIP] seq_err=77 BER_seq=1.5068e-01 | lock=53 slip=29 BER_cond=2.4739e-03 BER_cum=1.0909e-01
CSV,1235007,247000,82,53,29,41902,4571,1.090879e-01,2.473877e-03,40874.3,91972.7,7480.1,10.90,3.52
BER: SYNC #83 (gated)
CSV,1240007,248000,83,53,29,42056,4571,1.086884e-01,2.473877e-03,47006.7,81380.6,7031.4,10.63,2.38
CSV,1245007,249000,83,53,29,42256,4571,1.081740e-01,2.473877e-03,42894.1,92169.4,7386.1,10.96,3.32
BER: END_SEQ #83 [LOCK] seq_err=0 BER_seq=0.0000e+00 | lock=54 slip=29 BER_cond=2.4281e-03 BER_cum=1.0777e-01
CSV,1250007,250000,83,54,29,42413,4571,1.077736e-01,2.428064e-03,43242.2,91312.9,6838.8,11.26,3.25
BER: SYNC #84 (gated)
CSV,1255007,251000,84,54,29,42579,4571,1.073534e-01,2.428064e-03,48103.0,80010.6,7651.2,10.19,2.21
CSV,1260007,252000,84,54,29,42779,4571,1.068515e-01,2.428064e-03,42968.3,90539.4,7381.5,10.89,3.24
BER: END_SEQ #84 [LOCK] seq_err=0 BER_seq=0.0000e+00 | lock=55 slip=29 BER_cond=2.3839e-03 BER_cum=1.0649e-01
CSV,1265007,253000,84,55,29,42924,4571,1.064905e-01,2.383917e-03,41815.4,91014.6,6862.7,11.23,3.38
BER: SYNC #85 (gated)
CSV,1270007,254000,85,55,29,43102,4571,1.060508e-01,2.383917e-03,46786.3,80896.9,6822.4,10.74,2.38
CSV,1275007,255000,85,55,29,43301,4676,1.079883e-01,2.383917e-03,41797.7,90943.6,6851.1,11.23,3.38
BER: END_SEQ #85 [SLIP] seq_err=169 BER_seq=3.3072e-01 | lock=55 slip=30 BER_cond=2.3839e-03 BER_cum=1.0913e-01
CSV,1280007,256000,85,55,30,43435,4740,1.091286e-01,2.383917e-03,43545.0,88158.9,7692.6,10.59,3.06
BER: SYNC #86 (gated)
CSV,1285007,257000,86,55,30,43623,4789,1.097815e-01,2.383917e-03,46688.8,79437.0,7509.0,10.24,2.31
CSV,1290007,258000,86,55,30,43823,4895,1.116993e-01,2.383917e-03,43474.8,86474.8,7417.8,10.67,2.99
BER: END_SEQ #86 [SLIP] seq_err=213 BER_seq=4.1683e-01 | lock=55 slip=31 BER_cond=2.3839e-03 BER_cum=1.1271e-01
BER: SYNC #87 (gated)
CSV,1295007,259000,87,55,31,43947,4953,1.127039e-01,2.383917e-03,41554.6,90660.3,7249.8,10.97,3.39
CSV,1300007,260000,87,55,31,44146,5040,1.141666e-01,2.383917e-03,47641.1,78487.3,6644.0,10.72,2.17
CSV,1305007,261000,87,55,31,44345,5133,1.157515e-01,2.383917e-03,43356.9,89626.0,7366.9,10.85,3.15
BER: END_SEQ #87 [SLIP] seq_err=236 BER_seq=4.6184e-01 | lock=55 slip=32 BER_cond=2.3839e-03 BER_cum=1.1672e-01
BER: SYNC #88 (gated)
CSV,1310007,262000,88,55,32,44470,5189,1.166854e-01,2.383917e-03,40208.8,92430.0,6547.8,11.50,3.61
CSV,1315007,263000,88,55,32,44670,5189,1.161630e-01,2.383917e-03,47526.0,79475.2,7175.6,10.44,2.23
CSV,1320007,264000,88,55,32,44869,5227,1.164947e-01,2.383917e-03,41995.5,87094.4,7167.3,10.85,3.17
BER: END_SEQ #88 [SLIP] seq_err=84 BER_seq=1.6438e-01 | lock=55 slip=33 BER_cond=2.3839e-03 BER_cum=1.1726e-01
BER: SYNC #89 (gated)
CSV,1325007,265000,89,55,33,44993,5273,1.171960e-01,2.383917e-03,40917.7,91905.3,7043.2,11.16,3.51
CSV,1330007,266000,89,55,33,45191,5363,1.186741e-01,2.383917e-03,47472.7,79749.7,7326.1,10.37,2.25
CSV,1335007,267000,89,55,33,45391,5459,1.202661e-01,2.383917e-03,58364.7,144854.8,3405.6,16.29,3.95
BER: END_SEQ #89 [SLIP] seq_err=229 BER_seq=4.4814e-01 | lock=55 slip=34 BER_cond=2.3839e-03 BER_cum=1.2098e-01
BER: SYNC #90 (gated)
CSV,1340007,268000,90,55,34,45515,5502,1.208832e-01,2.383917e-03,58261.5,142090.5,3679.7,15.87,3.87
CSV,1345007,269000,90,55,34,45713,5590,1.222847e-01,2.383917e-03,55167.7,106569.5,5704.2,12.71,2.86
CSV,1350007,270000,90,55,34,45912,5685,1.238238e-01,2.383917e-03,43677.9,92273.6,7067.6,11.16,3.25
BER: END_SEQ #90 [SLIP] seq_err=223 BER_seq=4.3640e-01 | lock=55 slip=35 BER_cond=2.3839e-03 BER_cum=1.2448e-01
BER: SYNC #91 (gated)
CSV,1355007,271000,91,55,35,46038,5725,1.243538e-01,2.383917e-03,44642.1,92110.6,7479.6,10.90,3.15
CSV,1360007,272000,91,55,35,46236,5785,1.251190e-01,2.383917e-03,49051.2,84230.1,7467.9,10.52,2.35
CSV,1365007,273000,91,55,35,46436,5878,1.265828e-01,2.383917e-03,45124.8,92992.6,7046.3,11.20,3.14
BER: END_SEQ #91 [SLIP] seq_err=186 BER_seq=3.6399e-01 | lock=55 slip=36 BER_cond=2.3839e-03 BER_cum=1.2712e-01
BER: SYNC #92 (gated)
CSV,1370007,274000,92,55,36,46561,5911,1.269517e-01,2.383917e-03,41741.7,89988.6,7002.1,11.09,3.34
CSV,1375007,275000,92,55,36,46760,6008,1.284859e-01,2.383917e-03,47943.0,82852.0,7189.3,10.62,2.38
CSV,1380007,276000,92,55,36,46960,6115,1.302172e-01,2.383917e-03,41901.0,87977.6,6806.5,11.11,3.22
BER: END_SEQ #92 [SLIP] seq_err=224 BER_seq=4.3836e-01 | lock=55 slip=37 BER_cond=2.3839e-03 BER_cum=1.3050e-01
BER: SYNC #93 (gated)
CSV,1385007,277000,93,55,37,47084,6135,1.302990e-01,2.383917e-03,39541.6,96775.9,6883.1,11.48,3.89
CSV,1390007,278000,93,55,37,47282,6187,1.308532e-01,2.383917e-03,47775.3,74052.0,6909.8,10.30,1.90
CSV,1395007,279000,93,55,37,47481,6278,1.322213e-01,2.383917e-03,41045.2,89230.3,7014.0,11.05,3.37
BER: END_SEQ #93 [SLIP] seq_err=163 BER_seq=3.1898e-01 | lock=55 slip=38 BER_cond=2.3839e-03 BER_cum=1.3253e-01
BER: SYNC #94 (gated)
CSV,1400007,280000,94,55,38,47606,6298,1.322943e-01,2.383917e-03,38452.2,90615.4,6934.9,11.16,3.72
CSV,1405007,281000,94,55,38,47806,6298,1.317408e-01,2.383917e-03,46802.5,78972.6,6857.4,10.61,2.27
CSV,1410007,282000,94,55,38,48005,6311,1.314655e-01,2.383917e-03,38895.2,90091.3,6598.2,11.35,3.65
BER: END_SEQ #94 [LOCK] seq_err=22 BER_seq=4.3053e-02 | lock=56 slip=38 BER_cond=3.1101e-03 BER_cum=1.3157e-01
BER: SYNC #95 (gated)
CSV,1415007,283000,95,56,38,48127,6342,1.317763e-01,3.110148e-03,39812.1,88797.3,7685.8,10.63,3.48
CSV,1420007,284000,95,56,38,48326,6444,1.333444e-01,3.110148e-03,43860.2,78298.8,7221.6,10.35,2.52
CSV,1425007,285000,95,56,38,48525,6551,1.350026e-01,3.110148e-03,41022.7,90737.5,7143.0,11.04,3.45
BER: END_SEQ #95 [SLIP] seq_err=242 BER_seq=4.7358e-01 | lock=56 slip=39 BER_cond=3.1101e-03 BER_cum=1.3517e-01
BER: SYNC #96 (gated)
CSV,1430007,286000,96,56,39,48652,6562,1.348763e-01,3.110148e-03,39523.5,90156.7,7028.4,11.08,3.58
CSV,1435007,287000,96,56,39,48852,6562,1.343241e-01,3.110148e-03,44926.0,77449.3,7070.6,10.40,2.37
CSV,1440007,288000,96,56,39,49051,6562,1.337791e-01,3.110148e-03,40097.3,90941.4,7291.2,10.96,3.56
BER: END_SEQ #96 [LOCK] seq_err=0 BER_seq=0.0000e+00 | lock=57 slip=39 BER_cond=3.0556e-03 BER_cum=1.3377e-01
BER: SYNC #97 (gated)
CSV,1445007,289000,97,57,39,49174,6562,1.334445e-01,3.055584e-03,41017.9,88077.7,7185.7,10.88,3.32
CSV,1450007,290000,97,57,39,49374,6562,1.329040e-01,3.055584e-03,44314.6,77841.4,7269.5,10.30,2.45
BER: END_SEQ #97 [LOCK] seq_err=16 BER_seq=3.1311e-02 | lock=58 slip=39 BER_cond=3.5427e-03 BER_cum=1.3271e-01
CSV,1455007,291000,97,58,39,49567,6578,1.327093e-01,3.542749e-03,40504.3,92036.6,7220.7,11.05,3.56
BER: SYNC #98 (gated)
CSV,1460007,292000,98,58,39,49697,6578,1.323621e-01,3.542749e-03,42530.8,82408.8,7193.1,10.59,2.87
CSV,1465007,293000,98,58,39,49896,6654,1.333574e-01,3.542749e-03,42323.6,83564.8,6998.3,10.77,2.95
BER: END_SEQ #98 [SLIP] seq_err=167 BER_seq=3.2681e-01 | lock=58 slip=40 BER_cond=3.5427e-03 BER_cum=1.3469e-01
CSV,1470007,294000,98,58,40,50078,6745,1.346899e-01,3.542749e-03,40008.2,87960.9,7387.8,10.76,3.42
BER: SYNC #99 (gated)
CSV,1475007,295000,99,58,40,50219,6799,1.353870e-01,3.542749e-03,45062.0,79967.1,7545.0,10.25,2.49
CSV,1480007,296000,99,58,40,50418,6908,1.370146e-01,3.542749e-03,40375.6,89430.1,7170.3,10.96,3.45
BER: END_SEQ #99 [SLIP] seq_err=239 BER_seq=4.6771e-01 | lock=58 slip=41 BER_cond=3.5427e-03 BER_cum=1.3805e-01
CSV,1485007,297000,99,58,41,50589,6984,1.380537e-01,3.542749e-03,39232.1,89390.5,7217.3,10.93,3.58
BER: SYNC #100 (gated)
CSV,1490007,298000,100,58,41,50742,6984,1.376375e-01,3.542749e-03,45036.6,79081.8,7057.2,10.49,2.45
CSV,1495007,299000,100,58,41,50940,6991,1.372399e-01,3.542749e-03,39906.8,88527.5,7403.5,10.78,3.46
BER: END_SEQ #100 [SLIP] seq_err=78 BER_seq=1.5264e-01 | lock=58 slip=42 BER_cond=3.5427e-03 BER_cum=1.3820e-01
CSV,1500007,300000,100,58,42,51100,7062,1.381996e-01,3.542749e-03,39493.6,88764.1,6882.0,11.11,3.52

=========================================
=== END OF TEST (duration=25 min) ===
=========================================
FINAL: syncs=100 lock=58 slip=42 slip_rate=0.4200
FINAL: bits_cum=51100 err_cum=7062 BER_cum=1.3820e-01
FINAL: bits_lock=29638 err_lock=105 BER_cond=3.5427e-03
=========================================
=== STOP LOGGING NOW ===
=========================================
