

=== RX BOOT - BER TEST MODE ===
MOD=OOK (20 kHz carrier, adaptive threshold)
BPS_MODE=20 (HALF_SAMPLES=2000, 10000 samples/bit @ 200000 Hz)
Expect: 64-bit preamble + Barker13 (1F35h, gated by 8 preamble bits = 0x55) + 511-bit PRBS-9
Noise floor band: 5000 Hz; lock threshold: BER<0.10
Auto-stop: test will halt 25 min after the first sync.
RX: edge-tracking sync, center-3 voting
Starting decoder...

CSV,5011,500,0,0,0,0,0,0.000000e+00,0.000000e+00,532835.6,170656464896.0,338324.9,57.03,55.06
BER: SYNC #1 (gated)
CSV,10011,1000,1,0,0,82,0,0.000000e+00,0.000000e+00,450514.7,186799652864.0,291467.8,58.07,56.18
CSV,15011,1500,1,0,0,181,0,0.000000e+00,0.000000e+00,440136.8,148013875200.0,270200.3,57.39,55.27
CSV,20011,2000,1,0,0,282,0,0.000000e+00,0.000000e+00,480728.9,158290673664.0,330110.9,56.81,55.18
CSV,25011,2500,1,0,0,381,0,0.000000e+00,0.000000e+00,500903.2,196158013440.0,308574.4,58.03,55.93
CSV,30011,3000,1,0,0,481,0,0.000000e+00,0.000000e+00,483728.6,172827361280.0,318566.6,57.34,55.53
BER: END_SEQ #1 [LOCK] seq_err=0 BER_seq=0.0000e+00 | lock=1 slip=0 BER_cond=0.0000e+00 BER_cum=0.0000e+00
CSV,35011,3500,1,1,0,511,0,0.000000e+00,0.000000e+00,600327.4,191712018432.0,384472.8,56.98,55.04
BER: SYNC #2 (gated)
CSV,40011,4000,2,1,0,604,0,0.000000e+00,0.000000e+00,491995.0,172602114048.0,291155.8,57.73,55.45
CSV,45011,4500,2,1,0,704,0,0.000000e+00,0.000000e+00,442359.3,136222425088.0,265312.7,57.10,54.88
CSV,50011,5000,2,1,0,804,0,0.000000e+00,0.000000e+00,503129.1,181613494272.0,308759.4,57.70,55.57
CSV,55011,5500,2,1,0,904,0,0.000000e+00,0.000000e+00,502475.2,181688909824.0,303494.1,57.77,55.58
CSV,60011,6000,2,1,0,1004,0,0.000000e+00,0.000000e+00,513043.7,176934486016.0,297110.6,57.75,55.38
BER: END_SEQ #2 [LOCK] seq_err=0 BER_seq=0.0000e+00 | lock=2 slip=0 BER_cond=0.0000e+00 BER_cum=0.0000e+00
BER: SYNC #3 (gated)
CSV,65011,6500,3,2,0,1027,0,0.000000e+00,0.000000e+00,627132.6,182225371136.0,382961.4,56.77,54.63
CSV,70011,7000,3,2,0,1127,0,0.000000e+00,0.000000e+00,452407.7,188205400064.0,269185.2,58.45,56.19
CSV,75011,7500,3,2,0,1227,0,0.000000e+00,0.000000e+00,459700.6,135696138240.0,267403.9,57.05,54.70
CSV,80011,8000,3,2,0,1327,0,0.000000e+00,0.000000e+00,478628.3,175723577344.0,278882.1,57.99,55.65
CSV,85011,8500,3,2,0,1427,0,0.000000e+00,0.000000e+00,536316.1,181109604352.0,338164.9,57.29,55.29
CSV,90011,9000,3,2,0,1527,0,0.000000e+00,0.000000e+00,445876.4,181689401344.0,261545.8,58.42,56.10
BER: END_SEQ #3 [LOCK] seq_err=0 BER_seq=0.0000e+00 | lock=3 slip=0 BER_cond=0.0000e+00 BER_cum=0.0000e+00
BER: SYNC #4 (gated)
CSV,95011,9500,4,3,0,1550,0,0.000000e+00,0.000000e+00,630654.2,192612237312.0,375088.2,57.11,54.85
CSV,100011,10000,4,3,0,1650,0,0.000000e+00,0.000000e+00,442487.7,165267062784.0,278410.9,57.74,55.72
CSV,105011,10500,4,3,0,1750,0,0.000000e+00,0.000000e+00,439933.8,144510222336.0,287949.9,57.01,55.17
CSV,110011,11000,4,3,0,1850,0,0.000000e+00,0.000000e+00,493364.9,173453230080.0,321339.2,57.32,55.46
CSV,115011,11500,4,3,0,1949,0,0.000000e+00,0.000000e+00,477704.6,180751663104.0,291075.4,57.93,55.78
BER: END_SEQ #4 [LOCK] seq_err=0 BER_seq=0.0000e+00 | lock=4 slip=0 BER_cond=0.0000e+00 BER_cum=0.0000e+00
CSV,120011,12000,4,4,0,2044,0,0.000000e+00,0.000000e+00,430539.7,190379245568.0,277371.8,58.37,56.46
BER: SYNC #5 (gated)
CSV,125011,12500,5,4,0,2072,0,0.000000e+00,0.000000e+00,613813.4,175822700544.0,380159.9,56.65,54.57
CSV,130011,13000,5,4,0,2172,0,0.000000e+00,0.000000e+00,452421.4,151750639616.0,278727.2,57.36,55.26
CSV,135011,13500,5,4,0,2272,0,0.000000e+00,0.000000e+00,499996.5,170004414464.0,318745.0,57.27,55.31
CSV,140011,14000,5,4,0,2372,0,0.000000e+00,0.000000e+00,445861.4,175251423232.0,286535.5,57.86,55.94
CSV,145011,14500,5,4,0,2472,0,0.000000e+00,0.000000e+00,503138.6,172568166400.0,335212.6,57.12,55.35
BER: END_SEQ #5 [LOCK] seq_err=0 BER_seq=0.0000e+00 | lock=5 slip=0 BER_cond=0.0000e+00 BER_cum=0.0000e+00
CSV,150011,15000,5,5,0,2555,0,0.000000e+00,0.000000e+00,544060.6,189193977856.0,323645.4,57.67,55.41
BER: SYNC #6 (gated)
CSV,155011,15500,6,5,0,2595,0,0.000000e+00,0.000000e+00,612060.2,177414160384.0,367425.1,56.84,54.62
CSV,160011,16000,6,5,0,2695,0,0.000000e+00,0.000000e+00,458451.3,149936537600.0,245104.1,57.87,55.15
CSV,165011,16500,6,5,0,2795,0,0.000000e+00,0.000000e+00,511021.6,173113720832.0,300272.6,57.61,55.30
CSV,170011,17000,6,5,0,2895,0,0.000000e+00,0.000000e+00,477384.3,172089901056.0,273395.5,57.99,55.57
CSV,175011,17500,6,5,0,2995,0,0.000000e+00,0.000000e+00,495648.6,185167364096.0,294073.3,57.99,55.72
BER: END_SEQ #6 [LOCK] seq_err=0 BER_seq=0.0000e+00 | lock=6 slip=0 BER_cond=0.0000e+00 BER_cum=0.0000e+00
CSV,180011,18000,6,6,0,3066,0,0.000000e+00,0.000000e+00,578881.7,178518458368.0,340968.1,57.19,54.89
BER: SYNC #7 (gated)
CSV,185011,18500,7,6,0,3118,0,0.000000e+00,0.000000e+00,498713.5,172574949376.0,291060.3,57.73,55.39
CSV,190011,19000,7,6,0,3218,0,0.000000e+00,0.000000e+00,392905.7,145239900160.0,244583.6,57.74,55.68
CSV,195011,19500,7,6,0,3318,0,0.000000e+00,0.000000e+00,529137.1,186175438848.0,322514.8,57.61,55.46
CSV,200011,20000,7,6,0,3418,0,0.000000e+00,0.000000e+00,473080.9,179257556992.0,288833.6,57.93,55.79
CSV,205011,20500,7,6,0,3518,0,0.000000e+00,0.000000e+00,514616.2,168905211904.0,316650.1,57.27,55.16
BER: END_SEQ #7 [LOCK] seq_err=0 BER_seq=0.0000e+00 | lock=7 slip=0 BER_cond=0.0000e+00 BER_cum=0.0000e+00
CSV,210011,21000,7,7,0,3577,0,0.000000e+00,0.000000e+00,504045.2,185902301184.0,329550.0,57.51,55.67
BER: SYNC #8 (gated)
CSV,215011,21500,8,7,0,3641,0,0.000000e+00,0.000000e+00,544555.3,188955017216.0,327375.6,57.61,55.40
CSV,220011,22000,8,7,0,3740,0,0.000000e+00,0.000000e+00,413333.4,131713384448.0,256551.6,57.10,55.03
CSV,225011,22500,8,7,0,3841,0,0.000000e+00,0.000000e+00,480202.9,171378393088.0,287259.0,57.76,55.53
CSV,230011,23000,8,7,0,3941,0,0.000000e+00,0.000000e+00,488568.8,185713442816.0,305215.2,57.84,55.80
CSV,235011,23500,8,7,0,4040,0,0.000000e+00,0.000000e+00,481750.9,179224641536.0,285456.0,57.98,55.71
BER: END_SEQ #8 [LOCK] seq_err=0 BER_seq=0.0000e+00 | lock=8 slip=0 BER_cond=0.0000e+00 BER_cum=0.0000e+00
CSV,240011,24000,8,8,0,4088,0,0.000000e+00,0.000000e+00,638522.6,182750101504.0,385600.8,56.76,54.57
BER: SYNC #9 (gated)
CSV,245011,24500,9,8,0,4163,0,0.000000e+00,0.000000e+00,485680.2,181255192576.0,281805.2,58.08,55.72
CSV,250011,25000,9,8,0,4263,0,0.000000e+00,0.000000e+00,460135.7,138487775232.0,265036.8,57.18,54.79
CSV,255011,25500,9,8,0,4363,0,0.000000e+00,0.000000e+00,502367.7,168914665472.0,257081.4,58.18,55.27
CSV,260011,26000,9,8,0,4463,0,0.000000e+00,0.000000e+00,473182.7,195233382400.0,310697.0,57.98,56.16
CSV,265011,26500,9,8,0,4563,0,0.000000e+00,0.000000e+00,490235.1,162249474048.0,288049.5,57.51,55.20
BER: END_SEQ #9 [LOCK] seq_err=0 BER_seq=0.0000e+00 | lock=9 slip=0 BER_cond=0.0000e+00 BER_cum=0.0000e+00
CSV,270011,27000,9,9,0,4599,0,0.000000e+00,0.000000e+00,621669.8,185091981312.0,376493.5,56.92,54.74
BER: SYNC #10 (gated)
CSV,275011,27500,10,9,0,4686,0,0.000000e+00,0.000000e+00,444168.9,182357065728.0,256295.7,58.52,56.13
CSV,280011,28000,10,9,0,4786,0,0.000000e+00,0.000000e+00,405611.8,142569668608.0,241720.5,57.71,55.46
CSV,285011,28500,10,9,0,4886,0,0.000000e+00,0.000000e+00,476630.5,172121456640.0,288862.7,57.75,55.58
CSV,290011,29000,10,9,0,4986,0,0.000000e+00,0.000000e+00,495928.8,176661889024.0,297964.5,57.73,55.52
CSV,295011,29500,10,9,0,5086,0,0.000000e+00,0.000000e+00,448179.9,180774256640.0,297538.4,57.84,56.06
BER: END_SEQ #10 [LOCK] seq_err=0 BER_seq=0.0000e+00 | lock=10 slip=0 BER_cond=0.0000e+00 BER_cum=0.0000e+00
CSV,300011,30000,10,10,0,5110,0,0.000000e+00,0.000000e+00,609323.9,189685776384.0,375060.2,57.04,54.93
BER: SYNC #11 (gated)
CSV,305011,30500,11,10,0,5209,0,0.000000e+00,0.000000e+00,476273.0,171451187200.0,262773.8,58.15,55.56
CSV,310011,31000,11,10,0,5309,0,0.000000e+00,0.000000e+00,413140.0,134497599488.0,246587.7,57.37,55.13
CSV,315011,31500,11,10,0,5409,0,0.000000e+00,0.000000e+00,464576.0,177510629376.0,284696.0,57.95,55.82
CSV,320011,32000,11,10,0,5509,0,0.000000e+00,0.000000e+00,475105.8,184042258432.0,301464.8,57.86,55.88
CSV,325011,32500,11,10,0,5608,0,0.000000e+00,0.000000e+00,475069.2,176017522688.0,275508.0,58.05,55.69
BER: END_SEQ #11 [LOCK] seq_err=0 BER_seq=0.0000e+00 | lock=11 slip=0 BER_cond=0.0000e+00 BER_cum=0.0000e+00
BER: SYNC #12 (gated)
CSV,330011,33000,12,11,0,5632,0,0.000000e+00,0.000000e+00,605043.6,183059070976.0,365861.3,56.99,54.81
CSV,335011,33500,12,11,0,5731,0,0.000000e+00,0.000000e+00,526445.6,176293593088.0,325146.8,57.34,55.25
CSV,340011,34000,12,11,0,5831,0,0.000000e+00,0.000000e+00,449524.9,148102447104.0,267834.4,57.43,55.18
CSV,345011,34500,12,11,0,5931,0,0.000000e+00,0.000000e+00,502746.3,168606580736.0,275717.7,57.86,55.26
CSV,350011,35000,12,11,0,6031,0,0.000000e+00,0.000000e+00,497646.9,187423981568.0,316553.2,57.72,55.76
CSV,355011,35500,12,11,0,6131,0,0.000000e+00,0.000000e+00,487221.6,186126516224.0,286449.8,58.13,55.82
BER: END_SEQ #12 [LOCK] seq_err=0 BER_seq=0.0000e+00 | lock=12 slip=0 BER_cond=0.0000e+00 BER_cum=0.0000e+00
BER: SYNC #13 (gated)
CSV,360011,36000,13,12,0,6154,0,0.000000e+00,0.000000e+00,636034.8,184144986112.0,379550.2,56.86,54.62
CSV,365011,36500,13,12,0,6254,0,0.000000e+00,0.000000e+00,430715.4,155624833024.0,298057.7,57.18,55.58
CSV,370011,37000,13,12,0,6354,0,0.000000e+00,0.000000e+00,463986.8,147809632256.0,262166.0,57.51,55.03
CSV,375011,37500,13,12,0,6454,0,0.000000e+00,0.000000e+00,471894.2,177401724928.0,267037.0,58.22,55.75
CSV,380011,38000,13,12,0,6554,0,0.000000e+00,0.000000e+00,487551.4,180945895424.0,333514.5,57.34,55.70
BER: END_SEQ #13 [LOCK] seq_err=0 BER_seq=0.0000e+00 | lock=13 slip=0 BER_cond=0.0000e+00 BER_cum=0.0000e+00
CSV,385011,38500,13,13,0,6643,0,0.000000e+00,0.000000e+00,457759.0,186269728768.0,301249.2,57.91,56.10
BER: SYNC #14 (gated)
CSV,390011,39000,14,13,0,6677,0,0.000000e+00,0.000000e+00,580111.1,170957307904.0,346643.7,56.93,54.69
CSV,395011,39500,14,13,0,6777,0,0.000000e+00,0.000000e+00,441036.6,152690704384.0,282135.8,57.33,55.39
CSV,400011,40000,14,13,0,6877,0,0.000000e+00,0.000000e+00,500191.0,176306765824.0,293160.7,57.79,55.47
CSV,405011,40500,14,13,0,6977,0,0.000000e+00,0.000000e+00,460673.3,176327049216.0,293772.1,57.78,55.83
CSV,410011,41000,14,13,0,7077,0,0.000000e+00,0.000000e+00,485704.8,169145827328.0,285635.5,57.72,55.42
BER: END_SEQ #14 [LOCK] seq_err=0 BER_seq=0.0000e+00 | lock=14 slip=0 BER_cond=0.0000e+00 BER_cum=0.0000e+00
CSV,415011,41500,14,14,0,7154,0,0.000000e+00,0.000000e+00,524974.4,186621755392.0,307014.7,57.84,55.51
BER: SYNC #15 (gated)
CSV,420011,42000,15,14,0,7200,0,0.000000e+00,0.000000e+00,622134.8,180617003008.0,381914.9,56.75,54.63
CSV,425011,42500,15,14,0,7299,0,0.000000e+00,0.000000e+00,466259.8,141797621760.0,257681.2,57.41,54.83
CSV,430011,43000,15,14,0,7400,0,0.000000e+00,0.000000e+00,532288.0,179231080448.0,302587.2,57.73,55.27
CSV,435011,43500,15,14,0,7500,0,0.000000e+00,0.000000e+00,476787.0,176384442368.0,277308.4,58.03,55.68
CSV,440011,44000,15,14,0,7599,0,0.000000e+00,0.000000e+00,483728.6,184528044032.0,308970.0,57.76,55.81
BER: END_SEQ #15 [LOCK] seq_err=0 BER_seq=0.0000e+00 | lock=15 slip=0 BER_cond=0.0000e+00 BER_cum=0.0000e+00
CSV,445011,44500,15,15,0,7665,0,0.000000e+00,0.000000e+00,594145.8,175464660992.0,373721.5,56.72,54.70
BER: SYNC #16 (gated)
CSV,450011,45000,16,15,0,7722,0,0.000000e+00,0.000000e+00,485349.5,176482729984.0,294793.4,57.77,55.61
CSV,455011,45500,16,15,0,7822,0,0.000000e+00,0.000000e+00,408403.8,141584990208.0,251465.2,57.51,55.40
CSV,460011,46000,16,15,0,7922,0,0.000000e+00,0.000000e+00,466678.8,173987856384.0,270217.2,58.09,55.72
CSV,465011,46500,16,15,0,8022,0,0.000000e+00,0.000000e+00,496906.6,186912768000.0,308428.2,57.82,55.75
CSV,470011,47000,16,15,0,8122,0,0.000000e+00,0.000000e+00,469408.0,162337275904.0,290403.3,57.47,55.39
BER: END_SEQ #16 [LOCK] seq_err=0 BER_seq=0.0000e+00 | lock=16 slip=0 BER_cond=0.0000e+00 BER_cum=0.0000e+00
CSV,475011,47500,16,16,0,8176,0,0.000000e+00,0.000000e+00,535595.8,192060751872.0,329168.9,57.66,55.55
BER: SYNC #17 (gated)
CSV,480011,48000,17,16,0,8245,0,0.000000e+00,0.000000e+00,544205.4,189285056512.0,328072.1,57.61,55.41
CSV,485011,48500,17,16,0,8345,0,0.000000e+00,0.000000e+00,403282.7,135855456256.0,260653.0,57.17,55.27
CSV,490011,49000,17,16,0,8445,0,0.000000e+00,0.000000e+00,495273.3,164805296128.0,290358.2,57.54,55.22
CSV,495011,49500,17,16,0,8545,0,0.000000e+00,0.000000e+00,497898.9,189168336896.0,314247.1,57.80,55.80
CSV,500011,50000,17,16,0,8645,0,0.000000e+00,0.000000e+00,461697.7,170907844608.0,266419.4,58.07,55.68
BER: END_SEQ #17 [LOCK] seq_err=0 BER_seq=0.0000e+00 | lock=17 slip=0 BER_cond=0.0000e+00 BER_cum=0.0000e+00
CSV,505011,50500,17,17,0,8687,0,0.000000e+00,0.000000e+00,636590.9,187875246080.0,400542.8,56.71,54.70
BER: SYNC #18 (gated)
CSV,510011,51000,18,17,0,8768,0,0.000000e+00,0.000000e+00,506447.8,178345279488.0,297723.9,57.77,55.47
CSV,515011,51500,18,17,0,8868,0,0.000000e+00,0.000000e+00,454299.1,146761908224.0,273944.1,57.29,55.09
CSV,520011,52000,18,17,0,8967,0,0.000000e+00,0.000000e+00,506575.8,160648642560.0,270227.2,57.74,55.01
CSV,525011,52500,18,17,0,9068,0,0.000000e+00,0.000000e+00,496213.5,197871337472.0,318102.4,57.94,56.01
CSV,530011,53000,18,17,0,9167,0,0.000000e+00,0.000000e+00,481693.3,166068387840.0,293039.3,57.53,55.38
BER: END_SEQ #18 [LOCK] seq_err=0 BER_seq=0.0000e+00 | lock=18 slip=0 BER_cond=0.0000e+00 BER_cum=0.0000e+00
CSV,535011,53500,18,18,0,9198,0,0.000000e+00,0.000000e+00,634387.8,191074418688.0,379273.0,57.02,54.79
BER: SYNC #19 (gated)
CSV,540011,54000,19,18,0,9290,0,0.000000e+00,0.000000e+00,451788.3,175354953728.0,285767.3,57.88,55.89
CSV,545011,54500,19,18,0,9390,0,0.000000e+00,0.000000e+00,413569.8,139925225472.0,265465.3,57.22,55.29
CSV,550011,55000,19,18,0,9490,0,0.000000e+00,0.000000e+00,488615.3,172721274880.0,286597.2,57.80,55.48
CSV,555011,55500,19,18,0,9590,0,0.000000e+00,0.000000e+00,510126.9,179987087360.0,325778.9,57.42,55.48
CSV,560011,56000,19,18,0,9690,0,0.000000e+00,0.000000e+00,439633.5,183431430144.0,297343.6,57.90,56.20
BER: END_SEQ #19 [LOCK] seq_err=0 BER_seq=0.0000e+00 | lock=19 slip=0 BER_cond=0.0000e+00 BER_cum=0.0000e+00
BER: SYNC #20 (gated)
CSV,565011,56500,20,19,0,9713,0,0.000000e+00,0.000000e+00,620489.9,183990239232.0,380915.2,56.84,54.72
CSV,570011,57000,20,19,0,9813,0,0.000000e+00,0.000000e+00,503936.4,181205729280.0,277051.5,58.16,55.56
CSV,575011,57500,20,19,0,9913,0,0.000000e+00,0.000000e+00,417520.2,131467591680.0,264022.8,56.97,54.98
CSV,580011,58000,20,19,0,10013,0,0.000000e+00,0.000000e+00,465216.4,182086746112.0,290174.7,57.98,55.93
CSV,585011,58500,20,19,0,10113,0,0.000000e+00,0.000000e+00,494406.1,180829421568.0,310328.1,57.65,55.63
CSV,590011,59000,20,19,0,10213,0,0.000000e+00,0.000000e+00,480704.5,176641540096.0,283810.7,57.94,55.65
BER: END_SEQ #20 [LOCK] seq_err=0 BER_seq=0.0000e+00 | lock=20 slip=0 BER_cond=0.0000e+00 BER_cum=0.0000e+00
BER: SYNC #21 (gated)
CSV,595011,59500,21,20,0,10236,0,0.000000e+00,0.000000e+00,614806.2,191052349440.0,378289.2,57.03,54.92
CSV,600011,60000,21,20,0,10336,0,0.000000e+00,0.000000e+00,517655.6,169179447296.0,300677.0,57.50,55.14
CSV,605011,60500,21,20,0,10436,0,0.000000e+00,0.000000e+00,438968.6,149463154688.0,263928.5,57.53,55.32
CSV,610011,61000,21,20,0,10536,0,0.000000e+00,0.000000e+00,480972.2,164753784832.0,278594.2,57.72,55.35
CSV,615011,61500,21,20,0,10636,0,0.000000e+00,0.000000e+00,486953.8,180883931136.0,324625.5,57.46,55.70
BER: END_SEQ #21 [LOCK] seq_err=0 BER_seq=0.0000e+00 | lock=21 slip=0 BER_cond=0.0000e+00 BER_cum=0.0000e+00
CSV,620011,62000,21,21,0,10731,0,0.000000e+00,0.000000e+00,507854.7,193185431552.0,278041.7,58.42,55.80
BER: SYNC #22 (gated)
CSV,625011,62500,22,21,0,10758,0,0.000000e+00,0.000000e+00,612005.9,184303484928.0,379222.8,56.87,54.79
CSV,630011,63000,22,21,0,10858,0,0.000000e+00,0.000000e+00,408342.4,147849494528.0,260330.3,57.54,55.59
CSV,635011,63500,22,21,0,10959,0,0.000000e+00,0.000000e+00,475042.8,161890779136.0,279262.4,57.63,55.32
CSV,640011,64000,22,21,0,11058,0,0.000000e+00,0.000000e+00,479929.4,182295822336.0,293635.0,57.93,55.80
CSV,645011,64500,22,21,0,11158,0,0.000000e+00,0.000000e+00,505026.9,176722411520.0,306072.4,57.61,55.44
BER: END_SEQ #22 [LOCK] seq_err=0 BER_seq=0.0000e+00 | lock=22 slip=0 BER_cond=0.0000e+00 BER_cum=0.0000e+00
CSV,650011,65000,22,22,0,11242,0,0.000000e+00,0.000000e+00,451109.6,183124705280.0,313780.5,57.66,56.08
BER: SYNC #23 (gated)
CSV,655011,65500,23,22,0,11281,0,0.000000e+00,0.000000e+00,607999.7,170781442048.0,357753.8,56.79,54.49
CSV,660011,66000,23,22,0,11381,0,0.000000e+00,0.000000e+00,433035.8,155717582848.0,250996.1,57.93,55.56
CSV,665011,66500,23,22,0,11481,0,0.000000e+00,0.000000e+00,521704.9,177537695744.0,327336.2,57.34,55.32
CSV,670011,67000,23,22,0,11581,0,0.000000e+00,0.000000e+00,439462.4,168065302528.0,277520.3,57.82,55.83
CSV,675011,67500,23,22,0,11681,0,0.000000e+00,0.000000e+00,513669.0,179704053760.0,308386.4,57.65,55.44
BER: END_SEQ #23 [LOCK] seq_err=0 BER_seq=0.0000e+00 | lock=23 slip=0 BER_cond=0.0000e+00 BER_cum=0.0000e+00
CSV,680011,68000,23,23,0,11753,0,0.000000e+00,0.000000e+00,583141.9,188132884480.0,345174.1,57.36,55.09
BER: SYNC #24 (gated)
CSV,685011,68500,24,23,0,11804,0,0.000000e+00,0.000000e+00,566239.8,179897827328.0,337753.2,57.26,55.02
CSV,690011,69000,24,23,0,11904,0,0.000000e+00,0.000000e+00,452566.2,142285094912.0,263025.5,57.33,54.97
CSV,695011,69500,24,23,0,12004,0,0.000000e+00,0.000000e+00,521922.2,179442483200.0,305807.0,57.68,55.36
CSV,700011,70000,24,23,0,12104,0,0.000000e+00,0.000000e+00,482213.4,179409256448.0,279469.2,58.08,55.71
CSV,705011,70500,24,23,0,12204,0,0.000000e+00,0.000000e+00,518281.5,176697229312.0,301405.7,57.68,55.33
BER: END_SEQ #24 [LOCK] seq_err=0 BER_seq=0.0000e+00 | lock=24 slip=0 BER_cond=0.0000e+00 BER_cum=0.0000e+00
CSV,710011,71000,24,24,0,12264,0,0.000000e+00,0.000000e+00,537972.4,181559754752.0,337220.3,57.31,55.28
BER: SYNC #25 (gated)
CSV,715011,71500,25,24,0,12327,0,0.000000e+00,0.000000e+00,507660.9,180125646848.0,310803.1,57.63,55.50
CSV,720011,72000,25,24,0,12427,0,0.000000e+00,0.000000e+00,394379.9,138572529664.0,249012.5,57.45,55.46
CSV,725011,72500,25,24,0,12526,0,0.000000e+00,0.000000e+00,479035.7,174645641216.0,304217.0,57.59,55.62
CSV,730011,73000,25,24,0,12626,0,0.000000e+00,0.000000e+00,522559.5,184567529472.0,304263.3,57.83,55.48
CSV,735011,73500,25,24,0,12727,0,0.000000e+00,0.000000e+00,462090.3,172170919936.0,281496.2,57.86,55.71
BER: END_SEQ #25 [LOCK] seq_err=0 BER_seq=0.0000e+00 | lock=25 slip=0 BER_cond=0.0000e+00 BER_cum=0.0000e+00
CSV,740011,74000,25,25,0,12775,0,0.000000e+00,0.000000e+00,593581.6,190572216320.0,387714.3,56.92,55.07
BER: SYNC #26 (gated)
CSV,745011,74500,26,25,0,12849,0,0.000000e+00,0.000000e+00,485381.7,186522419200.0,285951.7,58.14,55.85
CSV,750011,75000,26,25,0,12949,0,0.000000e+00,0.000000e+00,456419.4,138415734784.0,277708.7,56.98,54.82
CSV,755011,75500,26,25,0,13049,0,0.000000e+00,0.000000e+00,472034.5,164289773568.0,276598.4,57.74,55.42
CSV,760011,76000,26,25,0,13149,0,0.000000e+00,0.000000e+00,480954.5,197318852608.0,304674.9,58.11,56.13
CSV,765011,76500,26,25,0,13249,0,0.000000e+00,0.000000e+00,501219.4,169024716800.0,282595.8,57.77,55.28
BER: END_SEQ #26 [LOCK] seq_err=0 BER_seq=0.0000e+00 | lock=26 slip=0 BER_cond=0.0000e+00 BER_cum=0.0000e+00
CSV,770011,77000,26,26,0,13286,0,0.000000e+00,0.000000e+00,646850.7,181093269504.0,396634.2,56.60,54.47
BER: SYNC #27 (gated)
CSV,775011,77500,27,26,0,13372,0,0.000000e+00,0.000000e+00,449421.1,175903293440.0,285247.0,57.90,55.93
CSV,780011,78000,27,26,0,13472,0,0.000000e+00,0.000000e+00,436540.3,145624563712.0,248582.3,57.68,55.23
CSV,785011,78500,27,26,0,13572,0,0.000000e+00,0.000000e+00,524971.0,174723612672.0,290349.6,57.79,55.22
CSV,790011,79000,27,26,0,13672,0,0.000000e+00,0.000000e+00,499121.7,178943066112.0,312229.8,57.58,55.55
CSV,795011,79500,27,26,0,13772,0,0.000000e+00,0.000000e+00,503195.9,174491172864.0,315040.0,57.43,55.40
BER: END_SEQ #27 [LOCK] seq_err=0 BER_seq=0.0000e+00 | lock=27 slip=0 BER_cond=0.0000e+00 BER_cum=0.0000e+00
CSV,800011,80000,27,27,0,13797,0,0.000000e+00,0.000000e+00,621632.2,190558961664.0,379218.8,57.01,54.86
BER: SYNC #28 (gated)
CSV,805011,80500,28,27,0,13895,0,0.000000e+00,0.000000e+00,406349.2,175181545472.0,244109.5,58.56,56.35
CSV,810011,81000,28,27,0,13995,0,0.000000e+00,0.000000e+00,427613.1,134031892480.0,271798.1,56.93,54.96
CSV,815011,81500,28,27,0,14095,0,0.000000e+00,0.000000e+00,474797.2,175626485760.0,316675.1,57.44,55.68
CSV,820011,82000,28,27,0,14195,0,0.000000e+00,0.000000e+00,503998.5,183129063424.0,294248.2,57.94,55.60
CSV,825011,82500,28,27,0,14295,0,0.000000e+00,0.000000e+00,445152.2,186955235328.0,287538.9,58.13,56.23
BER: END_SEQ #28 [LOCK] seq_err=0 BER_seq=0.0000e+00 | lock=28 slip=0 BER_cond=0.0000e+00 BER_cum=0.0000e+00
BER: SYNC #29 (gated)
CSV,830011,83000,29,28,0,14317,0,0.000000e+00,0.000000e+00,585527.6,182102163456.0,366681.2,56.96,54.93
CSV,835011,83500,29,28,0,14417,0,0.000000e+00,0.000000e+00,513998.8,172530991104.0,306788.4,57.50,55.26
CSV,840011,84000,29,28,0,14518,0,0.000000e+00,0.000000e+00,440855.8,146763087872.0,268272.1,57.38,55.22
CSV,845011,84500,29,28,0,14617,0,0.000000e+00,0.000000e+00,469244.1,173075152896.0,296911.8,57.66,55.67
CSV,850011,85000,29,28,0,14717,0,0.000000e+00,0.000000e+00,530748.1,187311620096.0,319512.8,57.68,55.48
CSV,855011,85500,29,28,0,14817,0,0.000000e+00,0.000000e+00,463812.6,180603797504.0,272771.3,58.21,55.90
BER: END_SEQ #29 [LOCK] seq_err=0 BER_seq=0.0000e+00 | lock=29 slip=0 BER_cond=0.0000e+00 BER_cum=0.0000e+00
BER: SYNC #30 (gated)
CSV,860011,86000,30,29,0,14840,0,0.000000e+00,0.000000e+00,643342.8,181923807232.0,380028.8,56.80,54.51
CSV,865011,86500,30,29,0,14940,0,0.000000e+00,0.000000e+00,486603.9,166739591168.0,275966.1,57.81,55.35
CSV,870011,87000,30,29,0,15040,0,0.000000e+00,0.000000e+00,446185.8,148341096448.0,278963.3,57.26,55.22
CSV,875011,87500,30,29,0,15140,0,0.000000e+00,0.000000e+00,503090.3,173766508544.0,296375.5,57.68,55.38
CSV,880011,88000,30,29,0,15240,0,0.000000e+00,0.000000e+00,475476.2,177704402944.0,295637.7,57.79,55.73
BER: END_SEQ #30 [LOCK] seq_err=0 BER_seq=0.0000e+00 | lock=30 slip=0 BER_cond=0.0000e+00 BER_cum=0.0000e+00
CSV,885011,88500,30,30,0,15330,0,0.000000e+00,0.000000e+00,522434.3,192852279296.0,313983.2,57.88,55.67
BER: SYNC #31 (gated)
CSV,890011,89000,31,30,0,15363,0,0.000000e+00,0.000000e+00,574714.9,176980115456.0,331371.2,57.28,54.88
CSV,895011,89500,31,30,0,15463,0,0.000000e+00,0.000000e+00,405451.9,147743637504.0,268856.1,57.40,55.62
CSV,900011,90000,31,30,0,15563,0,0.000000e+00,0.000000e+00,492571.3,173450821632.0,331157.5,57.19,55.47
CSV,905011,90500,31,30,0,15663,0,0.000000e+00,0.000000e+00,487497.0,178834702336.0,312016.5,57.58,55.64
CSV,910011,91000,31,30,0,15763,0,0.000000e+00,0.000000e+00,505408.4,170927636480.0,293402.0,57.65,55.29
BER: END_SEQ #31 [LOCK] seq_err=0 BER_seq=0.0000e+00 | lock=31 slip=0 BER_cond=0.0000e+00 BER_cum=0.0000e+00
CSV,915011,91500,31,31,0,15841,0,0.000000e+00,0.000000e+00,469303.3,184636473344.0,287718.5,58.07,55.95
BER: SYNC #32 (gated)
CSV,920011,92000,32,31,0,15886,0,0.000000e+00,0.000000e+00,598323.2,171725520896.0,355322.9,56.84,54.58
CSV,925011,92500,32,31,0,15986,0,0.000000e+00,0.000000e+00,430441.3,150568501248.0,246425.1,57.86,55.44
CSV,930011,93000,32,31,0,16085,0,0.000000e+00,0.000000e+00,523045.5,178975506432.0,323412.6,57.43,55.34
CSV,935011,93500,32,31,0,16186,0,0.000000e+00,0.000000e+00,461578.8,172658081792.0,274579.2,57.99,55.73
CSV,940011,94000,32,31,0,16285,0,0.000000e+00,0.000000e+00,491167.9,181170601984.0,301136.0,57.79,55.67
BER: END_SEQ #32 [LOCK] seq_err=0 BER_seq=0.0000e+00 | lock=32 slip=0 BER_cond=0.0000e+00 BER_cum=0.0000e+00
CSV,945011,94500,32,32,0,16352,0,0.000000e+00,0.000000e+00,606019.4,184884772864.0,349750.8,57.23,54.84
BER: SYNC #33 (gated)
CSV,950011,95000,33,32,0,16408,0,0.000000e+00,0.000000e+00,514624.4,179240812544.0,302436.5,57.73,55.42
CSV,955011,95500,33,32,0,16508,0,0.000000e+00,0.000000e+00,465399.2,141151354880.0,275485.0,57.10,54.82
CSV,960011,96000,33,32,0,16608,0,0.000000e+00,0.000000e+00,491474.3,170765811712.0,288296.7,57.73,55.41
CSV,965011,96500,33,32,0,16708,0,0.000000e+00,0.000000e+00,498876.4,193186594816.0,304110.6,58.03,55.88
CSV,970011,97000,33,32,0,16808,0,0.000000e+00,0.000000e+00,511664.2,165625921536.0,301033.1,57.41,55.10
BER: END_SEQ #33 [LOCK] seq_err=0 BER_seq=0.0000e+00 | lock=33 slip=0 BER_cond=0.0000e+00 BER_cum=0.0000e+00
CSV,975011,97500,33,33,0,16863,0,0.000000e+00,0.000000e+00,562950.5,186016628736.0,328975.9,57.52,55.19
BER: SYNC #34 (gated)
CSV,980011,98000,34,33,0,16931,0,0.000000e+00,0.000000e+00,496204.2,183773544448.0,299599.7,57.88,55.69
CSV,985011,98500,34,33,0,17031,0,0.000000e+00,0.000000e+00,410407.7,138987995136.0,263595.7,57.22,55.30
CSV,990011,99000,34,33,0,17131,0,0.000000e+00,0.000000e+00,468892.1,172156698624.0,308510.9,57.47,55.65
CSV,995011,99500,34,33,0,17231,0,0.000000e+00,0.000000e+00,530763.9,184235261952.0,317027.2,57.64,55.40
CSV,1000011,100000,34,33,0,17331,0,0.000000e+00,0.000000e+00,455248.6,166376374272.0,268628.0,57.92,55.63
BER: END_SEQ #34 [LOCK] seq_err=0 BER_seq=0.0000e+00 | lock=34 slip=0 BER_cond=0.0000e+00 BER_cum=0.0000e+00
CSV,1005011,100500,34,34,0,17374,0,0.000000e+00,0.000000e+00,615382.0,195176448000.0,397872.2,56.91,55.01
BER: SYNC #35 (gated)
CSV,1010011,101000,35,34,0,17454,0,0.000000e+00,0.000000e+00,507585.3,187364786176.0,300022.0,57.96,55.67
CSV,1015011,101500,35,34,0,17554,0,0.000000e+00,0.000000e+00,446612.9,141673627648.0,264235.4,57.29,55.01
CSV,1020011,102000,35,34,0,17654,0,0.000000e+00,0.000000e+00,482337.4,158051893248.0,309355.3,57.08,55.15
CSV,1025011,102500,35,34,0,17754,0,0.000000e+00,0.000000e+00,497824.8,198904053760.0,309238.1,58.08,56.02
CSV,1030011,103000,35,34,0,17854,0,0.000000e+00,0.000000e+00,506469.4,174313259008.0,296623.0,57.69,55.37
BER: END_SEQ #35 [LOCK] seq_err=0 BER_seq=0.0000e+00 | lock=35 slip=0 BER_cond=0.0000e+00 BER_cum=0.0000e+00
CSV,1035011,103500,35,35,0,17885,0,0.000000e+00,0.000000e+00,616562.4,187040792576.0,378078.7,56.94,54.82
BER: SYNC #36 (gated)
CSV,1040011,104000,36,35,0,17976,0,0.000000e+00,0.000000e+00,438037.2,166193233920.0,260015.6,58.06,55.79
CSV,1045011,104500,36,35,0,18076,0,0.000000e+00,0.000000e+00,464544.5,144673128448.0,272658.2,57.25,54.93
CSV,1050011,105000,36,35,0,18176,0,0.000000e+00,0.000000e+00,503776.6,178314952704.0,290595.9,57.88,55.49
CSV,1055011,105500,36,35,0,18276,0,0.000000e+00,0.000000e+00,528726.1,176131047424.0,312934.8,57.50,55.23
CSV,1060011,106000,36,35,0,18376,0,0.000000e+00,0.000000e+00,468327.5,175370911744.0,290779.4,57.80,55.73
BER: END_SEQ #36 [LOCK] seq_err=0 BER_seq=0.0000e+00 | lock=36 slip=0 BER_cond=0.0000e+00 BER_cum=0.0000e+00
BER: SYNC #37 (gated)
CSV,1065011,106500,37,36,0,18399,0,0.000000e+00,0.000000e+00,613884.5,190306451456.0,373480.4,57.07,54.91
CSV,1070011,107000,37,36,0,18499,0,0.000000e+00,0.000000e+00,449213.8,183680434176.0,278611.3,58.19,56.12
CSV,1075011,107500,37,36,0,18599,0,0.000000e+00,0.000000e+00,411325.8,132457627648.0,266284.6,56.97,55.08
CSV,1080011,108000,37,36,0,18699,0,0.000000e+00,0.000000e+00,480330.8,176402939904.0,311985.0,57.52,55.65
CSV,1085011,108500,37,36,0,18799,0,0.000000e+00,0.000000e+00,519040.3,183405969408.0,310726.1,57.71,55.48
CSV,1090011,109000,37,36,0,18899,0,0.000000e+00,0.000000e+00,428231.8,179825885184.0,277082.1,58.12,56.23
BER: END_SEQ #37 [LOCK] seq_err=0 BER_seq=0.0000e+00 | lock=37 slip=0 BER_cond=0.0000e+00 BER_cum=0.0000e+00
BER: SYNC #38 (gated)
CSV,1095011,109500,38,37,0,18922,0,0.000000e+00,0.000000e+00,630364.7,193912995840.0,383158.1,57.04,54.88
CSV,1100011,110000,38,37,0,19022,0,0.000000e+00,0.000000e+00,486393.7,161912733696.0,280135.4,57.62,55.22
CSV,1105011,110500,38,37,0,19122,0,0.000000e+00,0.000000e+00,460663.5,148466335744.0,282718.6,57.20,55.08
CSV,1110011,111000,38,37,0,19222,0,0.000000e+00,0.000000e+00,460371.9,174509015040.0,279823.2,57.95,55.79
CSV,1115011,111500,38,37,0,19322,0,0.000000e+00,0.000000e+00,517696.5,180976648192.0,317243.1,57.56,55.44
BER: END_SEQ #38 [LOCK] seq_err=0 BER_seq=0.0000e+00 | lock=38 slip=0 BER_cond=0.0000e+00 BER_cum=0.0000e+00
CSV,1120011,112000,38,38,0,19418,0,0.000000e+00,0.000000e+00,506605.0,187130101760.0,291726.7,58.07,55.67
BER: SYNC #39 (gated)
CSV,1125011,112500,39,38,0,19445,0,0.000000e+00,0.000000e+00,603875.9,183059873792.0,375051.4,56.89,54.82
CSV,1130011,113000,39,38,0,19544,0,0.000000e+00,0.000000e+00,462898.1,154467500032.0,268193.4,57.60,55.23
CSV,1135011,113500,39,38,0,19645,0,0.000000e+00,0.000000e+00,460685.5,159147180032.0,289766.7,57.40,55.38
CSV,1140011,114000,39,38,0,19745,0,0.000000e+00,0.000000e+00,511728.2,176569729024.0,313724.8,57.50,55.38
CSV,1145011,114500,39,38,0,19845,0,0.000000e+00,0.000000e+00,501824.3,177905451008.0,298418.4,57.75,55.50
BER: END_SEQ #39 [LOCK] seq_err=0 BER_seq=0.0000e+00 | lock=39 slip=0 BER_cond=0.0000e+00 BER_cum=0.0000e+00
CSV,1150011,115000,39,39,0,19929,0,0.000000e+00,0.000000e+00,502539.5,189507518464.0,312760.6,57.82,55.76
BER: SYNC #40 (gated)
CSV,1155011,115500,40,39,0,19967,0,0.000000e+00,0.000000e+00,553309.6,171571134464.0,345572.6,56.96,54.91
CSV,1160011,116000,40,39,0,20067,0,0.000000e+00,0.000000e+00,408215.4,146828443648.0,258401.0,57.55,55.56
CSV,1165011,116500,40,39,0,20167,0,0.000000e+00,0.000000e+00,492490.5,176998367232.0,347991.4,57.06,55.56
CSV,1170011,117000,40,39,0,20267,0,0.000000e+00,0.000000e+00,454644.8,172644843520.0,287767.0,57.78,55.79
CSV,1175011,117500,40,39,0,20367,0,0.000000e+00,0.000000e+00,519302.6,180833959936.0,303629.5,57.75,55.42
BER: END_SEQ #40 [LOCK] seq_err=0 BER_seq=0.0000e+00 | lock=40 slip=0 BER_cond=0.0000e+00 BER_cum=0.0000e+00
CSV,1180011,118000,40,40,0,20440,0,0.000000e+00,0.000000e+00,489586.6,179648364544.0,317175.7,57.53,55.65
BER: SYNC #41 (gated)
CSV,1185011,118500,41,40,0,20490,0,0.000000e+00,0.000000e+00,562030.8,175040380928.0,340308.6,57.11,54.93
CSV,1190011,119000,41,40,0,20590,0,0.000000e+00,0.000000e+00,425193.4,149231763456.0,268660.0,57.45,55.45
CSV,1195011,119500,41,40,0,20690,0,0.000000e+00,0.000000e+00,526081.7,178842992640.0,312584.2,57.58,55.31
CSV,1200011,120000,41,40,0,20790,0,0.000000e+00,0.000000e+00,463373.2,172211994624.0,280457.0,57.88,55.70
CSV,1205011,120500,41,40,0,20890,0,0.000000e+00,0.000000e+00,514357.6,176302063616.0,315337.7,57.47,55.35
BER: END_SEQ #41 [LOCK] seq_err=0 BER_seq=0.0000e+00 | lock=41 slip=0 BER_cond=0.0000e+00 BER_cum=0.0000e+00
CSV,1210011,121000,41,41,0,20951,0,0.000000e+00,0.000000e+00,589024.1,186247987200.0,354273.3,57.21,55.00
BER: SYNC #42 (gated)
CSV,1215011,121500,42,41,0,21013,0,0.000000e+00,0.000000e+00,491293.9,181698314240.0,284376.1,58.05,55.68
CSV,1220011,122000,42,41,0,21113,0,0.000000e+00,0.000000e+00,450052.3,136587370496.0,252243.1,57.34,54.82
CSV,1225011,122500,42,41,0,21213,0,0.000000e+00,0.000000e+00,495520.9,169812426752.0,320108.3,57.25,55.35
CSV,1230011,123000,42,41,0,21313,0,0.000000e+00,0.000000e+00,489132.2,189475094528.0,299859.8,58.01,55.88
CSV,1235011,123500,42,41,0,21413,0,0.000000e+00,0.000000e+00,520924.1,171431313408.0,318875.2,57.30,55.17
BER: END_SEQ #42 [LOCK] seq_err=0 BER_seq=0.0000e+00 | lock=42 slip=0 BER_cond=0.0000e+00 BER_cum=0.0000e+00
CSV,1240011,124000,42,42,0,21462,0,0.000000e+00,0.000000e+00,560020.5,183940988928.0,334003.6,57.41,55.16
BER: SYNC #43 (gated)
CSV,1245011,124500,43,42,0,21535,0,0.000000e+00,0.000000e+00,469040.3,183757193216.0,294585.9,57.95,55.93
CSV,1250011,125000,43,42,0,21635,0,0.000000e+00,0.000000e+00,436211.8,143073673216.0,285371.4,57.00,55.16
CSV,1255011,125500,43,42,0,21735,0,0.000000e+00,0.000000e+00,451703.0,163480649728.0,299657.8,57.37,55.59
CSV,1260011,126000,43,42,0,21835,0,0.000000e+00,0.000000e+00,537968.2,194322268160.0,308933.0,57.99,55.58
CSV,1265011,126500,43,42,0,21935,0,0.000000e+00,0.000000e+00,462847.6,164729831424.0,284991.7,57.62,55.51
BER: END_SEQ #43 [LOCK] seq_err=0 BER_seq=0.0000e+00 | lock=43 slip=0 BER_cond=0.0000e+00 BER_cum=0.0000e+00
CSV,1270011,127000,43,43,0,21973,0,0.000000e+00,0.000000e+00,629158.1,189720657920.0,413139.9,56.62,54.79
BER: SYNC #44 (gated)
CSV,1275011,127500,44,43,0,22058,0,0.000000e+00,0.000000e+00,479309.5,179797409792.0,299359.1,57.79,55.74
CSV,1280011,128000,44,43,0,22158,0,0.000000e+00,0.000000e+00,434247.7,144491102208.0,256267.8,57.51,55.22
CSV,1285011,128500,44,43,0,22258,0,0.000000e+00,0.000000e+00,486186.0,167490174976.0,302036.3,57.44,55.37
CSV,1290011,129000,44,43,0,22358,0,0.000000e+00,0.000000e+00,482654.9,186937196544.0,295995.5,58.00,55.88
CSV,1295011,129500,44,43,0,22458,0,0.000000e+00,0.000000e+00,527375.3,177748803584.0,312420.2,57.55,55.28
BER: END_SEQ #44 [LOCK] seq_err=0 BER_seq=0.0000e+00 | lock=44 slip=0 BER_cond=0.0000e+00 BER_cum=0.0000e+00
CSV,1300011,130000,44,44,0,22484,0,0.000000e+00,0.000000e+00,618320.4,185409028096.0,372228.6,56.97,54.77
BER: SYNC #45 (gated)
CSV,1305011,130500,45,44,0,22581,0,0.000000e+00,0.000000e+00,434834.4,172005916672.0,262549.9,58.16,55.97
CSV,1310011,131000,45,44,0,22681,0,0.000000e+00,0.000000e+00,471577.7,138172530688.0,277305.1,56.97,54.67
CSV,1315011,131500,45,44,0,22781,0,0.000000e+00,0.000000e+00,488354.4,180079886336.0,296081.8,57.84,55.67
CSV,1320011,132000,45,44,0,22881,0,0.000000e+00,0.000000e+00,542189.8,175421620224.0,329767.0,57.26,55.10
CSV,1325011,132500,45,44,0,22981,0,0.000000e+00,0.000000e+00,457460.3,179458146304.0,283115.1,58.02,55.94
BER: END_SEQ #45 [LOCK] seq_err=0 BER_seq=0.0000e+00 | lock=45 slip=0 BER_cond=0.0000e+00 BER_cum=0.0000e+00
BER: SYNC #46 (gated)
CSV,1330011,133000,46,45,0,23004,0,0.000000e+00,0.000000e+00,619329.4,189044736000.0,373040.4,57.05,54.85
CSV,1335011,133500,46,45,0,23104,0,0.000000e+00,0.000000e+00,437145.1,177096048640.0,271430.6,58.15,56.08
CSV,1340011,134000,46,45,0,23204,0,0.000000e+00,0.000000e+00,431131.1,140768591872.0,271105.1,57.15,55.14
CSV,1345011,134500,46,45,0,23303,0,0.000000e+00,0.000000e+00,495078.5,168661778432.0,322928.5,57.18,55.32
CSV,1350011,135000,46,45,0,23404,0,0.000000e+00,0.000000e+00,520536.2,185670074368.0,310019.5,57.77,55.52
CSV,1355011,135500,46,45,0,23503,0,0.000000e+00,0.000000e+00,411101.7,183869308928.0,269446.4,58.34,56.51
BER: END_SEQ #46 [LOCK] seq_err=0 BER_seq=0.0000e+00 | lock=46 slip=0 BER_cond=0.0000e+00 BER_cum=0.0000e+00
BER: SYNC #47 (gated)
CSV,1360011,136000,47,46,0,23526,0,0.000000e+00,0.000000e+00,630338.1,178992332800.0,385679.3,56.67,54.53
CSV,1365011,136500,47,46,0,23626,0,0.000000e+00,0.000000e+00,485577.4,161192591360.0,277030.2,57.65,55.21
CSV,1370011,137000,47,46,0,23726,0,0.000000e+00,0.000000e+00,454510.4,149199863808.0,297212.9,57.01,55.16
CSV,1375011,137500,47,46,0,23826,0,0.000000e+00,0.000000e+00,462017.3,181260189696.0,284824.4,58.04,55.94
CSV,1380011,138000,47,46,0,23926,0,0.000000e+00,0.000000e+00,508746.9,176452763648.0,321700.2,57.39,55.40
BER: END_SEQ #47 [LOCK] seq_err=0 BER_seq=0.0000e+00 | lock=47 slip=0 BER_cond=0.0000e+00 BER_cum=0.0000e+00
CSV,1385011,138500,47,47,0,24017,0,0.000000e+00,0.000000e+00,524024.1,184700567552.0,309454.4,57.76,55.47
BER: SYNC #48 (gated)
CSV,1390011,139000,48,47,0,24049,0,0.000000e+00,0.000000e+00,574015.1,178712444928.0,350895.2,57.07,54.93
CSV,1395011,139500,48,47,0,24149,0,0.000000e+00,0.000000e+00,481540.8,153736331264.0,263292.2,57.66,55.04
CSV,1400011,140000,48,47,0,24249,0,0.000000e+00,0.000000e+00,468868.9,172757303296.0,298503.8,57.62,55.66
CSV,1405011,140500,48,47,0,24349,0,0.000000e+00,0.000000e+00,515600.7,172623249408.0,304573.0,57.53,55.25
CSV,1410011,141000,48,47,0,24449,0,0.000000e+00,0.000000e+00,503204.0,168762114048.0,309182.0,57.37,55.26
BER: END_SEQ #48 [LOCK] seq_err=0 BER_seq=0.0000e+00 | lock=48 slip=0 BER_cond=0.0000e+00 BER_cum=0.0000e+00
CSV,1415011,141500,48,48,0,24528,0,0.000000e+00,0.000000e+00,508100.7,192512589824.0,300797.4,58.06,55.79
BER: SYNC #49 (gated)
CSV,1420011,142000,49,48,0,24572,0,0.000000e+00,0.000000e+00,540340.8,171442356224.0,341578.4,57.01,55.01
CSV,1425011,142500,49,48,0,24672,0,0.000000e+00,0.000000e+00,401340.4,144269246464.0,257852.8,57.48,55.56
CSV,1430011,143000,49,48,0,24772,0,0.000000e+00,0.000000e+00,510992.2,181378531328.0,360049.8,57.02,55.50
CSV,1435011,143500,49,48,0,24871,0,0.000000e+00,0.000000e+00,466371.4,175756148736.0,280795.5,57.97,55.76
CSV,1440011,144000,49,48,0,24972,0,0.000000e+00,0.000000e+00,531109.1,184086413312.0,307722.5,57.77,55.40
BER: END_SEQ #49 [LOCK] seq_err=0 BER_seq=0.0000e+00 | lock=49 slip=0 BER_cond=0.0000e+00 BER_cum=0.0000e+00
CSV,1445011,144500,49,49,0,25039,0,0.000000e+00,0.000000e+00,482288.0,175100133376.0,332817.8,57.21,55.60
BER: SYNC #50 (gated)
CSV,1450011,145000,50,49,0,25095,0,0.000000e+00,0.000000e+00,549829.2,175958900736.0,320820.6,57.39,55.05
CSV,1455011,145500,50,49,0,25194,0,0.000000e+00,0.000000e+00,442669.7,147564085248.0,285026.9,57.14,55.23
CSV,1460011,146000,50,49,0,25294,0,0.000000e+00,0.000000e+00,502724.3,174033502208.0,312322.0,57.46,55.39
CSV,1465011,146500,50,49,0,25394,0,0.000000e+00,0.000000e+00,483425.1,185174097920.0,306177.9,57.82,55.83
CSV,1470011,147000,50,49,0,25494,0,0.000000e+00,0.000000e+00,521199.9,164730929152.0,306283.5,57.31,55.00
BER: END_SEQ #50 [LOCK] seq_err=0 BER_seq=0.0000e+00 | lock=50 slip=0 BER_cond=0.0000e+00 BER_cum=0.0000e+00
CSV,1475011,147500,50,50,0,25550,0,0.000000e+00,0.000000e+00,624863.4,192428228608.0,384010.1,57.00,54.88
BER: SYNC #51 (gated)
CSV,1480011,148000,51,50,0,25617,0,0.000000e+00,0.000000e+00,485355.3,183346626560.0,288194.8,58.04,55.77
CSV,1485011,148500,51,50,0,25717,0,0.000000e+00,0.000000e+00,469235.7,132648566784.0,267113.5,56.96,54.51
CSV,1490011,149000,51,50,0,25817,0,0.000000e+00,0.000000e+00,515716.6,170295853056.0,320485.2,57.25,55.19
CSV,1495011,149500,51,50,0,25917,0,0.000000e+00,0.000000e+00,505802.1,191145476096.0,342059.8,57.47,55.77
CSV,1500011,150000,51,50,0,26017,0,0.000000e+00,0.000000e+00,515078.2,166771965952.0,297810.5,57.48,55.10
BER: END_SEQ #51 [LOCK] seq_err=0 BER_seq=0.0000e+00 | lock=51 slip=0 BER_cond=0.0000e+00 BER_cum=0.0000e+00
CSV,1505011,150500,51,51,0,26061,0,0.000000e+00,0.000000e+00,595114.4,184884461568.0,351723.6,57.21,54.92

=========================================
=== END OF TEST (duration=25 min) ===
=========================================
FINAL: syncs=51 lock=51 slip=0 slip_rate=0.0000
FINAL: bits_cum=26061 err_cum=0 BER_cum=0.0000e+00
FINAL: bits_lock=26061 err_lock=0 BER_cond=0.0000e+00
=========================================
=== STOP LOGGING NOW ===
=========================================
