

=== RX BOOT - BER TEST MODE ===
BPS_MODE=20 (HALF_SAMPLES=2000, 10000 samples/bit @ 200000 Hz)
Expect: 64-bit preamble + Barker13 (1F35h, gated by 8 preamble bits = 0x55) + 511-bit PRBS-9
Noise floor band: 5000 Hz; lock threshold: BER<0.10
Auto-stop: test will halt 25 min after the first sync.
RX: edge-tracking sync, center-3 voting
Starting decoder...

CSV,5010,500,0,0,0,0,0,0.000000e+00,0.000000e+00,153316245504.0,126372536320.0,1260586.1,50.85,0.84
BER: SYNC #1 (gated)
CSV,10010,1000,1,0,0,82,0,0.000000e+00,0.000000e+00,150048538624.0,137733357568.0,950481.8,51.98,0.37
CSV,15010,1500,1,0,0,182,0,0.000000e+00,0.000000e+00,187080163328.0,114624061440.0,816517.6,53.60,2.13
CSV,20010,2000,1,0,0,282,0,0.000000e+00,0.000000e+00,168852815872.0,121399967744.0,979171.4,52.37,1.43
CSV,25010,2500,1,0,0,381,0,0.000000e+00,0.000000e+00,133533556736.0,147034226688.0,926338.3,52.01,0.42
CSV,30010,3000,1,0,0,481,0,0.000000e+00,0.000000e+00,162881503232.0,127322456064.0,995472.4,52.14,1.07
BER: END_SEQ #1 [LOCK] seq_err=0 BER_seq=0.0000e+00 | lock=1 slip=0 BER_cond=0.0000e+00 BER_cum=0.0000e+00
CSV,35010,3500,1,1,0,511,0,0.000000e+00,0.000000e+00,143221702656.0,148898103296.0,1523284.2,49.90,0.17
BER: SYNC #2 (gated)
CSV,40010,4000,2,1,0,604,0,0.000000e+00,0.000000e+00,157079076864.0,132139032576.0,876961.2,52.53,0.75
CSV,45010,4500,2,1,0,704,0,0.000000e+00,0.000000e+00,189438148608.0,102048546816.0,948075.6,53.01,2.69
CSV,50010,5000,2,1,0,804,0,0.000000e+00,0.000000e+00,153287147520.0,134244655104.0,855906.8,52.53,0.58
CSV,55010,5500,2,1,0,904,0,0.000000e+00,0.000000e+00,155626766336.0,139722539008.0,974471.8,52.03,0.47
CSV,60010,6000,2,1,0,1004,0,0.000000e+00,0.000000e+00,153310560256.0,136504664064.0,763202.8,53.03,0.50
BER: END_SEQ #2 [LOCK] seq_err=0 BER_seq=0.0000e+00 | lock=2 slip=0 BER_cond=0.0000e+00 BER_cum=0.0000e+00
BER: SYNC #3 (gated)
CSV,65010,6500,3,2,0,1027,0,0.000000e+00,0.000000e+00,138467295232.0,137919152128.0,1609028.8,49.35,0.02
CSV,70010,7000,3,2,0,1127,0,0.000000e+00,0.000000e+00,147080839168.0,139267014656.0,844558.6,52.41,0.24
CSV,75010,7500,3,2,0,1227,0,0.000000e+00,0.000000e+00,197847433216.0,103925039104.0,943228.1,53.22,2.80
CSV,80010,8000,3,2,0,1327,0,0.000000e+00,0.000000e+00,153507823616.0,133501255680.0,978787.3,51.95,0.61
CSV,85010,8500,3,2,0,1427,0,0.000000e+00,0.000000e+00,145371250688.0,136228954112.0,938268.5,51.90,0.28
CSV,90010,9000,3,2,0,1527,0,0.000000e+00,0.000000e+00,152694816768.0,134380281856.0,763515.2,53.01,0.55
BER: END_SEQ #3 [LOCK] seq_err=0 BER_seq=0.0000e+00 | lock=3 slip=0 BER_cond=0.0000e+00 BER_cum=0.0000e+00
BER: SYNC #4 (gated)
CSV,95010,9500,4,3,0,1550,0,0.000000e+00,0.000000e+00,142843396096.0,147568558080.0,1596956.5,49.66,0.14
CSV,100010,10000,4,3,0,1650,0,0.000000e+00,0.000000e+00,162296659968.0,126985986048.0,893426.1,52.59,1.07
CSV,105010,10500,4,3,0,1750,0,0.000000e+00,0.000000e+00,179785449472.0,108720529408.0,931156.2,52.86,2.18
CSV,110010,11000,4,3,0,1850,0,0.000000e+00,0.000000e+00,157438738432.0,128194912256.0,1006568.9,51.94,0.89
CSV,115010,11500,4,3,0,1950,0,0.000000e+00,0.000000e+00,156745957376.0,138052780032.0,903124.8,52.39,0.55
BER: END_SEQ #4 [LOCK] seq_err=0 BER_seq=0.0000e+00 | lock=4 slip=0 BER_cond=0.0000e+00 BER_cum=0.0000e+00
CSV,120010,12000,4,4,0,2044,0,0.000000e+00,0.000000e+00,140684312576.0,146913230848.0,1013105.5,51.61,0.19
BER: SYNC #5 (gated)
CSV,125010,12500,5,4,0,2072,0,0.000000e+00,0.000000e+00,142914600960.0,132899233792.0,1597889.4,49.52,0.32
CSV,130010,13000,5,4,0,2172,0,0.000000e+00,0.000000e+00,177334190080.0,112011476992.0,1020010.9,52.40,2.00
CSV,135010,13500,5,4,0,2272,0,0.000000e+00,0.000000e+00,165799542784.0,128063889408.0,1016564.4,52.12,1.12
CSV,140010,14000,5,4,0,2372,0,0.000000e+00,0.000000e+00,154706378752.0,132902658048.0,824400.9,52.73,0.66
CSV,145010,14500,5,4,0,2472,0,0.000000e+00,0.000000e+00,151627120640.0,128352116736.0,902793.4,52.25,0.72
BER: END_SEQ #5 [LOCK] seq_err=0 BER_seq=0.0000e+00 | lock=5 slip=0 BER_cond=0.0000e+00 BER_cum=0.0000e+00
CSV,150010,15000,5,5,0,2555,0,0.000000e+00,0.000000e+00,140451446784.0,138817552384.0,992936.2,51.51,0.05
BER: SYNC #6 (gated)
CSV,155010,15500,6,5,0,2595,0,0.000000e+00,0.000000e+00,155817623552.0,131598958592.0,1348869.1,50.63,0.73
CSV,160010,16000,6,5,0,2695,0,0.000000e+00,0.000000e+00,176437018624.0,113819869184.0,923819.1,52.81,1.90
CSV,165010,16500,6,5,0,2795,0,0.000000e+00,0.000000e+00,149254537216.0,129323474944.0,923689.7,52.08,0.62
CSV,170010,17000,6,5,0,2895,0,0.000000e+00,0.000000e+00,156361687040.0,127154528256.0,831336.5,52.74,0.90
CSV,175010,17500,6,5,0,2995,0,0.000000e+00,0.000000e+00,151136436224.0,139489345536.0,939442.0,52.06,0.35
BER: END_SEQ #6 [LOCK] seq_err=0 BER_seq=0.0000e+00 | lock=6 slip=0 BER_cond=0.0000e+00 BER_cum=0.0000e+00
CSV,180010,18000,6,6,0,3066,0,0.000000e+00,0.000000e+00,148488781824.0,137561636864.0,1178568.8,51.00,0.33
BER: SYNC #7 (gated)
CSV,185010,18500,7,6,0,3118,0,0.000000e+00,0.000000e+00,148447068160.0,129838374912.0,1228950.5,50.82,0.58
CSV,190010,19000,7,6,0,3218,0,0.000000e+00,0.000000e+00,182369533952.0,107437309952.0,895700.1,53.09,2.30
CSV,195010,19500,7,6,0,3318,0,0.000000e+00,0.000000e+00,151368056832.0,138595745792.0,993800.4,51.83,0.38
CSV,200010,20000,7,6,0,3418,0,0.000000e+00,0.000000e+00,151744741376.0,134904700928.0,861747.1,52.46,0.51
CSV,205010,20500,7,6,0,3518,0,0.000000e+00,0.000000e+00,154023100416.0,125119766528.0,1036206.3,51.72,0.90
BER: END_SEQ #7 [LOCK] seq_err=0 BER_seq=0.0000e+00 | lock=7 slip=0 BER_cond=0.0000e+00 BER_cum=0.0000e+00
CSV,210010,21000,7,7,0,3577,0,0.000000e+00,0.000000e+00,140653920256.0,134878789632.0,1274511.0,50.43,0.18
BER: SYNC #8 (gated)
CSV,215010,21500,8,7,0,3641,0,0.000000e+00,0.000000e+00,145739563008.0,138559275008.0,1089778.2,51.26,0.22
CSV,220010,22000,8,7,0,3741,0,0.000000e+00,0.000000e+00,193779482624.0,99511304192.0,839503.2,53.63,2.89
CSV,225010,22500,8,7,0,3840,0,0.000000e+00,0.000000e+00,151026335744.0,127302311936.0,850979.4,52.49,0.74
CSV,230010,23000,8,7,0,3940,0,0.000000e+00,0.000000e+00,140783747072.0,134952230912.0,811086.6,52.39,0.18
CSV,235010,23500,8,7,0,4040,0,0.000000e+00,0.000000e+00,153328566272.0,128400064512.0,975366.0,51.96,0.77
BER: END_SEQ #8 [LOCK] seq_err=0 BER_seq=0.0000e+00 | lock=8 slip=0 BER_cond=0.0000e+00 BER_cum=0.0000e+00
CSV,240010,24000,8,8,0,4088,0,0.000000e+00,0.000000e+00,140303040512.0,134611984384.0,1359829.8,50.14,0.18
BER: SYNC #9 (gated)
CSV,245010,24500,9,8,0,4163,0,0.000000e+00,0.000000e+00,140320456704.0,131970654208.0,936258.6,51.76,0.27
CSV,250010,25000,9,8,0,4263,0,0.000000e+00,0.000000e+00,180785315840.0,99207495680.0,925365.1,52.91,2.61
CSV,255010,25500,9,8,0,4363,0,0.000000e+00,0.000000e+00,161231912960.0,121553821696.0,837686.6,52.84,1.23
CSV,260010,26000,9,8,0,4463,0,0.000000e+00,0.000000e+00,133444395008.0,143308390400.0,890771.6,52.07,0.31
CSV,265010,26500,9,8,0,4563,0,0.000000e+00,0.000000e+00,156266283008.0,118128844800.0,861794.8,52.58,1.22
BER: END_SEQ #9 [LOCK] seq_err=0 BER_seq=0.0000e+00 | lock=9 slip=0 BER_cond=0.0000e+00 BER_cum=0.0000e+00
CSV,270010,27000,9,9,0,4599,0,0.000000e+00,0.000000e+00,132259536896.0,131932143616.0,1460802.1,49.57,0.01
BER: SYNC #10 (gated)
CSV,275010,27500,10,9,0,4686,0,0.000000e+00,0.000000e+00,149312159744.0,130727026688.0,822092.2,52.59,0.58
CSV,280010,28000,10,9,0,4786,0,0.000000e+00,0.000000e+00,180978515968.0,104566423552.0,862897.4,53.22,2.38
CSV,285010,28500,10,9,0,4886,0,0.000000e+00,0.000000e+00,147989151744.0,124450938880.0,884497.9,52.24,0.75
CSV,290010,29000,10,9,0,4986,0,0.000000e+00,0.000000e+00,144084172800.0,126171824128.0,950936.2,51.80,0.58
CSV,295010,29500,10,9,0,5086,0,0.000000e+00,0.000000e+00,148655964160.0,128707182592.0,851008.6,52.42,0.63
BER: END_SEQ #10 [LOCK] seq_err=0 BER_seq=0.0000e+00 | lock=10 slip=0 BER_cond=0.0000e+00 BER_cum=0.0000e+00
CSV,300010,30000,10,10,0,5110,0,0.000000e+00,0.000000e+00,133749506048.0,138990354432.0,1512128.1,49.63,0.17
BER: SYNC #11 (gated)
CSV,305010,30500,11,10,0,5209,0,0.000000e+00,0.000000e+00,148121239552.0,123945820160.0,838374.4,52.47,0.77
CSV,310010,31000,11,10,0,5309,0,0.000000e+00,0.000000e+00,181696708608.0,95811108864.0,856510.6,53.27,2.78
CSV,315010,31500,11,10,0,5409,0,0.000000e+00,0.000000e+00,150837788672.0,126703501312.0,966247.1,51.93,0.76
CSV,320010,32000,11,10,0,5509,0,0.000000e+00,0.000000e+00,142304477184.0,134534414336.0,909043.5,51.95,0.24
CSV,325010,32500,11,10,0,5609,0,0.000000e+00,0.000000e+00,144647143424.0,126282375168.0,947858.6,51.84,0.59
BER: END_SEQ #11 [LOCK] seq_err=0 BER_seq=0.0000e+00 | lock=11 slip=0 BER_cond=0.0000e+00 BER_cum=0.0000e+00
BER: SYNC #12 (gated)
CSV,330010,33000,12,11,0,5631,0,0.000000e+00,0.000000e+00,131097387008.0,130118893568.0,1497380.0,49.42,0.03
CSV,335010,33500,12,11,0,5731,0,0.000000e+00,0.000000e+00,152961744896.0,123770044416.0,955961.6,52.04,0.92
CSV,340010,34000,12,11,0,5831,0,0.000000e+00,0.000000e+00,176891052032.0,107161059328.0,962728.9,52.64,2.18
CSV,345010,34500,12,11,0,5931,0,0.000000e+00,0.000000e+00,151139450880.0,120475066368.0,863182.4,52.43,0.98
CSV,350010,35000,12,11,0,6031,0,0.000000e+00,0.000000e+00,133969428480.0,133047427072.0,858137.7,51.93,0.03
CSV,355010,35500,12,11,0,6131,0,0.000000e+00,0.000000e+00,143993520128.0,131305496576.0,755865.8,52.80,0.40
BER: END_SEQ #12 [LOCK] seq_err=0 BER_seq=0.0000e+00 | lock=12 slip=0 BER_cond=0.0000e+00 BER_cum=0.0000e+00
BER: SYNC #13 (gated)
CSV,360010,36000,13,12,0,6154,0,0.000000e+00,0.000000e+00,142185070592.0,134310952960.0,1519940.8,49.71,0.25
CSV,365010,36500,13,12,0,6254,0,0.000000e+00,0.000000e+00,161427570688.0,111624511488.0,820323.1,52.94,1.60
CSV,370010,37000,13,12,0,6354,0,0.000000e+00,0.000000e+00,168215134208.0,104887058432.0,865339.9,52.89,2.05
CSV,375010,37500,13,12,0,6454,0,0.000000e+00,0.000000e+00,149378875392.0,125572055040.0,892864.2,52.24,0.75
CSV,380010,38000,13,12,0,6554,0,0.000000e+00,0.000000e+00,147532169216.0,130407170048.0,823398.0,52.53,0.54
BER: END_SEQ #13 [LOCK] seq_err=0 BER_seq=0.0000e+00 | lock=13 slip=0 BER_cond=0.0000e+00 BER_cum=0.0000e+00
CSV,385010,38500,13,13,0,6643,0,0.000000e+00,0.000000e+00,134925025280.0,133369479168.0,922377.1,51.65,0.05
BER: SYNC #14 (gated)
CSV,390010,39000,14,13,0,6677,0,0.000000e+00,0.000000e+00,141024722944.0,122339041280.0,1339901.6,50.22,0.62
CSV,395010,39500,14,13,0,6777,0,0.000000e+00,0.000000e+00,170810736640.0,108027822080.0,844872.6,53.06,1.99
CSV,400010,40000,14,13,0,6877,0,0.000000e+00,0.000000e+00,153005654016.0,128403472384.0,876116.6,52.42,0.76
CSV,405010,40500,14,13,0,6977,0,0.000000e+00,0.000000e+00,145622253568.0,127197003776.0,921726.2,51.99,0.59
CSV,410010,41000,14,13,0,7077,0,0.000000e+00,0.000000e+00,149712076800.0,121266520064.0,948577.2,51.98,0.92
BER: END_SEQ #14 [LOCK] seq_err=0 BER_seq=0.0000e+00 | lock=14 slip=0 BER_cond=0.0000e+00 BER_cum=0.0000e+00
CSV,415010,41500,14,14,0,7154,0,0.000000e+00,0.000000e+00,139594432512.0,133287346176.0,1022431.0,51.35,0.20
BER: SYNC #15 (gated)
CSV,420010,42000,15,14,0,7200,0,0.000000e+00,0.000000e+00,149013839872.0,130630156288.0,1234001.1,50.82,0.57
CSV,425010,42500,15,14,0,7300,0,0.000000e+00,0.000000e+00,176269492224.0,101894062080.0,818582.1,53.33,2.38
CSV,430010,43000,15,14,0,7399,0,0.000000e+00,0.000000e+00,139429920768.0,127472926720.0,959498.1,51.62,0.39
CSV,435010,43500,15,14,0,7499,0,0.000000e+00,0.000000e+00,149126873088.0,125334577152.0,869469.2,52.34,0.75
CSV,440010,44000,15,14,0,7599,0,0.000000e+00,0.000000e+00,145633443840.0,132721049600.0,1033881.4,51.49,0.40
BER: END_SEQ #15 [LOCK] seq_err=0 BER_seq=0.0000e+00 | lock=15 slip=0 BER_cond=0.0000e+00 BER_cum=0.0000e+00
CSV,445010,44500,15,15,0,7665,0,0.000000e+00,0.000000e+00,142063419392.0,126101716992.0,1239137.6,50.59,0.52
BER: SYNC #16 (gated)
CSV,450010,45000,16,15,0,7722,0,0.000000e+00,0.000000e+00,139185602560.0,125695590400.0,1131083.9,50.90,0.44
CSV,455010,45500,16,15,0,7822,0,0.000000e+00,0.000000e+00,178981322752.0,100316921856.0,937127.1,52.81,2.51
CSV,460010,46000,16,15,0,7922,0,0.000000e+00,0.000000e+00,156160393216.0,125918134272.0,905869.1,52.37,0.93
CSV,465010,46500,16,15,0,8022,0,0.000000e+00,0.000000e+00,136094294016.0,135720845312.0,850736.2,52.04,0.01
CSV,470010,47000,16,15,0,8122,0,0.000000e+00,0.000000e+00,154558038016.0,117174034432.0,826999.4,52.72,1.20
BER: END_SEQ #16 [LOCK] seq_err=0 BER_seq=0.0000e+00 | lock=16 slip=0 BER_cond=0.0000e+00 BER_cum=0.0000e+00
CSV,475010,47500,16,16,0,8176,0,0.000000e+00,0.000000e+00,133312315392.0,136169447424.0,1288741.5,50.24,0.09
BER: SYNC #17 (gated)
CSV,480010,48000,17,16,0,8245,0,0.000000e+00,0.000000e+00,142698889216.0,135274708992.0,1038275.0,51.38,0.23
CSV,485010,48500,17,16,0,8345,0,0.000000e+00,0.000000e+00,182102081536.0,97766203392.0,905261.3,53.04,2.70
CSV,490010,49000,17,16,0,8445,0,0.000000e+00,0.000000e+00,151503650816.0,116079247360.0,852655.2,52.50,1.16
CSV,495010,49500,17,16,0,8545,0,0.000000e+00,0.000000e+00,134934208512.0,133285306368.0,891224.7,51.80,0.05
CSV,500010,50000,17,16,0,8645,0,0.000000e+00,0.000000e+00,157981966336.0,120660140032.0,782034.8,53.05,1.17
BER: END_SEQ #17 [LOCK] seq_err=0 BER_seq=0.0000e+00 | lock=17 slip=0 BER_cond=0.0000e+00 BER_cum=0.0000e+00
CSV,505010,50500,17,17,0,8687,0,0.000000e+00,0.000000e+00,129214521344.0,134237208576.0,1444158.1,49.68,0.17
BER: SYNC #18 (gated)
CSV,510010,51000,18,17,0,8768,0,0.000000e+00,0.000000e+00,140105302016.0,127743787008.0,877273.2,52.03,0.40
CSV,515010,51500,18,17,0,8868,0,0.000000e+00,0.000000e+00,173400408064.0,104374943744.0,908982.4,52.80,2.20
CSV,520010,52000,18,17,0,8968,0,0.000000e+00,0.000000e+00,167809712128.0,114777866240.0,953569.6,52.45,1.65
CSV,525010,52500,18,17,0,9068,0,0.000000e+00,0.000000e+00,126406983680.0,142463057920.0,932610.5,51.84,0.52
CSV,530010,53000,18,17,0,9167,0,0.000000e+00,0.000000e+00,152255774720.0,118224109568.0,967489.8,51.97,1.10
BER: END_SEQ #18 [LOCK] seq_err=0 BER_seq=0.0000e+00 | lock=18 slip=0 BER_cond=0.0000e+00 BER_cum=0.0000e+00
CSV,535010,53500,18,18,0,9198,0,0.000000e+00,0.000000e+00,129470791680.0,135019339776.0,1481968.9,49.60,0.18
BER: SYNC #19 (gated)
CSV,540010,54000,19,18,0,9290,0,0.000000e+00,0.000000e+00,155897200640.0,124657451008.0,864959.1,52.56,0.97
CSV,545010,54500,19,18,0,9390,0,0.000000e+00,0.000000e+00,178862309376.0,99482173440.0,823560.0,53.37,2.55
CSV,550010,55000,19,18,0,9490,0,0.000000e+00,0.000000e+00,146369642496.0,122645225472.0,850759.0,52.36,0.77
CSV,555010,55500,19,18,0,9590,0,0.000000e+00,0.000000e+00,142513553408.0,128170885120.0,910381.1,51.95,0.46
CSV,560010,56000,19,18,0,9690,0,0.000000e+00,0.000000e+00,149380464640.0,130310807552.0,908858.5,52.16,0.59
BER: END_SEQ #19 [LOCK] seq_err=0 BER_seq=0.0000e+00 | lock=19 slip=0 BER_cond=0.0000e+00 BER_cum=0.0000e+00
BER: SYNC #20 (gated)
CSV,565010,56500,20,19,0,9713,0,0.000000e+00,0.000000e+00,135678451712.0,131946807296.0,1470947.2,49.65,0.12
CSV,570010,57000,20,19,0,9813,0,0.000000e+00,0.000000e+00,138386194432.0,128805519360.0,894859.6,51.89,0.31
CSV,575010,57500,20,19,0,9913,0,0.000000e+00,0.000000e+00,185512574976.0,93765099520.0,926899.6,53.01,2.96
CSV,580010,58000,20,19,0,10013,0,0.000000e+00,0.000000e+00,149383512064.0,129998217216.0,836819.8,52.52,0.60
CSV,585010,58500,20,19,0,10113,0,0.000000e+00,0.000000e+00,142136311808.0,129441554432.0,906542.2,51.95,0.41
CSV,590010,59000,20,19,0,10213,0,0.000000e+00,0.000000e+00,144611688448.0,126378434560.0,745480.4,52.88,0.59
BER: END_SEQ #20 [LOCK] seq_err=0 BER_seq=0.0000e+00 | lock=20 slip=0 BER_cond=0.0000e+00 BER_cum=0.0000e+00
BER: SYNC #21 (gated)
CSV,595010,59500,21,20,0,10236,0,0.000000e+00,0.000000e+00,126648909824.0,136985214976.0,1465718.2,49.71,0.34
CSV,600010,60000,21,20,0,10336,0,0.000000e+00,0.000000e+00,161650720768.0,121096790016.0,944783.5,52.33,1.25
CSV,605010,60500,21,20,0,10436,0,0.000000e+00,0.000000e+00,172701351936.0,107669389312.0,903806.2,52.81,2.05
CSV,610010,61000,21,20,0,10536,0,0.000000e+00,0.000000e+00,153344442368.0,118754508800.0,883123.8,52.40,1.11
CSV,615010,61500,21,20,0,10636,0,0.000000e+00,0.000000e+00,142205272064.0,129675534336.0,876836.8,52.10,0.40
BER: END_SEQ #21 [LOCK] seq_err=0 BER_seq=0.0000e+00 | lock=21 slip=0 BER_cond=0.0000e+00 BER_cum=0.0000e+00
CSV,620010,62000,21,21,0,10731,0,0.000000e+00,0.000000e+00,140001165312.0,137821388800.0,853909.4,52.15,0.07
BER: SYNC #22 (gated)
CSV,625010,62500,22,21,0,10759,0,0.000000e+00,0.000000e+00,139256381440.0,132664156160.0,1468235.1,49.77,0.21
CSV,630010,63000,22,21,0,10858,0,0.000000e+00,0.000000e+00,168654831616.0,105526304768.0,906330.2,52.70,2.04
CSV,635010,63500,22,21,0,10958,0,0.000000e+00,0.000000e+00,156689498112.0,114900172800.0,946255.6,52.19,1.35
CSV,640010,64000,22,21,0,11058,0,0.000000e+00,0.000000e+00,148807794688.0,129315627008.0,861484.6,52.37,0.61
CSV,645010,64500,22,21,0,11158,0,0.000000e+00,0.000000e+00,148005994496.0,124328730624.0,973234.9,51.82,0.76
BER: END_SEQ #22 [LOCK] seq_err=0 BER_seq=0.0000e+00 | lock=22 slip=0 BER_cond=0.0000e+00 BER_cum=0.0000e+00
CSV,650010,65000,22,22,0,11242,0,0.000000e+00,0.000000e+00,136179974144.0,129617231872.0,1030737.4,51.21,0.21
BER: SYNC #23 (gated)
CSV,655010,65500,23,22,0,11281,0,0.000000e+00,0.000000e+00,143595782144.0,120591720448.0,1322042.5,50.36,0.76
CSV,660010,66000,23,22,0,11381,0,0.000000e+00,0.000000e+00,170941530112.0,109904601088.0,803713.8,53.28,1.92
CSV,665010,66500,23,22,0,11481,0,0.000000e+00,0.000000e+00,147617218560.0,125571948544.0,868720.6,52.30,0.70
CSV,670010,67000,23,22,0,11581,0,0.000000e+00,0.000000e+00,151281074176.0,118873169920.0,806804.2,52.73,1.05
CSV,675010,67500,23,22,0,11681,0,0.000000e+00,0.000000e+00,139532468224.0,126904729600.0,978069.6,51.54,0.41
BER: END_SEQ #23 [LOCK] seq_err=0 BER_seq=0.0000e+00 | lock=23 slip=0 BER_cond=0.0000e+00 BER_cum=0.0000e+00
CSV,680010,68000,23,23,0,11753,0,0.000000e+00,0.000000e+00,142394310656.0,131876069376.0,1091201.5,51.16,0.33
BER: SYNC #24 (gated)
CSV,685010,68500,24,23,0,11804,0,0.000000e+00,0.000000e+00,145475567616.0,126529478656.0,1205520.1,50.82,0.61
CSV,690010,69000,24,23,0,11904,0,0.000000e+00,0.000000e+00,173704888320.0,99105431552.0,805368.3,53.34,2.44
CSV,695010,69500,24,23,0,12004,0,0.000000e+00,0.000000e+00,138096771072.0,125647495168.0,890666.4,51.90,0.41
CSV,700010,70000,24,23,0,12104,0,0.000000e+00,0.000000e+00,149501296640.0,125858054144.0,852089.1,52.44,0.75
CSV,705010,70500,24,23,0,12204,0,0.000000e+00,0.000000e+00,149954248704.0,124357509120.0,863924.6,52.39,0.81
BER: END_SEQ #24 [LOCK] seq_err=0 BER_seq=0.0000e+00 | lock=24 slip=0 BER_cond=0.0000e+00 BER_cum=0.0000e+00
CSV,710010,71000,24,24,0,12264,0,0.000000e+00,0.000000e+00,134882549760.0,128881319936.0,1190852.0,50.54,0.20
BER: SYNC #25 (gated)
CSV,715010,71500,25,24,0,12327,0,0.000000e+00,0.000000e+00,139478040576.0,127406440448.0,1133633.6,50.90,0.39
CSV,720010,72000,25,24,0,12427,0,0.000000e+00,0.000000e+00,185489031168.0,98322857984.0,868045.6,53.30,2.76
CSV,725010,72500,25,24,0,12527,0,0.000000e+00,0.000000e+00,153359958016.0,123224260608.0,873767.6,52.44,0.95
CSV,730010,73000,25,24,0,12627,0,0.000000e+00,0.000000e+00,136527986688.0,129836580864.0,886477.8,51.88,0.22
CSV,735010,73500,25,24,0,12726,0,0.000000e+00,0.000000e+00,145734008832.0,121127272448.0,882795.6,52.18,0.80
BER: END_SEQ #25 [LOCK] seq_err=0 BER_seq=0.0000e+00 | lock=25 slip=0 BER_cond=0.0000e+00 BER_cum=0.0000e+00
CSV,740010,74000,25,25,0,12775,0,0.000000e+00,0.000000e+00,136739323904.0,134844915712.0,1299866.8,50.22,0.06
BER: SYNC #26 (gated)
CSV,745010,74500,26,25,0,12849,0,0.000000e+00,0.000000e+00,143568683008.0,131467206656.0,949105.4,51.80,0.38
CSV,750010,75000,26,25,0,12949,0,0.000000e+00,0.000000e+00,177738629120.0,97436811264.0,923977.4,52.84,2.61
CSV,755010,75500,26,25,0,13049,0,0.000000e+00,0.000000e+00,153202212864.0,116603691008.0,925266.4,52.19,1.19
CSV,760010,76000,26,25,0,13149,0,0.000000e+00,0.000000e+00,130808471552.0,140120637440.0,862318.2,52.11,0.30
CSV,765010,76500,26,25,0,13249,0,0.000000e+00,0.000000e+00,158443831296.0,119023525888.0,991493.1,52.04,1.24
BER: END_SEQ #26 [LOCK] seq_err=0 BER_seq=0.0000e+00 | lock=26 slip=0 BER_cond=0.0000e+00 BER_cum=0.0000e+00
CSV,770010,77000,26,26,0,13286,0,0.000000e+00,0.000000e+00,131229966336.0,127865487360.0,1490624.8,49.45,0.11
BER: SYNC #27 (gated)
CSV,775010,77500,27,26,0,13372,0,0.000000e+00,0.000000e+00,143231647744.0,125238140928.0,850136.9,52.27,0.58
CSV,780010,78000,27,26,0,13472,0,0.000000e+00,0.000000e+00,176009674752.0,103873699840.0,798770.6,53.43,2.29
CSV,785010,78500,27,26,0,13572,0,0.000000e+00,0.000000e+00,152582881280.0,123778613248.0,915166.6,52.22,0.91
CSV,790010,79000,27,26,0,13672,0,0.000000e+00,0.000000e+00,140710592512.0,126440349696.0,901793.2,51.93,0.46
CSV,795010,79500,27,26,0,13772,0,0.000000e+00,0.000000e+00,141741457408.0,124063703040.0,1029049.4,51.39,0.58
BER: END_SEQ #27 [LOCK] seq_err=0 BER_seq=0.0000e+00 | lock=27 slip=0 BER_cond=0.0000e+00 BER_cum=0.0000e+00
CSV,800010,80000,27,27,0,13797,0,0.000000e+00,0.000000e+00,131606798336.0,135807877120.0,1474857.1,49.64,0.14
BER: SYNC #28 (gated)
CSV,805010,80500,28,27,0,13895,0,0.000000e+00,0.000000e+00,152937054208.0,123749818368.0,847954.6,52.56,0.92
CSV,810010,81000,28,27,0,13995,0,0.000000e+00,0.000000e+00,180318879744.0,94512939008.0,936365.1,52.85,2.81
CSV,815010,81500,28,27,0,14095,0,0.000000e+00,0.000000e+00,142460272640.0,124388122624.0,779635.4,52.62,0.59
CSV,820010,82000,28,27,0,14195,0,0.000000e+00,0.000000e+00,142097399808.0,129026564096.0,913772.2,51.92,0.42
CSV,825010,82500,28,27,0,14295,0,0.000000e+00,0.000000e+00,144497737728.0,131030859776.0,771513.7,52.73,0.42
BER: END_SEQ #28 [LOCK] seq_err=0 BER_seq=0.0000e+00 | lock=28 slip=0 BER_cond=0.0000e+00 BER_cum=0.0000e+00
BER: SYNC #29 (gated)
CSV,830010,83000,29,28,0,14318,0,0.000000e+00,0.000000e+00,133497544704.0,127059263488.0,1454640.5,49.63,0.21
CSV,835010,83500,29,28,0,14417,0,0.000000e+00,0.000000e+00,145109467136.0,121254486016.0,932694.3,51.92,0.78
CSV,840010,84000,29,28,0,14517,0,0.000000e+00,0.000000e+00,173896040448.0,103467835392.0,838691.1,53.17,2.25
CSV,845010,84500,29,28,0,14617,0,0.000000e+00,0.000000e+00,156454977536.0,121525329920.0,893349.9,52.43,1.10
CSV,850010,85000,29,28,0,14717,0,0.000000e+00,0.000000e+00,134506430464.0,131496697856.0,918861.2,51.65,0.10
CSV,855010,85500,29,28,0,14817,0,0.000000e+00,0.000000e+00,141010665472.0,128345792512.0,747379.0,52.76,0.41
BER: END_SEQ #29 [LOCK] seq_err=0 BER_seq=0.0000e+00 | lock=29 slip=0 BER_cond=0.0000e+00 BER_cum=0.0000e+00
BER: SYNC #30 (gated)
CSV,860010,86000,30,29,0,14840,0,0.000000e+00,0.000000e+00,136219525120.0,129782341632.0,1574614.0,49.37,0.21
CSV,865010,86500,30,29,0,14940,0,0.000000e+00,0.000000e+00,162831532032.0,117644451840.0,853525.6,52.81,1.41
CSV,870010,87000,30,29,0,15040,0,0.000000e+00,0.000000e+00,170389569536.0,104683610112.0,862318.2,52.96,2.12
CSV,875010,87500,30,29,0,15140,0,0.000000e+00,0.000000e+00,144444833792.0,124271550464.0,911337.1,52.00,0.65
CSV,880010,88000,30,29,0,15240,0,0.000000e+00,0.000000e+00,145813192704.0,127411019776.0,944781.7,51.88,0.59
BER: END_SEQ #30 [LOCK] seq_err=0 BER_seq=0.0000e+00 | lock=30 slip=0 BER_cond=0.0000e+00 BER_cum=0.0000e+00
CSV,885010,88500,30,30,0,15330,0,0.000000e+00,0.000000e+00,139065638912.0,137008373760.0,914154.2,51.82,0.06
BER: SYNC #31 (gated)
CSV,890010,89000,31,30,0,15363,0,0.000000e+00,0.000000e+00,141827473408.0,123920269312.0,1397861.2,50.06,0.59
CSV,895010,89500,31,30,0,15463,0,0.000000e+00,0.000000e+00,167874658304.0,104945860608.0,831372.6,53.05,2.04
CSV,900010,90000,31,30,0,15563,0,0.000000e+00,0.000000e+00,148217102336.0,124766085120.0,900132.6,52.17,0.75
CSV,905010,90500,31,30,0,15663,0,0.000000e+00,0.000000e+00,151606853632.0,128302465024.0,918570.7,52.18,0.72
CSV,910010,91000,31,30,0,15763,0,0.000000e+00,0.000000e+00,150684434432.0,120875663360.0,992832.6,51.81,0.96
BER: END_SEQ #31 [LOCK] seq_err=0 BER_seq=0.0000e+00 | lock=31 slip=0 BER_cond=0.0000e+00 BER_cum=0.0000e+00
CSV,915010,91500,31,31,0,15841,0,0.000000e+00,0.000000e+00,133193998336.0,132258578432.0,1117774.0,50.76,0.03
BER: SYNC #32 (gated)
CSV,920010,92000,32,31,0,15886,0,0.000000e+00,0.000000e+00,146635407360.0,123916697600.0,1299874.1,50.52,0.73
CSV,925010,92500,32,31,0,15986,0,0.000000e+00,0.000000e+00,178766561280.0,108528295936.0,916893.6,52.90,2.17
CSV,930010,93000,32,31,0,16086,0,0.000000e+00,0.000000e+00,145026383872.0,127661522944.0,994777.4,51.64,0.55
CSV,935010,93500,32,31,0,16185,0,0.000000e+00,0.000000e+00,148115537920.0,124535562240.0,812009.4,52.61,0.75
CSV,940010,94000,32,31,0,16285,0,0.000000e+00,0.000000e+00,142199242752.0,130927730688.0,843531.1,52.27,0.36
BER: END_SEQ #32 [LOCK] seq_err=0 BER_seq=0.0000e+00 | lock=32 slip=0 BER_cond=0.0000e+00 BER_cum=0.0000e+00
CSV,945010,94500,32,32,0,16352,0,0.000000e+00,0.000000e+00,146640797696.0,132495433728.0,1200196.9,50.87,0.44
BER: SYNC #33 (gated)
CSV,950010,95000,33,32,0,16408,0,0.000000e+00,0.000000e+00,145122099200.0,127130558464.0,1132154.8,51.08,0.57
CSV,955010,95500,33,32,0,16508,0,0.000000e+00,0.000000e+00,175903719424.0,100876034048.0,898248.3,52.92,2.41
CSV,960010,96000,33,32,0,16608,0,0.000000e+00,0.000000e+00,151022256128.0,123277254656.0,901979.3,52.24,0.88
CSV,965010,96500,33,32,0,16708,0,0.000000e+00,0.000000e+00,140651151360.0,138865410048.0,924989.9,51.82,0.06
CSV,970010,97000,33,32,0,16808,0,0.000000e+00,0.000000e+00,158461755392.0,117531099136.0,850889.9,52.70,1.30
BER: END_SEQ #33 [LOCK] seq_err=0 BER_seq=0.0000e+00 | lock=33 slip=0 BER_cond=0.0000e+00 BER_cum=0.0000e+00
CSV,975010,97500,33,33,0,16863,0,0.000000e+00,0.000000e+00,130270928896.0,133320081408.0,1321010.5,50.04,0.10
BER: SYNC #34 (gated)
CSV,980010,98000,34,33,0,16931,0,0.000000e+00,0.000000e+00,138968563712.0,132098990080.0,1041265.5,51.25,0.22
CSV,985010,98500,34,33,0,17031,0,0.000000e+00,0.000000e+00,187950448640.0,100550041600.0,942773.4,53.00,2.72
CSV,990010,99000,34,33,0,17131,0,0.000000e+00,0.000000e+00,154009288704.0,122364911616.0,892245.2,52.37,1.00
CSV,995010,99500,34,33,0,17231,0,0.000000e+00,0.000000e+00,136656535552.0,132189405184.0,970184.3,51.49,0.14
CSV,1000010,100000,34,33,0,17331,0,0.000000e+00,0.000000e+00,155158151168.0,119832887296.0,928061.6,52.23,1.12
BER: END_SEQ #34 [LOCK] seq_err=0 BER_seq=0.0000e+00 | lock=34 slip=0 BER_cond=0.0000e+00 BER_cum=0.0000e+00
CSV,1005010,100500,34,34,0,17374,0,0.000000e+00,0.000000e+00,136750047232.0,140872663040.0,1385528.6,50.07,0.13
BER: SYNC #35 (gated)
CSV,1010010,101000,35,34,0,17454,0,0.000000e+00,0.000000e+00,140333760512.0,132556652544.0,931711.1,51.78,0.25
CSV,1015010,101500,35,34,0,17554,0,0.000000e+00,0.000000e+00,175317549056.0,101056471040.0,845385.5,53.17,2.39
CSV,1020010,102000,35,34,0,17654,0,0.000000e+00,0.000000e+00,160540704768.0,113638277120.0,1010915.8,52.01,1.50
CSV,1025010,102500,35,34,0,17754,0,0.000000e+00,0.000000e+00,133172494336.0,142827159552.0,828823.5,52.36,0.30
CSV,1030010,103000,35,34,0,17854,0,0.000000e+00,0.000000e+00,152311988224.0,122177036288.0,1035628.7,51.68,0.96
BER: END_SEQ #35 [LOCK] seq_err=0 BER_seq=0.0000e+00 | lock=35 slip=0 BER_cond=0.0000e+00 BER_cum=0.0000e+00
CSV,1035010,103500,35,35,0,17885,0,0.000000e+00,0.000000e+00,126857437184.0,132142505984.0,1477127.1,49.52,0.18
BER: SYNC #36 (gated)
CSV,1040010,104000,36,35,0,17976,0,0.000000e+00,0.000000e+00,153358614528.0,118628925440.0,966441.0,52.01,1.12
CSV,1045010,104500,36,35,0,18076,0,0.000000e+00,0.000000e+00,179617120256.0,104235507712.0,937542.3,52.82,2.36
CSV,1050010,105000,36,35,0,18176,0,0.000000e+00,0.000000e+00,148157005824.0,124550766592.0,905348.3,52.14,0.75
CSV,1055010,105500,36,35,0,18276,0,0.000000e+00,0.000000e+00,141870628864.0,123945664512.0,924968.8,51.86,0.59
CSV,1060010,106000,36,35,0,18376,0,0.000000e+00,0.000000e+00,144686546944.0,124623740928.0,807419.8,52.53,0.65
BER: END_SEQ #36 [LOCK] seq_err=0 BER_seq=0.0000e+00 | lock=36 slip=0 BER_cond=0.0000e+00 BER_cum=0.0000e+00
BER: SYNC #37 (gated)
CSV,1065010,106500,37,36,0,18399,0,0.000000e+00,0.000000e+00,136897060864.0,137010446336.0,1530026.2,49.52,0.00
CSV,1070010,107000,37,36,0,18499,0,0.000000e+00,0.000000e+00,143255470080.0,128196878336.0,841167.1,52.31,0.48
CSV,1075010,107500,37,36,0,18599,0,0.000000e+00,0.000000e+00,181438021632.0,92916121600.0,967103.6,52.73,2.91
CSV,1080010,108000,37,36,0,18699,0,0.000000e+00,0.000000e+00,143449899008.0,124860702720.0,843655.4,52.31,0.60
CSV,1085010,108500,37,36,0,18799,0,0.000000e+00,0.000000e+00,144342876160.0,131025141760.0,899625.6,52.05,0.42
CSV,1090010,109000,37,36,0,18899,0,0.000000e+00,0.000000e+00,147511656448.0,125730193408.0,721925.4,53.10,0.69
BER: END_SEQ #37 [LOCK] seq_err=0 BER_seq=0.0000e+00 | lock=37 slip=0 BER_cond=0.0000e+00 BER_cum=0.0000e+00
BER: SYNC #38 (gated)
CSV,1095010,109500,38,37,0,18922,0,0.000000e+00,0.000000e+00,121137242112.0,135620624384.0,1515707.1,49.52,0.49
CSV,1100010,110000,38,37,0,19022,0,0.000000e+00,0.000000e+00,156045377536.0,115937452032.0,877416.2,52.50,1.29
CSV,1105010,110500,38,37,0,19122,0,0.000000e+00,0.000000e+00,176256860160.0,107612127232.0,887616.7,52.98,2.14
CSV,1110010,111000,38,37,0,19222,0,0.000000e+00,0.000000e+00,152770101248.0,121655713792.0,918128.7,52.21,0.99
CSV,1115010,111500,38,37,0,19322,0,0.000000e+00,0.000000e+00,139231232000.0,127412273152.0,833513.1,52.23,0.39
BER: END_SEQ #38 [LOCK] seq_err=0 BER_seq=0.0000e+00 | lock=38 slip=0 BER_cond=0.0000e+00 BER_cum=0.0000e+00
CSV,1120010,112000,38,38,0,19418,0,0.000000e+00,0.000000e+00,134159851520.0,132961845248.0,827941.2,52.10,0.04
BER: SYNC #39 (gated)
CSV,1125010,112500,39,38,0,19445,0,0.000000e+00,0.000000e+00,139460558848.0,132224327680.0,1485876.5,49.72,0.23
CSV,1130010,113000,39,38,0,19545,0,0.000000e+00,0.000000e+00,170946461696.0,107408023552.0,919535.6,52.69,2.02
CSV,1135010,113500,39,38,0,19644,0,0.000000e+00,0.000000e+00,157654269952.0,111028412416.0,953539.5,52.18,1.52
CSV,1140010,114000,39,38,0,19744,0,0.000000e+00,0.000000e+00,143724019712.0,125478100992.0,864302.9,52.21,0.59
CSV,1145010,114500,39,38,0,19844,0,0.000000e+00,0.000000e+00,147262898176.0,128745660416.0,950484.1,51.90,0.58
BER: END_SEQ #39 [LOCK] seq_err=0 BER_seq=0.0000e+00 | lock=39 slip=0 BER_cond=0.0000e+00 BER_cum=0.0000e+00
CSV,1150010,115000,39,39,0,19929,0,0.000000e+00,0.000000e+00,139638636544.0,131909091328.0,1018962.6,51.37,0.25
BER: SYNC #40 (gated)
CSV,1155010,115500,40,39,0,19967,0,0.000000e+00,0.000000e+00,143092465664.0,119628496896.0,1316279.2,50.36,0.78
CSV,1160010,116000,40,39,0,20067,0,0.000000e+00,0.000000e+00,167664320512.0,104290312192.0,825979.7,53.07,2.06
CSV,1165010,116500,40,39,0,20167,0,0.000000e+00,0.000000e+00,146555781120.0,127536840704.0,881663.1,52.21,0.60
CSV,1170010,117000,40,39,0,20267,0,0.000000e+00,0.000000e+00,153972146176.0,120694743040.0,819540.9,52.74,1.06
CSV,1175010,117500,40,39,0,20367,0,0.000000e+00,0.000000e+00,138060234752.0,125708115968.0,1087230.1,51.04,0.41
BER: END_SEQ #40 [LOCK] seq_err=0 BER_seq=0.0000e+00 | lock=40 slip=0 BER_cond=0.0000e+00 BER_cum=0.0000e+00
CSV,1180010,118000,40,40,0,20440,0,0.000000e+00,0.000000e+00,136639029248.0,127095709696.0,1163056.1,50.70,0.31
BER: SYNC #41 (gated)
CSV,1185010,118500,41,40,0,20490,0,0.000000e+00,0.000000e+00,144555261952.0,125324607488.0,1219121.0,50.74,0.62
CSV,1190010,119000,41,40,0,20590,0,0.000000e+00,0.000000e+00,175465480192.0,103999389696.0,863248.8,53.08,2.27
CSV,1195010,119500,41,40,0,20690,0,0.000000e+00,0.000000e+00,140524584960.0,124397838336.0,917563.5,51.85,0.53
CSV,1200010,120000,41,40,0,20790,0,0.000000e+00,0.000000e+00,145478156288.0,121111773184.0,842922.9,52.37,0.80
CSV,1205010,120500,41,40,0,20890,0,0.000000e+00,0.000000e+00,146243010560.0,125872611328.0,807057.2,52.58,0.65
BER: END_SEQ #41 [LOCK] seq_err=0 BER_seq=0.0000e+00 | lock=41 slip=0 BER_cond=0.0000e+00 BER_cum=0.0000e+00
CSV,1210010,121000,41,41,0,20951,0,0.000000e+00,0.000000e+00,140420120576.0,128413941760.0,1186185.1,50.73,0.39
BER: SYNC #42 (gated)
CSV,1215010,121500,42,41,0,21013,0,0.000000e+00,0.000000e+00,137762160640.0,125015384064.0,1097618.1,50.99,0.42
CSV,1220010,122000,42,41,0,21113,0,0.000000e+00,0.000000e+00,175687827456.0,95700254720.0,899762.0,52.91,2.64
CSV,1225010,122500,42,41,0,21213,0,0.000000e+00,0.000000e+00,150970613760.0,120765751296.0,874359.3,52.37,0.97
CSV,1230010,123000,42,41,0,21313,0,0.000000e+00,0.000000e+00,139507662848.0,131507855360.0,913175.3,51.84,0.26
CSV,1235010,123500,42,41,0,21412,0,0.000000e+00,0.000000e+00,146998247424.0,117737938944.0,861344.2,52.32,0.96
BER: END_SEQ #42 [LOCK] seq_err=0 BER_seq=0.0000e+00 | lock=42 slip=0 BER_cond=0.0000e+00 BER_cum=0.0000e+00
CSV,1240010,124000,42,42,0,21462,0,0.000000e+00,0.000000e+00,129049870336.0,128648437760.0,1316150.1,49.91,0.01
BER: SYNC #43 (gated)
CSV,1245010,124500,43,42,0,21535,0,0.000000e+00,0.000000e+00,138065756160.0,130261385216.0,1021441.9,51.31,0.25
CSV,1250010,125000,43,42,0,21635,0,0.000000e+00,0.000000e+00,179254640640.0,98870484992.0,889681.7,53.04,2.58
CSV,1255010,125500,43,42,0,21735,0,0.000000e+00,0.000000e+00,154030866432.0,111861760000.0,861847.8,52.52,1.39
CSV,1260010,126000,43,42,0,21835,0,0.000000e+00,0.000000e+00,124364677120.0,135474118656.0,863601.5,51.96,0.37
CSV,1265010,126500,43,42,0,21935,0,0.000000e+00,0.000000e+00,154173865984.0,116734820352.0,930980.4,52.19,1.21
BER: END_SEQ #43 [LOCK] seq_err=0 BER_seq=0.0000e+00 | lock=43 slip=0 BER_cond=0.0000e+00 BER_cum=0.0000e+00
CSV,1270010,127000,43,43,0,21973,0,0.000000e+00,0.000000e+00,135868047360.0,130585092096.0,1467346.1,49.67,0.17
BER: SYNC #44 (gated)
CSV,1275010,127500,44,43,0,22058,0,0.000000e+00,0.000000e+00,141198819328.0,122489430016.0,835369.4,52.28,0.62
CSV,1280010,128000,44,43,0,22158,0,0.000000e+00,0.000000e+00,168201797632.0,100338163712.0,824634.6,53.10,2.24
CSV,1285010,128500,44,43,0,22258,0,0.000000e+00,0.000000e+00,151098310656.0,118131671040.0,981856.2,51.87,1.07
CSV,1290010,129000,44,43,0,22358,0,0.000000e+00,0.000000e+00,140104695808.0,129879334912.0,840219.8,52.22,0.33
CSV,1295010,129500,44,43,0,22458,0,0.000000e+00,0.000000e+00,142651277312.0,120249925632.0,975989.9,51.65,0.74
BER: END_SEQ #44 [LOCK] seq_err=0 BER_seq=0.0000e+00 | lock=44 slip=0 BER_cond=0.0000e+00 BER_cum=0.0000e+00
CSV,1300010,130000,44,44,0,22484,0,0.000000e+00,0.000000e+00,124296060928.0,128718921728.0,1502276.6,49.33,0.15
BER: SYNC #45 (gated)
CSV,1305010,130500,45,44,0,22581,0,0.000000e+00,0.000000e+00,146728353792.0,120768126976.0,942782.9,51.92,0.85
CSV,1310010,131000,45,44,0,22681,0,0.000000e+00,0.000000e+00,181464137728.0,96168599552.0,989115.6,52.64,2.76
CSV,1315010,131500,45,44,0,22781,0,0.000000e+00,0.000000e+00,140395249664.0,121864699904.0,862979.6,52.11,0.61
CSV,1320010,132000,45,44,0,22881,0,0.000000e+00,0.000000e+00,138643308544.0,121091342336.0,867405.9,52.04,0.59
CSV,1325010,132500,45,44,0,22981,0,0.000000e+00,0.000000e+00,139968692224.0,126107779072.0,796105.2,52.45,0.45
BER: END_SEQ #45 [LOCK] seq_err=0 BER_seq=0.0000e+00 | lock=45 slip=0 BER_cond=0.0000e+00 BER_cum=0.0000e+00
BER: SYNC #46 (gated)
CSV,1330010,133000,46,45,0,23004,0,0.000000e+00,0.000000e+00,135360733184.0,132535599104.0,1470993.2,49.64,0.09
CSV,1335010,133500,46,45,0,23104,0,0.000000e+00,0.000000e+00,143633481728.0,119657742336.0,854587.6,52.25,0.79
CSV,1340010,134000,46,45,0,23203,0,0.000000e+00,0.000000e+00,170522263552.0,96811384832.0,946543.5,52.56,2.46
CSV,1345010,134500,46,45,0,23303,0,0.000000e+00,0.000000e+00,147664224256.0,118123749376.0,854655.1,52.37,0.97
CSV,1350010,135000,46,45,0,23403,0,0.000000e+00,0.000000e+00,139104075776.0,129907531776.0,935113.9,51.72,0.30
CSV,1355010,135500,46,45,0,23503,0,0.000000e+00,0.000000e+00,138424713216.0,124790734848.0,657719.9,53.23,0.45
BER: END_SEQ #46 [LOCK] seq_err=0 BER_seq=0.0000e+00 | lock=46 slip=0 BER_cond=0.0000e+00 BER_cum=0.0000e+00
BER: SYNC #47 (gated)
CSV,1360010,136000,47,46,0,23526,0,0.000000e+00,0.000000e+00,128989495296.0,122383269888.0,1483085.1,49.39,0.23
CSV,1365010,136500,47,46,0,23626,0,0.000000e+00,0.000000e+00,153842696192.0,113192288256.0,889089.7,52.38,1.33
CSV,1370010,137000,47,46,0,23726,0,0.000000e+00,0.000000e+00,170665394176.0,104083259392.0,839487.8,53.08,2.15
CSV,1375010,137500,47,46,0,23826,0,0.000000e+00,0.000000e+00,140021465088.0,121249267712.0,842998.9,52.20,0.63
CSV,1380010,138000,47,46,0,23926,0,0.000000e+00,0.000000e+00,138518380544.0,120410628096.0,853861.3,52.10,0.61
BER: END_SEQ #47 [LOCK] seq_err=0 BER_seq=0.0000e+00 | lock=47 slip=0 BER_cond=0.0000e+00 BER_cum=0.0000e+00
CSV,1385010,138500,47,47,0,24017,0,0.000000e+00,0.000000e+00,133727821824.0,128530579456.0,846070.1,51.99,0.17
BER: SYNC #48 (gated)
CSV,1390010,139000,48,47,0,24049,0,0.000000e+00,0.000000e+00,142316797952.0,126264008704.0,1422783.1,50.00,0.52
CSV,1395010,139500,48,47,0,24149,0,0.000000e+00,0.000000e+00,165166923776.0,102688432128.0,846989.2,52.90,2.06
CSV,1400010,140000,48,47,0,24249,0,0.000000e+00,0.000000e+00,141369131008.0,117695594496.0,856175.6,52.18,0.80
CSV,1405010,140500,48,47,0,24349,0,0.000000e+00,0.000000e+00,143861039104.0,119402635264.0,867624.9,52.20,0.81
CSV,1410010,141000,48,47,0,24449,0,0.000000e+00,0.000000e+00,152862474240.0,118157180928.0,942779.2,52.10,1.12
BER: END_SEQ #48 [LOCK] seq_err=0 BER_seq=0.0000e+00 | lock=48 slip=0 BER_cond=0.0000e+00 BER_cum=0.0000e+00
CSV,1415010,141500,48,48,0,24528,0,0.000000e+00,0.000000e+00,130675703808.0,128354902016.0,999590.5,51.16,0.08
BER: SYNC #49 (gated)
CSV,1420010,142000,49,48,0,24572,0,0.000000e+00,0.000000e+00,139618664448.0,116299505664.0,1301351.2,50.31,0.79
CSV,1425010,142500,49,48,0,24672,0,0.000000e+00,0.000000e+00,168798633984.0,100540964864.0,781460.5,53.34,2.25
CSV,1430010,143000,49,48,0,24772,0,0.000000e+00,0.000000e+00,141944717312.0,128344973312.0,939246.6,51.79,0.44
CSV,1435010,143500,49,48,0,24872,0,0.000000e+00,0.000000e+00,148280754176.0,119017594880.0,848781.2,52.42,0.95
CSV,1440010,144000,49,48,0,24971,0,0.000000e+00,0.000000e+00,133956730880.0,126881308672.0,1019487.9,51.19,0.24
BER: END_SEQ #49 [LOCK] seq_err=0 BER_seq=0.0000e+00 | lock=49 slip=0 BER_cond=0.0000e+00 BER_cum=0.0000e+00
CSV,1445010,144500,49,49,0,25039,0,0.000000e+00,0.000000e+00,141535805440.0,124016353280.0,1251460.4,50.53,0.57
BER: SYNC #50 (gated)
CSV,1450010,145000,50,49,0,25094,0,0.000000e+00,0.000000e+00,146607947776.0,126174543872.0,1172533.2,50.97,0.65
CSV,1455010,145500,50,49,0,25194,0,0.000000e+00,0.000000e+00,173531774976.0,100523597824.0,898647.9,52.86,2.37
CSV,1460010,146000,50,49,0,25294,0,0.000000e+00,0.000000e+00,143480684544.0,119537467392.0,921358.8,51.92,0.79
CSV,1465010,146500,50,49,0,25394,0,0.000000e+00,0.000000e+00,134558908416.0,130730713088.0,790753.5,52.31,0.13
CSV,1470010,147000,50,49,0,25494,0,0.000000e+00,0.000000e+00,157600579584.0,118136446976.0,860369.9,52.63,1.25
BER: END_SEQ #50 [LOCK] seq_err=0 BER_seq=0.0000e+00 | lock=50 slip=0 BER_cond=0.0000e+00 BER_cum=0.0000e+00
CSV,1475010,147500,50,50,0,25550,0,0.000000e+00,0.000000e+00,131380215808.0,129552990208.0,1251184.2,50.21,0.06
BER: SYNC #51 (gated)
CSV,1480010,148000,51,50,0,25617,0,0.000000e+00,0.000000e+00,135121420288.0,125130448896.0,1055277.4,51.07,0.33
CSV,1485010,148500,51,50,0,25717,0,0.000000e+00,0.000000e+00,178531205120.0,93255032832.0,924935.3,52.86,2.82
CSV,1490010,149000,51,50,0,25817,0,0.000000e+00,0.000000e+00,151874306048.0,120979554304.0,811388.2,52.72,0.99
CSV,1495010,149500,51,50,0,25917,0,0.000000e+00,0.000000e+00,133811355648.0,129209917440.0,908681.7,51.68,0.15
CSV,1500010,150000,51,50,0,26017,0,0.000000e+00,0.000000e+00,148901117952.0,113945460736.0,798749.8,52.70,1.16
BER: END_SEQ #51 [LOCK] seq_err=0 BER_seq=0.0000e+00 | lock=51 slip=0 BER_cond=0.0000e+00 BER_cum=0.0000e+00
CSV,1505010,150500,51,51,0,26061,0,0.000000e+00,0.000000e+00,126504271872.0,130566914048.0,1359179.4,49.83,0.14

=========================================
=== END OF TEST (duration=25 min) ===
=========================================
FINAL: syncs=51 lock=51 slip=0 slip_rate=0.0000
FINAL: bits_cum=26061 err_cum=0 BER_cum=0.0000e+00
FINAL: bits_lock=26061 err_lock=0 BER_cond=0.0000e+00
=========================================
=== STOP LOGGING NOW ===
=========================================
