

=== RX BOOT - BER TEST MODE ===
MOD=OOK (20 kHz carrier, adaptive threshold)
BPS_MODE=40 (HALF_SAMPLES=1000, 5000 samples/bit @ 200000 Hz)
Expect: 64-bit preamble + Barker13 (1F35h, gated by 8 preamble bits = 0x55) + 511-bit PRBS-9
Noise floor band: 5000 Hz; lock threshold: BER<0.10
Auto-stop: test will halt 25 min after the first sync.
RX: edge-tracking sync, center-3 voting
Starting decoder...

BER: SYNC #1 (gated)
CSV,5008,1000,1,0,0,40,0,0.000000e+00,0.000000e+00,392534.7,52515098624.0,311272.5,52.27,51.26
CSV,10008,2000,1,0,0,239,0,0.000000e+00,0.000000e+00,404341.8,48997859328.0,237701.4,53.14,50.83
CSV,15008,3000,1,0,0,439,0,0.000000e+00,0.000000e+00,405493.7,53596545024.0,252361.0,53.27,51.21
BER: END_SEQ #1 [LOCK] seq_err=0 BER_seq=0.0000e+00 | lock=1 slip=0 BER_cond=0.0000e+00 BER_cum=0.0000e+00
BER: SYNC #2 (gated)
CSV,20008,4000,2,1,0,562,0,0.000000e+00,0.000000e+00,491574.9,53578723328.0,300989.3,52.50,50.37
CSV,25008,5000,2,1,0,762,0,0.000000e+00,0.000000e+00,411814.5,49511608320.0,228819.4,53.35,50.80
CSV,30008,6000,2,1,0,962,0,0.000000e+00,0.000000e+00,421838.8,52265934848.0,239075.3,53.40,50.93
BER: END_SEQ #2 [LOCK] seq_err=0 BER_seq=0.0000e+00 | lock=2 slip=0 BER_cond=0.0000e+00 BER_cum=0.0000e+00
BER: SYNC #3 (gated)
CSV,35008,7000,3,2,0,1085,0,0.000000e+00,0.000000e+00,470020.0,55657095168.0,300366.2,52.68,50.73
CSV,40008,8000,3,2,0,1285,0,0.000000e+00,0.000000e+00,386736.7,45799325696.0,240564.3,52.80,50.73
CSV,45008,9000,3,2,0,1485,0,0.000000e+00,0.000000e+00,393433.0,54484054016.0,258709.6,53.23,51.41
BER: END_SEQ #3 [LOCK] seq_err=0 BER_seq=0.0000e+00 | lock=3 slip=0 BER_cond=0.0000e+00 BER_cum=0.0000e+00
BER: SYNC #4 (gated)
CSV,50008,10000,4,3,0,1608,0,0.000000e+00,0.000000e+00,460866.1,54831845376.0,280307.4,52.91,50.75
CSV,55008,11000,4,3,0,1808,0,0.000000e+00,0.000000e+00,415033.0,46624780288.0,255744.9,52.61,50.51
CSV,60008,12000,4,3,0,2007,0,0.000000e+00,0.000000e+00,431479.8,54083334144.0,239029.3,53.55,50.98
BER: END_SEQ #4 [LOCK] seq_err=0 BER_seq=0.0000e+00 | lock=4 slip=0 BER_cond=0.0000e+00 BER_cum=0.0000e+00
BER: SYNC #5 (gated)
CSV,65008,13000,5,4,0,2130,0,0.000000e+00,0.000000e+00,492097.5,55406555136.0,298401.2,52.69,50.52
CSV,70008,14000,5,4,0,2330,0,0.000000e+00,0.000000e+00,405805.9,47597432832.0,254676.6,52.72,50.69
CSV,75008,15000,5,4,0,2530,0,0.000000e+00,0.000000e+00,397493.3,54526705664.0,251544.9,53.36,51.37
BER: END_SEQ #5 [LOCK] seq_err=0 BER_seq=0.0000e+00 | lock=5 slip=0 BER_cond=0.0000e+00 BER_cum=0.0000e+00
BER: SYNC #6 (gated)
CSV,80008,16000,6,5,0,2653,0,0.000000e+00,0.000000e+00,465947.8,54408282112.0,278065.9,52.92,50.67
CSV,85008,17000,6,5,0,2853,0,0.000000e+00,0.000000e+00,382836.0,47600824320.0,257885.1,52.66,50.95
CSV,90008,18000,6,5,0,3053,0,0.000000e+00,0.000000e+00,416740.3,54652456960.0,237836.4,53.61,51.18
BER: END_SEQ #6 [LOCK] seq_err=0 BER_seq=0.0000e+00 | lock=6 slip=0 BER_cond=0.0000e+00 BER_cum=0.0000e+00
BER: SYNC #7 (gated)
CSV,95008,19000,7,6,0,3176,0,0.000000e+00,0.000000e+00,484429.6,54286970880.0,291175.6,52.71,50.49
CSV,100008,20000,7,6,0,3376,0,0.000000e+00,0.000000e+00,412855.6,47026114560.0,256059.3,52.64,50.57
CSV,105008,21000,7,6,0,3576,0,0.000000e+00,0.000000e+00,418303.8,56130269184.0,236538.7,53.75,51.28
BER: END_SEQ #7 [LOCK] seq_err=0 BER_seq=0.0000e+00 | lock=7 slip=0 BER_cond=0.0000e+00 BER_cum=0.0000e+00
BER: SYNC #8 (gated)
CSV,110008,22000,8,7,0,3698,0,0.000000e+00,0.000000e+00,479131.0,51544608768.0,290834.2,52.49,50.32
CSV,115008,23000,8,7,0,3898,0,0.000000e+00,0.000000e+00,413109.0,49543467008.0,259265.5,52.81,50.79
BER: END_SEQ #8 [LOCK] seq_err=0 BER_seq=0.0000e+00 | lock=8 slip=0 BER_cond=0.0000e+00 BER_cum=0.0000e+00
CSV,120008,24000,8,8,0,4088,0,0.000000e+00,0.000000e+00,392030.2,55271194624.0,230899.6,53.79,51.49
BER: SYNC #9 (gated)
CSV,125008,25000,9,8,0,4221,0,0.000000e+00,0.000000e+00,460687.4,49537810432.0,274647.1,52.56,50.32
CSV,130008,26000,9,8,0,4421,0,0.000000e+00,0.000000e+00,407911.7,52889874432.0,267929.3,52.95,51.13
BER: END_SEQ #9 [LOCK] seq_err=0 BER_seq=0.0000e+00 | lock=9 slip=0 BER_cond=0.0000e+00 BER_cum=0.0000e+00
CSV,135008,27000,9,9,0,4599,0,0.000000e+00,0.000000e+00,430833.8,54546362368.0,243514.9,53.50,51.02
BER: SYNC #10 (gated)
CSV,140008,28000,10,9,0,4744,0,0.000000e+00,0.000000e+00,450791.4,48336793600.0,262576.4,52.65,50.30
CSV,145008,29000,10,9,0,4944,0,0.000000e+00,0.000000e+00,406423.7,53756833792.0,264822.8,53.07,51.21
BER: END_SEQ #10 [LOCK] seq_err=0 BER_seq=0.0000e+00 | lock=10 slip=0 BER_cond=0.0000e+00 BER_cum=0.0000e+00
CSV,150008,30000,10,10,0,5110,0,0.000000e+00,0.000000e+00,481105.5,54379155456.0,258767.0,53.23,50.53
BER: SYNC #11 (gated)
CSV,155008,31000,11,10,0,5267,0,0.000000e+00,0.000000e+00,443702.3,48683278336.0,260443.5,52.72,50.40
CSV,160008,32000,11,10,0,5466,0,0.000000e+00,0.000000e+00,415066.3,54405750784.0,252676.8,53.33,51.18
BER: END_SEQ #11 [LOCK] seq_err=0 BER_seq=0.0000e+00 | lock=11 slip=0 BER_cond=0.0000e+00 BER_cum=0.0000e+00
CSV,165008,33000,11,11,0,5621,0,0.000000e+00,0.000000e+00,488985.2,54159675392.0,282601.8,52.83,50.44
BER: SYNC #12 (gated)
CSV,170008,34000,12,11,0,5789,0,0.000000e+00,0.000000e+00,402230.6,48453402624.0,239587.4,53.06,50.81
CSV,175008,35000,12,11,0,5989,0,0.000000e+00,0.000000e+00,414382.2,54242598912.0,233044.0,53.67,51.17
BER: END_SEQ #12 [LOCK] seq_err=0 BER_seq=0.0000e+00 | lock=12 slip=0 BER_cond=0.0000e+00 BER_cum=0.0000e+00
CSV,180008,36000,12,12,0,6132,0,0.000000e+00,0.000000e+00,440785.0,53733928960.0,292421.0,52.64,50.86
BER: SYNC #13 (gated)
CSV,185008,37000,13,12,0,6312,0,0.000000e+00,0.000000e+00,403920.2,50071040000.0,232213.3,53.34,50.93
CSV,190008,38000,13,12,0,6512,0,0.000000e+00,0.000000e+00,418807.6,53788135424.0,250091.4,53.33,51.09
BER: END_SEQ #13 [LOCK] seq_err=0 BER_seq=0.0000e+00 | lock=13 slip=0 BER_cond=0.0000e+00 BER_cum=0.0000e+00
CSV,195008,39000,13,13,0,6643,0,0.000000e+00,0.000000e+00,457123.6,55162654720.0,285835.2,52.86,50.82
BER: SYNC #14 (gated)
CSV,200008,40000,14,13,0,6835,0,0.000000e+00,0.000000e+00,397700.8,46951485440.0,236795.4,52.97,50.72
CSV,205008,41000,14,13,0,7035,0,0.000000e+00,0.000000e+00,414219.4,53747101696.0,254061.2,53.25,51.13
BER: END_SEQ #14 [LOCK] seq_err=0 BER_seq=0.0000e+00 | lock=14 slip=0 BER_cond=0.0000e+00 BER_cum=0.0000e+00
BER: SYNC #15 (gated)
CSV,210008,42000,15,14,0,7157,0,0.000000e+00,0.000000e+00,486475.8,55033245696.0,291401.9,52.76,50.54
CSV,215008,43000,15,14,0,7357,0,0.000000e+00,0.000000e+00,406285.4,47885537280.0,240774.9,52.99,50.71
CSV,220008,44000,15,14,0,7557,0,0.000000e+00,0.000000e+00,430390.9,54333120512.0,268253.7,53.07,51.01
BER: END_SEQ #15 [LOCK] seq_err=0 BER_seq=0.0000e+00 | lock=15 slip=0 BER_cond=0.0000e+00 BER_cum=0.0000e+00
BER: SYNC #16 (gated)
CSV,225008,45000,16,15,0,7680,0,0.000000e+00,0.000000e+00,499151.2,56647815168.0,279470.3,53.07,50.55
CSV,230008,46000,16,15,0,7880,0,0.000000e+00,0.000000e+00,377810.8,47105105920.0,258655.8,52.60,50.96
CSV,235008,47000,16,15,0,8080,0,0.000000e+00,0.000000e+00,425906.2,53358940160.0,261880.6,53.09,50.98
BER: END_SEQ #16 [LOCK] seq_err=0 BER_seq=0.0000e+00 | lock=16 slip=0 BER_cond=0.0000e+00 BER_cum=0.0000e+00
BER: SYNC #17 (gated)
CSV,240008,48000,17,16,0,8203,0,0.000000e+00,0.000000e+00,441824.7,56166998016.0,276293.3,53.08,51.04
CSV,245008,49000,17,16,0,8403,0,0.000000e+00,0.000000e+00,416641.4,47374241792.0,261593.1,52.58,50.56
CSV,250008,50000,17,16,0,8603,0,0.000000e+00,0.000000e+00,380192.4,53919875072.0,250961.4,53.32,51.52
BER: END_SEQ #17 [LOCK] seq_err=0 BER_seq=0.0000e+00 | lock=17 slip=0 BER_cond=0.0000e+00 BER_cum=0.0000e+00
BER: SYNC #18 (gated)
CSV,255008,51000,18,17,0,8726,0,0.000000e+00,0.000000e+00,455439.8,54341414912.0,269476.8,53.05,50.77
CSV,260008,52000,18,17,0,8926,0,0.000000e+00,0.000000e+00,418519.9,49556013056.0,247937.4,53.01,50.73
CSV,265008,53000,18,17,0,9125,0,0.000000e+00,0.000000e+00,397028.4,53011402752.0,244331.0,53.36,51.26
BER: END_SEQ #18 [LOCK] seq_err=0 BER_seq=0.0000e+00 | lock=18 slip=0 BER_cond=0.0000e+00 BER_cum=0.0000e+00
BER: SYNC #19 (gated)
CSV,270008,54000,19,18,0,9248,0,0.000000e+00,0.000000e+00,495965.3,54319071232.0,285233.6,52.80,50.40
CSV,275008,55000,19,18,0,9448,0,0.000000e+00,0.000000e+00,406224.0,49070088192.0,238000.6,53.14,50.82
CSV,280008,56000,19,18,0,9648,0,0.000000e+00,0.000000e+00,417592.7,52807716864.0,253786.7,53.18,51.02
BER: END_SEQ #19 [LOCK] seq_err=0 BER_seq=0.0000e+00 | lock=19 slip=0 BER_cond=0.0000e+00 BER_cum=0.0000e+00
BER: SYNC #20 (gated)
CSV,285008,57000,20,19,0,9771,0,0.000000e+00,0.000000e+00,478292.2,54714613760.0,297525.2,52.65,50.58
CSV,290008,58000,20,19,0,9971,0,0.000000e+00,0.000000e+00,383613.2,46569181184.0,250445.6,52.69,50.84
CSV,295008,59000,20,19,0,10171,0,0.000000e+00,0.000000e+00,398461.6,53847162880.0,259221.5,53.17,51.31
BER: END_SEQ #20 [LOCK] seq_err=0 BER_seq=0.0000e+00 | lock=20 slip=0 BER_cond=0.0000e+00 BER_cum=0.0000e+00
BER: SYNC #21 (gated)
CSV,300008,60000,21,20,0,10294,0,0.000000e+00,0.000000e+00,454490.7,55971504128.0,271183.2,53.15,50.90
CSV,305008,61000,21,20,0,10494,0,0.000000e+00,0.000000e+00,411744.5,45757595648.0,249530.8,52.63,50.46
CSV,310008,62000,21,20,0,10694,0,0.000000e+00,0.000000e+00,430187.2,54722117632.0,237574.6,53.62,51.05
BER: END_SEQ #21 [LOCK] seq_err=0 BER_seq=0.0000e+00 | lock=21 slip=0 BER_cond=0.0000e+00 BER_cum=0.0000e+00
BER: SYNC #22 (gated)
CSV,315008,63000,22,21,0,10816,0,0.000000e+00,0.000000e+00,486320.2,54271279104.0,294458.3,52.66,50.48
CSV,320008,64000,22,21,0,11016,0,0.000000e+00,0.000000e+00,410248.9,47659110400.0,257134.2,52.68,50.65
CSV,325008,65000,22,21,0,11216,0,0.000000e+00,0.000000e+00,408097.1,54207561728.0,251214.9,53.34,51.23
BER: END_SEQ #22 [LOCK] seq_err=0 BER_seq=0.0000e+00 | lock=22 slip=0 BER_cond=0.0000e+00 BER_cum=0.0000e+00
BER: SYNC #23 (gated)
CSV,330008,66000,23,22,0,11339,0,0.000000e+00,0.000000e+00,467356.0,54673633280.0,277666.2,52.94,50.68
CSV,335008,67000,23,22,0,11539,0,0.000000e+00,0.000000e+00,375215.5,47218941952.0,252609.0,52.72,51.00
CSV,340008,68000,23,22,0,11739,0,0.000000e+00,0.000000e+00,400512.8,54228197376.0,234604.1,53.64,51.32
BER: END_SEQ #23 [LOCK] seq_err=0 BER_seq=0.0000e+00 | lock=23 slip=0 BER_cond=0.0000e+00 BER_cum=0.0000e+00
BER: SYNC #24 (gated)
CSV,345008,69000,24,23,0,11862,0,0.000000e+00,0.000000e+00,492136.7,53885980672.0,293602.4,52.64,50.39
CSV,350008,70000,24,23,0,12062,0,0.000000e+00,0.000000e+00,399712.6,47273635840.0,250396.6,52.76,50.73
CSV,355008,71000,24,23,0,12262,0,0.000000e+00,0.000000e+00,419476.1,55226261504.0,236347.9,53.69,51.19
BER: END_SEQ #24 [LOCK] seq_err=0 BER_seq=0.0000e+00 | lock=24 slip=0 BER_cond=0.0000e+00 BER_cum=0.0000e+00
BER: SYNC #25 (gated)
CSV,360008,72000,25,24,0,12385,0,0.000000e+00,0.000000e+00,472609.8,52495740928.0,289806.0,52.58,50.46
CSV,365008,73000,25,24,0,12584,0,0.000000e+00,0.000000e+00,405767.1,48969310208.0,262883.6,52.70,50.82
BER: END_SEQ #25 [LOCK] seq_err=0 BER_seq=0.0000e+00 | lock=25 slip=0 BER_cond=0.0000e+00 BER_cum=0.0000e+00
CSV,370008,74000,25,25,0,12775,0,0.000000e+00,0.000000e+00,377570.1,55383363584.0,234476.3,53.73,51.66
BER: SYNC #26 (gated)
CSV,375008,75000,26,25,0,12907,0,0.000000e+00,0.000000e+00,464582.7,49125888000.0,269564.0,52.61,50.24
CSV,380008,76000,26,25,0,13107,0,0.000000e+00,0.000000e+00,406362.8,52736929792.0,257872.8,53.11,51.13
BER: END_SEQ #26 [LOCK] seq_err=0 BER_seq=0.0000e+00 | lock=26 slip=0 BER_cond=0.0000e+00 BER_cum=0.0000e+00
CSV,385008,77000,26,26,0,13286,0,0.000000e+00,0.000000e+00,453899.0,53950328832.0,257090.5,53.22,50.75
BER: SYNC #27 (gated)
CSV,390008,78000,27,26,0,13430,0,0.000000e+00,0.000000e+00,442039.2,48438538240.0,267494.9,52.58,50.40
CSV,395008,79000,27,26,0,13630,0,0.000000e+00,0.000000e+00,414845.1,52859318272.0,242518.6,53.38,51.05
BER: END_SEQ #27 [LOCK] seq_err=0 BER_seq=0.0000e+00 | lock=27 slip=0 BER_cond=0.0000e+00 BER_cum=0.0000e+00
CSV,400008,80000,27,27,0,13797,0,0.000000e+00,0.000000e+00,447316.1,54498406400.0,275303.9,52.97,50.86
BER: SYNC #28 (gated)
CSV,405008,81000,28,27,0,13953,0,0.000000e+00,0.000000e+00,427877.6,47957196800.0,249045.7,52.85,50.50
CSV,410008,82000,28,27,0,14153,0,0.000000e+00,0.000000e+00,405280.7,54904897536.0,239853.7,53.60,51.32
BER: END_SEQ #28 [LOCK] seq_err=0 BER_seq=0.0000e+00 | lock=28 slip=0 BER_cond=0.0000e+00 BER_cum=0.0000e+00
CSV,415008,83000,28,28,0,14308,0,0.000000e+00,0.000000e+00,428912.4,53026242560.0,284294.1,52.71,50.92
BER: SYNC #29 (gated)
CSV,420008,84000,29,28,0,14475,0,0.000000e+00,0.000000e+00,411912.7,48449798144.0,248671.5,52.90,50.70
CSV,425008,85000,29,28,0,14675,0,0.000000e+00,0.000000e+00,417045.8,53881090048.0,233250.8,53.64,51.11
BER: END_SEQ #29 [LOCK] seq_err=0 BER_seq=0.0000e+00 | lock=29 slip=0 BER_cond=0.0000e+00 BER_cum=0.0000e+00
CSV,430008,86000,29,29,0,14819,0,0.000000e+00,0.000000e+00,514129.7,53907881984.0,308036.9,52.43,50.21
BER: SYNC #30 (gated)
CSV,435008,87000,30,29,0,14998,0,0.000000e+00,0.000000e+00,393173.0,49056010240.0,224995.2,53.39,50.96
CSV,440008,88000,30,29,0,15198,0,0.000000e+00,0.000000e+00,432850.8,54207041536.0,251196.4,53.34,50.98
BER: END_SEQ #30 [LOCK] seq_err=0 BER_seq=0.0000e+00 | lock=30 slip=0 BER_cond=0.0000e+00 BER_cum=0.0000e+00
CSV,445008,89000,30,30,0,15330,0,0.000000e+00,0.000000e+00,452941.9,54135017472.0,299813.3,52.57,50.77
BER: SYNC #31 (gated)
CSV,450008,90000,31,30,0,15521,0,0.000000e+00,0.000000e+00,394803.0,47241682944.0,237281.3,52.99,50.78
CSV,455008,91000,31,30,0,15721,0,0.000000e+00,0.000000e+00,418712.6,52891766784.0,250672.0,53.24,51.01
BER: END_SEQ #31 [LOCK] seq_err=0 BER_seq=0.0000e+00 | lock=31 slip=0 BER_cond=0.0000e+00 BER_cum=0.0000e+00
BER: SYNC #32 (gated)
CSV,460008,92000,32,31,0,15843,0,0.000000e+00,0.000000e+00,482297.0,54751154176.0,286916.5,52.81,50.55
CSV,465008,93000,32,31,0,16043,0,0.000000e+00,0.000000e+00,383037.8,47297445888.0,229252.9,53.15,50.92
CSV,470008,94000,32,31,0,16243,0,0.000000e+00,0.000000e+00,434074.9,54168883200.0,252693.3,53.31,50.96
BER: END_SEQ #32 [LOCK] seq_err=0 BER_seq=0.0000e+00 | lock=32 slip=0 BER_cond=0.0000e+00 BER_cum=0.0000e+00
BER: SYNC #33 (gated)
CSV,475008,95000,33,32,0,16366,0,0.000000e+00,0.000000e+00,478893.1,55984697344.0,292416.0,52.82,50.68
CSV,480008,96000,33,32,0,16566,0,0.000000e+00,0.000000e+00,396065.6,47190142976.0,261917.0,52.56,50.76
CSV,485008,97000,33,32,0,16766,0,0.000000e+00,0.000000e+00,400837.8,53091966976.0,256209.4,53.16,51.22
BER: END_SEQ #33 [LOCK] seq_err=0 BER_seq=0.0000e+00 | lock=33 slip=0 BER_cond=0.0000e+00 BER_cum=0.0000e+00
BER: SYNC #34 (gated)
CSV,490008,98000,34,33,0,16889,0,0.000000e+00,0.000000e+00,442577.9,55825772544.0,264296.7,53.25,51.01
CSV,495008,99000,34,33,0,17089,0,0.000000e+00,0.000000e+00,422433.6,46666440704.0,257016.2,52.59,50.43
CSV,500008,100000,34,33,0,17289,0,0.000000e+00,0.000000e+00,404627.3,53925638144.0,249475.4,53.35,51.25
BER: END_SEQ #34 [LOCK] seq_err=0 BER_seq=0.0000e+00 | lock=34 slip=0 BER_cond=0.0000e+00 BER_cum=0.0000e+00
BER: SYNC #35 (gated)
CSV,505008,101000,35,34,0,17412,0,0.000000e+00,0.000000e+00,490518.7,53882634240.0,275677.1,52.91,50.41
CSV,510008,102000,35,34,0,17612,0,0.000000e+00,0.000000e+00,394224.1,49686179840.0,261591.2,52.79,51.00
CSV,515008,103000,35,34,0,17812,0,0.000000e+00,0.000000e+00,407206.1,53106466816.0,245605.9,53.35,51.15
BER: END_SEQ #35 [LOCK] seq_err=0 BER_seq=0.0000e+00 | lock=35 slip=0 BER_cond=0.0000e+00 BER_cum=0.0000e+00
BER: SYNC #36 (gated)
CSV,520008,104000,36,35,0,17934,0,0.000000e+00,0.000000e+00,461069.0,54259625984.0,281202.8,52.85,50.71
CSV,525008,105000,36,35,0,18134,0,0.000000e+00,0.000000e+00,418252.6,48666689536.0,248791.4,52.91,50.66
CSV,530008,106000,36,35,0,18334,0,0.000000e+00,0.000000e+00,402111.6,53263065088.0,249982.6,53.29,51.22
BER: END_SEQ #36 [LOCK] seq_err=0 BER_seq=0.0000e+00 | lock=36 slip=0 BER_cond=0.0000e+00 BER_cum=0.0000e+00
BER: SYNC #37 (gated)
CSV,535008,107000,37,36,0,18457,0,0.000000e+00,0.000000e+00,477490.4,54189895680.0,275323.3,52.94,50.55
CSV,540008,108000,37,36,0,18657,0,0.000000e+00,0.000000e+00,398425.0,47172038656.0,236290.1,53.00,50.73
CSV,545008,109000,37,36,0,18857,0,0.000000e+00,0.000000e+00,423149.1,53098561536.0,241015.6,53.43,50.99
BER: END_SEQ #37 [LOCK] seq_err=0 BER_seq=0.0000e+00 | lock=37 slip=0 BER_cond=0.0000e+00 BER_cum=0.0000e+00
BER: SYNC #38 (gated)
CSV,550008,110000,38,37,0,18980,0,0.000000e+00,0.000000e+00,452545.5,56863989760.0,285134.0,53.00,50.99
CSV,555008,111000,38,37,0,19180,0,0.000000e+00,0.000000e+00,381454.7,44988833792.0,221673.1,53.07,50.72
CSV,560008,112000,38,37,0,19380,0,0.000000e+00,0.000000e+00,407493.4,55130107904.0,264183.1,53.19,51.31
BER: END_SEQ #38 [LOCK] seq_err=0 BER_seq=0.0000e+00 | lock=38 slip=0 BER_cond=0.0000e+00 BER_cum=0.0000e+00
BER: SYNC #39 (gated)
CSV,565008,113000,39,38,0,19502,0,0.000000e+00,0.000000e+00,491746.3,54920450048.0,301209.4,52.61,50.48
CSV,570008,114000,39,38,0,19702,0,0.000000e+00,0.000000e+00,418686.8,47506092032.0,238199.5,53.00,50.55
CSV,575008,115000,39,38,0,19902,0,0.000000e+00,0.000000e+00,440119.6,54418345984.0,242641.7,53.51,50.92
BER: END_SEQ #39 [LOCK] seq_err=0 BER_seq=0.0000e+00 | lock=39 slip=0 BER_cond=0.0000e+00 BER_cum=0.0000e+00
BER: SYNC #40 (gated)
CSV,580008,116000,40,39,0,20025,0,0.000000e+00,0.000000e+00,464415.8,55257489408.0,285974.2,52.86,50.75
CSV,585008,117000,40,39,0,20225,0,0.000000e+00,0.000000e+00,392619.8,47122935808.0,222131.4,53.27,50.79
CSV,590008,118000,40,39,0,20425,0,0.000000e+00,0.000000e+00,384478.3,54449393664.0,261459.4,53.19,51.51
BER: END_SEQ #40 [LOCK] seq_err=0 BER_seq=0.0000e+00 | lock=40 slip=0 BER_cond=0.0000e+00 BER_cum=0.0000e+00
BER: SYNC #41 (gated)
CSV,595008,119000,41,40,0,20548,0,0.000000e+00,0.000000e+00,489233.7,53986873344.0,294507.9,52.63,50.43
CSV,600008,120000,41,40,0,20748,0,0.000000e+00,0.000000e+00,392552.2,47915106304.0,240880.6,52.99,50.87
CSV,605008,121000,41,40,0,20948,0,0.000000e+00,0.000000e+00,422386.4,54518472704.0,226746.5,53.81,51.11
BER: END_SEQ #41 [LOCK] seq_err=0 BER_seq=0.0000e+00 | lock=41 slip=0 BER_cond=0.0000e+00 BER_cum=0.0000e+00
BER: SYNC #42 (gated)
CSV,610008,122000,42,41,0,21070,0,0.000000e+00,0.000000e+00,482236.5,52748148736.0,304900.6,52.38,50.39
CSV,615008,123000,42,41,0,21271,0,0.000000e+00,0.000000e+00,420825.6,48940478464.0,253972.3,52.85,50.66
BER: END_SEQ #42 [LOCK] seq_err=0 BER_seq=0.0000e+00 | lock=42 slip=0 BER_cond=0.0000e+00 BER_cum=0.0000e+00
CSV,620008,124000,42,42,0,21462,0,0.000000e+00,0.000000e+00,371456.8,54994096128.0,239641.2,53.61,51.70
BER: SYNC #43 (gated)
CSV,625008,125000,43,42,0,21593,0,0.000000e+00,0.000000e+00,457923.0,48949964800.0,278636.4,52.45,50.29
CSV,630008,126000,43,42,0,21793,0,0.000000e+00,0.000000e+00,394243.2,52570898432.0,263233.7,53.00,51.25
BER: END_SEQ #43 [LOCK] seq_err=0 BER_seq=0.0000e+00 | lock=43 slip=0 BER_cond=0.0000e+00 BER_cum=0.0000e+00
CSV,635008,127000,43,43,0,21973,0,0.000000e+00,0.000000e+00,436601.3,53463863296.0,250261.8,53.30,50.88
BER: SYNC #44 (gated)
CSV,640008,128000,44,43,0,22116,0,0.000000e+00,0.000000e+00,440984.4,48391946240.0,267357.2,52.58,50.40
CSV,645008,129000,44,43,0,22316,0,0.000000e+00,0.000000e+00,416827.6,52789080064.0,262376.5,53.04,51.03
BER: END_SEQ #44 [LOCK] seq_err=0 BER_seq=0.0000e+00 | lock=44 slip=0 BER_cond=0.0000e+00 BER_cum=0.0000e+00
CSV,650008,130000,44,44,0,22484,0,0.000000e+00,0.000000e+00,462239.1,54754095104.0,269786.8,53.07,50.74
BER: SYNC #45 (gated)
CSV,655008,131000,45,44,0,22639,0,0.000000e+00,0.000000e+00,424263.6,47640735744.0,254747.1,52.72,50.50
CSV,660008,132000,45,44,0,22839,0,0.000000e+00,0.000000e+00,411254.5,54132109312.0,249475.9,53.36,51.19
BER: END_SEQ #45 [LOCK] seq_err=0 BER_seq=0.0000e+00 | lock=45 slip=0 BER_cond=0.0000e+00 BER_cum=0.0000e+00
CSV,665008,133000,45,45,0,22995,0,0.000000e+00,0.000000e+00,426649.0,52956364800.0,269831.4,52.93,50.94
BER: SYNC #46 (gated)
CSV,670008,134000,46,45,0,23161,0,0.000000e+00,0.000000e+00,408569.9,48000450560.0,252524.9,52.79,50.70
CSV,675008,135000,46,45,0,23361,0,0.000000e+00,0.000000e+00,408922.6,53332791296.0,224860.2,53.75,51.15
BER: END_SEQ #46 [LOCK] seq_err=0 BER_seq=0.0000e+00 | lock=46 slip=0 BER_cond=0.0000e+00 BER_cum=0.0000e+00
CSV,680008,136000,46,46,0,23506,0,0.000000e+00,0.000000e+00,512828.2,53499486208.0,311028.0,52.36,50.18
BER: SYNC #47 (gated)
CSV,685008,137000,47,46,0,23684,0,0.000000e+00,0.000000e+00,395074.7,48161361920.0,227720.5,53.25,50.86
CSV,690008,138000,47,46,0,23884,0,0.000000e+00,0.000000e+00,412841.3,54101811200.0,241532.0,53.50,51.17
BER: END_SEQ #47 [LOCK] seq_err=0 BER_seq=0.0000e+00 | lock=47 slip=0 BER_cond=0.0000e+00 BER_cum=0.0000e+00
CSV,695008,139000,47,47,0,24017,0,0.000000e+00,0.000000e+00,444871.3,53317885952.0,287547.2,52.68,50.79
BER: SYNC #48 (gated)
CSV,700008,140000,48,47,0,24207,0,0.000000e+00,0.000000e+00,401725.5,47565369344.0,227527.8,53.20,50.73
CSV,705008,141000,48,47,0,24407,0,0.000000e+00,0.000000e+00,390278.2,52410634240.0,233671.8,53.51,51.28
BER: END_SEQ #48 [LOCK] seq_err=0 BER_seq=0.0000e+00 | lock=48 slip=0 BER_cond=0.0000e+00 BER_cum=0.0000e+00
BER: SYNC #49 (gated)
CSV,710008,142000,49,48,0,24529,0,0.000000e+00,0.000000e+00,461284.8,54759653376.0,310385.0,52.47,50.74
CSV,715008,143000,49,48,0,24730,0,0.000000e+00,0.000000e+00,406138.9,46575489024.0,237783.2,52.92,50.59
CSV,720008,144000,49,48,0,24929,0,0.000000e+00,0.000000e+00,423793.3,53843910656.0,242517.3,53.46,51.04
BER: END_SEQ #49 [LOCK] seq_err=0 BER_seq=0.0000e+00 | lock=49 slip=0 BER_cond=0.0000e+00 BER_cum=0.0000e+00
BER: SYNC #50 (gated)
CSV,725008,145000,50,49,0,25052,0,0.000000e+00,0.000000e+00,505370.4,55235301376.0,294044.9,52.74,50.39
CSV,730008,146000,50,49,0,25252,0,0.000000e+00,0.000000e+00,367090.9,47874031616.0,220837.9,53.36,51.15
CSV,735008,147000,50,49,0,25452,0,0.000000e+00,0.000000e+00,425608.2,52635693056.0,244885.8,53.32,50.92
BER: END_SEQ #50 [LOCK] seq_err=0 BER_seq=0.0000e+00 | lock=50 slip=0 BER_cond=0.0000e+00 BER_cum=0.0000e+00
BER: SYNC #51 (gated)
CSV,740008,148000,51,50,0,25575,0,0.000000e+00,0.000000e+00,448551.7,55403372544.0,304392.1,52.60,50.92
CSV,745008,149000,51,50,0,25775,0,0.000000e+00,0.000000e+00,412521.3,46612303872.0,238678.7,52.91,50.53
CSV,750008,150000,51,50,0,25975,0,0.000000e+00,0.000000e+00,377191.1,54055624704.0,238495.7,53.55,51.56
BER: END_SEQ #51 [LOCK] seq_err=0 BER_seq=0.0000e+00 | lock=51 slip=0 BER_cond=0.0000e+00 BER_cum=0.0000e+00
BER: SYNC #52 (gated)
CSV,755008,151000,52,51,0,26098,0,0.000000e+00,0.000000e+00,488441.7,53362466816.0,290062.3,52.65,50.38
CSV,760008,152000,52,51,0,26297,0,0.000000e+00,0.000000e+00,413088.8,49287794688.0,242017.8,53.09,50.77
CSV,765008,153000,52,51,0,26497,0,0.000000e+00,0.000000e+00,421460.5,52854120448.0,250275.1,53.25,50.98
BER: END_SEQ #52 [LOCK] seq_err=0 BER_seq=0.0000e+00 | lock=52 slip=0 BER_cond=0.0000e+00 BER_cum=0.0000e+00
BER: SYNC #53 (gated)
CSV,770008,154000,53,52,0,26620,0,0.000000e+00,0.000000e+00,480641.8,54807982080.0,292562.9,52.73,50.57
CSV,775008,155000,53,52,0,26820,0,0.000000e+00,0.000000e+00,395196.7,48132644864.0,263909.3,52.61,50.86
CSV,780008,156000,53,52,0,27020,0,0.000000e+00,0.000000e+00,389336.7,53444681728.0,245484.8,53.38,51.38
BER: END_SEQ #53 [LOCK] seq_err=0 BER_seq=0.0000e+00 | lock=53 slip=0 BER_cond=0.0000e+00 BER_cum=0.0000e+00
BER: SYNC #54 (gated)
CSV,785008,157000,54,53,0,27143,0,0.000000e+00,0.000000e+00,466536.3,53433122816.0,270945.7,52.95,50.59
CSV,790008,158000,54,53,0,27343,0,0.000000e+00,0.000000e+00,405215.9,47823454208.0,250247.4,52.81,50.72
CSV,795008,159000,54,53,0,27543,0,0.000000e+00,0.000000e+00,425767.2,52589498368.0,255272.4,53.14,50.92
BER: END_SEQ #54 [LOCK] seq_err=0 BER_seq=0.0000e+00 | lock=54 slip=0 BER_cond=0.0000e+00 BER_cum=0.0000e+00
BER: SYNC #55 (gated)
CSV,800008,160000,55,54,0,27666,0,0.000000e+00,0.000000e+00,469327.8,56806113280.0,269853.9,53.23,50.83
CSV,805008,161000,55,54,0,27866,0,0.000000e+00,0.000000e+00,376454.1,44448374784.0,251256.9,52.48,50.72
CSV,810008,162000,55,54,0,28066,0,0.000000e+00,0.000000e+00,399971.5,54306439168.0,240244.9,53.54,51.33
BER: END_SEQ #55 [LOCK] seq_err=0 BER_seq=0.0000e+00 | lock=55 slip=0 BER_cond=0.0000e+00 BER_cum=0.0000e+00
BER: SYNC #56 (gated)
CSV,815008,163000,56,55,0,28188,0,0.000000e+00,0.000000e+00,473102.1,54723866624.0,283315.7,52.86,50.63
CSV,820008,164000,56,55,0,28388,0,0.000000e+00,0.000000e+00,395106.4,46825484288.0,252657.5,52.68,50.74
CSV,825008,165000,56,55,0,28588,0,0.000000e+00,0.000000e+00,417208.3,54060093440.0,245148.1,53.43,51.13
BER: END_SEQ #56 [LOCK] seq_err=0 BER_seq=0.0000e+00 | lock=56 slip=0 BER_cond=0.0000e+00 BER_cum=0.0000e+00
BER: SYNC #57 (gated)
CSV,830008,166000,57,56,0,28711,0,0.000000e+00,0.000000e+00,462702.3,54708080640.0,284069.8,52.85,50.73
CSV,835008,167000,57,56,0,28911,0,0.000000e+00,0.000000e+00,415429.9,46594625536.0,246788.6,52.76,50.50
CSV,840008,168000,57,56,0,29111,0,0.000000e+00,0.000000e+00,422071.8,54418694144.0,243031.5,53.50,51.10
BER: END_SEQ #57 [LOCK] seq_err=0 BER_seq=0.0000e+00 | lock=57 slip=0 BER_cond=0.0000e+00 BER_cum=0.0000e+00
BER: SYNC #58 (gated)
CSV,845008,169000,58,57,0,29234,0,0.000000e+00,0.000000e+00,471594.4,53868568576.0,281850.3,52.81,50.58
CSV,850008,170000,58,57,0,29434,0,0.000000e+00,0.000000e+00,398696.4,47511150592.0,259923.5,52.62,50.76
CSV,855008,171000,58,57,0,29634,0,0.000000e+00,0.000000e+00,363640.9,53998821376.0,228307.6,53.74,51.72
BER: END_SEQ #58 [LOCK] seq_err=0 BER_seq=0.0000e+00 | lock=58 slip=0 BER_cond=0.0000e+00 BER_cum=0.0000e+00
BER: SYNC #59 (gated)
CSV,860008,172000,59,58,0,29756,0,0.000000e+00,0.000000e+00,500917.2,53105020928.0,285727.1,52.69,50.25
CSV,865008,173000,59,58,0,29957,0,0.000000e+00,0.000000e+00,382944.9,47969210368.0,257392.0,52.70,50.98
BER: END_SEQ #59 [LOCK] seq_err=0 BER_seq=0.0000e+00 | lock=59 slip=0 BER_cond=0.0000e+00 BER_cum=0.0000e+00
CSV,870008,174000,59,59,0,30149,0,0.000000e+00,0.000000e+00,426240.4,55296573440.0,232629.8,53.76,51.13
BER: SYNC #60 (gated)
CSV,875008,175000,60,59,0,30279,0,0.000000e+00,0.000000e+00,452379.3,48589238272.0,270691.4,52.54,50.31
CSV,880008,176000,60,59,0,30479,0,0.000000e+00,0.000000e+00,408948.2,51966529536.0,256914.1,53.06,51.04
BER: END_SEQ #60 [LOCK] seq_err=0 BER_seq=0.0000e+00 | lock=60 slip=0 BER_cond=0.0000e+00 BER_cum=0.0000e+00
CSV,885008,177000,60,60,0,30660,0,0.000000e+00,0.000000e+00,452943.4,53245497344.0,253331.2,53.23,50.70
BER: SYNC #61 (gated)
CSV,890008,178000,61,60,0,30802,0,0.000000e+00,0.000000e+00,428973.3,48782188544.0,266863.5,52.62,50.56
CSV,895008,179000,61,60,0,31002,0,0.000000e+00,0.000000e+00,410707.8,51888910336.0,264268.4,52.93,51.02
BER: END_SEQ #61 [LOCK] seq_err=0 BER_seq=0.0000e+00 | lock=61 slip=0 BER_cond=0.0000e+00 BER_cum=0.0000e+00
CSV,900008,180000,61,61,0,31171,0,0.000000e+00,0.000000e+00,404750.5,54445940736.0,253192.6,53.33,51.29
BER: SYNC #62 (gated)
CSV,905008,181000,62,61,0,31325,0,0.000000e+00,0.000000e+00,425752.7,47214305280.0,257414.2,52.63,50.45
CSV,910008,182000,62,61,0,31524,0,0.000000e+00,0.000000e+00,396173.5,54451253248.0,265592.5,53.12,51.38
BER: END_SEQ #62 [LOCK] seq_err=0 BER_seq=0.0000e+00 | lock=62 slip=0 BER_cond=0.0000e+00 BER_cum=0.0000e+00
CSV,915008,183000,62,62,0,31682,0,0.000000e+00,0.000000e+00,418289.9,52685918208.0,272490.4,52.86,51.00
BER: SYNC #63 (gated)
CSV,920008,184000,63,62,0,31847,0,0.000000e+00,0.000000e+00,409178.2,48437854208.0,253906.6,52.81,50.73
CSV,925008,185000,63,62,0,32047,0,0.000000e+00,0.000000e+00,413099.0,53070831616.0,249663.2,53.28,51.09
BER: END_SEQ #63 [LOCK] seq_err=0 BER_seq=0.0000e+00 | lock=63 slip=0 BER_cond=0.0000e+00 BER_cum=0.0000e+00
CSV,930008,186000,63,63,0,32193,0,0.000000e+00,0.000000e+00,487323.8,53950885888.0,283225.9,52.80,50.44
BER: SYNC #64 (gated)
CSV,935008,187000,64,63,0,32370,0,0.000000e+00,0.000000e+00,388046.0,48151969792.0,232528.2,53.16,50.94
CSV,940008,188000,64,63,0,32570,0,0.000000e+00,0.000000e+00,424398.5,54340841472.0,246149.2,53.44,51.07
BER: END_SEQ #64 [LOCK] seq_err=0 BER_seq=0.0000e+00 | lock=64 slip=0 BER_cond=0.0000e+00 BER_cum=0.0000e+00
CSV,945008,189000,64,64,0,32704,0,0.000000e+00,0.000000e+00,521476.0,52548927488.0,299597.1,52.44,50.03
BER: SYNC #65 (gated)
CSV,950008,190000,65,64,0,32893,0,0.000000e+00,0.000000e+00,376650.5,48067891200.0,223715.4,53.32,51.06
CSV,955008,191000,65,64,0,33093,0,0.000000e+00,0.000000e+00,421628.1,52288565248.0,242440.8,53.34,50.93
BER: END_SEQ #65 [LOCK] seq_err=0 BER_seq=0.0000e+00 | lock=65 slip=0 BER_cond=0.0000e+00 BER_cum=0.0000e+00
BER: SYNC #66 (gated)
CSV,960008,192000,66,65,0,33215,0,0.000000e+00,0.000000e+00,490843.1,55686750208.0,301604.2,52.66,50.55
CSV,965008,193000,66,65,0,33415,0,0.000000e+00,0.000000e+00,384409.5,46204370944.0,228024.3,53.07,50.80
CSV,970008,194000,66,65,0,33615,0,0.000000e+00,0.000000e+00,414713.9,54554411008.0,253595.9,53.33,51.19
BER: END_SEQ #66 [LOCK] seq_err=0 BER_seq=0.0000e+00 | lock=66 slip=0 BER_cond=0.0000e+00 BER_cum=0.0000e+00
BER: SYNC #67 (gated)
CSV,975008,195000,67,66,0,33738,0,0.000000e+00,0.000000e+00,447276.9,54470709248.0,283508.7,52.84,50.86
CSV,980008,196000,67,66,0,33938,0,0.000000e+00,0.000000e+00,411027.4,48358248448.0,228076.8,53.26,50.71
CSV,985008,197000,67,66,0,34138,0,0.000000e+00,0.000000e+00,400573.3,52781527040.0,253011.6,53.19,51.20
BER: END_SEQ #67 [LOCK] seq_err=0 BER_seq=0.0000e+00 | lock=67 slip=0 BER_cond=0.0000e+00 BER_cum=0.0000e+00
BER: SYNC #68 (gated)
CSV,990008,198000,68,67,0,34261,0,0.000000e+00,0.000000e+00,486173.2,55682453504.0,291577.7,52.81,50.59
CSV,995008,199000,68,67,0,34461,0,0.000000e+00,0.000000e+00,397828.2,46168989696.0,240159.0,52.84,50.65
CSV,1000008,200000,68,67,0,34661,0,0.000000e+00,0.000000e+00,412545.1,54115807232.0,235909.2,53.61,51.18
BER: END_SEQ #68 [LOCK] seq_err=0 BER_seq=0.0000e+00 | lock=68 slip=0 BER_cond=0.0000e+00 BER_cum=0.0000e+00
BER: SYNC #69 (gated)
CSV,1005008,201000,69,68,0,34784,0,0.000000e+00,0.000000e+00,465393.4,53438808064.0,292258.5,52.62,50.60
CSV,1010008,202000,69,68,0,34983,0,0.000000e+00,0.000000e+00,400110.0,49394114560.0,225843.7,53.40,50.91
CSV,1015008,203000,69,68,0,35184,0,0.000000e+00,0.000000e+00,381568.5,52546211840.0,241065.1,53.38,51.39
BER: END_SEQ #69 [LOCK] seq_err=0 BER_seq=0.0000e+00 | lock=69 slip=0 BER_cond=0.0000e+00 BER_cum=0.0000e+00
BER: SYNC #70 (gated)
CSV,1020008,204000,70,69,0,35306,0,0.000000e+00,0.000000e+00,457643.2,54520045568.0,304782.9,52.53,50.76
CSV,1025008,205000,70,69,0,35506,0,0.000000e+00,0.000000e+00,410678.3,48379613184.0,230341.4,53.22,50.71
CSV,1030008,206000,70,69,0,35706,0,0.000000e+00,0.000000e+00,431914.7,53677821952.0,246991.4,53.37,50.94
BER: END_SEQ #70 [LOCK] seq_err=0 BER_seq=0.0000e+00 | lock=70 slip=0 BER_cond=0.0000e+00 BER_cum=0.0000e+00
BER: SYNC #71 (gated)
CSV,1035008,207000,71,70,0,35829,0,0.000000e+00,0.000000e+00,481490.6,52943355904.0,296471.3,52.52,50.41
CSV,1040008,208000,71,70,0,36029,0,0.000000e+00,0.000000e+00,382381.8,47861235712.0,217775.5,53.42,50.97
CSV,1045008,209000,71,70,0,36229,0,0.000000e+00,0.000000e+00,407349.7,52594892800.0,255224.6,53.14,51.11
BER: END_SEQ #71 [LOCK] seq_err=0 BER_seq=0.0000e+00 | lock=71 slip=0 BER_cond=0.0000e+00 BER_cum=0.0000e+00
BER: SYNC #72 (gated)
CSV,1050008,210000,72,71,0,36352,0,0.000000e+00,0.000000e+00,445147.4,56721379328.0,287653.1,52.95,51.05
CSV,1055008,211000,72,71,0,36552,0,0.000000e+00,0.000000e+00,394769.6,44883296256.0,234309.0,52.82,50.56
CSV,1060008,212000,72,71,0,36752,0,0.000000e+00,0.000000e+00,421251.6,54207401984.0,252344.8,53.32,51.10
BER: END_SEQ #72 [LOCK] seq_err=0 BER_seq=0.0000e+00 | lock=72 slip=0 BER_cond=0.0000e+00 BER_cum=0.0000e+00
BER: SYNC #73 (gated)
CSV,1065008,213000,73,72,0,36875,0,0.000000e+00,0.000000e+00,483641.2,55156375552.0,298245.3,52.67,50.57
CSV,1070008,214000,73,72,0,37074,0,0.000000e+00,0.000000e+00,416614.6,46883831808.0,238352.1,52.94,50.51
CSV,1075008,215000,73,72,0,37274,0,0.000000e+00,0.000000e+00,428300.1,54077362176.0,245271.5,53.43,51.01
BER: END_SEQ #73 [LOCK] seq_err=0 BER_seq=0.0000e+00 | lock=73 slip=0 BER_cond=0.0000e+00 BER_cum=0.0000e+00
BER: SYNC #74 (gated)
CSV,1080008,216000,74,73,0,37397,0,0.000000e+00,0.000000e+00,463977.2,55714045952.0,298994.7,52.70,50.79
CSV,1085008,217000,74,73,0,37597,0,0.000000e+00,0.000000e+00,393417.8,46670815232.0,240228.6,52.88,50.74
CSV,1090008,218000,74,73,0,37797,0,0.000000e+00,0.000000e+00,386659.8,54494445568.0,256590.9,53.27,51.49
BER: END_SEQ #74 [LOCK] seq_err=0 BER_seq=0.0000e+00 | lock=74 slip=0 BER_cond=0.0000e+00 BER_cum=0.0000e+00
BER: SYNC #75 (gated)
CSV,1095008,219000,75,74,0,37920,0,0.000000e+00,0.000000e+00,478545.9,54435708928.0,282373.7,52.85,50.56
CSV,1100008,220000,75,74,0,38120,0,0.000000e+00,0.000000e+00,398687.5,47547985920.0,249207.9,52.81,50.76
CSV,1105008,221000,75,74,0,38320,0,0.000000e+00,0.000000e+00,432206.9,54302359552.0,236161.2,53.62,50.99
BER: END_SEQ #75 [LOCK] seq_err=0 BER_seq=0.0000e+00 | lock=75 slip=0 BER_cond=0.0000e+00 BER_cum=0.0000e+00
BER: SYNC #76 (gated)
CSV,1110008,222000,76,75,0,38442,0,0.000000e+00,0.000000e+00,490015.4,54277599232.0,308667.7,52.45,50.44
CSV,1115008,223000,76,75,0,38643,0,0.000000e+00,0.000000e+00,414347.6,47579021312.0,259089.2,52.64,50.60
BER: END_SEQ #76 [LOCK] seq_err=0 BER_seq=0.0000e+00 | lock=76 slip=0 BER_cond=0.0000e+00 BER_cum=0.0000e+00
CSV,1120008,224000,76,76,0,38836,0,0.000000e+00,0.000000e+00,362628.3,56172961792.0,229982.6,53.88,51.90
BER: SYNC #77 (gated)
CSV,1125008,225000,77,76,0,38965,0,0.000000e+00,0.000000e+00,466374.6,49036320768.0,276659.8,52.49,50.22
CSV,1130008,226000,77,76,0,39165,0,0.000000e+00,0.000000e+00,399037.0,52247953408.0,273869.5,52.81,51.17
BER: END_SEQ #77 [LOCK] seq_err=0 BER_seq=0.0000e+00 | lock=77 slip=0 BER_cond=0.0000e+00 BER_cum=0.0000e+00
CSV,1135008,227000,77,77,0,39347,0,0.000000e+00,0.000000e+00,451800.1,53906456576.0,249425.1,53.35,50.77
BER: SYNC #78 (gated)
CSV,1140008,228000,78,77,0,39488,0,0.000000e+00,0.000000e+00,438904.0,49504415744.0,274521.0,52.56,50.52
CSV,1145008,229000,78,77,0,39688,0,0.000000e+00,0.000000e+00,419110.8,52132700160.0,248502.0,53.22,50.95
BER: END_SEQ #78 [LOCK] seq_err=0 BER_seq=0.0000e+00 | lock=78 slip=0 BER_cond=0.0000e+00 BER_cum=0.0000e+00
CSV,1150008,230000,78,78,0,39858,0,0.000000e+00,0.000000e+00,464425.3,55326261248.0,285243.9,52.88,50.76
BER: SYNC #79 (gated)
CSV,1155008,231000,79,78,0,40011,0,0.000000e+00,0.000000e+00,434409.2,47499067392.0,250396.0,52.78,50.39
CSV,1160008,232000,79,78,0,40211,0,0.000000e+00,0.000000e+00,404599.2,54764339200.0,251149.8,53.39,51.31
BER: END_SEQ #79 [LOCK] seq_err=0 BER_seq=0.0000e+00 | lock=79 slip=0 BER_cond=0.0000e+00 BER_cum=0.0000e+00
CSV,1165008,233000,79,79,0,40369,0,0.000000e+00,0.000000e+00,424044.9,52588290048.0,284731.3,52.66,50.93
BER: SYNC #80 (gated)
CSV,1170008,234000,80,79,0,40533,0,0.000000e+00,0.000000e+00,413657.7,48431452160.0,257613.8,52.74,50.68
CSV,1175008,235000,80,79,0,40733,0,0.000000e+00,0.000000e+00,413043.0,53565239296.0,226641.8,53.74,51.13
BER: END_SEQ #80 [LOCK] seq_err=0 BER_seq=0.0000e+00 | lock=80 slip=0 BER_cond=0.0000e+00 BER_cum=0.0000e+00
CSV,1180008,236000,80,80,0,40880,0,0.000000e+00,0.000000e+00,511046.3,54459359232.0,311367.2,52.43,50.28
BER: SYNC #81 (gated)
CSV,1185008,237000,81,80,0,41056,0,0.000000e+00,0.000000e+00,395382.5,48407310336.0,231883.9,53.20,50.88
CSV,1190008,238000,81,80,0,41256,0,0.000000e+00,0.000000e+00,427511.9,55030714368.0,250290.3,53.42,51.10
BER: END_SEQ #81 [LOCK] seq_err=0 BER_seq=0.0000e+00 | lock=81 slip=0 BER_cond=0.0000e+00 BER_cum=0.0000e+00
CSV,1195008,239000,81,81,0,41391,0,0.000000e+00,0.000000e+00,457023.1,52775587840.0,298353.5,52.48,50.62
BER: SYNC #82 (gated)
CSV,1200008,240000,82,81,0,41579,0,0.000000e+00,0.000000e+00,390175.7,49185148928.0,237608.9,53.16,51.01
CSV,1205008,241000,82,81,0,41779,0,0.000000e+00,0.000000e+00,409912.2,52713074688.0,244677.9,53.33,51.09
BER: END_SEQ #82 [LOCK] seq_err=0 BER_seq=0.0000e+00 | lock=82 slip=0 BER_cond=0.0000e+00 BER_cum=0.0000e+00
BER: SYNC #83 (gated)
CSV,1210008,242000,83,82,0,41902,0,0.000000e+00,0.000000e+00,497274.2,56324988928.0,318479.7,52.48,50.54
CSV,1215008,243000,83,82,0,42102,0,0.000000e+00,0.000000e+00,388615.8,46378311680.0,231750.2,53.01,50.77
CSV,1220008,244000,83,82,0,42301,0,0.000000e+00,0.000000e+00,432722.7,55128743936.0,247562.6,53.48,51.05
BER: END_SEQ #83 [LOCK] seq_err=0 BER_seq=0.0000e+00 | lock=83 slip=0 BER_cond=0.0000e+00 BER_cum=0.0000e+00
BER: SYNC #84 (gated)
CSV,1225008,245000,84,83,0,42424,0,0.000000e+00,0.000000e+00,509942.3,54392074240.0,303846.6,52.53,50.28
CSV,1230008,246000,84,83,0,42624,0,0.000000e+00,0.000000e+00,385130.9,48695087104.0,225269.3,53.35,51.02
CSV,1235008,247000,84,83,0,42824,0,0.000000e+00,0.000000e+00,438078.3,53459689472.0,250422.2,53.29,50.86
BER: END_SEQ #84 [LOCK] seq_err=0 BER_seq=0.0000e+00 | lock=84 slip=0 BER_cond=0.0000e+00 BER_cum=0.0000e+00
BER: SYNC #85 (gated)
CSV,1240008,248000,85,84,0,42947,0,0.000000e+00,0.000000e+00,446722.2,56155697152.0,287812.7,52.90,50.99
CSV,1245008,249000,85,84,0,43147,0,0.000000e+00,0.000000e+00,412801.7,45949845504.0,230758.7,52.99,50.47
CSV,1250008,250000,85,84,0,43347,0,0.000000e+00,0.000000e+00,386324.6,54662635520.0,238724.7,53.60,51.51
BER: END_SEQ #85 [LOCK] seq_err=0 BER_seq=0.0000e+00 | lock=85 slip=0 BER_cond=0.0000e+00 BER_cum=0.0000e+00
BER: SYNC #86 (gated)
CSV,1255008,251000,86,85,0,43470,0,0.000000e+00,0.000000e+00,458278.8,53868179456.0,301063.2,52.53,50.70
CSV,1260008,252000,86,85,0,43670,0,0.000000e+00,0.000000e+00,414132.1,50258378752.0,232407.9,53.35,50.84
CSV,1265008,253000,86,85,0,43870,0,0.000000e+00,0.000000e+00,414555.7,52164530176.0,244990.8,53.28,51.00
BER: END_SEQ #86 [LOCK] seq_err=0 BER_seq=0.0000e+00 | lock=86 slip=0 BER_cond=0.0000e+00 BER_cum=0.0000e+00
BER: SYNC #87 (gated)
CSV,1270008,254000,87,86,0,43992,0,0.000000e+00,0.000000e+00,506105.2,54945607680.0,308370.1,52.51,50.36
CSV,1275008,255000,87,86,0,44192,0,0.000000e+00,0.000000e+00,398340.2,48686555136.0,232272.6,53.21,50.87
CSV,1280008,256000,87,86,0,44392,0,0.000000e+00,0.000000e+00,409145.9,54302056448.0,243084.8,53.49,51.23
BER: END_SEQ #87 [LOCK] seq_err=0 BER_seq=0.0000e+00 | lock=87 slip=0 BER_cond=0.0000e+00 BER_cum=0.0000e+00
BER: SYNC #88 (gated)
CSV,1285008,257000,88,87,0,44515,0,0.000000e+00,0.000000e+00,451220.4,53397692416.0,291150.4,52.63,50.73
CSV,1290008,258000,88,87,0,44715,0,0.000000e+00,0.000000e+00,385237.9,47960346624.0,219353.3,53.40,50.95
CSV,1295008,259000,88,87,0,44915,0,0.000000e+00,0.000000e+00,409143.2,53190455296.0,261897.9,53.08,51.14
BER: END_SEQ #88 [LOCK] seq_err=0 BER_seq=0.0000e+00 | lock=88 slip=0 BER_cond=0.0000e+00 BER_cum=0.0000e+00
BER: SYNC #89 (gated)
CSV,1300008,260000,89,88,0,45038,0,0.000000e+00,0.000000e+00,474609.6,57195417600.0,299688.6,52.81,50.81
CSV,1305008,261000,89,88,0,45238,0,0.000000e+00,0.000000e+00,420210.6,45575323648.0,235400.7,52.87,50.35
CSV,1310008,262000,89,88,0,45437,0,0.000000e+00,0.000000e+00,431919.2,54018285568.0,246886.6,53.40,50.97
BER: END_SEQ #89 [LOCK] seq_err=0 BER_seq=0.0000e+00 | lock=89 slip=0 BER_cond=0.0000e+00 BER_cum=0.0000e+00
BER: SYNC #90 (gated)
CSV,1315008,263000,90,89,0,45560,0,0.000000e+00,0.000000e+00,467842.3,55316324352.0,290070.2,52.80,50.73
CSV,1320008,264000,90,89,0,45760,0,0.000000e+00,0.000000e+00,382826.7,46979039232.0,236500.9,52.98,50.89
CSV,1325008,265000,90,89,0,45960,0,0.000000e+00,0.000000e+00,394213.6,54461730816.0,257584.8,53.25,51.40
BER: END_SEQ #90 [LOCK] seq_err=0 BER_seq=0.0000e+00 | lock=90 slip=0 BER_cond=0.0000e+00 BER_cum=0.0000e+00
BER: SYNC #91 (gated)
CSV,1330008,266000,91,90,0,46083,0,0.000000e+00,0.000000e+00,471404.4,55914508288.0,291850.1,52.82,50.74
CSV,1335008,267000,91,90,0,46283,0,0.000000e+00,0.000000e+00,403390.8,46773547008.0,245523.8,52.80,50.64
CSV,1340008,268000,91,90,0,46483,0,0.000000e+00,0.000000e+00,439585.8,55118929920.0,242648.6,53.56,50.98
BER: END_SEQ #91 [LOCK] seq_err=0 BER_seq=0.0000e+00 | lock=91 slip=0 BER_cond=0.0000e+00 BER_cum=0.0000e+00
BER: SYNC #92 (gated)
CSV,1345008,269000,92,91,0,46606,0,0.000000e+00,0.000000e+00,487280.5,54912581632.0,302912.3,52.58,50.52
CSV,1350008,270000,92,91,0,46806,0,0.000000e+00,0.000000e+00,413502.5,47800709120.0,254544.4,52.74,50.63
CSV,1355008,271000,92,91,0,47006,0,0.000000e+00,0.000000e+00,374895.1,53999046656.0,244350.2,53.44,51.58
BER: END_SEQ #92 [LOCK] seq_err=0 BER_seq=0.0000e+00 | lock=92 slip=0 BER_cond=0.0000e+00 BER_cum=0.0000e+00
BER: SYNC #93 (gated)
CSV,1360008,272000,93,92,0,47129,0,0.000000e+00,0.000000e+00,495444.8,54938161152.0,292613.1,52.74,50.45
CSV,1365008,273000,93,92,0,47329,0,0.000000e+00,0.000000e+00,384272.0,47415640064.0,265677.3,52.52,50.91
BER: END_SEQ #93 [LOCK] seq_err=0 BER_seq=0.0000e+00 | lock=93 slip=0 BER_cond=0.0000e+00 BER_cum=0.0000e+00
CSV,1370008,274000,93,93,0,47523,0,0.000000e+00,0.000000e+00,384729.5,56851775488.0,230987.9,53.91,51.70
BER: SYNC #94 (gated)
CSV,1375008,275000,94,93,0,47651,0,0.000000e+00,0.000000e+00,485538.7,49073111040.0,280053.5,52.44,50.05
CSV,1380008,276000,94,93,0,47851,0,0.000000e+00,0.000000e+00,401183.9,52349480960.0,269790.9,52.88,51.16
BER: END_SEQ #94 [LOCK] seq_err=0 BER_seq=0.0000e+00 | lock=94 slip=0 BER_cond=0.0000e+00 BER_cum=0.0000e+00
CSV,1385008,277000,94,94,0,48034,0,0.000000e+00,0.000000e+00,458176.8,53797343232.0,252065.8,53.29,50.70
BER: SYNC #95 (gated)
CSV,1390008,278000,95,94,0,48174,0,0.000000e+00,0.000000e+00,445887.6,49799622656.0,282739.5,52.46,50.48
CSV,1395008,279000,95,94,0,48374,0,0.000000e+00,0.000000e+00,410191.0,51694665728.0,265077.0,52.90,51.00
BER: END_SEQ #95 [LOCK] seq_err=0 BER_seq=0.0000e+00 | lock=95 slip=0 BER_cond=0.0000e+00 BER_cum=0.0000e+00
CSV,1400008,280000,95,95,0,48545,0,0.000000e+00,0.000000e+00,424324.1,55453843456.0,258947.6,53.31,51.16
BER: SYNC #96 (gated)
CSV,1405008,281000,96,95,0,48697,0,0.000000e+00,0.000000e+00,417921.4,47709474816.0,254874.5,52.72,50.58
CSV,1410008,282000,96,95,0,48897,0,0.000000e+00,0.000000e+00,424519.6,55183507456.0,266732.8,53.16,51.14
BER: END_SEQ #96 [LOCK] seq_err=0 BER_seq=0.0000e+00 | lock=96 slip=0 BER_cond=0.0000e+00 BER_cum=0.0000e+00
CSV,1415008,283000,96,96,0,49056,0,0.000000e+00,0.000000e+00,464599.2,53052948480.0,266392.6,52.99,50.58
BER: SYNC #97 (gated)
CSV,1420008,284000,97,96,0,49219,0,0.000000e+00,0.000000e+00,406387.6,48529227776.0,252148.9,52.84,50.77
CSV,1425008,285000,97,96,0,49419,0,0.000000e+00,0.000000e+00,435264.5,53465239552.0,243500.0,53.42,50.89
BER: END_SEQ #97 [LOCK] seq_err=0 BER_seq=0.0000e+00 | lock=97 slip=0 BER_cond=0.0000e+00 BER_cum=0.0000e+00
CSV,1430008,286000,97,97,0,49567,0,0.000000e+00,0.000000e+00,476871.1,55003127808.0,293820.9,52.72,50.62
BER: SYNC #98 (gated)
CSV,1435008,287000,98,97,0,49742,0,0.000000e+00,0.000000e+00,411880.8,48285868032.0,237171.8,53.09,50.69
CSV,1440008,288000,98,97,0,49942,0,0.000000e+00,0.000000e+00,399653.2,55376666624.0,239966.2,53.63,51.42
BER: END_SEQ #98 [LOCK] seq_err=0 BER_seq=0.0000e+00 | lock=98 slip=0 BER_cond=0.0000e+00 BER_cum=0.0000e+00
CSV,1445008,289000,98,98,0,50078,0,0.000000e+00,0.000000e+00,468406.3,52415492096.0,317438.4,52.18,50.49
BER: SYNC #99 (gated)
CSV,1450008,290000,99,98,0,50265,0,0.000000e+00,0.000000e+00,388908.5,49336619008.0,233385.6,53.25,51.03
CSV,1455008,291000,99,98,0,50465,0,0.000000e+00,0.000000e+00,431282.7,52681510912.0,238999.0,53.43,50.87
BER: END_SEQ #99 [LOCK] seq_err=0 BER_seq=0.0000e+00 | lock=99 slip=0 BER_cond=0.0000e+00 BER_cum=0.0000e+00
CSV,1460008,292000,99,99,0,50589,0,0.000000e+00,0.000000e+00,503485.2,56244744192.0,297402.8,52.77,50.48
BER: SYNC #100 (gated)
CSV,1465008,293000,100,99,0,50788,0,0.000000e+00,0.000000e+00,373065.4,46194638848.0,231181.5,53.01,50.93
CSV,1470008,294000,100,99,0,50987,0,0.000000e+00,0.000000e+00,413209.3,54950232064.0,251593.2,53.39,51.24
BER: END_SEQ #100 [LOCK] seq_err=0 BER_seq=0.0000e+00 | lock=100 slip=0 BER_cond=0.0000e+00 BER_cum=0.0000e+00
BER: SYNC #101 (gated)
CSV,1475008,295000,101,100,0,51110,0,0.000000e+00,0.000000e+00,456138.5,54077059072.0,303141.5,52.51,50.74
CSV,1480008,296000,101,100,0,51310,0,0.000000e+00,0.000000e+00,410573.4,48940765184.0,249604.1,52.92,50.76
CSV,1485008,297000,101,100,0,51510,0,0.000000e+00,0.000000e+00,406351.9,53346955264.0,257799.5,53.16,51.18
BER: END_SEQ #101 [LOCK] seq_err=0 BER_seq=0.0000e+00 | lock=101 slip=0 BER_cond=0.0000e+00 BER_cum=0.0000e+00
BER: SYNC #102 (gated)
CSV,1490008,298000,102,101,0,51633,0,0.000000e+00,0.000000e+00,496277.3,55942410240.0,272528.8,53.12,50.52
CSV,1495008,299000,102,101,0,51833,0,0.000000e+00,0.000000e+00,396302.2,46024990720.0,262056.8,52.45,50.65
CSV,1500008,300000,102,101,0,52033,0,0.000000e+00,0.000000e+00,427425.1,54206308352.0,253106.2,53.31,51.03
BER: END_SEQ #102 [LOCK] seq_err=0 BER_seq=0.0000e+00 | lock=102 slip=0 BER_cond=0.0000e+00 BER_cum=0.0000e+00

=========================================
=== END OF TEST (duration=25 min) ===
=========================================
FINAL: syncs=102 lock=102 slip=0 slip_rate=0.0000
FINAL: bits_cum=52122 err_cum=0 BER_cum=0.0000e+00
FINAL: bits_lock=52122 err_lock=0 BER_cond=0.0000e+00
=========================================
=== STOP LOGGING NOW ===
=========================================
