

=== RX BOOT - BER TEST MODE ===
BPS_MODE=40 (HALF_SAMPLES=1000, 5000 samples/bit @ 200000 Hz)
Expect: 64-bit preamble + Barker13 (1F35h, gated by 8 preamble bits = 0x55) + 511-bit PRBS-9
Noise floor band: 5000 Hz; lock threshold: BER<0.10
Auto-stop: test will halt 25 min after the first sync.
RX: edge-tracking sync, center-3 voting
Starting decoder...

BER: SYNC #1 (gated)
CSV,5007,1000,1,0,0,42,0,0.000000e+00,0.000000e+00,55593246720.0,52443553792.0,1215722.0,46.60,0.25
CSV,10007,2000,1,0,0,241,0,0.000000e+00,0.000000e+00,56248279040.0,47648497664.0,1393592.1,46.06,0.72
CSV,15007,3000,1,0,0,441,0,0.000000e+00,0.000000e+00,53265068032.0,52853731328.0,1129198.6,46.74,0.03
BER: END_SEQ #1 [LOCK] seq_err=0 BER_seq=0.0000e+00 | lock=1 slip=0 BER_cond=0.0000e+00 BER_cum=0.0000e+00
BER: SYNC #2 (gated)
CSV,20007,4000,2,1,0,564,0,0.000000e+00,0.000000e+00,51493797888.0,50740510720.0,1578542.4,45.13,0.06
CSV,25007,5000,2,1,0,764,0,0.000000e+00,0.000000e+00,58201952256.0,48355885056.0,1329873.2,46.41,0.80
CSV,30007,6000,2,1,0,964,0,0.000000e+00,0.000000e+00,52378845184.0,51502338048.0,1268294.8,46.16,0.07
BER: END_SEQ #2 [LOCK] seq_err=0 BER_seq=0.0000e+00 | lock=2 slip=0 BER_cond=0.0000e+00 BER_cum=0.0000e+00
BER: SYNC #3 (gated)
CSV,35007,7000,3,2,0,1087,0,0.000000e+00,0.000000e+00,50909044736.0,55483146240.0,1514565.1,45.64,0.37
CSV,40007,8000,3,2,0,1287,0,0.000000e+00,0.000000e+00,59998511104.0,44920958976.0,1355136.6,46.46,1.26
CSV,45007,9000,3,2,0,1487,0,0.000000e+00,0.000000e+00,53285457920.0,53511581696.0,1338768.5,46.02,0.02
BER: END_SEQ #3 [LOCK] seq_err=0 BER_seq=0.0000e+00 | lock=3 slip=0 BER_cond=0.0000e+00 BER_cum=0.0000e+00
BER: SYNC #4 (gated)
CSV,50007,10000,4,3,0,1610,0,0.000000e+00,0.000000e+00,49233018880.0,54087020544.0,1542654.6,45.45,0.41
CSV,55007,11000,4,3,0,1810,0,0.000000e+00,0.000000e+00,61355175936.0,46058635264.0,1326677.1,46.65,1.25
CSV,60007,12000,4,3,0,2009,0,0.000000e+00,0.000000e+00,50468651008.0,51989438464.0,1308612.4,45.99,0.13
BER: END_SEQ #4 [LOCK] seq_err=0 BER_seq=0.0000e+00 | lock=4 slip=0 BER_cond=0.0000e+00 BER_cum=0.0000e+00
BER: SYNC #5 (gated)
CSV,65007,13000,5,4,0,2132,0,0.000000e+00,0.000000e+00,50347364352.0,52901306368.0,1552737.6,45.32,0.21
CSV,70007,14000,5,4,0,2332,0,0.000000e+00,0.000000e+00,58715238400.0,46005379072.0,1334002.4,46.44,1.06
CSV,75007,15000,5,4,0,2532,0,0.000000e+00,0.000000e+00,53430775808.0,52485877760.0,1343562.0,46.00,0.08
BER: END_SEQ #5 [LOCK] seq_err=0 BER_seq=0.0000e+00 | lock=5 slip=0 BER_cond=0.0000e+00 BER_cum=0.0000e+00
BER: SYNC #6 (gated)
CSV,80007,16000,6,5,0,2655,0,0.000000e+00,0.000000e+00,49649278976.0,53585793024.0,1533807.0,45.43,0.33
CSV,85007,17000,6,5,0,2855,0,0.000000e+00,0.000000e+00,60330520576.0,46040133632.0,1457392.0,46.17,1.17
CSV,90007,18000,6,5,0,3055,0,0.000000e+00,0.000000e+00,51446501376.0,53460451328.0,1451662.9,45.66,0.17
BER: END_SEQ #6 [LOCK] seq_err=0 BER_seq=0.0000e+00 | lock=6 slip=0 BER_cond=0.0000e+00 BER_cum=0.0000e+00
BER: SYNC #7 (gated)
CSV,95007,19000,7,6,0,3178,0,0.000000e+00,0.000000e+00,51006951424.0,53569249280.0,1577745.1,45.31,0.21
CSV,100007,20000,7,6,0,3378,0,0.000000e+00,0.000000e+00,59065004032.0,46019780608.0,1387905.1,46.29,1.08
BER: END_SEQ #7 [LOCK] seq_err=0 BER_seq=0.0000e+00 | lock=7 slip=0 BER_cond=0.0000e+00 BER_cum=0.0000e+00
CSV,105007,21000,7,7,0,3577,0,0.000000e+00,0.000000e+00,50454065152.0,54673903616.0,1390174.9,45.95,0.35
BER: SYNC #8 (gated)
CSV,110007,22000,8,7,0,3700,0,0.000000e+00,0.000000e+00,54301462528.0,49979121664.0,1664693.6,45.13,0.36
CSV,115007,23000,8,7,0,3900,0,0.000000e+00,0.000000e+00,57145778176.0,48270209024.0,1287398.6,46.47,0.73
BER: END_SEQ #8 [LOCK] seq_err=0 BER_seq=0.0000e+00 | lock=8 slip=0 BER_cond=0.0000e+00 BER_cum=0.0000e+00
CSV,120007,24000,8,8,0,4088,0,0.000000e+00,0.000000e+00,50510110720.0,53963218944.0,1452674.9,45.70,0.29
BER: SYNC #9 (gated)
CSV,125007,25000,9,8,0,4223,0,0.000000e+00,0.000000e+00,56353849344.0,47712444416.0,1558791.4,45.58,0.72
CSV,130007,26000,9,8,0,4423,0,0.000000e+00,0.000000e+00,53638574080.0,51515826176.0,1280768.1,46.22,0.18
BER: END_SEQ #9 [LOCK] seq_err=0 BER_seq=0.0000e+00 | lock=9 slip=0 BER_cond=0.0000e+00 BER_cum=0.0000e+00
CSV,135007,27000,9,9,0,4599,0,0.000000e+00,0.000000e+00,51686256640.0,52833214464.0,1388190.1,45.80,0.10
BER: SYNC #10 (gated)
CSV,140007,28000,10,9,0,4746,0,0.000000e+00,0.000000e+00,58730254336.0,47095549952.0,1586293.6,45.68,0.96
CSV,145007,29000,10,9,0,4946,0,0.000000e+00,0.000000e+00,52223905792.0,52230438912.0,1332091.4,45.93,0.00
BER: END_SEQ #10 [LOCK] seq_err=0 BER_seq=0.0000e+00 | lock=10 slip=0 BER_cond=0.0000e+00 BER_cum=0.0000e+00
CSV,150007,30000,10,10,0,5110,0,0.000000e+00,0.000000e+00,51400392704.0,53422391296.0,1369382.2,45.91,0.17
BER: SYNC #11 (gated)
CSV,155007,31000,11,10,0,5269,0,0.000000e+00,0.000000e+00,57646272512.0,46850895872.0,1499551.5,45.85,0.90
CSV,160007,32000,11,10,0,5469,0,0.000000e+00,0.000000e+00,52906651648.0,52890390528.0,1352726.4,45.92,0.00
BER: END_SEQ #11 [LOCK] seq_err=0 BER_seq=0.0000e+00 | lock=11 slip=0 BER_cond=0.0000e+00 BER_cum=0.0000e+00
CSV,165007,33000,11,11,0,5621,0,0.000000e+00,0.000000e+00,51313332224.0,52361678848.0,1516083.8,45.38,0.09
BER: SYNC #12 (gated)
CSV,170007,34000,12,11,0,5791,0,0.000000e+00,0.000000e+00,58307522560.0,48568987648.0,1401777.6,46.19,0.79
CSV,175007,35000,12,11,0,5991,0,0.000000e+00,0.000000e+00,52080226304.0,52164808704.0,1327936.1,45.94,0.01
BER: END_SEQ #12 [LOCK] seq_err=0 BER_seq=0.0000e+00 | lock=12 slip=0 BER_cond=0.0000e+00 BER_cum=0.0000e+00
CSV,180007,36000,12,12,0,6132,0,0.000000e+00,0.000000e+00,52617842688.0,52814778368.0,1767962.0,44.75,0.02
BER: SYNC #13 (gated)
CSV,185007,37000,13,12,0,6314,0,0.000000e+00,0.000000e+00,57022726144.0,48004665344.0,1202451.9,46.76,0.75
CSV,190007,38000,13,12,0,6514,0,0.000000e+00,0.000000e+00,52925820928.0,52915671040.0,1245609.0,46.28,0.00
BER: END_SEQ #13 [LOCK] seq_err=0 BER_seq=0.0000e+00 | lock=13 slip=0 BER_cond=0.0000e+00 BER_cum=0.0000e+00
CSV,195007,39000,13,13,0,6643,0,0.000000e+00,0.000000e+00,50784841728.0,52324388864.0,1692859.5,44.90,0.13
BER: SYNC #14 (gated)
CSV,200007,40000,14,13,0,6837,0,0.000000e+00,0.000000e+00,60556312576.0,46247473152.0,1303504.5,46.67,1.17
CSV,205007,41000,14,13,0,7037,0,0.000000e+00,0.000000e+00,51820232704.0,51837468672.0,1188020.8,46.40,0.00
BER: END_SEQ #14 [LOCK] seq_err=0 BER_seq=0.0000e+00 | lock=14 slip=0 BER_cond=0.0000e+00 BER_cum=0.0000e+00
BER: SYNC #15 (gated)
CSV,210007,42000,15,14,0,7160,0,0.000000e+00,0.000000e+00,51015753728.0,54273204224.0,1505343.5,45.57,0.27
CSV,215007,43000,15,14,0,7359,0,0.000000e+00,0.000000e+00,58097967104.0,46100791296.0,1362865.8,46.30,1.00
CSV,220007,44000,15,14,0,7559,0,0.000000e+00,0.000000e+00,52626182144.0,53707988992.0,1234021.8,46.39,0.09
BER: END_SEQ #15 [LOCK] seq_err=0 BER_seq=0.0000e+00 | lock=15 slip=0 BER_cond=0.0000e+00 BER_cum=0.0000e+00
BER: SYNC #16 (gated)
CSV,225007,45000,16,15,0,7682,0,0.000000e+00,0.000000e+00,49426223104.0,53142302720.0,1543948.2,45.37,0.31
CSV,230007,46000,16,15,0,7882,0,0.000000e+00,0.000000e+00,59916771328.0,46813339648.0,1351076.6,46.47,1.07
CSV,235007,47000,16,15,0,8082,0,0.000000e+00,0.000000e+00,52531924992.0,50987638784.0,1278312.4,46.14,0.13
BER: END_SEQ #16 [LOCK] seq_err=0 BER_seq=0.0000e+00 | lock=16 slip=0 BER_cond=0.0000e+00 BER_cum=0.0000e+00
BER: SYNC #17 (gated)
CSV,240007,48000,17,16,0,8205,0,0.000000e+00,0.000000e+00,50318061568.0,55831339008.0,1550571.2,45.56,0.45
CSV,245007,49000,17,16,0,8405,0,0.000000e+00,0.000000e+00,58213089280.0,46406828032.0,1351531.0,46.34,0.98
CSV,250007,50000,17,16,0,8605,0,0.000000e+00,0.000000e+00,54458064896.0,52283654144.0,1325479.4,46.14,0.18
BER: END_SEQ #17 [LOCK] seq_err=0 BER_seq=0.0000e+00 | lock=17 slip=0 BER_cond=0.0000e+00 BER_cum=0.0000e+00
BER: SYNC #18 (gated)
CSV,255007,51000,18,17,0,8728,0,0.000000e+00,0.000000e+00,50265575424.0,52721283072.0,1560492.0,45.29,0.21
CSV,260007,52000,18,17,0,8928,0,0.000000e+00,0.000000e+00,57763287040.0,48981864448.0,1275666.5,46.56,0.72
CSV,265007,53000,18,17,0,9127,0,0.000000e+00,0.000000e+00,52336062464.0,51292561408.0,1276003.9,46.13,0.09
BER: END_SEQ #18 [LOCK] seq_err=0 BER_seq=0.0000e+00 | lock=18 slip=0 BER_cond=0.0000e+00 BER_cum=0.0000e+00
BER: SYNC #19 (gated)
CSV,270007,54000,19,18,0,9250,0,0.000000e+00,0.000000e+00,53084409856.0,53278240768.0,1554343.2,45.35,0.02
CSV,275007,55000,19,18,0,9450,0,0.000000e+00,0.000000e+00,56847179776.0,47222267904.0,1378979.2,46.15,0.81
CSV,280007,56000,19,18,0,9650,0,0.000000e+00,0.000000e+00,54148890624.0,52775456768.0,1345467.5,46.05,0.11
BER: END_SEQ #19 [LOCK] seq_err=0 BER_seq=0.0000e+00 | lock=19 slip=0 BER_cond=0.0000e+00 BER_cum=0.0000e+00
BER: SYNC #20 (gated)
CSV,285007,57000,20,19,0,9773,0,0.000000e+00,0.000000e+00,49225818112.0,53922033664.0,1502389.2,45.55,0.40
CSV,290007,58000,20,19,0,9973,0,0.000000e+00,0.000000e+00,61280743424.0,45970030592.0,1448162.8,46.27,1.25
CSV,295007,59000,20,19,0,10173,0,0.000000e+00,0.000000e+00,51271053312.0,52062814208.0,1528856.2,45.32,0.07
BER: END_SEQ #20 [LOCK] seq_err=0 BER_seq=0.0000e+00 | lock=20 slip=0 BER_cond=0.0000e+00 BER_cum=0.0000e+00
BER: SYNC #21 (gated)
CSV,300007,60000,21,20,0,10296,0,0.000000e+00,0.000000e+00,50579705856.0,54959927296.0,1520771.4,45.58,0.36
CSV,305007,61000,21,20,0,10496,0,0.000000e+00,0.000000e+00,60263747584.0,44225081344.0,1378978.8,46.40,1.34
CSV,310007,62000,21,20,0,10696,0,0.000000e+00,0.000000e+00,52253388800.0,54612353024.0,1556643.5,45.45,0.19
BER: END_SEQ #21 [LOCK] seq_err=0 BER_seq=0.0000e+00 | lock=21 slip=0 BER_cond=0.0000e+00 BER_cum=0.0000e+00
BER: SYNC #22 (gated)
CSV,315007,63000,22,21,0,10818,0,0.000000e+00,0.000000e+00,49748639744.0,53136105472.0,1538114.2,45.38,0.29
CSV,320007,64000,22,21,0,11018,0,0.000000e+00,0.000000e+00,59419336704.0,47427416064.0,1277397.5,46.68,0.98
CSV,325007,65000,22,21,0,11218,0,0.000000e+00,0.000000e+00,52394758144.0,51888091136.0,1548930.9,45.29,0.04
BER: END_SEQ #22 [LOCK] seq_err=0 BER_seq=0.0000e+00 | lock=22 slip=0 BER_cond=0.0000e+00 BER_cum=0.0000e+00
BER: SYNC #23 (gated)
CSV,330007,66000,23,22,0,11341,0,0.000000e+00,0.000000e+00,51016892416.0,54625693696.0,1617569.2,45.29,0.30
CSV,335007,67000,23,22,0,11541,0,0.000000e+00,0.000000e+00,59547840512.0,45631594496.0,1249509.4,46.78,1.16
CSV,340007,68000,23,22,0,11741,0,0.000000e+00,0.000000e+00,51884302336.0,54351708160.0,1324438.6,46.13,0.20
BER: END_SEQ #23 [LOCK] seq_err=0 BER_seq=0.0000e+00 | lock=23 slip=0 BER_cond=0.0000e+00 BER_cum=0.0000e+00
BER: SYNC #24 (gated)
CSV,345007,69000,24,23,0,11864,0,0.000000e+00,0.000000e+00,51042713600.0,52809396224.0,1637717.4,45.08,0.15
CSV,350007,70000,24,23,0,12064,0,0.000000e+00,0.000000e+00,59397865472.0,47252414464.0,1358903.5,46.41,0.99
BER: END_SEQ #24 [LOCK] seq_err=0 BER_seq=0.0000e+00 | lock=24 slip=0 BER_cond=0.0000e+00 BER_cum=0.0000e+00
CSV,355008,71000,24,24,0,12264,0,0.000000e+00,0.000000e+00,50093006848.0,54762061824.0,1154799.8,46.76,0.39
BER: SYNC #25 (gated)
CSV,360012,72001,25,24,0,12387,0,0.000000e+00,0.000000e+00,54475030528.0,50255077376.0,1671012.0,45.13,0.35
CSV,365012,73001,25,24,0,12587,0,0.000000e+00,0.000000e+00,57373511680.0,47873376256.0,1429362.1,46.04,0.79
BER: END_SEQ #25 [LOCK] seq_err=0 BER_seq=0.0000e+00 | lock=25 slip=0 BER_cond=0.0000e+00 BER_cum=0.0000e+00
CSV,370012,74001,25,25,0,12775,0,0.000000e+00,0.000000e+00,50502086656.0,54898257920.0,1283179.4,46.31,0.36
BER: SYNC #26 (gated)
CSV,375012,75001,26,25,0,12909,0,0.000000e+00,0.000000e+00,56785182720.0,48132218880.0,1610829.5,45.47,0.72
CSV,380012,76001,26,25,0,13109,0,0.000000e+00,0.000000e+00,53729558528.0,52088709120.0,1329144.2,46.07,0.13
BER: END_SEQ #26 [LOCK] seq_err=0 BER_seq=0.0000e+00 | lock=26 slip=0 BER_cond=0.0000e+00 BER_cum=0.0000e+00
CSV,385012,77001,26,26,0,13286,0,0.000000e+00,0.000000e+00,52069740544.0,53205078016.0,1474778.4,45.57,0.09
BER: SYNC #27 (gated)
CSV,390012,78001,27,26,0,13432,0,0.000000e+00,0.000000e+00,58340560896.0,46989737984.0,1441952.2,46.07,0.94
CSV,395012,79001,27,26,0,13632,0,0.000000e+00,0.000000e+00,52757741568.0,53167800320.0,1331530.9,46.01,0.03
BER: END_SEQ #27 [LOCK] seq_err=0 BER_seq=0.0000e+00 | lock=27 slip=0 BER_cond=0.0000e+00 BER_cum=0.0000e+00
CSV,400012,80001,27,27,0,13797,0,0.000000e+00,0.000000e+00,51613167616.0,53589569536.0,1536534.5,45.43,0.16
BER: SYNC #28 (gated)
CSV,405012,81001,28,27,0,13955,0,0.000000e+00,0.000000e+00,58596892672.0,47832051712.0,1484031.4,45.96,0.88
CSV,410012,82001,28,27,0,14155,0,0.000000e+00,0.000000e+00,52057366528.0,53198422016.0,1259798.6,46.26,0.09
BER: END_SEQ #28 [LOCK] seq_err=0 BER_seq=0.0000e+00 | lock=28 slip=0 BER_cond=0.0000e+00 BER_cum=0.0000e+00
CSV,415012,83001,28,28,0,14308,0,0.000000e+00,0.000000e+00,52440403968.0,52972466176.0,1406162.1,45.76,0.04
BER: SYNC #29 (gated)
CSV,420012,84001,29,28,0,14478,0,0.000000e+00,0.000000e+00,57532346368.0,47917772800.0,1355178.9,46.28,0.79
CSV,425012,85001,29,28,0,14678,0,0.000000e+00,0.000000e+00,53132021760.0,53389488128.0,1383841.4,45.86,0.02
BER: END_SEQ #29 [LOCK] seq_err=0 BER_seq=0.0000e+00 | lock=29 slip=0 BER_cond=0.0000e+00 BER_cum=0.0000e+00
CSV,430012,86001,29,29,0,14819,0,0.000000e+00,0.000000e+00,51964211200.0,52493631488.0,1522829.0,45.37,0.04
BER: SYNC #30 (gated)
CSV,435012,87001,30,29,0,15000,0,0.000000e+00,0.000000e+00,57768370176.0,49318653952.0,1270812.6,46.58,0.69
CSV,440012,88001,30,29,0,15200,0,0.000000e+00,0.000000e+00,52189417472.0,52674723840.0,1355674.0,45.89,0.04
BER: END_SEQ #30 [LOCK] seq_err=0 BER_seq=0.0000e+00 | lock=30 slip=0 BER_cond=0.0000e+00 BER_cum=0.0000e+00
CSV,445012,89001,30,30,0,15330,0,0.000000e+00,0.000000e+00,52152745984.0,53621862400.0,1564323.2,45.35,0.12
BER: SYNC #31 (gated)
CSV,450012,90001,31,30,0,15523,0,0.000000e+00,0.000000e+00,59719888896.0,45893185536.0,1311171.6,46.58,1.14
CSV,455012,91001,31,30,0,15723,0,0.000000e+00,0.000000e+00,53216321536.0,53564997632.0,1368245.6,45.93,0.03
BER: END_SEQ #31 [LOCK] seq_err=0 BER_seq=0.0000e+00 | lock=31 slip=0 BER_cond=0.0000e+00 BER_cum=0.0000e+00
BER: SYNC #32 (gated)
CSV,460012,92001,32,31,0,15846,0,0.000000e+00,0.000000e+00,50416218112.0,53389365248.0,1495855.9,45.53,0.25
CSV,465012,93001,32,31,0,16046,0,0.000000e+00,0.000000e+00,59618934784.0,47728459776.0,1287224.2,46.66,0.97
CSV,470012,94001,32,31,0,16246,0,0.000000e+00,0.000000e+00,51526344704.0,52967522304.0,1372643.8,45.86,0.12
BER: END_SEQ #32 [LOCK] seq_err=0 BER_seq=0.0000e+00 | lock=32 slip=0 BER_cond=0.0000e+00 BER_cum=0.0000e+00
BER: SYNC #33 (gated)
CSV,475012,95001,33,32,0,16369,0,0.000000e+00,0.000000e+00,50780094464.0,55567417344.0,1485589.9,45.73,0.39
CSV,480012,96001,33,32,0,16568,0,0.000000e+00,0.000000e+00,58879512576.0,46156111872.0,1371079.1,46.33,1.06
CSV,485012,97001,33,32,0,16768,0,0.000000e+00,0.000000e+00,54531325952.0,52622983168.0,1308785.2,46.20,0.15
BER: END_SEQ #33 [LOCK] seq_err=0 BER_seq=0.0000e+00 | lock=33 slip=0 BER_cond=0.0000e+00 BER_cum=0.0000e+00
BER: SYNC #34 (gated)
CSV,490012,98001,34,33,0,16891,0,0.000000e+00,0.000000e+00,48583565312.0,54540013568.0,1566266.8,45.42,0.50
CSV,495012,99001,34,33,0,17091,0,0.000000e+00,0.000000e+00,59879251968.0,47597051904.0,1436290.8,46.20,1.00
CSV,500012,100001,34,33,0,17291,0,0.000000e+00,0.000000e+00,52807438336.0,51513634816.0,1470820.5,45.55,0.11
BER: END_SEQ #34 [LOCK] seq_err=0 BER_seq=0.0000e+00 | lock=34 slip=0 BER_cond=0.0000e+00 BER_cum=0.0000e+00
BER: SYNC #35 (gated)
CSV,505012,101001,35,34,0,17414,0,0.000000e+00,0.000000e+00,52509634560.0,54239674368.0,1596525.0,45.31,0.14
CSV,510012,102001,35,34,0,17614,0,0.000000e+00,0.000000e+00,56530046976.0,48076873728.0,1330252.9,46.28,0.70
CSV,515012,103001,35,34,0,17814,0,0.000000e+00,0.000000e+00,54040682496.0,53112569856.0,1528219.2,45.49,0.08
BER: END_SEQ #35 [LOCK] seq_err=0 BER_seq=0.0000e+00 | lock=35 slip=0 BER_cond=0.0000e+00 BER_cum=0.0000e+00
BER: SYNC #36 (gated)
CSV,520012,104001,36,35,0,17937,0,0.000000e+00,0.000000e+00,50841153536.0,52204765184.0,1585857.4,45.17,0.11
CSV,525012,105001,36,35,0,18137,0,0.000000e+00,0.000000e+00,58503176192.0,48854200320.0,1329987.8,46.43,0.78
CSV,530012,106001,36,35,0,18336,0,0.000000e+00,0.000000e+00,53032321024.0,51227291648.0,1479063.1,45.55,0.15
BER: END_SEQ #36 [LOCK] seq_err=0 BER_seq=0.0000e+00 | lock=36 slip=0 BER_cond=0.0000e+00 BER_cum=0.0000e+00
BER: SYNC #37 (gated)
CSV,535012,107001,37,36,0,18459,0,0.000000e+00,0.000000e+00,51329388544.0,55727415296.0,1566034.9,45.51,0.36
CSV,540012,108001,37,36,0,18659,0,0.000000e+00,0.000000e+00,60020068352.0,44975824896.0,1330777.1,46.54,1.25
CSV,545012,109001,37,36,0,18859,0,0.000000e+00,0.000000e+00,52922384384.0,54182596608.0,1400881.6,45.87,0.10
BER: END_SEQ #37 [LOCK] seq_err=0 BER_seq=0.0000e+00 | lock=37 slip=0 BER_cond=0.0000e+00 BER_cum=0.0000e+00
BER: SYNC #38 (gated)
CSV,550012,110001,38,37,0,18982,0,0.000000e+00,0.000000e+00,49262686208.0,54007894016.0,1507711.4,45.54,0.40
CSV,555012,111001,38,37,0,19182,0,0.000000e+00,0.000000e+00,61623422976.0,46147706880.0,1401986.9,46.43,1.26
CSV,560012,112001,38,37,0,19382,0,0.000000e+00,0.000000e+00,51210776576.0,53023207424.0,1348845.6,45.95,0.15
BER: END_SEQ #38 [LOCK] seq_err=0 BER_seq=0.0000e+00 | lock=38 slip=0 BER_cond=0.0000e+00 BER_cum=0.0000e+00
BER: SYNC #39 (gated)
CSV,565012,113001,39,38,0,19505,0,0.000000e+00,0.000000e+00,51383771136.0,54937444352.0,1609745.0,45.33,0.29
CSV,570012,114001,39,38,0,19705,0,0.000000e+00,0.000000e+00,58397593600.0,46658105344.0,1373609.4,46.29,0.97
CSV,575012,115001,39,38,0,19905,0,0.000000e+00,0.000000e+00,53264310272.0,53500354560.0,1370303.4,45.92,0.02
BER: END_SEQ #39 [LOCK] seq_err=0 BER_seq=0.0000e+00 | lock=39 slip=0 BER_cond=0.0000e+00 BER_cum=0.0000e+00
BER: SYNC #40 (gated)
CSV,580012,116001,40,39,0,20027,0,0.000000e+00,0.000000e+00,49936744448.0,53477527552.0,1637188.2,45.14,0.30
CSV,585012,117001,40,39,0,20227,0,0.000000e+00,0.000000e+00,60575133696.0,46763470848.0,1259946.4,46.82,1.12
CSV,590012,118001,40,39,0,20427,0,0.000000e+00,0.000000e+00,50950885376.0,53553700864.0,1373932.8,45.91,0.22
BER: END_SEQ #40 [LOCK] seq_err=0 BER_seq=0.0000e+00 | lock=40 slip=0 BER_cond=0.0000e+00 BER_cum=0.0000e+00
BER: SYNC #41 (gated)
CSV,595012,119001,41,40,0,20550,0,0.000000e+00,0.000000e+00,52094771200.0,53553774592.0,1613295.1,45.21,0.12
CSV,600012,120001,41,40,0,20750,0,0.000000e+00,0.000000e+00,58692497408.0,46483615744.0,1297676.4,46.55,1.01
CSV,605012,121001,41,40,0,20950,0,0.000000e+00,0.000000e+00,50904985600.0,55485292544.0,1213253.8,46.60,0.37
BER: END_SEQ #41 [LOCK] seq_err=0 BER_seq=0.0000e+00 | lock=41 slip=0 BER_cond=0.0000e+00 BER_cum=0.0000e+00
BER: SYNC #42 (gated)
CSV,610012,122001,42,41,0,21073,0,0.000000e+00,0.000000e+00,53762236416.0,50449793024.0,1673736.1,45.07,0.28
CSV,615012,123001,42,41,0,21273,0,0.000000e+00,0.000000e+00,58165964800.0,48581910528.0,1304088.4,46.49,0.78
BER: END_SEQ #42 [LOCK] seq_err=0 BER_seq=0.0000e+00 | lock=42 slip=0 BER_cond=0.0000e+00 BER_cum=0.0000e+00
CSV,620012,124001,42,42,0,21462,0,0.000000e+00,0.000000e+00,50549264384.0,54326136832.0,1174996.5,46.65,0.31
BER: SYNC #43 (gated)
CSV,625012,125001,43,42,0,21596,0,0.000000e+00,0.000000e+00,57034055680.0,48540065792.0,1456557.8,45.93,0.70
CSV,630012,126001,43,42,0,21795,0,0.000000e+00,0.000000e+00,53110276096.0,52275027968.0,1428366.2,45.70,0.07
BER: END_SEQ #43 [LOCK] seq_err=0 BER_seq=0.0000e+00 | lock=43 slip=0 BER_cond=0.0000e+00 BER_cum=0.0000e+00
CSV,635012,127001,43,43,0,21973,0,0.000000e+00,0.000000e+00,52787666944.0,53262438400.0,1383996.1,45.85,0.04
BER: SYNC #44 (gated)
CSV,640012,128001,44,43,0,22118,0,0.000000e+00,0.000000e+00,58288738304.0,47702499328.0,1372038.5,46.28,0.87
CSV,645012,129001,44,43,0,22318,0,0.000000e+00,0.000000e+00,52930723840.0,52893159424.0,1330013.0,46.00,0.00
BER: END_SEQ #44 [LOCK] seq_err=0 BER_seq=0.0000e+00 | lock=44 slip=0 BER_cond=0.0000e+00 BER_cum=0.0000e+00
CSV,650012,130001,44,44,0,22484,0,0.000000e+00,0.000000e+00,51519901696.0,53411237888.0,1495978.5,45.53,0.16
BER: SYNC #45 (gated)
CSV,655012,131001,45,44,0,22641,0,0.000000e+00,0.000000e+00,58058756096.0,47369310208.0,1424608.1,46.10,0.88
CSV,660012,132001,45,44,0,22841,0,0.000000e+00,0.000000e+00,52239728640.0,53821767680.0,1370601.4,45.94,0.13
BER: END_SEQ #45 [LOCK] seq_err=0 BER_seq=0.0000e+00 | lock=45 slip=0 BER_cond=0.0000e+00 BER_cum=0.0000e+00
CSV,665012,133001,45,45,0,22995,0,0.000000e+00,0.000000e+00,52444385280.0,52929761280.0,1497396.0,45.48,0.04
BER: SYNC #46 (gated)
CSV,670012,134001,46,45,0,23164,0,0.000000e+00,0.000000e+00,58522497024.0,48050110464.0,1306477.2,46.51,0.86
CSV,675012,135001,46,45,0,23364,0,0.000000e+00,0.000000e+00,52224462848.0,52226347008.0,1364383.2,45.83,0.00
BER: END_SEQ #46 [LOCK] seq_err=0 BER_seq=0.0000e+00 | lock=46 slip=0 BER_cond=0.0000e+00 BER_cum=0.0000e+00
CSV,680012,136001,46,46,0,23506,0,0.000000e+00,0.000000e+00,51646726144.0,52841381888.0,1561870.6,45.29,0.10
BER: SYNC #47 (gated)
CSV,685012,137001,47,46,0,23686,0,0.000000e+00,0.000000e+00,57071931392.0,48557289472.0,1291750.1,46.45,0.70
CSV,690012,138001,47,46,0,23886,0,0.000000e+00,0.000000e+00,53025505280.0,53189656576.0,1484692.2,45.54,0.01
BER: END_SEQ #47 [LOCK] seq_err=0 BER_seq=0.0000e+00 | lock=47 slip=0 BER_cond=0.0000e+00 BER_cum=0.0000e+00
CSV,695012,139001,47,47,0,24017,0,0.000000e+00,0.000000e+00,51149848576.0,52891721728.0,1582101.2,45.24,0.15
BER: SYNC #48 (gated)
CSV,700012,140001,48,47,0,24209,0,0.000000e+00,0.000000e+00,60460441600.0,46444130304.0,1359787.1,46.48,1.15
CSV,705012,141001,48,47,0,24409,0,0.000000e+00,0.000000e+00,52484595712.0,52230578176.0,1509052.8,45.41,0.02
BER: END_SEQ #48 [LOCK] seq_err=0 BER_seq=0.0000e+00 | lock=48 slip=0 BER_cond=0.0000e+00 BER_cum=0.0000e+00
BER: SYNC #49 (gated)
CSV,710012,142001,49,48,0,24532,0,0.000000e+00,0.000000e+00,51199746048.0,54429167616.0,1624503.9,45.25,0.27
CSV,715012,143001,49,48,0,24732,0,0.000000e+00,0.000000e+00,58930216960.0,46420230144.0,1402013.9,46.24,1.04
CSV,720012,144001,49,48,0,24932,0,0.000000e+00,0.000000e+00,52417261568.0,53488902144.0,1487754.6,45.56,0.09
BER: END_SEQ #49 [LOCK] seq_err=0 BER_seq=0.0000e+00 | lock=49 slip=0 BER_cond=0.0000e+00 BER_cum=0.0000e+00
BER: SYNC #50 (gated)
CSV,725012,145001,50,49,0,25055,0,0.000000e+00,0.000000e+00,48907575296.0,54733119488.0,1541590.1,45.50,0.49
CSV,730012,146001,50,49,0,25255,0,0.000000e+00,0.000000e+00,60125175808.0,47149064192.0,1371263.8,46.42,1.06
CSV,735012,147001,50,49,0,25454,0,0.000000e+00,0.000000e+00,53065977856.0,51348930560.0,1445754.4,45.65,0.14
BER: END_SEQ #50 [LOCK] seq_err=0 BER_seq=0.0000e+00 | lock=50 slip=0 BER_cond=0.0000e+00 BER_cum=0.0000e+00
BER: SYNC #51 (gated)
CSV,740012,148001,51,50,0,25577,0,0.000000e+00,0.000000e+00,50143002624.0,55979454464.0,1610803.0,45.41,0.48
CSV,745012,149001,51,50,0,25777,0,0.000000e+00,0.000000e+00,58986848256.0,45804752896.0,1326905.4,46.48,1.10
CSV,750012,150001,51,50,0,25977,0,0.000000e+00,0.000000e+00,53738672128.0,53370576896.0,1369247.8,45.94,0.03
BER: END_SEQ #51 [LOCK] seq_err=0 BER_seq=0.0000e+00 | lock=51 slip=0 BER_cond=0.0000e+00 BER_cum=0.0000e+00
BER: SYNC #52 (gated)
CSV,755012,151001,52,51,0,26100,0,0.000000e+00,0.000000e+00,50853822464.0,52390912000.0,1509713.0,45.40,0.13
CSV,760012,152001,52,51,0,26300,0,0.000000e+00,0.000000e+00,57895792640.0,49456427008.0,1385742.9,46.21,0.68
CSV,765012,153001,52,51,0,26500,0,0.000000e+00,0.000000e+00,52903256064.0,51395969024.0,1424409.8,45.70,0.13
BER: END_SEQ #52 [LOCK] seq_err=0 BER_seq=0.0000e+00 | lock=52 slip=0 BER_cond=0.0000e+00 BER_cum=0.0000e+00
BER: SYNC #53 (gated)
CSV,770012,154001,53,52,0,26623,0,0.000000e+00,0.000000e+00,52323110912.0,54492303360.0,1565759.9,45.42,0.18
CSV,775012,155001,53,52,0,26823,0,0.000000e+00,0.000000e+00,57077485568.0,47662190592.0,1365673.8,46.21,0.78
CSV,780012,156001,53,52,0,27023,0,0.000000e+00,0.000000e+00,54600007680.0,52680912896.0,1342320.9,46.09,0.16
BER: END_SEQ #53 [LOCK] seq_err=0 BER_seq=0.0000e+00 | lock=53 slip=0 BER_cond=0.0000e+00 BER_cum=0.0000e+00
BER: SYNC #54 (gated)
CSV,785012,157001,54,53,0,27145,0,0.000000e+00,0.000000e+00,49799794688.0,53378715648.0,1561348.9,45.34,0.30
CSV,790012,158001,54,53,0,27345,0,0.000000e+00,0.000000e+00,61395095552.0,46465105920.0,1319803.5,46.68,1.21
CSV,795012,159001,54,53,0,27545,0,0.000000e+00,0.000000e+00,51474141184.0,52620169216.0,1352292.0,45.90,0.10
BER: END_SEQ #54 [LOCK] seq_err=0 BER_seq=0.0000e+00 | lock=54 slip=0 BER_cond=0.0000e+00 BER_cum=0.0000e+00
BER: SYNC #55 (gated)
CSV,800012,160001,55,54,0,27668,0,0.000000e+00,0.000000e+00,50854019072.0,55933853696.0,1595833.4,45.45,0.41
CSV,805012,161001,55,54,0,27868,0,0.000000e+00,0.000000e+00,60194455552.0,44706709504.0,1305819.1,46.64,1.29
CSV,810012,162001,55,54,0,28068,0,0.000000e+00,0.000000e+00,52539383808.0,54515646464.0,1323972.5,46.15,0.16
BER: END_SEQ #55 [LOCK] seq_err=0 BER_seq=0.0000e+00 | lock=55 slip=0 BER_cond=0.0000e+00 BER_cum=0.0000e+00
BER: SYNC #56 (gated)
CSV,815012,163001,56,55,0,28191,0,0.000000e+00,0.000000e+00,50158678016.0,53092077568.0,1635402.4,45.11,0.25
CSV,820012,164001,56,55,0,28391,0,0.000000e+00,0.000000e+00,59816005632.0,47977238528.0,1248029.8,46.81,0.96
CSV,825012,165001,56,55,0,28591,0,0.000000e+00,0.000000e+00,51508060160.0,52837072896.0,1230099.4,46.33,0.11
BER: END_SEQ #56 [LOCK] seq_err=0 BER_seq=0.0000e+00 | lock=56 slip=0 BER_cond=0.0000e+00 BER_cum=0.0000e+00
BER: SYNC #57 (gated)
CSV,830012,166001,57,56,0,28714,0,0.000000e+00,0.000000e+00,51958210560.0,54524526592.0,1528141.6,45.52,0.21
CSV,835012,167001,57,56,0,28913,0,0.000000e+00,0.000000e+00,58917789696.0,46170652672.0,1344719.4,46.42,1.06
CSV,840012,168001,57,56,0,29113,0,0.000000e+00,0.000000e+00,52347305984.0,54656286720.0,1184140.0,46.64,0.19
BER: END_SEQ #57 [LOCK] seq_err=0 BER_seq=0.0000e+00 | lock=57 slip=0 BER_cond=0.0000e+00 BER_cum=0.0000e+00
BER: SYNC #58 (gated)
CSV,845012,169001,58,57,0,29236,0,0.000000e+00,0.000000e+00,50936217600.0,52760424448.0,1585955.1,45.22,0.15
CSV,850012,170001,58,57,0,29436,0,0.000000e+00,0.000000e+00,60185374720.0,47334846464.0,1325251.5,46.57,1.04
CSV,855012,171001,58,57,0,29636,0,0.000000e+00,0.000000e+00,50339061760.0,54582767616.0,1239126.9,46.44,0.35
BER: END_SEQ #58 [LOCK] seq_err=0 BER_seq=0.0000e+00 | lock=58 slip=0 BER_cond=0.0000e+00 BER_cum=0.0000e+00
BER: SYNC #59 (gated)
CSV,860012,172001,59,58,0,29759,0,0.000000e+00,0.000000e+00,53993750528.0,51675459584.0,1629170.1,45.20,0.19
CSV,865012,173001,59,58,0,29959,0,0.000000e+00,0.000000e+00,57380466688.0,47982972928.0,1282239.5,46.51,0.78
BER: END_SEQ #59 [LOCK] seq_err=0 BER_seq=0.0000e+00 | lock=59 slip=0 BER_cond=0.0000e+00 BER_cum=0.0000e+00
CSV,870012,174001,59,59,0,30149,0,0.000000e+00,0.000000e+00,51410149376.0,55096758272.0,1345004.9,46.12,0.30
BER: SYNC #60 (gated)
CSV,875012,175001,60,59,0,30282,0,0.000000e+00,0.000000e+00,56715747328.0,48373530624.0,1491179.9,45.80,0.69
CSV,880012,176001,60,59,0,30482,0,0.000000e+00,0.000000e+00,54182916096.0,52357128192.0,1343124.6,46.06,0.15
BER: END_SEQ #60 [LOCK] seq_err=0 BER_seq=0.0000e+00 | lock=60 slip=0 BER_cond=0.0000e+00 BER_cum=0.0000e+00
CSV,885012,177001,60,60,0,30660,0,0.000000e+00,0.000000e+00,51742924800.0,53133058048.0,1433550.2,45.69,0.12
BER: SYNC #61 (gated)
CSV,890012,178001,61,60,0,30804,0,0.000000e+00,0.000000e+00,58322456576.0,47665602560.0,1476065.8,45.97,0.88
CSV,895012,179001,61,60,0,31004,0,0.000000e+00,0.000000e+00,53152440320.0,52337815552.0,1337511.2,45.99,0.07
BER: END_SEQ #61 [LOCK] seq_err=0 BER_seq=0.0000e+00 | lock=61 slip=0 BER_cond=0.0000e+00 BER_cum=0.0000e+00
CSV,900012,180001,61,61,0,31171,0,0.000000e+00,0.000000e+00,51760472064.0,54222471168.0,1582920.8,45.35,0.20
BER: SYNC #62 (gated)
CSV,905012,181001,62,61,0,31327,0,0.000000e+00,0.000000e+00,58382323712.0,47689793536.0,1435793.9,46.09,0.88
CSV,910012,182001,62,61,0,31527,0,0.000000e+00,0.000000e+00,51940282368.0,54000431104.0,1431480.8,45.77,0.17
BER: END_SEQ #62 [LOCK] seq_err=0 BER_seq=0.0000e+00 | lock=62 slip=0 BER_cond=0.0000e+00 BER_cum=0.0000e+00
CSV,915012,183001,62,62,0,31682,0,0.000000e+00,0.000000e+00,52663549952.0,52306485248.0,1622113.9,45.11,0.03
BER: SYNC #63 (gated)
CSV,920012,184001,63,62,0,31850,0,0.000000e+00,0.000000e+00,58359275520.0,47663181824.0,1463532.4,46.01,0.88
CSV,925012,185001,63,62,0,32050,0,0.000000e+00,0.000000e+00,52862746624.0,53131141120.0,1408521.8,45.77,0.02
BER: END_SEQ #63 [LOCK] seq_err=0 BER_seq=0.0000e+00 | lock=63 slip=0 BER_cond=0.0000e+00 BER_cum=0.0000e+00
CSV,930012,186001,63,63,0,32193,0,0.000000e+00,0.000000e+00,51903717376.0,53345787904.0,1659244.9,45.07,0.12
BER: SYNC #64 (gated)
CSV,935012,187001,64,63,0,32373,0,0.000000e+00,0.000000e+00,57612865536.0,49120092160.0,1294708.8,46.48,0.69
CSV,940012,188001,64,63,0,32572,0,0.000000e+00,0.000000e+00,52407046144.0,52967104512.0,1444234.5,45.64,0.05
BER: END_SEQ #64 [LOCK] seq_err=0 BER_seq=0.0000e+00 | lock=64 slip=0 BER_cond=0.0000e+00 BER_cum=0.0000e+00
CSV,945012,189001,64,64,0,32704,0,0.000000e+00,0.000000e+00,51487412224.0,53757407232.0,1653760.0,45.12,0.19
BER: SYNC #65 (gated)
CSV,950012,190001,65,64,0,32895,0,0.000000e+00,0.000000e+00,59742715904.0,46176501760.0,1261502.0,46.75,1.12
CSV,955012,191001,65,64,0,33095,0,0.000000e+00,0.000000e+00,53614686208.0,52941041664.0,1402421.6,45.82,0.05
BER: END_SEQ #65 [LOCK] seq_err=0 BER_seq=0.0000e+00 | lock=65 slip=0 BER_cond=0.0000e+00 BER_cum=0.0000e+00
BER: SYNC #66 (gated)
CSV,960012,192001,66,65,0,33218,0,0.000000e+00,0.000000e+00,50233544704.0,53999550464.0,1594340.1,45.30,0.31
CSV,965012,193001,66,65,0,33418,0,0.000000e+00,0.000000e+00,60014419968.0,47159910400.0,1339976.1,46.51,1.05
CSV,970012,194001,66,65,0,33618,0,0.000000e+00,0.000000e+00,51681435648.0,53241454592.0,1406622.6,45.78,0.13
BER: END_SEQ #66 [LOCK] seq_err=0 BER_seq=0.0000e+00 | lock=66 slip=0 BER_cond=0.0000e+00 BER_cum=0.0000e+00
BER: SYNC #67 (gated)
CSV,975012,195001,67,66,0,33741,0,0.000000e+00,0.000000e+00,49987473408.0,55881879552.0,1563653.9,45.53,0.48
CSV,980012,196001,67,66,0,33941,0,0.000000e+00,0.000000e+00,59625697280.0,45854445568.0,1335846.0,46.50,1.14
CSV,985012,197001,67,66,0,34141,0,0.000000e+00,0.000000e+00,53849436160.0,53087862784.0,1351598.9,46.00,0.06
BER: END_SEQ #67 [LOCK] seq_err=0 BER_seq=0.0000e+00 | lock=67 slip=0 BER_cond=0.0000e+00 BER_cum=0.0000e+00
BER: SYNC #68 (gated)
CSV,990012,198001,68,67,0,34263,0,0.000000e+00,0.000000e+00,48901095424.0,54711353344.0,1614134.5,45.30,0.49
CSV,995012,199001,68,67,0,34463,0,0.000000e+00,0.000000e+00,60782661632.0,46692417536.0,1274605.2,46.78,1.15
CSV,1000012,200001,68,67,0,34663,0,0.000000e+00,0.000000e+00,52206620672.0,52537212928.0,1351682.0,45.90,0.03
BER: END_SEQ #68 [LOCK] seq_err=0 BER_seq=0.0000e+00 | lock=68 slip=0 BER_cond=0.0000e+00 BER_cum=0.0000e+00
BER: SYNC #69 (gated)
CSV,1005012,201001,69,68,0,34786,0,0.000000e+00,0.000000e+00,52646612992.0,53967011840.0,1655324.2,45.13,0.11
CSV,1010012,202001,69,68,0,34986,0,0.000000e+00,0.000000e+00,56646848512.0,48217006080.0,1272743.4,46.48,0.70
CSV,1015012,203001,69,68,0,35186,0,0.000000e+00,0.000000e+00,54169292800.0,52860674048.0,1248774.2,46.37,0.11
BER: END_SEQ #69 [LOCK] seq_err=0 BER_seq=0.0000e+00 | lock=69 slip=0 BER_cond=0.0000e+00 BER_cum=0.0000e+00
BER: SYNC #70 (gated)
CSV,1020012,204001,70,69,0,35309,0,0.000000e+00,0.000000e+00,50618667008.0,52344451072.0,1560733.9,45.26,0.15
CSV,1025012,205001,70,69,0,35509,0,0.000000e+00,0.000000e+00,58442801152.0,48703602688.0,1410844.6,46.17,0.79
CSV,1030012,206001,70,69,0,35709,0,0.000000e+00,0.000000e+00,52484718592.0,51565424640.0,1209109.5,46.38,0.08
BER: END_SEQ #70 [LOCK] seq_err=0 BER_seq=0.0000e+00 | lock=70 slip=0 BER_cond=0.0000e+00 BER_cum=0.0000e+00
BER: SYNC #71 (gated)
CSV,1035012,207001,71,70,0,35832,0,0.000000e+00,0.000000e+00,52249444352.0,54584557568.0,1540058.9,45.50,0.19
CSV,1040012,208001,71,70,0,36031,0,0.000000e+00,0.000000e+00,59241398272.0,45375143936.0,1295634.9,46.60,1.16
CSV,1045012,209001,71,70,0,36231,0,0.000000e+00,0.000000e+00,53515653120.0,53469392896.0,1264611.5,46.27,0.00
BER: END_SEQ #71 [LOCK] seq_err=0 BER_seq=0.0000e+00 | lock=71 slip=0 BER_cond=0.0000e+00 BER_cum=0.0000e+00
BER: SYNC #72 (gated)
CSV,1050012,210001,72,71,0,36354,0,0.000000e+00,0.000000e+00,48418275328.0,54580191232.0,1546550.0,45.48,0.52
CSV,1055012,211001,72,71,0,36554,0,0.000000e+00,0.000000e+00,62216572928.0,45509664768.0,1396141.2,46.49,1.36
CSV,1060012,212001,72,71,0,36754,0,0.000000e+00,0.000000e+00,50843201536.0,53353246720.0,1267918.9,46.24,0.21
BER: END_SEQ #72 [LOCK] seq_err=0 BER_seq=0.0000e+00 | lock=72 slip=0 BER_cond=0.0000e+00 BER_cum=0.0000e+00
BER: SYNC #73 (gated)
CSV,1065012,213001,73,72,0,36877,0,0.000000e+00,0.000000e+00,51770621952.0,54893924352.0,1559220.4,45.47,0.25
CSV,1070012,214001,73,72,0,37077,0,0.000000e+00,0.000000e+00,58681643008.0,46239735808.0,1305317.1,46.53,1.03
CSV,1075012,215001,73,72,0,37277,0,0.000000e+00,0.000000e+00,52906639360.0,54239944704.0,1334218.4,46.09,0.11
BER: END_SEQ #73 [LOCK] seq_err=0 BER_seq=0.0000e+00 | lock=73 slip=0 BER_cond=0.0000e+00 BER_cum=0.0000e+00
BER: SYNC #74 (gated)
CSV,1080012,216001,74,73,0,37400,0,0.000000e+00,0.000000e+00,49862963200.0,53439922176.0,1528036.0,45.44,0.30
CSV,1085012,217001,74,73,0,37600,0,0.000000e+00,0.000000e+00,60303572992.0,47472226304.0,1350135.4,46.50,1.04
CSV,1090012,218001,74,73,0,37799,0,0.000000e+00,0.000000e+00,51521912832.0,52911308800.0,1421937.0,45.71,0.12
BER: END_SEQ #74 [LOCK] seq_err=0 BER_seq=0.0000e+00 | lock=74 slip=0 BER_cond=0.0000e+00 BER_cum=0.0000e+00
BER: SYNC #75 (gated)
CSV,1095012,219001,75,74,0,37922,0,0.000000e+00,0.000000e+00,51871252480.0,54312132608.0,1531884.4,45.50,0.20
CSV,1100012,220001,75,74,0,38122,0,0.000000e+00,0.000000e+00,58780921856.0,46250541056.0,1412813.9,46.19,1.04
CSV,1105012,221001,75,74,0,38322,0,0.000000e+00,0.000000e+00,51950223360.0,55083761664.0,1409695.2,45.92,0.25
BER: END_SEQ #75 [LOCK] seq_err=0 BER_seq=0.0000e+00 | lock=75 slip=0 BER_cond=0.0000e+00 BER_cum=0.0000e+00
BER: SYNC #76 (gated)
CSV,1110012,222001,76,75,0,38445,0,0.000000e+00,0.000000e+00,52700397568.0,50746355712.0,1704736.4,44.90,0.16
CSV,1115012,223001,76,75,0,38645,0,0.000000e+00,0.000000e+00,57931206656.0,48798441472.0,1319258.9,46.43,0.75
BER: END_SEQ #76 [LOCK] seq_err=0 BER_seq=0.0000e+00 | lock=76 slip=0 BER_cond=0.0000e+00 BER_cum=0.0000e+00
CSV,1120012,224001,76,76,0,38836,0,0.000000e+00,0.000000e+00,50823593984.0,53731987456.0,1426381.5,45.76,0.24
BER: SYNC #77 (gated)
CSV,1125012,225001,77,76,0,38968,0,0.000000e+00,0.000000e+00,56831475712.0,49175732224.0,1603668.9,45.49,0.63
CSV,1130012,226001,77,76,0,39168,0,0.000000e+00,0.000000e+00,53249622016.0,51365875712.0,1326269.9,46.04,0.16
BER: END_SEQ #77 [LOCK] seq_err=0 BER_seq=0.0000e+00 | lock=77 slip=0 BER_cond=0.0000e+00 BER_cum=0.0000e+00
CSV,1135012,227001,77,77,0,39347,0,0.000000e+00,0.000000e+00,52997423104.0,53309788160.0,1422679.6,45.74,0.03
BER: SYNC #78 (gated)
CSV,1140012,228001,78,77,0,39490,0,0.000000e+00,0.000000e+00,57869860864.0,47284654080.0,1562566.2,45.69,0.88
CSV,1145012,229001,78,77,0,39690,0,0.000000e+00,0.000000e+00,53476306944.0,52681560064.0,1352684.4,45.97,0.07
BER: END_SEQ #78 [LOCK] seq_err=0 BER_seq=0.0000e+00 | lock=78 slip=0 BER_cond=0.0000e+00 BER_cum=0.0000e+00
CSV,1150012,230001,78,78,0,39858,0,0.000000e+00,0.000000e+00,50672427008.0,53046476800.0,1383258.5,45.84,0.20
BER: SYNC #79 (gated)
CSV,1155012,231001,79,78,0,40013,0,0.000000e+00,0.000000e+00,57971179520.0,47069929472.0,1481578.9,45.92,0.90
CSV,1160012,232001,79,78,0,40213,0,0.000000e+00,0.000000e+00,51252514816.0,52850860032.0,1373182.0,45.85,0.13
BER: END_SEQ #79 [LOCK] seq_err=0 BER_seq=0.0000e+00 | lock=79 slip=0 BER_cond=0.0000e+00 BER_cum=0.0000e+00
CSV,1165012,233001,79,79,0,40369,0,0.000000e+00,0.000000e+00,52749082624.0,52214738944.0,1515999.8,45.42,0.04
BER: SYNC #80 (gated)
CSV,1170012,234001,80,79,0,40536,0,0.000000e+00,0.000000e+00,58315149312.0,46687379456.0,1416383.1,46.15,0.97
CSV,1175012,235001,80,79,0,40736,0,0.000000e+00,0.000000e+00,52042174464.0,52928483328.0,1306345.1,46.08,0.07
BER: END_SEQ #80 [LOCK] seq_err=0 BER_seq=0.0000e+00 | lock=80 slip=0 BER_cond=0.0000e+00 BER_cum=0.0000e+00
CSV,1180012,236001,80,80,0,40880,0,0.000000e+00,0.000000e+00,51219734528.0,52402003968.0,1663531.0,44.98,0.10
BER: SYNC #81 (gated)
CSV,1185012,237001,81,80,0,41059,0,0.000000e+00,0.000000e+00,57544265728.0,47790272512.0,1263456.4,46.58,0.81
CSV,1190012,238001,81,80,0,41258,0,0.000000e+00,0.000000e+00,51942531072.0,52991504384.0,1268978.5,46.21,0.09
BER: END_SEQ #81 [LOCK] seq_err=0 BER_seq=0.0000e+00 | lock=81 slip=0 BER_cond=0.0000e+00 BER_cum=0.0000e+00
CSV,1195012,239001,81,81,0,41391,0,0.000000e+00,0.000000e+00,51562856448.0,52616794112.0,1693199.0,44.92,0.09
BER: SYNC #82 (gated)
CSV,1200012,240001,82,81,0,41581,0,0.000000e+00,0.000000e+00,59304538112.0,46496153600.0,1297547.1,46.60,1.06
CSV,1205012,241001,82,81,0,41781,0,0.000000e+00,0.000000e+00,52763803648.0,51816501248.0,1202712.1,46.42,0.08
BER: END_SEQ #82 [LOCK] seq_err=0 BER_seq=0.0000e+00 | lock=82 slip=0 BER_cond=0.0000e+00 BER_cum=0.0000e+00
BER: SYNC #83 (gated)
CSV,1210012,242001,83,82,0,41904,0,0.000000e+00,0.000000e+00,50413674496.0,53817090048.0,1512839.8,45.51,0.28
CSV,1215012,243001,83,82,0,42104,0,0.000000e+00,0.000000e+00,59033812992.0,46020583424.0,1352378.4,46.40,1.08
CSV,1220012,244001,83,82,0,42304,0,0.000000e+00,0.000000e+00,52529934336.0,52897484800.0,1227132.0,46.35,0.03
BER: END_SEQ #83 [LOCK] seq_err=0 BER_seq=0.0000e+00 | lock=83 slip=0 BER_cond=0.0000e+00 BER_cum=0.0000e+00
BER: SYNC #84 (gated)
CSV,1225012,245001,84,83,0,42427,0,0.000000e+00,0.000000e+00,48885039104.0,54351671296.0,1487712.0,45.63,0.46
CSV,1230012,246001,84,83,0,42627,0,0.000000e+00,0.000000e+00,59762446336.0,46474276864.0,1299475.4,46.63,1.09
CSV,1235012,247001,84,83,0,42827,0,0.000000e+00,0.000000e+00,52481753088.0,51503685632.0,1243784.5,46.25,0.08
BER: END_SEQ #84 [LOCK] seq_err=0 BER_seq=0.0000e+00 | lock=84 slip=0 BER_cond=0.0000e+00 BER_cum=0.0000e+00
BER: SYNC #85 (gated)
CSV,1240012,248001,85,84,0,42950,0,0.000000e+00,0.000000e+00,50333421568.0,54666477568.0,1535331.9,45.52,0.36
CSV,1245012,249001,85,84,0,43149,0,0.000000e+00,0.000000e+00,59234426880.0,45240193024.0,1380941.5,46.32,1.17
CSV,1250012,250001,85,84,0,43349,0,0.000000e+00,0.000000e+00,53035298816.0,53046444032.0,1258844.5,46.25,0.00
BER: END_SEQ #85 [LOCK] seq_err=0 BER_seq=0.0000e+00 | lock=85 slip=0 BER_cond=0.0000e+00 BER_cum=0.0000e+00
BER: SYNC #86 (gated)
CSV,1255012,251001,86,85,0,43472,0,0.000000e+00,0.000000e+00,50766180352.0,52048138240.0,1504774.4,45.39,0.11
CSV,1260012,252001,86,85,0,43672,0,0.000000e+00,0.000000e+00,57852698624.0,48640090112.0,1363451.4,46.28,0.75
CSV,1265012,253001,86,85,0,43872,0,0.000000e+00,0.000000e+00,52392259584.0,51319431168.0,1298337.1,46.06,0.09
BER: END_SEQ #86 [LOCK] seq_err=0 BER_seq=0.0000e+00 | lock=86 slip=0 BER_cond=0.0000e+00 BER_cum=0.0000e+00
BER: SYNC #87 (gated)
CSV,1270012,254001,87,86,0,43995,0,0.000000e+00,0.000000e+00,51913703424.0,53645549568.0,1504360.8,45.52,0.14
CSV,1275012,255001,87,86,0,44195,0,0.000000e+00,0.000000e+00,57277771776.0,46793854976.0,1365422.9,46.23,0.88
CSV,1280012,256001,87,86,0,44395,0,0.000000e+00,0.000000e+00,53746962432.0,52575731712.0,1325898.1,46.08,0.10
BER: END_SEQ #87 [LOCK] seq_err=0 BER_seq=0.0000e+00 | lock=87 slip=0 BER_cond=0.0000e+00 BER_cum=0.0000e+00
BER: SYNC #88 (gated)
CSV,1285012,257001,88,87,0,44518,0,0.000000e+00,0.000000e+00,50162733056.0,52446658560.0,1469641.6,45.53,0.19
CSV,1290012,258001,88,87,0,44718,0,0.000000e+00,0.000000e+00,60043485184.0,46926368768.0,1429150.1,46.23,1.07
CSV,1295012,259001,88,87,0,44917,0,0.000000e+00,0.000000e+00,52259430400.0,51330035712.0,1498713.8,45.42,0.08
BER: END_SEQ #88 [LOCK] seq_err=0 BER_seq=0.0000e+00 | lock=88 slip=0 BER_cond=0.0000e+00 BER_cum=0.0000e+00
BER: SYNC #89 (gated)
CSV,1300012,260001,89,88,0,45040,0,0.000000e+00,0.000000e+00,49847095296.0,56400486400.0,1562222.8,45.58,0.54
CSV,1305012,261001,89,88,0,45240,0,0.000000e+00,0.000000e+00,60828209152.0,43592945664.0,1339793.9,46.57,1.45
CSV,1310012,262001,89,88,0,45440,0,0.000000e+00,0.000000e+00,52373155840.0,54101184512.0,1533501.0,45.48,0.14
BER: END_SEQ #89 [LOCK] seq_err=0 BER_seq=0.0000e+00 | lock=89 slip=0 BER_cond=0.0000e+00 BER_cum=0.0000e+00
BER: SYNC #90 (gated)
CSV,1315012,263001,90,89,0,45563,0,0.000000e+00,0.000000e+00,49196339200.0,53182107648.0,1574079.6,45.29,0.34
CSV,1320012,264001,90,89,0,45763,0,0.000000e+00,0.000000e+00,60451196928.0,46691299328.0,1271396.5,46.77,1.12
CSV,1325012,265001,90,89,0,45963,0,0.000000e+00,0.000000e+00,50765332480.0,52708290560.0,1508324.4,45.43,0.16
BER: END_SEQ #90 [LOCK] seq_err=0 BER_seq=0.0000e+00 | lock=90 slip=0 BER_cond=0.0000e+00 BER_cum=0.0000e+00
BER: SYNC #91 (gated)
CSV,1330012,266001,91,90,0,46086,0,0.000000e+00,0.000000e+00,51711062016.0,54100783104.0,1544826.9,45.44,0.20
CSV,1335012,267001,91,90,0,46286,0,0.000000e+00,0.000000e+00,58581168128.0,45545594880.0,1325744.5,46.45,1.09
CSV,1340012,268001,91,90,0,46486,0,0.000000e+00,0.000000e+00,52690288640.0,53670113280.0,1280983.6,46.22,0.08
BER: END_SEQ #91 [LOCK] seq_err=0 BER_seq=0.0000e+00 | lock=91 slip=0 BER_cond=0.0000e+00 BER_cum=0.0000e+00
BER: SYNC #92 (gated)
CSV,1345012,269001,92,91,0,46608,0,0.000000e+00,0.000000e+00,50063372288.0,52483850240.0,1593133.8,45.18,0.21
CSV,1350012,270001,92,91,0,46808,0,0.000000e+00,0.000000e+00,59579285504.0,47372316672.0,1382600.1,46.34,1.00
CSV,1355012,271001,92,91,0,47008,0,0.000000e+00,0.000000e+00,50812514304.0,53049143296.0,1201867.9,46.45,0.19
BER: END_SEQ #92 [LOCK] seq_err=0 BER_seq=0.0000e+00 | lock=92 slip=0 BER_cond=0.0000e+00 BER_cum=0.0000e+00
BER: SYNC #93 (gated)
CSV,1360012,272001,93,92,0,47131,0,0.000000e+00,0.000000e+00,53524582400.0,51822481408.0,1684240.8,45.02,0.14
CSV,1365012,273001,93,92,0,47331,0,0.000000e+00,0.000000e+00,56665411584.0,47539617792.0,1352561.2,46.22,0.76
BER: END_SEQ #93 [LOCK] seq_err=0 BER_seq=0.0000e+00 | lock=93 slip=0 BER_cond=0.0000e+00 BER_cum=0.0000e+00
CSV,1370012,274001,93,93,0,47523,0,0.000000e+00,0.000000e+00,51638587392.0,54382014464.0,1342707.1,46.07,0.22
BER: SYNC #94 (gated)
CSV,1375012,275001,94,93,0,47654,0,0.000000e+00,0.000000e+00,55472926720.0,48000860160.0,1627956.1,45.32,0.63
CSV,1380012,276001,94,93,0,47854,0,0.000000e+00,0.000000e+00,54558466048.0,51585605632.0,1258943.8,46.37,0.24
BER: END_SEQ #94 [LOCK] seq_err=0 BER_seq=0.0000e+00 | lock=94 slip=0 BER_cond=0.0000e+00 BER_cum=0.0000e+00
CSV,1385012,277001,94,94,0,48034,0,0.000000e+00,0.000000e+00,51247906816.0,52300492800.0,1471758.4,45.51,0.09
BER: SYNC #95 (gated)
CSV,1390012,278001,95,94,0,48177,0,0.000000e+00,0.000000e+00,58238648320.0,47430852608.0,1431884.2,46.09,0.89
CSV,1395012,279001,95,94,0,48376,0,0.000000e+00,0.000000e+00,52627423232.0,51552063488.0,1309155.0,46.04,0.09
BER: END_SEQ #95 [LOCK] seq_err=0 BER_seq=0.0000e+00 | lock=95 slip=0 BER_cond=0.0000e+00 BER_cum=0.0000e+00
CSV,1400012,280001,95,95,0,48545,0,0.000000e+00,0.000000e+00,51671805952.0,53843677184.0,1420027.6,45.79,0.18
BER: SYNC #96 (gated)
CSV,1405012,281001,96,95,0,48699,0,0.000000e+00,0.000000e+00,57738100736.0,46841438208.0,1428516.5,46.07,0.91
CSV,1410012,282001,96,95,0,48899,0,0.000000e+00,0.000000e+00,52179337216.0,53158936576.0,1321927.6,46.04,0.08
BER: END_SEQ #96 [LOCK] seq_err=0 BER_seq=0.0000e+00 | lock=96 slip=0 BER_cond=0.0000e+00 BER_cum=0.0000e+00
CSV,1415012,283001,96,96,0,49056,0,0.000000e+00,0.000000e+00,51671941120.0,51631820800.0,1373851.2,45.75,0.00
BER: SYNC #97 (gated)
CSV,1420012,284001,97,96,0,49222,0,0.000000e+00,0.000000e+00,58518659072.0,47147749376.0,1305523.9,46.52,0.94
CSV,1425012,285001,97,96,0,49422,0,0.000000e+00,0.000000e+00,51998265344.0,52434690048.0,1312391.5,46.02,0.04
BER: END_SEQ #97 [LOCK] seq_err=0 BER_seq=0.0000e+00 | lock=97 slip=0 BER_cond=0.0000e+00 BER_cum=0.0000e+00
CSV,1430012,286001,97,97,0,49567,0,0.000000e+00,0.000000e+00,51958411264.0,52951437312.0,1594699.5,45.21,0.08
BER: SYNC #98 (gated)
CSV,1435012,287001,98,97,0,49745,0,0.000000e+00,0.000000e+00,57451401216.0,47542837248.0,1268933.6,46.56,0.82
CSV,1440012,288001,98,97,0,49945,0,0.000000e+00,0.000000e+00,51945304064.0,52890845184.0,1280989.1,46.16,0.08
BER: END_SEQ #98 [LOCK] seq_err=0 BER_seq=0.0000e+00 | lock=98 slip=0 BER_cond=0.0000e+00 BER_cum=0.0000e+00
CSV,1445012,289001,98,98,0,50078,0,0.000000e+00,0.000000e+00,51142619136.0,52191080448.0,1538075.8,45.31,0.09
BER: SYNC #99 (gated)
CSV,1450012,290001,99,98,0,50267,0,0.000000e+00,0.000000e+00,58685538304.0,46642405376.0,1279651.5,46.61,1.00
CSV,1455012,291001,99,98,0,50467,0,0.000000e+00,0.000000e+00,53003747328.0,51829125120.0,1441633.4,45.65,0.10
BER: END_SEQ #99 [LOCK] seq_err=0 BER_seq=0.0000e+00 | lock=99 slip=0 BER_cond=0.0000e+00 BER_cum=0.0000e+00
BER: SYNC #100 (gated)
CSV,1460012,292001,100,99,0,50590,0,0.000000e+00,0.000000e+00,49998131200.0,53549580288.0,1495014.6,45.54,0.30
CSV,1465012,293001,100,99,0,50790,0,0.000000e+00,0.000000e+00,59490775040.0,45814124544.0,1254158.9,46.76,1.13
CSV,1470012,294001,100,99,0,50990,0,0.000000e+00,0.000000e+00,51790282752.0,52250574848.0,1343327.8,45.90,0.04
BER: END_SEQ #100 [LOCK] seq_err=0 BER_seq=0.0000e+00 | lock=100 slip=0 BER_cond=0.0000e+00 BER_cum=0.0000e+00
BER: SYNC #101 (gated)
CSV,1475012,295001,101,100,0,51113,0,0.000000e+00,0.000000e+00,49581060096.0,54263988224.0,1503111.9,45.58,0.39
CSV,1480012,296001,101,100,0,51313,0,0.000000e+00,0.000000e+00,58333876224.0,45944885248.0,1398379.8,46.20,1.04
CSV,1485012,297001,101,100,0,51513,0,0.000000e+00,0.000000e+00,53113503744.0,51919319040.0,1380567.9,45.85,0.10
BER: END_SEQ #101 [LOCK] seq_err=0 BER_seq=0.0000e+00 | lock=101 slip=0 BER_cond=0.0000e+00 BER_cum=0.0000e+00
BER: SYNC #102 (gated)
CSV,1490012,298001,102,101,0,51636,0,0.000000e+00,0.000000e+00,49800597504.0,53170446336.0,1545521.0,45.37,0.28
CSV,1495012,299001,102,101,0,51836,0,0.000000e+00,0.000000e+00,59607601152.0,46460137472.0,1393294.9,46.31,1.08
CSV,1500012,300001,102,101,0,52035,0,0.000000e+00,0.000000e+00,51962372096.0,51906076672.0,1409768.6,45.67,0.00
BER: END_SEQ #102 [LOCK] seq_err=0 BER_seq=0.0000e+00 | lock=102 slip=0 BER_cond=0.0000e+00 BER_cum=0.0000e+00

=========================================
=== END OF TEST (duration=25 min) ===
=========================================
FINAL: syncs=102 lock=102 slip=0 slip_rate=0.0000
FINAL: bits_cum=52122 err_cum=0 BER_cum=0.0000e+00
FINAL: bits_lock=52122 err_lock=0 BER_cond=0.0000e+00
=========================================
=== STOP LOGGING NOW ===
=========================================
