

=== RX BOOT - BER TEST MODE ===
MOD=OOK (20 kHz carrier, adaptive threshold)
BPS_MODE=40 (HALF_SAMPLES=1000, 5000 samples/bit @ 200000 Hz)
Expect: 64-bit preamble + Barker13 (1F35h, gated by 8 preamble bits = 0x55) + 511-bit PRBS-9
Noise floor band: 5000 Hz; lock threshold: BER<0.10
Auto-stop: test will halt 25 min after the first sync.
RX: edge-tracking sync, center-3 voting
Starting decoder...

BER: SYNC #1 (gated)
CSV,5008,1000,1,0,0,39,0,0.000000e+00,0.000000e+00,357893.1,47237496832.0,249238.3,52.78,51.21
CSV,10008,2000,1,0,0,239,0,0.000000e+00,0.000000e+00,359461.9,43754721280.0,221112.7,52.96,50.85
CSV,15008,3000,1,0,0,438,0,0.000000e+00,0.000000e+00,360813.8,47543345152.0,235217.4,53.06,51.20
BER: END_SEQ #1 [LOCK] seq_err=0 BER_seq=0.0000e+00 | lock=1 slip=0 BER_cond=0.0000e+00 BER_cum=0.0000e+00
BER: SYNC #2 (gated)
CSV,20008,4000,2,1,0,562,0,0.000000e+00,0.000000e+00,433010.7,47962968064.0,262612.5,52.62,50.44
CSV,25008,5000,2,1,0,761,0,0.000000e+00,0.000000e+00,354555.1,44120625152.0,235351.7,52.73,50.95
CSV,30008,6000,2,1,0,961,0,0.000000e+00,0.000000e+00,367518.7,46662279168.0,235448.6,52.97,51.04
BER: END_SEQ #2 [LOCK] seq_err=0 BER_seq=0.0000e+00 | lock=2 slip=0 BER_cond=0.0000e+00 BER_cum=0.0000e+00
BER: SYNC #3 (gated)
CSV,35008,7000,3,2,0,1084,0,0.000000e+00,0.000000e+00,399116.9,49239175168.0,251020.2,52.93,50.91
CSV,40008,8000,3,2,0,1284,0,0.000000e+00,0.000000e+00,339045.3,41056092160.0,222073.0,52.67,50.83
CSV,45008,9000,3,2,0,1484,0,0.000000e+00,0.000000e+00,376916.1,48249282560.0,225318.0,53.31,51.07
BER: END_SEQ #3 [LOCK] seq_err=0 BER_seq=0.0000e+00 | lock=3 slip=0 BER_cond=0.0000e+00 BER_cum=0.0000e+00
BER: SYNC #4 (gated)
CSV,50008,10000,4,3,0,1607,0,0.000000e+00,0.000000e+00,419910.8,49248911360.0,256297.9,52.84,50.69
CSV,55008,11000,4,3,0,1807,0,0.000000e+00,0.000000e+00,377555.6,40967204864.0,210477.2,52.89,50.35
CSV,60008,12000,4,3,0,2007,0,0.000000e+00,0.000000e+00,366068.9,48369963008.0,224313.5,53.34,51.21
BER: END_SEQ #4 [LOCK] seq_err=0 BER_seq=0.0000e+00 | lock=4 slip=0 BER_cond=0.0000e+00 BER_cum=0.0000e+00
BER: SYNC #5 (gated)
CSV,65008,13000,5,4,0,2130,0,0.000000e+00,0.000000e+00,424681.6,48637054976.0,260624.3,52.71,50.59
CSV,70008,14000,5,4,0,2330,0,0.000000e+00,0.000000e+00,338375.5,42202836992.0,214170.9,52.95,50.96
CSV,75008,15000,5,4,0,2529,0,0.000000e+00,0.000000e+00,372901.2,48322252800.0,233246.1,53.16,51.13
BER: END_SEQ #5 [LOCK] seq_err=0 BER_seq=0.0000e+00 | lock=5 slip=0 BER_cond=0.0000e+00 BER_cum=0.0000e+00
BER: SYNC #6 (gated)
CSV,80008,16000,6,5,0,2652,0,0.000000e+00,0.000000e+00,423407.1,48362700800.0,256846.7,52.75,50.58
CSV,85008,17000,6,5,0,2852,0,0.000000e+00,0.000000e+00,367833.2,42114064384.0,224980.3,52.72,50.59
CSV,90008,18000,6,5,0,3052,0,0.000000e+00,0.000000e+00,374756.6,48402784256.0,223041.6,53.36,51.11
BER: END_SEQ #6 [LOCK] seq_err=0 BER_seq=0.0000e+00 | lock=6 slip=0 BER_cond=0.0000e+00 BER_cum=0.0000e+00
BER: SYNC #7 (gated)
CSV,95008,19000,7,6,0,3175,0,0.000000e+00,0.000000e+00,440949.3,48248414208.0,260980.9,52.67,50.39
CSV,100008,20000,7,6,0,3375,0,0.000000e+00,0.000000e+00,331661.9,42284732416.0,227629.7,52.69,51.05
CSV,105008,21000,7,6,0,3575,0,0.000000e+00,0.000000e+00,338286.5,49569427456.0,227615.6,53.38,51.66
BER: END_SEQ #7 [LOCK] seq_err=0 BER_seq=0.0000e+00 | lock=7 slip=0 BER_cond=0.0000e+00 BER_cum=0.0000e+00
BER: SYNC #8 (gated)
CSV,110008,22000,8,7,0,3698,0,0.000000e+00,0.000000e+00,434795.1,46867316736.0,273551.2,52.34,50.33
CSV,115008,23000,8,7,0,3898,0,0.000000e+00,0.000000e+00,346691.9,43782590464.0,222658.4,52.94,51.01
BER: END_SEQ #8 [LOCK] seq_err=0 BER_seq=0.0000e+00 | lock=8 slip=0 BER_cond=0.0000e+00 BER_cum=0.0000e+00
CSV,120008,24000,8,8,0,4088,0,0.000000e+00,0.000000e+00,393226.5,49477189632.0,231851.0,53.29,51.00
BER: SYNC #9 (gated)
CSV,125008,25000,9,8,0,4220,0,0.000000e+00,0.000000e+00,422284.2,43628998656.0,256925.4,52.30,50.14
CSV,130008,26000,9,8,0,4420,0,0.000000e+00,0.000000e+00,360458.8,47388250112.0,194139.8,53.88,51.19
BER: END_SEQ #9 [LOCK] seq_err=0 BER_seq=0.0000e+00 | lock=9 slip=0 BER_cond=0.0000e+00 BER_cum=0.0000e+00
CSV,135008,27000,9,9,0,4599,0,0.000000e+00,0.000000e+00,352082.5,48116989952.0,218817.6,53.42,51.36
BER: SYNC #10 (gated)
CSV,140008,28000,10,9,0,4743,0,0.000000e+00,0.000000e+00,379730.3,43544236032.0,239341.9,52.60,50.59
CSV,145008,29000,10,9,0,4943,0,0.000000e+00,0.000000e+00,356204.2,47488724992.0,221779.0,53.31,51.25
BER: END_SEQ #10 [LOCK] seq_err=0 BER_seq=0.0000e+00 | lock=10 slip=0 BER_cond=0.0000e+00 BER_cum=0.0000e+00
CSV,150008,30000,10,10,0,5110,0,0.000000e+00,0.000000e+00,430257.3,49324482560.0,233828.8,53.24,50.59
BER: SYNC #11 (gated)
CSV,155008,31000,11,10,0,5266,0,0.000000e+00,0.000000e+00,388638.8,43017678848.0,244082.8,52.46,50.44
CSV,160008,32000,11,10,0,5466,0,0.000000e+00,0.000000e+00,380482.4,49449115648.0,247477.5,53.01,51.14
BER: END_SEQ #11 [LOCK] seq_err=0 BER_seq=0.0000e+00 | lock=11 slip=0 BER_cond=0.0000e+00 BER_cum=0.0000e+00
CSV,165008,33000,11,11,0,5621,0,0.000000e+00,0.000000e+00,377763.0,47161376768.0,264823.9,52.51,50.96
BER: SYNC #12 (gated)
CSV,170008,34000,12,11,0,5789,0,0.000000e+00,0.000000e+00,358182.8,43635949568.0,225938.0,52.86,50.86
CSV,175008,35000,12,11,0,5988,0,0.000000e+00,0.000000e+00,364769.5,47800041472.0,233672.2,53.11,51.17
BER: END_SEQ #12 [LOCK] seq_err=0 BER_seq=0.0000e+00 | lock=12 slip=0 BER_cond=0.0000e+00 BER_cum=0.0000e+00
CSV,180008,36000,12,12,0,6132,0,0.000000e+00,0.000000e+00,459729.2,48455331840.0,273653.8,52.48,50.23
BER: SYNC #13 (gated)
CSV,185008,37000,13,12,0,6311,0,0.000000e+00,0.000000e+00,351159.8,43606843392.0,206926.9,53.24,50.94
CSV,190008,38000,13,12,0,6511,0,0.000000e+00,0.000000e+00,383737.3,48450023424.0,236639.5,53.11,51.01
BER: END_SEQ #13 [LOCK] seq_err=0 BER_seq=0.0000e+00 | lock=13 slip=0 BER_cond=0.0000e+00 BER_cum=0.0000e+00
CSV,195008,39000,13,13,0,6643,0,0.000000e+00,0.000000e+00,386440.0,47854833664.0,256879.8,52.70,50.93
BER: SYNC #14 (gated)
CSV,200008,40000,14,13,0,6834,0,0.000000e+00,0.000000e+00,343663.5,42497568768.0,215111.9,52.96,50.92
CSV,205008,41000,14,13,0,7034,0,0.000000e+00,0.000000e+00,389146.5,47047077888.0,233270.1,53.05,50.82
BER: END_SEQ #14 [LOCK] seq_err=0 BER_seq=0.0000e+00 | lock=14 slip=0 BER_cond=0.0000e+00 BER_cum=0.0000e+00
BER: SYNC #15 (gated)
CSV,210008,42000,15,14,0,7157,0,0.000000e+00,0.000000e+00,461237.4,49543663616.0,260534.0,52.79,50.31
CSV,215008,43000,15,14,0,7357,0,0.000000e+00,0.000000e+00,350935.1,41878560768.0,217283.2,52.85,50.77
CSV,220008,44000,15,14,0,7557,0,0.000000e+00,0.000000e+00,355876.8,48998428672.0,233326.7,53.22,51.39
BER: END_SEQ #15 [LOCK] seq_err=0 BER_seq=0.0000e+00 | lock=15 slip=0 BER_cond=0.0000e+00 BER_cum=0.0000e+00
BER: SYNC #16 (gated)
CSV,225008,45000,16,15,0,7680,0,0.000000e+00,0.000000e+00,405917.9,49609523200.0,265304.5,52.72,50.87
CSV,230008,46000,16,15,0,7879,0,0.000000e+00,0.000000e+00,349782.9,42654240768.0,219909.6,52.88,50.86
CSV,235008,47000,16,15,0,8079,0,0.000000e+00,0.000000e+00,397297.4,47252373504.0,236892.7,53.00,50.75
BER: END_SEQ #16 [LOCK] seq_err=0 BER_seq=0.0000e+00 | lock=16 slip=0 BER_cond=0.0000e+00 BER_cum=0.0000e+00
BER: SYNC #17 (gated)
CSV,240008,48000,17,16,0,8202,0,0.000000e+00,0.000000e+00,449268.0,50882396160.0,269940.1,52.75,50.54
CSV,245008,49000,17,16,0,8402,0,0.000000e+00,0.000000e+00,356599.0,41390161920.0,237113.5,52.42,50.65
CSV,250008,50000,17,16,0,8602,0,0.000000e+00,0.000000e+00,337225.4,48706756608.0,222495.0,53.40,51.60
BER: END_SEQ #17 [LOCK] seq_err=0 BER_seq=0.0000e+00 | lock=17 slip=0 BER_cond=0.0000e+00 BER_cum=0.0000e+00
BER: SYNC #18 (gated)
CSV,255008,51000,18,17,0,8725,0,0.000000e+00,0.000000e+00,420108.5,47451500544.0,265231.7,52.53,50.53
CSV,260008,52000,18,17,0,8925,0,0.000000e+00,0.000000e+00,363140.0,44838948864.0,229708.0,52.90,50.92
CSV,265008,53000,18,17,0,9125,0,0.000000e+00,0.000000e+00,371229.0,46852943872.0,208910.5,53.51,51.01
BER: END_SEQ #18 [LOCK] seq_err=0 BER_seq=0.0000e+00 | lock=18 slip=0 BER_cond=0.0000e+00 BER_cum=0.0000e+00
BER: SYNC #19 (gated)
CSV,270008,54000,19,18,0,9247,0,0.000000e+00,0.000000e+00,433478.7,48952672256.0,260949.5,52.73,50.53
CSV,275008,55000,19,18,0,9448,0,0.000000e+00,0.000000e+00,344626.3,42927517696.0,200036.1,53.32,50.95
CSV,280008,56000,19,18,0,9647,0,0.000000e+00,0.000000e+00,367073.8,48156962816.0,204224.5,53.73,51.18
BER: END_SEQ #19 [LOCK] seq_err=0 BER_seq=0.0000e+00 | lock=19 slip=0 BER_cond=0.0000e+00 BER_cum=0.0000e+00
BER: SYNC #20 (gated)
CSV,285008,57000,20,19,0,9770,0,0.000000e+00,0.000000e+00,397937.4,47918952448.0,249365.1,52.84,50.81
CSV,290008,58000,20,19,0,9970,0,0.000000e+00,0.000000e+00,349818.4,42543648768.0,216364.7,52.94,50.85
CSV,295008,59000,20,19,0,10170,0,0.000000e+00,0.000000e+00,380636.1,47055708160.0,238910.9,52.94,50.92
BER: END_SEQ #20 [LOCK] seq_err=0 BER_seq=0.0000e+00 | lock=20 slip=0 BER_cond=0.0000e+00 BER_cum=0.0000e+00
BER: SYNC #21 (gated)
CSV,300008,60000,21,20,0,10293,0,0.000000e+00,0.000000e+00,420258.4,51391471616.0,252096.9,53.09,50.87
CSV,305008,61000,21,20,0,10493,0,0.000000e+00,0.000000e+00,377991.0,39951491072.0,240652.9,52.20,50.24
CSV,310008,62000,21,20,0,10693,0,0.000000e+00,0.000000e+00,370110.9,49694085120.0,234815.6,53.26,51.28
BER: END_SEQ #21 [LOCK] seq_err=0 BER_seq=0.0000e+00 | lock=21 slip=0 BER_cond=0.0000e+00 BER_cum=0.0000e+00
BER: SYNC #22 (gated)
CSV,315008,63000,22,21,0,10816,0,0.000000e+00,0.000000e+00,421801.9,48497790976.0,261546.4,52.68,50.61
CSV,320008,64000,22,21,0,11016,0,0.000000e+00,0.000000e+00,339752.8,43147206656.0,230111.8,52.73,51.04
CSV,325008,65000,22,21,0,11215,0,0.000000e+00,0.000000e+00,380269.0,48178462720.0,223748.1,53.33,51.03
BER: END_SEQ #22 [LOCK] seq_err=0 BER_seq=0.0000e+00 | lock=22 slip=0 BER_cond=0.0000e+00 BER_cum=0.0000e+00
BER: SYNC #23 (gated)
CSV,330008,66000,23,22,0,11338,0,0.000000e+00,0.000000e+00,421129.9,49996496896.0,266612.8,52.73,50.75
CSV,335008,67000,23,22,0,11538,0,0.000000e+00,0.000000e+00,383455.0,41904128000.0,219170.8,52.81,50.39
CSV,340008,68000,23,22,0,11738,0,0.000000e+00,0.000000e+00,381779.1,49149976576.0,223435.7,53.42,51.10
BER: END_SEQ #23 [LOCK] seq_err=0 BER_seq=0.0000e+00 | lock=23 slip=0 BER_cond=0.0000e+00 BER_cum=0.0000e+00
BER: SYNC #24 (gated)
CSV,345008,69000,24,23,0,11861,0,0.000000e+00,0.000000e+00,428446.4,47892852736.0,275997.3,52.39,50.48
CSV,350008,70000,24,23,0,12061,0,0.000000e+00,0.000000e+00,342785.5,43096539136.0,215962.4,53.00,50.99
CSV,355008,71000,24,23,0,12261,0,0.000000e+00,0.000000e+00,334969.2,48667459584.0,203595.7,53.78,51.62
BER: END_SEQ #24 [LOCK] seq_err=0 BER_seq=0.0000e+00 | lock=24 slip=0 BER_cond=0.0000e+00 BER_cum=0.0000e+00
BER: SYNC #25 (gated)
CSV,360008,72000,25,24,0,12384,0,0.000000e+00,0.000000e+00,433598.8,46922399744.0,269977.0,52.40,50.34
CSV,365008,73000,25,24,0,12584,0,0.000000e+00,0.000000e+00,358877.4,43445952512.0,209055.3,53.18,50.83
BER: END_SEQ #25 [LOCK] seq_err=0 BER_seq=0.0000e+00 | lock=25 slip=0 BER_cond=0.0000e+00 BER_cum=0.0000e+00
CSV,370008,74000,25,25,0,12775,0,0.000000e+00,0.000000e+00,389024.1,49369038848.0,216150.1,53.59,51.03
BER: SYNC #26 (gated)
CSV,375008,75000,26,25,0,12906,0,0.000000e+00,0.000000e+00,427749.2,43906129920.0,260752.6,52.26,50.11
CSV,380008,76000,26,25,0,13106,0,0.000000e+00,0.000000e+00,355303.1,47486894080.0,242273.6,52.92,51.26
BER: END_SEQ #26 [LOCK] seq_err=0 BER_seq=0.0000e+00 | lock=26 slip=0 BER_cond=0.0000e+00 BER_cum=0.0000e+00
CSV,385008,77000,26,26,0,13286,0,0.000000e+00,0.000000e+00,348431.3,47693684736.0,249270.4,52.82,51.36
BER: SYNC #27 (gated)
CSV,390008,78000,27,26,0,13429,0,0.000000e+00,0.000000e+00,382828.3,43619184640.0,248740.0,52.44,50.57
CSV,395008,79000,27,26,0,13629,0,0.000000e+00,0.000000e+00,360493.4,47389683712.0,230235.1,53.14,51.19
BER: END_SEQ #27 [LOCK] seq_err=0 BER_seq=0.0000e+00 | lock=27 slip=0 BER_cond=0.0000e+00 BER_cum=0.0000e+00
CSV,400008,80000,27,27,0,13797,0,0.000000e+00,0.000000e+00,434626.6,49574031360.0,256289.6,52.87,50.57
BER: SYNC #28 (gated)
CSV,405008,81000,28,27,0,13952,0,0.000000e+00,0.000000e+00,381817.6,43033182208.0,226647.7,52.78,50.52
CSV,410008,82000,28,27,0,14152,0,0.000000e+00,0.000000e+00,372509.6,49054699520.0,213665.0,53.61,51.20
BER: END_SEQ #28 [LOCK] seq_err=0 BER_seq=0.0000e+00 | lock=28 slip=0 BER_cond=0.0000e+00 BER_cum=0.0000e+00
CSV,415008,83000,28,28,0,14308,0,0.000000e+00,0.000000e+00,374330.7,47351746560.0,237721.4,52.99,51.02
BER: SYNC #29 (gated)
CSV,420008,84000,29,28,0,14475,0,0.000000e+00,0.000000e+00,355475.2,43021922304.0,225052.5,52.81,50.83
CSV,425008,85000,29,28,0,14675,0,0.000000e+00,0.000000e+00,373076.0,48188837888.0,224284.0,53.32,51.11
BER: END_SEQ #29 [LOCK] seq_err=0 BER_seq=0.0000e+00 | lock=29 slip=0 BER_cond=0.0000e+00 BER_cum=0.0000e+00
CSV,430008,86000,29,29,0,14819,0,0.000000e+00,0.000000e+00,457112.3,48735662080.0,252993.8,52.85,50.28
BER: SYNC #30 (gated)
CSV,435008,87000,30,29,0,14997,0,0.000000e+00,0.000000e+00,356503.2,43700334592.0,232949.8,52.73,50.88
CSV,440008,88000,30,29,0,15197,0,0.000000e+00,0.000000e+00,378657.7,48921903104.0,240206.6,53.09,51.11
BER: END_SEQ #30 [LOCK] seq_err=0 BER_seq=0.0000e+00 | lock=30 slip=0 BER_cond=0.0000e+00 BER_cum=0.0000e+00
CSV,445008,89000,30,30,0,15330,0,0.000000e+00,0.000000e+00,390121.1,48108527616.0,269171.8,52.52,50.91
BER: SYNC #31 (gated)
CSV,450008,90000,31,30,0,15520,0,0.000000e+00,0.000000e+00,349732.3,43047219200.0,220242.9,52.91,50.90
CSV,455008,91000,31,30,0,15720,0,0.000000e+00,0.000000e+00,393723.2,47575093248.0,237948.7,53.01,50.82
BER: END_SEQ #31 [LOCK] seq_err=0 BER_seq=0.0000e+00 | lock=31 slip=0 BER_cond=0.0000e+00 BER_cum=0.0000e+00
BER: SYNC #32 (gated)
CSV,460008,92000,32,31,0,15843,0,0.000000e+00,0.000000e+00,464128.0,49561931776.0,273327.1,52.58,50.29
CSV,465008,93000,32,31,0,16043,0,0.000000e+00,0.000000e+00,355047.1,42407624704.0,218313.5,52.88,50.77
CSV,470008,94000,32,31,0,16243,0,0.000000e+00,0.000000e+00,355977.1,48162975744.0,228573.8,53.24,51.31
BER: END_SEQ #32 [LOCK] seq_err=0 BER_seq=0.0000e+00 | lock=32 slip=0 BER_cond=0.0000e+00 BER_cum=0.0000e+00
BER: SYNC #33 (gated)
CSV,475008,95000,33,32,0,16366,0,0.000000e+00,0.000000e+00,408862.2,50044514304.0,261931.2,52.81,50.88
CSV,480008,96000,33,32,0,16565,0,0.000000e+00,0.000000e+00,354177.8,42411982848.0,219334.6,52.86,50.78
CSV,485008,97000,33,32,0,16765,0,0.000000e+00,0.000000e+00,393567.9,47585554432.0,227331.9,53.21,50.82
BER: END_SEQ #33 [LOCK] seq_err=0 BER_seq=0.0000e+00 | lock=33 slip=0 BER_cond=0.0000e+00 BER_cum=0.0000e+00
BER: SYNC #34 (gated)
CSV,490008,98000,34,33,0,16888,0,0.000000e+00,0.000000e+00,441689.1,49282641920.0,259896.6,52.78,50.48
CSV,495008,99000,34,33,0,17088,0,0.000000e+00,0.000000e+00,350945.1,42143739904.0,209671.8,53.03,50.79
CSV,500008,100000,34,33,0,17288,0,0.000000e+00,0.000000e+00,343320.2,47961321472.0,212430.0,53.54,51.45
BER: END_SEQ #34 [LOCK] seq_err=0 BER_seq=0.0000e+00 | lock=34 slip=0 BER_cond=0.0000e+00 BER_cum=0.0000e+00
BER: SYNC #35 (gated)
CSV,505008,101000,35,34,0,17411,0,0.000000e+00,0.000000e+00,410973.7,48308019200.0,256742.3,52.75,50.70
CSV,510008,102000,35,34,0,17611,0,0.000000e+00,0.000000e+00,361445.5,43538182144.0,215830.8,53.05,50.81
CSV,515008,103000,35,34,0,17811,0,0.000000e+00,0.000000e+00,372898.7,47897354240.0,230878.8,53.17,51.09
BER: END_SEQ #35 [LOCK] seq_err=0 BER_seq=0.0000e+00 | lock=35 slip=0 BER_cond=0.0000e+00 BER_cum=0.0000e+00
BER: SYNC #36 (gated)
CSV,520008,104000,36,35,0,17934,0,0.000000e+00,0.000000e+00,430812.0,48376619008.0,259598.4,52.70,50.50
CSV,525008,105000,36,35,0,18133,0,0.000000e+00,0.000000e+00,350953.5,43707265024.0,238869.2,52.62,50.95
CSV,530008,106000,36,35,0,18333,0,0.000000e+00,0.000000e+00,360666.6,47498055680.0,236218.1,53.03,51.20
BER: END_SEQ #36 [LOCK] seq_err=0 BER_seq=0.0000e+00 | lock=36 slip=0 BER_cond=0.0000e+00 BER_cum=0.0000e+00
BER: SYNC #37 (gated)
CSV,535008,107000,37,36,0,18456,0,0.000000e+00,0.000000e+00,405815.2,49202966528.0,257622.6,52.81,50.84
CSV,540008,108000,37,36,0,18656,0,0.000000e+00,0.000000e+00,362903.6,42185707520.0,221692.6,52.79,50.65
CSV,545008,109000,37,36,0,18856,0,0.000000e+00,0.000000e+00,376376.7,47958769664.0,214364.3,53.50,51.05
BER: END_SEQ #37 [LOCK] seq_err=0 BER_seq=0.0000e+00 | lock=37 slip=0 BER_cond=0.0000e+00 BER_cum=0.0000e+00
BER: SYNC #38 (gated)
CSV,550008,110000,38,37,0,18979,0,0.000000e+00,0.000000e+00,422204.2,50206863360.0,258581.8,52.88,50.75
CSV,555008,111000,38,37,0,19179,0,0.000000e+00,0.000000e+00,375452.4,40921088000.0,209217.8,52.91,50.37
CSV,560008,112000,38,37,0,19379,0,0.000000e+00,0.000000e+00,369745.5,48266014720.0,216983.8,53.47,51.16
BER: END_SEQ #38 [LOCK] seq_err=0 BER_seq=0.0000e+00 | lock=38 slip=0 BER_cond=0.0000e+00 BER_cum=0.0000e+00
BER: SYNC #39 (gated)
CSV,565008,113000,39,38,0,19502,0,0.000000e+00,0.000000e+00,419303.0,50379931648.0,261352.1,52.85,50.80
CSV,570008,114000,39,38,0,19702,0,0.000000e+00,0.000000e+00,338164.6,41461227520.0,220514.0,52.74,50.89
CSV,575008,115000,39,38,0,19902,0,0.000000e+00,0.000000e+00,373518.5,49547415552.0,236835.9,53.21,51.23
BER: END_SEQ #39 [LOCK] seq_err=0 BER_seq=0.0000e+00 | lock=39 slip=0 BER_cond=0.0000e+00 BER_cum=0.0000e+00
BER: SYNC #40 (gated)
CSV,580008,116000,40,39,0,20025,0,0.000000e+00,0.000000e+00,423167.5,48036167680.0,260002.6,52.67,50.55
CSV,585008,117000,40,39,0,20224,0,0.000000e+00,0.000000e+00,381279.6,42963804160.0,235446.4,52.61,50.52
CSV,590008,118000,40,39,0,20424,0,0.000000e+00,0.000000e+00,380094.5,48163229696.0,239098.4,53.04,51.03
BER: END_SEQ #40 [LOCK] seq_err=0 BER_seq=0.0000e+00 | lock=40 slip=0 BER_cond=0.0000e+00 BER_cum=0.0000e+00
BER: SYNC #41 (gated)
CSV,595008,119000,41,40,0,20547,0,0.000000e+00,0.000000e+00,432677.0,49928458240.0,259282.5,52.85,50.62
CSV,600008,120000,41,40,0,20747,0,0.000000e+00,0.000000e+00,355824.9,42226192384.0,230127.3,52.64,50.74
CSV,605008,121000,41,40,0,20947,0,0.000000e+00,0.000000e+00,341095.2,49937920000.0,234865.9,53.28,51.66
BER: END_SEQ #41 [LOCK] seq_err=0 BER_seq=0.0000e+00 | lock=41 slip=0 BER_cond=0.0000e+00 BER_cum=0.0000e+00
BER: SYNC #42 (gated)
CSV,610008,122000,42,41,0,21070,0,0.000000e+00,0.000000e+00,436926.9,46539636736.0,272245.5,52.33,50.27
CSV,615008,123000,42,41,0,21270,0,0.000000e+00,0.000000e+00,373864.8,44651986944.0,218812.5,53.10,50.77
BER: END_SEQ #42 [LOCK] seq_err=0 BER_seq=0.0000e+00 | lock=42 slip=0 BER_cond=0.0000e+00 BER_cum=0.0000e+00
CSV,620008,124000,42,42,0,21462,0,0.000000e+00,0.000000e+00,391757.0,49022156800.0,227972.7,53.33,50.97
BER: SYNC #43 (gated)
CSV,625008,125000,43,42,0,21592,0,0.000000e+00,0.000000e+00,423591.1,45251424256.0,266259.2,52.30,50.29
CSV,630008,126000,43,42,0,21793,0,0.000000e+00,0.000000e+00,357928.2,45988319232.0,207408.9,53.46,51.09
BER: END_SEQ #43 [LOCK] seq_err=0 BER_seq=0.0000e+00 | lock=43 slip=0 BER_cond=0.0000e+00 BER_cum=0.0000e+00
CSV,635008,127000,43,43,0,21973,0,0.000000e+00,0.000000e+00,362060.2,49110691840.0,226040.4,53.37,51.32
BER: SYNC #44 (gated)
CSV,640008,128000,44,43,0,22115,0,0.000000e+00,0.000000e+00,398755.8,42625126400.0,249537.6,52.33,50.29
CSV,645008,129000,44,43,0,22315,0,0.000000e+00,0.000000e+00,368805.8,48061014016.0,218060.5,53.43,51.15
BER: END_SEQ #44 [LOCK] seq_err=0 BER_seq=0.0000e+00 | lock=44 slip=0 BER_cond=0.0000e+00 BER_cum=0.0000e+00
CSV,650008,130000,44,44,0,22484,0,0.000000e+00,0.000000e+00,427403.4,48264445952.0,241851.2,53.00,50.53
BER: SYNC #45 (gated)
CSV,655008,131000,45,44,0,22638,0,0.000000e+00,0.000000e+00,384262.9,43861803008.0,242904.8,52.57,50.57
CSV,660008,132000,45,44,0,22838,0,0.000000e+00,0.000000e+00,374761.5,47903629312.0,242669.8,52.95,51.07
BER: END_SEQ #45 [LOCK] seq_err=0 BER_seq=0.0000e+00 | lock=45 slip=0 BER_cond=0.0000e+00 BER_cum=0.0000e+00
CSV,665008,133000,45,45,0,22995,0,0.000000e+00,0.000000e+00,382029.3,48317743104.0,262776.3,52.65,51.02
BER: SYNC #46 (gated)
CSV,670008,134000,46,45,0,23161,0,0.000000e+00,0.000000e+00,359438.4,42518761472.0,233197.2,52.61,50.73
CSV,675008,135000,46,45,0,23360,0,0.000000e+00,0.000000e+00,370379.7,48749998080.0,223984.2,53.38,51.19
BER: END_SEQ #46 [LOCK] seq_err=0 BER_seq=0.0000e+00 | lock=46 slip=0 BER_cond=0.0000e+00 BER_cum=0.0000e+00
CSV,680008,136000,46,46,0,23506,0,0.000000e+00,0.000000e+00,447088.2,47613739008.0,275111.1,52.38,50.27
BER: SYNC #47 (gated)
CSV,685008,137000,47,46,0,23683,0,0.000000e+00,0.000000e+00,377392.2,44410986496.0,212929.8,53.19,50.71
CSV,690008,138000,47,46,0,23883,0,0.000000e+00,0.000000e+00,374281.1,47864750080.0,214499.1,53.49,51.07
BER: END_SEQ #47 [LOCK] seq_err=0 BER_seq=0.0000e+00 | lock=47 slip=0 BER_cond=0.0000e+00 BER_cum=0.0000e+00
CSV,695008,139000,47,47,0,24017,0,0.000000e+00,0.000000e+00,385476.7,48766840832.0,252149.6,52.86,51.02
BER: SYNC #48 (gated)
CSV,700008,140000,48,47,0,24206,0,0.000000e+00,0.000000e+00,336157.0,42333085696.0,213123.5,52.98,51.00
CSV,705008,141000,48,47,0,24406,0,0.000000e+00,0.000000e+00,374134.4,48021852160.0,227024.6,53.25,51.08
BER: END_SEQ #48 [LOCK] seq_err=0 BER_seq=0.0000e+00 | lock=48 slip=0 BER_cond=0.0000e+00 BER_cum=0.0000e+00
BER: SYNC #49 (gated)
CSV,710008,142000,49,48,0,24529,0,0.000000e+00,0.000000e+00,456695.8,48584151040.0,254232.0,52.81,50.27
CSV,715008,143000,49,48,0,24729,0,0.000000e+00,0.000000e+00,359747.9,42424971264.0,221200.2,52.83,50.72
CSV,720008,144000,49,48,0,24929,0,0.000000e+00,0.000000e+00,361382.2,47810928640.0,246870.9,52.87,51.22
BER: END_SEQ #49 [LOCK] seq_err=0 BER_seq=0.0000e+00 | lock=49 slip=0 BER_cond=0.0000e+00 BER_cum=0.0000e+00
BER: SYNC #50 (gated)
CSV,725008,145000,50,49,0,25052,0,0.000000e+00,0.000000e+00,395460.6,50456195072.0,273085.6,52.67,51.06
CSV,730008,146000,50,49,0,25252,0,0.000000e+00,0.000000e+00,341204.9,42243252224.0,221898.7,52.80,50.93
CSV,735008,147000,50,49,0,25451,0,0.000000e+00,0.000000e+00,402498.6,48217378816.0,233213.1,53.15,50.78
BER: END_SEQ #50 [LOCK] seq_err=0 BER_seq=0.0000e+00 | lock=50 slip=0 BER_cond=0.0000e+00 BER_cum=0.0000e+00
BER: SYNC #51 (gated)
CSV,740008,148000,51,50,0,25574,0,0.000000e+00,0.000000e+00,449378.8,48737710080.0,267419.3,52.61,50.35
CSV,745008,149000,51,50,0,25774,0,0.000000e+00,0.000000e+00,365916.5,42705256448.0,224192.7,52.80,50.67
CSV,750008,150000,51,50,0,25974,0,0.000000e+00,0.000000e+00,343808.3,47762690048.0,222863.8,53.31,51.43
BER: END_SEQ #51 [LOCK] seq_err=0 BER_seq=0.0000e+00 | lock=51 slip=0 BER_cond=0.0000e+00 BER_cum=0.0000e+00
BER: SYNC #52 (gated)
CSV,755008,151000,52,51,0,26097,0,0.000000e+00,0.000000e+00,410877.4,49032335360.0,254767.7,52.84,50.77
CSV,760008,152000,52,51,0,26297,0,0.000000e+00,0.000000e+00,361337.7,43349340160.0,229904.2,52.75,50.79
CSV,765008,153000,52,51,0,26497,0,0.000000e+00,0.000000e+00,398949.0,48035672064.0,228533.0,53.23,50.81
BER: END_SEQ #52 [LOCK] seq_err=0 BER_seq=0.0000e+00 | lock=52 slip=0 BER_cond=0.0000e+00 BER_cum=0.0000e+00
BER: SYNC #53 (gated)
CSV,770008,154000,53,52,0,26620,0,0.000000e+00,0.000000e+00,435849.8,47830794240.0,268881.4,52.50,50.40
CSV,775008,155000,53,52,0,26820,0,0.000000e+00,0.000000e+00,364175.6,44120526848.0,216455.7,53.09,50.83
CSV,780008,156000,53,52,0,27019,0,0.000000e+00,0.000000e+00,342277.2,47309840384.0,226523.3,53.20,51.41
BER: END_SEQ #53 [LOCK] seq_err=0 BER_seq=0.0000e+00 | lock=53 slip=0 BER_cond=0.0000e+00 BER_cum=0.0000e+00
BER: SYNC #54 (gated)
CSV,785008,157000,54,53,0,27142,0,0.000000e+00,0.000000e+00,411973.9,48620658688.0,267366.7,52.60,50.72
CSV,790008,158000,54,53,0,27342,0,0.000000e+00,0.000000e+00,367085.8,42422751232.0,218157.5,52.89,50.63
CSV,795008,159000,54,53,0,27542,0,0.000000e+00,0.000000e+00,401458.7,48032190464.0,234469.9,53.11,50.78
BER: END_SEQ #54 [LOCK] seq_err=0 BER_seq=0.0000e+00 | lock=54 slip=0 BER_cond=0.0000e+00 BER_cum=0.0000e+00
BER: SYNC #55 (gated)
CSV,800008,160000,55,54,0,27665,0,0.000000e+00,0.000000e+00,420621.2,50254962688.0,264605.5,52.79,50.77
CSV,805008,161000,55,54,0,27865,0,0.000000e+00,0.000000e+00,356822.5,40863629312.0,233926.8,52.42,50.59
CSV,810008,162000,55,54,0,28065,0,0.000000e+00,0.000000e+00,339499.6,48044355584.0,235205.8,53.10,51.51
BER: END_SEQ #55 [LOCK] seq_err=0 BER_seq=0.0000e+00 | lock=55 slip=0 BER_cond=0.0000e+00 BER_cum=0.0000e+00
BER: SYNC #56 (gated)
CSV,815008,163000,56,55,0,28188,0,0.000000e+00,0.000000e+00,430570.0,49979604992.0,264750.1,52.76,50.65
CSV,820008,164000,56,55,0,28388,0,0.000000e+00,0.000000e+00,358491.3,41316749312.0,212587.3,52.89,50.62
CSV,825008,165000,56,55,0,28588,0,0.000000e+00,0.000000e+00,388297.4,49039187968.0,215659.9,53.57,51.01
BER: END_SEQ #56 [LOCK] seq_err=0 BER_seq=0.0000e+00 | lock=56 slip=0 BER_cond=0.0000e+00 BER_cum=0.0000e+00
BER: SYNC #57 (gated)
CSV,830008,166000,57,56,0,28710,0,0.000000e+00,0.000000e+00,416739.5,48802258944.0,257778.0,52.77,50.69
CSV,835008,167000,57,56,0,28910,0,0.000000e+00,0.000000e+00,352676.7,42273341440.0,197167.3,53.31,50.79
CSV,840008,168000,57,56,0,29110,0,0.000000e+00,0.000000e+00,354499.5,48336355328.0,207991.4,53.66,51.35
BER: END_SEQ #57 [LOCK] seq_err=0 BER_seq=0.0000e+00 | lock=57 slip=0 BER_cond=0.0000e+00 BER_cum=0.0000e+00
BER: SYNC #58 (gated)
CSV,845008,169000,58,57,0,29233,0,0.000000e+00,0.000000e+00,433049.0,49133654016.0,263534.9,52.71,50.55
CSV,850008,170000,58,57,0,29433,0,0.000000e+00,0.000000e+00,353718.3,42214428672.0,218112.2,52.87,50.77
CSV,855008,171000,58,57,0,29633,0,0.000000e+00,0.000000e+00,361421.1,48824012800.0,226904.1,53.33,51.31
BER: END_SEQ #58 [LOCK] seq_err=0 BER_seq=0.0000e+00 | lock=58 slip=0 BER_cond=0.0000e+00 BER_cum=0.0000e+00
BER: SYNC #59 (gated)
CSV,860008,172000,59,58,0,29756,0,0.000000e+00,0.000000e+00,431553.6,47742787584.0,272821.3,52.43,50.44
CSV,865008,173000,59,58,0,29956,0,0.000000e+00,0.000000e+00,360106.2,43117699072.0,234562.6,52.64,50.78
BER: END_SEQ #59 [LOCK] seq_err=0 BER_seq=0.0000e+00 | lock=59 slip=0 BER_cond=0.0000e+00 BER_cum=0.0000e+00
CSV,870008,174000,59,59,0,30149,0,0.000000e+00,0.000000e+00,355892.2,49650106368.0,239087.3,53.17,51.45
BER: SYNC #60 (gated)
CSV,875008,175000,60,59,0,30279,0,0.000000e+00,0.000000e+00,411700.8,44182159360.0,255650.1,52.38,50.31
CSV,880008,176000,60,59,0,30479,0,0.000000e+00,0.000000e+00,370582.9,46221418496.0,219827.0,53.23,50.96
BER: END_SEQ #60 [LOCK] seq_err=0 BER_seq=0.0000e+00 | lock=60 slip=0 BER_cond=0.0000e+00 BER_cum=0.0000e+00
CSV,885008,177000,60,60,0,30660,0,0.000000e+00,0.000000e+00,369532.6,48104235008.0,236411.8,53.09,51.15
BER: SYNC #61 (gated)
CSV,890008,178000,61,60,0,30801,0,0.000000e+00,0.000000e+00,409120.4,44124151808.0,243482.3,52.58,50.33
CSV,895008,179000,61,60,0,31001,0,0.000000e+00,0.000000e+00,377825.9,46773706752.0,215273.6,53.37,50.93
BER: END_SEQ #61 [LOCK] seq_err=0 BER_seq=0.0000e+00 | lock=61 slip=0 BER_cond=0.0000e+00 BER_cum=0.0000e+00
CSV,900008,180000,61,61,0,31171,0,0.000000e+00,0.000000e+00,404845.4,49355599872.0,236656.2,53.19,50.86
BER: SYNC #62 (gated)
CSV,905008,181000,62,61,0,31324,0,0.000000e+00,0.000000e+00,369719.5,42847023104.0,241353.5,52.49,50.64
CSV,910008,182000,62,61,0,31524,0,0.000000e+00,0.000000e+00,377725.2,49246502912.0,243518.7,53.06,51.15
BER: END_SEQ #62 [LOCK] seq_err=0 BER_seq=0.0000e+00 | lock=62 slip=0 BER_cond=0.0000e+00 BER_cum=0.0000e+00
CSV,915008,183000,62,62,0,31682,0,0.000000e+00,0.000000e+00,402576.8,47766667264.0,254953.4,52.73,50.74
BER: SYNC #63 (gated)
CSV,920008,184000,63,62,0,31847,0,0.000000e+00,0.000000e+00,380346.8,43677159424.0,233215.8,52.72,50.60
CSV,925008,185000,63,62,0,32047,0,0.000000e+00,0.000000e+00,385198.4,48427982848.0,242749.1,53.00,50.99
BER: END_SEQ #63 [LOCK] seq_err=0 BER_seq=0.0000e+00 | lock=63 slip=0 BER_cond=0.0000e+00 BER_cum=0.0000e+00
CSV,930008,186000,63,63,0,32193,0,0.000000e+00,0.000000e+00,438690.0,49044180992.0,278930.5,52.45,50.48
BER: SYNC #64 (gated)
CSV,935008,187000,64,63,0,32370,0,0.000000e+00,0.000000e+00,351161.1,43737010176.0,213561.2,53.11,50.95
CSV,940008,188000,64,63,0,32569,0,0.000000e+00,0.000000e+00,365781.9,49517465600.0,244676.0,53.06,51.32
BER: END_SEQ #64 [LOCK] seq_err=0 BER_seq=0.0000e+00 | lock=64 slip=0 BER_cond=0.0000e+00 BER_cum=0.0000e+00
CSV,945008,189000,64,64,0,32704,0,0.000000e+00,0.000000e+00,433172.8,47458705408.0,274917.4,52.37,50.40
BER: SYNC #65 (gated)
CSV,950008,190000,65,64,0,32892,0,0.000000e+00,0.000000e+00,354324.8,43766898688.0,203532.4,53.33,50.92
CSV,955008,191000,65,64,0,33092,0,0.000000e+00,0.000000e+00,394765.2,47162347520.0,231881.7,53.08,50.77
BER: END_SEQ #65 [LOCK] seq_err=0 BER_seq=0.0000e+00 | lock=65 slip=0 BER_cond=0.0000e+00 BER_cum=0.0000e+00
BER: SYNC #66 (gated)
CSV,960008,192000,66,65,0,33215,0,0.000000e+00,0.000000e+00,447246.5,50178506752.0,271284.7,52.67,50.50
CSV,965008,193000,66,65,0,33415,0,0.000000e+00,0.000000e+00,355386.9,41449746432.0,207467.5,53.01,50.67
CSV,970008,194000,66,65,0,33615,0,0.000000e+00,0.000000e+00,364614.2,49068699648.0,227296.3,53.34,51.29
BER: END_SEQ #66 [LOCK] seq_err=0 BER_seq=0.0000e+00 | lock=66 slip=0 BER_cond=0.0000e+00 BER_cum=0.0000e+00
BER: SYNC #67 (gated)
CSV,975008,195000,67,66,0,33738,0,0.000000e+00,0.000000e+00,422872.4,48542789632.0,260787.1,52.70,50.60
CSV,980008,196000,67,66,0,33938,0,0.000000e+00,0.000000e+00,354504.6,43590230016.0,215485.6,53.06,50.90
CSV,985008,197000,67,66,0,34137,0,0.000000e+00,0.000000e+00,385408.3,47907287040.0,232293.1,53.14,50.94
BER: END_SEQ #67 [LOCK] seq_err=0 BER_seq=0.0000e+00 | lock=67 slip=0 BER_cond=0.0000e+00 BER_cum=0.0000e+00
BER: SYNC #68 (gated)
CSV,990008,198000,68,67,0,34260,0,0.000000e+00,0.000000e+00,433848.5,50434703360.0,261127.6,52.86,50.65
CSV,995008,199000,68,67,0,34460,0,0.000000e+00,0.000000e+00,385661.1,41482784768.0,234244.2,52.48,50.32
CSV,1000008,200000,68,67,0,34660,0,0.000000e+00,0.000000e+00,340369.5,49159049216.0,228946.9,53.32,51.60
BER: END_SEQ #68 [LOCK] seq_err=0 BER_seq=0.0000e+00 | lock=68 slip=0 BER_cond=0.0000e+00 BER_cum=0.0000e+00
BER: SYNC #69 (gated)
CSV,1005008,201000,69,68,0,34783,0,0.000000e+00,0.000000e+00,392369.1,48446320640.0,266126.2,52.60,50.92
CSV,1010008,202000,69,68,0,34983,0,0.000000e+00,0.000000e+00,353126.7,45130768384.0,236558.1,52.81,51.07
CSV,1015008,203000,69,68,0,35183,0,0.000000e+00,0.000000e+00,375512.1,47184277504.0,225496.3,53.21,50.99
BER: END_SEQ #69 [LOCK] seq_err=0 BER_seq=0.0000e+00 | lock=69 slip=0 BER_cond=0.0000e+00 BER_cum=0.0000e+00
BER: SYNC #70 (gated)
CSV,1020008,204000,70,69,0,35306,0,0.000000e+00,0.000000e+00,456371.5,49624825856.0,261459.9,52.78,50.36
CSV,1025008,205000,70,69,0,35506,0,0.000000e+00,0.000000e+00,386850.2,44014211072.0,216397.1,53.08,50.56
CSV,1030008,206000,70,69,0,35705,0,0.000000e+00,0.000000e+00,340969.1,48770965504.0,214341.3,53.57,51.55
BER: END_SEQ #70 [LOCK] seq_err=0 BER_seq=0.0000e+00 | lock=70 slip=0 BER_cond=0.0000e+00 BER_cum=0.0000e+00
BER: SYNC #71 (gated)
CSV,1035008,207000,71,70,0,35828,0,0.000000e+00,0.000000e+00,403289.4,48058433536.0,253129.9,52.78,50.76
CSV,1040008,208000,71,70,0,36028,0,0.000000e+00,0.000000e+00,352918.8,43455483904.0,219361.7,52.97,50.90
CSV,1045008,209000,71,70,0,36228,0,0.000000e+00,0.000000e+00,402260.1,48072282112.0,231581.9,53.17,50.77
BER: END_SEQ #71 [LOCK] seq_err=0 BER_seq=0.0000e+00 | lock=71 slip=0 BER_cond=0.0000e+00 BER_cum=0.0000e+00
BER: SYNC #72 (gated)
CSV,1050008,210000,72,71,0,36351,0,0.000000e+00,0.000000e+00,433707.0,51643912192.0,252963.4,53.10,50.76
CSV,1055008,211000,72,71,0,36551,0,0.000000e+00,0.000000e+00,378299.1,41091420160.0,235236.5,52.42,50.36
CSV,1060008,212000,72,71,0,36751,0,0.000000e+00,0.000000e+00,348205.4,49012346880.0,240911.1,53.08,51.48
BER: END_SEQ #72 [LOCK] seq_err=0 BER_seq=0.0000e+00 | lock=72 slip=0 BER_cond=0.0000e+00 BER_cum=0.0000e+00
BER: SYNC #73 (gated)
CSV,1065008,213000,73,72,0,36874,0,0.000000e+00,0.000000e+00,433986.2,49919369216.0,264228.3,52.76,50.61
CSV,1070008,214000,73,72,0,37074,0,0.000000e+00,0.000000e+00,365296.3,42327085056.0,237396.4,52.51,50.64
CSV,1075008,215000,73,72,0,37274,0,0.000000e+00,0.000000e+00,403838.2,48815603712.0,226887.7,53.33,50.82
BER: END_SEQ #73 [LOCK] seq_err=0 BER_seq=0.0000e+00 | lock=73 slip=0 BER_cond=0.0000e+00 BER_cum=0.0000e+00
BER: SYNC #74 (gated)
CSV,1080008,216000,74,73,0,37397,0,0.000000e+00,0.000000e+00,423406.7,50244546560.0,268607.1,52.72,50.74
CSV,1085008,217000,74,73,0,37597,0,0.000000e+00,0.000000e+00,351121.8,42096906240.0,229381.0,52.64,50.79
CSV,1090008,218000,74,73,0,37796,0,0.000000e+00,0.000000e+00,340591.8,48977219584.0,236772.6,53.16,51.58
BER: END_SEQ #74 [LOCK] seq_err=0 BER_seq=0.0000e+00 | lock=74 slip=0 BER_cond=0.0000e+00 BER_cum=0.0000e+00
BER: SYNC #75 (gated)
CSV,1095008,219000,75,74,0,37919,0,0.000000e+00,0.000000e+00,450708.9,49517260800.0,277184.4,52.52,50.41
CSV,1100008,220000,75,74,0,38119,0,0.000000e+00,0.000000e+00,362683.6,42863562752.0,210613.6,53.09,50.73
CSV,1105008,221000,75,74,0,38319,0,0.000000e+00,0.000000e+00,367293.8,48971026432.0,207029.6,53.74,51.25
BER: END_SEQ #75 [LOCK] seq_err=0 BER_seq=0.0000e+00 | lock=75 slip=0 BER_cond=0.0000e+00 BER_cum=0.0000e+00
BER: SYNC #76 (gated)
CSV,1110008,222000,76,75,0,38442,0,0.000000e+00,0.000000e+00,433742.8,48951889920.0,271317.0,52.56,50.53
CSV,1115008,223000,76,75,0,38642,0,0.000000e+00,0.000000e+00,353008.8,43086569472.0,199943.4,53.33,50.87
BER: END_SEQ #76 [LOCK] seq_err=0 BER_seq=0.0000e+00 | lock=76 slip=0 BER_cond=0.0000e+00 BER_cum=0.0000e+00
CSV,1120008,224000,76,76,0,38836,0,0.000000e+00,0.000000e+00,350610.3,50966343680.0,204530.7,53.97,51.62
BER: SYNC #77 (gated)
CSV,1125008,225000,77,76,0,38965,0,0.000000e+00,0.000000e+00,421386.3,44649295872.0,265139.3,52.26,50.25
CSV,1130008,226000,77,76,0,39165,0,0.000000e+00,0.000000e+00,371445.3,47099228160.0,231834.5,53.08,51.03
BER: END_SEQ #77 [LOCK] seq_err=0 BER_seq=0.0000e+00 | lock=77 slip=0 BER_cond=0.0000e+00 BER_cum=0.0000e+00
CSV,1135008,227000,77,77,0,39347,0,0.000000e+00,0.000000e+00,377136.9,49171439616.0,236929.4,53.17,51.15
BER: SYNC #78 (gated)
CSV,1140008,228000,78,77,0,39487,0,0.000000e+00,0.000000e+00,423025.5,44419584000.0,259277.2,52.34,50.21
CSV,1145008,229000,78,77,0,39687,0,0.000000e+00,0.000000e+00,371521.8,47364317184.0,241930.4,52.92,51.05
BER: END_SEQ #78 [LOCK] seq_err=0 BER_seq=0.0000e+00 | lock=78 slip=0 BER_cond=0.0000e+00 BER_cum=0.0000e+00
CSV,1150008,230000,78,78,0,39858,0,0.000000e+00,0.000000e+00,412679.8,49889300480.0,262950.4,52.78,50.82
BER: SYNC #79 (gated)
CSV,1155008,231000,79,78,0,40010,0,0.000000e+00,0.000000e+00,376535.0,43626307584.0,227914.5,52.82,50.64
CSV,1160008,232000,79,78,0,40210,0,0.000000e+00,0.000000e+00,375855.5,49442807808.0,225838.9,53.40,51.19
BER: END_SEQ #79 [LOCK] seq_err=0 BER_seq=0.0000e+00 | lock=79 slip=0 BER_cond=0.0000e+00 BER_cum=0.0000e+00
CSV,1165008,233000,79,79,0,40369,0,0.000000e+00,0.000000e+00,407583.4,48157442048.0,263524.3,52.62,50.72
BER: SYNC #80 (gated)
CSV,1170008,234000,80,79,0,40533,0,0.000000e+00,0.000000e+00,384845.5,43337613312.0,221918.2,52.91,50.52
CSV,1175008,235000,80,79,0,40733,0,0.000000e+00,0.000000e+00,384925.3,48753524736.0,227417.5,53.31,51.03
BER: END_SEQ #80 [LOCK] seq_err=0 BER_seq=0.0000e+00 | lock=80 slip=0 BER_cond=0.0000e+00 BER_cum=0.0000e+00
CSV,1180008,236000,80,80,0,40880,0,0.000000e+00,0.000000e+00,447865.8,48844677120.0,261707.9,52.71,50.38
BER: SYNC #81 (gated)
CSV,1185008,237000,81,80,0,41056,0,0.000000e+00,0.000000e+00,351904.0,44039770112.0,223762.9,52.94,50.97
CSV,1190008,238000,81,80,0,41255,0,0.000000e+00,0.000000e+00,363073.1,48892297216.0,228174.8,53.31,51.29
BER: END_SEQ #81 [LOCK] seq_err=0 BER_seq=0.0000e+00 | lock=81 slip=0 BER_cond=0.0000e+00 BER_cum=0.0000e+00
CSV,1195008,239000,81,81,0,41391,0,0.000000e+00,0.000000e+00,437968.0,47633764352.0,270566.1,52.46,50.36
BER: SYNC #82 (gated)
CSV,1200008,240000,82,81,0,41578,0,0.000000e+00,0.000000e+00,340189.9,43793817600.0,214337.9,53.10,51.10
CSV,1205008,241000,82,81,0,41778,0,0.000000e+00,0.000000e+00,388477.2,48029548544.0,236016.1,53.09,50.92
BER: END_SEQ #82 [LOCK] seq_err=0 BER_seq=0.0000e+00 | lock=82 slip=0 BER_cond=0.0000e+00 BER_cum=0.0000e+00
CSV,1210008,242000,82,82,0,41902,0,0.000000e+00,0.000000e+00,453203.5,50183651328.0,275094.1,52.61,50.44
BER: SYNC #83 (gated)
CSV,1215008,243000,83,82,0,42101,0,0.000000e+00,0.000000e+00,362218.8,42278195200.0,223383.3,52.77,50.67
CSV,1220008,244000,83,82,0,42301,0,0.000000e+00,0.000000e+00,357938.6,48725458944.0,240318.0,53.07,51.34
BER: END_SEQ #83 [LOCK] seq_err=0 BER_seq=0.0000e+00 | lock=83 slip=0 BER_cond=0.0000e+00 BER_cum=0.0000e+00
BER: SYNC #84 (gated)
CSV,1225008,245000,84,83,0,42424,0,0.000000e+00,0.000000e+00,419601.9,49619431424.0,271436.7,52.62,50.73
CSV,1230008,246000,84,83,0,42624,0,0.000000e+00,0.000000e+00,355101.5,43109113856.0,225053.9,52.82,50.84
CSV,1235008,247000,84,83,0,42824,0,0.000000e+00,0.000000e+00,381196.3,49253257216.0,227121.7,53.36,51.11
BER: END_SEQ #84 [LOCK] seq_err=0 BER_seq=0.0000e+00 | lock=84 slip=0 BER_cond=0.0000e+00 BER_cum=0.0000e+00
BER: SYNC #85 (gated)
CSV,1240008,248000,85,84,0,42947,0,0.000000e+00,0.000000e+00,438718.4,49568575488.0,264919.9,52.72,50.53
CSV,1245008,249000,85,84,0,43146,0,0.000000e+00,0.000000e+00,375324.7,42238656512.0,220113.7,52.83,50.51
CSV,1250008,250000,85,84,0,43346,0,0.000000e+00,0.000000e+00,352659.8,48102649856.0,207384.5,53.65,51.35
BER: END_SEQ #85 [LOCK] seq_err=0 BER_seq=0.0000e+00 | lock=85 slip=0 BER_cond=0.0000e+00 BER_cum=0.0000e+00
BER: SYNC #86 (gated)
CSV,1255008,251000,86,85,0,43469,0,0.000000e+00,0.000000e+00,403974.8,49747628032.0,256330.7,52.88,50.90
CSV,1260008,252000,86,85,0,43669,0,0.000000e+00,0.000000e+00,359811.3,43952852992.0,211057.3,53.19,50.87
CSV,1265008,253000,86,85,0,43869,0,0.000000e+00,0.000000e+00,366781.1,47801528320.0,225502.2,53.26,51.15
BER: END_SEQ #86 [LOCK] seq_err=0 BER_seq=0.0000e+00 | lock=86 slip=0 BER_cond=0.0000e+00 BER_cum=0.0000e+00
BER: SYNC #87 (gated)
CSV,1270008,254000,87,86,0,43992,0,0.000000e+00,0.000000e+00,456310.4,48408682496.0,262771.2,52.65,50.26
CSV,1275008,255000,87,86,0,44192,0,0.000000e+00,0.000000e+00,377913.2,44458979328.0,237534.6,52.72,50.71
CSV,1280008,256000,87,86,0,44392,0,0.000000e+00,0.000000e+00,350794.9,47854751744.0,238585.7,53.02,51.35
BER: END_SEQ #87 [LOCK] seq_err=0 BER_seq=0.0000e+00 | lock=87 slip=0 BER_cond=0.0000e+00 BER_cum=0.0000e+00
BER: SYNC #88 (gated)
CSV,1285008,257000,88,87,0,44515,0,0.000000e+00,0.000000e+00,396092.4,49192206336.0,259096.2,52.78,50.94
CSV,1290008,258000,88,87,0,44714,0,0.000000e+00,0.000000e+00,341538.3,41701253120.0,230474.9,52.58,50.87
CSV,1295008,259000,88,87,0,44914,0,0.000000e+00,0.000000e+00,392164.4,48789069824.0,237460.5,53.13,50.95
BER: END_SEQ #88 [LOCK] seq_err=0 BER_seq=0.0000e+00 | lock=88 slip=0 BER_cond=0.0000e+00 BER_cum=0.0000e+00
BER: SYNC #89 (gated)
CSV,1300008,260000,89,88,0,45037,0,0.000000e+00,0.000000e+00,437104.2,50240745472.0,259492.1,52.87,50.60
CSV,1305008,261000,89,88,0,45237,0,0.000000e+00,0.000000e+00,367122.8,42148331520.0,212131.4,52.98,50.60
CSV,1310008,262000,89,88,0,45437,0,0.000000e+00,0.000000e+00,347318.6,47687159808.0,208855.7,53.59,51.38
BER: END_SEQ #89 [LOCK] seq_err=0 BER_seq=0.0000e+00 | lock=89 slip=0 BER_cond=0.0000e+00 BER_cum=0.0000e+00
BER: SYNC #90 (gated)
CSV,1315008,263000,90,89,0,45560,0,0.000000e+00,0.000000e+00,411108.9,51615559680.0,259350.4,52.99,50.99
CSV,1320008,264000,90,89,0,45760,0,0.000000e+00,0.000000e+00,359938.5,40954560512.0,213184.8,52.84,50.56
CSV,1325008,265000,90,89,0,45960,0,0.000000e+00,0.000000e+00,408081.2,50466758656.0,232026.2,53.37,50.92
BER: END_SEQ #90 [LOCK] seq_err=0 BER_seq=0.0000e+00 | lock=90 slip=0 BER_cond=0.0000e+00 BER_cum=0.0000e+00
BER: SYNC #91 (gated)
CSV,1330008,266000,91,90,0,46083,0,0.000000e+00,0.000000e+00,426328.9,48383619072.0,263776.9,52.63,50.55
CSV,1335008,267000,91,90,0,46282,0,0.000000e+00,0.000000e+00,355940.5,43275485184.0,231692.8,52.71,50.85
CSV,1340008,268000,91,90,0,46483,0,0.000000e+00,0.000000e+00,348067.7,48216924160.0,240663.8,53.02,51.42
BER: END_SEQ #91 [LOCK] seq_err=0 BER_seq=0.0000e+00 | lock=91 slip=0 BER_cond=0.0000e+00 BER_cum=0.0000e+00
BER: SYNC #92 (gated)
CSV,1345008,269000,92,91,0,46605,0,0.000000e+00,0.000000e+00,443504.8,50711891968.0,261928.9,52.87,50.58
CSV,1350008,270000,92,91,0,46805,0,0.000000e+00,0.000000e+00,361463.7,41501208576.0,222104.3,52.72,50.60
CSV,1355008,271000,92,91,0,47005,0,0.000000e+00,0.000000e+00,392641.3,49665544192.0,237627.6,53.20,51.02
BER: END_SEQ #92 [LOCK] seq_err=0 BER_seq=0.0000e+00 | lock=92 slip=0 BER_cond=0.0000e+00 BER_cum=0.0000e+00
BER: SYNC #93 (gated)
CSV,1360008,272000,93,92,0,47128,0,0.000000e+00,0.000000e+00,430802.4,47800909824.0,274405.8,52.41,50.45
CSV,1365008,273000,93,92,0,47328,0,0.000000e+00,0.000000e+00,352039.0,43665059840.0,231870.0,52.75,50.94
BER: END_SEQ #93 [LOCK] seq_err=0 BER_seq=0.0000e+00 | lock=93 slip=0 BER_cond=0.0000e+00 BER_cum=0.0000e+00
CSV,1370008,274000,93,93,0,47523,0,0.000000e+00,0.000000e+00,346170.5,49726308352.0,241039.8,53.14,51.57
BER: SYNC #94 (gated)
CSV,1375008,275000,94,93,0,47651,0,0.000000e+00,0.000000e+00,430484.7,45674803200.0,261778.0,52.42,50.26
CSV,1380008,276000,94,93,0,47851,0,0.000000e+00,0.000000e+00,363911.6,45797158912.0,210782.4,53.37,51.00
BER: END_SEQ #94 [LOCK] seq_err=0 BER_seq=0.0000e+00 | lock=94 slip=0 BER_cond=0.0000e+00 BER_cum=0.0000e+00
CSV,1385008,277000,94,94,0,48034,0,0.000000e+00,0.000000e+00,381344.2,49303212032.0,221528.0,53.47,51.12
BER: SYNC #95 (gated)
CSV,1390008,278000,95,94,0,48174,0,0.000000e+00,0.000000e+00,405464.1,43600637952.0,247419.0,52.46,50.32
CSV,1395008,279000,95,94,0,48373,0,0.000000e+00,0.000000e+00,358711.6,47579385856.0,200307.9,53.76,51.23
BER: END_SEQ #95 [LOCK] seq_err=0 BER_seq=0.0000e+00 | lock=95 slip=0 BER_cond=0.0000e+00 BER_cum=0.0000e+00
CSV,1400008,280000,95,95,0,48545,0,0.000000e+00,0.000000e+00,396772.8,48685912064.0,230556.8,53.25,50.89
BER: SYNC #96 (gated)
CSV,1405008,281000,96,95,0,48696,0,0.000000e+00,0.000000e+00,378516.0,44003995648.0,241788.6,52.60,50.65
CSV,1410008,282000,96,95,0,48896,0,0.000000e+00,0.000000e+00,368442.6,47863504896.0,243431.5,52.94,51.14
BER: END_SEQ #96 [LOCK] seq_err=0 BER_seq=0.0000e+00 | lock=96 slip=0 BER_cond=0.0000e+00 BER_cum=0.0000e+00
CSV,1415008,283000,96,96,0,49056,0,0.000000e+00,0.000000e+00,416774.5,48917303296.0,252563.0,52.87,50.70
BER: SYNC #97 (gated)
CSV,1420008,284000,97,96,0,49219,0,0.000000e+00,0.000000e+00,385286.3,42453037056.0,239405.6,52.49,50.42
CSV,1425008,285000,97,96,0,49419,0,0.000000e+00,0.000000e+00,372119.6,49061801984.0,242545.0,53.06,51.20
BER: END_SEQ #97 [LOCK] seq_err=0 BER_seq=0.0000e+00 | lock=97 slip=0 BER_cond=0.0000e+00 BER_cum=0.0000e+00
CSV,1430008,286000,97,97,0,49567,0,0.000000e+00,0.000000e+00,434442.2,48365854720.0,279601.6,52.38,50.47
BER: SYNC #98 (gated)
CSV,1435008,287000,98,97,0,49741,0,0.000000e+00,0.000000e+00,348650.9,44356927488.0,215628.9,53.13,51.05
CSV,1440008,288000,98,97,0,49942,0,0.000000e+00,0.000000e+00,368118.6,48955457536.0,234024.9,53.21,51.24
BER: END_SEQ #98 [LOCK] seq_err=0 BER_seq=0.0000e+00 | lock=98 slip=0 BER_cond=0.0000e+00 BER_cum=0.0000e+00
CSV,1445008,289000,98,98,0,50078,0,0.000000e+00,0.000000e+00,446184.0,48458850304.0,273886.1,52.48,50.36
BER: SYNC #99 (gated)
CSV,1450008,290000,99,98,0,50264,0,0.000000e+00,0.000000e+00,352981.7,43534147584.0,201992.8,53.33,50.91
CSV,1455008,291000,99,98,0,50464,0,0.000000e+00,0.000000e+00,388706.9,48492929024.0,226302.0,53.31,50.96
BER: END_SEQ #99 [LOCK] seq_err=0 BER_seq=0.0000e+00 | lock=99 slip=0 BER_cond=0.0000e+00 BER_cum=0.0000e+00
CSV,1460008,292000,99,99,0,50589,0,0.000000e+00,0.000000e+00,439560.4,49117437952.0,262506.2,52.72,50.48
BER: SYNC #100 (gated)
CSV,1465008,293000,100,99,0,50787,0,0.000000e+00,0.000000e+00,343762.2,42283761664.0,208752.1,53.07,50.90
CSV,1470008,294000,100,99,0,50987,0,0.000000e+00,0.000000e+00,366903.5,48220856320.0,238952.0,53.05,51.19
BER: END_SEQ #100 [LOCK] seq_err=0 BER_seq=0.0000e+00 | lock=100 slip=0 BER_cond=0.0000e+00 BER_cum=0.0000e+00
BER: SYNC #101 (gated)
CSV,1475008,295000,101,100,0,51110,0,0.000000e+00,0.000000e+00,433572.8,50174627840.0,267120.2,52.74,50.63
CSV,1480008,296000,101,100,0,51310,0,0.000000e+00,0.000000e+00,353187.4,42950926336.0,218525.3,52.93,50.85
CSV,1485008,297000,101,100,0,51510,0,0.000000e+00,0.000000e+00,391038.1,48823681024.0,248388.4,52.93,50.96
BER: END_SEQ #101 [LOCK] seq_err=0 BER_seq=0.0000e+00 | lock=101 slip=0 BER_cond=0.0000e+00 BER_cum=0.0000e+00
BER: SYNC #102 (gated)
CSV,1490008,298000,102,101,0,51633,0,0.000000e+00,0.000000e+00,432332.8,48938524672.0,268504.8,52.61,50.54
CSV,1495008,299000,102,101,0,51832,0,0.000000e+00,0.000000e+00,352228.8,42600833024.0,224498.2,52.78,50.83
CSV,1500008,300000,102,101,0,52032,0,0.000000e+00,0.000000e+00,370365.5,47846006784.0,233589.2,53.11,51.11
BER: END_SEQ #102 [LOCK] seq_err=0 BER_seq=0.0000e+00 | lock=102 slip=0 BER_cond=0.0000e+00 BER_cum=0.0000e+00

=========================================
=== END OF TEST (duration=25 min) ===
=========================================
FINAL: syncs=102 lock=102 slip=0 slip_rate=0.0000
FINAL: bits_cum=52122 err_cum=0 BER_cum=0.0000e+00
FINAL: bits_lock=52122 err_lock=0 BER_cond=0.0000e+00
=========================================
=== STOP LOGGING NOW ===
=========================================
