

=== RX BOOT - BER TEST MODE ===
MOD=OOK (20 kHz carrier, adaptive threshold)
BPS_MODE=40 (HALF_SAMPLES=1000, 5000 samples/bit @ 200000 Hz)
Expect: 64-bit preamble + Barker13 (1F35h, gated by 8 preamble bits = 0x55) + 511-bit PRBS-9
Noise floor band: 5000 Hz; lock threshold: BER<0.10
Auto-stop: test will halt 25 min after the first sync.
RX: edge-tracking sync, center-3 voting
Starting decoder...

BER: SYNC #1 (gated)
CSV,5008,1000,1,0,0,7,0,0.000000e+00,0.000000e+00,404058.2,50355474432.0,340113.1,51.70,50.96
CSV,10008,2000,1,0,0,207,0,0.000000e+00,0.000000e+00,429769.4,47034843136.0,298783.1,51.97,50.39
CSV,15008,3000,1,0,0,407,0,0.000000e+00,0.000000e+00,470876.3,53639815168.0,308932.1,52.40,50.57
BER: END_SEQ #1 [LOCK] seq_err=0 BER_seq=0.0000e+00 | lock=1 slip=0 BER_cond=0.0000e+00 BER_cum=0.0000e+00
BER: SYNC #2 (gated)
CSV,20008,4000,2,1,0,530,0,0.000000e+00,0.000000e+00,528599.7,53984636928.0,344176.6,51.95,50.09
CSV,25008,5000,2,1,0,729,0,0.000000e+00,0.000000e+00,424365.1,46621159424.0,298943.9,51.93,50.41
CSV,30008,6000,2,1,0,929,0,0.000000e+00,0.000000e+00,400968.2,50781413376.0,298242.8,52.31,51.03
BER: END_SEQ #2 [LOCK] seq_err=0 BER_seq=0.0000e+00 | lock=2 slip=0 BER_cond=0.0000e+00 BER_cum=0.0000e+00
BER: SYNC #3 (gated)
CSV,35008,7000,3,2,0,1052,0,0.000000e+00,0.000000e+00,516145.5,54790516736.0,327471.5,52.24,50.26
CSV,40008,8000,3,2,0,1252,0,0.000000e+00,0.000000e+00,430726.3,47439519744.0,286566.5,52.19,50.42
CSV,45008,9000,3,2,0,1452,0,0.000000e+00,0.000000e+00,434151.9,49590231040.0,372700.9,51.24,50.58
BER: END_SEQ #3 [LOCK] seq_err=0 BER_seq=0.0000e+00 | lock=3 slip=0 BER_cond=0.0000e+00 BER_cum=0.0000e+00
BER: SYNC #4 (gated)
CSV,50008,10000,4,3,0,1575,0,0.000000e+00,0.000000e+00,501210.9,50999320576.0,378212.8,51.30,50.08
CSV,55008,11000,4,3,0,1775,0,0.000000e+00,0.000000e+00,435819.9,48787623936.0,319812.2,51.83,50.49
CSV,60008,12000,4,3,0,1975,0,0.000000e+00,0.000000e+00,439941.7,52931649536.0,316508.2,52.23,50.80
BER: END_SEQ #4 [LOCK] seq_err=0 BER_seq=0.0000e+00 | lock=4 slip=0 BER_cond=0.0000e+00 BER_cum=0.0000e+00
BER: SYNC #5 (gated)
CSV,65008,13000,5,4,0,2098,0,0.000000e+00,0.000000e+00,476539.8,51812691968.0,355302.5,51.64,50.36
CSV,70008,14000,5,4,0,2297,0,0.000000e+00,0.000000e+00,446597.8,48323121152.0,314198.5,51.87,50.34
CSV,75008,15000,5,4,0,2497,0,0.000000e+00,0.000000e+00,444859.7,52219629568.0,319380.9,52.14,50.70
BER: END_SEQ #5 [LOCK] seq_err=0 BER_seq=0.0000e+00 | lock=5 slip=0 BER_cond=0.0000e+00 BER_cum=0.0000e+00
BER: SYNC #6 (gated)
CSV,80008,16000,6,5,0,2620,0,0.000000e+00,0.000000e+00,487320.1,54916214784.0,329562.7,52.22,50.52
CSV,85008,17000,6,5,0,2820,0,0.000000e+00,0.000000e+00,442452.4,45301362688.0,307028.4,51.69,50.10
CSV,90008,18000,6,5,0,3020,0,0.000000e+00,0.000000e+00,439597.0,53019279360.0,310201.3,52.33,50.81
BER: END_SEQ #6 [LOCK] seq_err=0 BER_seq=0.0000e+00 | lock=6 slip=0 BER_cond=0.0000e+00 BER_cum=0.0000e+00
BER: SYNC #7 (gated)
CSV,95008,19000,7,6,0,3143,0,0.000000e+00,0.000000e+00,488663.6,54377754624.0,345624.4,51.97,50.46
CSV,100008,20000,7,6,0,3343,0,0.000000e+00,0.000000e+00,430225.2,45439660032.0,298944.4,51.82,50.24
CSV,105008,21000,7,6,0,3543,0,0.000000e+00,0.000000e+00,445221.3,53536993280.0,318360.7,52.26,50.80
BER: END_SEQ #7 [LOCK] seq_err=0 BER_seq=0.0000e+00 | lock=7 slip=0 BER_cond=0.0000e+00 BER_cum=0.0000e+00
BER: SYNC #8 (gated)
CSV,110008,22000,8,7,0,3666,0,0.000000e+00,0.000000e+00,494799.2,54433021952.0,345808.9,51.97,50.41
CSV,115008,23000,8,7,0,3866,0,0.000000e+00,0.000000e+00,420694.3,46177808384.0,294788.3,51.95,50.40
CSV,120008,24000,8,7,0,4065,0,0.000000e+00,0.000000e+00,444250.4,52503396352.0,316477.9,52.20,50.73
BER: END_SEQ #8 [LOCK] seq_err=0 BER_seq=0.0000e+00 | lock=8 slip=0 BER_cond=0.0000e+00 BER_cum=0.0000e+00
BER: SYNC #9 (gated)
CSV,125008,25000,9,8,0,4189,0,0.000000e+00,0.000000e+00,507363.4,53865992192.0,337787.6,52.03,50.26
CSV,130008,26000,9,8,0,4388,0,0.000000e+00,0.000000e+00,420566.6,46244306944.0,296765.0,51.93,50.41
CSV,135008,27000,9,8,0,4588,0,0.000000e+00,0.000000e+00,437162.2,53031428096.0,317744.7,52.22,50.84
BER: END_SEQ #9 [LOCK] seq_err=0 BER_seq=0.0000e+00 | lock=9 slip=0 BER_cond=0.0000e+00 BER_cum=0.0000e+00
BER: SYNC #10 (gated)
CSV,140008,28000,10,9,0,4711,0,0.000000e+00,0.000000e+00,508630.4,54362525696.0,367714.0,51.70,50.29
CSV,145008,29000,10,9,0,4911,0,0.000000e+00,0.000000e+00,433989.3,45927067648.0,287868.0,52.03,50.25
BER: END_SEQ #10 [LOCK] seq_err=0 BER_seq=0.0000e+00 | lock=10 slip=0 BER_cond=0.0000e+00 BER_cum=0.0000e+00
CSV,150008,30000,10,10,0,5110,0,0.000000e+00,0.000000e+00,393684.4,55299592192.0,305375.3,52.58,51.48
BER: SYNC #11 (gated)
CSV,155008,31000,11,10,0,5234,0,0.000000e+00,0.000000e+00,519326.6,49338880000.0,346362.9,51.54,49.78
CSV,160008,32000,11,10,0,5434,0,0.000000e+00,0.000000e+00,444837.0,49036525568.0,326462.9,51.77,50.42
BER: END_SEQ #11 [LOCK] seq_err=0 BER_seq=0.0000e+00 | lock=11 slip=0 BER_cond=0.0000e+00 BER_cum=0.0000e+00
CSV,165008,33000,11,11,0,5621,0,0.000000e+00,0.000000e+00,452178.7,53762650112.0,328798.5,52.14,50.75
BER: SYNC #12 (gated)
CSV,170008,34000,12,11,0,5756,0,0.000000e+00,0.000000e+00,489312.3,48913649664.0,346492.8,51.50,50.00
CSV,175008,35000,12,11,0,5956,0,0.000000e+00,0.000000e+00,435809.9,51089956864.0,295807.5,52.37,50.69
BER: END_SEQ #12 [LOCK] seq_err=0 BER_seq=0.0000e+00 | lock=12 slip=0 BER_cond=0.0000e+00 BER_cum=0.0000e+00
CSV,180008,36000,12,12,0,6132,0,0.000000e+00,0.000000e+00,451030.2,53550497792.0,328619.5,52.12,50.75
BER: SYNC #13 (gated)
CSV,185008,37000,13,12,0,6279,0,0.000000e+00,0.000000e+00,459044.5,46385278976.0,338143.8,51.37,50.05
CSV,190008,38000,13,12,0,6479,0,0.000000e+00,0.000000e+00,445742.8,53125509120.0,320642.4,52.19,50.76
BER: END_SEQ #13 [LOCK] seq_err=0 BER_seq=0.0000e+00 | lock=13 slip=0 BER_cond=0.0000e+00 BER_cum=0.0000e+00
CSV,195008,39000,13,13,0,6643,0,0.000000e+00,0.000000e+00,476322.8,52787556352.0,339575.9,51.92,50.45
BER: SYNC #14 (gated)
CSV,200008,40000,14,13,0,6802,0,0.000000e+00,0.000000e+00,456467.0,48001925120.0,305869.6,51.96,50.22
CSV,205008,41000,14,13,0,7002,0,0.000000e+00,0.000000e+00,437232.4,51963305984.0,300554.9,52.38,50.75
BER: END_SEQ #14 [LOCK] seq_err=0 BER_seq=0.0000e+00 | lock=14 slip=0 BER_cond=0.0000e+00 BER_cum=0.0000e+00
CSV,210008,42000,14,14,0,7154,0,0.000000e+00,0.000000e+00,523503.4,53311188992.0,340287.3,51.95,50.08
BER: SYNC #15 (gated)
CSV,215008,43000,15,14,0,7325,0,0.000000e+00,0.000000e+00,446950.8,47394443264.0,304043.1,51.93,50.25
CSV,220008,44000,15,14,0,7525,0,0.000000e+00,0.000000e+00,459569.7,53205663744.0,307695.9,52.38,50.64
BER: END_SEQ #15 [LOCK] seq_err=0 BER_seq=0.0000e+00 | lock=15 slip=0 BER_cond=0.0000e+00 BER_cum=0.0000e+00
CSV,225008,45000,15,15,0,7665,0,0.000000e+00,0.000000e+00,546770.2,51621212160.0,361841.7,51.54,49.75
BER: SYNC #16 (gated)
CSV,230008,46000,16,15,0,7847,0,0.000000e+00,0.000000e+00,423387.5,48674799616.0,299782.8,52.10,50.61
CSV,235008,47000,16,15,0,8047,0,0.000000e+00,0.000000e+00,469722.5,51985829888.0,333847.6,51.92,50.44
BER: END_SEQ #16 [LOCK] seq_err=0 BER_seq=0.0000e+00 | lock=16 slip=0 BER_cond=0.0000e+00 BER_cum=0.0000e+00
CSV,240008,48000,16,16,0,8176,0,0.000000e+00,0.000000e+00,532410.1,53601337344.0,326646.2,52.15,50.03
BER: SYNC #17 (gated)
CSV,245008,49000,17,16,0,8370,0,0.000000e+00,0.000000e+00,419183.5,45296893952.0,290309.8,51.93,50.34
CSV,250008,50000,17,16,0,8570,0,0.000000e+00,0.000000e+00,439991.9,53139640320.0,310192.2,52.34,50.82
BER: END_SEQ #17 [LOCK] seq_err=0 BER_seq=0.0000e+00 | lock=17 slip=0 BER_cond=0.0000e+00 BER_cum=0.0000e+00
BER: SYNC #18 (gated)
CSV,255008,51000,18,17,0,8693,0,0.000000e+00,0.000000e+00,525121.0,53160067072.0,357285.6,51.73,50.05
CSV,260008,52000,18,17,0,8893,0,0.000000e+00,0.000000e+00,456633.1,47472922624.0,302754.8,51.95,50.17
CSV,265008,53000,18,17,0,9093,0,0.000000e+00,0.000000e+00,429720.9,52442841088.0,316175.7,52.20,50.86
BER: END_SEQ #18 [LOCK] seq_err=0 BER_seq=0.0000e+00 | lock=18 slip=0 BER_cond=0.0000e+00 BER_cum=0.0000e+00
BER: SYNC #19 (gated)
CSV,270008,54000,19,18,0,9215,0,0.000000e+00,0.000000e+00,485849.5,54608109568.0,356665.5,51.85,50.51
CSV,275008,55000,19,18,0,9415,0,0.000000e+00,0.000000e+00,434226.6,45729583104.0,289010.9,51.99,50.22
CSV,280008,56000,19,18,0,9615,0,0.000000e+00,0.000000e+00,426287.9,52557266944.0,327010.2,52.06,50.91
BER: END_SEQ #19 [LOCK] seq_err=0 BER_seq=0.0000e+00 | lock=19 slip=0 BER_cond=0.0000e+00 BER_cum=0.0000e+00
BER: SYNC #20 (gated)
CSV,285008,57000,20,19,0,9738,0,0.000000e+00,0.000000e+00,477673.2,54049419264.0,379362.8,51.54,50.54
CSV,290008,58000,20,19,0,9938,0,0.000000e+00,0.000000e+00,444817.1,47468994560.0,289329.7,52.15,50.28
CSV,295008,59000,20,19,0,10138,0,0.000000e+00,0.000000e+00,453593.9,50826231808.0,319321.2,52.02,50.49
BER: END_SEQ #20 [LOCK] seq_err=0 BER_seq=0.0000e+00 | lock=20 slip=0 BER_cond=0.0000e+00 BER_cum=0.0000e+00
BER: SYNC #21 (gated)
CSV,300008,60000,21,20,0,10261,0,0.000000e+00,0.000000e+00,501496.3,53942943744.0,350018.1,51.88,50.32
CSV,305008,61000,21,20,0,10461,0,0.000000e+00,0.000000e+00,414699.7,47765925888.0,308662.6,51.90,50.61
CSV,310008,62000,21,20,0,10661,0,0.000000e+00,0.000000e+00,461790.9,52878147584.0,307855.7,52.35,50.59
BER: END_SEQ #21 [LOCK] seq_err=0 BER_seq=0.0000e+00 | lock=21 slip=0 BER_cond=0.0000e+00 BER_cum=0.0000e+00
BER: SYNC #22 (gated)
CSV,315008,63000,22,21,0,10784,0,0.000000e+00,0.000000e+00,537401.6,51324534784.0,364232.2,51.49,49.80
CSV,320008,64000,22,21,0,10983,0,0.000000e+00,0.000000e+00,452062.5,48545214464.0,297066.3,52.13,50.31
CSV,325008,65000,22,21,0,11184,0,0.000000e+00,0.000000e+00,464500.9,51246923776.0,318841.8,52.06,50.43
BER: END_SEQ #22 [LOCK] seq_err=0 BER_seq=0.0000e+00 | lock=22 slip=0 BER_cond=0.0000e+00 BER_cum=0.0000e+00
BER: SYNC #23 (gated)
CSV,330008,66000,23,22,0,11306,0,0.000000e+00,0.000000e+00,500073.7,55313059840.0,338457.0,52.13,50.44
CSV,335008,67000,23,22,0,11506,0,0.000000e+00,0.000000e+00,417545.4,44453609472.0,322597.8,51.39,50.27
CSV,340008,68000,23,22,0,11706,0,0.000000e+00,0.000000e+00,446027.6,53321007104.0,317067.7,52.26,50.78
BER: END_SEQ #23 [LOCK] seq_err=0 BER_seq=0.0000e+00 | lock=23 slip=0 BER_cond=0.0000e+00 BER_cum=0.0000e+00
BER: SYNC #24 (gated)
CSV,345008,69000,24,23,0,11829,0,0.000000e+00,0.000000e+00,533147.2,53450543104.0,352879.1,51.80,50.01
CSV,350008,70000,24,23,0,12029,0,0.000000e+00,0.000000e+00,447860.3,45579325440.0,312041.7,51.65,50.08
CSV,355008,71000,24,23,0,12229,0,0.000000e+00,0.000000e+00,421196.8,52829175808.0,360175.8,51.66,50.98
BER: END_SEQ #24 [LOCK] seq_err=0 BER_seq=0.0000e+00 | lock=24 slip=0 BER_cond=0.0000e+00 BER_cum=0.0000e+00
BER: SYNC #25 (gated)
CSV,360008,72000,25,24,0,12352,0,0.000000e+00,0.000000e+00,494897.1,54483267584.0,350542.6,51.92,50.42
CSV,365008,73000,25,24,0,12552,0,0.000000e+00,0.000000e+00,406212.8,46046867456.0,291361.5,51.99,50.54
CSV,370008,74000,25,24,0,12751,0,0.000000e+00,0.000000e+00,410772.7,52618403840.0,294981.8,52.51,51.08
BER: END_SEQ #25 [LOCK] seq_err=0 BER_seq=0.0000e+00 | lock=25 slip=0 BER_cond=0.0000e+00 BER_cum=0.0000e+00
BER: SYNC #26 (gated)
CSV,375008,75000,26,25,0,12874,0,0.000000e+00,0.000000e+00,497221.6,52902297600.0,356183.9,51.72,50.27
CSV,380008,76000,26,25,0,13074,0,0.000000e+00,0.000000e+00,431727.8,46326702080.0,283534.2,52.13,50.31
CSV,385008,77000,26,25,0,13274,0,0.000000e+00,0.000000e+00,450616.8,52768538624.0,299099.8,52.47,50.69
BER: END_SEQ #26 [LOCK] seq_err=0 BER_seq=0.0000e+00 | lock=26 slip=0 BER_cond=0.0000e+00 BER_cum=0.0000e+00
BER: SYNC #27 (gated)
CSV,390008,78000,27,26,0,13397,0,0.000000e+00,0.000000e+00,499886.3,53536722944.0,355611.2,51.78,50.30
CSV,395008,79000,27,26,0,13597,0,0.000000e+00,0.000000e+00,424908.9,45713424384.0,300771.2,51.82,50.32
BER: END_SEQ #27 [LOCK] seq_err=0 BER_seq=0.0000e+00 | lock=27 slip=0 BER_cond=0.0000e+00 BER_cum=0.0000e+00
CSV,400008,80000,27,27,0,13797,0,0.000000e+00,0.000000e+00,449896.7,55179853824.0,295298.5,52.72,50.89
BER: SYNC #28 (gated)
CSV,405008,81000,28,27,0,13920,0,0.000000e+00,0.000000e+00,504626.8,49249710080.0,356121.3,51.41,49.89
CSV,410008,82000,28,27,0,14120,0,0.000000e+00,0.000000e+00,429800.3,48444293120.0,315879.5,51.86,50.52
BER: END_SEQ #28 [LOCK] seq_err=0 BER_seq=0.0000e+00 | lock=28 slip=0 BER_cond=0.0000e+00 BER_cum=0.0000e+00
CSV,415008,83000,28,28,0,14308,0,0.000000e+00,0.000000e+00,468795.7,53769535488.0,300122.4,52.53,50.60
BER: SYNC #29 (gated)
CSV,420008,84000,29,28,0,14443,0,0.000000e+00,0.000000e+00,500767.9,48411275264.0,332011.2,51.64,49.85
CSV,425008,85000,29,28,0,14642,0,0.000000e+00,0.000000e+00,432900.6,50768830464.0,296612.0,52.33,50.69
BER: END_SEQ #29 [LOCK] seq_err=0 BER_seq=0.0000e+00 | lock=29 slip=0 BER_cond=0.0000e+00 BER_cum=0.0000e+00
CSV,430008,86000,29,29,0,14819,0,0.000000e+00,0.000000e+00,474413.3,53298421760.0,318409.8,52.24,50.51
BER: SYNC #30 (gated)
CSV,435008,87000,30,29,0,14965,0,0.000000e+00,0.000000e+00,474589.7,46116724736.0,321518.2,51.57,49.88
CSV,440008,88000,30,29,0,15165,0,0.000000e+00,0.000000e+00,456217.1,52842463232.0,302612.2,52.42,50.64
BER: END_SEQ #30 [LOCK] seq_err=0 BER_seq=0.0000e+00 | lock=30 slip=0 BER_cond=0.0000e+00 BER_cum=0.0000e+00
CSV,445008,89000,30,30,0,15330,0,0.000000e+00,0.000000e+00,455714.9,52326428672.0,337261.5,51.91,50.60
BER: SYNC #31 (gated)
CSV,450008,90000,31,30,0,15488,0,0.000000e+00,0.000000e+00,444764.5,47423803392.0,313780.4,51.79,50.28
CSV,455008,91000,31,30,0,15688,0,0.000000e+00,0.000000e+00,417264.3,52267163648.0,324781.6,52.07,50.98
BER: END_SEQ #31 [LOCK] seq_err=0 BER_seq=0.0000e+00 | lock=31 slip=0 BER_cond=0.0000e+00 BER_cum=0.0000e+00
CSV,460008,92000,31,31,0,15841,0,0.000000e+00,0.000000e+00,467438.8,52805451776.0,338264.8,51.93,50.53
BER: SYNC #32 (gated)
CSV,465008,93000,32,31,0,16011,0,0.000000e+00,0.000000e+00,437844.0,47232245760.0,299046.6,51.98,50.33
CSV,470008,94000,32,31,0,16211,0,0.000000e+00,0.000000e+00,444323.4,52714942464.0,325858.9,52.09,50.74
BER: END_SEQ #32 [LOCK] seq_err=0 BER_seq=0.0000e+00 | lock=32 slip=0 BER_cond=0.0000e+00 BER_cum=0.0000e+00
CSV,475008,95000,32,32,0,16352,0,0.000000e+00,0.000000e+00,500785.8,51398041600.0,337675.6,51.82,50.11
BER: SYNC #33 (gated)
CSV,480008,96000,33,32,0,16533,0,0.000000e+00,0.000000e+00,422625.2,48726757376.0,290674.3,52.24,50.62
CSV,485008,97000,33,32,0,16733,0,0.000000e+00,0.000000e+00,448643.1,51890896896.0,291620.2,52.50,50.63
BER: END_SEQ #33 [LOCK] seq_err=0 BER_seq=0.0000e+00 | lock=33 slip=0 BER_cond=0.0000e+00 BER_cum=0.0000e+00
CSV,490008,98000,33,33,0,16863,0,0.000000e+00,0.000000e+00,544799.6,53287235584.0,333807.6,52.03,49.90
BER: SYNC #34 (gated)
CSV,495008,99000,34,33,0,17056,0,0.000000e+00,0.000000e+00,400999.4,45276581888.0,274696.4,52.17,50.53
CSV,500008,100000,34,33,0,17256,0,0.000000e+00,0.000000e+00,454668.2,52681289728.0,298328.6,52.47,50.64
BER: END_SEQ #34 [LOCK] seq_err=0 BER_seq=0.0000e+00 | lock=34 slip=0 BER_cond=0.0000e+00 BER_cum=0.0000e+00
BER: SYNC #35 (gated)
CSV,505008,101000,35,34,0,17379,0,0.000000e+00,0.000000e+00,527634.6,52586811392.0,341620.0,51.87,49.99
CSV,510008,102000,35,34,0,17579,0,0.000000e+00,0.000000e+00,444068.4,47006101504.0,288809.8,52.12,50.25
CSV,515008,103000,35,34,0,17779,0,0.000000e+00,0.000000e+00,428648.4,52411772928.0,300226.1,52.42,50.87
BER: END_SEQ #35 [LOCK] seq_err=0 BER_seq=0.0000e+00 | lock=35 slip=0 BER_cond=0.0000e+00 BER_cum=0.0000e+00
BER: SYNC #36 (gated)
CSV,520008,104000,36,35,0,17902,0,0.000000e+00,0.000000e+00,484147.3,54503768064.0,329192.6,52.19,50.51
CSV,525008,105000,36,35,0,18101,0,0.000000e+00,0.000000e+00,428881.8,45850411008.0,296859.8,51.89,50.29
CSV,530008,106000,36,35,0,18301,0,0.000000e+00,0.000000e+00,431788.7,51599749120.0,295072.4,52.43,50.77
BER: END_SEQ #36 [LOCK] seq_err=0 BER_seq=0.0000e+00 | lock=36 slip=0 BER_cond=0.0000e+00 BER_cum=0.0000e+00
BER: SYNC #37 (gated)
CSV,535008,107000,37,36,0,18424,0,0.000000e+00,0.000000e+00,503677.0,54195171328.0,361400.2,51.76,50.32
CSV,540008,108000,37,36,0,18624,0,0.000000e+00,0.000000e+00,411631.2,46645112832.0,321082.1,51.62,50.54
CSV,545008,109000,37,36,0,18824,0,0.000000e+00,0.000000e+00,463542.7,51364663296.0,305861.2,52.25,50.45
BER: END_SEQ #37 [LOCK] seq_err=0 BER_seq=0.0000e+00 | lock=37 slip=0 BER_cond=0.0000e+00 BER_cum=0.0000e+00
BER: SYNC #38 (gated)
CSV,550008,110000,38,37,0,18947,0,0.000000e+00,0.000000e+00,533112.4,52855369728.0,356532.8,51.71,49.96
CSV,555008,111000,38,37,0,19147,0,0.000000e+00,0.000000e+00,433555.3,47987052544.0,321395.0,51.74,50.44
CSV,560008,112000,38,37,0,19347,0,0.000000e+00,0.000000e+00,453774.1,51850199040.0,318317.4,52.12,50.58
BER: END_SEQ #38 [LOCK] seq_err=0 BER_seq=0.0000e+00 | lock=38 slip=0 BER_cond=0.0000e+00 BER_cum=0.0000e+00
BER: SYNC #39 (gated)
CSV,565008,113000,39,38,0,19470,0,0.000000e+00,0.000000e+00,550384.4,52298440704.0,345554.3,51.80,49.78
CSV,570008,114000,39,38,0,19670,0,0.000000e+00,0.000000e+00,446387.4,47786328064.0,314670.2,51.81,50.30
CSV,575008,115000,39,38,0,19869,0,0.000000e+00,0.000000e+00,413572.8,51209592832.0,309924.6,52.18,50.93
BER: END_SEQ #39 [LOCK] seq_err=0 BER_seq=0.0000e+00 | lock=39 slip=0 BER_cond=0.0000e+00 BER_cum=0.0000e+00
BER: SYNC #40 (gated)
CSV,580008,116000,40,39,0,19992,0,0.000000e+00,0.000000e+00,480594.0,53899022336.0,345458.6,51.93,50.50
CSV,585008,117000,40,39,0,20192,0,0.000000e+00,0.000000e+00,429091.8,44986667008.0,293142.8,51.86,50.21
CSV,590008,118000,40,39,0,20392,0,0.000000e+00,0.000000e+00,443395.0,52576681984.0,301440.0,52.42,50.74
BER: END_SEQ #40 [LOCK] seq_err=0 BER_seq=0.0000e+00 | lock=40 slip=0 BER_cond=0.0000e+00 BER_cum=0.0000e+00
BER: SYNC #41 (gated)
CSV,595008,119000,41,40,0,20515,0,0.000000e+00,0.000000e+00,460264.0,54135554048.0,330790.8,52.14,50.70
CSV,600008,120000,41,40,0,20715,0,0.000000e+00,0.000000e+00,424748.6,44569612288.0,305313.1,51.64,50.21
CSV,605008,121000,41,40,0,20915,0,0.000000e+00,0.000000e+00,451384.7,53107404800.0,299791.9,52.48,50.71
BER: END_SEQ #41 [LOCK] seq_err=0 BER_seq=0.0000e+00 | lock=41 slip=0 BER_cond=0.0000e+00 BER_cum=0.0000e+00
BER: SYNC #42 (gated)
CSV,610008,122000,42,41,0,21038,0,0.000000e+00,0.000000e+00,501720.4,53148102656.0,342947.8,51.90,50.25
CSV,615008,123000,42,41,0,21238,0,0.000000e+00,0.000000e+00,451672.8,46680481792.0,309104.8,51.79,50.14
CSV,620008,124000,42,41,0,21438,0,0.000000e+00,0.000000e+00,484694.3,51948425216.0,321216.4,52.09,50.30
BER: END_SEQ #42 [LOCK] seq_err=0 BER_seq=0.0000e+00 | lock=42 slip=0 BER_cond=0.0000e+00 BER_cum=0.0000e+00
BER: SYNC #43 (gated)
CSV,625008,125000,43,42,0,21561,0,0.000000e+00,0.000000e+00,504457.1,53799784448.0,340967.2,51.98,50.28
CSV,630008,126000,43,42,0,21760,0,0.000000e+00,0.000000e+00,409045.0,45343932416.0,309136.7,51.66,50.45
CSV,635008,127000,43,42,0,21960,0,0.000000e+00,0.000000e+00,455294.0,53537234944.0,317230.6,52.27,50.70
BER: END_SEQ #43 [LOCK] seq_err=0 BER_seq=0.0000e+00 | lock=43 slip=0 BER_cond=0.0000e+00 BER_cum=0.0000e+00
BER: SYNC #44 (gated)
CSV,640008,128000,44,43,0,22083,0,0.000000e+00,0.000000e+00,512267.3,51990839296.0,353216.4,51.68,50.06
CSV,645008,129000,44,43,0,22283,0,0.000000e+00,0.000000e+00,410690.1,46572257280.0,313622.6,51.72,50.55
CSV,650008,130000,44,43,0,22483,0,0.000000e+00,0.000000e+00,380127.2,54066872320.0,313883.2,52.36,51.53
BER: END_SEQ #44 [LOCK] seq_err=0 BER_seq=0.0000e+00 | lock=44 slip=0 BER_cond=0.0000e+00 BER_cum=0.0000e+00
BER: SYNC #45 (gated)
CSV,655008,131000,45,44,0,22606,0,0.000000e+00,0.000000e+00,537092.8,50822414336.0,365305.4,51.43,49.76
CSV,660008,132000,45,44,0,22806,0,0.000000e+00,0.000000e+00,441571.3,47244840960.0,314068.2,51.77,50.29
BER: END_SEQ #45 [LOCK] seq_err=0 BER_seq=0.0000e+00 | lock=45 slip=0 BER_cond=0.0000e+00 BER_cum=0.0000e+00
CSV,665008,133000,45,45,0,22995,0,0.000000e+00,0.000000e+00,416093.7,54251696128.0,302265.9,52.54,51.15
BER: SYNC #46 (gated)
CSV,670008,134000,46,45,0,23129,0,0.000000e+00,0.000000e+00,478468.6,47134318592.0,340661.8,51.41,49.93
CSV,675008,135000,46,45,0,23329,0,0.000000e+00,0.000000e+00,445646.2,52107665408.0,303042.8,52.35,50.68
BER: END_SEQ #46 [LOCK] seq_err=0 BER_seq=0.0000e+00 | lock=46 slip=0 BER_cond=0.0000e+00 BER_cum=0.0000e+00
CSV,680008,136000,46,46,0,23506,0,0.000000e+00,0.000000e+00,469402.4,51691470848.0,313503.8,52.17,50.42
BER: SYNC #47 (gated)
CSV,685008,137000,47,46,0,23651,0,0.000000e+00,0.000000e+00,481844.3,47440732160.0,326880.4,51.62,49.93
CSV,690008,138000,47,46,0,23851,0,0.000000e+00,0.000000e+00,427941.4,51643527168.0,297395.2,52.40,50.82
BER: END_SEQ #47 [LOCK] seq_err=0 BER_seq=0.0000e+00 | lock=47 slip=0 BER_cond=0.0000e+00 BER_cum=0.0000e+00
CSV,695008,139000,47,47,0,24017,0,0.000000e+00,0.000000e+00,523963.6,53259788288.0,345519.3,51.88,50.07
BER: SYNC #48 (gated)
CSV,700008,140000,48,47,0,24174,0,0.000000e+00,0.000000e+00,469644.2,46407516160.0,324953.8,51.55,49.95
CSV,705008,141000,48,47,0,24374,0,0.000000e+00,0.000000e+00,443882.3,53345460224.0,320449.1,52.21,50.80
BER: END_SEQ #48 [LOCK] seq_err=0 BER_seq=0.0000e+00 | lock=48 slip=0 BER_cond=0.0000e+00 BER_cum=0.0000e+00
CSV,710008,142000,48,48,0,24528,0,0.000000e+00,0.000000e+00,512414.3,51501056000.0,352713.2,51.64,50.02
BER: SYNC #49 (gated)
CSV,715008,143000,49,48,0,24697,0,0.000000e+00,0.000000e+00,465777.3,47615438848.0,330981.3,51.58,50.10
CSV,720008,144000,49,48,0,24897,0,0.000000e+00,0.000000e+00,461684.1,51666833408.0,319318.7,52.09,50.49
BER: END_SEQ #49 [LOCK] seq_err=0 BER_seq=0.0000e+00 | lock=49 slip=0 BER_cond=0.0000e+00 BER_cum=0.0000e+00
CSV,725008,145000,49,49,0,25039,0,0.000000e+00,0.000000e+00,490032.0,52799340544.0,326515.2,52.09,50.32
BER: SYNC #50 (gated)
CSV,730008,146000,50,49,0,25220,0,0.000000e+00,0.000000e+00,419325.4,47572746240.0,307104.3,51.90,50.55
CSV,735008,147000,50,49,0,25419,0,0.000000e+00,0.000000e+00,444940.7,52739301376.0,291962.5,52.57,50.74
BER: END_SEQ #50 [LOCK] seq_err=0 BER_seq=0.0000e+00 | lock=50 slip=0 BER_cond=0.0000e+00 BER_cum=0.0000e+00
CSV,740008,148000,50,50,0,25550,0,0.000000e+00,0.000000e+00,479921.7,52010229760.0,339318.2,51.85,50.35
BER: SYNC #51 (gated)
CSV,745008,149000,51,50,0,25742,0,0.000000e+00,0.000000e+00,441732.8,46246191104.0,294653.9,51.96,50.20
CSV,750008,150000,51,50,0,25942,0,0.000000e+00,0.000000e+00,444907.8,51437240320.0,321157.3,52.05,50.63
BER: END_SEQ #51 [LOCK] seq_err=0 BER_seq=0.0000e+00 | lock=51 slip=0 BER_cond=0.0000e+00 BER_cum=0.0000e+00
BER: SYNC #52 (gated)
CSV,755008,151000,52,51,0,26065,0,0.000000e+00,0.000000e+00,494780.2,53933051904.0,353344.5,51.84,50.37
CSV,760008,152000,52,51,0,26265,0,0.000000e+00,0.000000e+00,409901.7,45645783040.0,319943.9,51.54,50.47
CSV,765008,153000,52,51,0,26465,0,0.000000e+00,0.000000e+00,461493.6,53335949312.0,325958.4,52.14,50.63
BER: END_SEQ #52 [LOCK] seq_err=0 BER_seq=0.0000e+00 | lock=52 slip=0 BER_cond=0.0000e+00 BER_cum=0.0000e+00
BER: SYNC #53 (gated)
CSV,770008,154000,53,52,0,26588,0,0.000000e+00,0.000000e+00,493133.4,53730705408.0,343571.7,51.94,50.37
CSV,775008,155000,53,52,0,26788,0,0.000000e+00,0.000000e+00,421693.4,46584811520.0,288903.8,52.07,50.43
CSV,780008,156000,53,52,0,26987,0,0.000000e+00,0.000000e+00,443923.4,50523430912.0,306706.5,52.17,50.56
BER: END_SEQ #53 [LOCK] seq_err=0 BER_seq=0.0000e+00 | lock=53 slip=0 BER_cond=0.0000e+00 BER_cum=0.0000e+00
BER: SYNC #54 (gated)
CSV,785008,157000,54,53,0,27110,0,0.000000e+00,0.000000e+00,543939.4,55229042688.0,346512.0,52.02,50.07
CSV,790008,158000,54,53,0,27310,0,0.000000e+00,0.000000e+00,429202.2,45122945024.0,302453.2,51.74,50.22
CSV,795008,159000,54,53,0,27510,0,0.000000e+00,0.000000e+00,435568.0,52497350656.0,312978.4,52.25,50.81
BER: END_SEQ #54 [LOCK] seq_err=0 BER_seq=0.0000e+00 | lock=54 slip=0 BER_cond=0.0000e+00 BER_cum=0.0000e+00
BER: SYNC #55 (gated)
CSV,800008,160000,55,54,0,27633,0,0.000000e+00,0.000000e+00,531797.1,51513999360.0,340641.1,51.80,49.86
CSV,805008,161000,55,54,0,27833,0,0.000000e+00,0.000000e+00,425765.4,48719015936.0,310693.6,51.95,50.59
CSV,810008,162000,55,54,0,28033,0,0.000000e+00,0.000000e+00,440331.4,50548510720.0,326454.4,51.90,50.60
BER: END_SEQ #55 [LOCK] seq_err=0 BER_seq=0.0000e+00 | lock=55 slip=0 BER_cond=0.0000e+00 BER_cum=0.0000e+00
BER: SYNC #56 (gated)
CSV,815008,163000,56,55,0,28156,0,0.000000e+00,0.000000e+00,496024.2,53610704896.0,368724.3,51.63,50.34
CSV,820008,164000,56,55,0,28356,0,0.000000e+00,0.000000e+00,443920.6,46807613440.0,318667.2,51.67,50.23
CSV,825008,165000,56,55,0,28555,0,0.000000e+00,0.000000e+00,419848.3,51863011328.0,320382.8,52.09,50.92
BER: END_SEQ #56 [LOCK] seq_err=0 BER_seq=0.0000e+00 | lock=56 slip=0 BER_cond=0.0000e+00 BER_cum=0.0000e+00
BER: SYNC #57 (gated)
CSV,830008,166000,57,56,0,28679,0,0.000000e+00,0.000000e+00,491046.4,52516540416.0,345617.2,51.82,50.29
CSV,835008,167000,57,56,0,28878,0,0.000000e+00,0.000000e+00,414076.1,45671481344.0,291288.4,51.95,50.43
CSV,840008,168000,57,56,0,29078,0,0.000000e+00,0.000000e+00,423493.5,51745878016.0,287589.5,52.55,50.87
BER: END_SEQ #57 [LOCK] seq_err=0 BER_seq=0.0000e+00 | lock=57 slip=0 BER_cond=0.0000e+00 BER_cum=0.0000e+00
BER: SYNC #58 (gated)
CSV,845008,169000,58,57,0,29201,0,0.000000e+00,0.000000e+00,498175.7,55026069504.0,332710.8,52.19,50.43
CSV,850008,170000,58,57,0,29401,0,0.000000e+00,0.000000e+00,430492.9,43967631360.0,316998.7,51.42,50.09
CSV,855008,171000,58,57,0,29601,0,0.000000e+00,0.000000e+00,427986.6,53633388544.0,315485.6,52.30,50.98
BER: END_SEQ #58 [LOCK] seq_err=0 BER_seq=0.0000e+00 | lock=58 slip=0 BER_cond=0.0000e+00 BER_cum=0.0000e+00
BER: SYNC #59 (gated)
CSV,860008,172000,59,58,0,29724,0,0.000000e+00,0.000000e+00,482315.1,52126945280.0,338503.0,51.87,50.34
CSV,865008,173000,59,58,0,29924,0,0.000000e+00,0.000000e+00,423199.8,47063629824.0,308758.1,51.83,50.46
CSV,870008,174000,59,58,0,30124,0,0.000000e+00,0.000000e+00,448714.2,51806887936.0,307194.2,52.27,50.62
BER: END_SEQ #59 [LOCK] seq_err=0 BER_seq=0.0000e+00 | lock=59 slip=0 BER_cond=0.0000e+00 BER_cum=0.0000e+00
BER: SYNC #60 (gated)
CSV,875008,175000,60,59,0,30246,0,0.000000e+00,0.000000e+00,497208.1,53636296704.0,367557.5,51.64,50.33
CSV,880008,176000,60,59,0,30446,0,0.000000e+00,0.000000e+00,434517.9,45243195392.0,298668.7,51.80,50.18
CSV,885008,177000,60,59,0,30646,0,0.000000e+00,0.000000e+00,461183.0,53663313920.0,309321.0,52.39,50.66
BER: END_SEQ #60 [LOCK] seq_err=0 BER_seq=0.0000e+00 | lock=60 slip=0 BER_cond=0.0000e+00 BER_cum=0.0000e+00
BER: SYNC #61 (gated)
CSV,890008,178000,61,60,0,30769,0,0.000000e+00,0.000000e+00,491772.9,51582656512.0,357706.7,51.59,50.21
CSV,895008,179000,61,60,0,30969,0,0.000000e+00,0.000000e+00,432458.0,46534987776.0,306593.7,51.81,50.32
CSV,900008,180000,61,60,0,31169,0,0.000000e+00,0.000000e+00,473453.5,53378404352.0,311982.6,52.33,50.52
BER: END_SEQ #61 [LOCK] seq_err=0 BER_seq=0.0000e+00 | lock=61 slip=0 BER_cond=0.0000e+00 BER_cum=0.0000e+00
BER: SYNC #62 (gated)
CSV,905008,181000,62,61,0,31292,0,0.000000e+00,0.000000e+00,520518.6,51038801920.0,366190.5,51.44,49.91
CSV,910008,182000,62,61,0,31492,0,0.000000e+00,0.000000e+00,430673.0,46866370560.0,319918.3,51.66,50.37
BER: END_SEQ #62 [LOCK] seq_err=0 BER_seq=0.0000e+00 | lock=62 slip=0 BER_cond=0.0000e+00 BER_cum=0.0000e+00
CSV,915008,183000,62,62,0,31682,0,0.000000e+00,0.000000e+00,463678.8,54288052224.0,305616.6,52.50,50.68
BER: SYNC #63 (gated)
CSV,920008,184000,63,62,0,31815,0,0.000000e+00,0.000000e+00,493128.0,47101235200.0,333178.0,51.50,49.80
CSV,925008,185000,63,62,0,32014,0,0.000000e+00,0.000000e+00,429469.6,51757228032.0,299987.4,52.37,50.81
BER: END_SEQ #63 [LOCK] seq_err=0 BER_seq=0.0000e+00 | lock=63 slip=0 BER_cond=0.0000e+00 BER_cum=0.0000e+00
CSV,930008,186000,63,63,0,32193,0,0.000000e+00,0.000000e+00,476113.8,51948744704.0,300493.0,52.38,50.38
BER: SYNC #64 (gated)
CSV,935008,187000,64,63,0,32337,0,0.000000e+00,0.000000e+00,460306.2,47259049984.0,332279.0,51.53,50.11
CSV,940008,188000,64,63,0,32537,0,0.000000e+00,0.000000e+00,440306.4,50887786496.0,283931.4,52.53,50.63
BER: END_SEQ #64 [LOCK] seq_err=0 BER_seq=0.0000e+00 | lock=64 slip=0 BER_cond=0.0000e+00 BER_cum=0.0000e+00
CSV,945008,189000,64,64,0,32704,0,0.000000e+00,0.000000e+00,450740.1,53492199424.0,333951.2,52.05,50.74
BER: SYNC #65 (gated)
CSV,950008,190000,65,64,0,32860,0,0.000000e+00,0.000000e+00,456633.5,46255984640.0,311275.2,51.72,50.06
CSV,955008,191000,65,64,0,33060,0,0.000000e+00,0.000000e+00,451338.3,53489332224.0,313407.6,52.32,50.74
BER: END_SEQ #65 [LOCK] seq_err=0 BER_seq=0.0000e+00 | lock=65 slip=0 BER_cond=0.0000e+00 BER_cum=0.0000e+00
CSV,960008,192000,65,65,0,33215,0,0.000000e+00,0.000000e+00,478668.9,50833813504.0,350325.3,51.62,50.26
BER: SYNC #66 (gated)
CSV,965008,193000,66,65,0,33383,0,0.000000e+00,0.000000e+00,438050.5,47280062464.0,315515.4,51.76,50.33
CSV,970008,194000,66,65,0,33583,0,0.000000e+00,0.000000e+00,454075.2,51514159104.0,327918.5,51.96,50.55
BER: END_SEQ #66 [LOCK] seq_err=0 BER_seq=0.0000e+00 | lock=66 slip=0 BER_cond=0.0000e+00 BER_cum=0.0000e+00
CSV,975008,195000,66,66,0,33726,0,0.000000e+00,0.000000e+00,523594.9,52986826752.0,361706.8,51.66,50.05
BER: SYNC #67 (gated)
CSV,980008,196000,67,66,0,33906,0,0.000000e+00,0.000000e+00,431553.5,47453626368.0,311902.9,51.82,50.41
CSV,985008,197000,67,66,0,34105,0,0.000000e+00,0.000000e+00,473033.1,52599185408.0,313627.7,52.25,50.46
BER: END_SEQ #67 [LOCK] seq_err=0 BER_seq=0.0000e+00 | lock=67 slip=0 BER_cond=0.0000e+00 BER_cum=0.0000e+00
CSV,990008,198000,67,67,0,34237,0,0.000000e+00,0.000000e+00,534318.6,51987361792.0,328173.6,52.00,49.88
BER: SYNC #68 (gated)
CSV,995008,199000,68,67,0,34428,0,0.000000e+00,0.000000e+00,445017.4,46041714688.0,304974.1,51.79,50.15
CSV,1000008,200000,68,67,0,34628,0,0.000000e+00,0.000000e+00,454400.2,51115081728.0,312017.8,52.14,50.51
BER: END_SEQ #68 [LOCK] seq_err=0 BER_seq=0.0000e+00 | lock=68 slip=0 BER_cond=0.0000e+00 BER_cum=0.0000e+00
BER: SYNC #69 (gated)
CSV,1005008,201000,69,68,0,34751,0,0.000000e+00,0.000000e+00,482376.2,54018916352.0,339381.3,52.02,50.49
CSV,1010008,202000,69,68,0,34951,0,0.000000e+00,0.000000e+00,428468.5,45443850240.0,308400.8,51.68,50.26
CSV,1015008,203000,69,68,0,35151,0,0.000000e+00,0.000000e+00,444799.6,53041102848.0,317842.9,52.22,50.76
BER: END_SEQ #69 [LOCK] seq_err=0 BER_seq=0.0000e+00 | lock=69 slip=0 BER_cond=0.0000e+00 BER_cum=0.0000e+00
BER: SYNC #70 (gated)
CSV,1020008,204000,70,69,0,35274,0,0.000000e+00,0.000000e+00,471024.3,53923971072.0,329684.9,52.14,50.59
CSV,1025008,205000,70,69,0,35474,0,0.000000e+00,0.000000e+00,398983.4,45789143040.0,305286.1,51.76,50.60
CSV,1030008,206000,70,69,0,35673,0,0.000000e+00,0.000000e+00,488189.6,51294973952.0,327486.4,51.95,50.21
BER: END_SEQ #70 [LOCK] seq_err=0 BER_seq=0.0000e+00 | lock=70 slip=0 BER_cond=0.0000e+00 BER_cum=0.0000e+00
BER: SYNC #71 (gated)
CSV,1035008,207000,71,70,0,35796,0,0.000000e+00,0.000000e+00,530491.6,54718361600.0,353028.3,51.90,50.13
CSV,1040008,208000,71,70,0,35996,0,0.000000e+00,0.000000e+00,432024.7,45068103680.0,298037.8,51.80,50.18
CSV,1045008,209000,71,70,0,36196,0,0.000000e+00,0.000000e+00,407353.2,52362678272.0,300120.6,52.42,51.09
BER: END_SEQ #71 [LOCK] seq_err=0 BER_seq=0.0000e+00 | lock=71 slip=0 BER_cond=0.0000e+00 BER_cum=0.0000e+00
BER: SYNC #72 (gated)
CSV,1050008,210000,72,71,0,36319,0,0.000000e+00,0.000000e+00,506777.8,52004179968.0,331408.4,51.96,50.11
CSV,1055008,211000,72,71,0,36519,0,0.000000e+00,0.000000e+00,418175.2,48170819584.0,316812.4,51.82,50.61
CSV,1060008,212000,72,71,0,36719,0,0.000000e+00,0.000000e+00,432352.8,51218186240.0,299454.9,52.33,50.74
BER: END_SEQ #72 [LOCK] seq_err=0 BER_seq=0.0000e+00 | lock=72 slip=0 BER_cond=0.0000e+00 BER_cum=0.0000e+00
BER: SYNC #73 (gated)
CSV,1065008,213000,73,72,0,36842,0,0.000000e+00,0.000000e+00,489247.2,52579221504.0,349438.5,51.77,50.31
CSV,1070008,214000,73,72,0,37042,0,0.000000e+00,0.000000e+00,419442.2,47326449664.0,294954.8,52.05,50.52
CSV,1075008,215000,73,72,0,37242,0,0.000000e+00,0.000000e+00,472735.9,51714797568.0,321180.9,52.07,50.39
BER: END_SEQ #73 [LOCK] seq_err=0 BER_seq=0.0000e+00 | lock=73 slip=0 BER_cond=0.0000e+00 BER_cum=0.0000e+00
BER: SYNC #74 (gated)
CSV,1080008,216000,74,73,0,37365,0,0.000000e+00,0.000000e+00,512294.5,52796633088.0,332614.8,52.01,50.13
CSV,1085008,217000,74,73,0,37564,0,0.000000e+00,0.000000e+00,411066.1,45464510464.0,267085.2,52.31,50.44
CSV,1090008,218000,74,73,0,37764,0,0.000000e+00,0.000000e+00,435994.2,51988520960.0,299998.6,52.39,50.76
BER: END_SEQ #74 [LOCK] seq_err=0 BER_seq=0.0000e+00 | lock=74 slip=0 BER_cond=0.0000e+00 BER_cum=0.0000e+00
BER: SYNC #75 (gated)
CSV,1095008,219000,75,74,0,37887,0,0.000000e+00,0.000000e+00,492252.3,54371991552.0,338543.8,52.06,50.43
CSV,1100008,220000,75,74,0,38087,0,0.000000e+00,0.000000e+00,428691.1,44166893568.0,310650.9,51.53,50.13
CSV,1105008,221000,75,74,0,38287,0,0.000000e+00,0.000000e+00,435795.9,52907376640.0,312995.2,52.28,50.84
BER: END_SEQ #75 [LOCK] seq_err=0 BER_seq=0.0000e+00 | lock=75 slip=0 BER_cond=0.0000e+00 BER_cum=0.0000e+00
BER: SYNC #76 (gated)
CSV,1110008,222000,76,75,0,38410,0,0.000000e+00,0.000000e+00,501963.8,53347262464.0,340020.2,51.96,50.26
CSV,1115008,223000,76,75,0,38610,0,0.000000e+00,0.000000e+00,422753.3,45774307328.0,284716.6,52.06,50.35
CSV,1120008,224000,76,75,0,38810,0,0.000000e+00,0.000000e+00,475217.1,52697305088.0,310614.9,52.30,50.45
BER: END_SEQ #76 [LOCK] seq_err=0 BER_seq=0.0000e+00 | lock=76 slip=0 BER_cond=0.0000e+00 BER_cum=0.0000e+00
BER: SYNC #77 (gated)
CSV,1125008,225000,77,76,0,38933,0,0.000000e+00,0.000000e+00,507989.2,52872388608.0,350172.9,51.79,50.17
CSV,1130008,226000,77,76,0,39133,0,0.000000e+00,0.000000e+00,427698.6,46098182144.0,307271.6,51.76,50.33
CSV,1135008,227000,77,76,0,39333,0,0.000000e+00,0.000000e+00,409382.2,52184363008.0,297669.0,52.44,51.05
BER: END_SEQ #77 [LOCK] seq_err=0 BER_seq=0.0000e+00 | lock=77 slip=0 BER_cond=0.0000e+00 BER_cum=0.0000e+00
BER: SYNC #78 (gated)
CSV,1140008,228000,78,77,0,39455,0,0.000000e+00,0.000000e+00,519373.4,53288353792.0,363879.6,51.66,50.11
CSV,1145008,229000,78,77,0,39655,0,0.000000e+00,0.000000e+00,424129.2,45691510784.0,303390.1,51.78,50.32
CSV,1150008,230000,78,77,0,39855,0,0.000000e+00,0.000000e+00,424971.5,53897261056.0,313939.5,52.35,51.03
BER: END_SEQ #78 [LOCK] seq_err=0 BER_seq=0.0000e+00 | lock=78 slip=0 BER_cond=0.0000e+00 BER_cum=0.0000e+00
BER: SYNC #79 (gated)
CSV,1155008,231000,79,78,0,39978,0,0.000000e+00,0.000000e+00,524075.9,49946234880.0,367157.9,51.34,49.79
CSV,1160008,232000,79,78,0,40178,0,0.000000e+00,0.000000e+00,441312.1,48133513216.0,289565.5,52.21,50.38
BER: END_SEQ #79 [LOCK] seq_err=0 BER_seq=0.0000e+00 | lock=79 slip=0 BER_cond=0.0000e+00 BER_cum=0.0000e+00
CSV,1165008,233000,79,79,0,40369,0,0.000000e+00,0.000000e+00,476792.2,52840927232.0,308799.9,52.33,50.45
BER: SYNC #80 (gated)
CSV,1170008,234000,80,79,0,40501,0,0.000000e+00,0.000000e+00,500046.1,48723939328.0,357595.1,51.34,49.89
CSV,1175008,235000,80,79,0,40701,0,0.000000e+00,0.000000e+00,455365.0,50450108416.0,336299.3,51.76,50.45
BER: END_SEQ #80 [LOCK] seq_err=0 BER_seq=0.0000e+00 | lock=80 slip=0 BER_cond=0.0000e+00 BER_cum=0.0000e+00
CSV,1180008,236000,80,80,0,40880,0,0.000000e+00,0.000000e+00,434987.1,52403867648.0,322878.8,52.10,50.81
BER: SYNC #81 (gated)
CSV,1185008,237000,81,80,0,41023,0,0.000000e+00,0.000000e+00,467101.7,45931053056.0,322977.8,51.53,49.93
CSV,1190008,238000,81,80,0,41223,0,0.000000e+00,0.000000e+00,421638.8,52026675200.0,320775.9,52.10,50.91
BER: END_SEQ #81 [LOCK] seq_err=0 BER_seq=0.0000e+00 | lock=81 slip=0 BER_cond=0.0000e+00 BER_cum=0.0000e+00
CSV,1195008,239000,81,81,0,41391,0,0.000000e+00,0.000000e+00,487544.5,52300464128.0,327283.6,52.04,50.30
BER: SYNC #82 (gated)
CSV,1200008,240000,82,81,0,41546,0,0.000000e+00,0.000000e+00,479891.7,47365541888.0,321151.9,51.69,49.94
CSV,1205008,241000,82,81,0,41746,0,0.000000e+00,0.000000e+00,465837.5,52205813760.0,328459.4,52.01,50.49
BER: END_SEQ #82 [LOCK] seq_err=0 BER_seq=0.0000e+00 | lock=82 slip=0 BER_cond=0.0000e+00 BER_cum=0.0000e+00
CSV,1210008,242000,82,82,0,41902,0,0.000000e+00,0.000000e+00,501007.4,52024635392.0,344895.4,51.79,50.16
BER: SYNC #83 (gated)
CSV,1215008,243000,83,82,0,42069,0,0.000000e+00,0.000000e+00,438017.4,45759901696.0,321667.5,51.53,50.19
CSV,1220008,244000,83,82,0,42269,0,0.000000e+00,0.000000e+00,432793.8,53026201600.0,337431.9,51.96,50.88
BER: END_SEQ #83 [LOCK] seq_err=0 BER_seq=0.0000e+00 | lock=83 slip=0 BER_cond=0.0000e+00 BER_cum=0.0000e+00
CSV,1225008,245000,83,83,0,42413,0,0.000000e+00,0.000000e+00,463690.1,51540099072.0,360033.5,51.56,50.46
BER: SYNC #84 (gated)
CSV,1230008,246000,84,83,0,42592,0,0.000000e+00,0.000000e+00,430038.9,48038043648.0,299657.5,52.05,50.48
CSV,1235008,247000,84,83,0,42792,0,0.000000e+00,0.000000e+00,456823.6,51834200064.0,326334.2,52.01,50.55
BER: END_SEQ #84 [LOCK] seq_err=0 BER_seq=0.0000e+00 | lock=84 slip=0 BER_cond=0.0000e+00 BER_cum=0.0000e+00
CSV,1240008,248000,84,84,0,42924,0,0.000000e+00,0.000000e+00,549138.1,52796751872.0,361259.7,51.65,49.83
BER: SYNC #85 (gated)
CSV,1245008,249000,85,84,0,43114,0,0.000000e+00,0.000000e+00,412053.5,45402505216.0,308557.1,51.68,50.42
CSV,1250008,250000,85,84,0,43314,0,0.000000e+00,0.000000e+00,433166.6,52067315712.0,325663.1,52.04,50.80
BER: END_SEQ #85 [LOCK] seq_err=0 BER_seq=0.0000e+00 | lock=85 slip=0 BER_cond=0.0000e+00 BER_cum=0.0000e+00
BER: SYNC #86 (gated)
CSV,1255008,251000,86,85,0,43437,0,0.000000e+00,0.000000e+00,495952.6,52415561728.0,364659.6,51.58,50.24
CSV,1260008,252000,86,85,0,43637,0,0.000000e+00,0.000000e+00,419913.3,46486142976.0,306961.9,51.80,50.44
CSV,1265008,253000,86,85,0,43837,0,0.000000e+00,0.000000e+00,436899.8,51480829952.0,322352.4,52.03,50.71
BER: END_SEQ #86 [LOCK] seq_err=0 BER_seq=0.0000e+00 | lock=86 slip=0 BER_cond=0.0000e+00 BER_cum=0.0000e+00
BER: SYNC #87 (gated)
CSV,1270008,254000,87,86,0,43960,0,0.000000e+00,0.000000e+00,519627.5,55046103040.0,340452.8,52.09,50.25
CSV,1275008,255000,87,86,0,44160,0,0.000000e+00,0.000000e+00,420799.4,45080948736.0,303534.9,51.72,50.30
CSV,1280008,256000,87,86,0,44359,0,0.000000e+00,0.000000e+00,459196.4,52093009920.0,312048.7,52.23,50.55
BER: END_SEQ #87 [LOCK] seq_err=0 BER_seq=0.0000e+00 | lock=87 slip=0 BER_cond=0.0000e+00 BER_cum=0.0000e+00
BER: SYNC #88 (gated)
CSV,1285008,257000,88,87,0,44483,0,0.000000e+00,0.000000e+00,526631.0,52869373952.0,346098.9,51.84,50.02
CSV,1290008,258000,88,87,0,44682,0,0.000000e+00,0.000000e+00,471424.9,45997146112.0,313042.2,51.67,49.89
CSV,1295008,259000,88,87,0,44882,0,0.000000e+00,0.000000e+00,424309.1,51368271872.0,285928.3,52.54,50.83
BER: END_SEQ #88 [LOCK] seq_err=0 BER_seq=0.0000e+00 | lock=88 slip=0 BER_cond=0.0000e+00 BER_cum=0.0000e+00
BER: SYNC #89 (gated)
CSV,1300008,260000,89,88,0,45005,0,0.000000e+00,0.000000e+00,473251.4,53206171648.0,334440.9,52.02,50.51
CSV,1305008,261000,89,88,0,45205,0,0.000000e+00,0.000000e+00,429234.8,46929248256.0,304317.5,51.88,50.39
CSV,1310008,262000,89,88,0,45405,0,0.000000e+00,0.000000e+00,477596.9,52109664256.0,323488.9,52.07,50.38
BER: END_SEQ #89 [LOCK] seq_err=0 BER_seq=0.0000e+00 | lock=89 slip=0 BER_cond=0.0000e+00 BER_cum=0.0000e+00
BER: SYNC #90 (gated)
CSV,1315008,263000,90,89,0,45528,0,0.000000e+00,0.000000e+00,506704.4,51735560192.0,356115.4,51.62,50.09
CSV,1320008,264000,90,89,0,45728,0,0.000000e+00,0.000000e+00,429069.8,47573086208.0,278460.6,52.33,50.45
CSV,1325008,265000,90,89,0,45928,0,0.000000e+00,0.000000e+00,432545.2,50719903744.0,294281.8,52.36,50.69
BER: END_SEQ #90 [LOCK] seq_err=0 BER_seq=0.0000e+00 | lock=90 slip=0 BER_cond=0.0000e+00 BER_cum=0.0000e+00
BER: SYNC #91 (gated)
CSV,1330008,266000,91,90,0,46051,0,0.000000e+00,0.000000e+00,478198.7,53547458560.0,340688.6,51.96,50.49
CSV,1335008,267000,91,90,0,46250,0,0.000000e+00,0.000000e+00,423712.8,45185945600.0,314010.6,51.58,50.28
CSV,1340008,268000,91,90,0,46450,0,0.000000e+00,0.000000e+00,447377.0,52131876864.0,336167.8,51.91,50.66
BER: END_SEQ #91 [LOCK] seq_err=0 BER_seq=0.0000e+00 | lock=91 slip=0 BER_cond=0.0000e+00 BER_cum=0.0000e+00
BER: SYNC #92 (gated)
CSV,1345008,269000,92,91,0,46573,0,0.000000e+00,0.000000e+00,509947.7,54038937600.0,359599.8,51.77,50.25
CSV,1350008,270000,92,91,0,46773,0,0.000000e+00,0.000000e+00,427074.4,44358180864.0,297951.4,51.73,50.16
CSV,1355008,271000,92,91,0,46973,0,0.000000e+00,0.000000e+00,452989.7,52164292608.0,294219.2,52.49,50.61
BER: END_SEQ #92 [LOCK] seq_err=0 BER_seq=0.0000e+00 | lock=92 slip=0 BER_cond=0.0000e+00 BER_cum=0.0000e+00
BER: SYNC #93 (gated)
CSV,1360008,272000,93,92,0,47096,0,0.000000e+00,0.000000e+00,522155.7,54102630400.0,344012.2,51.97,50.15
CSV,1365008,273000,93,92,0,47296,0,0.000000e+00,0.000000e+00,441345.1,44877578240.0,335389.1,51.26,50.07
CSV,1370008,274000,93,92,0,47496,0,0.000000e+00,0.000000e+00,417383.7,53432594432.0,321398.4,52.21,51.07
BER: END_SEQ #93 [LOCK] seq_err=0 BER_seq=0.0000e+00 | lock=93 slip=0 BER_cond=0.0000e+00 BER_cum=0.0000e+00
BER: SYNC #94 (gated)
CSV,1375008,275000,94,93,0,47619,0,0.000000e+00,0.000000e+00,505615.8,52103413760.0,340054.7,51.85,50.13
CSV,1380008,276000,94,93,0,47819,0,0.000000e+00,0.000000e+00,432472.1,46289453056.0,308566.4,51.76,50.30
CSV,1385008,277000,94,93,0,48019,0,0.000000e+00,0.000000e+00,458571.7,51942948864.0,303718.7,52.33,50.54
BER: END_SEQ #94 [LOCK] seq_err=0 BER_seq=0.0000e+00 | lock=94 slip=0 BER_cond=0.0000e+00 BER_cum=0.0000e+00
BER: SYNC #95 (gated)
CSV,1390008,278000,95,94,0,48141,0,0.000000e+00,0.000000e+00,504483.9,53137858560.0,347123.5,51.85,50.23
CSV,1395008,279000,95,94,0,48341,0,0.000000e+00,0.000000e+00,429422.4,45646999552.0,319672.0,51.55,50.27
CSV,1400008,280000,95,94,0,48541,0,0.000000e+00,0.000000e+00,448630.1,53429637120.0,323487.0,52.18,50.76
BER: END_SEQ #95 [LOCK] seq_err=0 BER_seq=0.0000e+00 | lock=95 slip=0 BER_cond=0.0000e+00 BER_cum=0.0000e+00
BER: SYNC #96 (gated)
CSV,1405008,281000,96,95,0,48664,0,0.000000e+00,0.000000e+00,515990.8,50321842176.0,358726.3,51.47,49.89
CSV,1410008,282000,96,95,0,48864,0,0.000000e+00,0.000000e+00,419517.0,47916838912.0,306621.1,51.94,50.58
BER: END_SEQ #96 [LOCK] seq_err=0 BER_seq=0.0000e+00 | lock=96 slip=0 BER_cond=0.0000e+00 BER_cum=0.0000e+00
CSV,1415008,283000,96,96,0,49056,0,0.000000e+00,0.000000e+00,403731.2,52912848896.0,327236.7,52.09,51.17
BER: SYNC #97 (gated)
CSV,1420008,284000,97,96,0,49187,0,0.000000e+00,0.000000e+00,482885.3,48151330816.0,353234.4,51.35,49.99
CSV,1425008,285000,97,96,0,49387,0,0.000000e+00,0.000000e+00,430022.8,50074152960.0,308766.6,52.10,50.66
BER: END_SEQ #97 [LOCK] seq_err=0 BER_seq=0.0000e+00 | lock=97 slip=0 BER_cond=0.0000e+00 BER_cum=0.0000e+00
CSV,1430008,286000,97,97,0,49567,0,0.000000e+00,0.000000e+00,496370.9,52522381312.0,329141.4,52.03,50.25
BER: SYNC #98 (gated)
CSV,1435008,287000,98,97,0,49709,0,0.000000e+00,0.000000e+00,466721.3,46410027008.0,312113.7,51.72,49.98
CSV,1440008,288000,98,97,0,49909,0,0.000000e+00,0.000000e+00,451722.1,51467837440.0,329761.2,51.93,50.57
BER: END_SEQ #98 [LOCK] seq_err=0 BER_seq=0.0000e+00 | lock=98 slip=0 BER_cond=0.0000e+00 BER_cum=0.0000e+00
CSV,1445008,289000,98,98,0,50078,0,0.000000e+00,0.000000e+00,455849.1,52381630464.0,350011.1,51.75,50.60
BER: SYNC #99 (gated)
CSV,1450008,290000,99,98,0,50232,0,0.000000e+00,0.000000e+00,471743.3,46557515776.0,308910.8,51.78,49.94
CSV,1455008,291000,99,98,0,50432,0,0.000000e+00,0.000000e+00,447373.2,52138999808.0,295798.4,52.46,50.66
BER: END_SEQ #99 [LOCK] seq_err=0 BER_seq=0.0000e+00 | lock=99 slip=0 BER_cond=0.0000e+00 BER_cum=0.0000e+00
CSV,1460008,292000,99,99,0,50589,0,0.000000e+00,0.000000e+00,485195.3,51869929472.0,332671.2,51.93,50.29
BER: SYNC #100 (gated)
CSV,1465008,293000,100,99,0,50755,0,0.000000e+00,0.000000e+00,447628.5,46323138560.0,303987.7,51.83,50.15
CSV,1470008,294000,100,99,0,50955,0,0.000000e+00,0.000000e+00,453958.8,51955011584.0,309745.6,52.25,50.59
BER: END_SEQ #100 [LOCK] seq_err=0 BER_seq=0.0000e+00 | lock=100 slip=0 BER_cond=0.0000e+00 BER_cum=0.0000e+00
CSV,1475008,295000,100,100,0,51100,0,0.000000e+00,0.000000e+00,533261.9,51691864064.0,356780.9,51.61,49.86
BER: SYNC #101 (gated)
CSV,1480008,296000,101,100,0,51278,0,0.000000e+00,0.000000e+00,420029.2,47161176064.0,288734.0,52.13,50.50
CSV,1485008,297000,101,100,0,51477,0,0.000000e+00,0.000000e+00,447334.9,52332777472.0,289007.4,52.58,50.68
BER: END_SEQ #101 [LOCK] seq_err=0 BER_seq=0.0000e+00 | lock=101 slip=0 BER_cond=0.0000e+00 BER_cum=0.0000e+00
CSV,1490008,298000,101,101,0,51611,0,0.000000e+00,0.000000e+00,460716.7,51976773632.0,326752.8,52.02,50.52
BER: SYNC #102 (gated)
CSV,1495008,299000,102,101,0,51800,0,0.000000e+00,0.000000e+00,399662.1,46133829632.0,289245.5,52.03,50.62
CSV,1500008,300000,102,101,0,52000,0,0.000000e+00,0.000000e+00,459974.8,51056504832.0,309367.1,52.18,50.45
BER: END_SEQ #102 [LOCK] seq_err=0 BER_seq=0.0000e+00 | lock=102 slip=0 BER_cond=0.0000e+00 BER_cum=0.0000e+00

=========================================
=== END OF TEST (duration=25 min) ===
=========================================
FINAL: syncs=102 lock=102 slip=0 slip_rate=0.0000
FINAL: bits_cum=52122 err_cum=0 BER_cum=0.0000e+00
FINAL: bits_lock=52122 err_lock=0 BER_cond=0.0000e+00
=========================================
=== STOP LOGGING NOW ===
=========================================
