

=== RX BOOT - BER TEST MODE ===
MOD=OOK (20 kHz carrier, adaptive threshold)
BPS_MODE=20 (HALF_SAMPLES=2000, 10000 samples/bit @ 200000 Hz)
Expect: 64-bit preamble + Barker13 (1F35h, gated by 8 preamble bits = 0x55) + 511-bit PRBS-9
Noise floor band: 5000 Hz; lock threshold: BER<0.10
Auto-stop: test will halt 25 min after the first sync.
RX: edge-tracking sync, center-3 voting
Starting decoder...

CSV,5011,500,0,0,0,0,0,0.000000e+00,0.000000e+00,352490.4,76948398080.0,381410.6,53.05,53.39
BER: SYNC #1 (gated)
CSV,10011,1000,1,0,0,75,0,0.000000e+00,0.000000e+00,253300.4,87315996672.0,169637.6,57.12,55.37
CSV,15011,1500,1,0,0,174,0,0.000000e+00,0.000000e+00,233041.3,66166800384.0,169895.1,55.90,54.53
CSV,20011,2000,1,0,0,275,0,0.000000e+00,0.000000e+00,243322.5,78015537152.0,172287.2,56.56,55.06
CSV,25011,2500,1,0,0,375,0,0.000000e+00,0.000000e+00,276198.5,91706466304.0,205037.3,56.51,55.21
CSV,30011,3000,1,0,0,474,0,0.000000e+00,0.000000e+00,266432.0,80106463232.0,189170.2,56.27,54.78
BER: END_SEQ #1 [LOCK] seq_err=0 BER_seq=0.0000e+00 | lock=1 slip=0 BER_cond=0.0000e+00 BER_cum=0.0000e+00
CSV,35011,3500,1,1,0,511,0,0.000000e+00,0.000000e+00,345171.8,87771512832.0,253876.9,55.39,54.05
BER: SYNC #2 (gated)
CSV,40011,4000,2,1,0,597,0,0.000000e+00,0.000000e+00,237589.1,83461832704.0,210173.4,55.99,55.46
CSV,45011,4500,2,1,0,697,0,0.000000e+00,0.000000e+00,240595.9,67850153984.0,194803.6,55.42,54.50
CSV,50011,5000,2,1,0,797,0,0.000000e+00,0.000000e+00,266518.8,83727613952.0,199654.5,56.23,54.97
CSV,55011,5500,2,1,0,897,0,0.000000e+00,0.000000e+00,255756.5,85838503936.0,208400.9,56.15,55.26
CSV,60011,6000,2,1,0,997,0,0.000000e+00,0.000000e+00,256469.1,83595517952.0,196905.9,56.28,55.13
BER: END_SEQ #2 [LOCK] seq_err=0 BER_seq=0.0000e+00 | lock=2 slip=0 BER_cond=0.0000e+00 BER_cum=0.0000e+00
CSV,65011,6500,2,2,0,1022,0,0.000000e+00,0.000000e+00,310668.6,89238470656.0,249993.6,55.53,54.58
BER: SYNC #3 (gated)
CSV,70011,7000,3,2,0,1120,0,0.000000e+00,0.000000e+00,243739.9,84278976512.0,184292.6,56.60,55.39
CSV,75011,7500,3,2,0,1220,0,0.000000e+00,0.000000e+00,227038.6,65527508992.0,169209.9,55.88,54.60
CSV,80011,8000,3,2,0,1320,0,0.000000e+00,0.000000e+00,246261.6,84278779904.0,173084.6,56.87,55.34
CSV,85011,8500,3,2,0,1420,0,0.000000e+00,0.000000e+00,276866.5,87215063040.0,204175.1,56.31,54.98
CSV,90011,9000,3,2,0,1520,0,0.000000e+00,0.000000e+00,278376.9,88544337920.0,204644.1,56.36,55.03
BER: END_SEQ #3 [LOCK] seq_err=0 BER_seq=0.0000e+00 | lock=3 slip=0 BER_cond=0.0000e+00 BER_cum=0.0000e+00
BER: SYNC #4 (gated)
CSV,95011,9500,4,3,0,1543,0,0.000000e+00,0.000000e+00,342822.2,88220884992.0,260475.8,55.30,54.11
CSV,100011,10000,4,3,0,1643,0,0.000000e+00,0.000000e+00,259346.1,82071281664.0,209916.7,55.92,55.00
CSV,105011,10500,4,3,0,1743,0,0.000000e+00,0.000000e+00,244907.8,69403820032.0,185372.1,55.73,54.52
CSV,110011,11000,4,3,0,1843,0,0.000000e+00,0.000000e+00,258879.2,81629675520.0,195646.3,56.20,54.99
CSV,115011,11500,4,3,0,1943,0,0.000000e+00,0.000000e+00,271570.2,91219886080.0,213217.6,56.31,55.26
CSV,120011,12000,4,3,0,2043,0,0.000000e+00,0.000000e+00,222635.5,87696916480.0,187619.4,56.70,55.95
BER: END_SEQ #4 [LOCK] seq_err=0 BER_seq=0.0000e+00 | lock=4 slip=0 BER_cond=0.0000e+00 BER_cum=0.0000e+00
BER: SYNC #5 (gated)
CSV,125011,12500,5,4,0,2066,0,0.000000e+00,0.000000e+00,337650.2,86898712576.0,254984.5,55.32,54.11
CSV,130011,13000,5,4,0,2165,0,0.000000e+00,0.000000e+00,250515.6,79312658432.0,185726.1,56.30,55.01
CSV,135011,13500,5,4,0,2265,0,0.000000e+00,0.000000e+00,239647.8,72487862272.0,173777.8,56.20,54.81
CSV,140011,14000,5,4,0,2365,0,0.000000e+00,0.000000e+00,260617.3,83220152320.0,206807.6,56.05,55.04
CSV,145011,14500,5,4,0,2465,0,0.000000e+00,0.000000e+00,258167.4,84594057216.0,213245.8,55.98,55.15
BER: END_SEQ #5 [LOCK] seq_err=0 BER_seq=0.0000e+00 | lock=5 slip=0 BER_cond=0.0000e+00 BER_cum=0.0000e+00
CSV,150011,15000,5,5,0,2555,0,0.000000e+00,0.000000e+00,253191.7,91925979136.0,210986.3,56.39,55.60
BER: SYNC #6 (gated)
CSV,155011,15500,6,5,0,2588,0,0.000000e+00,0.000000e+00,305900.6,86069379072.0,220062.6,55.92,54.49
CSV,160011,16000,6,5,0,2688,0,0.000000e+00,0.000000e+00,224117.7,70917701632.0,191483.4,55.69,55.00
CSV,165011,16500,6,5,0,2788,0,0.000000e+00,0.000000e+00,264554.8,82645360640.0,223081.1,55.69,54.95
CSV,170011,17000,6,5,0,2888,0,0.000000e+00,0.000000e+00,276323.8,86171197440.0,209531.9,56.14,54.94
CSV,175011,17500,6,5,0,2988,0,0.000000e+00,0.000000e+00,244500.0,83760644096.0,183282.5,56.60,55.35
BER: END_SEQ #6 [LOCK] seq_err=0 BER_seq=0.0000e+00 | lock=6 slip=0 BER_cond=0.0000e+00 BER_cum=0.0000e+00
CSV,180011,18000,6,6,0,3066,0,0.000000e+00,0.000000e+00,301590.7,88734392320.0,227170.3,55.92,54.69
BER: SYNC #7 (gated)
CSV,185011,18500,7,6,0,3111,0,0.000000e+00,0.000000e+00,312367.5,81984389120.0,221247.4,55.69,54.19
CSV,190011,19000,7,6,0,3211,0,0.000000e+00,0.000000e+00,254680.3,70858678272.0,179132.0,55.97,54.44
CSV,195011,19500,7,6,0,3311,0,0.000000e+00,0.000000e+00,267596.6,86429392896.0,199568.8,56.37,55.09
CSV,200011,20000,7,6,0,3411,0,0.000000e+00,0.000000e+00,255252.3,83069566976.0,203587.8,56.11,55.12
CSV,205011,20500,7,6,0,3511,0,0.000000e+00,0.000000e+00,277464.3,86378135552.0,219135.5,55.96,54.93
BER: END_SEQ #7 [LOCK] seq_err=0 BER_seq=0.0000e+00 | lock=7 slip=0 BER_cond=0.0000e+00 BER_cum=0.0000e+00
CSV,210011,21000,7,7,0,3577,0,0.000000e+00,0.000000e+00,268815.9,88612741120.0,209043.2,56.27,55.18
BER: SYNC #8 (gated)
CSV,215011,21500,8,7,0,3634,0,0.000000e+00,0.000000e+00,271668.3,86720430080.0,219171.0,55.97,55.04
CSV,220011,22000,8,7,0,3734,0,0.000000e+00,0.000000e+00,248596.4,67643674624.0,183050.7,55.68,54.35
CSV,225011,22500,8,7,0,3833,0,0.000000e+00,0.000000e+00,270636.5,80902479872.0,217458.0,55.71,54.76
CSV,230011,23000,8,7,0,3933,0,0.000000e+00,0.000000e+00,251215.0,91697111040.0,196572.1,56.69,55.62
CSV,235011,23500,8,7,0,4033,0,0.000000e+00,0.000000e+00,254210.1,80184500224.0,186568.1,56.33,54.99
BER: END_SEQ #8 [LOCK] seq_err=0 BER_seq=0.0000e+00 | lock=8 slip=0 BER_cond=0.0000e+00 BER_cum=0.0000e+00
CSV,240011,24000,8,8,0,4088,0,0.000000e+00,0.000000e+00,291337.8,89802465280.0,240454.9,55.72,54.89
BER: SYNC #9 (gated)
CSV,245011,24500,9,8,0,4156,0,0.000000e+00,0.000000e+00,287935.7,87701487616.0,204681.1,56.32,54.84
CSV,250011,25000,9,8,0,4256,0,0.000000e+00,0.000000e+00,228361.9,65993760768.0,188353.3,55.45,54.61
CSV,255011,25500,9,8,0,4356,0,0.000000e+00,0.000000e+00,275514.2,83064774656.0,194424.5,56.31,54.79
CSV,260011,26000,9,8,0,4456,0,0.000000e+00,0.000000e+00,266050.8,89198329856.0,193493.7,56.64,55.25
CSV,265011,26500,9,8,0,4556,0,0.000000e+00,0.000000e+00,254635.2,79139201024.0,212457.9,55.71,54.92
BER: END_SEQ #9 [LOCK] seq_err=0 BER_seq=0.0000e+00 | lock=9 slip=0 BER_cond=0.0000e+00 BER_cum=0.0000e+00
CSV,270011,27000,9,9,0,4599,0,0.000000e+00,0.000000e+00,339081.3,92026871808.0,236074.7,55.91,54.34
BER: SYNC #10 (gated)
CSV,275011,27500,10,9,0,4679,0,0.000000e+00,0.000000e+00,293213.9,89432555520.0,205672.7,56.38,54.84
CSV,280011,28000,10,9,0,4779,0,0.000000e+00,0.000000e+00,243488.2,68263723008.0,183403.6,55.71,54.48
CSV,285011,28500,10,9,0,4879,0,0.000000e+00,0.000000e+00,242122.1,75017814016.0,196019.5,55.83,54.91
CSV,290011,29000,10,9,0,4979,0,0.000000e+00,0.000000e+00,278732.1,94664876032.0,207728.6,56.59,55.31
CSV,295011,29500,10,9,0,5079,0,0.000000e+00,0.000000e+00,240850.2,83193651200.0,185748.7,56.51,55.38
BER: END_SEQ #10 [LOCK] seq_err=0 BER_seq=0.0000e+00 | lock=10 slip=0 BER_cond=0.0000e+00 BER_cum=0.0000e+00
CSV,300011,30000,10,10,0,5110,0,0.000000e+00,0.000000e+00,320421.1,89578119168.0,251907.6,55.51,54.46
BER: SYNC #11 (gated)
CSV,305011,30500,11,10,0,5202,0,0.000000e+00,0.000000e+00,226640.9,79210684416.0,208402.4,55.80,55.43
CSV,310011,31000,11,10,0,5302,0,0.000000e+00,0.000000e+00,243768.8,68617990144.0,185302.9,55.69,54.49
CSV,315011,31500,11,10,0,5401,0,0.000000e+00,0.000000e+00,262203.2,85453520896.0,179448.0,56.78,55.13
CSV,320011,32000,11,10,0,5501,0,0.000000e+00,0.000000e+00,268483.3,84445052928.0,187929.8,56.53,54.98
CSV,325011,32500,11,10,0,5602,0,0.000000e+00,0.000000e+00,262051.3,83831062528.0,198572.7,56.25,55.05
BER: END_SEQ #11 [LOCK] seq_err=0 BER_seq=0.0000e+00 | lock=11 slip=0 BER_cond=0.0000e+00 BER_cum=0.0000e+00
BER: SYNC #12 (gated)
CSV,330011,33000,12,11,0,5624,0,0.000000e+00,0.000000e+00,317630.0,89657409536.0,235025.4,55.81,54.51
CSV,335011,33500,12,11,0,5724,0,0.000000e+00,0.000000e+00,265053.8,88221270016.0,195792.4,56.54,55.22
CSV,340011,34000,12,11,0,5824,0,0.000000e+00,0.000000e+00,220443.6,62948421632.0,175342.4,55.55,54.56
CSV,345011,34500,12,11,0,5924,0,0.000000e+00,0.000000e+00,251628.2,84052811776.0,184426.3,56.59,55.24
CSV,350011,35000,12,11,0,6024,0,0.000000e+00,0.000000e+00,280572.4,86962135040.0,212559.4,56.12,54.91
CSV,355011,35500,12,11,0,6124,0,0.000000e+00,0.000000e+00,278791.9,86840131584.0,200378.6,56.37,54.93
BER: END_SEQ #12 [LOCK] seq_err=0 BER_seq=0.0000e+00 | lock=12 slip=0 BER_cond=0.0000e+00 BER_cum=0.0000e+00
BER: SYNC #13 (gated)
CSV,360011,36000,13,12,0,6147,0,0.000000e+00,0.000000e+00,345163.7,92560375808.0,263762.0,55.45,54.28
CSV,365011,36500,13,12,0,6247,0,0.000000e+00,0.000000e+00,248321.8,77346193408.0,216106.4,55.54,54.93
CSV,370011,37000,13,12,0,6347,0,0.000000e+00,0.000000e+00,242847.7,71037919232.0,200883.2,55.49,54.66
CSV,375011,37500,13,12,0,6447,0,0.000000e+00,0.000000e+00,262938.3,82804908032.0,200934.7,56.15,54.98
CSV,380011,38000,13,12,0,6547,0,0.000000e+00,0.000000e+00,261138.5,86617735168.0,188902.5,56.61,55.21
BER: END_SEQ #13 [LOCK] seq_err=0 BER_seq=0.0000e+00 | lock=13 slip=0 BER_cond=0.0000e+00 BER_cum=0.0000e+00
CSV,385011,38500,13,13,0,6643,0,0.000000e+00,0.000000e+00,225692.5,89391996928.0,197489.4,56.56,55.98
BER: SYNC #14 (gated)
CSV,390011,39000,14,13,0,6670,0,0.000000e+00,0.000000e+00,324107.1,86987120640.0,237776.5,55.63,54.29
CSV,395011,39500,14,13,0,6770,0,0.000000e+00,0.000000e+00,211798.9,73941655552.0,174677.1,56.27,55.43
CSV,400011,40000,14,13,0,6870,0,0.000000e+00,0.000000e+00,259407.8,76795551744.0,185262.8,56.18,54.71
CSV,405011,40500,14,13,0,6970,0,0.000000e+00,0.000000e+00,253527.4,84683415552.0,180570.1,56.71,55.24
CSV,410011,41000,14,13,0,7070,0,0.000000e+00,0.000000e+00,256809.0,85325201408.0,198106.8,56.34,55.21
BER: END_SEQ #14 [LOCK] seq_err=0 BER_seq=0.0000e+00 | lock=14 slip=0 BER_cond=0.0000e+00 BER_cum=0.0000e+00
CSV,415011,41500,14,14,0,7154,0,0.000000e+00,0.000000e+00,274342.6,90849853440.0,193663.4,56.71,55.20
BER: SYNC #15 (gated)
CSV,420011,42000,15,14,0,7193,0,0.000000e+00,0.000000e+00,333409.7,82672959488.0,248439.9,55.22,53.94
CSV,425011,42500,15,14,0,7293,0,0.000000e+00,0.000000e+00,237185.2,70665551872.0,194324.4,55.61,54.74
CSV,430011,43000,15,14,0,7393,0,0.000000e+00,0.000000e+00,283469.1,85143601152.0,201650.9,56.26,54.78
CSV,435011,43500,15,14,0,7492,0,0.000000e+00,0.000000e+00,244738.0,82731622400.0,177640.4,56.68,55.29
CSV,440011,44000,15,14,0,7592,0,0.000000e+00,0.000000e+00,272058.6,86946635776.0,200729.7,56.37,55.05
BER: END_SEQ #15 [LOCK] seq_err=0 BER_seq=0.0000e+00 | lock=15 slip=0 BER_cond=0.0000e+00 BER_cum=0.0000e+00
CSV,445011,44500,15,15,0,7665,0,0.000000e+00,0.000000e+00,254048.5,86258851840.0,209445.6,56.15,55.31
BER: SYNC #16 (gated)
CSV,450011,45000,16,15,0,7715,0,0.000000e+00,0.000000e+00,302507.1,83697983488.0,247475.9,55.29,54.42
CSV,455011,45500,16,15,0,7815,0,0.000000e+00,0.000000e+00,253518.6,70952968192.0,199480.0,55.51,54.47
CSV,460011,46000,16,15,0,7915,0,0.000000e+00,0.000000e+00,281119.9,85794570240.0,186240.1,56.63,54.85
CSV,465011,46500,16,15,0,8015,0,0.000000e+00,0.000000e+00,250489.2,82515910656.0,181229.2,56.58,55.18
CSV,470011,47000,16,15,0,8115,0,0.000000e+00,0.000000e+00,270781.1,84329529344.0,205309.2,56.14,54.93
BER: END_SEQ #16 [LOCK] seq_err=0 BER_seq=0.0000e+00 | lock=16 slip=0 BER_cond=0.0000e+00 BER_cum=0.0000e+00
CSV,475011,47500,16,16,0,8176,0,0.000000e+00,0.000000e+00,311248.9,89888792576.0,223469.3,56.04,54.61
BER: SYNC #17 (gated)
CSV,480011,48000,17,16,0,8238,0,0.000000e+00,0.000000e+00,283133.4,87529283584.0,214662.9,56.10,54.90
CSV,485011,48500,17,16,0,8338,0,0.000000e+00,0.000000e+00,223361.3,65687482368.0,170661.4,55.85,54.68
CSV,490011,49000,17,16,0,8438,0,0.000000e+00,0.000000e+00,244506.8,82414764032.0,182765.2,56.54,55.28
CSV,495011,49500,17,16,0,8538,0,0.000000e+00,0.000000e+00,284054.7,90992050176.0,198639.8,56.61,55.06
CSV,500011,50000,17,16,0,8638,0,0.000000e+00,0.000000e+00,263034.1,82423996416.0,200172.0,56.15,54.96
BER: END_SEQ #17 [LOCK] seq_err=0 BER_seq=0.0000e+00 | lock=17 slip=0 BER_cond=0.0000e+00 BER_cum=0.0000e+00
CSV,505011,50500,17,17,0,8687,0,0.000000e+00,0.000000e+00,320166.2,87744659456.0,252991.7,55.40,54.38
BER: SYNC #18 (gated)
CSV,510011,51000,18,17,0,8761,0,0.000000e+00,0.000000e+00,254945.6,88197980160.0,213469.2,56.16,55.39
CSV,515011,51500,18,17,0,8861,0,0.000000e+00,0.000000e+00,266296.4,68610179072.0,187676.8,55.63,54.11
CSV,520011,52000,18,17,0,8961,0,0.000000e+00,0.000000e+00,255789.7,78861099008.0,208308.7,55.78,54.89
CSV,525011,52500,18,17,0,9060,0,0.000000e+00,0.000000e+00,261006.6,93344694272.0,205026.3,56.58,55.53
CSV,530011,53000,18,17,0,9161,0,0.000000e+00,0.000000e+00,262072.4,79481905152.0,186169.3,56.30,54.82
BER: END_SEQ #18 [LOCK] seq_err=0 BER_seq=0.0000e+00 | lock=18 slip=0 BER_cond=0.0000e+00 BER_cum=0.0000e+00
CSV,535011,53500,18,18,0,9198,0,0.000000e+00,0.000000e+00,352516.0,90760617984.0,265903.8,55.33,54.11
BER: SYNC #19 (gated)
CSV,540011,54000,19,18,0,9283,0,0.000000e+00,0.000000e+00,265343.8,85708947456.0,197278.1,56.38,55.09
CSV,545011,54500,19,18,0,9383,0,0.000000e+00,0.000000e+00,228396.1,69144190976.0,170789.9,56.07,54.81
CSV,550011,55000,19,18,0,9483,0,0.000000e+00,0.000000e+00,259148.0,80773988352.0,185959.5,56.38,54.94
CSV,555011,55500,19,18,0,9583,0,0.000000e+00,0.000000e+00,278390.5,89927352320.0,197757.9,56.58,55.09
CSV,560011,56000,19,18,0,9683,0,0.000000e+00,0.000000e+00,264122.6,85183021056.0,213113.4,56.02,55.09
BER: END_SEQ #19 [LOCK] seq_err=0 BER_seq=0.0000e+00 | lock=19 slip=0 BER_cond=0.0000e+00 BER_cum=0.0000e+00
CSV,565011,56500,19,19,0,9709,0,0.000000e+00,0.000000e+00,332406.6,88913321984.0,223583.6,56.00,54.27
BER: SYNC #20 (gated)
CSV,570011,57000,20,19,0,9806,0,0.000000e+00,0.000000e+00,260546.6,82073755648.0,192786.0,56.29,54.98
CSV,575011,57500,20,19,0,9906,0,0.000000e+00,0.000000e+00,251700.7,66609418240.0,185655.5,55.55,54.23
CSV,580011,58000,20,19,0,10006,0,0.000000e+00,0.000000e+00,255236.1,85741174784.0,193232.1,56.47,55.26
CSV,585011,58500,20,19,0,10106,0,0.000000e+00,0.000000e+00,266716.2,84138541056.0,198743.6,56.27,54.99
CSV,590011,59000,20,19,0,10206,0,0.000000e+00,0.000000e+00,237476.9,85913272320.0,185633.6,56.65,55.58
BER: END_SEQ #20 [LOCK] seq_err=0 BER_seq=0.0000e+00 | lock=20 slip=0 BER_cond=0.0000e+00 BER_cum=0.0000e+00
BER: SYNC #21 (gated)
CSV,595011,59500,21,20,0,10229,0,0.000000e+00,0.000000e+00,350988.2,90676101120.0,272987.6,55.21,54.12
CSV,600011,60000,21,20,0,10329,0,0.000000e+00,0.000000e+00,248959.9,83670130688.0,212606.9,55.95,55.26
CSV,605011,60500,21,20,0,10429,0,0.000000e+00,0.000000e+00,228886.5,67064221696.0,186479.5,55.56,54.67
CSV,610011,61000,21,20,0,10529,0,0.000000e+00,0.000000e+00,256583.4,80262225920.0,186291.1,56.34,54.95
CSV,615011,61500,21,20,0,10629,0,0.000000e+00,0.000000e+00,293343.4,89558122496.0,205183.2,56.40,54.85
CSV,620011,62000,21,20,0,10729,0,0.000000e+00,0.000000e+00,241560.5,87363051520.0,193459.5,56.55,55.58
BER: END_SEQ #21 [LOCK] seq_err=0 BER_seq=0.0000e+00 | lock=21 slip=0 BER_cond=0.0000e+00 BER_cum=0.0000e+00
BER: SYNC #22 (gated)
CSV,625011,62500,22,21,0,10752,0,0.000000e+00,0.000000e+00,329394.4,84984659968.0,256507.6,55.20,54.12
CSV,630011,63000,22,21,0,10852,0,0.000000e+00,0.000000e+00,245822.9,76901064704.0,189800.9,56.08,54.95
CSV,635011,63500,22,21,0,10951,0,0.000000e+00,0.000000e+00,236819.1,71237033984.0,174149.2,56.12,54.78
CSV,640011,64000,22,21,0,11051,0,0.000000e+00,0.000000e+00,255379.9,85356748800.0,198757.8,56.33,55.24
CSV,645011,64500,22,21,0,11151,0,0.000000e+00,0.000000e+00,248770.9,83506880512.0,187737.4,56.48,55.26
BER: END_SEQ #22 [LOCK] seq_err=0 BER_seq=0.0000e+00 | lock=22 slip=0 BER_cond=0.0000e+00 BER_cum=0.0000e+00
CSV,650011,65000,22,22,0,11242,0,0.000000e+00,0.000000e+00,275413.2,88224948224.0,193971.5,56.58,55.06
BER: SYNC #23 (gated)
CSV,655011,65500,23,22,0,11274,0,0.000000e+00,0.000000e+00,320871.4,85352824832.0,245517.6,55.41,54.25
CSV,660011,66000,23,22,0,11374,0,0.000000e+00,0.000000e+00,255720.5,72299159552.0,194588.1,55.70,54.51
CSV,665011,66500,23,22,0,11474,0,0.000000e+00,0.000000e+00,258361.6,81643413504.0,206520.9,55.97,55.00
CSV,670011,67000,23,22,0,11574,0,0.000000e+00,0.000000e+00,245881.4,82078359552.0,191016.8,56.33,55.24
CSV,675011,67500,23,22,0,11674,0,0.000000e+00,0.000000e+00,260225.0,81383620608.0,202449.0,56.04,54.95
BER: END_SEQ #23 [LOCK] seq_err=0 BER_seq=0.0000e+00 | lock=23 slip=0 BER_cond=0.0000e+00 BER_cum=0.0000e+00
CSV,680011,68000,23,23,0,11753,0,0.000000e+00,0.000000e+00,246314.0,90529128448.0,208377.0,56.38,55.65
BER: SYNC #24 (gated)
CSV,685011,68500,24,23,0,11797,0,0.000000e+00,0.000000e+00,286872.6,81545953280.0,216675.5,55.76,54.54
CSV,690011,69000,24,23,0,11897,0,0.000000e+00,0.000000e+00,224353.7,69397086208.0,178480.6,55.90,54.90
CSV,695011,69500,24,23,0,11997,0,0.000000e+00,0.000000e+00,273701.2,87588798464.0,191923.5,56.59,55.05
CSV,700011,70000,24,23,0,12097,0,0.000000e+00,0.000000e+00,257753.8,82921799680.0,182897.9,56.56,55.07
CSV,705011,70500,24,23,0,12197,0,0.000000e+00,0.000000e+00,258446.5,86395863040.0,217262.9,56.00,55.24
BER: END_SEQ #24 [LOCK] seq_err=0 BER_seq=0.0000e+00 | lock=24 slip=0 BER_cond=0.0000e+00 BER_cum=0.0000e+00
CSV,710011,71000,24,24,0,12264,0,0.000000e+00,0.000000e+00,310204.5,83103170560.0,224256.6,55.69,54.28
BER: SYNC #25 (gated)
CSV,715011,71500,25,24,0,12320,0,0.000000e+00,0.000000e+00,308118.9,84891082752.0,228731.3,55.70,54.40
CSV,720011,72000,25,24,0,12419,0,0.000000e+00,0.000000e+00,224567.9,68949852160.0,186333.8,55.68,54.87
CSV,725011,72500,25,24,0,12519,0,0.000000e+00,0.000000e+00,264453.9,81461166080.0,216402.4,55.76,54.89
CSV,730011,73000,25,24,0,12620,0,0.000000e+00,0.000000e+00,273147.3,88231936000.0,192210.0,56.62,55.09
CSV,735011,73500,25,24,0,12719,0,0.000000e+00,0.000000e+00,246602.1,78712766464.0,189480.9,56.18,55.04
BER: END_SEQ #25 [LOCK] seq_err=0 BER_seq=0.0000e+00 | lock=25 slip=0 BER_cond=0.0000e+00 BER_cum=0.0000e+00
CSV,740011,74000,25,25,0,12775,0,0.000000e+00,0.000000e+00,291719.0,90228408320.0,231326.9,55.91,54.90
BER: SYNC #26 (gated)
CSV,745011,74500,26,25,0,12842,0,0.000000e+00,0.000000e+00,263299.3,86470860800.0,207578.4,56.20,55.16
CSV,750011,75000,26,25,0,12942,0,0.000000e+00,0.000000e+00,244373.9,63189106688.0,176774.0,55.53,54.13
CSV,755011,75500,26,25,0,13042,0,0.000000e+00,0.000000e+00,269286.7,81819328512.0,182291.1,56.52,54.83
CSV,760011,76000,26,25,0,13142,0,0.000000e+00,0.000000e+00,254129.3,89767510016.0,196989.4,56.59,55.48
CSV,765011,76500,26,25,0,13242,0,0.000000e+00,0.000000e+00,255871.9,78753120256.0,211377.6,55.71,54.88
BER: END_SEQ #26 [LOCK] seq_err=0 BER_seq=0.0000e+00 | lock=26 slip=0 BER_cond=0.0000e+00 BER_cum=0.0000e+00
CSV,770011,77000,26,26,0,13286,0,0.000000e+00,0.000000e+00,330363.6,88205778944.0,248906.8,55.49,54.27
BER: SYNC #27 (gated)
CSV,775011,77500,27,26,0,13365,0,0.000000e+00,0.000000e+00,273890.6,87249051648.0,189653.4,56.63,55.03
CSV,780011,78000,27,26,0,13465,0,0.000000e+00,0.000000e+00,215939.2,68930830336.0,177006.6,55.90,55.04
CSV,785011,78500,27,26,0,13565,0,0.000000e+00,0.000000e+00,249211.2,74372464640.0,197939.9,55.75,54.75
CSV,790011,79000,27,26,0,13665,0,0.000000e+00,0.000000e+00,286677.4,92126486528.0,210408.2,56.41,55.07
CSV,795011,79500,27,26,0,13765,0,0.000000e+00,0.000000e+00,258829.9,79951331328.0,196027.0,56.11,54.90
BER: END_SEQ #27 [LOCK] seq_err=0 BER_seq=0.0000e+00 | lock=27 slip=0 BER_cond=0.0000e+00 BER_cum=0.0000e+00
CSV,800011,80000,27,27,0,13797,0,0.000000e+00,0.000000e+00,317105.5,91569446912.0,230223.4,56.00,54.61
BER: SYNC #28 (gated)
CSV,805011,80500,28,27,0,13888,0,0.000000e+00,0.000000e+00,250151.7,79668043776.0,184600.0,56.35,55.03
CSV,810011,81000,28,27,0,13988,0,0.000000e+00,0.000000e+00,241674.1,65647951872.0,175357.4,55.73,54.34
CSV,815011,81500,28,27,0,14088,0,0.000000e+00,0.000000e+00,243160.6,82235342848.0,185675.7,56.46,55.29
CSV,820011,82000,28,27,0,14187,0,0.000000e+00,0.000000e+00,250604.1,85203238912.0,195882.0,56.38,55.31
CSV,825011,82500,28,27,0,14288,0,0.000000e+00,0.000000e+00,234029.0,81319854080.0,176025.6,56.65,55.41
BER: END_SEQ #28 [LOCK] seq_err=0 BER_seq=0.0000e+00 | lock=28 slip=0 BER_cond=0.0000e+00 BER_cum=0.0000e+00
BER: SYNC #29 (gated)
CSV,830011,83000,29,28,0,14310,0,0.000000e+00,0.000000e+00,313781.8,87588282368.0,240806.1,55.61,54.46
CSV,835011,83500,29,28,0,14411,0,0.000000e+00,0.000000e+00,231746.0,84086095872.0,171451.2,56.91,55.60
CSV,840011,84000,29,28,0,14510,0,0.000000e+00,0.000000e+00,218611.1,65702572032.0,157764.2,56.20,54.78
CSV,845011,84500,29,28,0,14610,0,0.000000e+00,0.000000e+00,249396.2,83263791104.0,172284.7,56.84,55.24
CSV,850011,85000,29,28,0,14710,0,0.000000e+00,0.000000e+00,275591.4,84460511232.0,195010.2,56.37,54.86
CSV,855011,85500,29,28,0,14810,0,0.000000e+00,0.000000e+00,265126.1,82324979712.0,186408.8,56.45,54.92
BER: END_SEQ #29 [LOCK] seq_err=0 BER_seq=0.0000e+00 | lock=29 slip=0 BER_cond=0.0000e+00 BER_cum=0.0000e+00
BER: SYNC #30 (gated)
CSV,860011,86000,30,29,0,14833,0,0.000000e+00,0.000000e+00,325691.7,95104229376.0,230173.6,56.16,54.65
CSV,865011,86500,30,29,0,14933,0,0.000000e+00,0.000000e+00,250705.0,77323558912.0,200105.3,55.87,54.89
CSV,870011,87000,30,29,0,15033,0,0.000000e+00,0.000000e+00,235080.3,67553091584.0,170325.6,55.98,54.58
CSV,875011,87500,30,29,0,15133,0,0.000000e+00,0.000000e+00,247029.6,80051601408.0,196029.5,56.11,55.11
CSV,880011,88000,30,29,0,15233,0,0.000000e+00,0.000000e+00,237387.5,87119618048.0,175890.4,56.95,55.65
BER: END_SEQ #30 [LOCK] seq_err=0 BER_seq=0.0000e+00 | lock=30 slip=0 BER_cond=0.0000e+00 BER_cum=0.0000e+00
CSV,885011,88500,30,30,0,15330,0,0.000000e+00,0.000000e+00,234235.2,87530708992.0,196567.3,56.49,55.73
BER: SYNC #31 (gated)
CSV,890011,89000,31,30,0,15356,0,0.000000e+00,0.000000e+00,304805.3,83407872000.0,233267.6,55.53,54.37
CSV,895011,89500,31,30,0,15456,0,0.000000e+00,0.000000e+00,241157.1,71409827840.0,170063.0,56.23,54.71
CSV,900011,90000,31,30,0,15556,0,0.000000e+00,0.000000e+00,235476.9,75615756288.0,165397.9,56.60,55.07
CSV,905011,90500,31,30,0,15656,0,0.000000e+00,0.000000e+00,245540.1,83736961024.0,156667.2,57.28,55.33
CSV,910011,91000,31,30,0,15756,0,0.000000e+00,0.000000e+00,250512.5,82696716288.0,187318.5,56.45,55.19
BER: END_SEQ #31 [LOCK] seq_err=0 BER_seq=0.0000e+00 | lock=31 slip=0 BER_cond=0.0000e+00 BER_cum=0.0000e+00
CSV,915011,91500,31,31,0,15841,0,0.000000e+00,0.000000e+00,271453.7,87220920320.0,199630.8,56.40,55.07
BER: SYNC #32 (gated)
CSV,920011,92000,32,31,0,15878,0,0.000000e+00,0.000000e+00,286107.4,83837583360.0,203905.3,56.14,54.67
CSV,925011,92500,32,31,0,15978,0,0.000000e+00,0.000000e+00,226590.3,70221545472.0,162508.9,56.36,54.91
CSV,930011,93000,32,31,0,16079,0,0.000000e+00,0.000000e+00,253879.0,81715331072.0,184208.4,56.47,55.08
CSV,935011,93500,32,31,0,16178,0,0.000000e+00,0.000000e+00,245058.5,80317636608.0,174534.8,56.63,55.16
CSV,940011,94000,32,31,0,16278,0,0.000000e+00,0.000000e+00,275789.5,86549954560.0,184790.9,56.71,54.97
BER: END_SEQ #32 [LOCK] seq_err=0 BER_seq=0.0000e+00 | lock=32 slip=0 BER_cond=0.0000e+00 BER_cum=0.0000e+00
CSV,945011,94500,32,32,0,16352,0,0.000000e+00,0.000000e+00,278552.4,84617003008.0,195370.9,56.37,54.83
BER: SYNC #33 (gated)
CSV,950011,95000,33,32,0,16401,0,0.000000e+00,0.000000e+00,285450.8,81214742528.0,214011.5,55.79,54.54
CSV,955011,95500,33,32,0,16501,0,0.000000e+00,0.000000e+00,221740.8,67924758528.0,178787.8,55.80,54.86
CSV,960011,96000,33,32,0,16601,0,0.000000e+00,0.000000e+00,279307.6,85011120128.0,195874.1,56.37,54.83
CSV,965011,96500,33,32,0,16701,0,0.000000e+00,0.000000e+00,221019.8,82282086400.0,173719.5,56.75,55.71
CSV,970011,97000,33,32,0,16801,0,0.000000e+00,0.000000e+00,252922.2,81123942400.0,184416.9,56.43,55.06
BER: END_SEQ #33 [LOCK] seq_err=0 BER_seq=0.0000e+00 | lock=33 slip=0 BER_cond=0.0000e+00 BER_cum=0.0000e+00
CSV,975011,97500,33,33,0,16863,0,0.000000e+00,0.000000e+00,270072.5,85228380160.0,208864.5,56.11,54.99
BER: SYNC #34 (gated)
CSV,980011,98000,34,33,0,16924,0,0.000000e+00,0.000000e+00,260670.4,85494784000.0,197706.4,56.36,55.16
CSV,985011,98500,34,33,0,17024,0,0.000000e+00,0.000000e+00,219630.2,66117234688.0,163533.3,56.07,54.79
CSV,990011,99000,34,33,0,17124,0,0.000000e+00,0.000000e+00,242003.8,78687731712.0,157279.6,56.99,55.12
CSV,995011,99500,34,33,0,17224,0,0.000000e+00,0.000000e+00,249079.2,84781694976.0,178665.1,56.76,55.32
CSV,1000011,100000,34,33,0,17324,0,0.000000e+00,0.000000e+00,262921.5,81459871744.0,194270.9,56.23,54.91
BER: END_SEQ #34 [LOCK] seq_err=0 BER_seq=0.0000e+00 | lock=34 slip=0 BER_cond=0.0000e+00 BER_cum=0.0000e+00
CSV,1005011,100500,34,34,0,17374,0,0.000000e+00,0.000000e+00,312342.8,88383234048.0,228164.4,55.88,54.52
BER: SYNC #35 (gated)
CSV,1010011,101000,35,34,0,17447,0,0.000000e+00,0.000000e+00,269097.4,85368332288.0,188294.3,56.56,55.01
CSV,1015011,101500,35,34,0,17547,0,0.000000e+00,0.000000e+00,245638.9,64392933376.0,178275.5,55.58,54.19
CSV,1020011,102000,35,34,0,17646,0,0.000000e+00,0.000000e+00,221620.9,76754599936.0,182077.1,56.25,55.39
CSV,1025011,102500,35,34,0,17747,0,0.000000e+00,0.000000e+00,264963.4,93213278208.0,186520.8,56.99,55.46
CSV,1030011,103000,35,34,0,17847,0,0.000000e+00,0.000000e+00,225738.0,74929569792.0,181803.6,56.15,55.21
BER: END_SEQ #35 [LOCK] seq_err=0 BER_seq=0.0000e+00 | lock=35 slip=0 BER_cond=0.0000e+00 BER_cum=0.0000e+00
CSV,1035011,103500,35,35,0,17885,0,0.000000e+00,0.000000e+00,305338.8,86152765440.0,226552.8,55.80,54.50
BER: SYNC #36 (gated)
CSV,1040011,104000,36,35,0,17969,0,0.000000e+00,0.000000e+00,217471.9,85253578752.0,185814.3,56.62,55.93
CSV,1045011,104500,36,35,0,18069,0,0.000000e+00,0.000000e+00,235614.8,68726972416.0,155021.8,56.47,54.65
CSV,1050011,105000,36,35,0,18169,0,0.000000e+00,0.000000e+00,263537.5,76279799808.0,171741.0,56.48,54.62
CSV,1055011,105500,36,35,0,18269,0,0.000000e+00,0.000000e+00,253164.4,86269214720.0,177901.9,56.86,55.32
CSV,1060011,106000,36,35,0,18369,0,0.000000e+00,0.000000e+00,253604.6,83082805248.0,178797.7,56.67,55.15
BER: END_SEQ #36 [LOCK] seq_err=0 BER_seq=0.0000e+00 | lock=36 slip=0 BER_cond=0.0000e+00 BER_cum=0.0000e+00
CSV,1065011,106500,36,36,0,18396,0,0.000000e+00,0.000000e+00,323092.3,88896389120.0,239177.5,55.70,54.40
BER: SYNC #37 (gated)
CSV,1070011,107000,37,36,0,18492,0,0.000000e+00,0.000000e+00,249424.4,79624323072.0,176563.6,56.54,55.04
CSV,1075011,107500,37,36,0,18592,0,0.000000e+00,0.000000e+00,213839.1,62524235776.0,157948.2,55.98,54.66
CSV,1080011,108000,37,36,0,18692,0,0.000000e+00,0.000000e+00,245237.9,84698087424.0,161973.6,57.18,55.38
CSV,1085011,108500,37,36,0,18792,0,0.000000e+00,0.000000e+00,262470.4,83329892352.0,183423.3,56.57,55.02
CSV,1090011,109000,37,36,0,18892,0,0.000000e+00,0.000000e+00,253866.9,83764666368.0,175164.8,56.80,55.18
BER: END_SEQ #37 [LOCK] seq_err=0 BER_seq=0.0000e+00 | lock=37 slip=0 BER_cond=0.0000e+00 BER_cum=0.0000e+00
BER: SYNC #38 (gated)
CSV,1095011,109500,38,37,0,18915,0,0.000000e+00,0.000000e+00,322343.4,85804736512.0,238374.1,55.56,54.25
CSV,1100011,110000,38,37,0,19015,0,0.000000e+00,0.000000e+00,237576.9,83292291072.0,201229.4,56.17,55.45
CSV,1105011,110500,38,37,0,19115,0,0.000000e+00,0.000000e+00,235982.1,66899394560.0,169754.0,55.96,54.53
CSV,1110011,111000,38,37,0,19215,0,0.000000e+00,0.000000e+00,237528.9,79720816640.0,175500.2,56.57,55.26
CSV,1115011,111500,38,37,0,19315,0,0.000000e+00,0.000000e+00,261365.1,84272848896.0,187976.1,56.52,55.08
CSV,1120011,112000,38,37,0,19415,0,0.000000e+00,0.000000e+00,210809.5,86938853376.0,175607.2,56.95,56.15
BER: END_SEQ #38 [LOCK] seq_err=0 BER_seq=0.0000e+00 | lock=38 slip=0 BER_cond=0.0000e+00 BER_cum=0.0000e+00
BER: SYNC #39 (gated)
CSV,1125011,112500,39,38,0,19437,0,0.000000e+00,0.000000e+00,320540.5,86533111808.0,233552.6,55.69,54.31
CSV,1130011,113000,39,38,0,19537,0,0.000000e+00,0.000000e+00,229221.2,75513823232.0,165608.4,56.59,55.18
CSV,1135011,113500,39,38,0,19637,0,0.000000e+00,0.000000e+00,234068.0,69000478720.0,170481.2,56.07,54.70
CSV,1140011,114000,39,38,0,19737,0,0.000000e+00,0.000000e+00,248575.6,84194754560.0,166255.8,57.05,55.30
CSV,1145011,114500,39,38,0,19837,0,0.000000e+00,0.000000e+00,241705.6,83975176192.0,174778.7,56.82,55.41
BER: END_SEQ #39 [LOCK] seq_err=0 BER_seq=0.0000e+00 | lock=39 slip=0 BER_cond=0.0000e+00 BER_cum=0.0000e+00
CSV,1150011,115000,39,39,0,19929,0,0.000000e+00,0.000000e+00,274000.1,85920096256.0,176841.8,56.87,54.96
BER: SYNC #40 (gated)
CSV,1155011,115500,40,39,0,19960,0,0.000000e+00,0.000000e+00,309122.6,82252079104.0,216576.1,55.80,54.25
CSV,1160011,116000,40,39,0,20060,0,0.000000e+00,0.000000e+00,242349.3,71177568256.0,164208.0,56.37,54.68
CSV,1165011,116500,40,39,0,20160,0,0.000000e+00,0.000000e+00,259020.3,81386823680.0,176780.2,56.63,54.97
CSV,1170011,117000,40,39,0,20260,0,0.000000e+00,0.000000e+00,230072.0,80127221760.0,173059.7,56.66,55.42
CSV,1175011,117500,40,39,0,20360,0,0.000000e+00,0.000000e+00,256351.0,77390405632.0,173146.2,56.50,54.80
BER: END_SEQ #40 [LOCK] seq_err=0 BER_seq=0.0000e+00 | lock=40 slip=0 BER_cond=0.0000e+00 BER_cum=0.0000e+00
CSV,1180011,118000,40,40,0,20440,0,0.000000e+00,0.000000e+00,245862.5,88758124544.0,198429.1,56.51,55.58
BER: SYNC #41 (gated)
CSV,1185011,118500,41,40,0,20483,0,0.000000e+00,0.000000e+00,288191.8,80969736192.0,229152.8,55.48,54.49
CSV,1190011,119000,41,40,0,20583,0,0.000000e+00,0.000000e+00,221698.0,68247306240.0,164149.6,56.19,54.88
CSV,1195011,119500,41,40,0,20683,0,0.000000e+00,0.000000e+00,264101.2,82802081792.0,202174.3,56.12,54.96
CSV,1200011,120000,41,40,0,20783,0,0.000000e+00,0.000000e+00,226643.3,80567779328.0,165599.2,56.87,55.51
CSV,1205011,120500,41,40,0,20883,0,0.000000e+00,0.000000e+00,259163.0,85736407040.0,184738.2,56.67,55.20
BER: END_SEQ #41 [LOCK] seq_err=0 BER_seq=0.0000e+00 | lock=41 slip=0 BER_cond=0.0000e+00 BER_cum=0.0000e+00
CSV,1210011,121000,41,41,0,20951,0,0.000000e+00,0.000000e+00,280220.9,82292916224.0,188511.6,56.40,54.68
BER: SYNC #42 (gated)
CSV,1215011,121500,42,41,0,21006,0,0.000000e+00,0.000000e+00,270913.1,79458697216.0,188842.0,56.24,54.67
CSV,1220011,122000,42,41,0,21106,0,0.000000e+00,0.000000e+00,206215.6,68844208128.0,156899.5,56.42,55.24
CSV,1225011,122500,42,41,0,21205,0,0.000000e+00,0.000000e+00,244377.5,82335604736.0,168051.7,56.90,55.28
CSV,1230011,123000,42,41,0,21306,0,0.000000e+00,0.000000e+00,254207.5,85223530496.0,182854.2,56.68,55.25
CSV,1235011,123500,42,41,0,21405,0,0.000000e+00,0.000000e+00,238983.2,76539183104.0,177438.0,56.35,55.06
BER: END_SEQ #42 [LOCK] seq_err=0 BER_seq=0.0000e+00 | lock=42 slip=0 BER_cond=0.0000e+00 BER_cum=0.0000e+00
CSV,1240011,124000,42,42,0,21462,0,0.000000e+00,0.000000e+00,279346.1,87802167296.0,195998.8,56.51,54.97
BER: SYNC #43 (gated)
CSV,1245011,124500,43,42,0,21528,0,0.000000e+00,0.000000e+00,245194.7,86151938048.0,196835.3,56.41,55.46
CSV,1250011,125000,43,42,0,21628,0,0.000000e+00,0.000000e+00,236455.4,61960978432.0,169796.2,55.62,54.18
CSV,1255011,125500,43,42,0,21728,0,0.000000e+00,0.000000e+00,240849.8,78279532544.0,193548.0,56.07,55.12
CSV,1260011,126000,43,42,0,21828,0,0.000000e+00,0.000000e+00,235706.0,87534436352.0,181435.5,56.83,55.70
CSV,1265011,126500,43,42,0,21928,0,0.000000e+00,0.000000e+00,237043.2,79780454400.0,174006.1,56.61,55.27
BER: END_SEQ #43 [LOCK] seq_err=0 BER_seq=0.0000e+00 | lock=43 slip=0 BER_cond=0.0000e+00 BER_cum=0.0000e+00
CSV,1270011,127000,43,43,0,21973,0,0.000000e+00,0.000000e+00,303684.3,85825036288.0,227787.0,55.76,54.51
BER: SYNC #44 (gated)
CSV,1275011,127500,44,43,0,22051,0,0.000000e+00,0.000000e+00,256642.1,83984211968.0,181500.0,56.65,55.15
CSV,1280011,128000,44,43,0,22151,0,0.000000e+00,0.000000e+00,221574.0,65710796800.0,173859.0,55.77,54.72
CSV,1285011,128500,44,43,0,22251,0,0.000000e+00,0.000000e+00,240946.7,77398605824.0,168746.4,56.61,55.07
CSV,1290011,129000,44,43,0,22351,0,0.000000e+00,0.000000e+00,287138.1,91275804672.0,192669.8,56.76,55.02
CSV,1295011,129500,44,43,0,22451,0,0.000000e+00,0.000000e+00,256674.8,77400137728.0,196021.5,55.96,54.79
BER: END_SEQ #44 [LOCK] seq_err=0 BER_seq=0.0000e+00 | lock=44 slip=0 BER_cond=0.0000e+00 BER_cum=0.0000e+00
CSV,1300011,130000,44,44,0,22484,0,0.000000e+00,0.000000e+00,327803.3,89912836096.0,225652.9,56.00,54.38
BER: SYNC #45 (gated)
CSV,1305011,130500,45,44,0,22574,0,0.000000e+00,0.000000e+00,244737.9,83206610944.0,182725.9,56.58,55.31
CSV,1310011,131000,45,44,0,22674,0,0.000000e+00,0.000000e+00,249067.0,66481963008.0,193699.2,55.36,54.26
CSV,1315011,131500,45,44,0,22774,0,0.000000e+00,0.000000e+00,246490.1,80878804992.0,193538.2,56.21,55.16
CSV,1320011,132000,45,44,0,22874,0,0.000000e+00,0.000000e+00,252535.1,84400816128.0,198337.6,56.29,55.24
CSV,1325011,132500,45,44,0,22973,0,0.000000e+00,0.000000e+00,239143.1,82968600576.0,190335.1,56.39,55.40
BER: END_SEQ #45 [LOCK] seq_err=0 BER_seq=0.0000e+00 | lock=45 slip=0 BER_cond=0.0000e+00 BER_cum=0.0000e+00
BER: SYNC #46 (gated)
CSV,1330011,133000,46,45,0,22996,0,0.000000e+00,0.000000e+00,308371.1,89887244288.0,233042.8,55.86,54.65
CSV,1335011,133500,46,45,0,23096,0,0.000000e+00,0.000000e+00,247288.7,81146626048.0,199963.7,56.08,55.16
CSV,1340011,134000,46,45,0,23197,0,0.000000e+00,0.000000e+00,219371.6,65440849920.0,196958.8,55.21,54.75
CSV,1345011,134500,46,45,0,23296,0,0.000000e+00,0.000000e+00,249309.1,84015939584.0,199282.8,56.25,55.28
CSV,1350011,135000,46,45,0,23396,0,0.000000e+00,0.000000e+00,272067.9,84944732160.0,205427.5,56.16,54.94
CSV,1355011,135500,46,45,0,23496,0,0.000000e+00,0.000000e+00,250637.7,81015414784.0,188537.4,56.33,55.10
BER: END_SEQ #46 [LOCK] seq_err=0 BER_seq=0.0000e+00 | lock=46 slip=0 BER_cond=0.0000e+00 BER_cum=0.0000e+00
BER: SYNC #47 (gated)
CSV,1360011,136000,47,46,0,23519,0,0.000000e+00,0.000000e+00,321074.4,91848785920.0,239591.1,55.84,54.56
CSV,1365011,136500,47,46,0,23619,0,0.000000e+00,0.000000e+00,269300.7,81435090944.0,190385.8,56.31,54.81
CSV,1370011,137000,47,46,0,23719,0,0.000000e+00,0.000000e+00,247620.9,68615188480.0,173727.1,55.97,54.43
CSV,1375011,137500,47,46,0,23819,0,0.000000e+00,0.000000e+00,241276.5,78532993024.0,185285.0,56.27,55.13
CSV,1380011,138000,47,46,0,23919,0,0.000000e+00,0.000000e+00,267056.2,86456147968.0,193899.7,56.49,55.10
BER: END_SEQ #47 [LOCK] seq_err=0 BER_seq=0.0000e+00 | lock=47 slip=0 BER_cond=0.0000e+00 BER_cum=0.0000e+00
CSV,1385011,138500,47,47,0,24017,0,0.000000e+00,0.000000e+00,218311.2,89368330240.0,187107.7,56.79,56.12
BER: SYNC #48 (gated)
CSV,1390011,139000,48,47,0,24042,0,0.000000e+00,0.000000e+00,326153.3,84738154496.0,253118.6,55.25,54.15
CSV,1395011,139500,48,47,0,24142,0,0.000000e+00,0.000000e+00,221394.3,72715165696.0,177312.2,56.13,55.16
CSV,1400011,140000,48,47,0,24242,0,0.000000e+00,0.000000e+00,257147.2,74600185856.0,183768.0,56.08,54.63
CSV,1405011,140500,48,47,0,24342,0,0.000000e+00,0.000000e+00,240531.1,85439635456.0,186271.6,56.62,55.50
CSV,1410011,141000,48,47,0,24442,0,0.000000e+00,0.000000e+00,251898.1,86304686080.0,210525.8,56.13,55.35
BER: END_SEQ #48 [LOCK] seq_err=0 BER_seq=0.0000e+00 | lock=48 slip=0 BER_cond=0.0000e+00 BER_cum=0.0000e+00
CSV,1415011,141500,48,48,0,24528,0,0.000000e+00,0.000000e+00,294004.5,87046496256.0,217377.2,56.03,54.71
BER: SYNC #49 (gated)
CSV,1420011,142000,49,48,0,24565,0,0.000000e+00,0.000000e+00,324848.5,82143002624.0,235798.3,55.42,54.03
CSV,1425011,142500,49,48,0,24664,0,0.000000e+00,0.000000e+00,240584.1,74018914304.0,193235.8,55.83,54.88
CSV,1430011,143000,49,48,0,24764,0,0.000000e+00,0.000000e+00,268969.8,83697467392.0,208870.1,56.03,54.93
CSV,1435011,143500,49,48,0,24864,0,0.000000e+00,0.000000e+00,244855.8,83115327488.0,194776.8,56.30,55.31
CSV,1440011,144000,49,48,0,24964,0,0.000000e+00,0.000000e+00,280772.8,85585100800.0,199982.3,56.31,54.84
BER: END_SEQ #49 [LOCK] seq_err=0 BER_seq=0.0000e+00 | lock=49 slip=0 BER_cond=0.0000e+00 BER_cum=0.0000e+00
CSV,1445011,144500,49,49,0,25039,0,0.000000e+00,0.000000e+00,254748.2,90894057472.0,210974.6,56.34,55.52
BER: SYNC #50 (gated)
CSV,1450011,145000,50,49,0,25087,0,0.000000e+00,0.000000e+00,294837.0,85690834944.0,246686.6,55.41,54.63
CSV,1455011,145500,50,49,0,25187,0,0.000000e+00,0.000000e+00,229027.9,68072312832.0,186276.7,55.63,54.73
CSV,1460011,146000,50,49,0,25287,0,0.000000e+00,0.000000e+00,285489.3,86291152896.0,235535.7,55.64,54.80
CSV,1465011,146500,50,49,0,25387,0,0.000000e+00,0.000000e+00,245367.5,87904976896.0,184031.8,56.79,55.54
CSV,1470011,147000,50,49,0,25487,0,0.000000e+00,0.000000e+00,271049.0,85260197888.0,191884.0,56.48,54.98
BER: END_SEQ #50 [LOCK] seq_err=0 BER_seq=0.0000e+00 | lock=50 slip=0 BER_cond=0.0000e+00 BER_cum=0.0000e+00
CSV,1475011,147500,50,50,0,25550,0,0.000000e+00,0.000000e+00,321610.7,87038558208.0,211561.8,56.14,54.32
BER: SYNC #51 (gated)
CSV,1480011,148000,51,50,0,25610,0,0.000000e+00,0.000000e+00,318701.5,85557198848.0,203290.6,56.24,54.29
CSV,1485011,148500,51,50,0,25710,0,0.000000e+00,0.000000e+00,260177.9,72507613184.0,190723.8,55.80,54.45
CSV,1490011,149000,51,50,0,25810,0,0.000000e+00,0.000000e+00,261222.8,83302948864.0,186939.6,56.49,55.04
CSV,1495011,149500,51,50,0,25910,0,0.000000e+00,0.000000e+00,261286.9,87297695744.0,204183.5,56.31,55.24
CSV,1500011,150000,51,50,0,26010,0,0.000000e+00,0.000000e+00,266536.5,82316558336.0,220396.3,55.72,54.90
BER: END_SEQ #51 [LOCK] seq_err=0 BER_seq=0.0000e+00 | lock=51 slip=0 BER_cond=0.0000e+00 BER_cum=0.0000e+00
CSV,1505011,150500,51,51,0,26061,0,0.000000e+00,0.000000e+00,316809.4,93788233728.0,234596.2,56.02,54.71

=========================================
=== END OF TEST (duration=25 min) ===
=========================================
FINAL: syncs=51 lock=51 slip=0 slip_rate=0.0000
FINAL: bits_cum=26061 err_cum=0 BER_cum=0.0000e+00
FINAL: bits_lock=26061 err_lock=0 BER_cond=0.0000e+00
=========================================
=== STOP LOGGING NOW ===
=========================================
