

=== RX BOOT - BER TEST MODE ===
MOD=OOK (20 kHz carrier, adaptive threshold)
BPS_MODE=20 (HALF_SAMPLES=2000, 10000 samples/bit @ 200000 Hz)
Expect: 64-bit preamble + Barker13 (1F35h, gated by 8 preamble bits = 0x55) + 511-bit PRBS-9
Noise floor band: 5000 Hz; lock threshold: BER<0.10
Auto-stop: test will halt 25 min after the first sync.
RX: edge-tracking sync, center-3 voting
Starting decoder...

CSV,5011,500,0,0,0,0,0,0.000000e+00,0.000000e+00,437685.3,133781225472.0,309104.2,56.36,54.85
BER: SYNC #1 (gated)
CSV,10011,1000,1,0,0,81,0,0.000000e+00,0.000000e+00,376982.8,145352097792.0,271525.2,57.29,55.86
CSV,15011,1500,1,0,0,181,0,0.000000e+00,0.000000e+00,378466.0,114458378240.0,259006.6,56.45,54.81
CSV,20011,2000,1,0,0,280,0,0.000000e+00,0.000000e+00,414201.5,121379856384.0,265780.1,56.60,54.67
CSV,25011,2500,1,0,0,381,0,0.000000e+00,0.000000e+00,400019.3,155501559808.0,274407.1,57.53,55.90
CSV,30011,3000,1,0,0,480,0,0.000000e+00,0.000000e+00,412968.2,135067475968.0,280080.1,56.83,55.15
BER: END_SEQ #1 [LOCK] seq_err=0 BER_seq=0.0000e+00 | lock=1 slip=0 BER_cond=0.0000e+00 BER_cum=0.0000e+00
CSV,35011,3500,1,1,0,511,0,0.000000e+00,0.000000e+00,505703.0,147554025472.0,327195.4,56.54,54.65
BER: SYNC #2 (gated)
CSV,40011,4000,2,1,0,603,0,0.000000e+00,0.000000e+00,399071.1,130416230400.0,258185.6,57.03,55.14
CSV,45011,4500,2,1,0,703,0,0.000000e+00,0.000000e+00,380772.3,108762030080.0,254064.2,56.32,54.56
CSV,50011,5000,2,1,0,803,0,0.000000e+00,0.000000e+00,387768.7,138756571136.0,244477.8,57.54,55.54
CSV,55011,5500,2,1,0,903,0,0.000000e+00,0.000000e+00,387009.0,139162927104.0,285727.3,56.88,55.56
CSV,60011,6000,2,1,0,1003,0,0.000000e+00,0.000000e+00,377675.2,136335638528.0,265813.0,57.10,55.57
BER: END_SEQ #2 [LOCK] seq_err=0 BER_seq=0.0000e+00 | lock=2 slip=0 BER_cond=0.0000e+00 BER_cum=0.0000e+00
BER: SYNC #3 (gated)
CSV,65011,6500,3,2,0,1026,0,0.000000e+00,0.000000e+00,494237.7,142715568128.0,345246.9,56.16,54.61
CSV,70011,7000,3,2,0,1126,0,0.000000e+00,0.000000e+00,403681.1,145301585920.0,267507.9,57.35,55.56
CSV,75011,7500,3,2,0,1226,0,0.000000e+00,0.000000e+00,340678.9,102449217536.0,245814.1,56.20,54.78
CSV,80011,8000,3,2,0,1326,0,0.000000e+00,0.000000e+00,381032.6,136340520960.0,247328.1,57.41,55.54
CSV,85011,8500,3,2,0,1426,0,0.000000e+00,0.000000e+00,419871.6,139817287680.0,279734.2,56.99,55.22
CSV,90011,9000,3,2,0,1526,0,0.000000e+00,0.000000e+00,341211.5,142473101312.0,269790.8,57.23,56.21
BER: END_SEQ #3 [LOCK] seq_err=0 BER_seq=0.0000e+00 | lock=3 slip=0 BER_cond=0.0000e+00 BER_cum=0.0000e+00
BER: SYNC #4 (gated)
CSV,95011,9500,4,3,0,1549,0,0.000000e+00,0.000000e+00,511359.6,150707224576.0,342815.6,56.43,54.69
CSV,100011,10000,4,3,0,1649,0,0.000000e+00,0.000000e+00,352738.5,125190406144.0,257670.1,56.87,55.50
CSV,105011,10500,4,3,0,1749,0,0.000000e+00,0.000000e+00,361777.9,115217367040.0,246066.0,56.70,55.03
CSV,110011,11000,4,3,0,1849,0,0.000000e+00,0.000000e+00,393559.2,132551516160.0,268663.5,56.93,55.27
CSV,115011,11500,4,3,0,1948,0,0.000000e+00,0.000000e+00,412697.3,140728942592.0,273788.2,57.11,55.33
BER: END_SEQ #4 [LOCK] seq_err=0 BER_seq=0.0000e+00 | lock=4 slip=0 BER_cond=0.0000e+00 BER_cum=0.0000e+00
CSV,120011,12000,4,4,0,2044,0,0.000000e+00,0.000000e+00,414664.0,143722299392.0,255732.4,57.50,55.40
BER: SYNC #5 (gated)
CSV,125011,12500,5,4,0,2071,0,0.000000e+00,0.000000e+00,501418.1,138413719552.0,344553.4,56.04,54.41
CSV,130011,13000,5,4,0,2171,0,0.000000e+00,0.000000e+00,362654.2,118399090688.0,241820.2,56.90,55.14
CSV,135011,13500,5,4,0,2271,0,0.000000e+00,0.000000e+00,407625.8,126009982976.0,258412.1,56.88,54.90
CSV,140011,14000,5,4,0,2371,0,0.000000e+00,0.000000e+00,391969.2,135614767104.0,242895.5,57.47,55.39
CSV,145011,14500,5,4,0,2471,0,0.000000e+00,0.000000e+00,401361.2,133989253120.0,275626.9,56.87,55.24
BER: END_SEQ #5 [LOCK] seq_err=0 BER_seq=0.0000e+00 | lock=5 slip=0 BER_cond=0.0000e+00 BER_cum=0.0000e+00
CSV,150011,15000,5,5,0,2555,0,0.000000e+00,0.000000e+00,431141.2,145629577216.0,271307.7,57.30,55.29
BER: SYNC #6 (gated)
CSV,155011,15500,6,5,0,2594,0,0.000000e+00,0.000000e+00,488294.4,134340517888.0,299819.5,56.51,54.40
CSV,160011,16000,6,5,0,2694,0,0.000000e+00,0.000000e+00,350116.1,115171057664.0,231466.5,56.97,55.17
CSV,165011,16500,6,5,0,2794,0,0.000000e+00,0.000000e+00,439298.1,134212493312.0,292101.9,56.62,54.85
CSV,170011,17000,6,5,0,2894,0,0.000000e+00,0.000000e+00,375897.9,132551344128.0,261196.0,57.05,55.47
CSV,175011,17500,6,5,0,2994,0,0.000000e+00,0.000000e+00,423360.4,140365037568.0,278708.1,57.02,55.21
BER: END_SEQ #6 [LOCK] seq_err=0 BER_seq=0.0000e+00 | lock=6 slip=0 BER_cond=0.0000e+00 BER_cum=0.0000e+00
CSV,180011,18000,6,6,0,3066,0,0.000000e+00,0.000000e+00,380738.8,138249207808.0,276218.8,56.99,55.60
BER: SYNC #7 (gated)
CSV,185011,18500,7,6,0,3117,0,0.000000e+00,0.000000e+00,460465.0,133764972544.0,309154.8,56.36,54.63
CSV,190011,19000,7,6,0,3217,0,0.000000e+00,0.000000e+00,319293.7,111941681152.0,237528.7,56.73,55.45
CSV,195011,19500,7,6,0,3317,0,0.000000e+00,0.000000e+00,404122.9,140446564352.0,285537.8,56.92,55.41
CSV,200011,20000,7,6,0,3417,0,0.000000e+00,0.000000e+00,387976.0,133009170432.0,272540.8,56.88,55.35
CSV,205011,20500,7,6,0,3517,0,0.000000e+00,0.000000e+00,404656.0,131814064128.0,261488.5,57.03,55.13
BER: END_SEQ #7 [LOCK] seq_err=0 BER_seq=0.0000e+00 | lock=7 slip=0 BER_cond=0.0000e+00 BER_cum=0.0000e+00
CSV,210011,21000,7,7,0,3577,0,0.000000e+00,0.000000e+00,415745.4,143862562816.0,305698.4,56.73,55.39
BER: SYNC #8 (gated)
CSV,215011,21500,8,7,0,3640,0,0.000000e+00,0.000000e+00,389326.7,140626903040.0,279335.6,57.02,55.58
CSV,220011,22000,8,7,0,3739,0,0.000000e+00,0.000000e+00,372360.3,102420717568.0,245619.4,56.20,54.39
CSV,225011,22500,8,7,0,3839,0,0.000000e+00,0.000000e+00,393906.5,129236189184.0,296569.8,56.39,55.16
CSV,230011,23000,8,7,0,3939,0,0.000000e+00,0.000000e+00,389879.2,142792589312.0,259460.0,57.41,55.64
CSV,235011,23500,8,7,0,4039,0,0.000000e+00,0.000000e+00,425970.7,133775319040.0,268168.3,56.98,54.97
BER: END_SEQ #8 [LOCK] seq_err=0 BER_seq=0.0000e+00 | lock=8 slip=0 BER_cond=0.0000e+00 BER_cum=0.0000e+00
CSV,240011,24000,8,8,0,4088,0,0.000000e+00,0.000000e+00,479649.2,139717951488.0,307071.3,56.58,54.64
BER: SYNC #9 (gated)
CSV,245011,24500,9,8,0,4162,0,0.000000e+00,0.000000e+00,389548.8,137265438720.0,259719.4,57.23,55.47
CSV,250011,25000,9,8,0,4262,0,0.000000e+00,0.000000e+00,379371.1,107817123840.0,266940.0,56.06,54.54
CSV,255011,25500,9,8,0,4362,0,0.000000e+00,0.000000e+00,388283.0,128934060032.0,270758.0,56.78,55.21
CSV,260011,26000,9,8,0,4462,0,0.000000e+00,0.000000e+00,395510.5,148399521792.0,288124.5,57.12,55.74
CSV,265011,26500,9,8,0,4562,0,0.000000e+00,0.000000e+00,388616.0,124928851968.0,245262.4,57.07,55.07
BER: END_SEQ #9 [LOCK] seq_err=0 BER_seq=0.0000e+00 | lock=9 slip=0 BER_cond=0.0000e+00 BER_cum=0.0000e+00
CSV,270011,27000,9,9,0,4599,0,0.000000e+00,0.000000e+00,488672.4,143479144448.0,334167.2,56.33,54.68
BER: SYNC #10 (gated)
CSV,275011,27500,10,9,0,4685,0,0.000000e+00,0.000000e+00,398675.0,138849992704.0,259853.4,57.28,55.42
CSV,280011,28000,10,9,0,4785,0,0.000000e+00,0.000000e+00,320434.9,109980434432.0,249634.1,56.44,55.36
CSV,285011,28500,10,9,0,4885,0,0.000000e+00,0.000000e+00,392478.6,129855340544.0,294195.2,56.45,55.20
CSV,290011,29000,10,9,0,4985,0,0.000000e+00,0.000000e+00,426425.2,139479711744.0,276944.9,57.02,55.15
CSV,295011,29500,10,9,0,5085,0,0.000000e+00,0.000000e+00,368890.0,138725818368.0,254606.7,57.36,55.75
BER: END_SEQ #10 [LOCK] seq_err=0 BER_seq=0.0000e+00 | lock=10 slip=0 BER_cond=0.0000e+00 BER_cum=0.0000e+00
CSV,300011,30000,10,10,0,5110,0,0.000000e+00,0.000000e+00,496694.2,143099248640.0,336781.5,56.28,54.60
BER: SYNC #11 (gated)
CSV,305011,30500,11,10,0,5208,0,0.000000e+00,0.000000e+00,343396.3,129700438016.0,271026.0,56.80,55.77
CSV,310011,31000,11,10,0,5308,0,0.000000e+00,0.000000e+00,344701.5,104391032832.0,260471.6,56.03,54.81
CSV,315011,31500,11,10,0,5407,0,0.000000e+00,0.000000e+00,396315.4,138903846912.0,292366.5,56.77,55.45
CSV,320011,32000,11,10,0,5508,0,0.000000e+00,0.000000e+00,437809.0,137084887040.0,279265.1,56.91,54.96
CSV,325011,32500,11,10,0,5608,0,0.000000e+00,0.000000e+00,397516.1,137414762496.0,264235.4,57.16,55.39
BER: END_SEQ #11 [LOCK] seq_err=0 BER_seq=0.0000e+00 | lock=11 slip=0 BER_cond=0.0000e+00 BER_cum=0.0000e+00
BER: SYNC #12 (gated)
CSV,330011,33000,12,11,0,5630,0,0.000000e+00,0.000000e+00,509695.9,140864765952.0,338825.7,56.19,54.41
CSV,335011,33500,12,11,0,5730,0,0.000000e+00,0.000000e+00,375124.4,135591428096.0,283479.0,56.80,55.58
CSV,340011,34000,12,11,0,5830,0,0.000000e+00,0.000000e+00,352323.7,109851492352.0,241331.5,56.58,54.94
CSV,345011,34500,12,11,0,5930,0,0.000000e+00,0.000000e+00,380524.4,126135558144.0,277566.2,56.57,55.20
CSV,350011,35000,12,11,0,6030,0,0.000000e+00,0.000000e+00,427209.4,142781906944.0,285548.1,56.99,55.24
CSV,355011,35500,12,11,0,6130,0,0.000000e+00,0.000000e+00,351561.4,141692174336.0,234407.9,57.81,56.05
BER: END_SEQ #12 [LOCK] seq_err=0 BER_seq=0.0000e+00 | lock=12 slip=0 BER_cond=0.0000e+00 BER_cum=0.0000e+00
BER: SYNC #13 (gated)
CSV,360011,36000,13,12,0,6153,0,0.000000e+00,0.000000e+00,506633.9,136790548480.0,333407.4,56.13,54.31
CSV,365011,36500,13,12,0,6253,0,0.000000e+00,0.000000e+00,382038.7,120642502656.0,285674.0,56.26,54.99
CSV,370011,37000,13,12,0,6353,0,0.000000e+00,0.000000e+00,354335.8,112487268352.0,257650.3,56.40,55.02
CSV,375011,37500,13,12,0,6453,0,0.000000e+00,0.000000e+00,380073.0,136927412224.0,271864.8,57.02,55.57
CSV,380011,38000,13,12,0,6553,0,0.000000e+00,0.000000e+00,398637.0,134177652736.0,239775.8,57.48,55.27
BER: END_SEQ #13 [LOCK] seq_err=0 BER_seq=0.0000e+00 | lock=13 slip=0 BER_cond=0.0000e+00 BER_cum=0.0000e+00
CSV,385011,38500,13,13,0,6643,0,0.000000e+00,0.000000e+00,373382.5,140871106560.0,281773.6,56.99,55.77
BER: SYNC #14 (gated)
CSV,390011,39000,14,13,0,6676,0,0.000000e+00,0.000000e+00,455956.0,132959469568.0,303243.8,56.42,54.65
CSV,395011,39500,14,13,0,6776,0,0.000000e+00,0.000000e+00,327742.5,116436811776.0,265798.8,56.42,55.51
CSV,400011,40000,14,13,0,6876,0,0.000000e+00,0.000000e+00,395139.9,131270393856.0,271840.8,56.84,55.21
CSV,405011,40500,14,13,0,6976,0,0.000000e+00,0.000000e+00,393141.2,130447507456.0,263479.4,56.95,55.21
CSV,410011,41000,14,13,0,7076,0,0.000000e+00,0.000000e+00,405655.6,129376444416.0,274790.9,56.73,55.04
BER: END_SEQ #14 [LOCK] seq_err=0 BER_seq=0.0000e+00 | lock=14 slip=0 BER_cond=0.0000e+00 BER_cum=0.0000e+00
CSV,415011,41500,14,14,0,7154,0,0.000000e+00,0.000000e+00,447086.8,145859035136.0,290095.8,57.01,55.14
BER: SYNC #15 (gated)
CSV,420011,42000,15,14,0,7199,0,0.000000e+00,0.000000e+00,459662.3,130506850304.0,335072.9,55.90,54.53
CSV,425011,42500,15,14,0,7299,0,0.000000e+00,0.000000e+00,353711.5,108772089856.0,253362.6,56.33,54.88
CSV,430011,43000,15,14,0,7398,0,0.000000e+00,0.000000e+00,414894.7,134273638400.0,286356.4,56.71,55.10
CSV,435011,43500,15,14,0,7498,0,0.000000e+00,0.000000e+00,364463.8,134693634048.0,256190.0,57.21,55.68
CSV,440011,44000,15,14,0,7598,0,0.000000e+00,0.000000e+00,403410.8,137091497984.0,275455.0,56.97,55.31
BER: END_SEQ #15 [LOCK] seq_err=0 BER_seq=0.0000e+00 | lock=15 slip=0 BER_cond=0.0000e+00 BER_cum=0.0000e+00
CSV,445011,44500,15,15,0,7665,0,0.000000e+00,0.000000e+00,447072.3,133427650560.0,290856.4,56.62,54.75
BER: SYNC #16 (gated)
CSV,450011,45000,16,15,0,7721,0,0.000000e+00,0.000000e+00,473603.4,133190017024.0,327464.5,56.09,54.49
CSV,455011,45500,16,15,0,7821,0,0.000000e+00,0.000000e+00,361751.1,110944649216.0,231948.8,56.80,54.87
CSV,460011,46000,16,15,0,7921,0,0.000000e+00,0.000000e+00,395805.9,130607865856.0,280794.1,56.68,55.18
CSV,465011,46500,16,15,0,8021,0,0.000000e+00,0.000000e+00,382439.5,140825083904.0,254002.5,57.44,55.66
CSV,470011,47000,16,15,0,8121,0,0.000000e+00,0.000000e+00,371473.0,123030929408.0,259532.9,56.76,55.20
BER: END_SEQ #16 [LOCK] seq_err=0 BER_seq=0.0000e+00 | lock=16 slip=0 BER_cond=0.0000e+00 BER_cum=0.0000e+00
CSV,475011,47500,16,16,0,8176,0,0.000000e+00,0.000000e+00,429165.6,146543132672.0,291395.8,57.01,55.33
BER: SYNC #17 (gated)
CSV,480011,48000,17,16,0,8244,0,0.000000e+00,0.000000e+00,395034.2,140152373248.0,259739.8,57.32,55.50
CSV,485011,48500,17,16,0,8344,0,0.000000e+00,0.000000e+00,348926.3,100698357760.0,242389.0,56.19,54.60
CSV,490011,49000,17,16,0,8444,0,0.000000e+00,0.000000e+00,382604.2,128054894592.0,258292.2,56.95,55.25
CSV,495011,49500,17,16,0,8544,0,0.000000e+00,0.000000e+00,407423.3,143388884992.0,270761.8,57.24,55.46
CSV,500011,50000,17,16,0,8644,0,0.000000e+00,0.000000e+00,376117.2,126884167680.0,249929.5,57.06,55.28
BER: END_SEQ #17 [LOCK] seq_err=0 BER_seq=0.0000e+00 | lock=17 slip=0 BER_cond=0.0000e+00 BER_cum=0.0000e+00
CSV,505011,50500,17,17,0,8687,0,0.000000e+00,0.000000e+00,492588.7,141099188224.0,325039.9,56.38,54.57
BER: SYNC #18 (gated)
CSV,510011,51000,18,17,0,8767,0,0.000000e+00,0.000000e+00,355067.6,139136253952.0,264836.3,57.20,55.93
CSV,515011,51500,18,17,0,8867,0,0.000000e+00,0.000000e+00,354716.5,110585331712.0,236651.6,56.70,54.94
CSV,520011,52000,18,17,0,8967,0,0.000000e+00,0.000000e+00,400268.0,121323995136.0,284399.4,56.30,54.82
CSV,525011,52500,18,17,0,9066,0,0.000000e+00,0.000000e+00,383384.8,145550360576.0,286181.8,57.06,55.79
CSV,530011,53000,18,17,0,9167,0,0.000000e+00,0.000000e+00,416360.1,127990743040.0,267079.3,56.81,54.88
BER: END_SEQ #18 [LOCK] seq_err=0 BER_seq=0.0000e+00 | lock=18 slip=0 BER_cond=0.0000e+00 BER_cum=0.0000e+00
CSV,535011,53500,18,18,0,9198,0,0.000000e+00,0.000000e+00,525575.8,147573424128.0,357896.6,56.15,54.48
BER: SYNC #19 (gated)
CSV,540011,54000,19,18,0,9289,0,0.000000e+00,0.000000e+00,390270.2,127766708224.0,266412.3,56.81,55.15
CSV,545011,54500,19,18,0,9389,0,0.000000e+00,0.000000e+00,359175.0,105532153856.0,241061.8,56.41,54.68
CSV,550011,55000,19,18,0,9489,0,0.000000e+00,0.000000e+00,371403.5,130214854656.0,253344.9,57.11,55.45
CSV,555011,55500,19,18,0,9589,0,0.000000e+00,0.000000e+00,378273.3,136606318592.0,270591.4,57.03,55.58
CSV,560011,56000,19,18,0,9689,0,0.000000e+00,0.000000e+00,374801.4,133624332288.0,257960.4,57.14,55.52
BER: END_SEQ #19 [LOCK] seq_err=0 BER_seq=0.0000e+00 | lock=19 slip=0 BER_cond=0.0000e+00 BER_cum=0.0000e+00
BER: SYNC #20 (gated)
CSV,565011,56500,20,19,0,9712,0,0.000000e+00,0.000000e+00,468345.5,138567778304.0,325594.2,56.29,54.71
CSV,570011,57000,20,19,0,9812,0,0.000000e+00,0.000000e+00,394154.2,133687418880.0,254573.4,57.20,55.30
CSV,575011,57500,20,19,0,9912,0,0.000000e+00,0.000000e+00,314182.2,102778298368.0,211766.6,56.86,55.15
CSV,580011,58000,20,19,0,10012,0,0.000000e+00,0.000000e+00,366798.5,133394882560.0,228945.2,57.65,55.61
CSV,585011,58500,20,19,0,10112,0,0.000000e+00,0.000000e+00,387706.8,133265924096.0,246264.7,57.33,55.36
CSV,590011,59000,20,19,0,10212,0,0.000000e+00,0.000000e+00,337860.4,129958248448.0,221753.1,57.68,55.85
BER: END_SEQ #20 [LOCK] seq_err=0 BER_seq=0.0000e+00 | lock=20 slip=0 BER_cond=0.0000e+00 BER_cum=0.0000e+00
BER: SYNC #21 (gated)
CSV,595011,59500,21,20,0,10235,0,0.000000e+00,0.000000e+00,483682.3,149384658944.0,295771.8,57.03,54.90
CSV,600011,60000,21,20,0,10335,0,0.000000e+00,0.000000e+00,369922.5,123651571712.0,252941.0,56.89,55.24
CSV,605011,60500,21,20,0,10435,0,0.000000e+00,0.000000e+00,341042.0,107886862336.0,216394.0,56.98,55.00
CSV,610011,61000,21,20,0,10535,0,0.000000e+00,0.000000e+00,367661.4,125833519104.0,245522.6,57.10,55.34
CSV,615011,61500,21,20,0,10635,0,0.000000e+00,0.000000e+00,364015.8,137629138944.0,237072.5,57.64,55.78
BER: END_SEQ #21 [LOCK] seq_err=0 BER_seq=0.0000e+00 | lock=21 slip=0 BER_cond=0.0000e+00 BER_cum=0.0000e+00
CSV,620011,62000,21,21,0,10731,0,0.000000e+00,0.000000e+00,403372.4,142542077952.0,232708.5,57.87,55.48
BER: SYNC #22 (gated)
CSV,625011,62500,22,21,0,10758,0,0.000000e+00,0.000000e+00,488692.0,133396439040.0,315385.7,56.26,54.36
CSV,630011,63000,22,21,0,10857,0,0.000000e+00,0.000000e+00,377308.6,109998071808.0,229220.5,56.81,54.65
CSV,635011,63500,22,21,0,10957,0,0.000000e+00,0.000000e+00,364380.9,120526913536.0,228405.1,57.22,55.20
CSV,640011,64000,22,21,0,11057,0,0.000000e+00,0.000000e+00,338174.2,134173155328.0,238836.3,57.50,55.99
CSV,645011,64500,22,21,0,11157,0,0.000000e+00,0.000000e+00,372897.0,130641453056.0,262780.9,56.96,55.44
BER: END_SEQ #22 [LOCK] seq_err=0 BER_seq=0.0000e+00 | lock=22 slip=0 BER_cond=0.0000e+00 BER_cum=0.0000e+00
CSV,650011,65000,22,22,0,11242,0,0.000000e+00,0.000000e+00,396911.5,135554875392.0,264883.6,57.09,55.33
BER: SYNC #23 (gated)
CSV,655011,65500,23,22,0,11280,0,0.000000e+00,0.000000e+00,458842.9,130199134208.0,290370.1,56.52,54.53
CSV,660011,66000,23,22,0,11380,0,0.000000e+00,0.000000e+00,324274.5,113374511104.0,212535.7,57.27,55.44
CSV,665011,66500,23,22,0,11480,0,0.000000e+00,0.000000e+00,372395.1,130604220416.0,220574.9,57.72,55.45
CSV,670011,67000,23,22,0,11580,0,0.000000e+00,0.000000e+00,352119.8,124456067072.0,224769.0,57.43,55.48
CSV,675011,67500,23,22,0,11680,0,0.000000e+00,0.000000e+00,391953.2,135920205824.0,252465.6,57.31,55.40
BER: END_SEQ #23 [LOCK] seq_err=0 BER_seq=0.0000e+00 | lock=23 slip=0 BER_cond=0.0000e+00 BER_cum=0.0000e+00
CSV,680011,68000,23,23,0,11753,0,0.000000e+00,0.000000e+00,382996.3,137687318528.0,248723.9,57.43,55.56
BER: SYNC #24 (gated)
CSV,685011,68500,24,23,0,11803,0,0.000000e+00,0.000000e+00,435603.1,129878810624.0,269723.4,56.83,54.74
CSV,690011,69000,24,23,0,11903,0,0.000000e+00,0.000000e+00,312146.1,106700431360.0,199404.6,57.28,55.34
CSV,695011,69500,24,23,0,12003,0,0.000000e+00,0.000000e+00,373009.2,133901385728.0,229516.7,57.66,55.55
CSV,700011,70000,24,23,0,12103,0,0.000000e+00,0.000000e+00,372156.0,131880468480.0,223196.2,57.71,55.49
CSV,705011,70500,24,23,0,12203,0,0.000000e+00,0.000000e+00,388002.3,130374025216.0,253725.4,57.11,55.26
BER: END_SEQ #24 [LOCK] seq_err=0 BER_seq=0.0000e+00 | lock=24 slip=0 BER_cond=0.0000e+00 BER_cum=0.0000e+00
CSV,710011,71000,24,24,0,12264,0,0.000000e+00,0.000000e+00,426614.4,132067770368.0,254875.1,57.14,54.91
BER: SYNC #25 (gated)
CSV,715011,71500,25,24,0,12326,0,0.000000e+00,0.000000e+00,397589.9,135348494336.0,255165.5,57.25,55.32
CSV,720011,72000,25,24,0,12425,0,0.000000e+00,0.000000e+00,365936.6,105874726912.0,226056.2,56.71,54.61
CSV,725011,72500,25,24,0,12525,0,0.000000e+00,0.000000e+00,388270.6,126378500096.0,206668.3,57.86,55.13
CSV,730011,73000,25,24,0,12626,0,0.000000e+00,0.000000e+00,364802.6,135715733504.0,235473.5,57.61,55.71
CSV,735011,73500,25,24,0,12726,0,0.000000e+00,0.000000e+00,406118.3,128651821056.0,264384.6,56.87,55.01
BER: END_SEQ #25 [LOCK] seq_err=0 BER_seq=0.0000e+00 | lock=25 slip=0 BER_cond=0.0000e+00 BER_cum=0.0000e+00
CSV,740011,74000,25,25,0,12775,0,0.000000e+00,0.000000e+00,459082.6,143504375808.0,305077.9,56.72,54.95
BER: SYNC #26 (gated)
CSV,745011,74500,26,25,0,12848,0,0.000000e+00,0.000000e+00,402191.2,137529556992.0,275071.2,56.99,55.34
CSV,750011,75000,26,25,0,12948,0,0.000000e+00,0.000000e+00,379371.9,102537281536.0,246210.0,56.20,54.32
CSV,755011,75500,26,25,0,13048,0,0.000000e+00,0.000000e+00,368138.8,122066911232.0,251650.2,56.86,55.21
CSV,760011,76000,26,25,0,13148,0,0.000000e+00,0.000000e+00,382127.2,150179676160.0,275317.7,57.37,55.94
CSV,765011,76500,26,25,0,13248,0,0.000000e+00,0.000000e+00,349352.8,122227810304.0,247197.8,56.94,55.44
BER: END_SEQ #26 [LOCK] seq_err=0 BER_seq=0.0000e+00 | lock=26 slip=0 BER_cond=0.0000e+00 BER_cum=0.0000e+00
CSV,770011,77000,26,26,0,13286,0,0.000000e+00,0.000000e+00,452100.8,133769863168.0,313359.2,56.30,54.71
BER: SYNC #27 (gated)
CSV,775011,77500,27,26,0,13371,0,0.000000e+00,0.000000e+00,360396.6,132990304256.0,244741.2,57.35,55.67
CSV,780011,78000,27,26,0,13471,0,0.000000e+00,0.000000e+00,330821.3,111180636160.0,212752.4,57.18,55.26
CSV,785011,78500,27,26,0,13571,0,0.000000e+00,0.000000e+00,389887.8,124017876992.0,230251.5,57.31,55.03
CSV,790011,79000,27,26,0,13671,0,0.000000e+00,0.000000e+00,396863.0,134437027840.0,246050.1,57.37,55.30
CSV,795011,79500,27,26,0,13771,0,0.000000e+00,0.000000e+00,374112.2,130612281344.0,247866.3,57.22,55.43
BER: END_SEQ #27 [LOCK] seq_err=0 BER_seq=0.0000e+00 | lock=27 slip=0 BER_cond=0.0000e+00 BER_cum=0.0000e+00
CSV,800011,80000,27,27,0,13797,0,0.000000e+00,0.000000e+00,492985.6,145076469760.0,320915.8,56.55,54.69
BER: SYNC #28 (gated)
CSV,805011,80500,28,27,0,13894,0,0.000000e+00,0.000000e+00,348878.9,129209958400.0,224329.3,57.60,55.69
CSV,810011,81000,28,27,0,13994,0,0.000000e+00,0.000000e+00,365013.1,99368869888.0,240532.0,56.16,54.35
CSV,815011,81500,28,27,0,14094,0,0.000000e+00,0.000000e+00,384451.5,133702819840.0,245933.4,57.35,55.41
CSV,820011,82000,28,27,0,14194,0,0.000000e+00,0.000000e+00,397409.0,136315838464.0,254934.7,57.28,55.35
CSV,825011,82500,28,27,0,14294,0,0.000000e+00,0.000000e+00,381999.3,135883980800.0,238009.1,57.57,55.51
BER: END_SEQ #28 [LOCK] seq_err=0 BER_seq=0.0000e+00 | lock=28 slip=0 BER_cond=0.0000e+00 BER_cum=0.0000e+00
BER: SYNC #29 (gated)
CSV,830011,83000,29,28,0,14317,0,0.000000e+00,0.000000e+00,486056.1,136380030976.0,334376.9,56.11,54.48
CSV,835011,83500,29,28,0,14417,0,0.000000e+00,0.000000e+00,417200.5,130887139328.0,273165.8,56.80,54.97
CSV,840011,84000,29,28,0,14516,0,0.000000e+00,0.000000e+00,372242.1,110014521344.0,229565.8,56.81,54.71
CSV,845011,84500,29,28,0,14616,0,0.000000e+00,0.000000e+00,361205.9,128443924480.0,267642.3,56.81,55.51
CSV,850011,85000,29,28,0,14716,0,0.000000e+00,0.000000e+00,385488.6,135641137152.0,270487.5,57.00,55.46
CSV,855011,85500,29,28,0,14816,0,0.000000e+00,0.000000e+00,330302.7,136017715200.0,237233.0,57.58,56.15
BER: END_SEQ #29 [LOCK] seq_err=0 BER_seq=0.0000e+00 | lock=29 slip=0 BER_cond=0.0000e+00 BER_cum=0.0000e+00
BER: SYNC #30 (gated)
CSV,860011,86000,30,29,0,14839,0,0.000000e+00,0.000000e+00,502410.1,141060734976.0,342938.2,56.14,54.48
CSV,865011,86500,30,29,0,14939,0,0.000000e+00,0.000000e+00,374631.7,122401161216.0,255803.1,56.80,55.14
CSV,870011,87000,30,29,0,15039,0,0.000000e+00,0.000000e+00,360671.8,108792070144.0,265029.5,56.13,54.79
CSV,875011,87500,30,29,0,15139,0,0.000000e+00,0.000000e+00,373185.9,132996784128.0,262673.4,57.04,55.52
CSV,880011,88000,30,29,0,15239,0,0.000000e+00,0.000000e+00,393702.9,136296243200.0,254246.8,57.29,55.39
BER: END_SEQ #30 [LOCK] seq_err=0 BER_seq=0.0000e+00 | lock=30 slip=0 BER_cond=0.0000e+00 BER_cum=0.0000e+00
CSV,885011,88500,30,30,0,15330,0,0.000000e+00,0.000000e+00,359774.0,139357077504.0,265585.0,57.20,55.88
BER: SYNC #31 (gated)
CSV,890011,89000,31,30,0,15362,0,0.000000e+00,0.000000e+00,480944.3,130596593664.0,346204.1,55.77,54.34
CSV,895011,89500,31,30,0,15462,0,0.000000e+00,0.000000e+00,321253.4,111551283200.0,281953.9,55.97,55.41
CSV,900011,90000,31,30,0,15562,0,0.000000e+00,0.000000e+00,386362.9,133405777920.0,279403.6,56.79,55.38
CSV,905011,90500,31,30,0,15662,0,0.000000e+00,0.000000e+00,382869.6,131146260480.0,276849.4,56.76,55.35
CSV,910011,91000,31,30,0,15762,0,0.000000e+00,0.000000e+00,393057.7,123094548480.0,272948.0,56.54,54.96
BER: END_SEQ #31 [LOCK] seq_err=0 BER_seq=0.0000e+00 | lock=31 slip=0 BER_cond=0.0000e+00 BER_cum=0.0000e+00
CSV,915011,91500,31,31,0,15841,0,0.000000e+00,0.000000e+00,440813.3,140077563904.0,287883.8,56.87,55.02
BER: SYNC #32 (gated)
CSV,920011,92000,32,31,0,15885,0,0.000000e+00,0.000000e+00,444492.3,132209926144.0,318494.7,56.18,54.73
CSV,925011,92500,32,31,0,15984,0,0.000000e+00,0.000000e+00,356336.9,109893468160.0,250635.6,56.42,54.89
CSV,930011,93000,32,31,0,16084,0,0.000000e+00,0.000000e+00,413106.2,133241495552.0,287011.1,56.67,55.09
CSV,935011,93500,32,31,0,16184,0,0.000000e+00,0.000000e+00,351389.9,127331426304.0,258696.8,56.92,55.59
CSV,940011,94000,32,31,0,16284,0,0.000000e+00,0.000000e+00,386249.7,140524519424.0,276842.3,57.06,55.61
BER: END_SEQ #32 [LOCK] seq_err=0 BER_seq=0.0000e+00 | lock=32 slip=0 BER_cond=0.0000e+00 BER_cum=0.0000e+00
CSV,945011,94500,32,32,0,16352,0,0.000000e+00,0.000000e+00,436057.9,133287215104.0,288880.7,56.64,54.85
BER: SYNC #33 (gated)
CSV,950011,95000,33,32,0,16407,0,0.000000e+00,0.000000e+00,470598.3,128637583360.0,325486.9,55.97,54.37
CSV,955011,95500,33,32,0,16507,0,0.000000e+00,0.000000e+00,350471.8,106300416000.0,220114.0,56.84,54.82
CSV,960011,96000,33,32,0,16607,0,0.000000e+00,0.000000e+00,398555.7,132780310528.0,270501.1,56.91,55.23
CSV,965011,96500,33,32,0,16707,0,0.000000e+00,0.000000e+00,358462.8,139895619584.0,250546.6,57.47,55.91
CSV,970011,97000,33,32,0,16807,0,0.000000e+00,0.000000e+00,362769.0,121154666496.0,260207.9,56.68,55.24
BER: END_SEQ #33 [LOCK] seq_err=0 BER_seq=0.0000e+00 | lock=33 slip=0 BER_cond=0.0000e+00 BER_cum=0.0000e+00
CSV,975011,97500,33,33,0,16863,0,0.000000e+00,0.000000e+00,437212.5,138190471168.0,319404.8,56.36,55.00
BER: SYNC #34 (gated)
CSV,980011,98000,34,33,0,16930,0,0.000000e+00,0.000000e+00,429843.1,138349625344.0,276321.2,57.00,55.08
CSV,985011,98500,34,33,0,17030,0,0.000000e+00,0.000000e+00,312225.3,100850221056.0,217528.2,56.66,55.09
CSV,990011,99000,34,33,0,17130,0,0.000000e+00,0.000000e+00,347219.2,124292456448.0,206256.9,57.80,55.54
CSV,995011,99500,34,33,0,17230,0,0.000000e+00,0.000000e+00,395062.4,136690352128.0,235262.8,57.64,55.39
CSV,1000011,100000,34,33,0,17330,0,0.000000e+00,0.000000e+00,337347.4,125953007616.0,249959.6,57.02,55.72
BER: END_SEQ #34 [LOCK] seq_err=0 BER_seq=0.0000e+00 | lock=34 slip=0 BER_cond=0.0000e+00 BER_cum=0.0000e+00
CSV,1005011,100500,34,34,0,17374,0,0.000000e+00,0.000000e+00,460889.2,140773588992.0,295086.2,56.79,54.85
BER: SYNC #35 (gated)
CSV,1010011,101000,35,34,0,17453,0,0.000000e+00,0.000000e+00,358845.8,132127367168.0,228487.7,57.62,55.66
CSV,1015011,101500,35,34,0,17553,0,0.000000e+00,0.000000e+00,311478.7,103932329984.0,214558.1,56.85,55.23
CSV,1020011,102000,35,34,0,17653,0,0.000000e+00,0.000000e+00,361557.3,120379555840.0,195593.1,57.89,55.22
CSV,1025011,102500,35,34,0,17753,0,0.000000e+00,0.000000e+00,387447.9,147684229120.0,231717.6,58.04,55.81
CSV,1030011,103000,35,34,0,17853,0,0.000000e+00,0.000000e+00,370545.3,122102079488.0,244313.1,56.99,55.18
BER: END_SEQ #35 [LOCK] seq_err=0 BER_seq=0.0000e+00 | lock=35 slip=0 BER_cond=0.0000e+00 BER_cum=0.0000e+00
CSV,1035011,103500,35,35,0,17885,0,0.000000e+00,0.000000e+00,488475.8,138867425280.0,323933.6,56.32,54.54
BER: SYNC #36 (gated)
CSV,1040011,104000,36,35,0,17975,0,0.000000e+00,0.000000e+00,346447.0,129109966848.0,231442.6,57.47,55.71
CSV,1045011,104500,36,35,0,18075,0,0.000000e+00,0.000000e+00,381396.4,107609481216.0,250609.6,56.33,54.50
CSV,1050011,105000,36,35,0,18175,0,0.000000e+00,0.000000e+00,379043.8,127680438272.0,258515.5,56.94,55.27
CSV,1055011,105500,36,35,0,18275,0,0.000000e+00,0.000000e+00,378053.3,130306154496.0,254722.0,57.09,55.37
CSV,1060011,106000,36,35,0,18375,0,0.000000e+00,0.000000e+00,394945.7,130217377792.0,268232.4,56.86,55.18
BER: END_SEQ #36 [LOCK] seq_err=0 BER_seq=0.0000e+00 | lock=36 slip=0 BER_cond=0.0000e+00 BER_cum=0.0000e+00
BER: SYNC #37 (gated)
CSV,1065011,106500,37,36,0,18398,0,0.000000e+00,0.000000e+00,466346.8,142828781568.0,305867.3,56.69,54.86
CSV,1070011,107000,37,36,0,18498,0,0.000000e+00,0.000000e+00,392899.0,129778008064.0,252453.5,57.11,55.19
CSV,1075011,107500,37,36,0,18598,0,0.000000e+00,0.000000e+00,340831.5,101264637952.0,230267.5,56.43,54.73
CSV,1080011,108000,37,36,0,18698,0,0.000000e+00,0.000000e+00,345705.9,132742127616.0,244375.0,57.35,55.84
CSV,1085011,108500,37,36,0,18798,0,0.000000e+00,0.000000e+00,386550.5,136810201088.0,278271.6,56.92,55.49
CSV,1090011,109000,37,36,0,18898,0,0.000000e+00,0.000000e+00,332452.1,128891232256.0,265560.1,56.86,55.88
BER: END_SEQ #37 [LOCK] seq_err=0 BER_seq=0.0000e+00 | lock=37 slip=0 BER_cond=0.0000e+00 BER_cum=0.0000e+00
BER: SYNC #38 (gated)
CSV,1095011,109500,38,37,0,18921,0,0.000000e+00,0.000000e+00,490454.4,143771877376.0,324267.6,56.47,54.67
CSV,1100011,110000,38,37,0,19021,0,0.000000e+00,0.000000e+00,356444.1,124869623808.0,257751.9,56.85,55.44
CSV,1105011,110500,38,37,0,19121,0,0.000000e+00,0.000000e+00,330951.3,110732353536.0,230653.8,56.81,55.25
CSV,1110011,111000,38,37,0,19221,0,0.000000e+00,0.000000e+00,381817.3,125209640960.0,245371.9,57.08,55.16
CSV,1115011,111500,38,37,0,19321,0,0.000000e+00,0.000000e+00,391685.2,132887666688.0,259368.6,57.10,55.31
BER: END_SEQ #38 [LOCK] seq_err=0 BER_seq=0.0000e+00 | lock=38 slip=0 BER_cond=0.0000e+00 BER_cum=0.0000e+00
CSV,1120011,112000,38,38,0,19418,0,0.000000e+00,0.000000e+00,383030.3,138478944256.0,248588.7,57.46,55.58
BER: SYNC #39 (gated)
CSV,1125011,112500,39,38,0,19444,0,0.000000e+00,0.000000e+00,500018.9,139423940608.0,330423.0,56.25,54.45
CSV,1130011,113000,39,38,0,19543,0,0.000000e+00,0.000000e+00,359574.7,112607879168.0,223883.7,57.02,54.96
CSV,1135011,113500,39,38,0,19643,0,0.000000e+00,0.000000e+00,381956.6,113887985664.0,232788.6,56.90,54.74
CSV,1140011,114000,39,38,0,19744,0,0.000000e+00,0.000000e+00,371797.4,132623474688.0,218514.0,57.83,55.52
CSV,1145011,114500,39,38,0,19843,0,0.000000e+00,0.000000e+00,393255.8,135193772032.0,251065.1,57.31,55.36
BER: END_SEQ #39 [LOCK] seq_err=0 BER_seq=0.0000e+00 | lock=39 slip=0 BER_cond=0.0000e+00 BER_cum=0.0000e+00
CSV,1150011,115000,39,39,0,19929,0,0.000000e+00,0.000000e+00,394206.2,135905435648.0,238199.2,57.56,55.38
BER: SYNC #40 (gated)
CSV,1155011,115500,40,39,0,19966,0,0.000000e+00,0.000000e+00,469312.3,124729540608.0,305972.1,56.10,54.25
CSV,1160011,116000,40,39,0,20066,0,0.000000e+00,0.000000e+00,369436.9,110997356544.0,228227.4,56.87,54.78
CSV,1165011,116500,40,39,0,20166,0,0.000000e+00,0.000000e+00,407367.5,132866670592.0,251904.8,57.22,55.13
CSV,1170011,117000,40,39,0,20266,0,0.000000e+00,0.000000e+00,346244.3,126752505856.0,244852.1,57.14,55.64
CSV,1175011,117500,40,39,0,20366,0,0.000000e+00,0.000000e+00,385482.8,130844991488.0,253749.6,57.12,55.31
BER: END_SEQ #40 [LOCK] seq_err=0 BER_seq=0.0000e+00 | lock=40 slip=0 BER_cond=0.0000e+00 BER_cum=0.0000e+00
CSV,1180011,118000,40,40,0,20440,0,0.000000e+00,0.000000e+00,369501.9,136677048320.0,271951.7,57.01,55.68
BER: SYNC #41 (gated)
CSV,1185011,118500,41,40,0,20489,0,0.000000e+00,0.000000e+00,429459.6,134633578496.0,302979.6,56.48,54.96
CSV,1190011,119000,41,40,0,20589,0,0.000000e+00,0.000000e+00,323913.2,106382917632.0,228335.0,56.68,55.16
CSV,1195011,119500,41,40,0,20689,0,0.000000e+00,0.000000e+00,401332.2,129130872832.0,289774.7,56.49,55.08
CSV,1200011,120000,41,40,0,20789,0,0.000000e+00,0.000000e+00,382128.2,131913015296.0,263390.6,57.00,55.38
CSV,1205011,120500,41,40,0,20889,0,0.000000e+00,0.000000e+00,386763.5,132989444096.0,260502.7,57.08,55.36
BER: END_SEQ #41 [LOCK] seq_err=0 BER_seq=0.0000e+00 | lock=41 slip=0 BER_cond=0.0000e+00 BER_cum=0.0000e+00
CSV,1210011,121000,41,41,0,20951,0,0.000000e+00,0.000000e+00,417555.5,135940644864.0,302792.9,56.52,55.13
BER: SYNC #42 (gated)
CSV,1215011,121500,42,41,0,21012,0,0.000000e+00,0.000000e+00,387182.5,130215452672.0,266146.7,56.90,55.27
CSV,1220011,122000,42,41,0,21112,0,0.000000e+00,0.000000e+00,352609.4,106388873216.0,244515.5,56.39,54.80
CSV,1225011,122500,42,41,0,21211,0,0.000000e+00,0.000000e+00,400775.6,129969381376.0,250811.9,57.14,55.11
CSV,1230011,123000,42,41,0,21311,0,0.000000e+00,0.000000e+00,361144.8,134430957568.0,243547.1,57.42,55.71
CSV,1235011,123500,42,41,0,21411,0,0.000000e+00,0.000000e+00,413280.2,124592209920.0,276232.8,56.54,54.79
BER: END_SEQ #42 [LOCK] seq_err=0 BER_seq=0.0000e+00 | lock=42 slip=0 BER_cond=0.0000e+00 BER_cum=0.0000e+00
CSV,1240011,124000,42,42,0,21462,0,0.000000e+00,0.000000e+00,494670.9,141217857536.0,321407.2,56.43,54.56
BER: SYNC #43 (gated)
CSV,1245011,124500,43,42,0,21534,0,0.000000e+00,0.000000e+00,409136.9,141130661888.0,235066.2,57.78,55.38
CSV,1250011,125000,43,42,0,21634,0,0.000000e+00,0.000000e+00,359325.9,102105440256.0,239328.7,56.30,54.54
CSV,1255011,125500,43,42,0,21734,0,0.000000e+00,0.000000e+00,355764.9,117999853568.0,243756.8,56.85,55.21
CSV,1260011,126000,43,42,0,21834,0,0.000000e+00,0.000000e+00,365276.9,146779373568.0,257709.3,57.56,56.04
CSV,1265011,126500,43,42,0,21934,0,0.000000e+00,0.000000e+00,371722.5,124474155008.0,262513.7,56.76,55.25
BER: END_SEQ #43 [LOCK] seq_err=0 BER_seq=0.0000e+00 | lock=43 slip=0 BER_cond=0.0000e+00 BER_cum=0.0000e+00
CSV,1270011,127000,43,43,0,21973,0,0.000000e+00,0.000000e+00,444567.9,137411084288.0,323641.2,56.28,54.90
BER: SYNC #44 (gated)
CSV,1275011,127500,44,43,0,22057,0,0.000000e+00,0.000000e+00,381067.3,131649470464.0,279890.6,56.72,55.38
CSV,1280011,128000,44,43,0,22157,0,0.000000e+00,0.000000e+00,347590.6,108523585536.0,227757.6,56.78,54.94
CSV,1285011,128500,44,43,0,22257,0,0.000000e+00,0.000000e+00,365531.4,125961641984.0,229077.6,57.40,55.37
CSV,1290011,129000,44,43,0,22357,0,0.000000e+00,0.000000e+00,416340.2,138843193344.0,269313.9,57.12,55.23
CSV,1295011,129500,44,43,0,22457,0,0.000000e+00,0.000000e+00,385078.1,127647899648.0,253771.8,57.02,55.20
BER: END_SEQ #44 [LOCK] seq_err=0 BER_seq=0.0000e+00 | lock=44 slip=0 BER_cond=0.0000e+00 BER_cum=0.0000e+00
CSV,1300011,130000,44,44,0,22484,0,0.000000e+00,0.000000e+00,493669.1,140246712320.0,326894.4,56.32,54.53
BER: SYNC #45 (gated)
CSV,1305011,130500,45,44,0,22580,0,0.000000e+00,0.000000e+00,349734.2,130367717376.0,244725.5,57.26,55.71
CSV,1310011,131000,45,44,0,22680,0,0.000000e+00,0.000000e+00,345385.5,100475961344.0,211649.1,56.76,54.64
CSV,1315011,131500,45,44,0,22780,0,0.000000e+00,0.000000e+00,396976.4,129771732992.0,249440.2,57.16,55.14
CSV,1320011,132000,45,44,0,22880,0,0.000000e+00,0.000000e+00,414100.1,130931769344.0,264691.4,56.94,55.00
CSV,1325011,132500,45,44,0,22980,0,0.000000e+00,0.000000e+00,388252.1,137853747200.0,239587.5,57.60,55.50
BER: END_SEQ #45 [LOCK] seq_err=0 BER_seq=0.0000e+00 | lock=45 slip=0 BER_cond=0.0000e+00 BER_cum=0.0000e+00
BER: SYNC #46 (gated)
CSV,1330011,133000,46,45,0,23003,0,0.000000e+00,0.000000e+00,462722.1,138183622656.0,305528.7,56.55,54.75
CSV,1335011,133500,46,45,0,23102,0,0.000000e+00,0.000000e+00,391605.2,127900647424.0,238083.1,57.30,55.14
CSV,1340011,134000,46,45,0,23203,0,0.000000e+00,0.000000e+00,349780.5,104797577216.0,233321.1,56.52,54.77
CSV,1345011,134500,46,45,0,23302,0,0.000000e+00,0.000000e+00,376433.6,131614793728.0,250424.2,57.21,55.44
CSV,1350011,135000,46,45,0,23402,0,0.000000e+00,0.000000e+00,395760.1,134850101248.0,270084.1,56.98,55.32
CSV,1355011,135500,46,45,0,23502,0,0.000000e+00,0.000000e+00,323647.7,132356841472.0,248850.0,57.26,56.12
BER: END_SEQ #46 [LOCK] seq_err=0 BER_seq=0.0000e+00 | lock=46 slip=0 BER_cond=0.0000e+00 BER_cum=0.0000e+00
BER: SYNC #47 (gated)
CSV,1360011,136000,47,46,0,23525,0,0.000000e+00,0.000000e+00,491268.5,134314049536.0,326206.6,56.15,54.37
CSV,1365011,136500,47,46,0,23625,0,0.000000e+00,0.000000e+00,356494.5,124743024640.0,234280.2,57.26,55.44
CSV,1370011,137000,47,46,0,23725,0,0.000000e+00,0.000000e+00,365370.4,112238092288.0,228717.1,56.91,54.87
CSV,1375011,137500,47,46,0,23825,0,0.000000e+00,0.000000e+00,380360.7,129533386752.0,239103.9,57.34,55.32
CSV,1380011,138000,47,46,0,23925,0,0.000000e+00,0.000000e+00,386095.6,131214680064.0,246657.5,57.26,55.31
BER: END_SEQ #47 [LOCK] seq_err=0 BER_seq=0.0000e+00 | lock=47 slip=0 BER_cond=0.0000e+00 BER_cum=0.0000e+00
CSV,1385011,138500,47,47,0,24017,0,0.000000e+00,0.000000e+00,406902.1,141686571008.0,250833.2,57.52,55.42
BER: SYNC #48 (gated)
CSV,1390011,139000,48,47,0,24048,0,0.000000e+00,0.000000e+00,473767.0,134783762432.0,320605.7,56.24,54.54
CSV,1395011,139500,48,47,0,24148,0,0.000000e+00,0.000000e+00,363284.0,109554515968.0,218665.0,57.00,54.79
CSV,1400011,140000,48,47,0,24248,0,0.000000e+00,0.000000e+00,387518.8,126403174400.0,249824.3,57.04,55.13
CSV,1405011,140500,48,47,0,24348,0,0.000000e+00,0.000000e+00,374770.8,132400594944.0,240804.7,57.40,55.48
CSV,1410011,141000,48,47,0,24448,0,0.000000e+00,0.000000e+00,387518.2,127678439424.0,263637.9,56.85,55.18
BER: END_SEQ #48 [LOCK] seq_err=0 BER_seq=0.0000e+00 | lock=48 slip=0 BER_cond=0.0000e+00 BER_cum=0.0000e+00
CSV,1415011,141500,48,48,0,24528,0,0.000000e+00,0.000000e+00,410269.0,138370744320.0,266373.4,57.16,55.28
BER: SYNC #49 (gated)
CSV,1420011,142000,49,48,0,24571,0,0.000000e+00,0.000000e+00,434893.0,123643076608.0,276527.5,56.50,54.54
CSV,1425011,142500,49,48,0,24671,0,0.000000e+00,0.000000e+00,346210.7,113749008384.0,215634.4,57.22,55.17
CSV,1430011,143000,49,48,0,24771,0,0.000000e+00,0.000000e+00,396955.9,135421657088.0,260792.2,57.15,55.33
CSV,1435011,143500,49,48,0,24871,0,0.000000e+00,0.000000e+00,362536.0,125262872576.0,246439.9,57.06,55.38
CSV,1440011,144000,49,48,0,24970,0,0.000000e+00,0.000000e+00,409729.4,133232164864.0,268359.8,56.96,55.12
BER: END_SEQ #49 [LOCK] seq_err=0 BER_seq=0.0000e+00 | lock=49 slip=0 BER_cond=0.0000e+00 BER_cum=0.0000e+00
CSV,1445011,144500,49,49,0,25039,0,0.000000e+00,0.000000e+00,418698.9,136845254656.0,301941.6,56.56,55.14
BER: SYNC #50 (gated)
CSV,1450011,145000,50,49,0,25093,0,0.000000e+00,0.000000e+00,413680.8,130942590976.0,275274.2,56.77,55.00
CSV,1455011,145500,50,49,0,25193,0,0.000000e+00,0.000000e+00,326191.9,107526070272.0,228634.3,56.72,55.18
CSV,1460011,146000,50,49,0,25293,0,0.000000e+00,0.000000e+00,369796.3,128430268416.0,215081.8,57.76,55.41
CSV,1465011,146500,50,49,0,25393,0,0.000000e+00,0.000000e+00,405436.2,138476158976.0,254161.6,57.36,55.33
CSV,1470011,147000,50,49,0,25493,0,0.000000e+00,0.000000e+00,382633.3,126501208064.0,260180.2,56.87,55.19
BER: END_SEQ #50 [LOCK] seq_err=0 BER_seq=0.0000e+00 | lock=50 slip=0 BER_cond=0.0000e+00 BER_cum=0.0000e+00
CSV,1475011,147500,50,50,0,25550,0,0.000000e+00,0.000000e+00,439196.4,135066075136.0,266837.9,57.04,54.88
BER: SYNC #51 (gated)
CSV,1480011,148000,51,50,0,25616,0,0.000000e+00,0.000000e+00,397911.4,134236135424.0,250439.6,57.29,55.28
CSV,1485011,148500,51,50,0,25716,0,0.000000e+00,0.000000e+00,366666.5,102251667456.0,238961.1,56.31,54.45
CSV,1490011,149000,51,50,0,25816,0,0.000000e+00,0.000000e+00,379961.1,128650518528.0,235365.7,57.38,55.30
CSV,1495011,149500,51,50,0,25916,0,0.000000e+00,0.000000e+00,376089.4,136460468224.0,269398.9,57.05,55.60
CSV,1500011,150000,51,50,0,26016,0,0.000000e+00,0.000000e+00,366249.2,124166578176.0,262435.8,56.75,55.30
BER: END_SEQ #51 [LOCK] seq_err=0 BER_seq=0.0000e+00 | lock=51 slip=0 BER_cond=0.0000e+00 BER_cum=0.0000e+00
CSV,1505011,150500,51,51,0,26061,0,0.000000e+00,0.000000e+00,453054.1,141652557824.0,301067.2,56.73,54.95

=========================================
=== END OF TEST (duration=25 min) ===
=========================================
FINAL: syncs=51 lock=51 slip=0 slip_rate=0.0000
FINAL: bits_cum=26061 err_cum=0 BER_cum=0.0000e+00
FINAL: bits_lock=26061 err_lock=0 BER_cond=0.0000e+00
=========================================
=== STOP LOGGING NOW ===
=========================================
