

=== RX BOOT - BER TEST MODE ===
MOD=OOK (20 kHz carrier, adaptive threshold)
BPS_MODE=20 (HALF_SAMPLES=2000, 10000 samples/bit @ 200000 Hz)
Expect: 64-bit preamble + Barker13 (1F35h, gated by 8 preamble bits = 0x55) + 511-bit PRBS-9
Noise floor band: 5000 Hz; lock threshold: BER<0.10
Auto-stop: test will halt 25 min after the first sync.
RX: edge-tracking sync, center-3 voting
Starting decoder...

CSV,5011,500,0,0,0,0,0,0.000000e+00,0.000000e+00,4505.6,237510.2,6981.5,15.32,17.22
CSV,10011,1000,0,0,0,0,0,0.000000e+00,0.000000e+00,3721.6,328842.3,6155.5,17.28,19.46
CSV,15011,1500,0,0,0,0,0,0.000000e+00,0.000000e+00,3319.5,182642.7,4328.5,16.25,17.41
CSV,20011,2000,0,0,0,0,0,0.000000e+00,0.000000e+00,3665.6,130427.7,3708.8,15.46,15.51
CSV,25011,2500,0,0,0,0,0,0.000000e+00,0.000000e+00,3120.8,155370.9,3640.2,16.30,16.97
BER: SYNC #1 (gated)
CSV,30011,3000,1,0,0,59,0,0.000000e+00,0.000000e+00,3286.9,208901.4,3865.1,17.33,18.03
CSV,35011,3500,1,0,0,159,0,0.000000e+00,0.000000e+00,3518.5,247803.6,4190.2,17.72,18.48
CSV,40011,4000,1,0,0,259,0,0.000000e+00,0.000000e+00,3090.9,307861.2,4398.5,18.45,19.98
CSV,45011,4500,1,0,0,359,0,0.000000e+00,0.000000e+00,3488.4,327384.7,5279.5,17.92,19.72
CSV,50011,5000,1,0,0,459,0,0.000000e+00,0.000000e+00,3815.9,339529.0,4987.8,18.33,19.49
BER: END_SEQ #1 [LOCK] seq_err=0 BER_seq=0.0000e+00 | lock=1 slip=0 BER_cond=0.0000e+00 BER_cum=0.0000e+00
CSV,55011,5500,1,1,0,511,0,0.000000e+00,0.000000e+00,4189.3,278511.7,7687.5,15.59,18.23
BER: SYNC #2 (gated)
CSV,60011,6000,2,1,0,582,0,0.000000e+00,0.000000e+00,4883.5,235980.0,8945.9,14.21,16.84
CSV,65011,6500,2,1,0,682,0,0.000000e+00,0.000000e+00,5269.8,165012.2,9072.5,12.60,14.96
CSV,70011,7000,2,1,0,782,0,0.000000e+00,0.000000e+00,4829.3,182048.3,8680.3,13.22,15.76
CSV,75011,7500,2,1,0,882,0,0.000000e+00,0.000000e+00,5073.2,250286.4,9960.1,14.00,16.93
CSV,80011,8000,2,1,0,982,0,0.000000e+00,0.000000e+00,4591.0,189091.6,9038.2,13.21,16.15
BER: END_SEQ #2 [LOCK] seq_err=0 BER_seq=0.0000e+00 | lock=2 slip=0 BER_cond=0.0000e+00 BER_cum=0.0000e+00
CSV,85011,8500,2,2,0,1022,0,0.000000e+00,0.000000e+00,4868.3,189687.5,8856.5,13.31,15.91
CSV,90011,9000,2,2,0,1022,0,0.000000e+00,0.000000e+00,4873.7,219124.7,9402.2,13.67,16.53
CSV,95011,9500,2,2,0,1022,0,0.000000e+00,0.000000e+00,4735.2,177241.2,9115.3,12.89,15.73
CSV,100011,10000,2,2,0,1022,0,0.000000e+00,0.000000e+00,4741.4,167388.7,9049.8,12.67,15.48
CSV,105011,10500,2,2,0,1022,0,0.000000e+00,0.000000e+00,4525.1,210622.1,8955.8,13.71,16.68
CSV,110011,11000,2,2,0,1022,0,0.000000e+00,0.000000e+00,5157.1,204684.8,10245.5,13.01,15.99
CSV,115011,11500,2,2,0,1022,0,0.000000e+00,0.000000e+00,4966.0,241549.2,9875.0,13.88,16.87
BER: SYNC #3 (gated)
CSV,120011,12000,3,2,0,1117,0,0.000000e+00,0.000000e+00,5084.6,184687.2,10308.0,12.53,15.60
CSV,125011,12500,3,2,0,1217,0,0.000000e+00,0.000000e+00,4941.5,144863.6,8311.4,12.41,14.67
CSV,130011,13000,3,2,0,1316,1,7.598784e-04,0.000000e+00,4501.1,182008.9,8085.0,13.52,16.07
CSV,135011,13500,3,2,0,1416,36,2.542373e-02,0.000000e+00,4748.8,204860.0,8848.2,13.65,16.35
CSV,140011,14000,3,2,0,1516,36,2.374670e-02,0.000000e+00,4895.8,215178.7,9007.3,13.78,16.43
BER: END_SEQ #3 [LOCK] seq_err=36 BER_seq=7.0450e-02 | lock=3 slip=0 BER_cond=2.3483e-02 BER_cum=2.3483e-02
BER: SYNC #4 (gated)
CSV,145011,14500,4,3,0,1539,36,2.339181e-02,2.348337e-02,5753.9,248245.3,10128.4,13.89,16.35
CSV,150011,15000,4,3,0,1639,36,2.196461e-02,2.348337e-02,4182.9,192458.3,8950.1,13.33,16.63
CSV,155011,15500,4,3,0,1739,36,2.070155e-02,2.348337e-02,4782.3,135411.8,8008.6,12.28,14.52
CSV,160011,16000,4,3,0,1839,36,1.957586e-02,2.348337e-02,3897.1,264240.2,5118.7,17.13,18.31
CSV,165011,16500,4,3,0,1939,36,1.856627e-02,2.348337e-02,3701.8,331438.3,5521.5,17.78,19.52
CSV,170011,17000,4,3,0,2039,36,1.765571e-02,2.348337e-02,3717.2,350848.5,5269.4,18.23,19.75
BER: END_SEQ #4 [LOCK] seq_err=0 BER_seq=0.0000e+00 | lock=4 slip=0 BER_cond=1.7613e-02 BER_cum=1.7613e-02
BER: SYNC #5 (gated)
CSV,175011,17500,5,4,0,2062,36,1.745878e-02,1.761252e-02,4458.1,343729.9,5367.9,18.06,18.87
CSV,180011,18000,5,4,0,2162,37,1.711378e-02,1.761252e-02,3120.3,268099.0,4875.7,17.40,19.34
CSV,185011,18500,5,4,0,2262,37,1.635721e-02,1.761252e-02,3633.4,250995.1,4994.8,17.01,18.39
CSV,190011,19000,5,4,0,2362,38,1.608806e-02,1.761252e-02,3890.4,282093.5,5038.0,17.48,18.60
CSV,195011,19500,5,4,0,2462,38,1.543461e-02,1.761252e-02,3798.3,293995.8,4541.1,18.11,18.89
BER: END_SEQ #5 [LOCK] seq_err=2 BER_seq=3.9139e-03 | lock=5 slip=0 BER_cond=1.4873e-02 BER_cum=1.4873e-02
CSV,200011,20000,5,5,0,2555,38,1.487280e-02,1.487280e-02,4271.0,321326.4,5743.4,17.48,18.76
BER: SYNC #6 (gated)
CSV,205011,20500,6,5,0,2585,38,1.470019e-02,1.487280e-02,4012.3,326802.4,4864.3,18.27,19.11
CSV,210011,21000,6,5,0,2685,38,1.415270e-02,1.487280e-02,4132.1,283066.7,5056.5,17.48,18.36
CSV,215011,21500,6,5,0,2785,38,1.364452e-02,1.487280e-02,3682.2,317659.1,4866.2,18.15,19.36
CSV,220011,22000,6,5,0,2885,38,1.317158e-02,1.487280e-02,3783.1,280423.5,4363.8,18.08,18.70
CSV,225011,22500,6,5,0,2985,38,1.273032e-02,1.487280e-02,4321.1,221495.4,6840.3,15.10,17.10
BER: END_SEQ #6 [LOCK] seq_err=0 BER_seq=0.0000e+00 | lock=6 slip=0 BER_cond=1.2394e-02 BER_cum=1.2394e-02
CSV,230011,23000,6,6,0,3066,38,1.239400e-02,1.239400e-02,4018.8,260825.0,6240.2,16.21,18.12
BER: SYNC #7 (gated)
CSV,235011,23500,7,6,0,3107,38,1.223045e-02,1.239400e-02,3836.3,260633.2,4140.6,17.99,18.32
CSV,240011,24000,7,6,0,3206,44,1.372427e-02,1.239400e-02,5381.9,178060.2,9659.0,12.66,15.20
CSV,245011,24500,7,6,0,3306,99,2.994555e-02,1.239400e-02,5235.5,248325.9,8887.9,14.46,16.76
CSV,250011,25000,7,6,0,3406,147,4.315913e-02,1.239400e-02,4404.9,509796.4,7606.5,18.26,20.63
CSV,255011,25500,7,6,0,3506,203,5.790074e-02,1.239400e-02,3262.5,761298.2,5651.9,21.29,23.68
BER: END_SEQ #7 [SLIP] seq_err=196 BER_seq=3.8356e-01 | lock=6 slip=1 BER_cond=1.2394e-02 BER_cum=6.5418e-02
CSV,260011,26000,7,6,1,3577,234,6.541795e-02,1.239400e-02,4699.2,512586.4,7429.0,18.39,20.38
BER: SYNC #8 (gated)
CSV,265011,26500,8,6,1,3630,234,6.446281e-02,1.239400e-02,5180.9,419679.7,9210.7,16.59,19.09
CSV,270011,27000,8,6,1,3730,234,6.273458e-02,1.239400e-02,4680.1,343328.5,9210.6,15.71,18.65
CSV,275011,27500,8,6,1,3830,234,6.109660e-02,1.239400e-02,4543.5,571124.9,7643.1,18.73,20.99
CSV,280011,28000,8,6,1,3930,234,5.954199e-02,1.239400e-02,4100.5,809601.1,5320.8,21.82,22.95
CSV,285011,28500,8,6,1,4030,234,5.806452e-02,1.239400e-02,4017.2,681992.3,6479.0,20.22,22.30
BER: END_SEQ #8 [LOCK] seq_err=0 BER_seq=0.0000e+00 | lock=7 slip=1 BER_cond=1.0623e-02 BER_cum=5.7241e-02
CSV,290011,29000,8,7,1,4088,234,5.724071e-02,1.062343e-02,4630.0,697879.4,5799.4,20.80,21.78
BER: SYNC #9 (gated)
CSV,295011,29500,9,7,1,4153,234,5.634481e-02,1.062343e-02,3427.0,676658.6,4392.1,21.88,22.95
CSV,300011,30000,9,7,1,4253,234,5.501999e-02,1.062343e-02,3572.1,506170.2,4639.8,20.38,21.51
CSV,305011,30500,9,7,1,4353,234,5.375603e-02,1.062343e-02,3603.0,674781.4,4823.5,21.46,22.73
CSV,310011,31000,9,7,1,4453,234,5.254884e-02,1.062343e-02,3623.3,678196.1,4940.2,21.38,22.72
CSV,315011,31500,9,7,1,4553,234,5.139469e-02,1.062343e-02,3993.9,631120.6,5046.1,20.97,21.99
BER: END_SEQ #9 [LOCK] seq_err=0 BER_seq=0.0000e+00 | lock=8 slip=1 BER_cond=9.2955e-03 BER_cum=5.0881e-02
CSV,320011,32000,9,8,1,4599,234,5.088063e-02,9.295499e-03,4622.9,715365.7,4830.8,21.71,21.90
BER: SYNC #10 (gated)
CSV,325011,32500,10,8,1,4676,234,5.004277e-02,9.295499e-03,4129.7,737943.1,5340.8,21.40,22.52
CSV,330011,33000,10,8,1,4776,234,4.899497e-02,9.295499e-03,3768.8,567877.8,4920.8,20.62,21.78
CSV,335011,33500,10,8,1,4875,235,4.820513e-02,9.295499e-03,3560.2,585830.5,4882.5,20.79,22.16
CSV,340011,34000,10,8,1,4975,235,4.723618e-02,9.295499e-03,3859.4,687304.4,4444.5,21.89,22.51
CSV,345011,34500,10,8,1,5075,235,4.630542e-02,9.295499e-03,3719.0,536132.9,5143.4,20.18,21.59
BER: END_SEQ #10 [LOCK] seq_err=1 BER_seq=1.9569e-03 | lock=9 slip=1 BER_cond=8.4801e-03 BER_cum=4.5988e-02
CSV,350011,35000,10,9,1,5110,235,4.598826e-02,8.480105e-03,3918.1,650031.2,5397.2,20.81,22.20
BER: SYNC #11 (gated)
CSV,355011,35500,11,9,1,5198,235,4.520969e-02,8.480105e-03,3918.9,623438.1,4573.9,21.35,22.02
CSV,360011,36000,11,9,1,5298,235,4.435636e-02,8.480105e-03,3638.6,499854.9,4398.5,20.56,21.38
CSV,365011,36500,11,9,1,5398,235,4.353464e-02,8.480105e-03,3779.3,618162.7,4922.2,20.99,22.14
CSV,370011,37000,11,9,1,5498,235,4.274281e-02,8.480105e-03,3653.1,619804.3,4385.2,21.50,22.30
CSV,375011,37500,11,9,1,5598,235,4.197928e-02,8.480105e-03,3597.7,611288.2,4523.5,21.31,22.30
BER: END_SEQ #11 [LOCK] seq_err=0 BER_seq=0.0000e+00 | lock=10 slip=1 BER_cond=7.6321e-03 BER_cum=4.1808e-02
BER: SYNC #12 (gated)
CSV,380011,38000,12,10,1,5621,235,4.180751e-02,7.632094e-03,4316.5,667132.3,4881.4,21.36,21.89
CSV,385011,38500,12,10,1,5721,235,4.107673e-02,7.632094e-03,3935.1,634782.6,4607.0,21.39,22.08
CSV,390011,39000,12,10,1,5821,235,4.037107e-02,7.632094e-03,3567.9,488725.9,4564.9,20.30,21.37
CSV,395011,39500,12,10,1,5921,235,3.968924e-02,7.632094e-03,3783.9,632656.2,4532.8,21.45,22.23
CSV,400011,40000,12,10,1,6021,235,3.903006e-02,7.632094e-03,3501.3,720516.3,5060.4,21.53,23.13
CSV,405011,40500,12,10,1,6121,235,3.839242e-02,7.632094e-03,3612.8,686743.2,4617.9,21.72,22.79
BER: END_SEQ #12 [LOCK] seq_err=0 BER_seq=0.0000e+00 | lock=11 slip=1 BER_cond=6.9383e-03 BER_cum=3.8324e-02
BER: SYNC #13 (gated)
CSV,410011,41000,13,11,1,6144,235,3.824870e-02,6.938267e-03,4802.1,743104.1,5254.7,21.51,21.90
CSV,415011,41500,13,11,1,6244,235,3.763613e-02,6.938267e-03,4182.8,709275.9,6021.2,20.71,22.29
CSV,420011,42000,13,11,1,6344,235,3.704287e-02,6.938267e-03,3338.0,557337.2,4755.3,20.69,22.23
CSV,425011,42500,13,11,1,6443,236,3.662890e-02,6.938267e-03,3090.7,604327.6,4473.2,21.31,22.91
CSV,430011,43000,13,11,1,6543,236,3.606908e-02,6.938267e-03,3557.1,628537.1,5132.1,20.88,22.47
BER: END_SEQ #13 [LOCK] seq_err=1 BER_seq=1.9569e-03 | lock=12 slip=1 BER_cond=6.5232e-03 BER_cum=3.5526e-02
CSV,435011,43500,13,12,1,6643,236,3.552612e-02,6.523157e-03,3690.1,637212.1,4822.6,21.21,22.37
BER: SYNC #14 (gated)
CSV,440011,44000,14,12,1,6666,236,3.540354e-02,6.523157e-03,3988.9,667001.7,4655.5,21.56,22.23
CSV,445011,44500,14,12,1,6766,236,3.488028e-02,6.523157e-03,3304.2,561687.2,4934.4,20.56,22.30
CSV,450011,45000,14,12,1,6866,236,3.437227e-02,6.523157e-03,3665.7,531013.8,4979.7,20.28,21.61
CSV,455011,45500,14,12,1,6966,236,3.387884e-02,6.523157e-03,3540.1,601050.6,4585.3,21.18,22.30
CSV,460011,46000,14,12,1,7066,236,3.339938e-02,6.523157e-03,3695.2,638406.8,4720.8,21.31,22.37
BER: END_SEQ #14 [LOCK] seq_err=0 BER_seq=0.0000e+00 | lock=13 slip=1 BER_cond=6.0214e-03 BER_cum=3.2989e-02
CSV,465011,46500,14,13,1,7154,236,3.298854e-02,6.021376e-03,4374.8,670910.2,4819.6,21.44,21.86
BER: SYNC #15 (gated)
CSV,470011,47000,15,13,1,7189,236,3.282793e-02,6.021376e-03,3497.5,612898.1,4713.7,21.14,22.44
CSV,475011,47500,15,13,1,7289,236,3.237756e-02,6.021376e-03,3376.1,487551.2,5595.0,19.40,21.60
CSV,480011,48000,15,13,1,7389,236,3.193937e-02,6.021376e-03,4381.8,510844.5,6744.4,18.79,20.67
CSV,485011,48500,15,13,1,7489,236,3.151289e-02,6.021376e-03,4499.9,451027.2,8151.3,17.43,20.01
CSV,490011,49000,15,13,1,7589,236,3.109764e-02,6.021376e-03,3970.0,498319.5,5683.0,19.43,20.99
BER: END_SEQ #15 [LOCK] seq_err=0 BER_seq=0.0000e+00 | lock=14 slip=1 BER_cond=5.5913e-03 BER_cum=3.0789e-02
CSV,495011,49500,15,14,1,7665,236,3.078930e-02,5.591277e-03,4417.0,502078.1,6525.1,18.86,20.56
BER: SYNC #16 (gated)
CSV,500011,50000,16,14,1,7712,236,3.060166e-02,5.591277e-03,3652.8,545162.0,5777.6,19.75,21.74
CSV,505011,50500,16,14,1,7812,236,3.020993e-02,5.591277e-03,3785.9,504239.0,4892.4,20.13,21.24
CSV,510011,51000,16,14,1,7912,236,2.982811e-02,5.591277e-03,3732.9,646858.2,4603.2,21.48,22.39
CSV,515011,51500,16,14,1,8012,236,2.945582e-02,5.591277e-03,3771.9,620298.8,5366.4,20.63,22.16
CSV,520011,52000,16,14,1,8112,236,2.909270e-02,5.591277e-03,3929.8,644039.3,5917.5,20.37,22.15
BER: END_SEQ #16 [LOCK] seq_err=0 BER_seq=0.0000e+00 | lock=15 slip=1 BER_cond=5.2185e-03 BER_cum=2.8865e-02
CSV,525011,52500,16,15,1,8176,236,2.886497e-02,5.218526e-03,4416.3,656836.7,6249.8,20.22,21.72
BER: SYNC #17 (gated)
CSV,530011,53000,17,15,1,8234,236,2.866165e-02,5.218526e-03,4982.3,550720.5,7915.5,18.42,20.44
CSV,535011,53500,17,15,1,8334,236,2.831773e-02,5.218526e-03,4226.4,483880.0,6096.1,19.00,20.59
CSV,540011,54000,17,15,1,8434,236,2.798198e-02,5.218526e-03,3858.4,563960.3,5655.1,19.99,21.65
CSV,545011,54500,17,15,1,8534,236,2.765409e-02,5.218526e-03,3574.3,576988.1,5749.4,20.02,22.08
CSV,550011,55000,17,15,1,8634,236,2.733380e-02,5.218526e-03,3736.4,536440.4,5517.2,19.88,21.57
BER: END_SEQ #17 [LOCK] seq_err=0 BER_seq=0.0000e+00 | lock=16 slip=1 BER_cond=4.8924e-03 BER_cum=2.7167e-02
CSV,555011,55500,17,16,1,8687,236,2.716703e-02,4.892368e-03,4114.7,596005.5,5313.6,20.50,21.61
BER: SYNC #18 (gated)
CSV,560011,56000,18,16,1,8757,236,2.694987e-02,4.892368e-03,3470.3,617367.8,5266.0,20.69,22.50
CSV,565011,56500,18,16,1,8857,236,2.664559e-02,4.892368e-03,3508.2,449976.9,5612.7,19.04,21.08
CSV,570011,57000,18,16,1,8957,236,2.634811e-02,4.892368e-03,3404.1,500826.9,4982.4,20.02,21.68
CSV,575011,57500,18,16,1,9057,236,2.605719e-02,4.892368e-03,3391.1,597069.8,5279.8,20.53,22.46
CSV,580011,58000,18,16,1,9157,236,2.577263e-02,4.892368e-03,3606.3,524053.8,5045.0,20.17,21.62
BER: END_SEQ #18 [LOCK] seq_err=0 BER_seq=0.0000e+00 | lock=17 slip=1 BER_cond=4.6046e-03 BER_cum=2.5658e-02
CSV,585011,58500,18,17,1,9198,236,2.565775e-02,4.604582e-03,4069.6,594284.8,5080.4,20.68,21.64
BER: SYNC #19 (gated)
CSV,590011,59000,19,17,1,9280,236,2.543104e-02,4.604582e-03,3460.9,564620.2,5034.1,20.50,22.13
CSV,595011,59500,19,17,1,9380,236,2.515991e-02,4.604582e-03,3949.6,378194.1,6066.2,17.95,19.81
CSV,600011,60000,19,17,1,9480,236,2.489452e-02,4.604582e-03,4970.4,299986.3,8734.5,15.36,17.81
CSV,605011,60500,19,17,1,9580,236,2.463466e-02,4.604582e-03,4487.0,344657.6,8429.6,16.12,18.85
CSV,610011,61000,19,17,1,9680,236,2.438017e-02,4.604582e-03,5254.3,300985.2,8818.9,15.33,17.58
BER: END_SEQ #19 [LOCK] seq_err=0 BER_seq=0.0000e+00 | lock=18 slip=1 BER_cond=4.3488e-03 BER_cum=2.4307e-02
CSV,615011,61500,19,18,1,9709,236,2.430734e-02,4.348772e-03,5318.3,339509.5,8726.3,15.90,18.05
BER: SYNC #20 (gated)
CSV,620011,62000,20,18,1,9803,236,2.407426e-02,4.348772e-03,4778.0,322528.0,8462.7,15.81,18.29
CSV,625011,62500,20,18,1,9902,236,2.383357e-02,4.348772e-03,5036.2,341902.6,7272.5,16.72,18.32
CSV,630011,63000,20,18,1,10003,236,2.359292e-02,4.348772e-03,4108.3,513863.5,5450.3,19.74,20.97
CSV,635011,63500,20,18,1,10102,236,2.336171e-02,4.348772e-03,4261.4,336917.4,8105.4,16.19,18.98
CSV,640011,64000,20,18,1,10202,236,2.313272e-02,4.348772e-03,4921.6,308211.9,8266.8,15.72,17.97
BER: END_SEQ #20 [LOCK] seq_err=0 BER_seq=0.0000e+00 | lock=19 slip=1 BER_cond=4.1199e-03 BER_cum=2.3092e-02
BER: SYNC #21 (gated)
CSV,645011,64500,21,19,1,10225,236,2.308068e-02,4.119889e-03,5010.9,307334.4,8941.1,15.36,17.88
CSV,650011,65000,21,19,1,10325,236,2.285714e-02,4.119889e-03,4677.7,294235.2,8675.2,15.30,17.99
CSV,655011,65500,21,19,1,10425,236,2.263789e-02,4.119889e-03,4811.5,215762.3,8493.2,14.05,16.52
CSV,660011,66000,21,19,1,10525,236,2.242280e-02,4.119889e-03,4883.3,310470.2,9433.6,15.17,18.03
CSV,665011,66500,21,19,1,10625,236,2.221176e-02,4.119889e-03,5896.6,559091.9,8646.1,18.11,19.77
CSV,670011,67000,21,19,1,10725,236,2.200466e-02,4.119889e-03,4696.2,527172.5,6627.3,19.01,20.50
BER: END_SEQ #21 [LOCK] seq_err=0 BER_seq=0.0000e+00 | lock=20 slip=1 BER_cond=3.9139e-03 BER_cum=2.1992e-02
BER: SYNC #22 (gated)
CSV,675011,67500,22,20,1,10748,236,2.195757e-02,3.913894e-03,5438.4,537410.4,6397.9,19.24,19.95
CSV,680011,68000,22,20,1,10848,236,2.175516e-02,3.913894e-03,4016.0,436468.0,6724.0,18.12,20.36
CSV,685011,68500,22,20,1,10948,236,2.155645e-02,3.913894e-03,4682.0,240377.2,8449.8,14.54,17.10
CSV,690011,69000,22,20,1,11048,236,2.136133e-02,3.913894e-03,4349.2,431987.2,6071.4,18.52,19.97
CSV,695011,69500,22,20,1,11148,236,2.116972e-02,3.913894e-03,3752.9,531342.0,4563.1,20.66,21.51
BER: END_SEQ #22 [LOCK] seq_err=0 BER_seq=0.0000e+00 | lock=21 slip=1 BER_cond=3.7275e-03 BER_cum=2.0993e-02
CSV,700011,70000,22,21,1,11242,236,2.099271e-02,3.727518e-03,3788.2,604121.5,5270.0,20.59,22.03
BER: SYNC #23 (gated)
CSV,705011,70500,23,21,1,11271,236,2.093869e-02,3.727518e-03,3868.9,557498.1,4872.5,20.58,21.59
CSV,710011,71000,23,21,1,11371,237,2.084249e-02,3.727518e-03,3585.3,454936.6,4899.3,19.68,21.03
CSV,715011,71500,23,21,1,11471,237,2.066080e-02,3.727518e-03,3564.7,444916.6,6158.6,18.59,20.96
CSV,720011,72000,23,21,1,11571,237,2.048224e-02,3.727518e-03,3677.2,499590.8,4857.7,20.12,21.33
CSV,725011,72500,23,21,1,11670,237,2.030848e-02,3.727518e-03,3402.3,524886.9,4724.1,20.46,21.88
BER: END_SEQ #23 [LOCK] seq_err=1 BER_seq=1.9569e-03 | lock=22 slip=1 BER_cond=3.6470e-03 BER_cum=2.0165e-02
CSV,730011,73000,23,22,1,11753,237,2.016506e-02,3.647038e-03,3920.4,564757.8,4834.9,20.67,21.59
BER: SYNC #24 (gated)
CSV,735011,73500,24,22,1,11793,237,2.009667e-02,3.647038e-03,3526.9,521192.3,4321.7,20.81,21.70
CSV,740011,74000,24,22,1,11893,237,1.992769e-02,3.647038e-03,3766.9,463231.6,4447.7,20.18,20.90
CSV,745011,74500,24,22,1,11993,237,1.976153e-02,3.647038e-03,3656.4,509820.2,4553.8,20.49,21.44
CSV,750011,75000,24,22,1,12093,237,1.959812e-02,3.647038e-03,3429.1,509987.2,4698.6,20.36,21.72
CSV,755011,75500,24,22,1,12193,237,1.943738e-02,3.647038e-03,3664.0,542082.6,4940.9,20.40,21.70
BER: END_SEQ #24 [LOCK] seq_err=0 BER_seq=0.0000e+00 | lock=23 slip=1 BER_cond=3.4885e-03 BER_cum=1.9325e-02
CSV,760011,76000,24,23,1,12264,237,1.932485e-02,3.488471e-03,4755.6,577146.2,5490.3,20.22,20.84
BER: SYNC #25 (gated)
CSV,765011,76500,25,23,1,12316,237,1.924326e-02,3.488471e-03,3917.3,525011.0,5358.0,19.91,21.27
CSV,770011,77000,25,23,1,12416,237,1.908827e-02,3.488471e-03,4211.9,439296.8,4918.1,19.51,20.18
CSV,775011,77500,25,23,1,12516,237,1.893576e-02,3.488471e-03,3420.6,534787.6,4814.3,20.46,21.94
CSV,780011,78000,25,23,1,12616,237,1.878567e-02,3.488471e-03,3777.7,556208.3,5019.9,20.45,21.68
CSV,785011,78500,25,23,1,12716,237,1.863794e-02,3.488471e-03,3831.4,532123.6,5094.1,20.19,21.43
BER: END_SEQ #25 [LOCK] seq_err=0 BER_seq=0.0000e+00 | lock=24 slip=1 BER_cond=3.3431e-03 BER_cum=1.8552e-02
CSV,790011,79000,25,24,1,12775,237,1.855186e-02,3.343118e-03,4121.7,569695.2,5398.1,20.23,21.41
BER: SYNC #26 (gated)
CSV,795011,79500,26,24,1,12839,237,1.845938e-02,3.343118e-03,3744.4,585763.8,4854.5,20.82,21.94
CSV,800011,80000,26,24,1,12939,237,1.831672e-02,3.343118e-03,3780.2,408761.3,4922.3,19.19,20.34
CSV,805011,80500,26,24,1,13039,237,1.817624e-02,3.343118e-03,3363.4,472558.8,4613.1,20.10,21.48
CSV,810011,81000,26,24,1,13139,237,1.803790e-02,3.343118e-03,3565.5,498381.5,4469.9,20.47,21.45
CSV,815011,81500,26,24,1,13239,237,1.790165e-02,3.343118e-03,3439.2,482611.8,4661.9,20.15,21.47
BER: END_SEQ #26 [LOCK] seq_err=0 BER_seq=0.0000e+00 | lock=25 slip=1 BER_cond=3.2094e-03 BER_cum=1.7838e-02
CSV,820011,82000,26,25,1,13286,237,1.783833e-02,3.209393e-03,3806.2,501245.6,5465.8,19.62,21.20
BER: SYNC #27 (gated)
CSV,825011,82500,27,25,1,13362,238,1.781170e-02,3.209393e-03,3269.0,493695.9,4919.3,20.02,21.79
CSV,830011,83000,27,25,1,13461,238,1.768071e-02,3.209393e-03,3404.2,372235.8,5217.9,18.53,20.39
CSV,835011,83500,27,25,1,13561,238,1.755033e-02,3.209393e-03,3512.3,436506.7,4294.6,20.07,20.94
CSV,840011,84000,27,25,1,13661,238,1.742186e-02,3.209393e-03,3507.3,548009.1,5025.5,20.38,21.94
CSV,845011,84500,27,25,1,13761,238,1.729525e-02,3.209393e-03,3589.6,450431.6,4618.7,19.89,20.99
BER: END_SEQ #27 [LOCK] seq_err=1 BER_seq=1.9569e-03 | lock=26 slip=1 BER_cond=3.1612e-03 BER_cum=1.7250e-02
CSV,850011,85000,27,26,1,13797,238,1.725013e-02,3.161222e-03,4087.9,496211.1,5005.8,19.96,20.84
BER: SYNC #28 (gated)
CSV,855011,85500,28,26,1,13884,238,1.714203e-02,3.161222e-03,3441.7,484508.8,4868.0,19.98,21.49
CSV,860011,86000,28,26,1,13984,238,1.701945e-02,3.161222e-03,3243.0,394941.6,4981.8,18.99,20.86
CSV,865011,86500,28,26,1,14084,239,1.696961e-02,3.161222e-03,3330.5,459909.2,4379.9,20.21,21.40
CSV,870011,87000,28,26,1,14184,239,1.684997e-02,3.161222e-03,3566.8,469072.4,4464.4,20.21,21.19
CSV,875011,87500,28,26,1,14284,239,1.673201e-02,3.161222e-03,3173.8,464623.8,4118.8,20.52,21.66
BER: END_SEQ #28 [LOCK] seq_err=1 BER_seq=1.9569e-03 | lock=27 slip=1 BER_cond=3.1166e-03 BER_cum=1.6704e-02
CSV,880011,88000,28,27,1,14308,239,1.670394e-02,3.116620e-03,4173.2,537920.8,4815.3,20.48,21.10
BER: SYNC #29 (gated)
CSV,885011,88500,29,27,1,14407,239,1.658916e-02,3.116620e-03,3632.1,472038.7,4397.5,20.31,21.14
CSV,890011,89000,29,27,1,14507,239,1.647481e-02,3.116620e-03,3479.6,367042.9,4636.6,18.99,20.23
CSV,895011,89500,29,27,1,14607,239,1.636202e-02,3.116620e-03,3458.8,455440.4,4669.3,19.89,21.20
CSV,900011,90000,29,27,1,14707,239,1.625076e-02,3.116620e-03,3727.1,492188.5,4795.0,20.11,21.21
CSV,905011,90500,29,27,1,14807,239,1.614101e-02,3.116620e-03,3524.3,449103.2,4584.2,19.91,21.05
BER: END_SEQ #29 [LOCK] seq_err=0 BER_seq=0.0000e+00 | lock=28 slip=1 BER_cond=3.0053e-03 BER_cum=1.6128e-02
BER: SYNC #30 (gated)
CSV,910011,91000,30,28,1,14830,239,1.611598e-02,3.005312e-03,4163.6,471783.5,5388.0,19.42,20.54
CSV,915011,91500,30,28,1,14930,239,1.600804e-02,3.005312e-03,3573.0,434135.6,4527.6,19.82,20.85
CSV,920011,92000,30,28,1,15030,239,1.590153e-02,3.005312e-03,3571.9,394953.2,4477.3,19.46,20.44
CSV,925011,92500,30,28,1,15130,239,1.579643e-02,3.005312e-03,3654.7,432617.8,4539.2,19.79,20.73
CSV,930011,93000,30,28,1,15230,239,1.569271e-02,3.005312e-03,3544.4,481992.8,4343.7,20.45,21.34
CSV,935011,93500,30,28,1,15329,239,1.559136e-02,3.005312e-03,3433.8,455663.9,4263.4,20.29,21.23
BER: END_SEQ #30 [LOCK] seq_err=0 BER_seq=0.0000e+00 | lock=29 slip=1 BER_cond=2.9017e-03 BER_cum=1.5590e-02
BER: SYNC #31 (gated)
CSV,940011,94000,31,29,1,15352,239,1.556800e-02,2.901680e-03,3997.5,480537.4,5015.5,19.81,20.80
CSV,945011,94500,31,29,1,15452,239,1.546725e-02,2.901680e-03,3448.7,399384.0,4645.2,19.34,20.64
CSV,950011,95000,31,29,1,15552,239,1.536780e-02,2.901680e-03,3574.3,374680.6,4296.3,19.41,20.20
CSV,955011,95500,31,29,1,15652,239,1.526961e-02,2.901680e-03,3290.2,457039.6,4731.8,19.85,21.43
CSV,960011,96000,31,29,1,15752,239,1.517268e-02,2.901680e-03,3275.3,473421.4,4738.1,20.00,21.60
BER: END_SEQ #31 [LOCK] seq_err=0 BER_seq=0.0000e+00 | lock=30 slip=1 BER_cond=2.8050e-03 BER_cum=1.5087e-02
CSV,965011,96500,31,30,1,15841,239,1.508743e-02,2.804958e-03,4229.9,480744.6,5265.5,19.60,20.56
BER: SYNC #32 (gated)
CSV,970011,97000,32,30,1,15875,239,1.505512e-02,2.804958e-03,3559.7,434560.0,5137.7,19.27,20.87
CSV,975011,97500,32,30,1,15974,287,1.796670e-02,2.804958e-03,3507.3,384915.2,4705.9,19.13,20.40
CSV,980011,98000,32,30,1,16074,341,2.121438e-02,2.804958e-03,3473.1,430928.4,5247.3,19.14,20.94
CSV,985011,98500,32,30,1,16174,392,2.423643e-02,2.804958e-03,3645.9,446475.8,4559.9,19.91,20.88
CSV,990011,99000,32,30,1,16273,435,2.673140e-02,2.804958e-03,3772.2,423917.3,4908.3,19.36,20.51
BER: END_SEQ #32 [SLIP] seq_err=233 BER_seq=4.5597e-01 | lock=30 slip=2 BER_cond=2.8050e-03 BER_cum=2.8865e-02
CSV,995011,99500,32,30,2,16352,472,2.886497e-02,2.804958e-03,3938.2,471547.7,5107.0,19.65,20.78
BER: SYNC #33 (gated)
CSV,1000011,100000,33,30,2,16398,472,2.878400e-02,2.804958e-03,3810.0,452147.1,4750.2,19.79,20.74
CSV,1005011,100500,33,30,2,16498,472,2.860953e-02,2.804958e-03,3382.4,353284.8,4740.5,18.72,20.19
CSV,1010011,101000,33,30,2,16598,472,2.843716e-02,2.804958e-03,3779.9,451557.6,4156.3,20.36,20.77
CSV,1015011,101500,33,30,2,16696,480,2.874940e-02,2.804958e-03,3778.4,428980.5,5227.7,19.14,20.55
CSV,1020011,102000,33,30,2,16796,521,3.101929e-02,2.804958e-03,3528.9,449584.3,4760.9,19.75,21.05
BER: END_SEQ #33 [SLIP] seq_err=83 BER_seq=1.6243e-01 | lock=30 slip=3 BER_cond=2.8050e-03 BER_cum=3.2912e-02
CSV,1025011,102500,33,30,3,16863,555,3.291229e-02,2.804958e-03,3901.7,436260.1,5489.3,19.00,20.48
BER: SYNC #34 (gated)
CSV,1030011,103000,34,30,3,16920,555,3.280142e-02,2.804958e-03,3556.2,431785.8,4479.7,19.84,20.84
CSV,1035011,103500,34,30,3,17020,555,3.260870e-02,2.804958e-03,3569.1,331268.8,4792.0,18.40,19.68
CSV,1040011,104000,34,30,3,17120,555,3.241822e-02,2.804958e-03,3528.5,424427.8,4696.2,19.56,20.80
CSV,1045011,104500,34,30,3,17220,555,3.222996e-02,2.804958e-03,3455.1,443928.2,4963.1,19.52,21.09
CSV,1050011,105000,34,30,3,17320,555,3.204388e-02,2.804958e-03,3450.1,393666.3,4989.7,18.97,20.57
BER: END_SEQ #34 [LOCK] seq_err=0 BER_seq=0.0000e+00 | lock=31 slip=3 BER_cond=2.7145e-03 BER_cum=3.1944e-02
CSV,1055011,105500,34,31,3,17374,555,3.194429e-02,2.714475e-03,5096.4,332699.3,8028.0,16.17,18.15
BER: SYNC #35 (gated)
CSV,1060011,106000,35,31,3,17443,555,3.181792e-02,2.714475e-03,4028.5,378207.3,5063.2,18.73,19.73
CSV,1065011,106500,35,31,3,17543,555,3.163655e-02,2.714475e-03,4984.3,216817.8,7620.1,14.54,16.38
CSV,1070011,107000,35,31,3,17643,555,3.145723e-02,2.714475e-03,5118.4,247678.2,9057.4,14.37,16.85
CSV,1075011,107500,35,31,3,17743,555,3.127994e-02,2.714475e-03,5448.0,281483.5,10463.1,14.30,17.13
CSV,1080011,108000,35,31,3,17843,555,3.110464e-02,2.714475e-03,4959.5,261316.7,9028.8,14.62,17.22
BER: END_SEQ #35 [LOCK] seq_err=0 BER_seq=0.0000e+00 | lock=32 slip=3 BER_cond=2.6296e-03 BER_cum=3.1032e-02
CSV,1085011,108500,35,32,3,17885,555,3.103159e-02,2.629648e-03,5590.6,267919.2,8119.7,15.18,16.81
BER: SYNC #36 (gated)
CSV,1090011,109000,36,32,3,17966,555,3.089168e-02,2.629648e-03,4394.0,252971.4,8001.8,15.00,17.60
CSV,1095011,109500,36,32,3,18066,555,3.072069e-02,2.629648e-03,4236.0,212916.0,7535.7,14.51,17.01
CSV,1100011,110000,36,32,3,18166,555,3.055158e-02,2.629648e-03,4250.8,230507.6,7803.4,14.70,17.34
CSV,1105011,110500,36,32,3,18266,555,3.038432e-02,2.629648e-03,4483.2,274585.4,8998.2,14.85,17.87
CSV,1110011,111000,36,32,3,18366,555,3.021888e-02,2.629648e-03,4614.4,224415.9,8418.2,14.26,16.87
BER: END_SEQ #36 [LOCK] seq_err=0 BER_seq=0.0000e+00 | lock=33 slip=3 BER_cond=2.5500e-03 BER_cum=3.0170e-02
CSV,1115011,111500,36,33,3,18396,555,3.016960e-02,2.549961e-03,5030.5,253896.0,9440.1,14.30,17.03
BER: SYNC #37 (gated)
CSV,1120011,112000,37,33,3,18489,556,3.007193e-02,2.549961e-03,4945.8,228888.7,9686.7,13.73,16.65
CSV,1125011,112500,37,33,3,18588,556,2.991177e-02,2.549961e-03,4731.5,181261.6,8745.2,13.17,15.83
CSV,1130011,113000,37,33,3,18688,556,2.975171e-02,2.549961e-03,3404.6,391587.6,4952.3,18.98,20.61
CSV,1135011,113500,37,33,3,18788,556,2.959336e-02,2.549961e-03,4635.8,360040.9,7000.9,17.11,18.90
CSV,1140011,114000,37,33,3,18888,556,2.943668e-02,2.549961e-03,5554.9,244774.9,9168.3,14.26,16.44
BER: END_SEQ #37 [LOCK] seq_err=1 BER_seq=1.9569e-03 | lock=34 slip=3 BER_cond=2.5325e-03 BER_cum=2.9407e-02
BER: SYNC #38 (gated)
CSV,1145011,114500,38,34,3,18911,556,2.940088e-02,2.532520e-03,4500.7,343950.0,7824.0,16.43,18.83
CSV,1150011,115000,38,34,3,19011,556,2.924623e-02,2.532520e-03,3711.5,406636.8,6118.9,18.23,20.40
CSV,1155011,115500,38,34,3,19111,556,2.909319e-02,2.532520e-03,3711.0,314491.9,6195.7,17.06,19.28
CSV,1160011,116000,38,34,3,19211,556,2.894175e-02,2.532520e-03,3876.8,422702.4,4784.7,19.46,20.38
CSV,1165011,116500,38,34,3,19311,556,2.879188e-02,2.532520e-03,3588.2,421357.6,5149.4,19.13,20.70
CSV,1170011,117000,38,34,3,19411,556,2.864355e-02,2.532520e-03,3373.8,412478.7,5029.0,19.14,20.87
BER: END_SEQ #38 [LOCK] seq_err=0 BER_seq=0.0000e+00 | lock=35 slip=3 BER_cond=2.4602e-03 BER_cum=2.8633e-02
BER: SYNC #39 (gated)
CSV,1175011,117500,39,35,3,19434,556,2.860965e-02,2.460162e-03,4390.3,467475.7,5407.9,19.37,20.27
CSV,1180011,118000,39,35,3,19534,556,2.846319e-02,2.460162e-03,3489.4,390340.2,4758.5,19.14,20.49
CSV,1185011,118500,39,35,3,19634,556,2.831822e-02,2.460162e-03,3442.8,340115.2,4422.0,18.86,19.95
CSV,1190011,119000,39,35,3,19734,556,2.817472e-02,2.460162e-03,3875.3,376145.3,4823.3,18.92,19.87
CSV,1195011,119500,39,35,3,19834,556,2.803267e-02,2.460162e-03,3485.6,420755.7,4820.0,19.41,20.82
BER: END_SEQ #39 [LOCK] seq_err=0 BER_seq=0.0000e+00 | lock=36 slip=3 BER_cond=2.3918e-03 BER_cum=2.7899e-02
CSV,1200011,120000,39,36,3,19929,556,2.789904e-02,2.391824e-03,4624.9,382569.1,7401.4,17.13,19.18
BER: SYNC #40 (gated)
CSV,1205011,120500,40,36,3,19957,556,2.785990e-02,2.391824e-03,4812.3,342329.0,9243.1,15.69,18.52
CSV,1210011,121000,40,36,3,20057,556,2.772100e-02,2.391824e-03,4063.2,309513.1,5535.2,17.48,18.82
CSV,1215011,121500,40,36,3,20157,556,2.758347e-02,2.391824e-03,3721.7,343737.0,5210.8,18.19,19.65
CSV,1220011,122000,40,36,3,20257,556,2.744730e-02,2.391824e-03,3804.6,376699.4,5181.7,18.62,19.96
CSV,1225011,122500,40,36,3,20356,556,2.731381e-02,2.391824e-03,3475.7,354295.9,4708.9,18.76,20.08
BER: END_SEQ #40 [LOCK] seq_err=0 BER_seq=0.0000e+00 | lock=37 slip=3 BER_cond=2.3272e-03 BER_cum=2.7202e-02
CSV,1230011,123000,40,37,3,20440,556,2.720156e-02,2.327180e-03,4247.7,390215.9,4885.8,19.02,19.63
BER: SYNC #41 (gated)
CSV,1235011,123500,41,37,3,20479,556,2.714976e-02,2.327180e-03,3681.9,360531.8,4915.6,18.65,19.91
CSV,1240011,124000,41,37,3,20579,556,2.701783e-02,2.327180e-03,3953.9,321757.5,4906.2,18.17,19.11
CSV,1245011,124500,41,37,3,20679,556,2.688718e-02,2.327180e-03,3851.5,357489.8,4418.7,19.08,19.68
CSV,1250011,125000,41,37,3,20779,556,2.675778e-02,2.327180e-03,3353.2,352747.6,5213.0,18.30,20.22
CSV,1255011,125500,41,37,3,20879,556,2.662963e-02,2.327180e-03,3562.1,376072.6,5175.9,18.61,20.24
BER: END_SEQ #41 [LOCK] seq_err=0 BER_seq=0.0000e+00 | lock=38 slip=3 BER_cond=2.2659e-03 BER_cum=2.6538e-02
CSV,1260011,126000,41,38,3,20951,556,2.653811e-02,2.265939e-03,4501.0,366382.6,5740.3,18.05,19.11
BER: SYNC #42 (gated)
CSV,1265011,126500,42,38,3,21002,556,2.647367e-02,2.265939e-03,3938.0,350561.4,5230.7,18.26,19.49
CSV,1270011,127000,42,38,3,21102,556,2.634821e-02,2.265939e-03,3946.3,289390.4,5229.8,17.43,18.65
CSV,1275011,127500,42,38,3,21202,556,2.622394e-02,2.265939e-03,3825.0,363966.5,5044.7,18.58,19.78
CSV,1280011,128000,42,38,3,21301,605,2.840242e-02,2.265939e-03,3465.1,352801.1,5240.8,18.28,20.08
CSV,1285011,128500,42,38,3,21401,660,3.083968e-02,2.265939e-03,3285.4,337311.0,5079.1,18.22,20.11
BER: END_SEQ #42 [SLIP] seq_err=128 BER_seq=2.5049e-01 | lock=38 slip=4 BER_cond=2.2659e-03 BER_cum=3.1870e-02
CSV,1290011,129000,42,38,4,21462,684,3.187028e-02,2.265939e-03,4266.8,366013.9,4960.4,18.68,19.33
BER: SYNC #43 (gated)
CSV,1295011,129500,43,38,4,21525,684,3.177700e-02,2.265939e-03,4523.1,244252.6,7724.4,15.00,17.32
CSV,1300011,130000,43,38,4,21625,685,3.167630e-02,2.265939e-03,4597.4,159392.3,8886.7,12.54,15.40
CSV,1305011,130500,43,38,4,21725,685,3.153050e-02,2.265939e-03,4107.5,194370.6,9088.7,13.30,16.75
CSV,1310011,131000,43,38,4,21824,735,3.367852e-02,2.265939e-03,4480.6,214643.1,8033.8,14.27,16.80
CSV,1315011,131500,43,38,4,21924,790,3.603357e-02,2.265939e-03,4343.5,233579.4,8713.2,14.28,17.31
BER: END_SEQ #43 [SLIP] seq_err=125 BER_seq=2.4462e-01 | lock=38 slip=5 BER_cond=2.2659e-03 BER_cum=3.6818e-02
CSV,1320011,132000,43,38,5,21973,809,3.681791e-02,2.265939e-03,5680.4,325418.7,8419.8,15.87,17.58
BER: SYNC #44 (gated)
CSV,1325011,132500,44,38,5,22047,809,3.669434e-02,2.265939e-03,6156.2,263099.5,10332.6,14.06,16.31
CSV,1330011,133000,44,38,5,22147,809,3.652865e-02,2.265939e-03,4559.9,155034.9,7470.7,13.17,15.31
CSV,1335011,133500,44,38,5,22247,809,3.636445e-02,2.265939e-03,4808.8,186661.4,7976.2,13.69,15.89
CSV,1340011,134000,44,38,5,22347,809,3.620173e-02,2.265939e-03,5273.3,213138.2,8211.6,14.14,16.07
CSV,1345011,134500,44,38,5,22447,809,3.604045e-02,2.265939e-03,4956.6,178094.0,8765.8,13.08,15.55
BER: END_SEQ #44 [LOCK] seq_err=0 BER_seq=0.0000e+00 | lock=39 slip=5 BER_cond=2.2078e-03 BER_cum=3.5981e-02
CSV,1350011,135000,44,39,5,22484,809,3.598114e-02,2.207838e-03,5189.6,204859.2,8339.0,13.90,15.96
BER: SYNC #45 (gated)
CSV,1355011,135500,45,39,5,22570,809,3.584404e-02,2.207838e-03,5364.3,196532.7,8600.4,13.59,15.64
CSV,1360011,136000,45,39,5,22669,821,3.621686e-02,2.207838e-03,4815.8,157123.5,8353.2,12.74,15.14
CSV,1365011,136500,45,39,5,22769,874,3.838553e-02,2.207838e-03,4682.4,183465.6,8176.5,13.51,15.93
CSV,1370011,137000,45,39,5,22869,927,4.053522e-02,2.207838e-03,5022.5,195027.1,8320.8,13.70,15.89
CSV,1375011,137500,45,39,5,22968,980,4.266806e-02,2.207838e-03,4565.1,194693.2,8771.3,13.46,16.30
BER: END_SEQ #45 [SLIP] seq_err=181 BER_seq=3.5421e-01 | lock=39 slip=6 BER_cond=2.2078e-03 BER_cum=4.3053e-02
CSV,1380011,138000,45,39,6,22995,990,4.305284e-02,2.207838e-03,6090.2,204680.2,9464.4,13.35,15.26
CSV,1385011,138500,45,39,6,22995,990,4.305284e-02,2.207838e-03,4618.3,181400.1,8358.4,13.37,15.94
CSV,1390011,139000,45,39,6,22995,990,4.305284e-02,2.207838e-03,4760.9,147155.9,8556.7,12.35,14.90
CSV,1395011,139500,45,39,6,22995,990,4.305284e-02,2.207838e-03,4962.6,195271.4,8911.6,13.41,15.95
CSV,1400011,140000,45,39,6,22995,990,4.305284e-02,2.207838e-03,4495.7,196312.7,8851.8,13.46,16.40
CSV,1405011,140500,45,39,6,22995,990,4.305284e-02,2.207838e-03,5228.6,188965.5,8586.0,13.43,15.58
BER: SYNC #46 (gated)
CSV,1410011,141000,46,39,6,23005,991,4.307759e-02,2.207838e-03,4529.0,191433.3,8714.3,13.42,16.26
CSV,1415011,141500,46,39,6,23105,991,4.289115e-02,2.207838e-03,4947.6,187871.8,8746.1,13.32,15.79
CSV,1420011,142000,46,39,6,23204,1040,4.481986e-02,2.207838e-03,4748.7,152692.4,8319.3,12.64,15.07
CSV,1425011,142500,46,39,6,23303,1093,4.690383e-02,2.207838e-03,4255.0,176266.8,8139.9,13.36,16.17
CSV,1430011,143000,46,39,6,23403,1148,4.905354e-02,2.207838e-03,4361.9,197435.7,7942.7,13.95,16.56
CSV,1435011,143500,46,39,6,23503,1192,5.071693e-02,2.207838e-03,4741.1,196528.6,9206.3,13.29,16.18
BER: END_SEQ #46 [SLIP] seq_err=203 BER_seq=3.9726e-01 | lock=39 slip=7 BER_cond=2.2078e-03 BER_cum=5.0753e-02
BER: SYNC #47 (gated)
CSV,1440011,144000,47,39,7,23527,1193,5.070770e-02,2.207838e-03,5114.4,196615.8,8815.4,13.48,15.85
CSV,1445011,144500,47,39,7,23627,1193,5.049308e-02,2.207838e-03,4765.7,168429.8,8594.2,12.92,15.48
CSV,1450011,145000,47,39,7,23727,1193,5.028027e-02,2.207838e-03,4388.0,153841.3,8625.0,12.51,15.45
CSV,1455011,145500,47,39,7,23827,1193,5.006925e-02,2.207838e-03,4362.6,184950.9,8102.8,13.58,16.27
CSV,1460011,146000,47,39,7,23927,1193,4.985999e-02,2.207838e-03,4931.5,189331.0,8337.9,13.56,15.84
BER: END_SEQ #47 [LOCK] seq_err=0 BER_seq=0.0000e+00 | lock=40 slip=7 BER_cond=2.1526e-03 BER_cum=4.9673e-02
CSV,1465011,146500,47,40,7,24017,1193,4.967315e-02,2.152642e-03,5379.6,200424.0,8852.9,13.55,15.71
BER: SYNC #48 (gated)
CSV,1470011,147000,48,40,7,24050,1193,4.960499e-02,2.152642e-03,4884.1,186779.2,8523.9,13.41,15.83
CSV,1475011,147500,48,40,7,24150,1193,4.939958e-02,2.152642e-03,4517.3,162752.6,7829.9,13.18,15.57
CSV,1480011,148000,48,40,7,24249,1195,4.928038e-02,2.152642e-03,4660.9,186194.8,8943.5,13.18,16.02
CSV,1485011,148500,48,40,7,24349,1245,5.113146e-02,2.152642e-03,5138.3,177630.8,7827.0,13.56,15.39
CSV,1490011,149000,48,40,7,24449,1300,5.317191e-02,2.152642e-03,4657.8,172271.9,8400.9,13.12,15.68
BER: END_SEQ #48 [SLIP] seq_err=142 BER_seq=2.7789e-01 | lock=40 slip=8 BER_cond=2.1526e-03 BER_cum=5.4428e-02
CSV,1495011,149500,48,40,8,24528,1335,5.442759e-02,2.152642e-03,5594.4,197607.8,9949.8,12.98,15.48
BER: SYNC #49 (gated)
CSV,1500011,150000,49,40,8,24573,1335,5.432792e-02,2.152642e-03,4912.3,181431.1,7921.0,13.60,15.67
CSV,1505011,150500,49,40,8,24673,1335,5.410773e-02,2.152642e-03,4367.6,145226.8,8114.9,12.53,15.22
CSV,1510011,151000,49,40,8,24773,1335,5.388932e-02,2.152642e-03,4641.3,173158.4,8417.3,13.13,15.72
CSV,1515011,151500,49,40,8,24873,1335,5.367266e-02,2.152642e-03,4845.2,178780.4,9390.9,12.80,15.67
CSV,1520011,152000,49,40,8,24971,1360,5.446318e-02,2.152642e-03,4617.4,184216.8,7635.7,13.82,16.01
BER: END_SEQ #49 [SLIP] seq_err=54 BER_seq=1.0568e-01 | lock=40 slip=9 BER_cond=2.1526e-03 BER_cum=5.5473e-02
CSV,1525011,152500,49,40,9,25039,1389,5.547346e-02,2.152642e-03,5154.2,179066.3,8773.0,13.10,15.41

=========================================
=== END OF TEST (duration=25 min) ===
=========================================
FINAL: syncs=49 lock=40 slip=9 slip_rate=0.1837
FINAL: bits_cum=25039 err_cum=1389 BER_cum=5.5473e-02
FINAL: bits_lock=20440 err_lock=44 BER_cond=2.1526e-03
=========================================
=== STOP LOGGING NOW ===
=========================================
