

=== RX BOOT - BER TEST MODE ===
MOD=OOK (20 kHz carrier, adaptive threshold)
BPS_MODE=20 (HALF_SAMPLES=2000, 10000 samples/bit @ 200000 Hz)
Expect: 64-bit preamble + Barker13 (1F35h, gated by 8 preamble bits = 0x55) + 511-bit PRBS-9
Noise floor band: 5000 Hz; lock threshold: BER<0.10
Auto-stop: test will halt 25 min after the first sync.
RX: edge-tracking sync, center-3 voting
Starting decoder...

CSV,5011,500,0,0,0,0,0,0.000000e+00,0.000000e+00,3641.9,634491.9,6956.9,19.60,22.41
CSV,10011,1000,0,0,0,0,0,0.000000e+00,0.000000e+00,3858.5,756357.9,5736.5,21.20,22.92
CSV,15011,1500,0,0,0,0,0,0.000000e+00,0.000000e+00,3613.0,712037.3,5704.3,20.96,22.95
CSV,20011,2000,0,0,0,0,0,0.000000e+00,0.000000e+00,3754.6,786903.3,6423.0,20.88,23.21
BER: SYNC #1 (gated)
CSV,25011,2500,1,0,0,71,0,0.000000e+00,0.000000e+00,3432.4,715148.6,5289.0,21.31,23.19
CSV,30011,3000,1,0,0,171,0,0.000000e+00,0.000000e+00,3081.3,387858.3,4190.4,19.66,21.00
CSV,35011,3500,1,0,0,271,0,0.000000e+00,0.000000e+00,2977.1,399981.7,4176.1,19.81,21.28
CSV,40011,4000,1,0,0,371,0,0.000000e+00,0.000000e+00,3104.6,434177.2,3803.1,20.58,21.46
CSV,45011,4500,1,0,0,471,0,0.000000e+00,0.000000e+00,2635.6,362048.9,3900.7,19.68,21.38
BER: END_SEQ #1 [LOCK] seq_err=0 BER_seq=0.0000e+00 | lock=1 slip=0 BER_cond=0.0000e+00 BER_cum=0.0000e+00
CSV,50011,5000,1,1,0,511,0,0.000000e+00,0.000000e+00,3021.4,427947.9,4392.6,19.89,21.51
BER: SYNC #2 (gated)
CSV,55011,5500,2,1,0,594,0,0.000000e+00,0.000000e+00,2571.8,410828.7,3756.4,20.39,22.03
CSV,60011,6000,2,1,0,694,0,0.000000e+00,0.000000e+00,3040.4,331193.1,3953.2,19.23,20.37
CSV,65011,6500,2,1,0,794,0,0.000000e+00,0.000000e+00,2664.2,397532.4,4749.0,19.23,21.74
CSV,70011,7000,2,1,0,894,0,0.000000e+00,0.000000e+00,2656.9,483666.2,3813.7,21.03,22.60
CSV,75011,7500,2,1,0,994,0,0.000000e+00,0.000000e+00,2608.4,427104.7,4196.7,20.08,22.14
BER: END_SEQ #2 [LOCK] seq_err=0 BER_seq=0.0000e+00 | lock=2 slip=0 BER_cond=0.0000e+00 BER_cum=0.0000e+00
CSV,80011,8000,2,2,0,1022,0,0.000000e+00,0.000000e+00,3053.6,474827.7,4936.2,19.83,21.92
BER: SYNC #3 (gated)
CSV,85011,8500,3,2,0,1117,0,0.000000e+00,0.000000e+00,2905.1,422257.7,4232.6,19.99,21.62
CSV,90011,9000,3,2,0,1217,0,0.000000e+00,0.000000e+00,2851.9,384635.5,3949.5,19.89,21.30
CSV,95011,9500,3,2,0,1317,0,0.000000e+00,0.000000e+00,2744.0,490300.2,3629.4,21.31,22.52
CSV,100011,10000,3,2,0,1417,0,0.000000e+00,0.000000e+00,2661.6,513186.2,3583.3,21.56,22.85
CSV,105011,10500,3,2,0,1517,0,0.000000e+00,0.000000e+00,2736.5,520705.4,4355.8,20.78,22.79
BER: END_SEQ #3 [LOCK] seq_err=0 BER_seq=0.0000e+00 | lock=3 slip=0 BER_cond=0.0000e+00 BER_cum=0.0000e+00
BER: SYNC #4 (gated)
CSV,110011,11000,4,3,0,1540,0,0.000000e+00,0.000000e+00,3534.3,590569.0,4601.9,21.08,22.23
CSV,115011,11500,4,3,0,1639,0,0.000000e+00,0.000000e+00,2919.5,571578.4,4219.7,21.32,22.92
CSV,120011,12000,4,3,0,1739,0,0.000000e+00,0.000000e+00,2845.3,452161.9,4281.6,20.24,22.01
CSV,125011,12500,4,3,0,1839,0,0.000000e+00,0.000000e+00,2718.1,577375.4,4161.8,21.42,23.27
CSV,130011,13000,4,3,0,1939,0,0.000000e+00,0.000000e+00,2876.4,662542.6,4062.7,22.12,23.62
CSV,135011,13500,4,3,0,2039,0,0.000000e+00,0.000000e+00,3117.2,691258.9,4432.4,21.93,23.46
BER: END_SEQ #4 [LOCK] seq_err=0 BER_seq=0.0000e+00 | lock=4 slip=0 BER_cond=0.0000e+00 BER_cum=0.0000e+00
BER: SYNC #5 (gated)
CSV,140011,14000,5,4,0,2062,0,0.000000e+00,0.000000e+00,3588.5,767843.9,4902.9,21.95,23.30
CSV,145011,14500,5,4,0,2162,0,0.000000e+00,0.000000e+00,3051.7,711428.3,4752.5,21.75,23.68
CSV,150011,15000,5,4,0,2262,0,0.000000e+00,0.000000e+00,3068.0,682080.1,4750.6,21.57,23.47
CSV,155011,15500,5,4,0,2362,0,0.000000e+00,0.000000e+00,3315.5,808583.8,4323.7,22.72,23.87
CSV,160011,16000,5,4,0,2462,0,0.000000e+00,0.000000e+00,3177.1,793235.8,5178.0,21.85,23.97
BER: END_SEQ #5 [LOCK] seq_err=0 BER_seq=0.0000e+00 | lock=5 slip=0 BER_cond=0.0000e+00 BER_cum=0.0000e+00
CSV,165011,16500,5,5,0,2555,0,0.000000e+00,0.000000e+00,3594.9,828487.0,4642.2,22.52,23.63
BER: SYNC #6 (gated)
CSV,170011,17000,6,5,0,2585,0,0.000000e+00,0.000000e+00,3633.3,805416.5,5161.8,21.93,23.46
CSV,175011,17500,6,5,0,2685,0,0.000000e+00,0.000000e+00,3151.3,615490.0,5261.4,20.68,22.91
CSV,180011,18000,6,5,0,2785,0,0.000000e+00,0.000000e+00,3359.1,689378.0,5609.8,20.90,23.12
CSV,185011,18500,6,5,0,2885,0,0.000000e+00,0.000000e+00,3396.3,21971078.0,5242.0,36.22,38.11
CSV,190011,19000,6,5,0,2985,0,0.000000e+00,0.000000e+00,3808.9,898711.7,7797.2,20.62,23.73
BER: END_SEQ #6 [LOCK] seq_err=0 BER_seq=0.0000e+00 | lock=6 slip=0 BER_cond=0.0000e+00 BER_cum=0.0000e+00
CSV,195011,19500,6,6,0,3066,0,0.000000e+00,0.000000e+00,4695.0,607169.8,8048.6,18.78,21.12
BER: SYNC #7 (gated)
CSV,200011,20000,7,6,0,3108,0,0.000000e+00,0.000000e+00,4142.6,516113.7,6955.0,18.70,20.95
CSV,205011,20500,7,6,0,3208,0,0.000000e+00,0.000000e+00,4215.6,443821.7,8021.5,17.43,20.22
CSV,210011,21000,7,6,0,3308,0,0.000000e+00,0.000000e+00,4088.9,625922.7,9669.3,18.11,21.85
CSV,215011,21500,7,6,0,3407,0,0.000000e+00,0.000000e+00,3400.2,1246279.4,6142.4,23.07,25.64
CSV,220011,22000,7,6,0,3507,0,0.000000e+00,0.000000e+00,3237.0,1644932.1,4740.0,25.40,27.06
BER: END_SEQ #7 [LOCK] seq_err=0 BER_seq=0.0000e+00 | lock=7 slip=0 BER_cond=0.0000e+00 BER_cum=0.0000e+00
CSV,225011,22500,7,7,0,3577,0,0.000000e+00,0.000000e+00,4346.5,1648022.0,6282.6,24.19,25.79
BER: SYNC #8 (gated)
CSV,230011,23000,8,7,0,3630,0,0.000000e+00,0.000000e+00,3301.6,1559061.4,5619.4,24.43,26.74
CSV,235011,23500,8,7,0,3730,0,0.000000e+00,0.000000e+00,3728.3,1280034.0,5787.3,23.45,25.36
CSV,240011,24000,8,7,0,3830,0,0.000000e+00,0.000000e+00,3700.3,1605698.8,6202.8,24.13,26.37
CSV,245011,24500,8,7,0,3930,0,0.000000e+00,0.000000e+00,3216.0,1620306.2,5565.2,24.64,27.02
CSV,250011,25000,8,7,0,4030,0,0.000000e+00,0.000000e+00,4048.4,1541775.4,7103.4,23.37,25.81
BER: END_SEQ #8 [LOCK] seq_err=0 BER_seq=0.0000e+00 | lock=8 slip=0 BER_cond=0.0000e+00 BER_cum=0.0000e+00
CSV,255011,25500,8,8,0,4088,0,0.000000e+00,0.000000e+00,4137.3,1692360.2,6732.4,24.00,26.12
BER: SYNC #9 (gated)
CSV,260011,26000,9,8,0,4153,0,0.000000e+00,0.000000e+00,3581.8,1769366.4,6161.9,24.58,26.94
CSV,265011,26500,9,8,0,4253,0,0.000000e+00,0.000000e+00,3463.9,1275624.2,5780.0,23.44,25.66
CSV,270011,27000,9,8,0,4353,0,0.000000e+00,0.000000e+00,3275.2,1721637.9,6057.7,24.54,27.21
CSV,275011,27500,9,8,0,4453,0,0.000000e+00,0.000000e+00,3597.5,1862499.2,6016.0,24.91,27.14
CSV,280011,28000,9,8,0,4553,0,0.000000e+00,0.000000e+00,3477.7,1671524.0,6494.9,24.11,26.82
BER: END_SEQ #9 [LOCK] seq_err=0 BER_seq=0.0000e+00 | lock=9 slip=0 BER_cond=0.0000e+00 BER_cum=0.0000e+00
CSV,285011,28500,9,9,0,4599,0,0.000000e+00,0.000000e+00,4290.0,1828203.5,6101.9,24.77,26.30
BER: SYNC #10 (gated)
CSV,290011,29000,10,9,0,4676,0,0.000000e+00,0.000000e+00,3946.3,1822631.9,6081.2,24.77,26.65
CSV,295011,29500,10,9,0,4776,0,0.000000e+00,0.000000e+00,3365.4,1399527.2,6021.7,23.66,26.19
CSV,300011,30000,10,9,0,4876,0,0.000000e+00,0.000000e+00,3444.4,1664276.0,6288.7,24.23,26.84
CSV,305011,30500,10,9,0,4976,0,0.000000e+00,0.000000e+00,3627.3,2006599.5,6188.1,25.11,27.43
CSV,310011,31000,10,9,0,5076,0,0.000000e+00,0.000000e+00,4797.8,1059936.1,8368.0,21.03,23.44
BER: END_SEQ #10 [LOCK] seq_err=0 BER_seq=0.0000e+00 | lock=10 slip=0 BER_cond=0.0000e+00 BER_cum=0.0000e+00
CSV,315011,31500,10,10,0,5110,0,0.000000e+00,0.000000e+00,5747.4,603370.1,11085.0,17.36,20.21
BER: SYNC #11 (gated)
CSV,320011,32000,11,10,0,5197,41,7.889166e-03,0.000000e+00,5254.0,550339.2,10330.9,17.26,20.20
CSV,325011,32500,11,10,0,5297,91,1.717954e-02,0.000000e+00,4835.5,400369.5,9274.2,16.35,19.18
CSV,330011,33000,11,10,0,5397,143,2.649620e-02,0.000000e+00,4807.3,553712.1,10641.9,17.16,20.61
CSV,335011,33500,11,10,0,5497,197,3.583773e-02,0.000000e+00,4884.9,583730.9,9911.8,17.70,20.77
CSV,340011,34000,11,10,0,5596,250,4.467477e-02,0.000000e+00,4802.9,543937.5,10721.9,17.05,20.54
BER: END_SEQ #11 [SLIP] seq_err=259 BER_seq=5.0685e-01 | lock=10 slip=1 BER_cond=0.0000e+00 BER_cum=4.6077e-02
BER: SYNC #12 (gated)
CSV,345011,34500,12,10,1,5621,259,4.607721e-02,0.000000e+00,5418.6,648241.9,10148.2,18.05,20.78
CSV,350011,35000,12,10,1,5721,259,4.527181e-02,0.000000e+00,4787.6,578334.9,10121.3,17.57,20.82
CSV,355011,35500,12,10,1,5821,259,4.449407e-02,0.000000e+00,4637.0,398329.7,10869.1,15.64,19.34
CSV,360011,36000,12,10,1,5921,259,4.374261e-02,0.000000e+00,4717.6,500845.3,10596.1,16.75,20.26
CSV,365011,36500,12,10,1,6021,259,4.301611e-02,0.000000e+00,4579.7,553280.6,9761.9,17.53,20.82
CSV,370011,37000,12,10,1,6121,259,4.231335e-02,0.000000e+00,4820.8,543103.4,10264.9,17.24,20.52
BER: END_SEQ #12 [LOCK] seq_err=0 BER_seq=0.0000e+00 | lock=11 slip=1 BER_cond=0.0000e+00 BER_cum=4.2237e-02
BER: SYNC #13 (gated)
CSV,375011,37500,13,11,1,6144,259,4.215495e-02,0.000000e+00,5528.0,523742.3,9845.3,17.26,19.77
CSV,380011,38000,13,11,1,6244,259,4.147982e-02,0.000000e+00,4447.8,479528.8,8462.0,17.53,20.33
CSV,385011,38500,13,11,1,6344,259,4.082598e-02,0.000000e+00,4474.6,321255.6,9448.8,15.31,18.56
CSV,390011,39000,13,11,1,6444,259,4.019243e-02,0.000000e+00,4801.1,385602.0,9421.1,16.12,19.05
CSV,395011,39500,13,11,1,6544,259,3.957824e-02,0.000000e+00,5183.7,439691.5,10481.7,16.23,19.29
BER: END_SEQ #13 [LOCK] seq_err=0 BER_seq=0.0000e+00 | lock=12 slip=1 BER_cond=0.0000e+00 BER_cum=3.8988e-02
CSV,400011,40000,13,12,1,6643,259,3.898841e-02,0.000000e+00,4814.9,404691.0,11252.0,15.56,19.25
BER: SYNC #14 (gated)
CSV,405011,40500,14,12,1,6667,259,3.884806e-02,0.000000e+00,4965.5,368019.7,9268.9,15.99,18.70
CSV,410011,41000,14,12,1,6767,259,3.827398e-02,0.000000e+00,4700.2,306862.2,9589.4,15.05,18.15
CSV,415011,41500,14,12,1,6867,259,3.771662e-02,0.000000e+00,4427.0,309846.5,9842.3,14.98,18.45
CSV,420011,42000,14,12,1,6967,259,3.717525e-02,0.000000e+00,4547.6,355670.6,10016.6,15.50,18.93
CSV,425011,42500,14,12,1,7066,259,3.665440e-02,0.000000e+00,4667.5,356719.8,9229.2,15.87,18.83
BER: END_SEQ #14 [LOCK] seq_err=0 BER_seq=0.0000e+00 | lock=13 slip=1 BER_cond=0.0000e+00 BER_cum=3.6204e-02
CSV,430011,43000,14,13,1,7154,259,3.620352e-02,0.000000e+00,4547.1,353505.7,9741.7,15.60,18.91
BER: SYNC #15 (gated)
CSV,435011,43500,15,13,1,7189,259,3.602726e-02,0.000000e+00,4573.3,332948.1,9171.4,15.60,18.62
CSV,440011,44000,15,13,1,7289,259,3.553300e-02,0.000000e+00,4582.5,282055.0,10896.0,14.13,17.89
CSV,445011,44500,15,13,1,7389,259,3.505211e-02,0.000000e+00,4394.1,331891.4,9083.6,15.63,18.78
CSV,450011,45000,15,13,1,7489,259,3.458406e-02,0.000000e+00,4552.6,354877.5,8468.8,16.22,18.92
CSV,455011,45500,15,13,1,7589,259,3.412834e-02,0.000000e+00,4978.1,364189.4,10556.2,15.38,18.64
BER: END_SEQ #15 [LOCK] seq_err=0 BER_seq=0.0000e+00 | lock=14 slip=1 BER_cond=0.0000e+00 BER_cum=3.3790e-02
CSV,460011,46000,15,14,1,7665,259,3.378996e-02,0.000000e+00,4739.0,341197.6,9838.5,15.40,18.57
BER: SYNC #16 (gated)
CSV,465011,46500,16,14,1,7712,259,3.358402e-02,0.000000e+00,5190.0,301272.6,9295.6,15.11,17.64
CSV,470011,47000,16,14,1,7812,259,3.315412e-02,0.000000e+00,4520.5,251992.3,9515.1,14.23,17.46
CSV,475011,47500,16,14,1,7912,259,3.273509e-02,0.000000e+00,4484.5,346586.3,9852.5,15.46,18.88
CSV,480011,48000,16,14,1,8012,259,3.232651e-02,0.000000e+00,4708.9,322641.0,8995.4,15.55,18.36
CSV,485011,48500,16,14,1,8112,259,3.192801e-02,0.000000e+00,4528.3,317627.1,9181.4,15.39,18.46
BER: END_SEQ #16 [LOCK] seq_err=0 BER_seq=0.0000e+00 | lock=15 slip=1 BER_cond=0.0000e+00 BER_cum=3.1678e-02
CSV,490011,49000,16,15,1,8176,259,3.167808e-02,0.000000e+00,4887.6,335717.3,9518.9,15.47,18.37
BER: SYNC #17 (gated)
CSV,495011,49500,17,15,1,8235,259,3.145112e-02,0.000000e+00,4615.3,344686.3,9168.7,15.75,18.73
CSV,500011,50000,17,15,1,8335,259,3.107378e-02,0.000000e+00,4709.7,261212.2,9817.6,14.25,17.44
CSV,505011,50500,17,15,1,8435,259,3.070539e-02,0.000000e+00,4937.7,275454.2,9899.6,14.44,17.47
CSV,510011,51000,17,15,1,8534,259,3.034919e-02,0.000000e+00,4083.6,275370.1,9392.9,14.67,18.29
CSV,515011,51500,17,15,1,8635,259,2.999421e-02,0.000000e+00,4601.8,242803.8,8934.7,14.34,17.22
BER: END_SEQ #17 [LOCK] seq_err=0 BER_seq=0.0000e+00 | lock=16 slip=1 BER_cond=0.0000e+00 BER_cum=2.9815e-02
CSV,520011,52000,17,16,1,8687,259,2.981467e-02,0.000000e+00,5114.2,267005.4,9316.1,14.57,17.18
BER: SYNC #18 (gated)
CSV,525011,52500,18,16,1,8757,259,2.957634e-02,0.000000e+00,4921.1,257347.7,8998.6,14.56,17.18
CSV,530011,53000,18,16,1,8857,259,2.924241e-02,0.000000e+00,4517.6,200330.5,8972.2,13.49,16.47
CSV,535011,53500,18,16,1,8957,259,2.891593e-02,0.000000e+00,4687.9,216319.9,8470.8,14.07,16.64
CSV,540011,54000,18,16,1,9057,259,2.859667e-02,0.000000e+00,4638.2,296085.1,8770.7,15.28,18.05
CSV,545011,54500,18,16,1,9157,259,2.828437e-02,0.000000e+00,4824.6,313205.8,10680.2,14.67,18.12
BER: END_SEQ #18 [LOCK] seq_err=0 BER_seq=0.0000e+00 | lock=17 slip=1 BER_cond=0.0000e+00 BER_cum=2.8158e-02
CSV,550011,55000,18,17,1,9198,259,2.815830e-02,0.000000e+00,4702.5,340117.1,8747.2,15.90,18.59
BER: SYNC #19 (gated)
CSV,555011,55500,19,17,1,9280,259,2.790948e-02,0.000000e+00,4359.0,250166.1,9107.7,14.39,17.59
CSV,560011,56000,19,17,1,9380,259,2.761194e-02,0.000000e+00,4611.3,237643.8,9324.6,14.06,17.12
CSV,565011,56500,19,17,1,9480,259,2.732068e-02,0.000000e+00,4651.1,292076.7,9540.7,14.86,17.98
CSV,570011,57000,19,17,1,9580,259,2.703549e-02,0.000000e+00,4279.7,332963.6,9865.7,15.28,18.91
CSV,575011,57500,19,17,1,9680,259,2.675620e-02,0.000000e+00,4671.4,302066.6,9929.3,14.83,18.11
BER: END_SEQ #19 [LOCK] seq_err=0 BER_seq=0.0000e+00 | lock=18 slip=1 BER_cond=0.0000e+00 BER_cum=2.6676e-02
CSV,580011,58000,19,18,1,9709,259,2.667628e-02,0.000000e+00,5302.2,305855.2,9575.0,15.04,17.61
BER: SYNC #20 (gated)
CSV,585011,58500,20,18,1,9803,259,2.642048e-02,0.000000e+00,4711.4,257033.7,9677.3,14.24,17.37
CSV,590011,59000,20,18,1,9903,259,2.615369e-02,0.000000e+00,4574.8,200544.5,9552.6,13.22,16.42
CSV,595011,59500,20,18,1,10003,259,2.589223e-02,0.000000e+00,4981.1,260881.2,9663.4,14.31,17.19
CSV,600011,60000,20,18,1,10103,259,2.563595e-02,0.000000e+00,4498.8,271164.7,9642.4,14.49,17.80
CSV,605011,60500,20,18,1,10203,259,2.538469e-02,0.000000e+00,5110.0,335828.8,9310.5,15.57,18.18
BER: END_SEQ #20 [LOCK] seq_err=0 BER_seq=0.0000e+00 | lock=19 slip=1 BER_cond=0.0000e+00 BER_cum=2.5342e-02
BER: SYNC #21 (gated)
CSV,610011,61000,21,19,1,10226,259,2.532760e-02,0.000000e+00,5288.5,357553.6,9903.1,15.58,18.30
CSV,615011,61500,21,19,1,10325,259,2.508475e-02,0.000000e+00,5094.8,297120.4,9787.9,14.82,17.66
CSV,620011,62000,21,19,1,10425,259,2.484412e-02,0.000000e+00,4587.6,200714.5,8758.5,13.60,16.41
CSV,625011,62500,21,19,1,10525,259,2.460808e-02,0.000000e+00,4332.5,262812.9,9288.7,14.52,17.83
CSV,630011,63000,21,19,1,10625,259,2.437647e-02,0.000000e+00,4348.2,275117.7,9871.6,14.45,18.01
CSV,635011,63500,21,19,1,10725,259,2.414919e-02,0.000000e+00,4510.6,269126.8,10173.5,14.22,17.76
BER: END_SEQ #21 [LOCK] seq_err=0 BER_seq=0.0000e+00 | lock=20 slip=1 BER_cond=0.0000e+00 BER_cum=2.4136e-02
BER: SYNC #22 (gated)
CSV,640011,64000,22,20,1,10748,259,2.409751e-02,0.000000e+00,4499.2,237398.7,9213.1,14.11,17.22
CSV,645011,64500,22,20,1,10848,259,2.387537e-02,0.000000e+00,4489.7,216000.5,9335.2,13.64,16.82
CSV,650011,65000,22,20,1,10948,260,2.374863e-02,0.000000e+00,4105.5,195712.8,9377.7,13.20,16.78
CSV,655011,65500,22,20,1,11048,260,2.353367e-02,0.000000e+00,4434.6,211969.5,8767.9,13.83,16.79
CSV,660011,66000,22,20,1,11148,260,2.332257e-02,0.000000e+00,4454.4,247910.5,8947.2,14.43,17.46
BER: END_SEQ #22 [LOCK] seq_err=1 BER_seq=1.9569e-03 | lock=21 slip=1 BER_cond=9.3188e-05 BER_cum=2.3128e-02
CSV,665011,66500,22,21,1,11242,260,2.312756e-02,9.318796e-05,5385.5,273210.1,8951.7,14.85,17.05
BER: SYNC #23 (gated)
CSV,670011,67000,23,21,1,11271,260,2.306805e-02,9.318796e-05,4920.2,251200.1,9865.5,14.06,17.08
CSV,675011,67500,23,21,1,11371,260,2.286518e-02,9.318796e-05,4251.9,219985.3,9149.2,13.81,17.14
CSV,680011,68000,23,21,1,11471,260,2.266585e-02,9.318796e-05,5122.1,232950.0,9439.5,13.92,16.58
CSV,685011,68500,23,21,1,11571,260,2.246997e-02,9.318796e-05,4731.0,257044.0,8968.2,14.57,17.35
CSV,690011,69000,23,21,1,11671,260,2.227744e-02,9.318796e-05,5055.6,263919.1,9403.1,14.48,17.18
BER: END_SEQ #23 [LOCK] seq_err=0 BER_seq=0.0000e+00 | lock=22 slip=1 BER_cond=8.8952e-05 BER_cum=2.2122e-02
CSV,695011,69500,23,22,1,11753,260,2.212201e-02,8.895215e-05,5345.6,281370.6,9527.8,14.70,17.21
BER: SYNC #24 (gated)
CSV,700011,70000,24,22,1,11794,260,2.204511e-02,8.895215e-05,4761.3,264824.8,8614.9,14.88,17.45
CSV,705011,70500,24,22,1,11894,260,2.185976e-02,8.895215e-05,4883.5,240071.6,9237.6,14.15,16.92
CSV,710011,71000,24,22,1,11994,260,2.167751e-02,8.895215e-05,4886.6,260599.4,10340.0,14.01,17.27
CSV,715011,71500,24,22,1,12094,260,2.149826e-02,8.895215e-05,4677.6,297386.4,9703.8,14.86,18.03
CSV,720011,72000,24,22,1,12193,260,2.132371e-02,8.895215e-05,4638.6,354967.4,9683.8,15.64,18.84
BER: END_SEQ #24 [LOCK] seq_err=0 BER_seq=0.0000e+00 | lock=23 slip=1 BER_cond=8.5085e-05 BER_cum=2.1200e-02
CSV,725011,72500,24,23,1,12264,260,2.120026e-02,8.508466e-05,5094.7,346215.9,9528.4,15.60,18.32
BER: SYNC #25 (gated)
CSV,730011,73000,25,23,1,12316,260,2.111075e-02,8.508466e-05,4588.7,285102.5,8755.9,15.13,17.93
CSV,735011,73500,25,23,1,12416,260,2.094072e-02,8.508466e-05,4288.6,191396.4,8864.4,13.34,16.50
CSV,740011,74000,25,23,1,12516,260,2.077341e-02,8.508466e-05,4556.0,214857.8,9473.1,13.56,16.74
CSV,745011,74500,25,23,1,12616,260,2.060875e-02,8.508466e-05,4392.0,223734.9,8574.4,14.17,17.07
CSV,750011,75000,25,23,1,12716,260,2.044668e-02,8.508466e-05,4421.4,218117.5,9443.0,13.64,16.93
BER: END_SEQ #25 [LOCK] seq_err=22 BER_seq=4.3053e-02 | lock=24 slip=1 BER_cond=1.8754e-03 BER_cum=2.2074e-02
CSV,755011,75500,25,24,1,12775,282,2.207436e-02,1.875408e-03,4681.7,235016.0,9774.6,13.81,17.01
BER: SYNC #26 (gated)
CSV,760011,76000,26,24,1,12839,282,2.196433e-02,1.875408e-03,4170.4,240207.7,9667.8,13.95,17.60
CSV,765011,76500,26,24,1,12939,282,2.179457e-02,1.875408e-03,4443.8,183926.4,9012.3,13.10,16.17
CSV,770011,77000,26,24,1,13039,282,2.162743e-02,1.875408e-03,4523.9,228149.7,8953.9,14.06,17.03
CSV,775011,77500,26,24,1,13139,282,2.146282e-02,1.875408e-03,4279.8,209977.6,8215.1,14.08,16.91
CSV,780011,78000,26,24,1,13239,282,2.130070e-02,1.875408e-03,3920.1,152519.9,8345.0,12.62,15.90
BER: END_SEQ #26 [LOCK] seq_err=0 BER_seq=0.0000e+00 | lock=25 slip=1 BER_cond=1.8004e-03 BER_cum=2.1225e-02
CSV,785011,78500,26,25,1,13286,282,2.122535e-02,1.800391e-03,4092.2,168942.2,8145.0,13.17,16.16
BER: SYNC #27 (gated)
CSV,790011,79000,27,25,1,13362,283,2.117946e-02,1.800391e-03,3879.2,171487.4,7688.6,13.48,16.45
CSV,795011,79500,27,25,1,13462,283,2.102214e-02,1.800391e-03,3481.5,118158.9,7144.4,12.19,15.31
CSV,800011,80000,27,25,1,13561,335,2.470319e-02,1.800391e-03,3906.6,137709.5,8447.7,12.12,15.47
CSV,805011,80500,27,25,1,13660,386,2.825769e-02,1.800391e-03,4179.7,165023.3,7494.5,13.43,15.96
CSV,810011,81000,27,25,1,13761,440,3.197442e-02,1.800391e-03,4349.2,124433.8,8873.0,11.47,14.57
BER: END_SEQ #27 [SLIP] seq_err=171 BER_seq=3.3464e-01 | lock=25 slip=2 BER_cond=1.8004e-03 BER_cum=3.2833e-02
CSV,815011,81500,27,25,2,13797,453,3.283323e-02,1.800391e-03,4483.9,214173.3,7583.6,14.51,16.79
BER: SYNC #28 (gated)
CSV,820011,82000,28,25,2,13884,453,3.262749e-02,1.800391e-03,4253.9,239428.6,8256.1,14.62,17.50
CSV,825011,82500,28,25,2,13984,453,3.239416e-02,1.800391e-03,4060.4,202684.4,7533.8,14.30,16.98
CSV,830011,83000,28,25,2,14084,453,3.216416e-02,1.800391e-03,4049.0,230826.7,8016.6,14.59,17.56
CSV,835011,83500,28,25,2,14184,453,3.193739e-02,1.800391e-03,4084.0,233870.1,8713.3,14.29,17.58
CSV,840011,84000,28,25,2,14284,453,3.171381e-02,1.800391e-03,4206.9,222137.8,7989.0,14.44,17.23
BER: END_SEQ #28 [LOCK] seq_err=0 BER_seq=0.0000e+00 | lock=26 slip=2 BER_cond=1.7311e-03 BER_cum=3.1661e-02
CSV,845011,84500,28,26,2,14308,453,3.166061e-02,1.731146e-03,4126.4,238664.1,7406.8,15.08,17.62
BER: SYNC #29 (gated)
CSV,850011,85000,29,26,2,14407,453,3.144305e-02,1.731146e-03,3723.7,176467.0,7136.6,13.93,16.76
CSV,855011,85500,29,26,2,14508,479,3.301627e-02,1.731146e-03,3905.3,142348.4,7190.9,12.97,15.62
CSV,860011,86000,29,26,2,14608,530,3.628149e-02,1.731146e-03,3757.9,186564.9,7585.2,13.91,16.96
CSV,865011,86500,29,26,2,14708,585,3.977427e-02,1.731146e-03,4014.8,198208.0,6537.8,14.82,16.93
CSV,870011,87000,29,26,2,14808,634,4.281469e-02,1.731146e-03,4010.5,189488.6,7942.5,13.78,16.74
BER: END_SEQ #29 [SLIP] seq_err=182 BER_seq=3.5616e-01 | lock=26 slip=3 BER_cond=1.7311e-03 BER_cum=4.2850e-02
BER: SYNC #30 (gated)
CSV,875011,87500,30,26,3,14830,635,4.281861e-02,1.731146e-03,4167.6,180956.4,7822.3,13.64,16.38
CSV,880011,88000,30,26,3,14930,635,4.253181e-02,1.731146e-03,4195.2,172292.1,7450.8,13.64,16.14
CSV,885011,88500,30,26,3,15030,635,4.224883e-02,1.731146e-03,3767.1,170824.1,7094.3,13.82,16.57
CSV,890011,89000,30,26,3,15130,635,4.196960e-02,1.731146e-03,4087.2,174778.2,8715.4,13.02,16.31
CSV,895011,89500,30,26,3,15230,635,4.169403e-02,1.731146e-03,4255.6,212586.1,7747.2,14.38,16.99
BER: END_SEQ #30 [LOCK] seq_err=0 BER_seq=0.0000e+00 | lock=27 slip=3 BER_cond=1.6670e-03 BER_cum=4.1422e-02
CSV,900011,90000,30,27,3,15330,635,4.142205e-02,1.667029e-03,3819.4,188835.0,7741.4,13.87,16.94
BER: SYNC #31 (gated)
CSV,905011,90500,31,27,3,15353,636,4.142513e-02,1.667029e-03,4074.0,189768.6,7824.9,13.85,16.68
CSV,910011,91000,31,27,3,15453,636,4.115706e-02,1.667029e-03,4187.8,158737.0,7761.0,13.11,15.79
CSV,915011,91500,31,27,3,15552,636,4.089506e-02,1.667029e-03,3900.2,159547.5,7890.0,13.06,16.12
CSV,920011,92000,31,27,3,15652,636,4.063379e-02,1.667029e-03,3823.3,184826.6,6504.2,14.54,16.84
CSV,925011,92500,31,27,3,15752,636,4.037583e-02,1.667029e-03,4004.5,188776.2,7217.3,14.18,16.73
BER: END_SEQ #31 [LOCK] seq_err=1 BER_seq=1.9569e-03 | lock=28 slip=3 BER_cond=1.6774e-03 BER_cum=4.0149e-02
CSV,930011,93000,31,28,3,15841,636,4.014898e-02,1.677383e-03,4062.0,189646.8,8169.7,13.66,16.69
BER: SYNC #32 (gated)
CSV,935011,93500,32,28,3,15875,636,4.006299e-02,1.677383e-03,4306.6,170198.9,8368.4,13.08,15.97
CSV,940011,94000,32,28,3,15975,636,3.981221e-02,1.677383e-03,3788.8,148148.2,7824.9,12.77,15.92
CSV,945011,94500,32,28,3,16075,636,3.956454e-02,1.677383e-03,4223.4,178829.3,8899.8,13.03,16.27
CSV,950011,95000,32,28,3,16175,636,3.931994e-02,1.677383e-03,4132.9,165031.7,8744.8,12.76,16.01
CSV,955011,95500,32,28,3,16275,636,3.907834e-02,1.677383e-03,3949.4,164889.5,7803.0,13.25,16.21
BER: END_SEQ #32 [LOCK] seq_err=0 BER_seq=0.0000e+00 | lock=29 slip=3 BER_cond=1.6195e-03 BER_cum=3.8894e-02
CSV,960011,96000,32,29,3,16352,636,3.889433e-02,1.619542e-03,3811.3,429981.3,5712.1,18.77,20.52
BER: SYNC #33 (gated)
CSV,965011,96500,33,29,3,16398,636,3.878522e-02,1.619542e-03,2879.7,492100.4,4356.7,20.53,22.33
CSV,970011,97000,33,29,3,16498,636,3.855013e-02,1.619542e-03,3013.1,383572.9,4756.9,19.07,21.05
CSV,975011,97500,33,29,3,16598,636,3.831787e-02,1.619542e-03,3100.1,473735.2,4764.3,19.98,21.84
CSV,980011,98000,33,29,3,16698,636,3.808839e-02,1.619542e-03,3518.8,347815.1,5566.3,17.96,19.95
CSV,985011,98500,33,29,3,16798,636,3.786165e-02,1.619542e-03,4027.6,154173.5,7661.6,13.04,15.83
BER: END_SEQ #33 [LOCK] seq_err=10 BER_seq=1.9569e-02 | lock=30 slip=3 BER_cond=2.2179e-03 BER_cum=3.8309e-02
CSV,990011,99000,33,30,3,16863,646,3.830872e-02,2.217873e-03,4585.0,189676.0,7572.0,13.99,16.17
BER: SYNC #34 (gated)
CSV,995011,99500,34,30,3,16921,646,3.817741e-02,2.217873e-03,3255.4,450936.5,5782.7,18.92,21.42
CSV,1000011,100000,34,30,3,17021,646,3.795312e-02,2.217873e-03,3079.8,365801.4,4093.5,19.51,20.75
CSV,1005011,100500,34,30,3,17121,646,3.773144e-02,2.217873e-03,2853.3,466736.9,4072.7,20.59,22.14
CSV,1010011,101000,34,30,3,17220,646,3.751452e-02,2.217873e-03,3191.8,486006.2,4523.8,20.31,21.83
CSV,1015011,101500,34,30,3,17321,646,3.729577e-02,2.217873e-03,3020.0,416441.0,4254.0,19.91,21.40
BER: END_SEQ #34 [LOCK] seq_err=0 BER_seq=0.0000e+00 | lock=31 slip=3 BER_cond=2.1463e-03 BER_cum=3.7182e-02
CSV,1020011,102000,34,31,3,17374,646,3.718200e-02,2.146329e-03,3179.7,462334.0,4074.4,20.55,21.63
BER: SYNC #35 (gated)
CSV,1025011,102500,35,31,3,17443,646,3.703491e-02,2.146329e-03,3045.6,454602.5,3872.7,20.70,21.74
CSV,1030011,103000,35,31,3,17543,646,3.682381e-02,2.146329e-03,2855.3,330570.8,4115.5,19.05,20.64
CSV,1035011,103500,35,31,3,17643,646,3.661509e-02,2.146329e-03,3031.6,380441.8,3545.7,20.31,20.99
CSV,1040011,104000,35,31,3,17743,646,3.640873e-02,2.146329e-03,3020.0,452214.8,4767.5,19.77,21.75
CSV,1045011,104500,35,31,3,17843,646,3.620467e-02,2.146329e-03,3010.8,403768.7,4278.4,19.75,21.27
BER: END_SEQ #35 [LOCK] seq_err=0 BER_seq=0.0000e+00 | lock=32 slip=3 BER_cond=2.0793e-03 BER_cum=3.6120e-02
CSV,1050011,105000,35,32,3,17885,646,3.611965e-02,2.079256e-03,3679.7,451297.9,5600.5,19.06,20.89
BER: SYNC #36 (gated)
CSV,1055011,105500,36,32,3,17966,646,3.595681e-02,2.079256e-03,2996.1,444765.4,3985.0,20.48,21.72
CSV,1060011,106000,36,32,3,18066,646,3.575778e-02,2.079256e-03,3090.5,357698.3,3946.0,19.57,20.63
CSV,1065011,106500,36,32,3,18166,646,3.556094e-02,2.079256e-03,2761.2,371501.6,4357.4,19.31,21.29
CSV,1070011,107000,36,32,3,18266,646,3.536626e-02,2.079256e-03,2807.7,443026.7,3998.6,20.45,21.98
CSV,1075011,107500,36,32,3,18366,646,3.517369e-02,2.079256e-03,2562.7,393069.6,4267.0,19.64,21.86
BER: END_SEQ #36 [LOCK] seq_err=0 BER_seq=0.0000e+00 | lock=33 slip=3 BER_cond=2.0162e-03 BER_cum=3.5116e-02
CSV,1080011,108000,36,33,3,18396,646,3.511633e-02,2.016249e-03,3079.4,440125.1,4288.8,20.11,21.55
BER: SYNC #37 (gated)
CSV,1085011,108500,37,33,3,18489,646,3.493970e-02,2.016249e-03,3154.0,390361.3,4015.6,19.88,20.93
CSV,1090011,109000,37,33,3,18589,646,3.475174e-02,2.016249e-03,2553.4,298991.7,4279.5,18.44,20.69
CSV,1095011,109500,37,33,3,18689,646,3.456579e-02,2.016249e-03,2707.3,395504.4,3881.9,20.08,21.65
CSV,1100011,110000,37,33,3,18789,646,3.438182e-02,2.016249e-03,2820.0,381112.0,4933.6,18.88,21.31
CSV,1105011,110500,37,33,3,18889,646,3.419980e-02,2.016249e-03,3154.2,399136.0,4136.6,19.84,21.02
BER: END_SEQ #37 [LOCK] seq_err=0 BER_seq=0.0000e+00 | lock=34 slip=3 BER_cond=1.9569e-03 BER_cum=3.4167e-02
BER: SYNC #38 (gated)
CSV,1110011,111000,38,34,3,18911,646,3.416001e-02,1.956947e-03,3477.3,409845.8,4612.7,19.49,20.71
CSV,1115011,111500,38,34,3,19011,646,3.398033e-02,1.956947e-03,2851.3,419394.4,4322.2,19.87,21.68
CSV,1120011,112000,38,34,3,19111,646,3.380252e-02,1.956947e-03,2950.6,316045.7,4317.3,18.65,20.30
CSV,1125011,112500,38,34,3,19211,646,3.362657e-02,1.956947e-03,2929.1,425216.5,4422.8,19.83,21.62
CSV,1130011,113000,38,34,3,19311,646,3.345244e-02,1.956947e-03,2704.0,397910.0,3800.6,20.20,21.68
CSV,1135011,113500,38,34,3,19411,646,3.328010e-02,1.956947e-03,3033.8,390018.5,4701.9,19.19,21.09
BER: END_SEQ #38 [LOCK] seq_err=0 BER_seq=0.0000e+00 | lock=35 slip=3 BER_cond=1.9010e-03 BER_cum=3.3268e-02
BER: SYNC #39 (gated)
CSV,1140011,114000,39,35,3,19434,646,3.324071e-02,1.901034e-03,3303.6,443563.5,4562.7,19.88,21.28
CSV,1145011,114500,39,35,3,19534,646,3.307054e-02,1.901034e-03,3197.8,356843.0,4336.7,19.15,20.48
CSV,1150011,115000,39,35,3,19634,646,3.290211e-02,1.901034e-03,3044.7,333051.4,4512.3,18.68,20.39
CSV,1155011,115500,39,35,3,19734,646,3.273538e-02,1.901034e-03,3033.4,384223.7,3993.6,19.83,21.03
CSV,1160011,116000,39,35,3,19834,646,3.257033e-02,1.901034e-03,3097.0,422847.9,4334.4,19.89,21.35
BER: END_SEQ #39 [LOCK] seq_err=0 BER_seq=0.0000e+00 | lock=36 slip=3 BER_cond=1.8482e-03 BER_cum=3.2415e-02
CSV,1165011,116500,39,36,3,19929,646,3.241507e-02,1.848228e-03,3682.9,430258.6,4681.0,19.63,20.68
BER: SYNC #40 (gated)
CSV,1170011,117000,40,36,3,19957,646,3.236960e-02,1.848228e-03,2977.3,405728.6,4687.8,19.37,21.34
CSV,1175011,117500,40,36,3,20057,646,3.220821e-02,1.848228e-03,3081.9,326826.8,4561.9,18.55,20.25
CSV,1180011,118000,40,36,3,20157,646,3.204842e-02,1.848228e-03,3108.1,365535.9,4568.9,19.03,20.70
CSV,1185011,118500,40,36,3,20257,646,3.189021e-02,1.848228e-03,2716.7,396376.9,4089.3,19.86,21.64
CSV,1190011,119000,40,36,3,20357,646,3.173356e-02,1.848228e-03,3205.1,389633.3,4615.9,19.26,20.85
BER: END_SEQ #40 [LOCK] seq_err=0 BER_seq=0.0000e+00 | lock=37 slip=3 BER_cond=1.7983e-03 BER_cum=3.1605e-02
CSV,1195011,119500,40,37,3,20440,646,3.160470e-02,1.798276e-03,3267.0,402579.5,4696.3,19.33,20.91
BER: SYNC #41 (gated)
CSV,1200011,120000,41,37,3,20480,646,3.154297e-02,1.798276e-03,2807.6,382543.3,4340.2,19.45,21.34
CSV,1205011,120500,41,37,3,20580,646,3.138970e-02,1.798276e-03,3389.2,338143.1,4353.8,18.90,19.99
CSV,1210011,121000,41,37,3,20679,646,3.123942e-02,1.798276e-03,2858.5,388200.6,4343.9,19.51,21.33
CSV,1215011,121500,41,37,3,20779,646,3.108908e-02,1.798276e-03,3261.5,381068.0,4555.6,19.22,20.68
CSV,1220011,122000,41,37,3,20879,646,3.094018e-02,1.798276e-03,3065.9,408015.2,4424.0,19.65,21.24
BER: END_SEQ #41 [LOCK] seq_err=0 BER_seq=0.0000e+00 | lock=38 slip=3 BER_cond=1.7510e-03 BER_cum=3.0834e-02
CSV,1225011,122500,41,38,3,20951,646,3.083385e-02,1.750953e-03,3664.2,397857.4,4619.9,19.35,20.36
BER: SYNC #42 (gated)
CSV,1230011,123000,42,38,3,21002,646,3.075898e-02,1.750953e-03,3244.1,384896.8,4461.5,19.36,20.74
CSV,1235011,123500,42,38,3,21102,646,3.061321e-02,1.750953e-03,3202.1,307938.2,4727.9,18.14,19.83
CSV,1240011,124000,42,38,3,21202,646,3.046882e-02,1.750953e-03,2805.7,391048.3,4946.3,18.98,21.44
CSV,1245011,124500,42,38,3,21302,646,3.032579e-02,1.750953e-03,2903.8,375430.2,4522.1,19.19,21.12
CSV,1250011,125000,42,38,3,21402,646,3.018410e-02,1.750953e-03,2821.2,369337.3,5000.3,18.68,21.17
BER: END_SEQ #42 [LOCK] seq_err=0 BER_seq=0.0000e+00 | lock=39 slip=3 BER_cond=1.7061e-03 BER_cum=3.0100e-02
CSV,1255011,125500,42,39,3,21462,646,3.009971e-02,1.706057e-03,3264.6,387151.1,5201.3,18.72,20.74
BER: SYNC #43 (gated)
CSV,1260011,126000,43,39,3,21525,646,3.001161e-02,1.706057e-03,3225.3,369942.1,4809.2,18.86,20.60
CSV,1265011,126500,43,39,3,21625,646,2.987283e-02,1.706057e-03,2849.7,263103.1,4368.3,17.80,19.65
CSV,1270011,127000,43,39,3,21725,646,2.973533e-02,1.706057e-03,2924.6,318152.5,4542.3,18.45,20.37
CSV,1275011,127500,43,39,3,21825,646,2.959908e-02,1.706057e-03,3050.2,332899.3,4980.8,18.25,20.38
CSV,1280011,128000,43,39,3,21925,646,2.946408e-02,1.706057e-03,2908.8,351569.8,4641.9,18.79,20.82
BER: END_SEQ #43 [LOCK] seq_err=1 BER_seq=1.9569e-03 | lock=40 slip=3 BER_cond=1.7123e-03 BER_cum=2.9445e-02
CSV,1285011,128500,43,40,3,21973,647,2.944523e-02,1.712329e-03,3486.4,365714.2,4667.0,18.94,20.21
BER: SYNC #44 (gated)
CSV,1290011,129000,44,40,3,22048,647,2.934507e-02,1.712329e-03,2916.7,358957.3,5029.4,18.54,20.90
CSV,1295011,129500,44,40,3,22148,647,2.921257e-02,1.712329e-03,2961.0,257191.5,4791.2,17.30,19.39
CSV,1300011,130000,44,40,3,22248,647,2.908127e-02,1.712329e-03,4244.6,204364.4,8455.3,13.83,16.83
CSV,1305011,130500,44,40,3,22348,647,2.895114e-02,1.712329e-03,3316.0,414935.0,4988.9,19.20,20.97
CSV,1310011,131000,44,40,3,22447,647,2.882345e-02,1.712329e-03,3228.3,335816.9,4904.3,18.36,20.17
BER: END_SEQ #44 [LOCK] seq_err=0 BER_seq=0.0000e+00 | lock=41 slip=3 BER_cond=1.6706e-03 BER_cum=2.8776e-02
CSV,1315011,131500,44,41,3,22484,647,2.877602e-02,1.670565e-03,3780.5,374701.5,5078.1,18.68,19.96
BER: SYNC #45 (gated)
CSV,1320011,132000,45,41,3,22570,647,2.866637e-02,1.670565e-03,3276.4,339009.3,5535.7,17.87,20.15
CSV,1325011,132500,45,41,3,22670,647,2.853992e-02,1.670565e-03,4524.3,100079.9,7341.6,11.35,13.45
CSV,1330011,133000,45,41,3,22769,698,3.065572e-02,1.670565e-03,3940.2,108510.2,7356.1,11.69,14.40
CSV,1335011,133500,45,41,3,22869,751,3.283922e-02,1.670565e-03,4192.4,110976.5,7332.5,11.80,14.23
CSV,1340011,134000,45,41,3,22969,804,3.500370e-02,1.670565e-03,4059.4,116055.7,7549.1,11.87,14.56
BER: END_SEQ #45 [SLIP] seq_err=164 BER_seq=3.2094e-01 | lock=41 slip=4 BER_cond=1.6706e-03 BER_cum=3.5269e-02
CSV,1345011,134500,45,41,4,22995,811,3.526854e-02,1.670565e-03,4438.9,164067.8,8647.5,12.78,15.68
BER: SYNC #46 (gated)
CSV,1350011,135000,46,41,4,23093,811,3.511887e-02,1.670565e-03,3850.1,318943.4,5742.8,17.45,19.18
CSV,1355011,135500,46,41,4,23193,811,3.496745e-02,1.670565e-03,3417.9,249795.3,5473.2,16.59,18.64
CSV,1360011,136000,46,41,4,23293,811,3.481733e-02,1.670565e-03,3287.3,333432.8,5598.9,17.75,20.06
CSV,1365011,136500,46,41,4,23393,811,3.466849e-02,1.670565e-03,3354.2,338167.6,4697.9,18.57,20.04
CSV,1370011,137000,46,41,4,23493,811,3.452092e-02,1.670565e-03,3140.9,320519.6,4803.0,18.24,20.09
BER: END_SEQ #46 [LOCK] seq_err=0 BER_seq=0.0000e+00 | lock=42 slip=4 BER_cond=1.6308e-03 BER_cum=3.4502e-02
BER: SYNC #47 (gated)
CSV,1375011,137500,47,42,4,23516,811,3.448716e-02,1.630789e-03,3307.6,322515.2,4750.1,18.32,19.89
CSV,1380011,138000,47,42,4,23616,811,3.434112e-02,1.630789e-03,2861.6,299030.9,3992.8,18.74,20.19
CSV,1385011,138500,47,42,4,23716,811,3.419632e-02,1.630789e-03,3012.5,239776.6,4170.6,17.60,19.01
CSV,1390011,139000,47,42,4,23816,811,3.405274e-02,1.630789e-03,2668.8,272227.2,4025.2,18.30,20.09
CSV,1395011,139500,47,42,4,23916,811,3.391035e-02,1.630789e-03,2946.0,312544.2,4140.3,18.78,20.26
CSV,1400011,140000,47,42,4,24016,811,3.376915e-02,1.630789e-03,2712.8,305397.6,4274.6,18.54,20.51
BER: END_SEQ #47 [LOCK] seq_err=0 BER_seq=0.0000e+00 | lock=43 slip=4 BER_cond=1.5929e-03 BER_cum=3.3768e-02
BER: SYNC #48 (gated)
CSV,1405011,140500,48,43,4,24039,811,3.373684e-02,1.592864e-03,3438.5,311037.5,4933.8,18.00,19.56
CSV,1410011,141000,48,43,4,24138,811,3.359848e-02,1.592864e-03,2724.3,272014.9,4106.0,18.21,19.99
CSV,1415011,141500,48,43,4,24238,811,3.345986e-02,1.592864e-03,2910.2,261576.9,4330.9,17.81,19.54
CSV,1420011,142000,48,43,4,24338,811,3.332238e-02,1.592864e-03,2875.5,308931.7,4239.2,18.63,20.31
CSV,1425011,142500,48,43,4,24438,811,3.318602e-02,1.592864e-03,2820.7,302967.2,4111.0,18.67,20.31
BER: END_SEQ #48 [LOCK] seq_err=0 BER_seq=0.0000e+00 | lock=44 slip=4 BER_cond=1.5567e-03 BER_cum=3.3064e-02
CSV,1430011,143000,48,44,4,24528,811,3.306425e-02,1.556662e-03,3404.6,319013.8,4183.5,18.82,19.72
BER: SYNC #49 (gated)
CSV,1435011,143500,49,44,4,24561,811,3.301983e-02,1.556662e-03,2837.4,301299.7,4111.8,18.65,20.26
CSV,1440011,144000,49,44,4,24661,811,3.288593e-02,1.556662e-03,3097.3,267822.8,3910.6,18.36,19.37
CSV,1445011,144500,49,44,4,24761,811,3.275312e-02,1.556662e-03,2920.5,301210.3,4237.8,18.52,20.13
CSV,1450011,145000,49,44,4,24861,811,3.262138e-02,1.556662e-03,3127.2,321825.5,4193.9,18.85,20.12
CSV,1455011,145500,49,44,4,24961,811,3.249069e-02,1.556662e-03,3089.9,293571.9,4674.5,17.98,19.78
BER: END_SEQ #49 [LOCK] seq_err=0 BER_seq=0.0000e+00 | lock=45 slip=4 BER_cond=1.5221e-03 BER_cum=3.2389e-02
CSV,1460011,146000,49,45,4,25039,811,3.238947e-02,1.522070e-03,3551.7,326320.0,4680.9,18.43,19.63
BER: SYNC #50 (gated)
CSV,1465011,146500,50,45,4,25084,811,3.233137e-02,1.522070e-03,2810.2,298403.1,4257.9,18.46,20.26
CSV,1470011,147000,50,45,4,25184,811,3.220299e-02,1.522070e-03,3253.3,241640.1,3859.8,17.97,18.71
CSV,1475011,147500,50,45,4,25284,811,3.207562e-02,1.522070e-03,3011.2,293726.2,4590.8,18.06,19.89
CSV,1480011,148000,50,45,4,25384,811,3.194926e-02,1.522070e-03,3272.3,211338.4,6024.7,15.45,18.10
CSV,1485011,148500,50,45,4,25484,811,3.182389e-02,1.522070e-03,4336.5,123678.9,7297.2,12.29,14.55
BER: END_SEQ #50 [LOCK] seq_err=0 BER_seq=0.0000e+00 | lock=46 slip=4 BER_cond=1.4890e-03 BER_cum=3.1742e-02
CSV,1490011,149000,50,46,4,25550,811,3.174168e-02,1.488982e-03,4792.8,157634.2,9038.7,12.42,15.17
BER: SYNC #51 (gated)
CSV,1495011,149500,51,46,4,25607,811,3.167103e-02,1.488982e-03,4353.6,153397.5,8123.2,12.76,15.47
CSV,1500011,150000,51,46,4,25707,811,3.154783e-02,1.488982e-03,3944.9,121446.8,8124.7,11.75,14.88
CSV,1505011,150500,51,46,4,25807,811,3.142558e-02,1.488982e-03,3854.8,117906.1,7325.3,12.07,14.86
CSV,1510011,151000,51,46,4,25906,811,3.130549e-02,1.488982e-03,3894.2,121445.5,7220.3,12.26,14.94
CSV,1515011,151500,51,46,4,26006,811,3.118511e-02,1.488982e-03,3949.6,106827.0,7234.3,11.69,14.32
BER: END_SEQ #51 [LOCK] seq_err=0 BER_seq=0.0000e+00 | lock=47 slip=4 BER_cond=1.4573e-03 BER_cum=3.1119e-02
CSV,1520011,152000,51,47,4,26061,811,3.111930e-02,1.457301e-03,4419.0,127347.7,7247.5,12.45,14.60

=========================================
=== END OF TEST (duration=25 min) ===
=========================================
FINAL: syncs=51 lock=47 slip=4 slip_rate=0.0784
FINAL: bits_cum=26061 err_cum=811 BER_cum=3.1119e-02
FINAL: bits_lock=24017 err_lock=35 BER_cond=1.4573e-03
=========================================
=== STOP LOGGING NOW ===
=========================================
