

=== RX BOOT - BER TEST MODE ===
BPS_MODE=20 (HALF_SAMPLES=2000, 10000 samples/bit @ 200000 Hz)
Expect: 64-bit preamble + Barker13 (1F35h, gated by 8 preamble bits = 0x55) + 511-bit PRBS-9
Noise floor band: 5000 Hz; lock threshold: BER<0.10
Auto-stop: test will halt 25 min after the first sync.
RX: edge-tracking sync, center-3 voting
Starting decoder...

CSV,5010,500,0,0,0,0,0,0.000000e+00,0.000000e+00,186748026880.0,164312629248.0,1512637.0,50.92,0.56
BER: SYNC #1 (gated)
CSV,10010,1000,1,0,0,82,0,0.000000e+00,0.000000e+00,181690302464.0,178369462272.0,1047766.1,52.39,0.08
CSV,15010,1500,1,0,0,182,0,0.000000e+00,0.000000e+00,224784564224.0,144745365504.0,1096599.6,53.12,1.91
CSV,20010,2000,1,0,0,282,0,0.000000e+00,0.000000e+00,201350905856.0,154292535296.0,1058530.9,52.79,1.16
CSV,25010,2500,1,0,0,382,0,0.000000e+00,0.000000e+00,161396932608.0,187244986368.0,1123324.4,52.22,0.65
CSV,30010,3000,1,0,0,482,0,0.000000e+00,0.000000e+00,196698095616.0,164471291904.0,1154799.4,52.31,0.78
BER: END_SEQ #1 [LOCK] seq_err=0 BER_seq=0.0000e+00 | lock=1 slip=0 BER_cond=0.0000e+00 BER_cum=0.0000e+00
CSV,35010,3500,1,1,0,511,0,0.000000e+00,0.000000e+00,171232968704.0,190221287424.0,1793438.2,50.26,0.46
BER: SYNC #2 (gated)
CSV,40010,4000,2,1,0,605,0,0.000000e+00,0.000000e+00,187375419392.0,168655060992.0,1201770.0,51.93,0.46
CSV,45010,4500,2,1,0,704,0,0.000000e+00,0.000000e+00,228595630080.0,129824817152.0,1130900.8,53.06,2.46
CSV,50010,5000,2,1,0,804,0,0.000000e+00,0.000000e+00,184716574720.0,172557271040.0,1076201.4,52.35,0.30
CSV,55010,5500,2,1,0,904,0,0.000000e+00,0.000000e+00,187293614080.0,177324359680.0,1180726.9,52.00,0.24
CSV,60010,6000,2,1,0,1004,0,0.000000e+00,0.000000e+00,182964436992.0,173081952256.0,977795.4,52.72,0.24
BER: END_SEQ #2 [LOCK] seq_err=0 BER_seq=0.0000e+00 | lock=2 slip=0 BER_cond=0.0000e+00 BER_cum=0.0000e+00
BER: SYNC #3 (gated)
CSV,65010,6500,3,2,0,1027,0,0.000000e+00,0.000000e+00,165652463616.0,175936192512.0,1785815.9,49.94,0.26
CSV,70010,7000,3,2,0,1127,0,0.000000e+00,0.000000e+00,178776850432.0,177936990208.0,1053892.2,52.30,0.02
CSV,75010,7500,3,2,0,1227,0,0.000000e+00,0.000000e+00,238141849600.0,134069313536.0,1120108.9,53.28,2.50
CSV,80010,8000,3,2,0,1327,0,0.000000e+00,0.000000e+00,185678004224.0,170380312576.0,1052009.9,52.47,0.37
CSV,85010,8500,3,2,0,1427,0,0.000000e+00,0.000000e+00,174365016064.0,175340093440.0,1133137.8,51.90,0.02
CSV,90010,9000,3,2,0,1527,0,0.000000e+00,0.000000e+00,184334532608.0,173621903360.0,1016441.4,52.59,0.26
BER: END_SEQ #3 [LOCK] seq_err=0 BER_seq=0.0000e+00 | lock=3 slip=0 BER_cond=0.0000e+00 BER_cum=0.0000e+00
BER: SYNC #4 (gated)
CSV,95010,9500,4,3,0,1550,0,0.000000e+00,0.000000e+00,173881212928.0,188820553728.0,1828688.1,50.14,0.36
CSV,100010,10000,4,3,0,1650,0,0.000000e+00,0.000000e+00,195273588736.0,162477359104.0,1001809.0,52.90,0.80
CSV,105010,10500,4,3,0,1750,0,0.000000e+00,0.000000e+00,217049776128.0,139971280896.0,1104467.4,52.93,1.91
CSV,110010,11000,4,3,0,1850,0,0.000000e+00,0.000000e+00,190067064832.0,165732188160.0,1024042.3,52.69,0.60
CSV,115010,11500,4,3,0,1950,0,0.000000e+00,0.000000e+00,189134553088.0,177814667264.0,1077371.5,52.44,0.27
BER: END_SEQ #4 [LOCK] seq_err=0 BER_seq=0.0000e+00 | lock=4 slip=0 BER_cond=0.0000e+00 BER_cum=0.0000e+00
CSV,120010,12000,4,4,0,2044,0,0.000000e+00,0.000000e+00,169564700672.0,188100296704.0,1029047.9,52.62,0.45
BER: SYNC #5 (gated)
CSV,125010,12500,5,4,0,2073,0,0.000000e+00,0.000000e+00,172554190848.0,171577966592.0,1832844.1,49.74,0.02
CSV,130010,13000,5,4,0,2173,0,0.000000e+00,0.000000e+00,215638179840.0,145135255552.0,1107097.4,52.90,1.72
CSV,135010,13500,5,4,0,2273,0,0.000000e+00,0.000000e+00,200998977536.0,166875856896.0,1105698.4,52.60,0.81
CSV,140010,14000,5,4,0,2373,0,0.000000e+00,0.000000e+00,189038952448.0,171419992064.0,1161009.8,52.12,0.42
CSV,145010,14500,5,4,0,2472,0,0.000000e+00,0.000000e+00,184207179776.0,166587678720.0,1201448.4,51.86,0.44
BER: END_SEQ #5 [LOCK] seq_err=0 BER_seq=0.0000e+00 | lock=5 slip=0 BER_cond=0.0000e+00 BER_cum=0.0000e+00
CSV,150010,15000,5,5,0,2555,0,0.000000e+00,0.000000e+00,169633366016.0,180561133568.0,1313123.8,51.38,0.27
BER: SYNC #6 (gated)
CSV,155010,15500,6,5,0,2595,0,0.000000e+00,0.000000e+00,189275488256.0,169657810944.0,1586166.5,50.77,0.48
CSV,160010,16000,6,5,0,2695,0,0.000000e+00,0.000000e+00,215097688064.0,146041028608.0,1048396.1,53.12,1.68
CSV,165010,16500,6,5,0,2795,0,0.000000e+00,0.000000e+00,180416004096.0,168220688384.0,1067741.2,52.28,0.30
CSV,170010,17000,6,5,0,2895,0,0.000000e+00,0.000000e+00,189642702848.0,163678896128.0,1040057.6,52.61,0.64
CSV,175010,17500,6,5,0,2995,0,0.000000e+00,0.000000e+00,182475079680.0,177593876480.0,1162055.0,51.96,0.12
BER: END_SEQ #6 [LOCK] seq_err=0 BER_seq=0.0000e+00 | lock=6 slip=0 BER_cond=0.0000e+00 BER_cum=0.0000e+00
CSV,180010,18000,6,6,0,3066,0,0.000000e+00,0.000000e+00,179640107008.0,174544568320.0,1494597.4,50.80,0.12
BER: SYNC #7 (gated)
CSV,185010,18500,7,6,0,3118,0,0.000000e+00,0.000000e+00,180291420160.0,166168150016.0,1462258.5,50.91,0.35
CSV,190010,19000,7,6,0,3218,0,0.000000e+00,0.000000e+00,219787493376.0,138059923456.0,1029297.2,53.29,2.02
CSV,195010,19500,7,6,0,3318,0,0.000000e+00,0.000000e+00,183877222400.0,176944037888.0,1135342.0,52.09,0.17
CSV,200010,20000,7,6,0,3418,0,0.000000e+00,0.000000e+00,183639375872.0,175136882688.0,1061925.9,52.38,0.21
CSV,205010,20500,7,6,0,3518,0,0.000000e+00,0.000000e+00,187780136960.0,161645740032.0,1233070.9,51.83,0.65
BER: END_SEQ #7 [LOCK] seq_err=0 BER_seq=0.0000e+00 | lock=7 slip=0 BER_cond=0.0000e+00 BER_cum=0.0000e+00
CSV,210010,21000,7,7,0,3577,0,0.000000e+00,0.000000e+00,171258642432.0,174575222784.0,1517430.8,50.61,0.08
BER: SYNC #8 (gated)
CSV,215010,21500,8,7,0,3641,0,0.000000e+00,0.000000e+00,177203888128.0,179915096064.0,1447470.5,50.94,0.07
CSV,220010,22000,8,7,0,3741,0,0.000000e+00,0.000000e+00,237314473984.0,129680007168.0,1158147.2,53.12,2.62
CSV,225010,22500,8,7,0,3841,0,0.000000e+00,0.000000e+00,184672436224.0,165693685760.0,1081055.0,52.33,0.47
CSV,230010,23000,8,7,0,3941,0,0.000000e+00,0.000000e+00,172512903168.0,176097361920.0,1118414.1,51.97,0.09
CSV,235010,23500,8,7,0,4041,0,0.000000e+00,0.000000e+00,188975562752.0,169254158336.0,1120936.9,52.27,0.48
BER: END_SEQ #8 [LOCK] seq_err=0 BER_seq=0.0000e+00 | lock=8 slip=0 BER_cond=0.0000e+00 BER_cum=0.0000e+00
CSV,240010,24000,8,8,0,4088,0,0.000000e+00,0.000000e+00,175791800320.0,179217481728.0,1546448.1,50.64,0.08
BER: SYNC #9 (gated)
CSV,245010,24500,9,8,0,4163,0,0.000000e+00,0.000000e+00,173520551936.0,176590241792.0,1172194.2,51.78,0.08
CSV,250010,25000,9,8,0,4263,0,0.000000e+00,0.000000e+00,224225525760.0,131656794112.0,1084418.9,53.15,2.31
CSV,255010,25500,9,8,0,4363,0,0.000000e+00,0.000000e+00,199944765440.0,160030375936.0,1147129.8,52.41,0.97
CSV,260010,26000,9,8,0,4463,0,0.000000e+00,0.000000e+00,167054835712.0,191895535616.0,1068718.2,52.54,0.60
CSV,265010,26500,9,8,0,4563,0,0.000000e+00,0.000000e+00,194340372480.0,159161466880.0,1054323.6,52.66,0.87
BER: END_SEQ #9 [LOCK] seq_err=0 BER_seq=0.0000e+00 | lock=9 slip=0 BER_cond=0.0000e+00 BER_cum=0.0000e+00
CSV,270010,27000,9,9,0,4599,0,0.000000e+00,0.000000e+00,164388552704.0,176264904704.0,1790624.4,49.93,0.30
BER: SYNC #10 (gated)
CSV,275010,27500,10,9,0,4686,0,0.000000e+00,0.000000e+00,185214943232.0,173365264384.0,1007496.3,52.64,0.29
CSV,280010,28000,10,9,0,4786,0,0.000000e+00,0.000000e+00,227051143168.0,141030146048.0,1121288.8,53.06,2.07
CSV,285010,28500,10,9,0,4886,0,0.000000e+00,0.000000e+00,185733595136.0,167234879488.0,1057072.5,52.45,0.46
CSV,290010,29000,10,9,0,4986,0,0.000000e+00,0.000000e+00,180197916672.0,169511682048.0,1079079.4,52.23,0.27
CSV,295010,29500,10,9,0,5086,0,0.000000e+00,0.000000e+00,185961545728.0,170829004800.0,971175.5,52.82,0.37
BER: END_SEQ #10 [LOCK] seq_err=0 BER_seq=0.0000e+00 | lock=10 slip=0 BER_cond=0.0000e+00 BER_cum=0.0000e+00
CSV,300010,30000,10,10,0,5110,0,0.000000e+00,0.000000e+00,169068953600.0,189747625984.0,1854399.6,50.10,0.50
BER: SYNC #11 (gated)
CSV,305010,30500,11,10,0,5209,0,0.000000e+00,0.000000e+00,187582726144.0,166474383360.0,993141.8,52.76,0.52
CSV,310010,31000,11,10,0,5309,0,0.000000e+00,0.000000e+00,227042066432.0,129741332480.0,1040486.3,53.39,2.43
CSV,315010,31500,11,10,0,5409,0,0.000000e+00,0.000000e+00,188996009984.0,168501559296.0,1209487.6,51.94,0.50
CSV,320010,32000,11,10,0,5509,0,0.000000e+00,0.000000e+00,178979454976.0,183518887936.0,1227599.6,51.75,0.11
CSV,325010,32500,11,10,0,5609,0,0.000000e+00,0.000000e+00,183391584256.0,171302338560.0,1067444.8,52.35,0.30
BER: END_SEQ #11 [LOCK] seq_err=0 BER_seq=0.0000e+00 | lock=11 slip=0 BER_cond=0.0000e+00 BER_cum=0.0000e+00
BER: SYNC #12 (gated)
CSV,330010,33000,12,11,0,5632,0,0.000000e+00,0.000000e+00,163570696192.0,176092774400.0,1831425.8,49.83,0.32
CSV,335010,33500,12,11,0,5732,0,0.000000e+00,0.000000e+00,191560630272.0,165474549760.0,1139664.2,52.26,0.64
CSV,340010,34000,12,11,0,5832,0,0.000000e+00,0.000000e+00,223629230080.0,144811950080.0,1001852.9,53.49,1.89
CSV,345010,34500,12,11,0,5932,0,0.000000e+00,0.000000e+00,190696243200.0,164079714304.0,1091964.9,52.42,0.65
CSV,350010,35000,12,11,0,6031,0,0.000000e+00,0.000000e+00,167989411840.0,178824429568.0,1211064.1,51.69,0.27
CSV,355010,35500,12,11,0,6131,0,0.000000e+00,0.000000e+00,179577208832.0,175984082944.0,1164652.9,51.88,0.09
BER: END_SEQ #12 [LOCK] seq_err=0 BER_seq=0.0000e+00 | lock=12 slip=0 BER_cond=0.0000e+00 BER_cum=0.0000e+00
BER: SYNC #13 (gated)
CSV,360010,36000,13,12,0,6154,0,0.000000e+00,0.000000e+00,178970099712.0,181594210304.0,1789410.1,50.06,0.06
CSV,365010,36500,13,12,0,6254,0,0.000000e+00,0.000000e+00,205343277056.0,151903141888.0,1082634.2,52.78,1.31
CSV,370010,37000,13,12,0,6354,0,0.000000e+00,0.000000e+00,211536363520.0,141880721408.0,1098999.2,52.84,1.73
CSV,375010,37500,13,12,0,6454,0,0.000000e+00,0.000000e+00,186305888256.0,167867842560.0,1059802.4,52.45,0.45
CSV,380010,38000,13,12,0,6554,0,0.000000e+00,0.000000e+00,185617989632.0,178616025088.0,1109468.2,52.24,0.17
BER: END_SEQ #13 [LOCK] seq_err=0 BER_seq=0.0000e+00 | lock=13 slip=0 BER_cond=0.0000e+00 BER_cum=0.0000e+00
CSV,385010,38500,13,13,0,6643,0,0.000000e+00,0.000000e+00,171499323392.0,182942777344.0,1133691.4,52.08,0.28
BER: SYNC #14 (gated)
CSV,390010,39000,14,13,0,6677,0,0.000000e+00,0.000000e+00,178937561088.0,164753096704.0,1826837.6,49.91,0.36
CSV,395010,39500,14,13,0,6777,0,0.000000e+00,0.000000e+00,212283539456.0,145444175872.0,1210574.4,52.44,1.64
CSV,400010,40000,14,13,0,6877,0,0.000000e+00,0.000000e+00,191932907520.0,172631244800.0,1105495.6,52.40,0.46
CSV,405010,40500,14,13,0,6977,0,0.000000e+00,0.000000e+00,185381044224.0,171670437888.0,1129592.8,52.15,0.33
CSV,410010,41000,14,13,0,7077,0,0.000000e+00,0.000000e+00,186923974656.0,163327754240.0,1094639.9,52.32,0.59
BER: END_SEQ #14 [LOCK] seq_err=0 BER_seq=0.0000e+00 | lock=14 slip=0 BER_cond=0.0000e+00 BER_cum=0.0000e+00
CSV,415010,41500,14,14,0,7154,0,0.000000e+00,0.000000e+00,173313163264.0,176422469632.0,1261770.0,51.46,0.08
BER: SYNC #15 (gated)
CSV,420010,42000,15,14,0,7200,0,0.000000e+00,0.000000e+00,186594033664.0,173327106048.0,1512871.9,50.91,0.32
CSV,425010,42500,15,14,0,7300,0,0.000000e+00,0.000000e+00,223940313088.0,138794647552.0,964488.8,53.66,2.08
CSV,430010,43000,15,14,0,7400,0,0.000000e+00,0.000000e+00,174475067392.0,172109545472.0,1258121.2,51.42,0.06
CSV,435010,43500,15,14,0,7500,0,0.000000e+00,0.000000e+00,185882804224.0,166728482816.0,980727.9,52.78,0.47
CSV,440010,44000,15,14,0,7600,0,0.000000e+00,0.000000e+00,182617767936.0,178004639744.0,1111987.4,52.15,0.11
BER: END_SEQ #15 [LOCK] seq_err=0 BER_seq=0.0000e+00 | lock=15 slip=0 BER_cond=0.0000e+00 BER_cum=0.0000e+00
CSV,445010,44500,15,15,0,7665,0,0.000000e+00,0.000000e+00,183095525376.0,171319230464.0,1353782.4,51.31,0.29
BER: SYNC #16 (gated)
CSV,450010,45000,16,15,0,7722,0,0.000000e+00,0.000000e+00,175194161152.0,171048665088.0,1462055.2,50.79,0.10
CSV,455010,45500,16,15,0,7822,0,0.000000e+00,0.000000e+00,224147144704.0,132891885568.0,1096756.2,53.10,2.27
CSV,460010,46000,16,15,0,7922,0,0.000000e+00,0.000000e+00,194572976128.0,167305117696.0,1000350.4,52.89,0.66
CSV,465010,46500,16,15,0,8022,0,0.000000e+00,0.000000e+00,173291257856.0,184188731392.0,1068648.6,52.36,0.26
CSV,470010,47000,16,15,0,8122,0,0.000000e+00,0.000000e+00,193266237440.0,157991419904.0,1037120.8,52.70,0.88
BER: END_SEQ #16 [LOCK] seq_err=0 BER_seq=0.0000e+00 | lock=16 slip=0 BER_cond=0.0000e+00 BER_cum=0.0000e+00
CSV,475010,47500,16,16,0,8176,0,0.000000e+00,0.000000e+00,165567119360.0,179729956864.0,1585155.4,50.55,0.36
BER: SYNC #17 (gated)
CSV,480010,48000,17,16,0,8245,0,0.000000e+00,0.000000e+00,177493409792.0,180726628352.0,1290800.2,51.46,0.08
CSV,485010,48500,17,16,0,8345,0,0.000000e+00,0.000000e+00,231046430720.0,135173398528.0,1067924.1,53.35,2.33
CSV,490010,49000,17,16,0,8445,0,0.000000e+00,0.000000e+00,192483213312.0,158882840576.0,1204602.9,52.04,0.83
CSV,495010,49500,17,16,0,8545,0,0.000000e+00,0.000000e+00,168858763264.0,180095434752.0,1100815.6,52.14,0.28
CSV,500010,50000,17,16,0,8645,0,0.000000e+00,0.000000e+00,198725844992.0,162148106240.0,1217672.6,52.13,0.88
BER: END_SEQ #17 [LOCK] seq_err=0 BER_seq=0.0000e+00 | lock=17 slip=0 BER_cond=0.0000e+00 BER_cum=0.0000e+00
CSV,505010,50500,17,17,0,8687,0,0.000000e+00,0.000000e+00,167473954816.0,185614761984.0,1730965.6,50.30,0.45
BER: SYNC #18 (gated)
CSV,510010,51000,18,17,0,8768,0,0.000000e+00,0.000000e+00,176886349824.0,173277200384.0,1160251.4,51.83,0.09
CSV,515010,51500,18,17,0,8868,0,0.000000e+00,0.000000e+00,216139923456.0,139449729024.0,1052200.9,53.13,1.90
CSV,520010,52000,18,17,0,8968,0,0.000000e+00,0.000000e+00,207416442880.0,152826445824.0,1070618.2,52.87,1.33
CSV,525010,52500,18,17,0,9068,0,0.000000e+00,0.000000e+00,162762096640.0,193342210048.0,1115337.9,52.39,0.75
CSV,530010,53000,18,17,0,9168,0,0.000000e+00,0.000000e+00,192810860544.0,158942117888.0,1223005.1,51.98,0.84
BER: END_SEQ #18 [LOCK] seq_err=0 BER_seq=0.0000e+00 | lock=18 slip=0 BER_cond=0.0000e+00 BER_cum=0.0000e+00
CSV,535010,53500,18,18,0,9198,0,0.000000e+00,0.000000e+00,159865995264.0,178465685504.0,1767059.0,50.04,0.48
BER: SYNC #19 (gated)
CSV,540010,54000,19,18,0,9291,0,0.000000e+00,0.000000e+00,191933546496.0,165705334784.0,1036122.2,52.68,0.64
CSV,545010,54500,19,18,0,9391,0,0.000000e+00,0.000000e+00,229727404032.0,136771076096.0,1093907.0,53.22,2.25
CSV,550010,55000,19,18,0,9491,0,0.000000e+00,0.000000e+00,184827592704.0,165745868800.0,1019214.2,52.59,0.47
CSV,555010,55500,19,18,0,9590,0,0.000000e+00,0.000000e+00,175699214336.0,171231068160.0,1116159.8,51.97,0.11
CSV,560010,56000,19,18,0,9690,0,0.000000e+00,0.000000e+00,183790206976.0,172130975744.0,1158335.8,52.00,0.28
BER: END_SEQ #19 [LOCK] seq_err=0 BER_seq=0.0000e+00 | lock=19 slip=0 BER_cond=0.0000e+00 BER_cum=0.0000e+00
BER: SYNC #20 (gated)
CSV,565010,56500,20,19,0,9713,0,0.000000e+00,0.000000e+00,177317822464.0,181803712512.0,1891873.6,49.83,0.11
CSV,570010,57000,20,19,0,9813,0,0.000000e+00,0.000000e+00,174289780736.0,175336046592.0,1194063.4,51.67,0.03
CSV,575010,57500,20,19,0,9913,0,0.000000e+00,0.000000e+00,231080034304.0,124077694976.0,1128603.6,53.11,2.70
CSV,580010,58000,20,19,0,10013,0,0.000000e+00,0.000000e+00,183321100288.0,171136663552.0,1033019.1,52.49,0.30
CSV,585010,58500,20,19,0,10113,0,0.000000e+00,0.000000e+00,182825598976.0,177533403136.0,1142900.8,52.04,0.13
CSV,590010,59000,20,19,0,10213,0,0.000000e+00,0.000000e+00,182330638336.0,170295443456.0,929511.8,52.93,0.30
BER: END_SEQ #20 [LOCK] seq_err=0 BER_seq=0.0000e+00 | lock=20 slip=0 BER_cond=0.0000e+00 BER_cum=0.0000e+00
BER: SYNC #21 (gated)
CSV,595010,59500,21,20,0,10236,0,0.000000e+00,0.000000e+00,157012049920.0,179563413504.0,1785669.4,50.02,0.58
CSV,600010,60000,21,20,0,10336,0,0.000000e+00,0.000000e+00,196200267776.0,158281547776.0,1015973.7,52.86,0.93
CSV,605010,60500,21,20,0,10436,0,0.000000e+00,0.000000e+00,220364783616.0,145338810368.0,1142634.8,52.85,1.81
CSV,610010,61000,21,20,0,10536,0,0.000000e+00,0.000000e+00,191931334656.0,160381976576.0,1077663.2,52.51,0.78
CSV,615010,61500,21,20,0,10636,0,0.000000e+00,0.000000e+00,176947396608.0,171289083904.0,1052791.8,52.26,0.14
BER: END_SEQ #21 [LOCK] seq_err=0 BER_seq=0.0000e+00 | lock=21 slip=0 BER_cond=0.0000e+00 BER_cum=0.0000e+00
CSV,620010,62000,21,21,0,10731,0,0.000000e+00,0.000000e+00,169237676032.0,182008954880.0,1059677.6,52.35,0.32
BER: SYNC #22 (gated)
CSV,625010,62500,22,21,0,10759,0,0.000000e+00,0.000000e+00,179172442112.0,179996131328.0,1711129.1,50.22,0.02
CSV,630010,63000,22,21,0,10859,0,0.000000e+00,0.000000e+00,213938765824.0,144138354688.0,987351.4,53.36,1.72
CSV,635010,63500,22,21,0,10959,0,0.000000e+00,0.000000e+00,194482700288.0,154399440896.0,1150512.9,52.28,1.00
CSV,640010,64000,22,21,0,11059,0,0.000000e+00,0.000000e+00,181996732416.0,170279600128.0,915418.4,52.98,0.29
CSV,645010,64500,22,21,0,11159,0,0.000000e+00,0.000000e+00,190797299712.0,170340564992.0,1092637.5,52.42,0.49
BER: END_SEQ #22 [LOCK] seq_err=0 BER_seq=0.0000e+00 | lock=22 slip=0 BER_cond=0.0000e+00 BER_cum=0.0000e+00
CSV,650010,65000,22,22,0,11242,0,0.000000e+00,0.000000e+00,173810761728.0,176642424832.0,1117017.4,51.99,0.07
BER: SYNC #23 (gated)
CSV,655010,65500,23,22,0,11281,0,0.000000e+00,0.000000e+00,179580190720.0,161561591808.0,1720239.1,50.19,0.46
CSV,660010,66000,23,22,0,11381,0,0.000000e+00,0.000000e+00,209492377600.0,145285644288.0,991223.2,53.25,1.59
CSV,665010,66500,23,22,0,11481,0,0.000000e+00,0.000000e+00,189468033024.0,171615993856.0,1158669.6,52.14,0.43
CSV,670010,67000,23,22,0,11581,0,0.000000e+00,0.000000e+00,191904481280.0,163682123776.0,1115382.5,52.36,0.69
CSV,675010,67500,23,22,0,11681,0,0.000000e+00,0.000000e+00,174663467008.0,170232889344.0,1262176.5,51.41,0.11
BER: END_SEQ #23 [LOCK] seq_err=0 BER_seq=0.0000e+00 | lock=23 slip=0 BER_cond=0.0000e+00 BER_cum=0.0000e+00
CSV,680010,68000,23,23,0,11753,0,0.000000e+00,0.000000e+00,174821507072.0,172157911040.0,1318655.5,51.22,0.07
BER: SYNC #24 (gated)
CSV,685010,68500,24,23,0,11804,0,0.000000e+00,0.000000e+00,184770658304.0,172857032704.0,1487791.2,50.94,0.29
CSV,690010,69000,24,23,0,11904,0,0.000000e+00,0.000000e+00,223050268672.0,137539911680.0,1010624.8,53.44,2.10
CSV,695010,69500,24,23,0,12004,0,0.000000e+00,0.000000e+00,173993213952.0,170704863232.0,1124199.8,51.90,0.08
CSV,700010,70000,24,23,0,12104,0,0.000000e+00,0.000000e+00,183146135552.0,168207597568.0,988904.9,52.68,0.37
CSV,705010,70500,24,23,0,12204,0,0.000000e+00,0.000000e+00,191832178688.0,169125150720.0,1190797.6,52.07,0.55
BER: END_SEQ #24 [LOCK] seq_err=0 BER_seq=0.0000e+00 | lock=24 slip=0 BER_cond=0.0000e+00 BER_cum=0.0000e+00
CSV,710010,71000,24,24,0,12264,0,0.000000e+00,0.000000e+00,174491107328.0,177930878976.0,1663329.9,50.29,0.08
BER: SYNC #25 (gated)
CSV,715010,71500,25,24,0,12327,0,0.000000e+00,0.000000e+00,174220328960.0,172884770816.0,1252784.4,51.43,0.03
CSV,720010,72000,25,24,0,12427,0,0.000000e+00,0.000000e+00,229598593024.0,128284549120.0,1041905.4,53.43,2.53
CSV,725010,72500,25,24,0,12527,0,0.000000e+00,0.000000e+00,193464270848.0,168463581184.0,1097132.5,52.46,0.60
CSV,730010,73000,25,24,0,12627,0,0.000000e+00,0.000000e+00,177008590848.0,180255539200.0,1187692.6,51.81,0.08
CSV,735010,73500,25,24,0,12727,0,0.000000e+00,0.000000e+00,183978393600.0,165597741056.0,1175459.4,51.95,0.46
BER: END_SEQ #25 [LOCK] seq_err=0 BER_seq=0.0000e+00 | lock=25 slip=0 BER_cond=0.0000e+00 BER_cum=0.0000e+00
CSV,740010,74000,25,25,0,12775,0,0.000000e+00,0.000000e+00,166255968256.0,177493901312.0,1691490.2,50.21,0.28
BER: SYNC #26 (gated)
CSV,745010,74500,26,25,0,12850,0,0.000000e+00,0.000000e+00,181768388608.0,177710776320.0,1286759.4,51.50,0.10
CSV,750010,75000,26,25,0,12950,0,0.000000e+00,0.000000e+00,228785258496.0,136302141440.0,1152827.1,52.98,2.25
CSV,755010,75500,26,25,0,13049,0,0.000000e+00,0.000000e+00,192365395968.0,159245271040.0,1047946.6,52.64,0.82
CSV,760010,76000,26,25,0,13149,0,0.000000e+00,0.000000e+00,160774144000.0,187020591104.0,1117392.2,52.24,0.66
CSV,765010,76500,26,25,0,13249,0,0.000000e+00,0.000000e+00,200370831360.0,160336658432.0,1063844.8,52.75,0.97
BER: END_SEQ #26 [LOCK] seq_err=0 BER_seq=0.0000e+00 | lock=26 slip=0 BER_cond=0.0000e+00 BER_cum=0.0000e+00
CSV,770010,77000,26,26,0,13286,0,0.000000e+00,0.000000e+00,172316033024.0,181387821056.0,1782548.5,50.08,0.22
BER: SYNC #27 (gated)
CSV,775010,77500,27,26,0,13372,0,0.000000e+00,0.000000e+00,181465464832.0,170408542208.0,1058386.4,52.34,0.27
CSV,780010,78000,27,26,0,13472,0,0.000000e+00,0.000000e+00,219138015232.0,137148440576.0,1093618.9,53.02,2.04
CSV,785010,78500,27,26,0,13572,0,0.000000e+00,0.000000e+00,190017830912.0,167966359552.0,1102892.4,52.36,0.54
CSV,790010,79000,27,26,0,13672,0,0.000000e+00,0.000000e+00,184580259840.0,176116760576.0,1102629.1,52.24,0.20
CSV,795010,79500,27,26,0,13772,0,0.000000e+00,0.000000e+00,180473430016.0,169096921088.0,1033711.6,52.42,0.28
BER: END_SEQ #27 [LOCK] seq_err=0 BER_seq=0.0000e+00 | lock=27 slip=0 BER_cond=0.0000e+00 BER_cum=0.0000e+00
CSV,800010,80000,27,27,0,13797,0,0.000000e+00,0.000000e+00,160052985856.0,179324649472.0,1857132.1,49.85,0.49
BER: SYNC #28 (gated)
CSV,805010,80500,28,27,0,13895,0,0.000000e+00,0.000000e+00,190924144640.0,167472234496.0,1020796.1,52.72,0.57
CSV,810010,81000,28,27,0,13995,0,0.000000e+00,0.000000e+00,233624502272.0,133723275264.0,1075894.4,53.37,2.42
CSV,815010,81500,28,27,0,14095,0,0.000000e+00,0.000000e+00,182477488128.0,169148907520.0,1017006.8,52.54,0.33
CSV,820010,82000,28,27,0,14195,0,0.000000e+00,0.000000e+00,174353301504.0,172959350784.0,1076093.9,52.10,0.03
CSV,825010,82500,28,27,0,14295,0,0.000000e+00,0.000000e+00,181296381952.0,175695036416.0,863278.5,53.22,0.14
BER: END_SEQ #28 [LOCK] seq_err=0 BER_seq=0.0000e+00 | lock=28 slip=0 BER_cond=0.0000e+00 BER_cum=0.0000e+00
BER: SYNC #29 (gated)
CSV,830010,83000,29,28,0,14318,0,0.000000e+00,0.000000e+00,177716084736.0,182568534016.0,1834723.0,49.98,0.12
CSV,835010,83500,29,28,0,14418,0,0.000000e+00,0.000000e+00,185940492288.0,166008995840.0,1086255.4,52.33,0.49
CSV,840010,84000,29,28,0,14518,0,0.000000e+00,0.000000e+00,215955816448.0,138998448128.0,1106241.2,52.91,1.91
CSV,845010,84500,29,28,0,14618,0,0.000000e+00,0.000000e+00,195060334592.0,162398191616.0,1215609.1,52.05,0.80
CSV,850010,85000,29,28,0,14718,0,0.000000e+00,0.000000e+00,175564914688.0,185569181696.0,1179726.5,51.97,0.24
CSV,855010,85500,29,28,0,14818,0,0.000000e+00,0.000000e+00,179433259008.0,175210397696.0,1018135.9,52.46,0.10
BER: END_SEQ #29 [LOCK] seq_err=0 BER_seq=0.0000e+00 | lock=29 slip=0 BER_cond=0.0000e+00 BER_cum=0.0000e+00
BER: SYNC #30 (gated)
CSV,860010,86000,30,29,0,14840,0,0.000000e+00,0.000000e+00,167137312768.0,171240947712.0,1830250.1,49.71,0.11
CSV,865010,86500,30,29,0,14940,0,0.000000e+00,0.000000e+00,202024484864.0,155333836800.0,1163741.1,52.40,1.14
CSV,870010,87000,30,29,0,15040,0,0.000000e+00,0.000000e+00,220066250752.0,147764510720.0,1019938.1,53.34,1.73
CSV,875010,87500,30,29,0,15140,0,0.000000e+00,0.000000e+00,185230262272.0,168431337472.0,1043595.9,52.49,0.41
CSV,880010,88000,30,29,0,15240,0,0.000000e+00,0.000000e+00,179924615168.0,169454960640.0,1044109.1,52.36,0.26
BER: END_SEQ #30 [LOCK] seq_err=0 BER_seq=0.0000e+00 | lock=30 slip=0 BER_cond=0.0000e+00 BER_cum=0.0000e+00
CSV,885010,88500,30,30,0,15330,0,0.000000e+00,0.000000e+00,170821287936.0,182639525888.0,1317651.5,51.42,0.29
BER: SYNC #31 (gated)
CSV,890010,89000,31,30,0,15363,0,0.000000e+00,0.000000e+00,187005222912.0,175367454720.0,1703672.9,50.40,0.28
CSV,895010,89500,31,30,0,15463,0,0.000000e+00,0.000000e+00,214873899008.0,144554393600.0,1038187.6,53.16,1.72
CSV,900010,90000,31,30,0,15563,0,0.000000e+00,0.000000e+00,183662673920.0,166270812160.0,1135789.0,52.09,0.43
CSV,905010,90500,31,30,0,15663,0,0.000000e+00,0.000000e+00,185015828480.0,169838673920.0,1132855.2,52.13,0.37
CSV,910010,91000,31,30,0,15763,0,0.000000e+00,0.000000e+00,196129292288.0,169364602880.0,1164214.2,52.27,0.64
BER: END_SEQ #31 [LOCK] seq_err=0 BER_seq=0.0000e+00 | lock=31 slip=0 BER_cond=0.0000e+00 BER_cum=0.0000e+00
CSV,915010,91500,31,31,0,15841,0,0.000000e+00,0.000000e+00,172256493568.0,180383760384.0,1336582.0,51.30,0.20
BER: SYNC #32 (gated)
CSV,920010,92000,32,31,0,15886,0,0.000000e+00,0.000000e+00,180448854016.0,165201641472.0,1638295.8,50.42,0.38
CSV,925010,92500,32,31,0,15986,0,0.000000e+00,0.000000e+00,219216560128.0,139690967040.0,1066820.8,53.13,1.96
CSV,930010,93000,32,31,0,16086,0,0.000000e+00,0.000000e+00,186518011904.0,176139796480.0,1112916.5,52.24,0.25
CSV,935010,93500,32,31,0,16186,0,0.000000e+00,0.000000e+00,187664105472.0,168711651328.0,1046510.1,52.54,0.46
CSV,940010,94000,32,31,0,16286,0,0.000000e+00,0.000000e+00,175056977920.0,170748952576.0,1057425.8,52.19,0.11
BER: END_SEQ #32 [LOCK] seq_err=0 BER_seq=0.0000e+00 | lock=32 slip=0 BER_cond=0.0000e+00 BER_cum=0.0000e+00
CSV,945010,94500,32,32,0,16352,0,0.000000e+00,0.000000e+00,176379084800.0,171394498560.0,1269321.6,51.43,0.12
BER: SYNC #33 (gated)
CSV,950010,95000,33,32,0,16409,0,0.000000e+00,0.000000e+00,185777897472.0,173793230848.0,1422212.9,51.16,0.29
CSV,955010,95500,33,32,0,16509,0,0.000000e+00,0.000000e+00,223962857472.0,138730553344.0,1152437.5,52.89,2.08
CSV,960010,96000,33,32,0,16608,0,0.000000e+00,0.000000e+00,187606843392.0,162911223808.0,1094900.6,52.34,0.61
CSV,965010,96500,33,32,0,16708,0,0.000000e+00,0.000000e+00,169391357952.0,181411708928.0,1061153.6,52.33,0.30
CSV,970010,97000,33,32,0,16808,0,0.000000e+00,0.000000e+00,202689806336.0,161445691392.0,1008631.0,53.03,0.99
BER: END_SEQ #33 [LOCK] seq_err=0 BER_seq=0.0000e+00 | lock=33 slip=0 BER_cond=0.0000e+00 BER_cum=0.0000e+00
CSV,975010,97500,33,33,0,16863,0,0.000000e+00,0.000000e+00,167101595648.0,183348330496.0,1579022.5,50.65,0.40
BER: SYNC #34 (gated)
CSV,980010,98000,34,33,0,16931,0,0.000000e+00,0.000000e+00,171908202496.0,175406268416.0,1273260.6,51.39,0.09
CSV,985010,98500,34,33,0,17031,0,0.000000e+00,0.000000e+00,228232413184.0,127893569536.0,980826.4,53.67,2.52
CSV,990010,99000,34,33,0,17131,0,0.000000e+00,0.000000e+00,195927605248.0,164587798528.0,1052105.0,52.70,0.76
CSV,995010,99500,34,33,0,17231,0,0.000000e+00,0.000000e+00,174030700544.0,180432175104.0,1074434.4,52.25,0.16
CSV,1000010,100000,34,33,0,17331,0,0.000000e+00,0.000000e+00,191631409152.0,158203772928.0,935633.4,53.11,0.83
BER: END_SEQ #34 [LOCK] seq_err=0 BER_seq=0.0000e+00 | lock=34 slip=0 BER_cond=0.0000e+00 BER_cum=0.0000e+00
CSV,1005010,100500,34,34,0,17374,0,0.000000e+00,0.000000e+00,161061011456.0,179399540736.0,1649845.6,50.36,0.47
BER: SYNC #35 (gated)
CSV,1010010,101000,35,34,0,17454,0,0.000000e+00,0.000000e+00,179741884416.0,178999459840.0,1179736.2,51.83,0.02
CSV,1015010,101500,35,34,0,17554,0,0.000000e+00,0.000000e+00,223494930432.0,140994609152.0,1030223.4,53.36,2.00
CSV,1020010,102000,35,34,0,17654,0,0.000000e+00,0.000000e+00,201026174976.0,150487285760.0,1245073.2,52.08,1.26
CSV,1025010,102500,35,34,0,17754,0,0.000000e+00,0.000000e+00,159497895936.0,187566686208.0,1108907.1,52.28,0.70
CSV,1030010,103000,35,34,0,17854,0,0.000000e+00,0.000000e+00,194323070976.0,166236815360.0,1076835.2,52.56,0.68
BER: END_SEQ #35 [LOCK] seq_err=0 BER_seq=0.0000e+00 | lock=35 slip=0 BER_cond=0.0000e+00 BER_cum=0.0000e+00
CSV,1035010,103500,35,35,0,17885,0,0.000000e+00,0.000000e+00,167311163392.0,185760137216.0,1715598.1,50.35,0.45
BER: SYNC #36 (gated)
CSV,1040010,104000,36,35,0,17977,0,0.000000e+00,0.000000e+00,192769671168.0,160197115904.0,1119841.8,52.36,0.80
CSV,1045010,104500,36,35,0,18077,0,0.000000e+00,0.000000e+00,220434595840.0,134660661248.0,1111543.6,52.97,2.14
CSV,1050010,105000,36,35,0,18177,0,0.000000e+00,0.000000e+00,188555608064.0,169560129536.0,1059714.9,52.50,0.46
CSV,1055010,105500,36,35,0,18277,0,0.000000e+00,0.000000e+00,185923895296.0,173833682944.0,1048751.8,52.49,0.29
CSV,1060010,106000,36,35,0,18376,0,0.000000e+00,0.000000e+00,181152661504.0,169869950976.0,1177426.5,51.87,0.28
BER: END_SEQ #36 [LOCK] seq_err=0 BER_seq=0.0000e+00 | lock=36 slip=0 BER_cond=0.0000e+00 BER_cum=0.0000e+00
BER: SYNC #37 (gated)
CSV,1065010,106500,37,36,0,18399,0,0.000000e+00,0.000000e+00,163416408064.0,175721496576.0,1848590.2,49.78,0.32
CSV,1070010,107000,37,36,0,18499,0,0.000000e+00,0.000000e+00,181186740224.0,175344697344.0,1031913.7,52.44,0.14
CSV,1075010,107500,37,36,0,18599,0,0.000000e+00,0.000000e+00,236598476800.0,130700288000.0,1032650.2,53.60,2.58
CSV,1080010,108000,37,36,0,18699,0,0.000000e+00,0.000000e+00,181292105728.0,170258857984.0,1088806.5,52.21,0.27
CSV,1085010,108500,37,36,0,18799,0,0.000000e+00,0.000000e+00,175579054080.0,171894030336.0,1190150.5,51.69,0.09
CSV,1090010,109000,37,36,0,18899,0,0.000000e+00,0.000000e+00,186479853568.0,171247501312.0,1114065.6,52.24,0.37
BER: END_SEQ #37 [LOCK] seq_err=0 BER_seq=0.0000e+00 | lock=37 slip=0 BER_cond=0.0000e+00 BER_cum=0.0000e+00
BER: SYNC #38 (gated)
CSV,1095010,109500,38,37,0,18922,0,0.000000e+00,0.000000e+00,165516181504.0,193630257152.0,1815533.9,50.28,0.68
CSV,1100010,110000,38,37,0,19022,0,0.000000e+00,0.000000e+00,197478449152.0,156813983744.0,1201585.5,52.16,1.00
CSV,1105010,110500,38,37,0,19122,0,0.000000e+00,0.000000e+00,214270820352.0,140872155136.0,1071668.1,53.01,1.82
CSV,1110010,111000,38,37,0,19222,0,0.000000e+00,0.000000e+00,194329542656.0,165637898240.0,1115478.9,52.41,0.69
CSV,1115010,111500,38,37,0,19322,0,0.000000e+00,0.000000e+00,184326356992.0,180708114432.0,1063998.1,52.39,0.09
BER: END_SEQ #38 [LOCK] seq_err=0 BER_seq=0.0000e+00 | lock=38 slip=0 BER_cond=0.0000e+00 BER_cum=0.0000e+00
CSV,1120010,112000,38,38,0,19418,0,0.000000e+00,0.000000e+00,171373772800.0,182065659904.0,950757.8,52.82,0.26
BER: SYNC #39 (gated)
CSV,1125010,112500,39,38,0,19445,0,0.000000e+00,0.000000e+00,167983808512.0,173119717376.0,1828299.9,49.76,0.13
CSV,1130010,113000,39,38,0,19545,0,0.000000e+00,0.000000e+00,215860248576.0,145476927488.0,1065498.8,53.07,1.71
CSV,1135010,113500,39,38,0,19645,0,0.000000e+00,0.000000e+00,207581265920.0,160137723904.0,1236203.6,52.25,1.13
CSV,1140010,114000,39,38,0,19745,0,0.000000e+00,0.000000e+00,184175788032.0,172564512768.0,968026.9,52.79,0.28
CSV,1145010,114500,39,38,0,19845,0,0.000000e+00,0.000000e+00,180847820800.0,170047062016.0,1137413.2,52.01,0.27
BER: END_SEQ #39 [LOCK] seq_err=0 BER_seq=0.0000e+00 | lock=39 slip=0 BER_cond=0.0000e+00 BER_cum=0.0000e+00
CSV,1150010,115000,39,39,0,19929,0,0.000000e+00,0.000000e+00,175743188992.0,180351500288.0,1184815.2,51.82,0.11
BER: SYNC #40 (gated)
CSV,1155010,115500,40,39,0,19968,0,0.000000e+00,0.000000e+00,191631425536.0,171633541120.0,1649694.1,50.65,0.48
CSV,1160010,116000,40,39,0,20068,0,0.000000e+00,0.000000e+00,215239327744.0,143903031296.0,1048820.0,53.12,1.75
CSV,1165010,116500,40,39,0,20167,0,0.000000e+00,0.000000e+00,180450066432.0,170005135360.0,1073417.8,52.26,0.26
CSV,1170010,117000,40,39,0,20267,0,0.000000e+00,0.000000e+00,195142828032.0,163473244160.0,1009541.4,52.86,0.77
CSV,1175010,117500,40,39,0,20367,0,0.000000e+00,0.000000e+00,184632033280.0,180319092736.0,1089835.4,52.29,0.10
BER: END_SEQ #40 [LOCK] seq_err=0 BER_seq=0.0000e+00 | lock=40 slip=0 BER_cond=0.0000e+00 BER_cum=0.0000e+00
CSV,1180010,118000,40,40,0,20440,0,0.000000e+00,0.000000e+00,175597617152.0,178519457792.0,1299494.6,51.38,0.07
BER: SYNC #41 (gated)
CSV,1185010,118500,41,40,0,20490,0,0.000000e+00,0.000000e+00,178440994816.0,168152809472.0,1563550.4,50.57,0.26
CSV,1190010,119000,41,40,0,20590,0,0.000000e+00,0.000000e+00,222194860032.0,139617157120.0,1027569.9,53.35,2.02
CSV,1195010,119500,41,40,0,20690,0,0.000000e+00,0.000000e+00,185925681152.0,178193612800.0,1217894.6,51.84,0.18
CSV,1200010,120000,41,40,0,20790,0,0.000000e+00,0.000000e+00,188375597056.0,169592979456.0,1146532.2,52.16,0.46
CSV,1205010,120500,41,40,0,20890,0,0.000000e+00,0.000000e+00,182216966144.0,167919403008.0,1243624.1,51.66,0.35
BER: END_SEQ #41 [LOCK] seq_err=0 BER_seq=0.0000e+00 | lock=41 slip=0 BER_cond=0.0000e+00 BER_cum=0.0000e+00
CSV,1210010,121000,41,41,0,20951,0,0.000000e+00,0.000000e+00,175505489920.0,176143810560.0,1453146.5,50.84,0.02
BER: SYNC #42 (gated)
CSV,1215010,121500,42,41,0,21013,0,0.000000e+00,0.000000e+00,184016322560.0,179551027200.0,1408864.8,51.16,0.11
CSV,1220010,122000,42,41,0,21113,0,0.000000e+00,0.000000e+00,230600540160.0,135040229376.0,1103689.0,53.20,2.32
CSV,1225010,122500,42,41,0,21213,0,0.000000e+00,0.000000e+00,189201612800.0,164168007680.0,1058282.9,52.52,0.62
CSV,1230010,123000,42,41,0,21313,0,0.000000e+00,0.000000e+00,174530412544.0,179483672576.0,1068468.4,52.25,0.12
CSV,1235010,123500,42,41,0,21413,0,0.000000e+00,0.000000e+00,195398795264.0,170374955008.0,1231995.4,52.00,0.60
BER: END_SEQ #42 [LOCK] seq_err=0 BER_seq=0.0000e+00 | lock=42 slip=0 BER_cond=0.0000e+00 BER_cum=0.0000e+00
CSV,1240010,124000,42,42,0,21462,0,0.000000e+00,0.000000e+00,170792960000.0,182461497344.0,1672490.6,50.38,0.29
BER: SYNC #43 (gated)
CSV,1245010,124500,43,42,0,21536,0,0.000000e+00,0.000000e+00,174418067456.0,177953095680.0,1123739.6,52.00,0.09
CSV,1250010,125000,43,42,0,21636,0,0.000000e+00,0.000000e+00,226424881152.0,134314491904.0,1057965.1,53.30,2.27
CSV,1255010,125500,43,42,0,21736,0,0.000000e+00,0.000000e+00,203837194240.0,162473394176.0,1089663.2,52.72,0.99
CSV,1260010,126000,43,42,0,21836,0,0.000000e+00,0.000000e+00,166201245696.0,191959793664.0,1132476.2,52.29,0.63
CSV,1265010,126500,43,42,0,21935,0,0.000000e+00,0.000000e+00,193651097600.0,160510181376.0,1189747.4,52.12,0.82
BER: END_SEQ #43 [LOCK] seq_err=0 BER_seq=0.0000e+00 | lock=43 slip=0 BER_cond=0.0000e+00 BER_cum=0.0000e+00
CSV,1270010,127000,43,43,0,21973,0,0.000000e+00,0.000000e+00,169470853120.0,175733342208.0,1813743.6,49.86,0.16
BER: SYNC #44 (gated)
CSV,1275010,127500,44,43,0,22058,0,0.000000e+00,0.000000e+00,188042313728.0,176894312448.0,1268809.9,51.71,0.27
CSV,1280010,128000,44,43,0,22158,0,0.000000e+00,0.000000e+00,222545870848.0,144619585536.0,1108695.1,53.03,1.87
CSV,1285010,128500,44,43,0,22258,0,0.000000e+00,0.000000e+00,190808522752.0,163775512576.0,1146915.8,52.21,0.66
CSV,1290010,129000,44,43,0,22358,0,0.000000e+00,0.000000e+00,176569401344.0,175739060224.0,1160472.5,51.82,0.02
CSV,1295010,129500,44,43,0,22458,0,0.000000e+00,0.000000e+00,188559507456.0,175231188992.0,1079406.6,52.42,0.32
BER: END_SEQ #44 [LOCK] seq_err=0 BER_seq=0.0000e+00 | lock=44 slip=0 BER_cond=0.0000e+00 BER_cum=0.0000e+00
CSV,1300010,130000,44,44,0,22484,0,0.000000e+00,0.000000e+00,169235365888.0,188428632064.0,1733538.5,50.36,0.47
BER: SYNC #45 (gated)
CSV,1305010,130500,45,44,0,22581,0,0.000000e+00,0.000000e+00,188984164352.0,166894993408.0,1053862.8,52.54,0.54
CSV,1310010,131000,45,44,0,22681,0,0.000000e+00,0.000000e+00,230146621440.0,130270232576.0,1175529.8,52.92,2.47
CSV,1315010,131500,45,44,0,22781,0,0.000000e+00,0.000000e+00,186877034496.0,176430579712.0,1063946.0,52.45,0.25
CSV,1320010,132000,45,44,0,22881,0,0.000000e+00,0.000000e+00,186296844288.0,178027495424.0,1149811.0,52.10,0.20
CSV,1325010,132500,45,44,0,22981,0,0.000000e+00,0.000000e+00,179850231808.0,176318742528.0,1032223.1,52.41,0.09
BER: END_SEQ #45 [LOCK] seq_err=0 BER_seq=0.0000e+00 | lock=45 slip=0 BER_cond=0.0000e+00 BER_cum=0.0000e+00
BER: SYNC #46 (gated)
CSV,1330010,133000,46,45,0,23004,0,0.000000e+00,0.000000e+00,167107788800.0,177689034752.0,1898583.8,49.71,0.27
CSV,1335010,133500,46,45,0,23104,0,0.000000e+00,0.000000e+00,190954045440.0,173366607872.0,981143.3,52.89,0.42
CSV,1340010,134000,46,45,0,23204,0,0.000000e+00,0.000000e+00,228448747520.0,143708127232.0,1103823.1,53.16,2.01
CSV,1345010,134500,46,45,0,23304,0,0.000000e+00,0.000000e+00,191458541568.0,165649252352.0,1028349.0,52.70,0.63
CSV,1350010,135000,46,45,0,23404,0,0.000000e+00,0.000000e+00,173042597888.0,178236620800.0,1104822.6,52.08,0.13
CSV,1355010,135500,46,45,0,23504,0,0.000000e+00,0.000000e+00,182399500288.0,179686195200.0,820779.0,53.47,0.07
BER: END_SEQ #46 [LOCK] seq_err=0 BER_seq=0.0000e+00 | lock=46 slip=0 BER_cond=0.0000e+00 BER_cum=0.0000e+00
BER: SYNC #47 (gated)
CSV,1360010,136000,47,46,0,23527,0,0.000000e+00,0.000000e+00,180386267136.0,183311253504.0,1915909.8,49.81,0.07
CSV,1365010,136500,47,46,0,23627,0,0.000000e+00,0.000000e+00,199083409408.0,158681481216.0,1123572.9,52.48,0.99
CSV,1370010,137000,47,46,0,23726,0,0.000000e+00,0.000000e+00,217359958016.0,141303414784.0,1148842.6,52.77,1.87
CSV,1375010,137500,47,46,0,23826,0,0.000000e+00,0.000000e+00,185127698432.0,174661533696.0,1198998.4,51.89,0.25
CSV,1380010,138000,47,46,0,23926,0,0.000000e+00,0.000000e+00,189357883392.0,178056134656.0,1180911.4,52.05,0.27
BER: END_SEQ #47 [LOCK] seq_err=0 BER_seq=0.0000e+00 | lock=47 slip=0 BER_cond=0.0000e+00 BER_cum=0.0000e+00
CSV,1385010,138500,47,47,0,24017,0,0.000000e+00,0.000000e+00,172930301952.0,182520987648.0,1243844.9,51.67,0.23
BER: SYNC #48 (gated)
CSV,1390010,139000,48,47,0,24049,0,0.000000e+00,0.000000e+00,176232382464.0,168852439040.0,1710213.8,50.13,0.19
CSV,1395010,139500,48,47,0,24149,0,0.000000e+00,0.000000e+00,216641454080.0,146439028736.0,1081611.8,53.02,1.70
CSV,1400010,140000,48,47,0,24249,0,0.000000e+00,0.000000e+00,193117880320.0,174228357120.0,1093020.5,52.47,0.45
CSV,1405010,140500,48,47,0,24349,0,0.000000e+00,0.000000e+00,188015394816.0,170615259136.0,1055540.9,52.51,0.42
CSV,1410010,141000,48,47,0,24449,0,0.000000e+00,0.000000e+00,191177768960.0,161966407680.0,1132735.9,52.27,0.72
BER: END_SEQ #48 [LOCK] seq_err=0 BER_seq=0.0000e+00 | lock=48 slip=0 BER_cond=0.0000e+00 BER_cum=0.0000e+00
CSV,1415010,141500,48,48,0,24528,0,0.000000e+00,0.000000e+00,172475760640.0,183199334400.0,1411829.8,51.13,0.26
BER: SYNC #49 (gated)
CSV,1420010,142000,49,48,0,24572,0,0.000000e+00,0.000000e+00,192340705280.0,173408206848.0,1570681.4,50.88,0.45
CSV,1425010,142500,49,48,0,24672,0,0.000000e+00,0.000000e+00,220717694976.0,142389297152.0,1024342.1,53.33,1.90
CSV,1430010,143000,49,48,0,24772,0,0.000000e+00,0.000000e+00,177994170368.0,172475924480.0,1139187.8,51.94,0.14
CSV,1435010,143500,49,48,0,24872,0,0.000000e+00,0.000000e+00,191913508864.0,168119025664.0,1088096.0,52.46,0.57
CSV,1440010,144000,49,48,0,24972,0,0.000000e+00,0.000000e+00,182250995712.0,184301879296.0,1255122.2,51.67,0.05
BER: END_SEQ #49 [LOCK] seq_err=0 BER_seq=0.0000e+00 | lock=49 slip=0 BER_cond=0.0000e+00 BER_cum=0.0000e+00
CSV,1445010,144500,49,49,0,25039,0,0.000000e+00,0.000000e+00,182083289088.0,173307822080.0,1469651.2,50.93,0.21
BER: SYNC #50 (gated)
CSV,1450010,145000,50,49,0,25095,0,0.000000e+00,0.000000e+00,179798409216.0,169220849664.0,1626645.0,50.43,0.26
CSV,1455010,145500,50,49,0,25195,0,0.000000e+00,0.000000e+00,224041320448.0,138524459008.0,1108043.9,53.06,2.09
CSV,1460010,146000,50,49,0,25295,0,0.000000e+00,0.000000e+00,192972455936.0,174188593152.0,1120662.9,52.36,0.44
CSV,1465010,146500,50,49,0,25395,0,0.000000e+00,0.000000e+00,172889243648.0,184733220864.0,1118701.8,52.18,0.29
CSV,1470010,147000,50,49,0,25494,0,0.000000e+00,0.000000e+00,196394598400.0,157369483264.0,1105151.0,52.50,0.96
BER: END_SEQ #50 [LOCK] seq_err=0 BER_seq=0.0000e+00 | lock=50 slip=0 BER_cond=0.0000e+00 BER_cum=0.0000e+00
CSV,1475010,147500,50,50,0,25550,0,0.000000e+00,0.000000e+00,169296199680.0,181862236160.0,1509639.8,50.81,0.31
BER: SYNC #51 (gated)
CSV,1480010,148000,51,50,0,25617,0,0.000000e+00,0.000000e+00,181083209728.0,183303028736.0,1292612.5,51.52,0.05
CSV,1485010,148500,51,50,0,25717,0,0.000000e+00,0.000000e+00,233294200832.0,132406214656.0,1049643.8,53.47,2.46
CSV,1490010,149000,51,50,0,25817,0,0.000000e+00,0.000000e+00,189786488832.0,164379918336.0,1159439.6,52.14,0.62
CSV,1495010,149500,51,50,0,25917,0,0.000000e+00,0.000000e+00,173629669376.0,180456046592.0,1072362.1,52.26,0.17
CSV,1500010,150000,51,50,0,26017,0,0.000000e+00,0.000000e+00,200801796096.0,167402127360.0,1141641.5,52.45,0.79
BER: END_SEQ #51 [LOCK] seq_err=0 BER_seq=0.0000e+00 | lock=51 slip=0 BER_cond=0.0000e+00 BER_cum=0.0000e+00
CSV,1505010,150500,51,51,0,26061,0,0.000000e+00,0.000000e+00,166801539072.0,186423410688.0,1676728.4,50.46,0.48

=========================================
=== END OF TEST (duration=25 min) ===
=========================================
FINAL: syncs=51 lock=51 slip=0 slip_rate=0.0000
FINAL: bits_cum=26061 err_cum=0 BER_cum=0.0000e+00
FINAL: bits_lock=26061 err_lock=0 BER_cond=0.0000e+00
=========================================
=== STOP LOGGING NOW ===
=========================================
